# table produced by DamageProfiler
# using mapped file PaA002.BuffaloCape_Human_nc.Target.rmdup.noMicro.bam
# Sample ID: PaA002.BuffaloCape_Human_nc.Target.rmdup.noMicro.bam
Pos	C>T	G>A	A>C	A>G	A>T	C>A	C>G	G>C	G>T	T>A	T>C	T>G	->ACGT	ACGT>-
0	0.045455	0.050000	0.008475	0.025424	0.042373	0.045455	0.000000	0.012500	0.037500	0.012500	0.012500	0.037500	0.000000	0.000000
1	0.050633	0.053333	0.021277	0.021277	0.053191	0.012658	0.037975	0.000000	0.026667	0.021053	0.021053	0.031579	0.000000	0.000000
2	0.026316	0.047059	0.021978	0.021978	0.010989	0.013158	0.013158	0.023529	0.023529	0.010989	0.000000	0.000000	0.002915	0.000000
3	0.025974	0.013158	0.009346	0.028037	0.000000	0.025974	0.012987	0.000000	0.026316	0.023810	0.023810	0.035714	0.000000	0.000000
4	0.042857	0.000000	0.000000	0.036697	0.000000	0.000000	0.057143	0.038462	0.000000	0.013333	0.013333	0.026667	0.012048	0.000000
5	0.013699	0.028169	0.010417	0.020833	0.031250	0.041096	0.013699	0.014085	0.000000	0.040816	0.040816	0.010204	0.011834	0.000000
6	0.013514	0.031746	0.009346	0.028037	0.037383	0.013514	0.013514	0.031746	0.015873	0.010870	0.021739	0.010870	0.014881	0.000000
7	0.047619	0.024691	0.024390	0.036585	0.012195	0.031746	0.031746	0.000000	0.024691	0.000000	0.019231	0.048077	0.027273	0.000000
8	0.000000	0.043478	0.032967	0.032967	0.010989	0.011765	0.011765	0.014493	0.000000	0.011765	0.047059	0.011765	0.024242	0.000000
9	0.025316	0.012987	0.029412	0.039216	0.019608	0.012658	0.025316	0.000000	0.000000	0.012821	0.012821	0.012821	0.017857	0.000000
10	0.025000	0.076923	0.000000	0.021053	0.021053	0.012500	0.012500	0.000000	0.000000	0.010417	0.010417	0.031250	0.014881	0.000000
11	0.000000	0.012821	0.011628	0.011628	0.000000	0.012048	0.060241	0.012821	0.025641	0.011236	0.022472	0.022472	0.011905	0.000000
12	0.028986	0.040541	0.018519	0.027778	0.009259	0.000000	0.000000	0.000000	0.013514	0.000000	0.023810	0.023810	0.011940	0.000000
13	0.045977	0.041096	0.009615	0.067308	0.028846	0.034483	0.000000	0.027397	0.000000	0.013889	0.013889	0.013889	0.011905	0.000000
14	0.013158	0.015152	0.020000	0.020000	0.020000	0.026316	0.013158	0.000000	0.000000	0.010989	0.032967	0.032967	0.024024	0.000000
15	0.000000	0.013514	0.021739	0.010870	0.010870	0.037037	0.012346	0.013514	0.027027	0.011628	0.000000	0.011628	0.009009	0.000000
16	0.027027	0.013158	0.019802	0.029703	0.009901	0.000000	0.054054	0.000000	0.039474	0.011765	0.011765	0.058824	0.014881	0.000000
17	0.014085	0.027027	0.018519	0.009259	0.009259	0.014085	0.000000	0.027027	0.027027	0.024390	0.024390	0.012195	0.017910	0.000000
18	0.080000	0.036145	0.009524	0.047619	0.019048	0.026667	0.026667	0.024096	0.012048	0.027027	0.040541	0.040541	0.008902	0.000000
19	0.012500	0.014085	0.058252	0.048544	0.019417	0.012500	0.012500	0.014085	0.028169	0.045977	0.000000	0.000000	0.002933	0.000000
20	0.000000	0.050000	0.000000	0.022222	0.011111	0.000000	0.025641	0.012500	0.012500	0.011628	0.023256	0.046512	0.011976	0.000000
21	0.000000	0.025974	0.019802	0.009901	0.019802	0.041096	0.000000	0.012987	0.012987	0.024691	0.000000	0.012346	0.015060	0.000000
22	0.031250	0.014286	0.011494	0.011494	0.011494	0.031250	0.041667	0.014286	0.028571	0.012658	0.012658	0.012658	0.012048	0.000000
23	0.026667	0.016393	0.008929	0.017857	0.000000	0.026667	0.026667	0.016393	0.000000	0.000000	0.048780	0.000000	0.015152	0.000000
24	0.015873	0.027027	0.027273	0.018182	0.000000	0.015873	0.000000	0.013514	0.013514	0.044444	0.011111	0.000000	0.008902	0.000000
