# table produced by DamageProfiler
# using mapped file RxA007.ReedbuckBh_Human_nc.Target.rmdup.noMicro_BEST_012.bam
# Sample ID: RxA007.ReedbuckBh_Human_nc.Target.rmdup.noMicro_BEST_012.bam
Pos	C>T	G>A	A>C	A>G	A>T	C>A	C>G	G>C	G>T	T>A	T>C	T>G	->ACGT	ACGT>-
24	0.014665	0.015053	0.004042	0.015340	0.001969	0.004079	0.004079	0.004041	0.003889	0.002784	0.014176	0.004639	0.000642	0.000000
23	0.015915	0.014561	0.005033	0.015876	0.001660	0.003813	0.004017	0.004226	0.003106	0.001711	0.014675	0.003682	0.000578	0.000000
22	0.013470	0.014874	0.004207	0.014646	0.002129	0.002857	0.005204	0.003187	0.003896	0.002080	0.015287	0.004472	0.000719	0.000000
21	0.013982	0.014410	0.004331	0.015518	0.002011	0.003878	0.003623	0.003095	0.003146	0.002560	0.014261	0.004179	0.000719	0.000000
20	0.013490	0.013552	0.004178	0.016084	0.001984	0.003601	0.004311	0.003351	0.003351	0.002105	0.017523	0.004683	0.000552	0.000000
19	0.013179	0.014774	0.004551	0.015118	0.002145	0.003431	0.003183	0.004177	0.003464	0.001683	0.015830	0.004313	0.000668	0.000000
18	0.013474	0.014292	0.005057	0.016976	0.002012	0.003318	0.003419	0.003726	0.003471	0.002369	0.015318	0.004264	0.000732	0.000000
17	0.013871	0.015041	0.004860	0.015562	0.002120	0.004136	0.004086	0.004348	0.003632	0.001827	0.015507	0.004125	0.000681	0.000000
16	0.012872	0.015055	0.004429	0.015579	0.001719	0.003578	0.003926	0.004228	0.003712	0.002090	0.015831	0.004545	0.000719	0.000000
15	0.012733	0.015681	0.004621	0.014223	0.002619	0.004194	0.004094	0.003554	0.003345	0.002084	0.016148	0.004375	0.000887	0.000000
14	0.013741	0.013547	0.003964	0.015701	0.002523	0.004697	0.003598	0.003335	0.003022	0.002029	0.016803	0.004266	0.000796	0.000000
13	0.013025	0.017495	0.003268	0.015576	0.001941	0.004308	0.002956	0.003922	0.004541	0.001743	0.015736	0.004436	0.000694	0.000000
12	0.013386	0.015381	0.005177	0.017258	0.002538	0.003817	0.004123	0.004697	0.003355	0.002300	0.015525	0.005018	0.000706	0.000000
11	0.012775	0.017753	0.003949	0.013871	0.001873	0.003540	0.003745	0.003370	0.003470	0.002723	0.016821	0.003524	0.000694	0.000000
10	0.014315	0.017434	0.004164	0.013813	0.002184	0.003579	0.003629	0.003456	0.004126	0.002588	0.017956	0.004700	0.000758	0.000000
9	0.014857	0.019076	0.003679	0.013264	0.002227	0.004081	0.003244	0.004348	0.003859	0.002489	0.015033	0.004114	0.000629	0.000000
8	0.013265	0.018716	0.003290	0.014537	0.001964	0.004541	0.003878	0.004026	0.003450	0.002236	0.016290	0.003620	0.000488	0.000000
7	0.014149	0.017929	0.003947	0.017962	0.002125	0.004240	0.004444	0.003720	0.003100	0.002086	0.016322	0.004328	0.000527	0.000000
6	0.014666	0.021228	0.003868	0.014970	0.002311	0.003830	0.003477	0.003775	0.003884	0.002216	0.014053	0.004281	0.000475	0.000000
5	0.013460	0.020013	0.004124	0.013027	0.001921	0.004117	0.005278	0.004219	0.004543	0.002827	0.016909	0.004397	0.000449	0.000000
4	0.021026	0.021930	0.002882	0.012772	0.002040	0.006016	0.005256	0.003044	0.003818	0.002974	0.013929	0.003371	0.000270	0.000000
3	0.022487	0.018687	0.003758	0.015451	0.003805	0.005036	0.006553	0.003682	0.003682	0.003528	0.012918	0.004273	0.000193	0.000000
2	0.011669	0.017448	0.004783	0.014603	0.002544	0.004382	0.005662	0.004243	0.003385	0.003299	0.022915	0.006480	0.000013	0.000000
1	0.009619	0.030623	0.005487	0.013628	0.001934	0.004295	0.004295	0.005182	0.003731	0.006056	0.028928	0.009191	0.000013	0.000000
0	0.020553	0.036615	0.005249	0.020558	0.005467	0.003824	0.007110	0.003880	0.005189	0.003817	0.013066	0.005972	0.000000	0.000000
