# table produced by DamageProfiler
# using mapped file RxA007.ReedbuckBh_Human_nc.Target.rmdup.noMicro_BEST_012.bam
# Sample ID: RxA007.ReedbuckBh_Human_nc.Target.rmdup.noMicro_BEST_012.bam
Chr	End	Std	Pos	A	C	G	T	Total	G>A	C>T	A>G	T>C	A>C	A>T	C>G	C>A	T>G	T>A	G>C	G>T	A>-	T>-	C>-	G>-	->A	->T	->C	->G	S
	3p	+	1	9147.0	8281.0	10286.0	11123.0	38837.0	401.0	175.0	176.0	148.0	55.0	53.0	67.0	31.0	71.0	48.0	44.0	54.0	0.0	0.0	0.0	0.0	0.0	0.0	0.0	0.0	0.0
	3p	+	2	11209.0	11088.0	9626.0	6914.0	38837.0	300.0	113.0	146.0	183.0	54.0	19.0	43.0	47.0	62.0	46.0	46.0	31.0	0.0	0.0	0.0	0.0	0.0	0.0	0.0	0.0	0.0
	3p	+	3	9798.0	10086.0	10516.0	8436.0	38836.0	189.0	120.0	136.0	196.0	46.0	23.0	62.0	42.0	61.0	19.0	42.0	32.0	0.0	0.0	0.0	0.0	0.0	0.0	0.0	0.0	0.0
	3p	+	4	10786.0	7192.0	10901.0	9958.0	38837.0	192.0	160.0	180.0	125.0	37.0	44.0	44.0	34.0	51.0	28.0	35.0	38.0	0.0	0.0	0.0	0.0	1.0	0.0	0.0	0.0	0.0
	3p	+	5	11275.0	7817.0	9719.0	10021.0	38832.0	208.0	175.0	164.0	142.0	32.0	26.0	42.0	43.0	33.0	31.0	27.0	36.0	0.0	0.0	0.0	0.0	4.0	0.0	0.0	2.0	0.0
	3p	+	6	10694.0	9464.0	9270.0	9400.0	38828.0	179.0	124.0	135.0	171.0	46.0	21.0	57.0	45.0	38.0	24.0	41.0	44.0	0.0	0.0	0.0	0.0	1.0	0.0	5.0	2.0	0.0
	3p	+	7	9946.0	9882.0	9154.0	9844.0	38826.0	190.0	150.0	166.0	138.0	37.0	26.0	35.0	39.0	49.0	20.0	29.0	33.0	0.0	0.0	0.0	0.0	4.0	0.0	4.0	2.0	0.0
	3p	+	8	9900.0	9772.0	9670.0	9477.0	38819.0	172.0	144.0	187.0	132.0	43.0	22.0	47.0	47.0	51.0	22.0	34.0	25.0	0.0	0.0	0.0	0.0	2.0	0.0	11.0	2.0	0.0
	3p	+	9	10143.0	9816.0	9547.0	9310.0	38816.0	176.0	132.0	129.0	141.0	31.0	22.0	39.0	40.0	34.0	21.0	31.0	36.0	0.0	0.0	0.0	0.0	7.0	0.0	8.0	7.0	0.0
	3p	+	10	10379.0	9486.0	9122.0	9826.0	38813.0	163.0	131.0	139.0	147.0	38.0	19.0	26.0	37.0	38.0	23.0	43.0	34.0	0.0	0.0	0.0	0.0	3.0	0.0	11.0	8.0	0.0
	3p	+	11	9945.0	9890.0	9584.0	9394.0	38813.0	162.0	127.0	138.0	158.0	47.0	18.0	37.0	33.0	50.0	29.0	35.0	35.0	0.0	0.0	0.0	0.0	9.0	0.0	5.0	5.0	0.0
	3p	+	12	9813.0	9848.0	9941.0	9207.0	38809.0	177.0	135.0	126.0	150.0	32.0	26.0	30.0	38.0	36.0	19.0	32.0	33.0	0.0	0.0	0.0	0.0	9.0	0.0	3.0	7.0	0.0
	3p	+	13	9886.0	9771.0	9652.0	9488.0	38797.0	161.0	112.0	179.0	144.0	53.0	28.0	39.0	39.0	46.0	24.0	41.0	40.0	0.0	0.0	0.0	0.0	11.0	0.0	11.0	16.0	0.0
	3p	+	14	9867.0	9797.0	9730.0	9413.0	38807.0	179.0	146.0	159.0	149.0	39.0	22.0	31.0	49.0	43.0	16.0	34.0	41.0	0.0	0.0	0.0	0.0	10.0	0.0	11.0	5.0	0.0
	3p	+	15	9692.0	10003.0	9582.0	9528.0	38805.0	125.0	137.0	166.0	165.0	43.0	27.0	31.0	50.0	38.0	17.0	35.0	29.0	0.0	0.0	0.0	0.0	8.0	0.0	10.0	13.0	0.0
	3p	+	16	9738.0	9980.0	9576.0	9496.0	38790.0	163.0	128.0	140.0	152.0	41.0	24.0	48.0	36.0	42.0	22.0	39.0	33.0	0.0	0.0	0.0	0.0	14.0	0.0	15.0	6.0	0.0
	3p	+	17	9582.0	10148.0	9595.0	9475.0	38800.0	152.0	127.0	161.0	136.0	44.0	14.0	40.0	39.0	46.0	16.0	38.0	43.0	0.0	0.0	0.0	0.0	7.0	0.0	11.0	9.0	0.0
	3p	+	18	9685.0	9935.0	9731.0	9463.0	38814.0	145.0	137.0	149.0	131.0	53.0	18.0	44.0	42.0	45.0	15.0	39.0	42.0	0.0	0.0	0.0	0.0	10.0	0.0	2.0	11.0	0.0
	3p	+	19	9689.0	9876.0	9714.0	9526.0	38805.0	129.0	124.0	184.0	138.0	45.0	16.0	34.0	33.0	44.0	21.0	41.0	40.0	0.0	0.0	0.0	0.0	9.0	0.0	9.0	11.0	0.0
	3p	+	20	9542.0	10138.0	9716.0	9413.0	38809.0	144.0	121.0	146.0	150.0	45.0	17.0	29.0	31.0	38.0	18.0	42.0	30.0	0.0	0.0	0.0	0.0	12.0	0.0	7.0	7.0	0.0
	3p	+	21	9530.0	9845.0	10002.0	9441.0	38818.0	133.0	147.0	159.0	144.0	39.0	21.0	49.0	36.0	50.0	14.0	42.0	36.0	0.0	0.0	0.0	0.0	5.0	0.0	5.0	6.0	0.0
	3p	+	22	9698.0	9780.0	9849.0	9473.0	38800.0	140.0	126.0	157.0	151.0	45.0	17.0	38.0	36.0	32.0	22.0	31.0	33.0	0.0	0.0	0.0	0.0	10.0	0.0	12.0	5.0	0.0
	3p	+	23	9688.0	9792.0	9807.0	9518.0	38805.0	146.0	139.0	140.0	143.0	33.0	17.0	45.0	28.0	45.0	22.0	33.0	33.0	0.0	0.0	0.0	0.0	11.0	0.0	7.0	8.0	0.0
	3p	+	24	9599.0	9732.0	9860.0	9623.0	38814.0	144.0	146.0	152.0	130.0	49.0	14.0	36.0	29.0	40.0	18.0	45.0	21.0	0.0	0.0	0.0	0.0	7.0	0.0	8.0	6.0	0.0
	3p	+	25	9666.0	9722.0	9817.0	9597.0	38802.0	145.0	153.0	148.0	132.0	42.0	21.0	49.0	41.0	44.0	24.0	30.0	47.0	0.0	0.0	0.0	0.0	10.0	0.0	5.0	8.0	0.0
	3p	+	26	9666.0	9704.0	9665.0	9767.0	38802.0	131.0	177.0	151.0	156.0	38.0	16.0	26.0	32.0	33.0	22.0	37.0	39.0	0.0	0.0	0.0	0.0	12.0	0.0	9.0	12.0	0.0
	3p	+	27	9569.0	9760.0	9523.0	9943.0	38795.0	148.0	167.0	142.0	148.0	49.0	20.0	46.0	36.0	37.0	22.0	23.0	41.0	0.0	0.0	0.0	0.0	12.0	0.0	15.0	13.0	0.0
	3p	+	28	9606.0	9634.0	9610.0	9954.0	38804.0	145.0	145.0	148.0	146.0	37.0	24.0	30.0	38.0	41.0	22.0	53.0	35.0	0.0	0.0	0.0	0.0	13.0	0.0	9.0	8.0	0.0
	3p	+	29	9551.0	9772.0	9535.0	9951.0	38809.0	119.0	184.0	137.0	139.0	50.0	32.0	44.0	34.0	57.0	26.0	37.0	30.0	0.0	0.0	0.0	0.0	10.0	0.0	7.0	4.0	0.0
	3p	+	30	9646.0	9621.0	9580.0	9951.0	38798.0	128.0	168.0	141.0	156.0	34.0	19.0	44.0	40.0	41.0	23.0	36.0	37.0	0.0	0.0	0.0	0.0	16.0	0.0	7.0	5.0	0.0
	3p	+	31	9525.0	9271.0	9140.0	9759.0	37695.0	117.0	173.0	144.0	141.0	43.0	23.0	37.0	36.0	36.0	19.0	46.0	25.0	0.0	0.0	0.0	0.0	11.0	0.0	4.0	7.0	0.0
	3p	+	32	9309.0	9003.0	8816.0	9450.0	36578.0	130.0	164.0	126.0	151.0	42.0	27.0	41.0	38.0	39.0	21.0	31.0	44.0	0.0	0.0	0.0	0.0	10.0	0.0	2.0	7.0	0.0
	3p	+	33	9067.0	8698.0	8449.0	9165.0	35379.0	138.0	164.0	145.0	129.0	43.0	25.0	37.0	35.0	44.0	22.0	29.0	41.0	0.0	0.0	0.0	0.0	9.0	0.0	2.0	2.0	0.0
	3p	+	34	8638.0	8415.0	7987.0	8987.0	34027.0	133.0	157.0	148.0	128.0	35.0	14.0	37.0	31.0	36.0	18.0	36.0	31.0	0.0	0.0	0.0	0.0	11.0	0.0	3.0	6.0	0.0
	3p	+	35	8382.0	7913.0	7644.0	8725.0	32664.0	121.0	160.0	110.0	115.0	39.0	21.0	24.0	32.0	38.0	16.0	27.0	39.0	0.0	0.0	0.0	0.0	10.0	0.0	7.0	5.0	0.0
	3p	+	36	7919.0	7490.0	7342.0	8505.0	31256.0	103.0	133.0	126.0	114.0	40.0	24.0	29.0	31.0	36.0	17.0	31.0	42.0	0.0	0.0	0.0	0.0	9.0	0.0	1.0	6.0	0.0
	3p	+	37	7649.0	7162.0	6852.0	8080.0	29743.0	89.0	149.0	104.0	113.0	26.0	20.0	28.0	19.0	28.0	21.0	27.0	42.0	0.0	0.0	0.0	0.0	7.0	0.0	8.0	8.0	0.0
	3p	+	38	7286.0	6893.0	6483.0	7576.0	28238.0	113.0	137.0	106.0	96.0	49.0	23.0	25.0	27.0	35.0	20.0	23.0	22.0	0.0	0.0	0.0	0.0	8.0	0.0	8.0	5.0	0.0
	3p	+	39	6927.0	6468.0	6253.0	7193.0	26841.0	96.0	140.0	96.0	94.0	20.0	24.0	30.0	28.0	24.0	12.0	30.0	24.0	0.0	0.0	0.0	0.0	8.0	0.0	3.0	4.0	0.0
	3p	+	40	6601.0	5968.0	5808.0	7025.0	25402.0	99.0	117.0	93.0	97.0	24.0	27.0	21.0	35.0	29.0	18.0	30.0	15.0	0.0	0.0	0.0	0.0	11.0	0.0	4.0	5.0	0.0
	3p	+	41	6299.0	5634.0	5447.0	6594.0	23974.0	96.0	116.0	82.0	97.0	25.0	21.0	16.0	27.0	27.0	15.0	18.0	25.0	0.0	0.0	0.0	0.0	6.0	0.0	5.0	4.0	0.0
	3p	+	42	5948.0	5353.0	5089.0	6196.0	22586.0	69.0	111.0	86.0	81.0	23.0	20.0	21.0	16.0	22.0	13.0	18.0	20.0	0.0	0.0	0.0	0.0	6.0	0.0	6.0	1.0	0.0
	3p	+	43	5664.0	4887.0	4848.0	5876.0	21275.0	80.0	103.0	68.0	75.0	27.0	16.0	20.0	18.0	20.0	12.0	13.0	20.0	0.0	0.0	0.0	0.0	4.0	0.0	9.0	3.0	0.0
	3p	+	44	5388.0	4597.0	4465.0	5558.0	20008.0	75.0	105.0	72.0	62.0	21.0	7.0	22.0	23.0	21.0	11.0	19.0	17.0	0.0	0.0	0.0	0.0	7.0	0.0	3.0	2.0	0.0
	3p	+	45	5094.0	4358.0	4185.0	5151.0	18788.0	66.0	76.0	58.0	69.0	19.0	16.0	18.0	13.0	17.0	11.0	15.0	22.0	0.0	0.0	0.0	0.0	6.0	0.0	8.0	2.0	0.0
	3p	+	46	4741.0	4040.0	3921.0	4949.0	17651.0	61.0	84.0	69.0	67.0	17.0	18.0	19.0	12.0	18.0	13.0	12.0	14.0	0.0	0.0	0.0	0.0	5.0	0.0	3.0	2.0	0.0
	3p	+	47	4397.0	3793.0	3671.0	4724.0	16585.0	79.0	68.0	63.0	47.0	21.0	10.0	12.0	20.0	23.0	10.0	13.0	18.0	0.0	0.0	0.0	0.0	4.0	0.0	5.0	4.0	0.0
	3p	+	48	4087.0	3574.0	3335.0	4488.0	15484.0	69.0	74.0	54.0	49.0	18.0	15.0	12.0	9.0	17.0	11.0	14.0	18.0	0.0	0.0	0.0	0.0	4.0	0.0	3.0	0.0	0.0
	3p	+	49	3948.0	3252.0	3238.0	4100.0	14538.0	58.0	56.0	59.0	50.0	30.0	11.0	11.0	12.0	17.0	13.0	12.0	8.0	0.0	0.0	0.0	0.0	1.0	0.0	1.0	2.0	0.0
	3p	+	50	3539.0	3204.0	3097.0	3795.0	13635.0	48.0	49.0	51.0	46.0	13.0	7.0	14.0	12.0	13.0	14.0	20.0	20.0	0.0	0.0	0.0	0.0	0.0	0.0	0.0	0.0	0.0
	3p	+	51	3491.0	2911.0	2702.0	3651.0	12755.0	37.0	56.0	49.0	50.0	11.0	14.0	11.0	9.0	15.0	6.0	10.0	11.0	0.0	0.0	0.0	0.0	1.0	0.0	1.0	1.0	0.0
	3p	+	52	3223.0	2572.0	2643.0	3423.0	11861.0	42.0	48.0	37.0	41.0	20.0	9.0	14.0	16.0	23.0	9.0	9.0	11.0	0.0	0.0	0.0	0.0	5.0	0.0	2.0	1.0	0.0
	3p	+	53	2990.0	2454.0	2401.0	3195.0	11040.0	33.0	57.0	38.0	41.0	10.0	9.0	13.0	5.0	12.0	9.0	14.0	17.0	0.0	0.0	0.0	0.0	2.0	0.0	1.0	0.0	0.0
	3p	+	54	2744.0	2333.0	2174.0	3001.0	10252.0	22.0	50.0	33.0	42.0	11.0	4.0	13.0	11.0	18.0	9.0	16.0	9.0	0.0	0.0	0.0	0.0	1.0	0.0	5.0	2.0	0.0
	3p	+	55	2637.0	2134.0	2077.0	2712.0	9560.0	27.0	45.0	25.0	31.0	10.0	10.0	12.0	8.0	5.0	1.0	14.0	10.0	0.0	0.0	0.0	0.0	1.0	0.0	3.0	2.0	0.0
	3p	+	56	2391.0	2022.0	1950.0	2571.0	8934.0	35.0	36.0	26.0	22.0	12.0	7.0	4.0	10.0	7.0	5.0	5.0	8.0	0.0	0.0	0.0	0.0	2.0	0.0	1.0	1.0	0.0
	3p	+	57	2201.0	1872.0	1869.0	2441.0	8383.0	30.0	38.0	27.0	24.0	20.0	6.0	7.0	7.0	7.0	5.0	12.0	8.0	0.0	0.0	0.0	0.0	4.0	0.0	0.0	0.0	0.0
	3p	+	58	2090.0	1784.0	1706.0	2251.0	7831.0	26.0	43.0	37.0	33.0	11.0	11.0	4.0	3.0	6.0	3.0	9.0	11.0	0.0	0.0	0.0	0.0	3.0	0.0	0.0	0.0	0.0
	3p	+	59	1996.0	1617.0	1573.0	2124.0	7310.0	18.0	35.0	29.0	20.0	12.0	8.0	14.0	5.0	10.0	6.0	8.0	8.0	0.0	0.0	0.0	0.0	0.0	0.0	2.0	0.0	0.0
	3p	+	60	1913.0	1519.0	1479.0	1926.0	6837.0	29.0	34.0	23.0	19.0	14.0	10.0	7.0	7.0	6.0	4.0	3.0	4.0	0.0	0.0	0.0	0.0	1.0	0.0	0.0	2.0	0.0
	3p	+	61	1782.0	1422.0	1383.0	1828.0	6415.0	23.0	32.0	24.0	26.0	7.0	5.0	10.0	11.0	10.0	5.0	7.0	13.0	0.0	0.0	0.0	0.0	2.0	0.0	0.0	2.0	0.0
	3p	+	62	1632.0	1362.0	1364.0	1655.0	6013.0	21.0	31.0	19.0	20.0	7.0	7.0	5.0	9.0	5.0	4.0	9.0	6.0	0.0	0.0	0.0	0.0	2.0	0.0	0.0	0.0	0.0
	3p	+	63	1498.0	1282.0	1251.0	1572.0	5603.0	21.0	23.0	17.0	18.0	9.0	6.0	2.0	4.0	5.0	3.0	9.0	5.0	0.0	0.0	0.0	0.0	0.0	0.0	2.0	3.0	0.0
	3p	+	64	1407.0	1151.0	1141.0	1546.0	5245.0	19.0	22.0	18.0	15.0	5.0	8.0	5.0	3.0	4.0	2.0	5.0	7.0	0.0	0.0	0.0	0.0	1.0	0.0	0.0	1.0	0.0
	3p	+	65	1358.0	1057.0	1068.0	1416.0	4899.0	20.0	27.0	21.0	24.0	6.0	4.0	7.0	1.0	4.0	5.0	2.0	6.0	0.0	0.0	0.0	0.0	3.0	0.0	2.0	1.0	0.0
	3p	+	66	1175.0	1049.0	1004.0	1362.0	4590.0	19.0	22.0	9.0	19.0	8.0	1.0	5.0	0.0	4.0	3.0	3.0	11.0	0.0	0.0	0.0	0.0	0.0	0.0	2.0	2.0	0.0
	3p	+	67	1147.0	920.0	943.0	1278.0	4288.0	21.0	18.0	11.0	20.0	4.0	3.0	5.0	3.0	0.0	5.0	3.0	3.0	0.0	0.0	0.0	0.0	3.0	0.0	0.0	0.0	0.0
	3p	+	68	1131.0	868.0	869.0	1142.0	4010.0	13.0	14.0	12.0	17.0	11.0	3.0	9.0	3.0	4.0	3.0	4.0	2.0	0.0	0.0	0.0	0.0	0.0	0.0	0.0	0.0	0.0
	3p	+	69	989.0	864.0	823.0	1043.0	3719.0	12.0	18.0	13.0	13.0	7.0	6.0	3.0	7.0	1.0	1.0	6.0	3.0	0.0	0.0	0.0	0.0	2.0	0.0	0.0	0.0	0.0
	3p	+	70	968.0	771.0	741.0	1023.0	3503.0	13.0	17.0	15.0	13.0	4.0	2.0	6.0	4.0	7.0	4.0	7.0	3.0	0.0	0.0	0.0	0.0	1.0	0.0	0.0	0.0	0.0
	3p	+	71	895.0	720.0	692.0	984.0	3291.0	13.0	10.0	10.0	14.0	4.0	2.0	3.0	2.0	6.0	2.0	2.0	4.0	0.0	0.0	0.0	0.0	0.0	0.0	0.0	0.0	0.0
	3p	+	72	837.0	708.0	672.0	838.0	3055.0	11.0	12.0	9.0	10.0	7.0	6.0	3.0	1.0	3.0	3.0	1.0	4.0	0.0	0.0	0.0	0.0	1.0	0.0	0.0	0.0	0.0
	3p	+	73	849.0	637.0	616.0	781.0	2883.0	6.0	9.0	7.0	6.0	0.0	5.0	5.0	3.0	1.0	4.0	5.0	6.0	0.0	0.0	0.0	0.0	1.0	0.0	0.0	0.0	0.0
	3p	+	74	747.0	585.0	574.0	794.0	2700.0	12.0	12.0	5.0	15.0	7.0	3.0	1.0	2.0	3.0	4.0	3.0	2.0	0.0	0.0	0.0	0.0	0.0	0.0	1.0	0.0	0.0
	3p	+	75	704.0	564.0	532.0	741.0	2541.0	7.0	13.0	12.0	9.0	4.0	3.0	4.0	4.0	2.0	3.0	2.0	1.0	0.0	0.0	0.0	0.0	0.0	0.0	0.0	0.0	0.0
	3p	+	76	648.0	532.0	520.0	690.0	2390.0	11.0	14.0	5.0	10.0	6.0	2.0	6.0	3.0	1.0	6.0	2.0	1.0	0.0	0.0	0.0	0.0	0.0	0.0	1.0	0.0	0.0
	3p	+	77	604.0	494.0	476.0	682.0	2256.0	9.0	10.0	5.0	7.0	0.0	1.0	3.0	0.0	2.0	1.0	2.0	2.0	0.0	0.0	0.0	0.0	0.0	0.0	0.0	0.0	0.0
	3p	+	78	574.0	462.0	473.0	615.0	2124.0	9.0	6.0	7.0	6.0	3.0	3.0	3.0	3.0	1.0	1.0	3.0	1.0	0.0	0.0	0.0	0.0	1.0	0.0	0.0	1.0	0.0
	3p	+	79	544.0	456.0	432.0	567.0	1999.0	4.0	10.0	11.0	6.0	2.0	1.0	3.0	1.0	0.0	1.0	3.0	4.0	0.0	0.0	0.0	0.0	1.0	0.0	0.0	0.0	0.0
	3p	+	80	501.0	454.0	428.0	520.0	1903.0	6.0	12.0	2.0	5.0	3.0	1.0	4.0	4.0	1.0	3.0	2.0	3.0	0.0	0.0	0.0	0.0	1.0	0.0	0.0	0.0	0.0
	3p	+	81	525.0	383.0	379.0	506.0	1793.0	8.0	7.0	11.0	5.0	2.0	0.0	4.0	2.0	3.0	2.0	1.0	6.0	0.0	0.0	0.0	0.0	0.0	0.0	1.0	0.0	0.0
	3p	+	82	491.0	375.0	346.0	485.0	1697.0	2.0	10.0	4.0	5.0	3.0	0.0	2.0	1.0	1.0	0.0	1.0	2.0	0.0	0.0	0.0	0.0	0.0	0.0	0.0	1.0	0.0
	3p	+	83	449.0	354.0	359.0	440.0	1602.0	5.0	0.0	5.0	5.0	0.0	3.0	0.0	1.0	2.0	0.0	2.0	1.0	0.0	0.0	0.0	0.0	0.0	0.0	0.0	0.0	0.0
	3p	+	84	431.0	319.0	334.0	427.0	1511.0	4.0	4.0	8.0	2.0	1.0	2.0	1.0	0.0	3.0	0.0	0.0	1.0	0.0	0.0	0.0	0.0	0.0	0.0	0.0	1.0	0.0
	3p	+	85	406.0	312.0	286.0	429.0	1433.0	4.0	4.0	3.0	7.0	1.0	0.0	2.0	3.0	1.0	1.0	2.0	2.0	0.0	0.0	0.0	0.0	0.0	0.0	0.0	0.0	0.0
	3p	+	86	371.0	333.0	285.0	359.0	1348.0	3.0	10.0	5.0	6.0	3.0	3.0	3.0	0.0	1.0	0.0	0.0	4.0	0.0	0.0	0.0	0.0	0.0	0.0	0.0	0.0	0.0
	3p	+	87	338.0	280.0	261.0	388.0	1267.0	3.0	4.0	4.0	2.0	4.0	0.0	0.0	2.0	1.0	1.0	3.0	3.0	0.0	0.0	0.0	0.0	0.0	0.0	0.0	0.0	0.0
	3p	+	88	324.0	236.0	280.0	351.0	1191.0	6.0	4.0	4.0	8.0	2.0	0.0	2.0	1.0	2.0	0.0	1.0	0.0	0.0	0.0	0.0	0.0	0.0	0.0	0.0	0.0	0.0
	3p	+	89	312.0	233.0	265.0	324.0	1134.0	5.0	2.0	4.0	1.0	0.0	0.0	1.0	0.0	1.0	0.0	2.0	1.0	0.0	0.0	0.0	0.0	0.0	0.0	0.0	0.0	0.0
	3p	+	90	295.0	232.0	216.0	317.0	1060.0	2.0	3.0	8.0	2.0	0.0	2.0	0.0	1.0	1.0	0.0	3.0	0.0	0.0	0.0	0.0	0.0	1.0	0.0	0.0	0.0	0.0
	3p	+	91	281.0	222.0	225.0	274.0	1002.0	1.0	3.0	1.0	2.0	2.0	1.0	1.0	0.0	0.0	1.0	1.0	0.0	0.0	0.0	0.0	0.0	0.0	0.0	0.0	0.0	0.0
	3p	+	92	267.0	184.0	211.0	282.0	944.0	4.0	1.0	3.0	2.0	1.0	1.0	1.0	0.0	0.0	1.0	0.0	0.0	0.0	0.0	0.0	0.0	0.0	0.0	0.0	0.0	0.0
	3p	+	93	232.0	194.0	216.0	257.0	899.0	6.0	0.0	2.0	2.0	0.0	1.0	1.0	0.0	1.0	2.0	2.0	0.0	0.0	0.0	0.0	0.0	1.0	0.0	0.0	0.0	0.0
	3p	+	94	238.0	158.0	175.0	288.0	859.0	0.0	4.0	3.0	0.0	0.0	0.0	0.0	0.0	2.0	0.0	1.0	0.0	0.0	0.0	0.0	0.0	0.0	0.0	0.0	0.0	0.0
	3p	+	95	204.0	184.0	173.0	251.0	812.0	2.0	2.0	6.0	4.0	0.0	0.0	2.0	1.0	0.0	0.0	0.0	1.0	0.0	0.0	0.0	0.0	0.0	0.0	0.0	0.0	0.0
	3p	+	96	214.0	165.0	154.0	236.0	769.0	3.0	3.0	2.0	5.0	0.0	3.0	1.0	3.0	1.0	1.0	0.0	3.0	0.0	0.0	0.0	0.0	0.0	0.0	0.0	0.0	0.0
	3p	+	97	201.0	156.0	161.0	214.0	732.0	1.0	3.0	1.0	2.0	1.0	0.0	1.0	0.0	0.0	0.0	0.0	1.0	0.0	0.0	0.0	0.0	0.0	0.0	0.0	0.0	0.0
	3p	+	98	194.0	155.0	158.0	197.0	704.0	2.0	3.0	3.0	3.0	2.0	0.0	0.0	1.0	1.0	1.0	0.0	0.0	0.0	0.0	0.0	0.0	0.0	0.0	0.0	0.0	0.0
	3p	+	99	181.0	156.0	135.0	189.0	661.0	4.0	0.0	2.0	0.0	0.0	0.0	3.0	0.0	2.0	0.0	0.0	1.0	0.0	0.0	0.0	0.0	1.0	0.0	0.0	0.0	0.0
	3p	+	100	178.0	146.0	124.0	176.0	624.0	5.0	4.0	2.0	3.0	1.0	0.0	1.0	0.0	0.0	1.0	0.0	0.0	0.0	0.0	0.0	0.0	0.0	0.0	0.0	0.0	0.0
	3p	-	1	9143.0	8456.0	10334.0	11148.0	39081.0	354.0	169.0	200.0	143.0	41.0	47.0	52.0	33.0	62.0	37.0	36.0	53.00.0	0.0	0.0	0.0	0.0	0.0	0.0	0.0	0.0
	3p	-	2	11024.0	11263.0	9673.0	7121.0	39081.0	291.0	102.0	157.0	223.0	68.0	24.0	53.0	49.0	67.0	39.0	54.0	41.00.0	0.0	0.0	0.0	0.0	0.0	1.0	0.0	0.0
	3p	-	3	9856.0	10225.0	10461.0	8540.0	39082.0	177.0	117.0	151.0	193.0	48.0	27.0	53.0	47.0	49.0	37.0	47.0	39.00.0	0.0	0.0	0.0	1.0	0.0	0.0	0.0	0.0
	3p	-	4	10766.0	7305.0	10825.0	10169.0	39065.0	214.0	166.0	153.0	135.0	44.0	38.0	51.0	39.0	35.0	43.0	45.0	42.00.0	0.0	0.0	0.0	3.0	0.0	4.0	7.0	0.0
	3p	-	5	11275.0	7973.0	9661.0	10153.0	39062.0	217.0	157.0	124.0	139.0	33.0	20.0	41.0	52.0	35.0	29.0	32.0	38.00.0	0.0	0.0	0.0	8.0	0.0	3.0	4.0	0.0
	3p	-	6	10647.0	9481.0	9218.0	9702.0	39048.0	191.0	131.0	143.0	152.0	42.0	20.0	43.0	33.0	46.0	30.0	37.0	40.00.0	0.0	0.0	0.0	11.0	0.0	8.0	8.0	0.0
	3p	-	7	9961.0	9960.0	9124.0	10009.0	39054.0	198.0	141.0	132.0	141.0	40.0	20.0	34.0	37.0	36.0	24.0	40.0	38.00.0	0.0	0.0	0.0	12.0	0.0	9.0	6.0	0.0
	3p	-	8	9864.0	9805.0	9684.0	9700.0	39053.0	175.0	133.0	168.0	181.0	35.0	20.0	40.0	36.0	32.0	18.0	38.0	35.00.0	0.0	0.0	0.0	12.0	0.0	11.0	3.0	0.0
	3p	-	9	10219.0	9784.0	9581.0	9474.0	39058.0	182.0	128.0	167.0	165.0	36.0	18.0	37.0	49.0	34.0	21.0	46.0	30.00.0	0.0	0.0	0.0	3.0	0.0	7.0	6.0	0.0
	3p	-	10	10278.0	9629.0	9278.0	9864.0	39049.0	188.0	153.0	135.0	149.0	38.0	27.0	36.0	41.0	43.0	26.0	37.0	37.00.0	0.0	0.0	0.0	9.0	0.0	8.0	10.0	0.0
	3p	-	11	9747.0	9949.0	9803.0	9541.0	39040.0	176.0	157.0	134.0	182.0	35.0	25.0	35.0	38.0	39.0	20.0	32.0	45.00.0	0.0	0.0	0.0	12.0	0.0	14.0	14.0	0.0
	3p	-	12	9941.0	9643.0	9943.0	9520.0	39047.0	176.0	114.0	148.0	165.0	46.0	11.0	43.0	31.0	30.0	32.0	35.0	36.00.0	0.0	0.0	0.0	11.0	0.0	8.0	16.0	0.0
	3p	-	13	9815.0	9877.0	9723.0	9642.0	39057.0	137.0	151.0	161.0	153.0	49.0	22.0	42.0	36.0	50.0	20.0	50.0	25.00.0	0.0	0.0	0.0	6.0	0.0	2.0	9.0	0.0
	3p	-	14	9714.0	10165.0	9647.0	9525.0	39051.0	160.0	114.0	146.0	149.0	25.0	16.0	28.0	37.0	41.0	17.0	42.0	47.00.0	0.0	0.0	0.0	13.0	0.0	7.0	8.0	0.0
	3p	-	15	9733.0	10010.0	9611.0	9695.0	39049.0	135.0	138.0	139.0	158.0	34.0	22.0	41.0	44.0	44.0	22.0	29.0	29.00.0	0.0	0.0	0.0	7.0	0.0	14.0	10.0	0.0
	3p	-	16	9738.0	10047.0	9556.0	9702.0	39043.0	137.0	127.0	137.0	158.0	49.0	27.0	34.0	48.0	42.0	18.0	29.0	31.00.0	0.0	0.0	0.0	15.0	0.0	10.0	9.0	0.0
	3p	-	17	9610.0	9973.0	9800.0	9665.0	39048.0	140.0	132.0	138.0	167.0	41.0	19.0	39.0	33.0	41.0	24.0	44.0	29.00.0	0.0	0.0	0.0	8.0	0.0	13.0	8.0	0.0
	3p	-	18	9657.0	9891.0	9816.0	9690.0	39054.0	149.0	138.0	152.0	166.0	41.0	23.0	37.0	40.0	34.0	20.0	46.0	29.00.0	0.0	0.0	0.0	9.0	0.0	12.0	9.0	0.0
	3p	-	19	9691.0	10014.0	9877.0	9471.0	39053.0	151.0	144.0	145.0	153.0	53.0	23.0	34.0	33.0	37.0	24.0	32.0	28.00.0	0.0	0.0	0.0	16.0	0.0	5.0	7.0	0.0
	3p	-	20	9574.0	9970.0	9913.0	9601.0	39058.0	146.0	144.0	143.0	151.0	42.0	24.0	35.0	38.0	44.0	14.0	40.0	38.00.0	0.0	0.0	0.0	11.0	0.0	6.0	9.0	0.0
	3p	-	21	9620.0	9873.0	9995.0	9563.0	39051.0	138.0	119.0	149.0	189.0	41.0	17.0	36.0	35.0	39.0	26.0	25.0	31.00.0	0.0	0.0	0.0	10.0	0.0	8.0	9.0	0.0
	3p	-	22	9699.0	9817.0	9860.0	9670.0	39046.0	144.0	148.0	144.0	122.0	39.0	22.0	33.0	40.0	48.0	27.0	30.0	29.00.0	0.0	0.0	0.0	10.0	0.0	10.0	9.0	0.0
	3p	-	23	9567.0	9807.0	9959.0	9714.0	39047.0	148.0	125.0	142.0	151.0	48.0	24.0	57.0	28.0	41.0	18.0	30.0	44.00.0	0.0	0.0	0.0	10.0	0.0	13.0	7.0	0.0
	3p	-	24	9675.0	9935.0	9782.0	9662.0	39054.0	142.0	167.0	154.0	153.0	48.0	18.0	43.0	46.0	31.0	15.0	38.0	40.00.0	0.0	0.0	0.0	8.0	0.0	10.0	6.0	0.0
	3p	-	25	9630.0	9644.0	9980.0	9802.0	39056.0	153.0	131.0	148.0	143.0	36.0	17.0	30.0	38.0	46.0	30.0	50.0	30.00.0	0.0	0.0	0.0	8.0	0.0	5.0	14.0	0.0
	3p	-	26	9546.0	9727.0	9787.0	9985.0	39045.0	148.0	147.0	143.0	155.0	42.0	20.0	30.0	40.0	47.0	26.0	31.0	44.00.0	0.0	0.0	0.0	7.0	0.0	6.0	17.0	0.0
	3p	-	27	9655.0	9908.0	9691.0	9802.0	39056.0	142.0	139.0	122.0	145.0	38.0	25.0	31.0	32.0	47.0	21.0	34.0	35.00.0	0.0	0.0	0.0	12.0	0.0	4.0	9.0	0.0
	3p	-	28	9699.0	9792.0	9594.0	9979.0	39064.0	156.0	164.0	128.0	157.0	38.0	25.0	30.0	43.0	38.0	30.0	36.0	31.00.0	0.0	0.0	0.0	5.0	0.0	0.0	5.0	0.0
	3p	-	29	9518.0	9765.0	9759.0	10017.0	39059.0	142.0	169.0	139.0	157.0	46.0	21.0	41.0	37.0	43.0	21.0	36.0	43.00.0	0.0	0.0	0.0	10.0	0.0	5.0	6.0	0.0
	3p	-	30	9556.0	9790.0	9577.0	10137.0	39060.0	133.0	180.0	156.0	154.0	39.0	28.0	37.0	26.0	49.0	20.0	30.0	43.00.0	0.0	0.0	0.0	12.0	0.0	5.0	7.0	0.0
	3p	-	31	9505.0	9478.0	9216.0	9759.0	37958.0	124.0	192.0	137.0	124.0	30.0	26.0	40.0	27.0	49.0	23.0	36.0	36.00.0	0.0	0.0	0.0	10.0	0.0	7.0	6.0	0.0
	3p	-	32	9328.0	9013.0	8879.0	9602.0	36822.0	117.0	157.0	147.0	161.0	43.0	25.0	34.0	34.0	38.0	21.0	35.0	35.00.0	0.0	0.0	0.0	9.0	0.0	3.0	4.0	0.0
	3p	-	33	8923.0	8687.0	8448.0	9482.0	35540.0	117.0	176.0	127.0	113.0	28.0	19.0	29.0	32.0	42.0	21.0	43.0	39.00.0	0.0	0.0	0.0	2.0	0.0	5.0	3.0	0.0
	3p	-	34	8652.0	8384.0	8082.0	9122.0	34240.0	138.0	161.0	149.0	126.0	31.0	13.0	41.0	38.0	40.0	27.0	25.0	35.00.0	0.0	0.0	0.0	5.0	0.0	4.0	6.0	0.0
	3p	-	35	8288.0	7966.0	7724.0	8907.0	32885.0	119.0	154.0	114.0	108.0	41.0	25.0	30.0	24.0	33.0	21.0	34.0	34.00.0	0.0	0.0	0.0	7.0	0.0	5.0	4.0	0.0
	3p	-	36	8066.0	7601.0	7272.0	8518.0	31457.0	115.0	150.0	130.0	102.0	31.0	23.0	25.0	33.0	39.0	21.0	29.0	33.00.0	0.0	0.0	0.0	8.0	0.0	7.0	3.0	0.0
	3p	-	37	7686.0	7124.0	7046.0	8213.0	30069.0	107.0	143.0	102.0	111.0	24.0	17.0	21.0	30.0	33.0	18.0	31.0	30.00.0	0.0	0.0	0.0	5.0	0.0	1.0	5.0	0.0
	3p	-	38	7218.0	6818.0	6698.0	7883.0	28617.0	107.0	129.0	114.0	105.0	31.0	22.0	23.0	23.0	31.0	14.0	33.0	23.00.0	0.0	0.0	0.0	2.0	0.0	10.0	5.0	0.0
	3p	-	39	6851.0	6504.0	6278.0	7488.0	27121.0	90.0	144.0	106.0	103.0	21.0	18.0	26.0	25.0	44.0	18.0	30.0	25.00.0	0.0	0.0	0.0	4.0	0.0	4.0	5.0	0.0
	3p	-	40	6769.0	5892.0	5845.0	7162.0	25668.0	98.0	122.0	96.0	87.0	37.0	28.0	20.0	18.0	26.0	18.0	27.0	24.00.0	0.0	0.0	0.0	5.0	0.0	4.0	2.0	0.0
	3p	-	41	6422.0	5643.0	5439.0	6751.0	24255.0	81.0	109.0	82.0	86.0	20.0	22.0	17.0	23.0	24.0	20.0	20.0	23.00.0	0.0	0.0	0.0	4.0	0.0	3.0	5.0	0.0
	3p	-	42	5952.0	5323.0	5272.0	6360.0	22907.0	71.0	101.0	98.0	87.0	23.0	12.0	22.0	24.0	23.0	16.0	18.0	20.00.0	0.0	0.0	0.0	5.0	0.0	2.0	4.0	0.0
	3p	-	43	5588.0	4904.0	5005.0	6047.0	21544.0	64.0	101.0	75.0	82.0	25.0	11.0	14.0	25.0	30.0	16.0	25.0	34.00.0	0.0	0.0	0.0	7.0	0.0	1.0	0.0	0.0
	3p	-	44	5246.0	4718.0	4596.0	5689.0	20249.0	76.0	102.0	75.0	76.0	26.0	21.0	13.0	22.0	27.0	15.0	18.0	21.00.0	0.0	0.0	0.0	1.0	0.0	5.0	3.0	0.0
	3p	-	45	5013.0	4266.0	4261.0	5476.0	19016.0	78.0	90.0	67.0	74.0	19.0	17.0	13.0	20.0	18.0	19.0	19.0	14.00.0	0.0	0.0	0.0	4.0	0.0	4.0	3.0	0.0
	3p	-	46	4704.0	4087.0	4089.0	4986.0	17866.0	75.0	86.0	67.0	71.0	13.0	22.0	17.0	19.0	27.0	9.0	16.0	21.00.0	0.0	0.0	0.0	2.0	0.0	0.0	1.0	0.0
	3p	-	47	4359.0	3897.0	3682.0	4771.0	16709.0	70.0	83.0	59.0	62.0	17.0	14.0	10.0	19.0	17.0	14.0	20.0	17.00.0	0.0	0.0	0.0	2.0	0.0	1.0	1.0	0.0
	3p	-	48	4129.0	3652.0	3483.0	4342.0	15606.0	61.0	72.0	65.0	51.0	24.0	12.0	7.0	21.0	14.0	12.0	15.0	12.00.0	0.0	0.0	0.0	4.0	0.0	0.0	0.0	0.0
	3p	-	49	3706.0	3358.0	3231.0	4266.0	14561.0	41.0	65.0	43.0	42.0	14.0	12.0	14.0	9.0	13.0	8.0	8.0	15.00.0	0.0	0.0	0.0	2.0	0.0	2.0	1.0	0.0
	3p	-	50	3585.0	3016.0	3051.0	3931.0	13583.0	67.0	72.0	58.0	48.0	22.0	15.0	12.0	9.0	10.0	8.0	14.0	9.00.0	0.0	0.0	0.0	2.0	0.0	2.0	2.0	0.0
	3p	-	51	3398.0	2880.0	2763.0	3623.0	12664.0	37.0	62.0	60.0	52.0	16.0	12.0	7.0	13.0	18.0	12.0	8.0	17.00.0	0.0	0.0	0.0	1.0	0.0	1.0	0.0	0.0
	3p	-	52	3204.0	2638.0	2644.0	3382.0	11868.0	36.0	68.0	36.0	39.0	10.0	9.0	12.0	19.0	9.0	6.0	12.0	14.00.0	0.0	0.0	0.0	1.0	0.0	2.0	1.0	0.0
	3p	-	53	2965.0	2453.0	2444.0	3200.0	11062.0	35.0	56.0	30.0	48.0	18.0	8.0	7.0	11.0	11.0	8.0	17.0	14.00.0	0.0	0.0	0.0	1.0	0.0	1.0	0.0	0.0
	3p	-	54	2785.0	2316.0	2299.0	2966.0	10366.0	41.0	51.0	38.0	38.0	12.0	5.0	8.0	9.0	12.0	8.0	6.0	13.00.0	0.0	0.0	0.0	2.0	0.0	0.0	0.0	0.0
	3p	-	55	2564.0	2161.0	2090.0	2899.0	9714.0	39.0	47.0	32.0	43.0	10.0	9.0	5.0	8.0	10.0	10.0	5.0	5.00.0	0.0	0.0	0.0	2.0	0.0	0.0	0.0	0.0
	3p	-	56	2405.0	2064.0	1884.0	2769.0	9122.0	34.0	38.0	28.0	33.0	10.0	6.0	9.0	8.0	8.0	8.0	6.0	9.00.0	0.0	0.0	0.0	3.0	0.0	0.0	2.0	0.0
	3p	-	57	2211.0	2017.0	1816.0	2497.0	8541.0	21.0	47.0	31.0	36.0	15.0	5.0	13.0	8.0	6.0	4.0	7.0	3.00.0	0.0	0.0	0.0	1.0	0.0	1.0	0.0	0.0
	3p	-	58	2154.0	1806.0	1713.0	2304.0	7977.0	33.0	41.0	31.0	19.0	9.0	7.0	5.0	9.0	9.0	5.0	7.0	8.00.0	0.0	0.0	0.0	2.0	0.0	2.0	1.0	0.0
	3p	-	59	1998.0	1710.0	1594.0	2143.0	7445.0	33.0	39.0	28.0	19.0	5.0	4.0	3.0	12.0	7.0	6.0	5.0	14.00.0	0.0	0.0	0.0	1.0	0.0	0.0	2.0	0.0
	3p	-	60	1852.0	1562.0	1498.0	2076.0	6988.0	22.0	27.0	20.0	30.0	10.0	9.0	2.0	9.0	7.0	13.0	8.0	4.00.0	0.0	0.0	0.0	1.0	0.0	1.0	0.0	0.0
	3p	-	61	1752.0	1472.0	1420.0	1917.0	6561.0	26.0	26.0	31.0	24.0	11.0	3.0	8.0	11.0	8.0	6.0	2.0	5.00.0	0.0	0.0	0.0	1.0	0.0	0.0	0.0	0.0
	3p	-	62	1603.0	1407.0	1354.0	1800.0	6164.0	27.0	27.0	21.0	27.0	11.0	4.0	7.0	6.0	12.0	9.0	5.0	5.00.0	0.0	0.0	0.0	1.0	0.0	1.0	0.0	0.0
	3p	-	63	1595.0	1293.0	1238.0	1638.0	5764.0	25.0	28.0	17.0	21.0	9.0	2.0	6.0	4.0	5.0	5.0	7.0	5.00.0	0.0	0.0	0.0	2.0	0.0	1.0	0.0	0.0
	3p	-	64	1461.0	1193.0	1171.0	1584.0	5409.0	24.0	16.0	18.0	21.0	7.0	4.0	3.0	4.0	5.0	5.0	9.0	7.00.0	0.0	0.0	0.0	0.0	0.0	0.0	1.0	0.0
	3p	-	65	1341.0	1145.0	1079.0	1500.0	5065.0	18.0	24.0	17.0	17.0	6.0	4.0	3.0	6.0	6.0	3.0	3.0	8.00.0	0.0	0.0	0.0	0.0	0.0	1.0	0.0	0.0
	3p	-	66	1272.0	1068.0	1026.0	1375.0	4741.0	20.0	18.0	12.0	21.0	10.0	3.0	2.0	3.0	5.0	2.0	2.0	4.00.0	0.0	0.0	0.0	0.0	0.0	1.0	0.0	0.0
	3p	-	67	1192.0	994.0	941.0	1340.0	4467.0	21.0	30.0	13.0	14.0	11.0	8.0	3.0	5.0	6.0	3.0	5.0	4.00.0	0.0	0.0	0.0	0.0	0.0	0.0	0.0	0.0
	3p	-	68	1085.0	977.0	876.0	1250.0	4188.0	11.0	27.0	13.0	7.0	6.0	5.0	3.0	4.0	7.0	5.0	3.0	3.00.0	0.0	0.0	0.0	0.0	0.0	0.0	2.0	0.0
	3p	-	69	1035.0	895.0	851.0	1157.0	3938.0	10.0	17.0	20.0	9.0	5.0	1.0	6.0	2.0	7.0	3.0	1.0	3.00.0	0.0	0.0	0.0	0.0	0.0	2.0	0.0	0.0
	3p	-	70	967.0	847.0	782.0	1088.0	3684.0	16.0	13.0	14.0	8.0	8.0	3.0	3.0	2.0	7.0	2.0	1.0	1.00.0	0.0	0.0	0.0	0.0	0.0	0.0	0.0	0.0
	3p	-	71	963.0	732.0	777.0	1014.0	3486.0	14.0	13.0	14.0	9.0	2.0	5.0	4.0	3.0	2.0	3.0	2.0	5.00.0	0.0	0.0	0.0	0.0	0.0	0.0	0.0	0.0
	3p	-	72	905.0	721.0	690.0	944.0	3260.0	11.0	18.0	17.0	2.0	7.0	4.0	0.0	4.0	4.0	3.0	3.0	4.00.0	0.0	0.0	0.0	1.0	0.0	0.0	0.0	0.0
	3p	-	73	840.0	672.0	680.0	891.0	3083.0	8.0	14.0	6.0	9.0	1.0	1.0	7.0	1.0	4.0	2.0	3.0	4.00.0	0.0	0.0	0.0	0.0	0.0	0.0	0.0	0.0
	3p	-	74	789.0	627.0	622.0	846.0	2884.0	6.0	13.0	8.0	13.0	5.0	0.0	3.0	4.0	6.0	2.0	2.0	2.00.0	0.0	0.0	0.0	1.0	0.0	0.0	0.0	0.0
	3p	-	75	735.0	621.0	551.0	797.0	2704.0	8.0	10.0	11.0	9.0	5.0	1.0	1.0	4.0	3.0	0.0	2.0	2.00.0	0.0	0.0	0.0	0.0	0.0	0.0	1.0	0.0
	3p	-	76	681.0	583.0	548.0	734.0	2546.0	11.0	16.0	6.0	1.0	0.0	4.0	2.0	1.0	5.0	0.0	3.0	3.00.0	0.0	0.0	0.0	1.0	0.0	0.0	0.0	0.0
	3p	-	77	642.0	518.0	517.0	724.0	2401.0	7.0	12.0	8.0	6.0	0.0	0.0	4.0	1.0	2.0	0.0	7.0	4.00.0	0.0	0.0	0.0	2.0	0.0	0.0	0.0	0.0
	3p	-	78	584.0	489.0	481.0	696.0	2250.0	14.0	5.0	8.0	6.0	3.0	1.0	1.0	4.0	5.0	0.0	2.0	2.00.0	0.0	0.0	0.0	0.0	0.0	0.0	0.0	0.0
	3p	-	79	564.0	474.0	484.0	584.0	2106.0	14.0	8.0	7.0	4.0	0.0	0.0	1.0	1.0	2.0	3.0	8.0	3.00.0	0.0	0.0	0.0	0.0	0.0	0.0	0.0	0.0
	3p	-	80	522.0	443.0	411.0	610.0	1986.0	7.0	5.0	8.0	7.0	3.0	1.0	4.0	2.0	7.0	1.0	1.0	3.00.0	0.0	0.0	0.0	0.0	0.0	1.0	0.0	0.0
	3p	-	81	484.0	432.0	397.0	548.0	1861.0	7.0	7.0	5.0	7.0	1.0	2.0	0.0	3.0	5.0	4.0	4.0	3.00.0	0.0	0.0	0.0	0.0	0.0	0.0	0.0	0.0
	3p	-	82	491.0	398.0	362.0	504.0	1755.0	5.0	7.0	3.0	5.0	3.0	1.0	2.0	3.0	3.0	2.0	1.0	1.00.0	0.0	0.0	0.0	0.0	0.0	0.0	0.0	0.0
	3p	-	83	457.0	378.0	369.0	456.0	1660.0	2.0	6.0	4.0	8.0	1.0	3.0	4.0	2.0	2.0	2.0	0.0	0.00.0	0.0	0.0	0.0	0.0	0.0	0.0	0.0	0.0
	3p	-	84	454.0	344.0	321.0	449.0	1568.0	6.0	11.0	1.0	4.0	2.0	0.0	0.0	3.0	3.0	1.0	1.0	1.00.0	0.0	0.0	0.0	0.0	0.0	0.0	0.0	0.0
	3p	-	85	389.0	353.0	314.0	419.0	1475.0	6.0	6.0	7.0	1.0	0.0	1.0	5.0	2.0	2.0	1.0	0.0	3.00.0	0.0	0.0	0.0	0.0	0.0	0.0	0.0	0.0
	3p	-	86	359.0	327.0	303.0	413.0	1402.0	7.0	8.0	5.0	6.0	0.0	2.0	0.0	1.0	2.0	1.0	0.0	0.00.0	0.0	0.0	0.0	0.0	0.0	0.0	0.0	0.0
	3p	-	87	317.0	318.0	289.0	398.0	1322.0	5.0	9.0	5.0	7.0	5.0	1.0	2.0	2.0	2.0	0.0	5.0	1.00.0	0.0	0.0	0.0	0.0	0.0	0.0	0.0	0.0
	3p	-	88	334.0	257.0	247.0	400.0	1238.0	6.0	6.0	5.0	11.0	1.0	0.0	2.0	0.0	0.0	3.0	2.0	0.00.0	0.0	0.0	0.0	0.0	0.0	0.0	0.0	0.0
	3p	-	89	339.0	248.0	249.0	328.0	1164.0	4.0	7.0	0.0	5.0	1.0	0.0	0.0	0.0	6.0	0.0	0.0	2.00.0	0.0	0.0	0.0	0.0	0.0	0.0	0.0	0.0
	3p	-	90	286.0	233.0	237.0	334.0	1090.0	5.0	5.0	1.0	3.0	2.0	1.0	1.0	0.0	3.0	0.0	1.0	2.00.0	0.0	0.0	0.0	0.0	0.0	0.0	0.0	0.0
	3p	-	91	252.0	244.0	226.0	312.0	1034.0	6.0	2.0	4.0	7.0	2.0	0.0	0.0	1.0	2.0	2.0	0.0	2.00.0	0.0	0.0	0.0	0.0	0.0	0.0	0.0	0.0
	3p	-	92	266.0	235.0	216.0	260.0	977.0	8.0	6.0	2.0	2.0	2.0	0.0	2.0	0.0	2.0	0.0	0.0	1.00.0	0.0	0.0	0.0	0.0	0.0	0.0	0.0	0.0
	3p	-	93	241.0	227.0	188.0	260.0	916.0	3.0	5.0	0.0	4.0	5.0	0.0	1.0	0.0	2.0	0.0	0.0	1.00.0	0.0	0.0	0.0	0.0	0.0	0.0	0.0	0.0
	3p	-	94	247.0	207.0	176.0	239.0	869.0	4.0	6.0	4.0	1.0	2.0	1.0	1.0	0.0	1.0	1.0	1.0	1.00.0	0.0	0.0	0.0	0.0	0.0	0.0	0.0	0.0
	3p	-	95	233.0	186.0	151.0	256.0	826.0	2.0	3.0	3.0	4.0	1.0	0.0	2.0	1.0	1.0	2.0	1.0	0.00.0	0.0	0.0	0.0	0.0	0.0	0.0	0.0	0.0
	3p	-	96	198.0	202.0	165.0	206.0	771.0	1.0	3.0	3.0	4.0	1.0	2.0	0.0	0.0	1.0	1.0	1.0	1.00.0	0.0	0.0	0.0	0.0	0.0	0.0	0.0	0.0
	3p	-	97	197.0	173.0	130.0	234.0	734.0	0.0	4.0	2.0	1.0	2.0	0.0	2.0	2.0	0.0	1.0	1.0	1.00.0	0.0	0.0	0.0	0.0	0.0	0.0	0.0	0.0
	3p	-	98	186.0	165.0	139.0	199.0	689.0	2.0	6.0	0.0	2.0	0.0	0.0	0.0	1.0	1.0	2.0	1.0	1.00.0	0.0	0.0	0.0	0.0	0.0	0.0	0.0	0.0
	3p	-	99	202.0	156.0	129.0	166.0	653.0	0.0	5.0	5.0	3.0	1.0	0.0	1.0	2.0	0.0	0.0	0.0	0.00.0	0.0	0.0	0.0	0.0	0.0	0.0	0.0	0.0
	3p	-	100	159.0	145.0	120.0	184.0	608.0	0.0	1.0	0.0	0.0	0.0	1.0	0.0	0.0	0.0	0.0	0.0	1.00.0	0.0	0.0	0.0	0.0	0.0	0.0	0.0	0.0
	5p	+	1	11189.0	11347.0	7878.0	8423.0	38837.0	182.0	318.0	125.0	193.0	70.0	57.0	41.0	49.0	49.0	43.0	62.0	41.00.0	0.0	0.0	0.0	0.0	0.0	0.0	0.0	0.0
	5p	+	2	6699.0	9568.0	10836.0	11731.0	38834.0	119.0	274.0	178.0	184.0	53.0	42.0	49.0	28.0	59.0	25.0	53.0	51.00.0	0.0	0.0	0.0	1.0	0.0	0.0	1.0	0.0
	5p	+	3	8643.0	10672.0	9732.0	9785.0	38832.0	135.0	221.0	183.0	137.0	47.0	27.0	50.0	38.0	52.0	23.0	45.0	43.00.0	0.0	0.0	0.0	1.0	0.0	2.0	0.0	0.0
	5p	+	4	10233.0	10720.0	6957.0	10913.0	38823.0	189.0	230.0	113.0	151.0	47.0	39.0	26.0	45.0	37.0	25.0	47.0	46.00.0	0.0	0.0	0.0	5.0	0.0	4.0	0.0	0.0
	5p	+	5	10310.0	9562.0	7858.0	11082.0	38812.0	144.0	227.0	136.0	131.0	53.0	22.0	36.0	38.0	30.0	22.0	29.0	50.00.0	0.0	0.0	0.0	5.0	0.0	7.0	6.0	0.0
	5p	+	6	9654.0	9025.0	9291.0	10837.0	38807.0	132.0	196.0	152.0	122.0	53.0	25.0	53.0	31.0	33.0	16.0	38.0	42.00.0	0.0	0.0	0.0	9.0	0.0	5.0	9.0	0.0
	5p	+	7	9999.0	9082.0	9943.0	9774.0	38798.0	165.0	166.0	145.0	130.0	40.0	24.0	48.0	43.0	33.0	21.0	37.0	40.00.0	0.0	0.0	0.0	12.0	0.0	8.0	9.0	0.0
	5p	+	8	9703.0	9568.0	9473.0	10063.0	38807.0	111.0	173.0	158.0	151.0	38.0	28.0	35.0	39.0	33.0	16.0	38.0	38.00.0	0.0	0.0	0.0	9.0	0.0	9.0	9.0	0.0
	5p	+	9	9332.0	9425.0	9596.0	10462.0	38815.0	145.0	157.0	125.0	151.0	43.0	28.0	46.0	41.0	58.0	15.0	44.0	36.00.0	0.0	0.0	0.0	8.0	0.0	6.0	6.0	0.0
	5p	+	10	9752.0	9184.0	9451.0	10426.0	38813.0	132.0	194.0	153.0	149.0	43.0	29.0	42.0	29.0	46.0	27.0	34.0	37.00.0	0.0	0.0	0.0	5.0	0.0	5.0	4.0	0.0
	5p	+	11	9420.0	9717.0	9696.0	9977.0	38810.0	124.0	176.0	158.0	155.0	35.0	25.0	33.0	26.0	45.0	13.0	38.0	32.00.0	0.0	0.0	0.0	9.0	0.0	9.0	8.0	0.0
	5p	+	12	9492.0	9591.0	9894.0	9835.0	38812.0	128.0	144.0	148.0	133.0	37.0	23.0	37.0	41.0	41.0	18.0	37.0	42.00.0	0.0	0.0	0.0	10.0	0.0	4.0	7.0	0.0
	5p	+	13	9593.0	9495.0	9781.0	9932.0	38801.0	121.0	144.0	173.0	138.0	29.0	23.0	49.0	30.0	44.0	18.0	39.0	34.00.0	0.0	0.0	0.0	11.0	0.0	10.0	9.0	0.0
	5p	+	14	9430.0	9674.0	10048.0	9652.0	38804.0	117.0	160.0	145.0	146.0	51.0	24.0	39.0	29.0	47.0	25.0	41.0	40.00.0	0.0	0.0	0.0	13.0	0.0	7.0	7.0	0.0
	5p	+	15	9512.0	9762.0	9908.0	9623.0	38805.0	130.0	148.0	177.0	156.0	36.0	19.0	48.0	25.0	38.0	19.0	35.0	37.00.0	0.0	0.0	0.0	14.0	0.0	8.0	9.0	0.0
	5p	+	16	9588.0	9745.0	9819.0	9652.0	38804.0	137.0	129.0	178.0	156.0	41.0	21.0	40.0	38.0	46.0	13.0	55.0	29.00.0	0.0	0.0	0.0	11.0	0.0	8.0	9.0	0.0
	5p	+	17	9624.0	9651.0	10014.0	9508.0	38797.0	133.0	148.0	182.0	139.0	39.0	20.0	38.0	46.0	40.0	12.0	36.0	26.00.0	0.0	0.0	0.0	14.0	0.0	9.0	8.0	0.0
	5p	+	18	9446.0	9840.0	9911.0	9596.0	38793.0	135.0	127.0	151.0	134.0	49.0	17.0	45.0	27.0	39.0	23.0	32.0	40.00.0	0.0	0.0	0.0	12.0	0.0	10.0	12.0	0.0
	5p	+	19	9556.0	9773.0	9921.0	9550.0	38800.0	147.0	163.0	155.0	131.0	35.0	21.0	34.0	30.0	41.0	25.0	39.0	31.00.0	0.0	0.0	0.0	8.0	0.0	10.0	10.0	0.0
	5p	+	20	9652.0	9639.0	9975.0	9533.0	38799.0	146.0	122.0	171.0	146.0	49.0	24.0	52.0	29.0	34.0	19.0	33.0	40.00.0	0.0	0.0	0.0	8.0	0.0	7.0	7.0	0.0
	5p	+	21	9617.0	9801.0	9823.0	9571.0	38812.0	133.0	125.0	156.0	140.0	40.0	25.0	46.0	40.0	37.0	17.0	47.0	42.00.0	0.0	0.0	0.0	7.0	0.0	6.0	6.0	0.0
	5p	+	22	9507.0	9728.0	9736.0	9841.0	38812.0	125.0	134.0	138.0	135.0	51.0	20.0	35.0	49.0	40.0	20.0	34.0	37.00.0	0.0	0.0	0.0	4.0	0.0	6.0	14.0	0.0
	5p	+	23	9597.0	9729.0	9898.0	9581.0	38805.0	142.0	132.0	155.0	145.0	36.0	15.0	33.0	43.0	47.0	27.0	42.0	38.00.0	0.0	0.0	0.0	10.0	0.0	11.0	10.0	0.0
	5p	+	24	9580.0	9897.0	9814.0	9519.0	38810.0	156.0	148.0	151.0	143.0	44.0	14.0	41.0	28.0	38.0	22.0	39.0	42.00.0	0.0	0.0	0.0	10.0	0.0	7.0	5.0	0.0
	5p	+	25	9718.0	9913.0	9674.0	9502.0	38807.0	145.0	146.0	143.0	145.0	43.0	18.0	35.0	32.0	34.0	26.0	30.0	33.00.0	0.0	0.0	0.0	10.0	0.0	10.0	8.0	0.0
	5p	+	26	9790.0	9831.0	9708.0	9475.0	38804.0	167.0	141.0	147.0	147.0	43.0	20.0	36.0	42.0	50.0	13.0	39.0	39.00.0	0.0	0.0	0.0	11.0	0.0	11.0	6.0	0.0
	5p	+	27	9744.0	9665.0	9697.0	9694.0	38800.0	160.0	149.0	156.0	140.0	45.0	13.0	33.0	41.0	50.0	25.0	25.0	43.00.0	0.0	0.0	0.0	12.0	0.0	13.0	6.0	0.0
	5p	+	28	9844.0	9863.0	9493.0	9602.0	38802.0	155.0	160.0	155.0	131.0	39.0	25.0	44.0	30.0	44.0	21.0	29.0	29.00.0	0.0	0.0	0.0	11.0	0.0	6.0	10.0	0.0
	5p	+	29	9879.0	9778.0	9604.0	9537.0	38798.0	194.0	132.0	143.0	148.0	43.0	20.0	40.0	29.0	46.0	22.0	41.0	34.00.0	0.0	0.0	0.0	17.0	0.0	6.0	10.0	0.0
	5p	+	30	9759.0	9637.0	9724.0	9687.0	38807.0	168.0	127.0	143.0	148.0	47.0	23.0	37.0	41.0	44.0	23.0	29.0	28.00.0	0.0	0.0	0.0	11.0	0.0	5.0	6.0	0.0
	5p	+	31	9668.0	9197.0	9303.0	9530.0	37698.0	182.0	156.0	137.0	151.0	39.0	24.0	37.0	40.0	40.0	24.0	35.0	37.00.0	0.0	0.0	0.0	10.0	0.0	13.0	3.0	0.0
	5p	+	32	9412.0	8984.0	8982.0	9202.0	36580.0	166.0	128.0	147.0	134.0	38.0	25.0	36.0	28.0	48.0	26.0	35.0	33.00.0	0.0	0.0	0.0	8.0	0.0	4.0	5.0	0.0
	5p	+	33	9167.0	8606.0	8631.0	8969.0	35373.0	157.0	139.0	131.0	146.0	46.0	26.0	41.0	34.0	47.0	25.0	32.0	38.00.0	0.0	0.0	0.0	7.0	0.0	6.0	4.0	0.0
	5p	+	34	9051.0	8090.0	8462.0	8427.0	34030.0	158.0	118.0	137.0	120.0	42.0	27.0	41.0	25.0	35.0	15.0	28.0	37.00.0	0.0	0.0	0.0	5.0	0.0	6.0	7.0	0.0
	5p	+	35	8822.0	7715.0	7917.0	8220.0	32674.0	146.0	115.0	120.0	115.0	37.0	21.0	29.0	31.0	40.0	17.0	31.0	26.00.0	0.0	0.0	0.0	8.0	0.0	9.0	1.0	0.0
	5p	+	36	8398.0	7354.0	7482.0	8032.0	31266.0	134.0	113.0	116.0	149.0	33.0	29.0	39.0	26.0	35.0	16.0	21.0	33.00.0	0.0	0.0	0.0	3.0	0.0	3.0	2.0	0.0
	5p	+	37	7968.0	7082.0	7097.0	7613.0	29760.0	128.0	97.0	98.0	117.0	27.0	18.0	36.0	21.0	36.0	25.0	37.0	24.00.0	0.0	0.0	0.0	5.0	0.0	4.0	0.0	0.0
	5p	+	38	7720.0	6664.0	6620.0	7247.0	28251.0	142.0	87.0	99.0	99.0	33.0	9.0	31.0	27.0	39.0	21.0	34.0	25.00.0	0.0	0.0	0.0	4.0	0.0	6.0	2.0	0.0
	5p	+	39	7233.0	6299.0	6394.0	6916.0	26842.0	122.0	98.0	109.0	101.0	22.0	22.0	21.0	28.0	21.0	21.0	21.0	27.00.0	0.0	0.0	0.0	9.0	0.0	4.0	1.0	0.0
	5p	+	40	6883.0	5898.0	5970.0	6658.0	25409.0	115.0	96.0	94.0	113.0	24.0	21.0	29.0	25.0	25.0	18.0	27.0	20.00.0	0.0	0.0	0.0	8.0	0.0	3.0	5.0	0.0
	5p	+	41	6590.0	5589.0	5625.0	6171.0	23975.0	113.0	69.0	78.0	93.0	25.0	11.0	25.0	23.0	25.0	22.0	20.0	25.00.0	0.0	0.0	0.0	4.0	0.0	4.0	8.0	0.0
	5p	+	42	6247.0	5242.0	5207.0	5901.0	22597.0	98.0	96.0	67.0	83.0	14.0	14.0	21.0	23.0	31.0	18.0	18.0	25.00.0	0.0	0.0	0.0	5.0	0.0	3.0	2.0	0.0
	5p	+	43	5931.0	4827.0	4883.0	5639.0	21280.0	89.0	65.0	65.0	69.0	19.0	11.0	25.0	11.0	14.0	13.0	18.0	23.00.0	0.0	0.0	0.0	4.0	0.0	2.0	2.0	0.0
	5p	+	44	5620.0	4408.0	4708.0	5273.0	20009.0	103.0	52.0	66.0	66.0	21.0	16.0	22.0	27.0	25.0	16.0	19.0	24.00.0	0.0	0.0	0.0	2.0	0.0	2.0	5.0	0.0
	5p	+	45	5246.0	4386.0	4285.0	4882.0	18799.0	83.0	73.0	61.0	70.0	25.0	21.0	17.0	17.0	20.0	15.0	14.0	13.00.0	0.0	0.0	0.0	6.0	0.0	2.0	0.0	0.0
	5p	+	46	4994.0	4023.0	3915.0	4718.0	17650.0	76.0	58.0	50.0	52.0	15.0	12.0	18.0	23.0	30.0	14.0	21.0	16.00.0	0.0	0.0	0.0	5.0	0.0	0.0	6.0	0.0
	5p	+	47	4684.0	3712.0	3777.0	4413.0	16586.0	92.0	65.0	54.0	57.0	19.0	11.0	21.0	24.0	19.0	12.0	13.0	17.00.0	0.0	0.0	0.0	3.0	0.0	4.0	5.0	0.0
	5p	+	48	4433.0	3399.0	3683.0	3965.0	15480.0	79.0	63.0	53.0	42.0	21.0	11.0	16.0	14.0	16.0	13.0	14.0	13.00.0	0.0	0.0	0.0	4.0	0.0	4.0	2.0	0.0
	5p	+	49	4037.0	3308.0	3270.0	3920.0	14535.0	61.0	40.0	58.0	58.0	8.0	7.0	11.0	26.0	14.0	6.0	9.0	15.00.0	0.0	0.0	0.0	5.0	0.0	1.0	0.0	0.0
	5p	+	50	3873.0	2992.0	3084.0	3684.0	13633.0	76.0	49.0	50.0	61.0	14.0	12.0	11.0	16.0	17.0	16.0	14.0	14.00.0	0.0	0.0	0.0	3.0	0.0	1.0	0.0	0.0
	5p	+	51	3595.0	2820.0	2988.0	3353.0	12756.0	65.0	45.0	57.0	47.0	21.0	15.0	12.0	16.0	11.0	9.0	10.0	12.00.0	0.0	0.0	0.0	3.0	0.0	2.0	1.0	0.0
	5p	+	52	3404.0	2597.0	2754.0	3113.0	11868.0	57.0	44.0	33.0	52.0	14.0	9.0	6.0	16.0	21.0	4.0	12.0	11.00.0	0.0	0.0	0.0	0.0	0.0	1.0	1.0	0.0
	5p	+	53	3104.0	2474.0	2501.0	2964.0	11043.0	61.0	33.0	36.0	43.0	8.0	6.0	11.0	11.0	17.0	8.0	7.0	6.00.0	0.0	0.0	0.0	2.0	0.0	0.0	0.0	0.0
	5p	+	54	2994.0	2228.0	2301.0	2730.0	10253.0	50.0	35.0	43.0	34.0	9.0	9.0	11.0	9.0	9.0	4.0	7.0	12.00.0	0.0	0.0	0.0	1.0	0.0	4.0	0.0	0.0
	5p	+	55	2717.0	2102.0	2096.0	2644.0	9559.0	42.0	25.0	30.0	38.0	9.0	4.0	11.0	12.0	13.0	11.0	8.0	9.00.0	0.0	0.0	0.0	2.0	0.0	0.0	5.0	0.0
	5p	+	56	2520.0	1957.0	2072.0	2381.0	8930.0	37.0	35.0	23.0	31.0	13.0	4.0	4.0	8.0	8.0	2.0	6.0	11.00.0	0.0	0.0	0.0	3.0	0.0	4.0	0.0	0.0
	5p	+	57	2406.0	1861.0	1861.0	2256.0	8384.0	48.0	27.0	34.0	38.0	4.0	6.0	7.0	11.0	13.0	12.0	10.0	4.00.0	0.0	0.0	0.0	1.0	0.0	1.0	0.0	0.0
	5p	+	58	2291.0	1695.0	1715.0	2132.0	7833.0	42.0	36.0	36.0	37.0	9.0	7.0	7.0	5.0	7.0	4.0	1.0	16.00.0	0.0	0.0	0.0	1.0	0.0	0.0	0.0	0.0
	5p	+	59	2095.0	1616.0	1638.0	1963.0	7312.0	31.0	24.0	25.0	25.0	11.0	7.0	5.0	9.0	9.0	4.0	7.0	7.00.0	0.0	0.0	0.0	2.0	0.0	0.0	0.0	0.0
	5p	+	60	2000.0	1508.0	1547.0	1788.0	6843.0	36.0	19.0	16.0	22.0	15.0	4.0	9.0	10.0	8.0	5.0	6.0	4.00.0	0.0	0.0	0.0	0.0	0.0	2.0	1.0	0.0
	5p	+	61	1804.0	1422.0	1402.0	1789.0	6417.0	39.0	21.0	22.0	22.0	10.0	3.0	5.0	7.0	5.0	2.0	7.0	5.00.0	0.0	0.0	0.0	3.0	0.0	1.0	0.0	0.0
	5p	+	62	1715.0	1304.0	1361.0	1633.0	6013.0	24.0	25.0	31.0	15.0	13.0	2.0	6.0	5.0	7.0	3.0	2.0	9.00.0	0.0	0.0	0.0	1.0	0.0	1.0	0.0	0.0
	5p	+	63	1567.0	1313.0	1237.0	1490.0	5607.0	36.0	19.0	24.0	26.0	9.0	3.0	3.0	8.0	5.0	7.0	2.0	3.00.0	0.0	0.0	0.0	0.0	0.0	1.0	1.0	0.0
	5p	+	64	1539.0	1143.0	1150.0	1420.0	5252.0	22.0	13.0	21.0	23.0	4.0	2.0	2.0	8.0	6.0	3.0	6.0	4.00.0	0.0	0.0	0.0	0.0	0.0	1.0	0.0	0.0
	5p	+	65	1428.0	1017.0	1122.0	1336.0	4903.0	20.0	16.0	17.0	11.0	4.0	2.0	2.0	0.0	5.0	4.0	1.0	7.00.0	0.0	0.0	0.0	1.0	0.0	1.0	0.0	0.0
	5p	+	66	1290.0	975.0	1099.0	1226.0	4590.0	24.0	16.0	12.0	10.0	7.0	7.0	2.0	4.0	3.0	9.0	5.0	5.00.0	0.0	0.0	0.0	0.0	0.0	2.0	1.0	0.0
	5p	+	67	1252.0	953.0	969.0	1116.0	4290.0	23.0	10.0	12.0	10.0	10.0	1.0	5.0	7.0	5.0	2.0	6.0	5.00.0	0.0	0.0	0.0	0.0	0.0	1.0	0.0	0.0
	5p	+	68	1193.0	882.0	855.0	1080.0	4010.0	23.0	15.0	18.0	9.0	10.0	1.0	9.0	3.0	2.0	1.0	4.0	3.00.0	0.0	0.0	0.0	0.0	0.0	0.0	0.0	0.0
	5p	+	69	1110.0	814.0	848.0	947.0	3719.0	11.0	9.0	8.0	21.0	7.0	1.0	2.0	6.0	7.0	0.0	5.0	1.00.0	0.0	0.0	0.0	1.0	0.0	0.0	0.0	0.0
	5p	+	70	1020.0	751.0	780.0	951.0	3502.0	10.0	12.0	13.0	16.0	8.0	3.0	6.0	1.0	6.0	1.0	2.0	3.00.0	0.0	0.0	0.0	1.0	0.0	0.0	1.0	0.0
	5p	+	71	943.0	704.0	728.0	914.0	3289.0	13.0	11.0	6.0	8.0	7.0	2.0	1.0	8.0	4.0	4.0	0.0	0.00.0	0.0	0.0	0.0	2.0	0.0	0.0	0.0	0.0
	5p	+	72	939.0	652.0	686.0	777.0	3054.0	19.0	14.0	13.0	9.0	6.0	3.0	5.0	6.0	7.0	3.0	2.0	1.00.0	0.0	0.0	0.0	0.0	0.0	1.0	0.0	0.0
	5p	+	73	854.0	608.0	609.0	813.0	2884.0	17.0	14.0	11.0	11.0	3.0	3.0	4.0	5.0	5.0	2.0	2.0	3.00.0	0.0	0.0	0.0	0.0	0.0	0.0	0.0	0.0
	5p	+	74	821.0	582.0	584.0	714.0	2701.0	13.0	10.0	6.0	3.0	6.0	1.0	2.0	2.0	3.0	1.0	2.0	1.00.0	0.0	0.0	0.0	0.0	0.0	0.0	0.0	0.0
	5p	+	75	743.0	547.0	566.0	686.0	2542.0	16.0	14.0	14.0	11.0	5.0	2.0	2.0	2.0	3.0	2.0	0.0	3.00.0	0.0	0.0	0.0	0.0	0.0	0.0	0.0	0.0
	5p	+	76	680.0	528.0	516.0	665.0	2389.0	8.0	4.0	13.0	7.0	2.0	4.0	6.0	3.0	2.0	0.0	4.0	0.00.0	0.0	0.0	0.0	1.0	0.0	0.0	0.0	0.0
	5p	+	77	649.0	473.0	523.0	610.0	2255.0	10.0	6.0	3.0	13.0	2.0	0.0	3.0	6.0	4.0	1.0	4.0	1.00.0	0.0	0.0	0.0	1.0	0.0	0.0	0.0	0.0
	5p	+	78	648.0	456.0	464.0	558.0	2126.0	12.0	7.0	5.0	4.0	1.0	1.0	1.0	2.0	3.0	1.0	3.0	1.00.0	0.0	0.0	0.0	0.0	0.0	0.0	1.0	0.0
	5p	+	79	626.0	416.0	446.0	512.0	2000.0	14.0	5.0	7.0	5.0	6.0	2.0	0.0	1.0	2.0	2.0	2.0	4.00.0	0.0	0.0	0.0	0.0	0.0	1.0	0.0	0.0
	5p	+	80	573.0	408.0	417.0	504.0	1902.0	11.0	10.0	8.0	5.0	3.0	2.0	2.0	2.0	1.0	1.0	1.0	3.00.0	0.0	0.0	0.0	1.0	0.0	0.0	0.0	0.0
	5p	+	81	546.0	395.0	369.0	482.0	1792.0	6.0	5.0	9.0	5.0	1.0	2.0	1.0	1.0	1.0	0.0	0.0	1.00.0	0.0	0.0	0.0	1.0	0.0	0.0	0.0	0.0
	5p	+	82	493.0	366.0	365.0	473.0	1697.0	7.0	7.0	4.0	4.0	4.0	0.0	1.0	0.0	0.0	4.0	0.0	2.00.0	0.0	0.0	0.0	0.0	0.0	1.0	0.0	0.0
	5p	+	83	445.0	336.0	350.0	471.0	1602.0	4.0	5.0	3.0	4.0	3.0	0.0	3.0	1.0	1.0	1.0	0.0	3.00.0	0.0	0.0	0.0	0.0	0.0	0.0	0.0	0.0
	5p	+	84	438.0	339.0	363.0	372.0	1512.0	5.0	8.0	4.0	2.0	1.0	4.0	0.0	0.0	4.0	1.0	2.0	1.00.0	0.0	0.0	0.0	0.0	0.0	0.0	0.0	0.0
	5p	+	85	396.0	310.0	329.0	398.0	1433.0	9.0	5.0	7.0	4.0	2.0	1.0	1.0	4.0	2.0	0.0	2.0	0.00.0	0.0	0.0	0.0	0.0	0.0	0.0	0.0	0.0
	5p	+	86	380.0	297.0	318.0	353.0	1348.0	4.0	6.0	5.0	6.0	4.0	1.0	3.0	6.0	1.0	1.0	0.0	3.00.0	0.0	0.0	0.0	0.0	0.0	0.0	0.0	0.0
	5p	+	87	402.0	245.0	300.0	319.0	1266.0	6.0	2.0	4.0	5.0	2.0	4.0	2.0	2.0	1.0	0.0	3.0	1.00.0	0.0	0.0	0.0	1.0	0.0	0.0	0.0	0.0
	5p	+	88	370.0	246.0	252.0	323.0	1191.0	3.0	4.0	8.0	3.0	3.0	3.0	2.0	0.0	0.0	0.0	0.0	1.00.0	0.0	0.0	0.0	0.0	0.0	0.0	0.0	0.0
	5p	+	89	347.0	247.0	234.0	306.0	1134.0	0.0	5.0	10.0	5.0	4.0	1.0	1.0	3.0	0.0	1.0	2.0	2.00.0	0.0	0.0	0.0	0.0	0.0	0.0	0.0	0.0
	5p	+	90	327.0	226.0	218.0	290.0	1061.0	3.0	6.0	3.0	2.0	1.0	0.0	1.0	2.0	2.0	2.0	0.0	3.00.0	0.0	0.0	0.0	0.0	0.0	0.0	0.0	0.0
	5p	+	91	302.0	192.0	231.0	278.0	1003.0	6.0	5.0	6.0	5.0	1.0	4.0	0.0	2.0	3.0	2.0	2.0	2.00.0	0.0	0.0	0.0	0.0	0.0	0.0	0.0	0.0
	5p	+	92	274.0	201.0	219.0	250.0	944.0	2.0	5.0	4.0	1.0	0.0	2.0	1.0	0.0	0.0	2.0	0.0	2.00.0	0.0	0.0	0.0	0.0	0.0	0.0	0.0	0.0
	5p	+	93	254.0	193.0	193.0	260.0	900.0	5.0	3.0	5.0	4.0	2.0	1.0	1.0	0.0	1.0	0.0	1.0	0.00.0	0.0	0.0	0.0	0.0	0.0	0.0	0.0	0.0
	5p	+	94	262.0	179.0	188.0	230.0	859.0	5.0	1.0	2.0	6.0	0.0	2.0	3.0	0.0	0.0	0.0	2.0	2.00.0	0.0	0.0	0.0	0.0	0.0	0.0	0.0	0.0
	5p	+	95	262.0	172.0	157.0	222.0	813.0	6.0	1.0	6.0	4.0	3.0	2.0	1.0	0.0	3.0	1.0	0.0	2.00.0	0.0	0.0	0.0	0.0	0.0	0.0	0.0	0.0
	5p	+	96	234.0	154.0	186.0	195.0	769.0	1.0	3.0	2.0	1.0	2.0	1.0	0.0	0.0	2.0	2.0	0.0	0.00.0	0.0	0.0	0.0	0.0	0.0	0.0	0.0	0.0
	5p	+	97	211.0	167.0	143.0	210.0	731.0	5.0	2.0	3.0	2.0	0.0	0.0	0.0	1.0	0.0	1.0	1.0	0.00.0	0.0	0.0	0.0	0.0	0.0	0.0	0.0	0.0
	5p	+	98	194.0	129.0	161.0	220.0	704.0	4.0	0.0	3.0	3.0	2.0	2.0	1.0	3.0	1.0	1.0	0.0	1.00.0	0.0	0.0	0.0	0.0	0.0	0.0	0.0	0.0
	5p	+	99	211.0	125.0	150.0	176.0	662.0	0.0	1.0	2.0	3.0	1.0	2.0	0.0	1.0	0.0	1.0	1.0	0.00.0	0.0	0.0	0.0	0.0	0.0	0.0	0.0	0.0
	5p	+	100	172.0	142.0	151.0	160.0	625.0	2.0	2.0	2.0	5.0	1.0	0.0	1.0	0.0	2.0	1.0	1.0	1.00.0	0.0	0.0	0.0	0.0	0.0	0.0	0.0	0.0
	5p	-	1	10933.0	11398.0	8082.0	8671.0	39084.0	178.0	344.0	141.0	175.0	69.0	35.0	31.0	52.0	38.0	49.0	62.0	36.00.0	0.0	0.0	0.0	0.0	0.0	0.0	0.0	0.0
	5p	-	2	6531.0	9631.0	10921.0	12003.0	39086.0	112.0	297.0	201.0	163.0	62.0	43.0	48.0	35.0	60.0	25.0	49.0	58.00.0	0.0	0.0	0.0	0.0	0.0	0.0	0.0	0.0
	5p	-	3	8472.0	10755.0	9868.0	9992.0	39087.0	167.0	190.0	193.0	137.0	53.0	30.0	52.0	38.0	53.0	23.0	55.0	44.00.0	0.0	0.0	0.0	0.0	0.0	0.0	0.0	0.0
	5p	-	4	10154.0	10751.0	7055.0	11124.0	39084.0	141.0	212.0	114.0	152.0	61.0	39.0	25.0	41.0	28.0	42.0	53.0	54.00.0	0.0	0.0	0.0	1.0	0.0	1.0	1.0	0.0
	5p	-	5	10192.0	9655.0	7893.0	11335.0	39075.0	137.0	213.0	137.0	136.0	28.0	32.0	29.0	47.0	41.0	30.0	51.0	58.00.0	0.0	0.0	0.0	3.0	0.0	4.0	2.0	0.0
	5p	-	6	9308.0	9089.0	9500.0	11176.0	39073.0	125.0	200.0	164.0	141.0	48.0	26.0	29.0	32.0	41.0	33.0	44.0	35.00.0	0.0	0.0	0.0	3.0	0.0	2.0	8.0	0.0
	5p	-	7	10021.0	9126.0	9937.0	9983.0	39067.0	143.0	184.0	142.0	126.0	41.0	27.0	38.0	44.0	42.0	18.0	42.0	36.00.0	0.0	0.0	0.0	3.0	0.0	1.0	10.0	0.0
	5p	-	8	9517.0	9832.0	9538.0	10177.0	39064.0	148.0	176.0	138.0	141.0	52.0	25.0	45.0	36.0	43.0	26.0	46.0	42.00.0	0.0	0.0	0.0	7.0	0.0	6.0	7.0	0.0
	5p	-	9	9469.0	9503.0	9435.0	10665.0	39072.0	150.0	177.0	139.0	141.0	32.0	23.0	30.0	34.0	43.0	22.0	32.0	30.00.0	0.0	0.0	0.0	5.0	0.0	5.0	4.0	0.0
	5p	-	10	9686.0	9149.0	9543.0	10687.0	39065.0	149.0	161.0	140.0	158.0	34.0	25.0	49.0	33.0	49.0	19.0	35.0	30.00.0	0.0	0.0	0.0	2.0	0.0	11.0	3.0	0.0
	5p	-	11	9254.0	9829.0	9904.0	10068.0	39055.0	122.0	147.0	151.0	141.0	41.0	20.0	35.0	26.0	30.0	26.0	38.0	30.00.0	0.0	0.0	0.0	5.0	0.0	10.0	6.0	0.0
	5p	-	12	9327.0	9818.0	9870.0	10041.0	39056.0	138.0	144.0	146.0	178.0	40.0	22.0	41.0	40.0	37.0	21.0	35.0	40.00.0	0.0	0.0	0.0	10.0	0.0	5.0	6.0	0.0
	5p	-	13	9453.0	9745.0	9908.0	9946.0	39052.0	125.0	168.0	134.0	177.0	26.0	25.0	42.0	31.0	36.0	20.0	35.0	28.00.0	0.0	0.0	0.0	9.0	0.0	8.0	9.0	0.0
	5p	-	14	9534.0	9610.0	9970.0	9939.0	39053.0	151.0	170.0	139.0	148.0	47.0	25.0	27.0	38.0	44.0	25.0	45.0	31.00.0	0.0	0.0	0.0	8.0	0.0	11.0	10.0	0.0
	5p	-	15	9473.0	9600.0	10133.0	9847.0	39053.0	135.0	146.0	157.0	164.0	36.0	19.0	35.0	50.0	31.0	21.0	37.0	41.00.0	0.0	0.0	0.0	9.0	0.0	8.0	8.0	0.0
	5p	-	16	9507.0	9792.0	9972.0	9785.0	39056.0	128.0	150.0	144.0	131.0	38.0	18.0	42.0	40.0	43.0	30.0	30.0	44.00.0	0.0	0.0	0.0	6.0	0.0	11.0	9.0	0.0
	5p	-	17	9532.0	9688.0	9943.0	9896.0	39059.0	133.0	148.0	152.0	149.0	42.0	26.0	38.0	48.0	48.0	22.0	32.0	25.00.0	0.0	0.0	0.0	12.0	0.0	5.0	6.0	0.0
	5p	-	18	9470.0	9909.0	9959.0	9710.0	39048.0	124.0	157.0	155.0	153.0	54.0	15.0	33.0	34.0	43.0	23.0	34.0	45.00.0	0.0	0.0	0.0	14.0	0.0	9.0	7.0	0.0
	5p	-	19	9362.0	9904.0	10069.0	9711.0	39046.0	159.0	154.0	148.0	151.0	42.0	22.0	42.0	49.0	43.0	23.0	25.0	34.00.0	0.0	0.0	0.0	9.0	0.0	14.0	11.0	0.0
	5p	-	20	9552.0	9902.0	9964.0	9627.0	39045.0	139.0	143.0	153.0	155.0	31.0	23.0	33.0	36.0	45.0	16.0	33.0	38.00.0	0.0	0.0	0.0	13.0	0.0	5.0	10.0	0.0
	5p	-	21	9565.0	9888.0	9995.0	9606.0	39054.0	160.0	156.0	151.0	157.0	40.0	19.0	35.0	56.0	41.0	24.0	29.0	31.00.0	0.0	0.0	0.0	10.0	0.0	6.0	12.0	0.0
	5p	-	22	9614.0	9913.0	9981.0	9553.0	39061.0	137.0	138.0	155.0	112.0	35.0	21.0	32.0	29.0	50.0	17.0	42.0	29.00.0	0.0	0.0	0.0	5.0	0.0	7.0	8.0	0.0
	5p	-	23	9715.0	9782.0	9818.0	9736.0	39051.0	131.0	147.0	165.0	133.0	38.0	19.0	35.0	33.0	47.0	14.0	32.0	36.00.0	0.0	0.0	0.0	10.0	0.0	7.0	12.0	0.0
	5p	-	24	9614.0	9759.0	9884.0	9797.0	39054.0	128.0	155.0	139.0	155.0	49.0	18.0	32.0	45.0	50.0	16.0	38.0	34.00.0	0.0	0.0	0.0	7.0	0.0	11.0	10.0	0.0
	5p	-	25	9825.0	9930.0	9609.0	9698.0	39062.0	150.0	152.0	158.0	189.0	45.0	12.0	38.0	31.0	34.0	23.0	35.0	40.00.0	0.0	0.0	0.0	7.0	0.0	6.0	3.0	0.0
	5p	-	26	9697.0	9873.0	9857.0	9628.0	39055.0	156.0	117.0	144.0	175.0	33.0	27.0	30.0	42.0	42.0	20.0	35.0	38.00.0	0.0	0.0	0.0	12.0	0.0	5.0	10.0	0.0
	5p	-	27	9895.0	9732.0	9679.0	9743.0	39049.0	134.0	151.0	125.0	156.0	50.0	20.0	40.0	32.0	51.0	27.0	29.0	39.00.0	0.0	0.0	0.0	11.0	0.0	8.0	11.0	0.0
	5p	-	28	9856.0	9654.0	9811.0	9732.0	39053.0	167.0	164.0	132.0	160.0	39.0	18.0	43.0	37.0	47.0	23.0	37.0	28.00.0	0.0	0.0	0.0	7.0	0.0	10.0	9.0	0.0
	5p	-	29	10004.0	9572.0	9872.0	9624.0	39072.0	161.0	134.0	126.0	165.0	39.0	18.0	40.0	43.0	36.0	21.0	47.0	33.00.0	0.0	0.0	0.0	5.0	0.0	2.0	2.0	0.0
	5p	-	30	9927.0	9622.0	9772.0	9741.0	39062.0	192.0	144.0	155.0	132.0	39.0	31.0	36.0	38.0	50.0	33.0	35.0	33.00.0	0.0	0.0	0.0	6.0	0.0	7.0	6.0	0.0
	5p	-	31	9738.0	9341.0	9292.0	9582.0	37953.0	175.0	143.0	119.0	137.0	40.0	24.0	25.0	38.0	41.0	23.0	24.0	39.00.0	0.0	0.0	0.0	9.0	0.0	7.0	6.0	0.0
	5p	-	32	9453.0	9010.0	9067.0	9274.0	36804.0	170.0	120.0	128.0	154.0	44.0	20.0	35.0	34.0	40.0	20.0	25.0	34.00.0	0.0	0.0	0.0	12.0	0.0	8.0	8.0	0.0
	5p	-	33	9171.0	8657.0	8541.0	9166.0	35535.0	153.0	130.0	144.0	157.0	39.0	19.0	39.0	33.0	33.0	26.0	42.0	38.00.0	0.0	0.0	0.0	8.0	0.0	5.0	4.0	0.0
	5p	-	34	9020.0	8161.0	8341.0	8711.0	34233.0	179.0	125.0	127.0	127.0	35.0	15.0	44.0	21.0	32.0	17.0	28.0	29.00.0	0.0	0.0	0.0	6.0	0.0	6.0	3.0	0.0
	5p	-	35	8543.0	7790.0	7989.0	8566.0	32888.0	156.0	114.0	111.0	128.0	42.0	22.0	33.0	29.0	31.0	20.0	29.0	36.00.0	0.0	0.0	0.0	5.0	0.0	8.0	3.0	0.0
	5p	-	36	8496.0	7495.0	7542.0	7924.0	31457.0	141.0	107.0	114.0	134.0	35.0	22.0	26.0	24.0	26.0	20.0	19.0	42.00.0	0.0	0.0	0.0	9.0	0.0	3.0	5.0	0.0
	5p	-	37	8107.0	7050.0	7200.0	7702.0	30059.0	133.0	94.0	106.0	101.0	21.0	31.0	30.0	35.0	27.0	16.0	27.0	33.00.0	0.0	0.0	0.0	10.0	0.0	3.0	6.0	0.0
	5p	-	38	7782.0	6655.0	6777.0	7395.0	28609.0	142.0	110.0	99.0	110.0	30.0	18.0	26.0	23.0	28.0	24.0	24.0	16.00.0	0.0	0.0	0.0	8.0	0.0	5.0	5.0	0.0
	5p	-	39	7413.0	6221.0	6471.0	7017.0	27122.0	135.0	93.0	90.0	108.0	24.0	13.0	19.0	28.0	38.0	21.0	31.0	27.00.0	0.0	0.0	0.0	6.0	0.0	5.0	3.0	0.0
	5p	-	40	7028.0	5880.0	6031.0	6721.0	25660.0	115.0	96.0	87.0	84.0	29.0	17.0	23.0	24.0	35.0	19.0	37.0	17.00.0	0.0	0.0	0.0	8.0	0.0	3.0	5.0	0.0
	5p	-	41	6674.0	5612.0	5619.0	6343.0	24248.0	113.0	80.0	82.0	97.0	20.0	21.0	15.0	25.0	29.0	18.0	13.0	22.00.0	0.0	0.0	0.0	7.0	0.0	5.0	3.0	0.0
	5p	-	42	6309.0	5181.0	5331.0	6081.0	22902.0	133.0	71.0	75.0	83.0	23.0	15.0	17.0	22.0	31.0	20.0	18.0	30.00.0	0.0	0.0	0.0	4.0	0.0	2.0	5.0	0.0
	5p	-	43	5948.0	4859.0	4951.0	5786.0	21544.0	124.0	80.0	87.0	78.0	25.0	14.0	19.0	19.0	23.0	19.0	17.0	24.00.0	0.0	0.0	0.0	3.0	0.0	1.0	2.0	0.0
	5p	-	44	5619.0	4596.0	4559.0	5465.0	20239.0	96.0	70.0	80.0	79.0	21.0	17.0	27.0	20.0	25.0	17.0	30.0	14.00.0	0.0	0.0	0.0	7.0	0.0	7.0	2.0	0.0
	5p	-	45	5228.0	4336.0	4412.0	5039.0	19015.0	86.0	66.0	74.0	86.0	21.0	15.0	9.0	24.0	15.0	22.0	13.0	19.00.0	0.0	0.0	0.0	5.0	0.0	3.0	2.0	0.0
	5p	-	46	5024.0	4020.0	4060.0	4755.0	17859.0	73.0	70.0	67.0	80.0	13.0	10.0	16.0	17.0	22.0	16.0	19.0	16.00.0	0.0	0.0	0.0	4.0	0.0	3.0	2.0	0.0
	5p	-	47	4785.0	3717.0	3755.0	4445.0	16702.0	79.0	65.0	72.0	65.0	22.0	20.0	15.0	15.0	19.0	16.0	11.0	10.00.0	0.0	0.0	0.0	4.0	0.0	1.0	1.0	0.0
	5p	-	48	4383.0	3525.0	3475.0	4215.0	15598.0	82.0	52.0	51.0	61.0	16.0	13.0	19.0	18.0	19.0	16.0	16.0	17.00.0	0.0	0.0	0.0	2.0	0.0	1.0	7.0	0.0
	5p	-	49	4045.0	3270.0	3304.0	3941.0	14560.0	57.0	48.0	55.0	65.0	17.0	11.0	9.0	16.0	24.0	9.0	9.0	14.00.0	0.0	0.0	0.0	7.0	0.0	0.0	3.0	0.0
	5p	-	50	3777.0	3020.0	3099.0	3684.0	13580.0	67.0	39.0	49.0	52.0	12.0	13.0	16.0	11.0	23.0	14.0	12.0	13.00.0	0.0	0.0	0.0	3.0	0.0	3.0	2.0	0.0
	5p	-	51	3496.0	2902.0	2843.0	3418.0	12659.0	48.0	52.0	50.0	45.0	12.0	3.0	7.0	15.0	14.0	11.0	13.0	13.00.0	0.0	0.0	0.0	5.0	0.0	3.0	1.0	0.0
	5p	-	52	3352.0	2659.0	2625.0	3222.0	11858.0	50.0	39.0	52.0	38.0	12.0	8.0	9.0	13.0	18.0	7.0	11.0	14.00.0	0.0	0.0	0.0	5.0	0.0	1.0	3.0	0.0
	5p	-	53	3113.0	2465.0	2484.0	2989.0	11051.0	50.0	54.0	41.0	39.0	21.0	7.0	12.0	6.0	20.0	6.0	6.0	13.00.0	0.0	0.0	0.0	4.0	0.0	4.0	3.0	0.0
	5p	-	54	2901.0	2357.0	2325.0	2776.0	10359.0	49.0	35.0	47.0	32.0	10.0	6.0	10.0	11.0	13.0	11.0	6.0	7.00.0	0.0	0.0	0.0	2.0	0.0	4.0	1.0	0.0
	5p	-	55	2805.0	2198.0	2166.0	2539.0	9708.0	52.0	37.0	41.0	25.0	7.0	8.0	6.0	11.0	14.0	7.0	9.0	9.00.0	0.0	0.0	0.0	4.0	0.0	1.0	1.0	0.0
	5p	-	56	2565.0	2074.0	1967.0	2510.0	9116.0	52.0	31.0	25.0	32.0	5.0	8.0	14.0	12.0	7.0	5.0	9.0	4.00.0	0.0	0.0	0.0	4.0	0.0	2.0	1.0	0.0
	5p	-	57	2403.0	1946.0	1859.0	2328.0	8536.0	48.0	18.0	35.0	29.0	8.0	7.0	14.0	8.0	13.0	6.0	9.0	6.00.0	0.0	0.0	0.0	2.0	0.0	1.0	3.0	0.0
	5p	-	58	2294.0	1771.0	1718.0	2191.0	7974.0	38.0	33.0	20.0	27.0	8.0	1.0	5.0	9.0	8.0	8.0	4.0	7.00.0	0.0	0.0	0.0	2.0	0.0	1.0	1.0	0.0
	5p	-	59	2120.0	1629.0	1697.0	1999.0	7445.0	36.0	25.0	13.0	22.0	9.0	2.0	12.0	10.0	9.0	5.0	6.0	8.00.0	0.0	0.0	0.0	1.0	0.0	0.0	1.0	0.0
	5p	-	60	1951.0	1563.0	1589.0	1887.0	6990.0	34.0	27.0	19.0	29.0	7.0	3.0	6.0	7.0	2.0	8.0	2.0	9.00.0	0.0	0.0	0.0	2.0	0.0	0.0	1.0	0.0
	5p	-	61	1931.0	1489.0	1428.0	1712.0	6560.0	40.0	20.0	21.0	19.0	15.0	2.0	5.0	3.0	6.0	5.0	9.0	3.00.0	0.0	0.0	0.0	0.0	0.0	0.0	1.0	0.0
	5p	-	62	1779.0	1347.0	1345.0	1689.0	6160.0	31.0	10.0	20.0	23.0	9.0	7.0	2.0	7.0	10.0	5.0	6.0	7.00.0	0.0	0.0	0.0	2.0	0.0	2.0	0.0	0.0
	5p	-	63	1598.0	1312.0	1220.0	1632.0	5762.0	30.0	17.0	19.0	20.0	10.0	2.0	11.0	4.0	5.0	4.0	5.0	6.00.0	0.0	0.0	0.0	1.0	0.0	1.0	3.0	0.0
	5p	-	64	1537.0	1188.0	1168.0	1516.0	5409.0	21.0	17.0	12.0	31.0	2.0	10.0	5.0	3.0	9.0	6.0	3.0	4.00.0	0.0	0.0	0.0	1.0	0.0	1.0	0.0	0.0
	5p	-	65	1437.0	1130.0	1113.0	1383.0	5063.0	19.0	12.0	21.0	16.0	5.0	3.0	6.0	7.0	6.0	3.0	3.0	6.00.0	0.0	0.0	0.0	0.0	0.0	0.0	3.0	0.0
	5p	-	66	1403.0	1016.0	1001.0	1317.0	4737.0	24.0	15.0	15.0	14.0	5.0	4.0	7.0	4.0	5.0	2.0	4.0	4.00.0	0.0	0.0	0.0	1.0	0.0	2.0	0.0	0.0
	5p	-	67	1277.0	1001.0	984.0	1201.0	4463.0	17.0	15.0	13.0	17.0	6.0	5.0	9.0	2.0	7.0	2.0	3.0	4.00.0	0.0	0.0	0.0	0.0	0.0	1.0	2.0	0.0
	5p	-	68	1227.0	874.0	937.0	1150.0	4188.0	17.0	11.0	9.0	17.0	3.0	6.0	10.0	2.0	6.0	2.0	11.0	3.00.0	0.0	0.0	0.0	0.0	0.0	0.0	0.0	0.0
	5p	-	69	1108.0	870.0	909.0	1052.0	3939.0	22.0	16.0	13.0	16.0	4.0	2.0	5.0	5.0	3.0	6.0	2.0	1.00.0	0.0	0.0	0.0	1.0	0.0	0.0	0.0	0.0
	5p	-	70	1010.0	779.0	843.0	1052.0	3684.0	19.0	17.0	16.0	15.0	5.0	2.0	5.0	1.0	10.0	4.0	6.0	3.00.0	0.0	0.0	0.0	2.0	0.0	0.0	0.0	0.0
	5p	-	71	978.0	771.0	771.0	966.0	3486.0	18.0	17.0	8.0	22.0	4.0	6.0	2.0	2.0	6.0	2.0	4.0	5.00.0	0.0	0.0	0.0	0.0	0.0	0.0	0.0	0.0
	5p	-	72	948.0	699.0	733.0	879.0	3259.0	21.0	14.0	14.0	9.0	2.0	2.0	1.0	4.0	5.0	2.0	4.0	4.00.0	0.0	0.0	0.0	0.0	0.0	0.0	0.0	0.0
	5p	-	73	891.0	678.0	689.0	824.0	3082.0	9.0	12.0	12.0	11.0	6.0	8.0	3.0	9.0	3.0	6.0	4.0	5.00.0	0.0	0.0	0.0	0.0	0.0	0.0	1.0	0.0
	5p	-	74	782.0	672.0	652.0	777.0	2883.0	13.0	13.0	7.0	11.0	5.0	2.0	1.0	1.0	6.0	4.0	4.0	4.00.0	0.0	0.0	0.0	0.0	0.0	1.0	0.0	0.0
	5p	-	75	791.0	594.0	587.0	733.0	2705.0	15.0	9.0	2.0	7.0	3.0	3.0	1.0	3.0	7.0	3.0	4.0	3.00.0	0.0	0.0	0.0	0.0	0.0	0.0	0.0	0.0
	5p	-	76	729.0	544.0	534.0	740.0	2547.0	5.0	7.0	7.0	5.0	1.0	3.0	3.0	1.0	3.0	1.0	2.0	2.00.0	0.0	0.0	0.0	0.0	0.0	0.0	0.0	0.0
	5p	-	77	659.0	505.0	570.0	669.0	2403.0	12.0	5.0	14.0	10.0	1.0	0.0	4.0	9.0	3.0	0.0	1.0	3.00.0	0.0	0.0	0.0	0.0	0.0	0.0	0.0	0.0
	5p	-	78	602.0	514.0	506.0	628.0	2250.0	5.0	13.0	7.0	10.0	3.0	2.0	3.0	2.0	3.0	2.0	1.0	4.00.0	0.0	0.0	0.0	0.0	0.0	0.0	0.0	0.0
	5p	-	79	621.0	462.0	446.0	576.0	2105.0	12.0	9.0	8.0	9.0	4.0	0.0	2.0	2.0	1.0	0.0	2.0	3.00.0	0.0	0.0	0.0	0.0	0.0	0.0	2.0	0.0
	5p	-	80	561.0	431.0	449.0	547.0	1988.0	13.0	7.0	5.0	4.0	0.0	0.0	2.0	3.0	0.0	2.0	4.0	3.00.0	0.0	0.0	0.0	0.0	0.0	0.0	0.0	0.0
	5p	-	81	530.0	410.0	406.0	515.0	1861.0	3.0	2.0	11.0	12.0	1.0	2.0	1.0	1.0	1.0	0.0	1.0	2.00.0	0.0	0.0	0.0	0.0	0.0	0.0	0.0	0.0
	5p	-	82	506.0	363.0	393.0	493.0	1755.0	10.0	7.0	9.0	7.0	4.0	3.0	0.0	2.0	1.0	2.0	3.0	3.00.0	0.0	0.0	0.0	0.0	0.0	0.0	0.0	0.0
	5p	-	83	495.0	336.0	399.0	427.0	1657.0	14.0	3.0	5.0	8.0	4.0	2.0	2.0	1.0	2.0	2.0	1.0	3.00.0	0.0	0.0	0.0	0.0	0.0	1.0	1.0	0.0
	5p	-	84	466.0	319.0	348.0	434.0	1567.0	8.0	4.0	9.0	6.0	1.0	1.0	2.0	2.0	1.0	0.0	1.0	1.00.0	0.0	0.0	0.0	1.0	0.0	1.0	0.0	0.0
	5p	-	85	428.0	323.0	318.0	405.0	1474.0	4.0	6.0	4.0	6.0	0.0	0.0	0.0	1.0	1.0	1.0	1.0	2.00.0	0.0	0.0	0.0	1.0	0.0	0.0	0.0	0.0
	5p	-	86	403.0	306.0	299.0	393.0	1401.0	8.0	2.0	9.0	4.0	2.0	2.0	0.0	2.0	3.0	1.0	1.0	2.00.0	0.0	0.0	0.0	1.0	0.0	0.0	0.0	0.0
	5p	-	87	344.0	297.0	306.0	373.0	1320.0	7.0	7.0	3.0	5.0	1.0	1.0	1.0	1.0	1.0	0.0	1.0	1.00.0	0.0	0.0	0.0	2.0	0.0	0.0	0.0	0.0
	5p	-	88	376.0	264.0	269.0	329.0	1238.0	4.0	3.0	3.0	8.0	4.0	0.0	3.0	1.0	1.0	1.0	1.0	1.00.0	0.0	0.0	0.0	0.0	0.0	0.0	0.0	0.0
	5p	-	89	331.0	233.0	265.0	335.0	1164.0	8.0	8.0	6.0	5.0	1.0	0.0	1.0	1.0	1.0	0.0	0.0	0.00.0	0.0	0.0	0.0	0.0	0.0	0.0	0.0	0.0
	5p	-	90	319.0	240.0	255.0	277.0	1091.0	8.0	3.0	8.0	5.0	3.0	1.0	3.0	1.0	0.0	2.0	1.0	1.00.0	0.0	0.0	0.0	0.0	0.0	0.0	0.0	0.0
	5p	-	91	286.0	226.0	240.0	282.0	1034.0	2.0	5.0	7.0	4.0	1.0	1.0	1.0	0.0	0.0	1.0	1.0	2.00.0	0.0	0.0	0.0	0.0	0.0	0.0	0.0	0.0
	5p	-	92	274.0	210.0	234.0	259.0	977.0	4.0	4.0	4.0	3.0	0.0	0.0	1.0	2.0	2.0	0.0	1.0	1.00.0	0.0	0.0	0.0	0.0	0.0	0.0	0.0	0.0
	5p	-	93	289.0	211.0	180.0	236.0	916.0	4.0	0.0	5.0	4.0	0.0	2.0	1.0	1.0	3.0	0.0	2.0	0.00.0	0.0	0.0	0.0	0.0	0.0	0.0	0.0	0.0
	5p	-	94	263.0	160.0	200.0	247.0	870.0	5.0	0.0	3.0	5.0	0.0	0.0	3.0	0.0	2.0	1.0	2.0	2.00.0	0.0	0.0	0.0	0.0	0.0	0.0	0.0	0.0
	5p	-	95	244.0	177.0	191.0	213.0	825.0	5.0	2.0	4.0	1.0	0.0	1.0	0.0	0.0	1.0	1.0	3.0	0.00.0	0.0	0.0	0.0	0.0	0.0	1.0	0.0	0.0
	5p	-	96	215.0	164.0	176.0	216.0	771.0	3.0	3.0	4.0	1.0	0.0	1.0	0.0	0.0	0.0	1.0	1.0	0.00.0	0.0	0.0	0.0	0.0	0.0	0.0	0.0	0.0
	5p	-	97	194.0	147.0	181.0	212.0	734.0	5.0	2.0	2.0	1.0	0.0	1.0	1.0	0.0	0.0	0.0	0.0	0.00.0	0.0	0.0	0.0	0.0	0.0	0.0	0.0	0.0
	5p	-	98	190.0	157.0	162.0	180.0	689.0	2.0	1.0	5.0	4.0	3.0	0.0	2.0	0.0	1.0	0.0	0.0	2.00.0	0.0	0.0	0.0	0.0	0.0	0.0	0.0	0.0
	5p	-	99	176.0	142.0	159.0	176.0	653.0	3.0	3.0	2.0	2.0	1.0	0.0	0.0	2.0	1.0	1.0	1.0	0.00.0	0.0	0.0	0.0	0.0	0.0	0.0	0.0	0.0
	5p	-	100	189.0	131.0	130.0	158.0	608.0	3.0	3.0	2.0	0.0	1.0	2.0	0.0	1.0	0.0	1.0	1.0	0.00.0	0.0	0.0	0.0	0.0	0.0	0.0	0.0	0.0
