# table produced by DamageProfiler
# using mapped file PaA020.BuffaloCape_Human_nc.Target.rmdup.noMicro.bam
# Sample ID: PaA020.BuffaloCape_Human_nc.Target.rmdup.noMicro.bam
Pos	C>T	G>A	A>C	A>G	A>T	C>A	C>G	G>C	G>T	T>A	T>C	T>G	->ACGT	ACGT>-
24	0.009881	0.000000	0.005995	0.001199	0.005995	0.005929	0.001976	0.000000	0.007299	0.007519	0.010025	0.006266	0.003138	0.000000
23	0.011834	0.004739	0.002401	0.004802	0.003601	0.000000	0.003945	0.004739	0.014218	0.001284	0.002567	0.003851	0.004329	0.000000
22	0.012766	0.004673	0.003597	0.004796	0.002398	0.000000	0.002128	0.004673	0.002336	0.003722	0.004963	0.004963	0.005516	0.000000
21	0.004049	0.007109	0.007238	0.012063	0.003619	0.010121	0.004049	0.002370	0.007109	0.003788	0.005051	0.005051	0.006307	0.000000
20	0.008889	0.002232	0.001185	0.003555	0.003555	0.004444	0.004444	0.006696	0.008929	0.003736	0.006227	0.004981	0.004322	0.000000
19	0.008264	0.004415	0.005995	0.004796	0.003597	0.008264	0.010331	0.008830	0.000000	0.003881	0.009056	0.003881	0.004324	0.000000
18	0.008475	0.015184	0.009816	0.004908	0.004908	0.008475	0.006356	0.000000	0.006508	0.003755	0.002503	0.000000	0.002356	0.000000
17	0.000000	0.006637	0.001183	0.005917	0.007101	0.012739	0.002123	0.004425	0.004425	0.003871	0.007742	0.003871	0.004326	0.000000
16	0.015534	0.007229	0.003444	0.002296	0.003444	0.005825	0.003883	0.004819	0.002410	0.000000	0.004027	0.002685	0.003928	0.000000
15	0.003922	0.004717	0.006865	0.006865	0.003432	0.007843	0.000000	0.004717	0.000000	0.004104	0.004104	0.001368	0.006696	0.000000
14	0.012048	0.013333	0.004944	0.008653	0.002472	0.006024	0.008032	0.006667	0.013333	0.001271	0.008895	0.002541	0.004324	0.000000
13	0.006122	0.013605	0.005903	0.003542	0.004723	0.006122	0.000000	0.004535	0.009070	0.006527	0.005222	0.003916	0.004324	0.000000
12	0.012346	0.004651	0.001205	0.006024	0.002410	0.004115	0.004115	0.004651	0.006977	0.002541	0.007624	0.003812	0.006711	0.000000
11	0.004310	0.008811	0.001167	0.007001	0.005834	0.008621	0.002155	0.006608	0.002203	0.002604	0.001302	0.006510	0.002753	0.000000
10	0.006263	0.009029	0.006017	0.007220	0.003610	0.002088	0.002088	0.002257	0.002257	0.003802	0.005070	0.007605	0.006294	0.000000
9	0.011062	0.000000	0.006105	0.004884	0.001221	0.004425	0.004425	0.004630	0.004630	0.001195	0.004779	0.003584	0.005512	0.000000
8	0.008791	0.016279	0.002345	0.003517	0.003517	0.002198	0.002198	0.009302	0.002326	0.006180	0.009889	0.002472	0.003926	0.000000
7	0.006565	0.010183	0.002442	0.008547	0.001221	0.013129	0.004376	0.004073	0.010183	0.002587	0.006468	0.005175	0.005906	0.000000
6	0.015625	0.006865	0.005488	0.005488	0.007684	0.002232	0.000000	0.006865	0.000000	0.006667	0.010667	0.001333	0.003535	0.000000
5	0.017131	0.004474	0.003300	0.006601	0.003300	0.008565	0.004283	0.004474	0.008949	0.004132	0.004132	0.000000	0.002354	0.000000
4	0.010288	0.009685	0.003444	0.005741	0.003444	0.006173	0.004115	0.007264	0.009685	0.000000	0.000000	0.001274	0.000000	0.000000
3	0.011038	0.015267	0.000000	0.005348	0.002139	0.008830	0.004415	0.007634	0.000000	0.002574	0.012870	0.003861	0.000000	0.000000
2	0.020161	0.013889	0.005441	0.003264	0.008705	0.008065	0.006048	0.002778	0.008333	0.005109	0.006386	0.002554	0.000000	0.000000
1	0.145068	0.011429	0.004251	0.005313	0.001063	0.011605	0.001934	0.005714	0.017143	0.006676	0.012016	0.004005	0.000391	0.000000
0	0.413302	0.035573	0.002116	0.002116	0.014815	0.009501	0.004751	0.011858	0.011858	0.007455	0.003195	0.005325	0.000000	0.000000
