# table produced by DamageProfiler
# using mapped file PaA020.BuffaloCape_Human_nc.Target.rmdup.noMicro.bam
# Sample ID: PaA020.BuffaloCape_Human_nc.Target.rmdup.noMicro.bam
Chr	End	Std	Pos	A	C	G	T	Total
	3p	+	1	480	112	135	573	1300
	3p	+	2	467	232	174	427	1300
	3p	+	3	478	256	183	383	1300
	3p	+	4	479	244	198	379	1300
	3p	+	5	459	246	193	402	1300
	3p	+	6	451	234	229	386	1300
	3p	+	7	465	234	218	383	1300
	3p	+	8	416	254	256	374	1300
	3p	+	9	439	230	217	414	1300
	3p	+	10	412	224	234	430	1300
	3p	+	11	416	240	245	399	1300
	3p	+	12	408	238	238	416	1300
	3p	+	13	423	230	229	418	1300
	3p	+	14	437	254	221	388	1300
	3p	+	15	410	271	227	392	1300
	3p	+	16	444	270	213	373	1300
	3p	+	17	445	270	221	364	1300
	3p	+	18	434	235	225	406	1300
	3p	+	19	409	234	211	446	1300
	3p	+	20	434	252	248	366	1300
	3p	+	21	426	228	234	412	1300
	3p	+	22	416	252	232	400	1300
	3p	+	23	439	240	207	414	1300
	3p	+	24	428	253	225	394	1300
	3p	+	25	420	245	212	423	1300
	3p	+	26	425	242	224	409	1300
	3p	+	27	411	258	218	413	1300
	3p	+	28	424	256	249	371	1300
	3p	+	29	425	274	228	373	1300
	3p	+	30	425	249	227	399	1300
	3p	+	31	369	187	212	358	1126
	3p	+	32	322	173	182	319	996
	3p	+	33	304	128	156	294	882
	3p	+	34	256	139	168	237	800
	3p	+	35	211	149	127	239	726
	3p	+	36	207	110	125	206	648
	3p	+	37	187	95	95	192	569
	3p	+	38	173	88	76	171	508
	3p	+	39	148	64	71	159	442
	3p	+	40	115	53	67	148	383
	3p	+	41	113	60	45	120	338
	3p	+	42	93	41	56	103	293
	3p	+	43	99	39	46	84	268
	3p	+	44	74	36	37	86	233
	3p	+	45	64	28	32	80	204
	3p	+	46	65	30	23	58	176
	3p	+	47	35	22	33	57	147
	3p	+	48	47	22	21	38	128
	3p	+	49	31	24	20	39	114
	3p	+	50	34	17	22	32	105
	3p	+	51	37	14	16	27	94
	3p	+	52	29	10	15	33	87
	3p	+	53	26	7	15	32	80
	3p	+	54	26	13	10	23	72
	3p	+	55	21	11	14	15	61
	3p	+	56	27	1	10	18	56
	3p	+	57	17	10	10	13	50
	3p	+	58	14	4	8	14	40
	3p	+	59	12	2	4	14	32
	3p	+	60	10	3	5	10	28
	3p	+	61	6	2	6	9	23
	3p	+	62	6	1	5	8	20
	3p	+	63	5	3	3	6	17
	3p	+	64	7	2	2	5	16
	3p	+	65	6	0	1	5	12
	3p	+	66	3	1	1	5	10
	3p	+	67	3	3	0	3	9
	3p	+	68	2	2	1	2	7
	3p	+	69	2	1	2	2	7
	3p	+	70	2	3	1	1	7
	3p	+	71	4	0	0	2	6
	3p	+	72	2	0	2	1	5
	3p	+	73	1	0	2	2	5
	3p	+	74	0	1	2	2	5
	3p	+	75	1	0	1	3	5
	3p	+	76	2	0	0	3	5
	3p	+	77	2	1	0	2	5
	3p	+	78	1	0	2	1	4
	3p	+	79	1	1	2	0	4
	3p	+	80	1	1	0	2	4
	3p	+	81	0	3	1	0	4
	3p	+	82	1	1	0	1	3
	3p	+	83	1	1	0	1	3
	3p	+	84	0	0	1	1	2
	3p	+	85	1	0	0	0	1
	3p	+	86	1	0	0	0	1
	3p	+	87	1	0	0	0	1
	3p	+	88	0	0	0	1	1
	3p	+	89	0	0	0	0	0
	3p	+	90	0	0	0	0	0
	3p	+	91	0	0	0	0	0
	3p	+	92	0	0	0	0	0
	3p	+	93	0	0	0	0	0
	3p	+	94	0	0	0	0	0
	3p	+	95	0	0	0	0	0
	3p	+	96	0	0	0	0	0
	3p	+	97	0	0	0	0	0
	3p	+	98	0	0	0	0	0
	3p	+	99	0	0	0	0	0
	3p	+	100	0	0	0	0	0
	3p	-	1	467	137	112	542	1258
	3p	-	2	480	218	173	387	1258
	3p	-	3	438	234	176	410	1258
	3p	-	4	461	211	196	390	1258
	3p	-	5	408	236	217	397	1258
	3p	-	6	456	229	221	352	1258
	3p	-	7	442	224	222	370	1258
	3p	-	8	410	208	240	400	1258
	3p	-	9	422	236	211	389	1258
	3p	-	10	405	235	207	411	1258
	3p	-	11	411	251	212	384	1258
	3p	-	12	449	227	222	360	1258
	3p	-	13	408	259	214	377	1258
	3p	-	14	414	244	220	380	1258
	3p	-	15	400	229	227	402	1258
	3p	-	16	428	252	220	358	1258
	3p	-	17	430	241	197	390	1258
	3p	-	18	411	243	235	369	1258
	3p	-	19	407	237	250	364	1258
	3p	-	20	402	237	215	404	1258
	3p	-	21	422	227	217	392	1258
	3p	-	22	411	250	203	394	1258
	3p	-	23	396	237	229	396	1258
	3p	-	24	401	256	201	400	1258
	3p	-	25	416	266	206	370	1258
	3p	-	26	380	250	237	391	1258
	3p	-	27	411	235	217	395	1258
	3p	-	28	384	247	220	407	1258
	3p	-	29	423	237	242	356	1258
	3p	-	30	416	231	237	374	1258
	3p	-	31	325	181	217	344	1067
	3p	-	32	306	150	171	333	960
	3p	-	33	278	154	161	273	866
	3p	-	34	270	117	138	259	784
	3p	-	35	252	119	124	225	720
	3p	-	36	196	128	99	229	652
	3p	-	37	174	110	102	210	596
	3p	-	38	178	83	90	181	532
	3p	-	39	136	83	94	156	469
	3p	-	40	133	54	70	166	423
	3p	-	41	125	65	66	115	371
	3p	-	42	102	54	63	114	333
	3p	-	43	91	43	54	107	295
	3p	-	44	80	44	40	99	263
	3p	-	45	86	35	39	67	227
	3p	-	46	61	46	30	63	200
	3p	-	47	54	34	31	58	177
	3p	-	48	48	19	33	53	153
	3p	-	49	50	18	18	45	131
	3p	-	50	44	14	15	41	114
	3p	-	51	40	25	12	26	103
	3p	-	52	23	15	20	33	91
	3p	-	53	24	15	13	28	80
	3p	-	54	23	8	10	28	69
	3p	-	55	26	11	5	21	63
	3p	-	56	19	10	12	13	54
	3p	-	57	18	9	9	15	51
	3p	-	58	14	7	7	17	45
	3p	-	59	16	6	4	12	38
	3p	-	60	12	10	4	11	37
	3p	-	61	13	7	5	9	34
	3p	-	62	9	3	4	11	27
	3p	-	63	8	2	2	9	21
	3p	-	64	5	6	2	5	18
	3p	-	65	6	5	1	3	15
	3p	-	66	4	2	4	4	14
	3p	-	67	5	2	4	2	13
	3p	-	68	5	2	2	2	11
	3p	-	69	2	1	2	3	8
	3p	-	70	5	0	0	3	8
	3p	-	71	4	1	0	1	6
	3p	-	72	5	0	0	0	5
	3p	-	73	1	1	2	0	4
	3p	-	74	2	0	0	2	4
	3p	-	75	1	3	0	0	4
	3p	-	76	1	1	0	2	4
	3p	-	77	1	0	1	2	4
	3p	-	78	0	0	1	3	4
	3p	-	79	1	0	2	1	4
	3p	-	80	1	0	1	1	3
	3p	-	81	0	0	1	0	1
	3p	-	82	0	0	0	0	0
	3p	-	83	0	0	0	0	0
	3p	-	84	0	0	0	0	0
	3p	-	85	0	0	0	0	0
	3p	-	86	0	0	0	0	0
	3p	-	87	0	0	0	0	0
	3p	-	88	0	0	0	0	0
	3p	-	89	0	0	0	0	0
	3p	-	90	0	0	0	0	0
	3p	-	91	0	0	0	0	0
	3p	-	92	0	0	0	0	0
	3p	-	93	0	0	0	0	0
	3p	-	94	0	0	0	0	0
	3p	-	95	0	0	0	0	0
	3p	-	96	0	0	0	0	0
	3p	-	97	0	0	0	0	0
	3p	-	98	0	0	0	0	0
	3p	-	99	0	0	0	0	0
	3p	-	100	0	0	0	0	0
	5p	+	1	415	186	212	487	1300
	5p	+	2	414	214	232	440	1300
	5p	+	3	419	253	251	377	1300
	5p	+	4	387	237	286	390	1300
	5p	+	5	373	259	268	400	1300
	5p	+	6	402	248	234	416	1300
	5p	+	7	438	252	235	375	1300
	5p	+	8	454	229	225	392	1300
	5p	+	9	408	249	255	388	1300
	5p	+	10	429	269	207	395	1300
	5p	+	11	413	272	208	407	1300
	5p	+	12	417	262	220	401	1300
	5p	+	13	440	235	229	396	1300
	5p	+	14	432	228	228	412	1300
	5p	+	15	406	260	235	399	1300
	5p	+	16	410	264	226	400	1300
	5p	+	17	429	276	226	369	1300
	5p	+	18	434	238	235	393	1300
	5p	+	19	451	254	211	384	1300
	5p	+	20	440	234	233	393	1300
	5p	+	21	430	245	238	387	1300
	5p	+	22	417	229	216	438	1300
	5p	+	23	417	243	235	405	1300
	5p	+	24	435	233	230	402	1300
	5p	+	25	437	217	249	397	1300
	5p	+	26	443	247	219	391	1300
	5p	+	27	432	251	226	391	1300
	5p	+	28	450	253	213	384	1300
	5p	+	29	441	258	218	383	1300
	5p	+	30	449	232	197	422	1300
	5p	+	31	408	197	170	351	1126
	5p	+	32	363	159	153	321	996
	5p	+	33	316	142	133	291	882
	5p	+	34	310	110	116	264	800
	5p	+	35	271	108	103	244	726
	5p	+	36	233	96	87	232	648
	5p	+	37	189	92	86	202	569
	5p	+	38	168	92	79	169	508
	5p	+	39	142	77	71	152	442
	5p	+	40	130	62	40	151	383
	5p	+	41	113	49	52	124	338
	5p	+	42	103	51	40	99	293
	5p	+	43	102	43	39	84	268
	5p	+	44	79	29	29	96	233
	5p	+	45	76	27	22	79	204
	5p	+	46	54	26	21	75	176
	5p	+	47	58	18	20	51	147
	5p	+	48	40	17	21	50	128
	5p	+	49	35	21	19	39	114
	5p	+	50	36	15	17	37	105
	5p	+	51	34	9	19	32	94
	5p	+	52	35	18	15	19	87
	5p	+	53	35	7	9	29	80
	5p	+	54	26	8	12	26	72
	5p	+	55	17	13	8	23	61
	5p	+	56	18	8	6	24	56
	5p	+	57	20	6	7	17	50
	5p	+	58	14	5	5	16	40
	5p	+	59	12	6	4	10	32
	5p	+	60	13	4	7	4	28
	5p	+	61	7	3	1	12	23
	5p	+	62	3	4	2	11	20
	5p	+	63	5	2	1	9	17
	5p	+	64	5	1	2	8	16
	5p	+	65	4	0	1	7	12
	5p	+	66	2	1	2	5	10
	5p	+	67	3	2	1	3	9
	5p	+	68	2	2	0	3	7
	5p	+	69	2	2	0	3	7
	5p	+	70	3	0	1	3	7
	5p	+	71	2	0	2	2	6
	5p	+	72	4	1	0	0	5
	5p	+	73	1	0	3	1	5
	5p	+	74	2	0	0	3	5
	5p	+	75	2	0	0	3	5
	5p	+	76	1	0	0	4	5
	5p	+	77	0	0	2	3	5
	5p	+	78	2	0	0	2	4
	5p	+	79	1	1	0	2	4
	5p	+	80	4	0	0	0	4
	5p	+	81	2	1	0	1	4
	5p	+	82	1	0	1	1	3
	5p	+	83	2	0	1	0	3
	5p	+	84	0	0	0	2	2
	5p	+	85	1	0	0	0	1
	5p	+	86	0	1	0	0	1
	5p	+	87	0	1	0	0	1
	5p	+	88	0	0	0	1	1
	5p	+	89	0	0	0	0	0
	5p	+	90	0	0	0	0	0
	5p	+	91	0	0	0	0	0
	5p	+	92	0	0	0	0	0
	5p	+	93	0	0	0	0	0
	5p	+	94	0	0	0	0	0
	5p	+	95	0	0	0	0	0
	5p	+	96	0	0	0	0	0
	5p	+	97	0	0	0	0	0
	5p	+	98	0	0	0	0	0
	5p	+	99	0	0	0	0	0
	5p	+	100	0	0	0	0	0
	5p	-	1	429	182	176	471	1258
	5p	-	2	388	210	242	418	1258
	5p	-	3	402	237	240	379	1258
	5p	-	4	433	223	234	368	1258
	5p	-	5	381	251	234	392	1258
	5p	-	6	366	257	249	386	1258
	5p	-	7	402	240	241	375	1258
	5p	-	8	428	208	227	395	1258
	5p	-	9	394	249	219	396	1258
	5p	-	10	399	229	243	387	1258
	5p	-	11	369	261	218	410	1258
	5p	-	12	399	253	225	381	1258
	5p	-	13	428	230	215	385	1258
	5p	-	14	370	278	251	359	1258
	5p	-	15	431	252	202	373	1258
	5p	-	16	408	244	204	402	1258
	5p	-	17	402	238	227	391	1258
	5p	-	18	404	268	206	380	1258
	5p	-	19	415	242	233	368	1258
	5p	-	20	407	249	223	379	1258
	5p	-	21	411	232	227	388	1258
	5p	-	22	425	235	224	374	1258
	5p	-	23	406	251	234	367	1258
	5p	-	24	403	237	212	406	1258
	5p	-	25	411	241	232	374	1258
	5p	-	26	411	238	223	386	1258
	5p	-	27	433	220	205	400	1258
	5p	-	28	440	227	205	386	1258
	5p	-	29	448	251	194	365	1258
	5p	-	30	448	236	203	371	1258
	5p	-	31	396	166	159	346	1067
	5p	-	32	331	149	146	334	960
	5p	-	33	306	124	135	301	866
	5p	-	34	264	136	127	257	784
	5p	-	35	280	109	85	246	720
	5p	-	36	248	107	107	190	652
	5p	-	37	197	103	89	207	596
	5p	-	38	185	75	74	198	532
	5p	-	39	156	68	80	165	469
	5p	-	40	148	68	71	136	423
	5p	-	41	115	68	58	130	371
	5p	-	42	127	38	35	133	333
	5p	-	43	94	43	43	115	295
	5p	-	44	93	47	32	91	263
	5p	-	45	74	37	25	91	227
	5p	-	46	69	26	27	78	200
	5p	-	47	63	18	34	62	177
	5p	-	48	55	21	19	58	153
	5p	-	49	47	18	18	48	131
	5p	-	50	42	13	19	40	114
	5p	-	51	38	12	17	36	103
	5p	-	52	34	16	11	30	91
	5p	-	53	27	10	17	26	80
	5p	-	54	33	10	8	18	69
	5p	-	55	19	8	8	28	63
	5p	-	56	14	11	6	23	54
	5p	-	57	17	9	8	17	51
	5p	-	58	20	10	6	9	45
	5p	-	59	15	5	7	11	38
	5p	-	60	16	3	9	9	37
	5p	-	61	15	5	5	9	34
	5p	-	62	12	3	5	7	27
	5p	-	63	4	4	3	10	21
	5p	-	64	2	3	6	7	18
	5p	-	65	8	1	3	3	15
	5p	-	66	6	1	2	5	14
	5p	-	67	6	2	0	5	13
	5p	-	68	4	0	1	6	11
	5p	-	69	4	2	1	1	8
	5p	-	70	3	1	0	4	8
	5p	-	71	1	1	1	3	6
	5p	-	72	1	1	1	2	5
	5p	-	73	0	1	2	1	4
	5p	-	74	1	2	1	0	4
	5p	-	75	3	0	0	1	4
	5p	-	76	2	0	1	1	4
	5p	-	77	2	1	0	1	4
	5p	-	78	2	1	0	1	4
	5p	-	79	1	1	1	1	4
	5p	-	80	1	0	0	2	3
	5p	-	81	0	0	0	1	1
	5p	-	82	0	0	0	0	0
	5p	-	83	0	0	0	0	0
	5p	-	84	0	0	0	0	0
	5p	-	85	0	0	0	0	0
	5p	-	86	0	0	0	0	0
	5p	-	87	0	0	0	0	0
	5p	-	88	0	0	0	0	0
	5p	-	89	0	0	0	0	0
	5p	-	90	0	0	0	0	0
	5p	-	91	0	0	0	0	0
	5p	-	92	0	0	0	0	0
	5p	-	93	0	0	0	0	0
	5p	-	94	0	0	0	0	0
	5p	-	95	0	0	0	0	0
	5p	-	96	0	0	0	0	0
	5p	-	97	0	0	0	0	0
	5p	-	98	0	0	0	0	0
	5p	-	99	0	0	0	0	0
	5p	-	100	0	0	0	0	0
