# table produced by DamageProfiler
# using mapped file RmA008.GrysbokCape_Human_nc.Target.rmdup.noMicro.bam
# Sample ID: RmA008.GrysbokCape_Human_nc.Target.rmdup.noMicro.bam
Chr	End	Std	Pos	A	C	G	T	Total
	3p	+	1	6838	1542	2457	4563	15400
	3p	+	2	6073	2434	2462	4431	15400
	3p	+	3	5853	2316	2853	4378	15400
	3p	+	4	5739	2276	2818	4567	15400
	3p	+	5	5718	2216	2867	4599	15400
	3p	+	6	5674	2352	2874	4500	15400
	3p	+	7	5305	2667	2773	4655	15400
	3p	+	8	5304	2543	2757	4796	15400
	3p	+	9	5315	2642	2756	4687	15400
	3p	+	10	5130	2788	2745	4737	15400
	3p	+	11	5103	2694	2743	4860	15400
	3p	+	12	5063	2823	2806	4708	15400
	3p	+	13	5103	2758	2799	4740	15400
	3p	+	14	4975	2784	2839	4802	15400
	3p	+	15	5045	2753	2818	4784	15400
	3p	+	16	5042	2745	2835	4778	15400
	3p	+	17	5070	2822	2772	4736	15400
	3p	+	18	5038	2846	2770	4746	15400
	3p	+	19	5019	2874	2829	4678	15400
	3p	+	20	5057	2832	2812	4699	15400
	3p	+	21	4998	2787	2873	4742	15400
	3p	+	22	4913	2818	2851	4818	15400
	3p	+	23	4874	2774	2774	4978	15400
	3p	+	24	5061	2840	2757	4742	15400
	3p	+	25	5047	2833	2783	4737	15400
	3p	+	26	5046	2730	2849	4775	15400
	3p	+	27	5051	2799	2824	4726	15400
	3p	+	28	5074	2718	2823	4785	15400
	3p	+	29	5102	2766	2818	4714	15400
	3p	+	30	5138	2670	2847	4745	15400
	3p	+	31	4713	2476	2641	4538	14368
	3p	+	32	4443	2451	2440	4233	13567
	3p	+	33	4362	2193	2397	3950	12902
	3p	+	34	4119	2096	2230	3862	12307
	3p	+	35	3729	2039	2141	3733	11642
	3p	+	36	3677	1951	2016	3422	11066
	3p	+	37	3419	1800	1888	3368	10475
	3p	+	38	3259	1696	1827	3148	9930
	3p	+	39	3097	1598	1704	2957	9356
	3p	+	40	3010	1470	1596	2739	8815
	3p	+	41	2734	1393	1561	2649	8337
	3p	+	42	2614	1339	1458	2417	7828
	3p	+	43	2425	1268	1360	2271	7324
	3p	+	44	2397	1102	1306	2060	6865
	3p	+	45	2203	1089	1145	1981	6418
	3p	+	46	1993	994	1116	1921	6024
	3p	+	47	1878	966	974	1784	5602
	3p	+	48	1794	866	947	1672	5279
	3p	+	49	1669	820	861	1576	4926
	3p	+	50	1559	731	818	1466	4574
	3p	+	51	1462	682	786	1324	4254
	3p	+	52	1301	680	741	1232	3954
	3p	+	53	1209	600	636	1201	3646
	3p	+	54	1153	533	610	1068	3364
	3p	+	55	1018	567	598	924	3107
	3p	+	56	982	494	550	896	2922
	3p	+	57	941	474	467	856	2738
	3p	+	58	803	470	495	799	2567
	3p	+	59	765	410	447	758	2380
	3p	+	60	718	376	384	725	2203
	3p	+	61	689	360	352	637	2038
	3p	+	62	628	300	347	613	1888
	3p	+	63	542	298	351	572	1763
	3p	+	64	534	290	303	506	1633
	3p	+	65	502	239	298	474	1513
	3p	+	66	495	223	268	419	1405
	3p	+	67	445	227	230	403	1305
	3p	+	68	422	223	221	366	1232
	3p	+	69	382	186	224	360	1152
	3p	+	70	347	195	191	357	1090
	3p	+	71	356	186	168	308	1018
	3p	+	72	301	167	178	307	953
	3p	+	73	294	148	160	291	893
	3p	+	74	288	140	163	245	836
	3p	+	75	286	118	127	251	782
	3p	+	76	230	126	154	233	743
	3p	+	77	206	118	123	254	701
	3p	+	78	216	112	110	223	661
	3p	+	79	198	125	119	187	629
	3p	+	80	174	122	97	195	588
	3p	+	81	165	101	121	172	559
	3p	+	82	170	90	118	151	529
	3p	+	83	161	84	90	167	502
	3p	+	84	137	86	90	166	479
	3p	+	85	159	81	66	155	461
	3p	+	86	127	88	76	145	436
	3p	+	87	126	55	83	143	407
	3p	+	88	122	66	67	127	382
	3p	+	89	115	76	55	117	363
	3p	+	90	97	59	68	114	338
	3p	+	91	81	65	68	107	321
	3p	+	92	96	61	43	113	313
	3p	+	93	71	56	65	106	298
	3p	+	94	89	53	57	85	284
	3p	+	95	87	56	57	78	278
	3p	+	96	85	38	50	95	268
	3p	+	97	64	57	53	87	261
	3p	+	98	77	44	38	87	246
	3p	+	99	86	38	43	64	231
	3p	+	100	73	37	54	62	226
	3p	-	1	6973	1620	2373	4689	15655
	3p	-	2	6344	2336	2473	4502	15655
	3p	-	3	6056	2327	2858	4414	15655
	3p	-	4	5896	2358	2874	4527	15655
	3p	-	5	5808	2216	2908	4723	15655
	3p	-	6	5820	2371	2975	4489	15655
	3p	-	7	5547	2688	2803	4617	15655
	3p	-	8	5447	2637	2857	4714	15655
	3p	-	9	5338	2752	2877	4688	15655
	3p	-	10	5229	2799	2813	4814	15655
	3p	-	11	5290	2780	2820	4765	15655
	3p	-	12	5218	2842	2819	4776	15655
	3p	-	13	5156	2801	2837	4861	15655
	3p	-	14	5259	2774	2852	4770	15655
	3p	-	15	5157	2855	2860	4783	15655
	3p	-	16	5016	2995	2839	4805	15655
	3p	-	17	5184	2775	2843	4853	15655
	3p	-	18	5164	2803	2827	4861	15655
	3p	-	19	5156	2847	2852	4800	15655
	3p	-	20	5078	2788	2931	4858	15655
	3p	-	21	5146	2901	2856	4752	15655
	3p	-	22	5152	2928	2877	4698	15655
	3p	-	23	5126	2775	2896	4858	15655
	3p	-	24	5142	2860	2790	4863	15655
	3p	-	25	4903	2927	2983	4842	15655
	3p	-	26	5097	2817	2856	4885	15655
	3p	-	27	5028	2896	2949	4782	15655
	3p	-	28	5152	2840	2904	4759	15655
	3p	-	29	5168	2712	2952	4823	15655
	3p	-	30	5192	2745	2920	4798	15655
	3p	-	31	4867	2509	2702	4519	14597
	3p	-	32	4614	2427	2478	4300	13819
	3p	-	33	4334	2271	2503	4019	13127
	3p	-	34	4213	2151	2341	3800	12505
	3p	-	35	3920	2083	2215	3663	11881
	3p	-	36	3764	1969	2182	3373	11288
	3p	-	37	3575	1775	1985	3361	10696
	3p	-	38	3456	1705	1848	3154	10163
	3p	-	39	3203	1612	1791	3019	9625
	3p	-	40	3009	1590	1622	2840	9061
	3p	-	41	2852	1441	1564	2667	8524
	3p	-	42	2753	1298	1452	2498	8001
	3p	-	43	2434	1308	1449	2353	7544
	3p	-	44	2354	1164	1319	2244	7081
	3p	-	45	2249	1086	1266	2005	6606
	3p	-	46	2030	1039	1128	1969	6166
	3p	-	47	1930	961	1103	1771	5765
	3p	-	48	1822	881	975	1675	5353
	3p	-	49	1695	846	935	1506	4982
	3p	-	50	1586	764	860	1427	4637
	3p	-	51	1429	761	798	1330	4318
	3p	-	52	1409	646	736	1216	4007
	3p	-	53	1300	658	685	1091	3734
	3p	-	54	1137	569	685	1056	3447
	3p	-	55	1076	542	585	1000	3203
	3p	-	56	999	505	539	930	2973
	3p	-	57	905	497	507	842	2751
	3p	-	58	849	418	490	811	2568
	3p	-	59	805	448	412	741	2406
	3p	-	60	745	381	414	703	2243
	3p	-	61	708	325	391	645	2069
	3p	-	62	616	347	353	602	1918
	3p	-	63	614	289	348	540	1791
	3p	-	64	569	282	308	525	1684
	3p	-	65	500	255	296	520	1571
	3p	-	66	463	257	294	440	1454
	3p	-	67	443	242	251	430	1366
	3p	-	68	416	211	245	409	1281
	3p	-	69	401	168	219	414	1202
	3p	-	70	389	184	213	342	1128
	3p	-	71	351	174	206	336	1067
	3p	-	72	337	158	216	296	1007
	3p	-	73	327	151	150	322	950
	3p	-	74	272	159	169	277	877
	3p	-	75	260	175	150	250	835
	3p	-	76	270	142	138	245	795
	3p	-	77	245	128	141	232	746
	3p	-	78	219	128	117	244	708
	3p	-	79	208	122	122	209	661
	3p	-	80	212	101	122	184	619
	3p	-	81	232	87	95	181	595
	3p	-	82	188	91	117	175	571
	3p	-	83	169	95	94	177	535
	3p	-	84	141	86	89	189	505
	3p	-	85	151	99	84	155	489
	3p	-	86	152	80	95	144	471
	3p	-	87	133	79	105	129	446
	3p	-	88	141	66	85	128	420
	3p	-	89	133	76	73	113	395
	3p	-	90	99	71	76	131	377
	3p	-	91	112	67	70	107	356
	3p	-	92	104	53	88	91	336
	3p	-	93	100	59	58	103	320
	3p	-	94	115	55	51	82	303
	3p	-	95	85	60	61	82	288
	3p	-	96	90	60	44	78	272
	3p	-	97	84	46	47	83	260
	3p	-	98	79	59	42	69	249
	3p	-	99	75	46	49	69	239
	3p	-	100	84	44	32	67	227
	5p	+	1	5716	1901	2319	5464	15400
	5p	+	2	5492	2023	2938	4947	15400
	5p	+	3	5268	2332	2883	4917	15400
	5p	+	4	5199	2656	2921	4624	15400
	5p	+	5	5112	2633	3047	4608	15400
	5p	+	6	4846	2837	3043	4674	15400
	5p	+	7	5217	2807	2822	4554	15400
	5p	+	8	5189	2726	2750	4735	15400
	5p	+	9	5145	2764	2756	4735	15400
	5p	+	10	5057	2749	2826	4768	15400
	5p	+	11	5068	2790	2800	4742	15400
	5p	+	12	5049	2777	2809	4765	15400
	5p	+	13	5085	2759	2829	4727	15400
	5p	+	14	4955	2875	2834	4736	15400
	5p	+	15	4961	2843	2773	4823	15400
	5p	+	16	5037	2821	2746	4796	15400
	5p	+	17	5003	2747	2903	4747	15400
	5p	+	18	5011	2859	2825	4705	15400
	5p	+	19	5112	2833	2754	4701	15400
	5p	+	20	4948	2796	2865	4791	15400
	5p	+	21	5002	2870	2808	4720	15400
	5p	+	22	4956	2814	2857	4773	15400
	5p	+	23	4962	2716	2850	4872	15400
	5p	+	24	5033	2755	2839	4773	15400
	5p	+	25	5144	2777	2751	4728	15400
	5p	+	26	5152	2690	2763	4795	15400
	5p	+	27	5260	2643	2790	4707	15400
	5p	+	28	5171	2667	2818	4744	15400
	5p	+	29	5272	2693	2879	4556	15400
	5p	+	30	5346	2554	2841	4659	15400
	5p	+	31	5059	2417	2525	4367	14368
	5p	+	32	4692	2304	2456	4115	13567
	5p	+	33	4357	2179	2427	3939	12902
	5p	+	34	4208	2042	2206	3851	12307
	5p	+	35	4057	1892	2164	3529	11642
	5p	+	36	3877	1864	1996	3329	11066
	5p	+	37	3696	1688	1857	3234	10475
	5p	+	38	3479	1682	1781	2988	9930
	5p	+	39	3170	1603	1674	2909	9356
	5p	+	40	3147	1436	1529	2703	8815
	5p	+	41	2972	1349	1532	2484	8337
	5p	+	42	2688	1356	1367	2417	7828
	5p	+	43	2541	1203	1284	2296	7324
	5p	+	44	2368	1120	1226	2151	6865
	5p	+	45	2245	1071	1176	1926	6418
	5p	+	46	2170	975	1058	1821	6024
	5p	+	47	2009	891	1003	1699	5602
	5p	+	48	1871	865	917	1626	5279
	5p	+	49	1732	789	883	1522	4926
	5p	+	50	1608	727	814	1425	4574
	5p	+	51	1413	708	781	1352	4254
	5p	+	52	1343	684	707	1220	3954
	5p	+	53	1305	589	653	1099	3646
	5p	+	54	1180	523	595	1066	3364
	5p	+	55	1093	488	539	987	3107
	5p	+	56	1067	454	538	863	2922
	5p	+	57	959	454	487	838	2738
	5p	+	58	909	408	448	802	2567
	5p	+	59	831	378	412	759	2380
	5p	+	60	771	369	373	690	2203
	5p	+	61	702	331	362	643	2038
	5p	+	62	636	318	350	584	1888
	5p	+	63	621	275	299	568	1763
	5p	+	64	550	268	325	490	1633
	5p	+	65	528	272	259	454	1513
	5p	+	66	500	222	224	459	1405
	5p	+	67	484	220	216	385	1305
	5p	+	68	437	201	194	400	1232
	5p	+	69	413	188	181	370	1152
	5p	+	70	365	192	200	333	1090
	5p	+	71	361	182	173	302	1018
	5p	+	72	315	154	166	318	953
	5p	+	73	263	167	170	293	893
	5p	+	74	300	154	138	244	836
	5p	+	75	270	154	120	238	782
	5p	+	76	257	130	122	234	743
	5p	+	77	265	99	132	205	701
	5p	+	78	224	124	124	189	661
	5p	+	79	232	111	102	184	629
	5p	+	80	211	90	101	186	588
	5p	+	81	202	96	101	160	559
	5p	+	82	185	77	100	167	529
	5p	+	83	170	90	93	149	502
	5p	+	84	155	92	92	140	479
	5p	+	85	161	76	84	140	461
	5p	+	86	149	72	80	135	436
	5p	+	87	139	75	69	124	407
	5p	+	88	148	63	71	100	382
	5p	+	89	109	67	76	111	363
	5p	+	90	105	79	57	97	338
	5p	+	91	125	49	49	98	321
	5p	+	92	93	56	58	106	313
	5p	+	93	98	55	51	94	298
	5p	+	94	85	58	48	93	284
	5p	+	95	86	49	62	81	278
	5p	+	96	79	50	49	90	268
	5p	+	97	89	45	43	84	261
	5p	+	98	85	42	50	69	246
	5p	+	99	75	42	39	75	231
	5p	+	100	72	33	43	78	226
	5p	-	1	5945	1984	2348	5378	15655
	5p	-	2	5571	2108	2911	5065	15655
	5p	-	3	5385	2249	3047	4974	15655
	5p	-	4	5222	2627	3183	4623	15655
	5p	-	5	5185	2639	3073	4758	15655
	5p	-	6	4918	2863	3106	4768	15655
	5p	-	7	5181	2814	2920	4740	15655
	5p	-	8	5372	2849	2794	4640	15655
	5p	-	9	5212	2854	2838	4751	15655
	5p	-	10	5176	2851	2873	4755	15655
	5p	-	11	4978	2921	2990	4766	15655
	5p	-	12	5199	2841	2917	4698	15655
	5p	-	13	5185	2800	2887	4783	15655
	5p	-	14	5275	2873	2755	4752	15655
	5p	-	15	5122	2791	2839	4903	15655
	5p	-	16	5046	2870	2929	4810	15655
	5p	-	17	5198	2844	2826	4787	15655
	5p	-	18	5026	2915	2955	4759	15655
	5p	-	19	5146	2856	2832	4821	15655
	5p	-	20	5260	2726	2880	4789	15655
	5p	-	21	5164	2791	2879	4821	15655
	5p	-	22	5168	2795	2844	4848	15655
	5p	-	23	5214	2770	2821	4850	15655
	5p	-	24	5155	2741	2940	4819	15655
	5p	-	25	5193	2833	2863	4766	15655
	5p	-	26	5289	2750	2875	4741	15655
	5p	-	27	5266	2760	2928	4701	15655
	5p	-	28	5347	2748	2811	4749	15655
	5p	-	29	5377	2663	2858	4757	15655
	5p	-	30	5508	2632	2853	4662	15655
	5p	-	31	5072	2484	2575	4466	14597
	5p	-	32	4778	2276	2578	4187	13819
	5p	-	33	4612	2263	2332	3920	13127
	5p	-	34	4402	2050	2173	3880	12505
	5p	-	35	4114	1946	2161	3660	11881
	5p	-	36	3878	1931	2054	3425	11288
	5p	-	37	3721	1785	1915	3275	10696
	5p	-	38	3639	1701	1799	3024	10163
	5p	-	39	3431	1570	1740	2884	9625
	5p	-	40	3187	1479	1657	2738	9061
	5p	-	41	2987	1405	1532	2600	8524
	5p	-	42	2821	1318	1505	2357	8001
	5p	-	43	2655	1261	1406	2222	7544
	5p	-	44	2536	1185	1261	2099	7081
	5p	-	45	2331	1048	1179	2048	6606
	5p	-	46	2182	988	1150	1846	6166
	5p	-	47	2063	976	1053	1673	5765
	5p	-	48	1935	847	910	1661	5353
	5p	-	49	1750	799	893	1540	4982
	5p	-	50	1628	728	880	1401	4637
	5p	-	51	1491	727	743	1357	4318
	5p	-	52	1354	678	704	1271	4007
	5p	-	53	1241	611	709	1173	3734
	5p	-	54	1192	561	615	1079	3447
	5p	-	55	1053	557	578	1015	3203
	5p	-	56	1059	434	558	922	2973
	5p	-	57	945	479	496	831	2751
	5p	-	58	930	406	465	767	2568
	5p	-	59	834	415	429	728	2406
	5p	-	60	775	362	386	720	2243
	5p	-	61	697	351	376	645	2069
	5p	-	62	643	333	357	585	1918
	5p	-	63	617	306	342	526	1791
	5p	-	64	596	277	289	522	1684
	5p	-	65	538	274	296	463	1571
	5p	-	66	510	230	268	446	1454
	5p	-	67	467	220	269	410	1366
	5p	-	68	427	245	230	379	1281
	5p	-	69	416	207	218	361	1202
	5p	-	70	409	207	187	325	1128
	5p	-	71	414	178	184	291	1067
	5p	-	72	358	180	193	276	1007
	5p	-	73	339	140	177	294	950
	5p	-	74	304	140	164	269	877
	5p	-	75	279	140	164	252	835
	5p	-	76	311	113	141	230	795
	5p	-	77	247	122	148	229	746
	5p	-	78	227	130	143	208	708
	5p	-	79	246	126	108	181	661
	5p	-	80	226	107	119	167	619
	5p	-	81	199	94	111	191	595
	5p	-	82	220	103	97	151	571
	5p	-	83	184	94	97	160	535
	5p	-	84	179	70	87	169	505
	5p	-	85	169	92	81	147	489
	5p	-	86	166	93	85	127	471
	5p	-	87	151	80	73	142	446
	5p	-	88	144	72	77	127	420
	5p	-	89	137	65	77	116	395
	5p	-	90	122	66	67	122	377
	5p	-	91	116	63	66	111	356
	5p	-	92	105	57	69	105	336
	5p	-	93	110	64	59	87	320
	5p	-	94	109	60	55	79	303
	5p	-	95	99	55	54	80	288
	5p	-	96	92	65	47	68	272
	5p	-	97	96	38	48	78	260
	5p	-	98	78	56	45	70	249
	5p	-	99	90	40	47	62	239
	5p	-	100	78	48	43	58	227
