# table produced by DamageProfiler
# using mapped file PaA023.BuffaloCape_Human_nc.Target.rmdup.noMicro.bam
# Sample ID: PaA023.BuffaloCape_Human_nc.Target.rmdup.noMicro.bam
Pos	C>T	G>A	A>C	A>G	A>T	C>A	C>G	G>C	G>T	T>A	T>C	T>G	->ACGT	ACGT>-
24	0.043796	0.015385	0.018433	0.009217	0.013825	0.007299	0.029197	0.007692	0.000000	0.004975	0.000000	0.004975	0.016058	0.000000
23	0.030303	0.000000	0.012987	0.008658	0.021645	0.030303	0.015152	0.021127	0.007042	0.021739	0.021739	0.027174	0.014514	0.000000
22	0.026846	0.000000	0.004505	0.018018	0.022523	0.026846	0.006711	0.000000	0.007937	0.036458	0.005208	0.015625	0.010160	0.000000
21	0.007246	0.008403	0.008658	0.021645	0.025974	0.028986	0.021739	0.033613	0.008403	0.009756	0.009756	0.014634	0.010101	0.000000
20	0.041958	0.007813	0.009434	0.028302	0.004717	0.041958	0.000000	0.023438	0.000000	0.004785	0.014354	0.004785	0.014451	0.000000
19	0.006803	0.016807	0.004695	0.004695	0.018779	0.020408	0.027211	0.008403	0.025210	0.009901	0.014851	0.009901	0.027900	0.000000
18	0.007463	0.000000	0.013575	0.004525	0.009050	0.029851	0.022388	0.015748	0.007874	0.015152	0.030303	0.015152	0.030882	0.000000
17	0.000000	0.024390	0.008621	0.008621	0.008621	0.008333	0.033333	0.024390	0.000000	0.019704	0.004926	0.014778	0.026549	0.000000
16	0.023622	0.016260	0.000000	0.017241	0.012931	0.007874	0.007874	0.016260	0.008130	0.004878	0.019512	0.019512	0.013100	0.000000
15	0.015504	0.016129	0.016000	0.016000	0.032000	0.007752	0.015504	0.016129	0.000000	0.005348	0.016043	0.000000	0.017391	0.000000
14	0.013245	0.008547	0.004484	0.022422	0.008969	0.013245	0.019868	0.000000	0.000000	0.010204	0.010204	0.015306	0.014556	0.000000
13	0.000000	0.049296	0.014286	0.004762	0.014286	0.007246	0.014493	0.007042	0.007042	0.014778	0.014778	0.009852	0.010101	0.000000
12	0.016667	0.008065	0.022321	0.017857	0.004464	0.016667	0.000000	0.008065	0.008065	0.018957	0.004739	0.009479	0.030928	0.000000
11	0.020833	0.025000	0.000000	0.018868	0.009434	0.006944	0.013889	0.000000	0.016667	0.009524	0.028571	0.014286	0.014577	0.000000
10	0.000000	0.013793	0.017544	0.000000	0.008772	0.007874	0.023622	0.000000	0.020690	0.010582	0.021164	0.010582	0.020319	0.000000
9	0.007752	0.007576	0.012876	0.017167	0.012876	0.007752	0.000000	0.007576	0.007576	0.026042	0.005208	0.015625	0.017493	0.000000
8	0.022222	0.008264	0.008734	0.013100	0.013100	0.022222	0.007407	0.000000	0.008264	0.014493	0.014493	0.019324	0.010116	0.000000
7	0.028986	0.032000	0.013393	0.013393	0.008929	0.000000	0.000000	0.008000	0.072000	0.024752	0.004950	0.009901	0.008708	0.000000
6	0.024000	0.017094	0.004274	0.008547	0.004274	0.000000	0.016000	0.017094	0.025641	0.014286	0.019048	0.000000	0.017493	0.000000
5	0.013699	0.000000	0.016598	0.004149	0.004149	0.020548	0.020548	0.008475	0.033898	0.015873	0.015873	0.021164	0.008646	0.000000
4	0.017857	0.040650	0.008163	0.008163	0.016327	0.017857	0.035714	0.024390	0.016260	0.027273	0.027273	0.004545	0.001429	0.000000
3	0.000000	0.025210	0.008197	0.012295	0.016393	0.008130	0.000000	0.008403	0.016807	0.009259	0.013889	0.013889	0.000000	0.000000
2	0.031008	0.018182	0.017167	0.004292	0.012876	0.038760	0.015504	0.000000	0.009091	0.034783	0.013043	0.017391	0.000000	0.000000
1	0.049645	0.019048	0.015152	0.003788	0.007576	0.021277	0.007092	0.009524	0.028571	0.010417	0.000000	0.000000	0.000000	0.000000
0	0.157895	0.030303	0.004167	0.012500	0.004167	0.026316	0.008772	0.030303	0.000000	0.024096	0.016064	0.028112	0.000000	0.000000
