# table produced by DamageProfiler
# using mapped file PaA023.BuffaloCape_Human_nc.Target.rmdup.noMicro.bam
# Sample ID: PaA023.BuffaloCape_Human_nc.Target.rmdup.noMicro.bam
Chr	End	Std	Pos	A	C	G	T	Total
	3p	+	1	128	48	50	135	361
	3p	+	2	137	71	41	112	361
	3p	+	3	127	67	50	117	361
	3p	+	4	117	70	66	108	361
	3p	+	5	137	48	67	109	361
	3p	+	6	134	67	68	92	361
	3p	+	7	133	54	60	114	361
	3p	+	8	116	74	50	121	361
	3p	+	9	122	62	64	113	361
	3p	+	10	123	55	84	99	361
	3p	+	11	120	62	75	104	361
	3p	+	12	106	67	68	120	361
	3p	+	13	116	64	66	115	361
	3p	+	14	99	71	80	111	361
	3p	+	15	116	73	64	108	361
	3p	+	16	128	66	70	97	361
	3p	+	17	105	72	67	117	361
	3p	+	18	125	64	64	108	361
	3p	+	19	114	78	68	101	361
	3p	+	20	123	67	60	111	361
	3p	+	21	112	74	65	110	361
	3p	+	22	120	64	65	112	361
	3p	+	23	137	74	60	90	361
	3p	+	24	126	67	69	99	361
	3p	+	25	109	65	63	124	361
	3p	+	26	111	63	78	109	361
	3p	+	27	119	58	88	96	361
	3p	+	28	120	63	69	109	361
	3p	+	29	126	54	59	122	361
	3p	+	30	115	57	74	115	361
	3p	+	31	77	39	44	70	230
	3p	+	32	57	22	36	61	176
	3p	+	33	48	26	19	48	141
	3p	+	34	39	29	24	34	126
	3p	+	35	29	20	28	39	116
	3p	+	36	32	17	20	31	100
	3p	+	37	30	20	14	25	89
	3p	+	38	24	11	15	28	78
	3p	+	39	24	6	16	24	70
	3p	+	40	23	11	12	20	66
	3p	+	41	23	10	15	11	59
	3p	+	42	20	6	13	15	54
	3p	+	43	20	7	6	13	46
	3p	+	44	15	7	5	17	44
	3p	+	45	12	8	6	13	39
	3p	+	46	16	7	3	10	36
	3p	+	47	11	5	10	8	34
	3p	+	48	9	2	9	10	30
	3p	+	49	8	4	9	5	26
	3p	+	50	7	3	2	9	21
	3p	+	51	9	2	3	6	20
	3p	+	52	4	1	5	5	15
	3p	+	53	5	2	2	6	15
	3p	+	54	8	0	3	2	13
	3p	+	55	6	2	1	4	13
	3p	+	56	6	3	2	2	13
	3p	+	57	4	0	5	3	12
	3p	+	58	4	2	0	5	11
	3p	+	59	2	1	4	4	11
	3p	+	60	3	1	2	3	9
	3p	+	61	3	0	2	4	9
	3p	+	62	3	0	2	2	7
	3p	+	63	3	1	0	2	6
	3p	+	64	0	2	1	3	6
	3p	+	65	0	0	1	4	5
	3p	+	66	1	1	0	2	4
	3p	+	67	2	1	0	1	4
	3p	+	68	0	1	1	2	4
	3p	+	69	1	1	0	2	4
	3p	+	70	0	1	1	2	4
	3p	+	71	0	0	2	1	3
	3p	+	72	1	0	0	2	3
	3p	+	73	0	0	1	1	2
	3p	+	74	1	0	0	0	1
	3p	+	75	0	0	0	1	1
	3p	+	76	1	0	0	0	1
	3p	+	77	0	0	0	1	1
	3p	+	78	0	0	0	0	0
	3p	+	79	0	0	0	0	0
	3p	+	80	0	0	0	0	0
	3p	+	81	0	0	0	0	0
	3p	+	82	0	0	0	0	0
	3p	+	83	0	0	0	0	0
	3p	+	84	0	0	0	0	0
	3p	+	85	0	0	0	0	0
	3p	+	86	0	0	0	0	0
	3p	+	87	0	0	0	0	0
	3p	+	88	0	0	0	0	0
	3p	+	89	0	0	0	0	0
	3p	+	90	0	0	0	0	0
	3p	+	91	0	0	0	0	0
	3p	+	92	0	0	0	0	0
	3p	+	93	0	0	0	0	0
	3p	+	94	0	0	0	0	0
	3p	+	95	0	0	0	0	0
	3p	+	96	0	0	0	0	0
	3p	+	97	0	0	0	0	0
	3p	+	98	0	0	0	0	0
	3p	+	99	0	0	0	0	0
	3p	+	100	0	0	0	0	0
	3p	-	1	119	52	54	117	342
	3p	-	2	127	64	60	91	342
	3p	-	3	114	58	64	106	342
	3p	-	4	125	58	53	106	342
	3p	-	5	115	67	53	107	342
	3p	-	6	111	81	54	96	342
	3p	-	7	105	78	59	100	342
	3p	-	8	112	68	67	95	342
	3p	-	9	108	73	67	94	342
	3p	-	10	111	81	56	94	342
	3p	-	11	111	76	73	82	342
	3p	-	12	110	78	61	93	342
	3p	-	13	110	69	67	96	342
	3p	-	14	117	72	62	91	342
	3p	-	15	106	76	69	91	342
	3p	-	16	118	69	58	97	342
	3p	-	17	125	62	62	93	342
	3p	-	18	118	63	65	96	342
	3p	-	19	112	70	69	91	342
	3p	-	20	97	87	63	95	342
	3p	-	21	103	68	69	102	342
	3p	-	22	109	74	62	97	342
	3p	-	23	89	68	77	108	342
	3p	-	24	105	70	81	86	342
	3p	-	25	108	70	73	91	342
	3p	-	26	109	70	62	101	342
	3p	-	27	109	66	76	91	342
	3p	-	28	112	73	60	97	342
	3p	-	29	78	71	81	112	342
	3p	-	30	109	70	70	93	342
	3p	-	31	83	52	38	69	242
	3p	-	32	62	36	35	44	177
	3p	-	33	40	34	30	43	147
	3p	-	34	36	20	34	41	131
	3p	-	35	31	20	24	41	116
	3p	-	36	33	22	18	34	107
	3p	-	37	34	18	20	32	104
	3p	-	38	20	14	21	29	84
	3p	-	39	18	12	16	28	74
	3p	-	40	21	11	16	23	71
	3p	-	41	18	8	11	25	62
	3p	-	42	22	9	9	20	60
	3p	-	43	17	10	10	21	58
	3p	-	44	11	9	13	19	52
	3p	-	45	13	11	10	15	49
	3p	-	46	14	9	9	10	42
	3p	-	47	4	14	8	13	39
	3p	-	48	7	10	5	11	33
	3p	-	49	6	5	9	11	31
	3p	-	50	8	5	3	14	30
	3p	-	51	8	5	4	10	27
	3p	-	52	7	3	6	9	25
	3p	-	53	4	6	6	7	23
	3p	-	54	11	1	5	5	22
	3p	-	55	6	3	1	7	17
	3p	-	56	4	4	4	4	16
	3p	-	57	7	4	2	2	15
	3p	-	58	2	1	3	6	12
	3p	-	59	4	1	3	4	12
	3p	-	60	3	2	2	4	11
	3p	-	61	1	3	2	4	10
	3p	-	62	6	0	1	3	10
	3p	-	63	2	2	0	5	9
	3p	-	64	2	1	3	3	9
	3p	-	65	1	0	0	8	9
	3p	-	66	4	1	1	2	8
	3p	-	67	2	1	0	4	7
	3p	-	68	2	2	0	2	6
	3p	-	69	2	1	1	1	5
	3p	-	70	1	0	0	4	5
	3p	-	71	1	0	0	3	4
	3p	-	72	0	0	1	1	2
	3p	-	73	0	1	0	0	1
	3p	-	74	0	0	0	1	1
	3p	-	75	0	0	0	0	0
	3p	-	76	0	0	0	0	0
	3p	-	77	0	0	0	0	0
	3p	-	78	0	0	0	0	0
	3p	-	79	0	0	0	0	0
	3p	-	80	0	0	0	0	0
	3p	-	81	0	0	0	0	0
	3p	-	82	0	0	0	0	0
	3p	-	83	0	0	0	0	0
	3p	-	84	0	0	0	0	0
	3p	-	85	0	0	0	0	0
	3p	-	86	0	0	0	0	0
	3p	-	87	0	0	0	0	0
	3p	-	88	0	0	0	0	0
	3p	-	89	0	0	0	0	0
	3p	-	90	0	0	0	0	0
	3p	-	91	0	0	0	0	0
	3p	-	92	0	0	0	0	0
	3p	-	93	0	0	0	0	0
	3p	-	94	0	0	0	0	0
	3p	-	95	0	0	0	0	0
	3p	-	96	0	0	0	0	0
	3p	-	97	0	0	0	0	0
	3p	-	98	0	0	0	0	0
	3p	-	99	0	0	0	0	0
	3p	-	100	0	0	0	0	0
	5p	+	1	106	57	69	129	361
	5p	+	2	110	60	72	119	361
	5p	+	3	123	58	69	111	361
	5p	+	4	109	58	83	111	361
	5p	+	5	114	60	74	113	361
	5p	+	6	109	77	67	108	361
	5p	+	7	130	64	73	94	361
	5p	+	8	122	54	71	114	361
	5p	+	9	113	68	59	121	361
	5p	+	10	114	77	66	104	361
	5p	+	11	131	64	62	104	361
	5p	+	12	121	65	77	98	361
	5p	+	13	124	80	63	94	361
	5p	+	14	121	59	68	113	361
	5p	+	15	114	68	73	106	361
	5p	+	16	128	68	65	100	361
	5p	+	17	108	79	59	115	361
	5p	+	18	118	71	58	114	361
	5p	+	19	99	64	76	122	361
	5p	+	20	110	66	73	112	361
	5p	+	21	128	56	76	101	361
	5p	+	22	111	65	73	112	361
	5p	+	23	136	57	57	111	361
	5p	+	24	120	59	63	119	361
	5p	+	25	109	78	61	113	361
	5p	+	26	142	54	62	103	361
	5p	+	27	122	61	75	103	361
	5p	+	28	131	64	58	108	361
	5p	+	29	129	68	55	109	361
	5p	+	30	125	70	54	112	361
	5p	+	31	78	37	45	70	230
	5p	+	32	77	19	29	51	176
	5p	+	33	41	22	27	51	141
	5p	+	34	41	29	18	38	126
	5p	+	35	44	22	18	32	116
	5p	+	36	29	17	17	37	100
	5p	+	37	33	10	11	35	89
	5p	+	38	22	12	13	31	78
	5p	+	39	21	13	11	25	70
	5p	+	40	29	10	7	20	66
	5p	+	41	26	12	7	14	59
	5p	+	42	18	9	11	16	54
	5p	+	43	21	2	9	14	46
	5p	+	44	19	6	7	12	44
	5p	+	45	11	2	7	19	39
	5p	+	46	11	5	7	13	36
	5p	+	47	11	3	7	13	34
	5p	+	48	14	3	5	8	30
	5p	+	49	9	3	3	11	26
	5p	+	50	9	2	4	6	21
	5p	+	51	11	0	6	3	20
	5p	+	52	5	3	3	4	15
	5p	+	53	9	3	2	1	15
	5p	+	54	3	4	2	4	13
	5p	+	55	5	3	3	2	13
	5p	+	56	4	2	3	4	13
	5p	+	57	4	4	0	4	12
	5p	+	58	2	2	6	1	11
	5p	+	59	1	1	5	4	11
	5p	+	60	4	0	3	2	9
	5p	+	61	2	0	3	4	9
	5p	+	62	2	1	1	3	7
	5p	+	63	3	0	1	2	6
	5p	+	64	2	3	0	1	6
	5p	+	65	5	0	0	0	5
	5p	+	66	2	1	1	0	4
	5p	+	67	1	1	0	2	4
	5p	+	68	1	1	1	1	4
	5p	+	69	1	1	0	2	4
	5p	+	70	1	1	0	2	4
	5p	+	71	0	2	0	1	3
	5p	+	72	2	0	0	1	3
	5p	+	73	0	1	1	0	2
	5p	+	74	0	0	0	1	1
	5p	+	75	0	0	1	0	1
	5p	+	76	1	0	0	0	1
	5p	+	77	0	0	0	1	1
	5p	+	78	0	0	0	0	0
	5p	+	79	0	0	0	0	0
	5p	+	80	0	0	0	0	0
	5p	+	81	0	0	0	0	0
	5p	+	82	0	0	0	0	0
	5p	+	83	0	0	0	0	0
	5p	+	84	0	0	0	0	0
	5p	+	85	0	0	0	0	0
	5p	+	86	0	0	0	0	0
	5p	+	87	0	0	0	0	0
	5p	+	88	0	0	0	0	0
	5p	+	89	0	0	0	0	0
	5p	+	90	0	0	0	0	0
	5p	+	91	0	0	0	0	0
	5p	+	92	0	0	0	0	0
	5p	+	93	0	0	0	0	0
	5p	+	94	0	0	0	0	0
	5p	+	95	0	0	0	0	0
	5p	+	96	0	0	0	0	0
	5p	+	97	0	0	0	0	0
	5p	+	98	0	0	0	0	0
	5p	+	99	0	0	0	0	0
	5p	+	100	0	0	0	0	0
	5p	-	1	124	63	54	101	342
	5p	-	2	108	50	64	120	342
	5p	-	3	88	75	80	99	342
	5p	-	4	93	75	80	94	342
	5p	-	5	97	77	62	106	342
	5p	-	6	103	64	79	96	342
	5p	-	7	106	71	76	89	342
	5p	-	8	100	65	69	108	342
	5p	-	9	98	78	65	101	342
	5p	-	10	102	67	71	102	342
	5p	-	11	103	77	73	89	342
	5p	-	12	115	71	65	91	342
	5p	-	13	113	70	62	97	342
	5p	-	14	108	67	79	88	342
	5p	-	15	111	62	67	102	342
	5p	-	16	119	66	64	93	342
	5p	-	17	114	61	62	105	342
	5p	-	18	100	71	75	96	342
	5p	-	19	100	84	66	92	342
	5p	-	20	107	77	70	88	342
	5p	-	21	103	70	73	96	342
	5p	-	22	106	77	60	99	342
	5p	-	23	122	57	70	93	342
	5p	-	24	102	95	60	85	342
	5p	-	25	102	74	61	105	342
	5p	-	26	98	83	60	101	342
	5p	-	27	122	76	65	79	342
	5p	-	28	105	63	70	104	342
	5p	-	29	128	66	57	91	342
	5p	-	30	117	62	64	99	342
	5p	-	31	88	41	40	73	242
	5p	-	32	51	32	34	60	177
	5p	-	33	51	26	28	42	147
	5p	-	34	49	19	15	48	131
	5p	-	35	33	25	22	36	116
	5p	-	36	39	22	14	32	107
	5p	-	37	35	17	18	34	104
	5p	-	38	24	15	17	28	84
	5p	-	39	28	15	13	18	74
	5p	-	40	22	14	14	21	71
	5p	-	41	24	10	6	22	62
	5p	-	42	26	6	9	19	60
	5p	-	43	16	12	13	17	58
	5p	-	44	17	9	7	19	52
	5p	-	45	12	10	11	16	49
	5p	-	46	9	14	2	17	42
	5p	-	47	11	12	3	13	39
	5p	-	48	10	9	3	11	33
	5p	-	49	7	10	4	10	31
	5p	-	50	13	2	4	11	30
	5p	-	51	11	6	2	8	27
	5p	-	52	11	5	4	5	25
	5p	-	53	7	5	2	9	23
	5p	-	54	5	2	3	12	22
	5p	-	55	6	3	1	7	17
	5p	-	56	4	3	3	6	16
	5p	-	57	8	2	1	4	15
	5p	-	58	5	2	1	4	12
	5p	-	59	6	1	1	4	12
	5p	-	60	5	0	3	3	11
	5p	-	61	4	1	2	3	10
	5p	-	62	3	0	3	4	10
	5p	-	63	3	1	0	5	9
	5p	-	64	5	1	1	2	9
	5p	-	65	4	2	0	3	9
	5p	-	66	3	2	0	3	8
	5p	-	67	2	1	2	2	7
	5p	-	68	2	0	0	4	6
	5p	-	69	1	1	1	2	5
	5p	-	70	3	1	0	1	5
	5p	-	71	2	0	0	2	4
	5p	-	72	1	0	1	0	2
	5p	-	73	0	0	0	1	1
	5p	-	74	0	0	0	1	1
	5p	-	75	0	0	0	0	0
	5p	-	76	0	0	0	0	0
	5p	-	77	0	0	0	0	0
	5p	-	78	0	0	0	0	0
	5p	-	79	0	0	0	0	0
	5p	-	80	0	0	0	0	0
	5p	-	81	0	0	0	0	0
	5p	-	82	0	0	0	0	0
	5p	-	83	0	0	0	0	0
	5p	-	84	0	0	0	0	0
	5p	-	85	0	0	0	0	0
	5p	-	86	0	0	0	0	0
	5p	-	87	0	0	0	0	0
	5p	-	88	0	0	0	0	0
	5p	-	89	0	0	0	0	0
	5p	-	90	0	0	0	0	0
	5p	-	91	0	0	0	0	0
	5p	-	92	0	0	0	0	0
	5p	-	93	0	0	0	0	0
	5p	-	94	0	0	0	0	0
	5p	-	95	0	0	0	0	0
	5p	-	96	0	0	0	0	0
	5p	-	97	0	0	0	0	0
	5p	-	98	0	0	0	0	0
	5p	-	99	0	0	0	0	0
	5p	-	100	0	0	0	0	0
