# table produced by DamageProfiler
# using mapped file RmA036.GrysbokCape_Human_nc.Target.rmdup.noMicro.bam
# Sample ID: RmA036.GrysbokCape_Human_nc.Target.rmdup.noMicro.bam
Pos	C>T	G>A	A>C	A>G	A>T	C>A	C>G	G>C	G>T	T>A	T>C	T>G	->ACGT	ACGT>-
24	0.002263	0.001798	0.000665	0.001399	0.000595	0.000883	0.000718	0.000337	0.003427	0.000571	0.001107	0.000321	0.002011	0.000000
23	0.002700	0.001816	0.000453	0.001358	0.000870	0.001102	0.000496	0.000397	0.003178	0.000501	0.001252	0.000215	0.002174	0.000000
22	0.002579	0.001605	0.000387	0.001337	0.000739	0.000329	0.000384	0.000344	0.003211	0.000458	0.001443	0.000352	0.002000	0.000000
21	0.003505	0.001335	0.000598	0.000950	0.000528	0.000493	0.000493	0.000464	0.003657	0.000524	0.001118	0.000280	0.001978	0.000000
20	0.002821	0.002106	0.000564	0.001728	0.000564	0.000705	0.000488	0.000398	0.002448	0.000568	0.001172	0.000320	0.001783	0.000000
19	0.002812	0.001689	0.000638	0.001454	0.000993	0.000772	0.000827	0.000338	0.003377	0.000563	0.001443	0.000352	0.001632	0.000000
18	0.002841	0.001772	0.000527	0.000808	0.001124	0.001038	0.000656	0.000571	0.003314	0.000674	0.000957	0.000709	0.002119	0.000000
17	0.002328	0.001561	0.000420	0.001294	0.000734	0.001029	0.000379	0.000405	0.002892	0.000569	0.000783	0.000498	0.002033	0.000000
16	0.002496	0.001600	0.000640	0.000995	0.000675	0.000868	0.000651	0.000457	0.003199	0.000317	0.001689	0.000950	0.001979	0.000000
15	0.003304	0.002015	0.000702	0.001193	0.000912	0.000488	0.000163	0.000230	0.003626	0.000710	0.001526	0.000355	0.001989	0.000000
14	0.002839	0.001600	0.000491	0.001333	0.000701	0.001201	0.000764	0.000571	0.003314	0.000390	0.000781	0.000390	0.001989	0.000000
13	0.002468	0.002225	0.000417	0.001391	0.000522	0.001262	0.000329	0.000399	0.003823	0.000358	0.001073	0.000572	0.002076	0.000000
12	0.002241	0.002108	0.000315	0.001051	0.000665	0.001093	0.000437	0.000456	0.003931	0.000570	0.001175	0.000356	0.002087	0.000000
11	0.002206	0.002041	0.000454	0.001328	0.000909	0.000386	0.000441	0.000454	0.003685	0.000391	0.000817	0.000355	0.001892	0.000000
10	0.003168	0.001538	0.000907	0.001466	0.001012	0.001256	0.000492	0.000342	0.003362	0.000642	0.001213	0.000499	0.001675	0.000000
9	0.002687	0.002292	0.000452	0.001181	0.000695	0.001152	0.000823	0.000401	0.003380	0.000748	0.001104	0.000534	0.001610	0.000000
8	0.002175	0.001716	0.000579	0.001192	0.000783	0.000669	0.000669	0.000458	0.003203	0.000901	0.001261	0.000432	0.001524	0.000000
7	0.002973	0.002403	0.000235	0.001509	0.001341	0.000972	0.000343	0.000572	0.003547	0.000721	0.001081	0.000541	0.001686	0.000000
6	0.003196	0.002472	0.000938	0.001406	0.001172	0.000897	0.000785	0.000517	0.003162	0.000946	0.000800	0.000728	0.001091	0.000000
5	0.003726	0.002370	0.000805	0.001481	0.001288	0.001204	0.000745	0.000520	0.003931	0.001197	0.001271	0.000748	0.001145	0.000000
4	0.003816	0.002648	0.000907	0.001944	0.001685	0.001709	0.000683	0.000883	0.004707	0.001032	0.001400	0.000553	0.000432	0.000000
3	0.004797	0.003665	0.001461	0.002176	0.002305	0.002533	0.001024	0.001283	0.004764	0.001719	0.002205	0.000822	0.000205	0.000000
2	0.006837	0.004914	0.001702	0.002858	0.002473	0.003391	0.001334	0.002737	0.005785	0.002761	0.002614	0.001399	0.000065	0.000000
1	0.035763	0.008766	0.001763	0.002750	0.003228	0.004179	0.001481	0.002808	0.006506	0.003872	0.002766	0.001936	0.000022	0.000000
0	0.210853	0.014087	0.002164	0.002524	0.005589	0.007509	0.002481	0.002576	0.009820	0.003404	0.002248	0.001541	0.000000	0.000000
