# table produced by DamageProfiler
# using mapped file RmA036.GrysbokCape_Human_nc.Target.rmdup.noMicro.bam
# Sample ID: RmA036.GrysbokCape_Human_nc.Target.rmdup.noMicro.bam
Pos	C>T	G>A	A>C	A>G	A>T	C>A	C>G	G>C	G>T	T>A	T>C	T>G	->ACGT	ACGT>-
0	0.024902	0.006956	0.002338	0.004182	0.005400	0.006562	0.002519	0.003833	0.010221	0.004284	0.002976	0.001831	0.000000	0.000000
1	0.013759	0.004398	0.001635	0.004532	0.004495	0.004523	0.001696	0.001534	0.006495	0.002949	0.002312	0.001876	0.000065	0.000000
2	0.007294	0.004040	0.001691	0.002806	0.002051	0.002885	0.001578	0.001037	0.004914	0.002439	0.002941	0.001399	0.000141	0.000000
3	0.004986	0.002625	0.000987	0.002150	0.001375	0.002082	0.001370	0.000857	0.003214	0.002174	0.001622	0.000737	0.000368	0.000000
4	0.004301	0.002337	0.000826	0.001401	0.001006	0.001089	0.000708	0.000544	0.004403	0.000934	0.001868	0.001221	0.000768	0.000000
5	0.003951	0.002089	0.000813	0.001922	0.001035	0.001137	0.000758	0.000429	0.003696	0.000954	0.001732	0.000848	0.001146	0.000000
6	0.003165	0.001409	0.000526	0.001544	0.000737	0.000555	0.000500	0.000759	0.003361	0.000798	0.001015	0.000798	0.000951	0.000000
7	0.003334	0.000893	0.000276	0.001516	0.000655	0.000833	0.000500	0.000614	0.003181	0.000978	0.000942	0.000797	0.001135	0.000000
8	0.002671	0.002680	0.000381	0.001073	0.000381	0.000779	0.000779	0.000570	0.003707	0.000710	0.001243	0.000462	0.001091	0.000000
9	0.002532	0.001522	0.000419	0.000943	0.000314	0.000771	0.000936	0.000676	0.002705	0.000429	0.000964	0.000536	0.001102	0.000000
10	0.002617	0.001770	0.000453	0.001253	0.000453	0.000545	0.000327	0.000400	0.002570	0.000751	0.001215	0.000286	0.001199	0.000000
11	0.002112	0.001791	0.000316	0.001196	0.000563	0.000542	0.000704	0.000392	0.003078	0.000720	0.001260	0.000360	0.001351	0.000000
12	0.002301	0.002108	0.000458	0.001657	0.000388	0.000963	0.000321	0.000627	0.003362	0.000787	0.000966	0.000393	0.001145	0.000000
13	0.002058	0.001424	0.000599	0.001021	0.000634	0.000812	0.000596	0.000399	0.003190	0.000498	0.001209	0.000533	0.001167	0.000000
14	0.002626	0.002012	0.000426	0.001740	0.000391	0.000643	0.000268	0.000559	0.003689	0.000575	0.001186	0.000611	0.001243	0.000000
15	0.002922	0.001771	0.000385	0.001051	0.000385	0.000758	0.000541	0.000457	0.003199	0.000607	0.000999	0.000178	0.001178	0.000000
16	0.002722	0.002221	0.000420	0.001330	0.000490	0.000925	0.000381	0.000626	0.003132	0.000571	0.000963	0.000392	0.001286	0.000000
17	0.002457	0.001808	0.000282	0.001267	0.000493	0.000601	0.000655	0.000226	0.002881	0.000605	0.001353	0.000249	0.001459	0.000000
18	0.002501	0.001708	0.000349	0.001257	0.000384	0.000598	0.000381	0.000398	0.002732	0.000787	0.000644	0.000465	0.001243	0.000000
19	0.002714	0.001677	0.000563	0.001442	0.000598	0.001031	0.000814	0.000463	0.002544	0.000564	0.000881	0.000317	0.001416	0.000000
20	0.002611	0.001757	0.000498	0.001209	0.000533	0.000653	0.000326	0.000227	0.003175	0.000494	0.000987	0.000529	0.001265	0.000000
21	0.001597	0.001541	0.000492	0.001546	0.000843	0.000551	0.000496	0.000399	0.003424	0.000458	0.001234	0.000282	0.001492	0.000000
22	0.002775	0.001538	0.000353	0.001128	0.000776	0.000980	0.000272	0.000513	0.003645	0.000673	0.000992	0.000390	0.001611	0.000000
23	0.002576	0.001152	0.000315	0.000979	0.000629	0.000767	0.000274	0.000230	0.002534	0.000353	0.001235	0.000529	0.001318	0.000000
24	0.002983	0.002023	0.000525	0.001365	0.000980	0.000813	0.000380	0.000578	0.002717	0.000602	0.001168	0.000319	0.001199	0.000000
