# table produced by DamageProfiler
# using mapped file RmA036.GrysbokCape_Human_nc.Target.rmdup.noMicro.bam
# Sample ID: RmA036.GrysbokCape_Human_nc.Target.rmdup.noMicro.bam
Chr	End	Std	Pos	A	C	G	T	Total
	3p	+	1	16931	6117	6174	17306	46528
	3p	+	2	16861	9261	7331	13075	46528
	3p	+	3	15663	9068	8057	13740	46528
	3p	+	4	15399	9345	8201	13583	46528
	3p	+	5	15520	8823	8449	13736	46528
	3p	+	6	15561	8797	8711	13459	46528
	3p	+	7	14869	9007	8733	13919	46528
	3p	+	8	14965	8760	8791	14012	46528
	3p	+	9	14798	8961	8785	13984	46528
	3p	+	10	14531	9135	8795	14067	46528
	3p	+	11	14450	9086	8774	14218	46528
	3p	+	12	14309	9154	8988	14077	46528
	3p	+	13	14320	9241	8720	14247	46528
	3p	+	14	14449	9116	8732	14231	46528
	3p	+	15	14287	9150	8742	14349	46528
	3p	+	16	14257	9250	8714	14307	46528
	3p	+	17	14157	9355	8738	14278	46528
	3p	+	18	14395	9221	8787	14125	46528
	3p	+	19	14337	9069	8891	14231	46528
	3p	+	20	14125	9077	8941	14385	46528
	3p	+	21	14204	9252	8805	14267	46528
	3p	+	22	14268	9137	8575	14548	46528
	3p	+	23	14323	9180	8782	14243	46528
	3p	+	24	14567	8896	8813	14252	46528
	3p	+	25	14401	9109	8899	14119	46528
	3p	+	26	14182	9215	8864	14267	46528
	3p	+	27	14276	9129	8986	14137	46528
	3p	+	28	14335	9254	8821	14118	46528
	3p	+	29	14280	9136	9000	14112	46528
	3p	+	30	14180	9128	8903	14317	46528
	3p	+	31	13623	8964	8478	13916	44981
	3p	+	32	13245	8478	8399	13407	43529
	3p	+	33	12955	8266	7948	12926	42095
	3p	+	34	12480	7977	7646	12545	40648
	3p	+	35	11985	7634	7621	12025	39265
	3p	+	36	11740	7222	7166	11623	37751
	3p	+	37	11238	7155	6839	11118	36350
	3p	+	38	10609	6842	6735	10670	34856
	3p	+	39	10241	6473	6386	10337	33437
	3p	+	40	9888	6080	6039	9926	31933
	3p	+	41	9369	6014	5666	9487	30536
	3p	+	42	9075	5580	5490	9058	29203
	3p	+	43	8473	5343	5379	8714	27909
	3p	+	44	8239	5028	5089	8226	26582
	3p	+	45	7776	4876	4891	7816	25359
	3p	+	46	7502	4655	4484	7481	24122
	3p	+	47	7167	4399	4292	7102	22960
	3p	+	48	6660	4181	4195	6801	21837
	3p	+	49	6347	3955	3962	6479	20743
	3p	+	50	6008	3777	3639	6240	19664
	3p	+	51	5724	3499	3517	5865	18605
	3p	+	52	5378	3444	3355	5470	17647
	3p	+	53	5106	3144	3210	5246	16706
	3p	+	54	4795	3069	2927	4944	15735
	3p	+	55	4608	2917	2679	4657	14861
	3p	+	56	4211	2678	2684	4417	13990
	3p	+	57	4061	2507	2439	4174	13181
	3p	+	58	3814	2369	2295	3950	12428
	3p	+	59	3614	2241	2206	3654	11715
	3p	+	60	3305	2156	2073	3444	10978
	3p	+	61	3219	1928	1960	3218	10325
	3p	+	62	2960	1819	1842	3063	9684
	3p	+	63	2745	1744	1640	2960	9089
	3p	+	64	2585	1617	1579	2691	8472
	3p	+	65	2419	1466	1577	2451	7913
	3p	+	66	2284	1358	1435	2313	7390
	3p	+	67	2168	1263	1295	2161	6887
	3p	+	68	1897	1246	1221	2049	6413
	3p	+	69	1760	1109	1137	1938	5944
	3p	+	70	1657	1114	1019	1710	5500
	3p	+	71	1492	978	964	1640	5074
	3p	+	72	1402	932	884	1464	4682
	3p	+	73	1338	818	795	1373	4324
	3p	+	74	1279	754	759	1213	4005
	3p	+	75	1122	724	696	1125	3667
	3p	+	76	1036	626	614	1084	3360
	3p	+	77	975	566	573	948	3062
	3p	+	78	830	530	504	923	2787
	3p	+	79	738	462	506	803	2509
	3p	+	80	712	421	427	711	2271
	3p	+	81	638	387	391	634	2050
	3p	+	82	562	354	328	561	1805
	3p	+	83	493	276	309	521	1599
	3p	+	84	378	246	287	447	1358
	3p	+	85	336	227	216	377	1156
	3p	+	86	280	170	176	321	947
	3p	+	87	218	157	139	243	757
	3p	+	88	173	110	112	191	586
	3p	+	89	126	63	79	172	440
	3p	+	90	83	49	50	94	276
	3p	+	91	43	26	20	54	143
	3p	+	92	0	0	0	0	0
	3p	+	93	0	0	0	0	0
	3p	+	94	0	0	0	0	0
	3p	+	95	0	0	0	0	0
	3p	+	96	0	0	0	0	0
	3p	+	97	0	0	0	0	0
	3p	+	98	0	0	0	0	0
	3p	+	99	0	0	0	0	0
	3p	+	100	0	0	0	0	0
	3p	-	1	16655	6075	6174	17412	46316
	3p	-	2	16851	9128	7275	13062	46316
	3p	-	3	15637	8964	8030	13685	46316
	3p	-	4	15498	9239	8179	13400	46316
	3p	-	5	15407	8753	8545	13611	46316
	3p	-	6	15578	8664	8611	13463	46316
	3p	-	7	15064	8849	8678	13725	46316
	3p	-	8	14947	8756	8704	13909	46316
	3p	-	9	14658	9026	8716	13916	46316
	3p	-	10	14366	9126	8673	14151	46316
	3p	-	11	14276	9252	8801	13987	46316
	3p	-	12	14387	9012	8651	14266	46316
	3p	-	13	14357	9105	8837	14017	46316
	3p	-	14	14434	9145	8811	13926	46316
	3p	-	15	14336	9177	8776	14027	46316
	3p	-	16	14351	9264	8657	14044	46316
	3p	-	17	14083	9138	8812	14283	46316
	3p	-	18	14305	9273	8560	14178	46316
	3p	-	19	14270	9257	8635	14154	46316
	3p	-	20	14154	9100	8844	14218	46316
	3p	-	21	14235	9218	8803	14060	46316
	3p	-	22	14241	9154	8665	14256	46316
	3p	-	23	14204	9100	8681	14331	46316
	3p	-	24	14268	9301	8847	13900	46316
	3p	-	25	14291	9042	8933	14049	46315
	3p	-	26	14170	9175	8730	14241	46316
	3p	-	27	14260	9015	8904	14137	46316
	3p	-	28	14301	9198	8835	13982	46316
	3p	-	29	14291	9108	8882	14035	46316
	3p	-	30	14432	9013	8644	14227	46316
	3p	-	31	13726	8844	8552	13719	44841
	3p	-	32	13370	8524	8230	13286	43410
	3p	-	33	12765	8132	8015	12982	41894
	3p	-	34	12482	7859	7638	12509	40488
	3p	-	35	12145	7547	7292	12065	39049
	3p	-	36	11619	7279	6985	11715	37598
	3p	-	37	11107	7031	6851	11182	36171
	3p	-	38	10720	6843	6502	10694	34759
	3p	-	39	10277	6568	6272	10195	33312
	3p	-	40	9856	6070	5948	10086	31960
	3p	-	41	9442	5919	5811	9471	30643
	3p	-	42	9062	5560	5519	9161	29302
	3p	-	43	8530	5401	5311	8664	27906
	3p	-	44	8354	5056	4916	8250	26576
	3p	-	45	7768	5010	4686	7789	25253
	3p	-	46	7406	4550	4510	7533	23999
	3p	-	47	6896	4449	4325	7131	22801
	3p	-	48	6645	4156	4082	6728	21611
	3p	-	49	6353	3981	3843	6309	20486
	3p	-	50	5965	3817	3638	6027	19447
	3p	-	51	5643	3582	3422	5784	18431
	3p	-	52	5255	3396	3344	5405	17400
	3p	-	53	4930	3128	3124	5239	16421
	3p	-	54	4743	2935	2930	4913	15521
	3p	-	55	4470	2829	2794	4584	14677
	3p	-	56	4293	2598	2604	4314	13809
	3p	-	57	4121	2482	2436	4015	13054
	3p	-	58	3748	2348	2295	3898	12289
	3p	-	59	3613	2229	2176	3574	11592
	3p	-	60	3339	2116	2063	3352	10870
	3p	-	61	3145	1991	1862	3199	10197
	3p	-	62	2931	1872	1717	3066	9586
	3p	-	63	2647	1761	1706	2821	8935
	3p	-	64	2523	1541	1563	2695	8322
	3p	-	65	2460	1404	1444	2483	7791
	3p	-	66	2280	1376	1336	2291	7283
	3p	-	67	2087	1315	1235	2109	6746
	3p	-	68	1880	1219	1215	1967	6281
	3p	-	69	1862	1108	1083	1816	5869
	3p	-	70	1674	1048	1034	1649	5405
	3p	-	71	1583	981	925	1564	5053
	3p	-	72	1358	912	892	1480	4642
	3p	-	73	1326	782	838	1320	4266
	3p	-	74	1185	764	737	1259	3945
	3p	-	75	1110	650	658	1179	3597
	3p	-	76	965	611	622	1074	3272
	3p	-	77	908	513	570	981	2972
	3p	-	78	806	520	526	840	2692
	3p	-	79	747	428	479	749	2403
	3p	-	80	660	390	432	658	2140
	3p	-	81	562	335	375	605	1877
	3p	-	82	502	318	294	523	1637
	3p	-	83	436	263	286	475	1460
	3p	-	84	398	206	247	402	1253
	3p	-	85	344	190	175	335	1044
	3p	-	86	261	151	161	296	869
	3p	-	87	220	121	137	218	696
	3p	-	88	166	75	99	196	536
	3p	-	89	130	59	58	149	396
	3p	-	90	65	45	42	85	237
	3p	-	91	53	15	15	30	113
	3p	-	92	0	0	0	0	0
	3p	-	93	0	0	0	0	0
	3p	-	94	0	0	0	0	0
	3p	-	95	0	0	0	0	0
	3p	-	96	0	0	0	0	0
	3p	-	97	0	0	0	0	0
	3p	-	98	0	0	0	0	0
	3p	-	99	0	0	0	0	0
	3p	-	100	0	0	0	0	0
	5p	+	1	15351	8429	7078	15670	46528
	5p	+	2	13542	7937	9947	15098	46524
	5p	+	3	14055	9204	9140	14129	46528
	5p	+	4	14228	9182	9408	13710	46528
	5p	+	5	13983	9211	9313	14021	46528
	5p	+	6	13599	9285	9329	14315	46528
	5p	+	7	14198	9200	9172	13958	46528
	5p	+	8	14455	9044	9094	13935	46528
	5p	+	9	14550	9017	8763	14198	46528
	5p	+	10	14371	9010	8971	14176	46528
	5p	+	11	14472	9168	8849	14039	46528
	5p	+	12	14265	9255	9035	13973	46528
	5p	+	13	14129	9406	8801	14192	46528
	5p	+	14	14341	9242	8777	14168	46528
	5p	+	15	14102	9390	9046	13989	46527
	5p	+	16	14310	9235	8776	14207	46528
	5p	+	17	14327	9092	8851	14258	46528
	5p	+	18	14172	9213	8961	14182	46528
	5p	+	19	14256	9334	8906	14032	46528
	5p	+	20	14212	9302	8635	14379	46528
	5p	+	21	14138	9257	8847	14286	46528
	5p	+	22	14208	9143	8763	14413	46527
	5p	+	23	14295	9218	8780	14235	46528
	5p	+	24	14432	9188	8693	14215	46528
	5p	+	25	14387	9269	8619	14253	46528
	5p	+	26	14382	9257	8772	14117	46528
	5p	+	27	14474	9063	8717	14274	46528
	5p	+	28	14614	9122	8623	14169	46528
	5p	+	29	14512	9291	8521	14204	46528
	5p	+	30	14685	9209	8425	14209	46528
	5p	+	31	14210	8699	8403	13669	44981
	5p	+	32	13869	8347	8024	13289	43529
	5p	+	33	13383	8159	7795	12758	42095
	5p	+	34	13063	7667	7354	12564	40648
	5p	+	35	12577	7455	7224	12009	39265
	5p	+	36	11990	7252	6765	11744	37751
	5p	+	37	11621	6920	6695	11114	36350
	5p	+	38	11039	6728	6316	10773	34856
	5p	+	39	10634	6271	6225	10307	33437
	5p	+	40	10120	5974	5945	9894	31933
	5p	+	41	9865	5786	5527	9358	30536
	5p	+	42	9345	5598	5335	8925	29203
	5p	+	43	8952	5267	4956	8734	27909
	5p	+	44	8569	5044	4760	8209	26582
	5p	+	45	8142	4792	4560	7865	25359
	5p	+	46	7630	4517	4342	7633	24122
	5p	+	47	7341	4184	4237	7198	22960
	5p	+	48	7018	4081	4005	6733	21837
	5p	+	49	6650	3961	3741	6391	20743
	5p	+	50	6407	3710	3496	6051	19664
	5p	+	51	5862	3489	3406	5848	18605
	5p	+	52	5707	3240	3147	5553	17647
	5p	+	53	5357	3220	2993	5136	16706
	5p	+	54	5051	3001	2829	4855	15736
	5p	+	55	4755	2734	2720	4652	14861
	5p	+	56	4418	2590	2499	4483	13990
	5p	+	57	4246	2446	2342	4147	13181
	5p	+	58	3927	2354	2219	3928	12428
	5p	+	59	3790	2150	2124	3651	11715
	5p	+	60	3532	2063	1971	3413	10979
	5p	+	61	3194	1986	1824	3323	10327
	5p	+	62	3209	1746	1706	3024	9685
	5p	+	63	2934	1688	1704	2763	9089
	5p	+	64	2673	1575	1576	2648	8472
	5p	+	65	2499	1492	1389	2533	7913
	5p	+	66	2344	1361	1357	2328	7390
	5p	+	67	2236	1275	1201	2175	6887
	5p	+	68	2026	1242	1156	1989	6413
	5p	+	69	1994	1069	1042	1839	5944
	5p	+	70	1771	1009	974	1746	5500
	5p	+	71	1614	955	898	1607	5074
	5p	+	72	1506	886	858	1432	4682
	5p	+	73	1422	792	782	1328	4324
	5p	+	74	1325	725	727	1228	4005
	5p	+	75	1178	699	654	1136	3667
	5p	+	76	1110	618	594	1039	3361
	5p	+	77	1004	557	533	968	3062
	5p	+	78	912	528	477	870	2787
	5p	+	79	765	476	451	817	2509
	5p	+	80	734	430	411	696	2271
	5p	+	81	721	344	322	663	2050
	5p	+	82	631	304	318	552	1805
	5p	+	83	565	287	269	478	1599
	5p	+	84	440	256	232	430	1358
	5p	+	85	408	196	204	348	1156
	5p	+	86	314	163	173	297	947
	5p	+	87	245	136	140	236	757
	5p	+	88	205	98	92	191	586
	5p	+	89	137	79	72	152	440
	5p	+	90	103	33	43	97	276
	5p	+	91	50	15	19	59	143
	5p	+	92	0	0	0	0	0
	5p	+	93	0	0	0	0	0
	5p	+	94	0	0	0	0	0
	5p	+	95	0	0	0	0	0
	5p	+	96	0	0	0	0	0
	5p	+	97	0	0	0	0	0
	5p	+	98	0	0	0	0	0
	5p	+	99	0	0	0	0	0
	5p	+	100	0	0	0	0	0
	5p	-	1	15230	8407	7070	15609	46316
	5p	-	2	13515	7914	9672	15209	46310
	5p	-	3	13908	9195	9216	13997	46316
	5p	-	4	14288	9080	9335	13613	46316
	5p	-	5	13965	9211	9120	14020	46316
	5p	-	6	13555	9226	9394	14141	46316
	5p	-	7	14373	8850	9307	13786	46316
	5p	-	8	14653	8977	8878	13808	46316
	5p	-	9	14453	8986	8759	14118	46316
	5p	-	10	14370	9189	8795	13962	46316
	5p	-	11	14343	9221	8686	14066	46316
	5p	-	12	14278	9245	8857	13936	46316
	5p	-	13	14340	9311	8756	13909	46316
	5p	-	14	14141	9273	8799	14103	46316
	5p	-	15	14159	9307	8862	13988	46316
	5p	-	16	14334	9271	8727	13984	46316
	5p	-	17	14346	9310	8724	13936	46316
	5p	-	18	14357	9137	8771	14051	46316
	5p	-	19	14487	9077	8686	14066	46316
	5p	-	20	14309	9145	8710	14152	46316
	5p	-	21	14089	9160	8823	14244	46316
	5p	-	22	14332	9089	8790	14105	46316
	5p	-	23	14182	9195	8783	14156	46316
	5p	-	24	14258	9090	8709	14259	46316
	5p	-	25	14267	9195	8694	14160	46316
	5p	-	26	14447	9184	8647	14038	46316
	5p	-	27	14478	9034	8672	14132	46316
	5p	-	28	14433	9065	8770	14048	46316
	5p	-	29	14578	9027	8670	14041	46316
	5p	-	30	14719	9033	8544	14020	46316
	5p	-	31	14400	8691	7994	13756	44841
	5p	-	32	13844	8309	8047	13210	43410
	5p	-	33	13336	8053	7707	12798	41894
	5p	-	34	12923	7834	7327	12404	40488
	5p	-	35	12450	7637	7022	11940	39049
	5p	-	36	11867	7307	6822	11602	37598
	5p	-	37	11672	6840	6564	11095	36171
	5p	-	38	11213	6800	6255	10491	34759
	5p	-	39	10590	6340	6128	10254	33312
	5p	-	40	10169	6070	5765	9956	31960
	5p	-	41	9804	5897	5520	9422	30643
	5p	-	42	9402	5515	5237	9148	29302
	5p	-	43	8985	5270	5060	8591	27906
	5p	-	44	8474	5139	4775	8188	26576
	5p	-	45	8127	4803	4451	7872	25253
	5p	-	46	7669	4511	4257	7562	23999
	5p	-	47	7328	4240	4135	7098	22801
	5p	-	48	6884	4117	3890	6720	21611
	5p	-	49	6563	3783	3704	6436	20486
	5p	-	50	6167	3676	3482	6122	19447
	5p	-	51	5746	3486	3394	5805	18431
	5p	-	52	5545	3295	3081	5478	17399
	5p	-	53	5322	3085	2896	5118	16421
	5p	-	54	4849	2952	2797	4923	15521
	5p	-	55	4617	2770	2623	4667	14677
	5p	-	56	4347	2686	2483	4293	13809
	5p	-	57	4255	2433	2310	4057	13055
	5p	-	58	4002	2328	2201	3758	12289
	5p	-	59	3736	2134	2061	3661	11592
	5p	-	60	3383	2047	1986	3454	10870
	5p	-	61	3292	1906	1817	3183	10198
	5p	-	62	3048	1801	1708	3030	9587
	5p	-	63	2878	1622	1595	2840	8935
	5p	-	64	2602	1553	1541	2626	8322
	5p	-	65	2530	1491	1368	2402	7791
	5p	-	66	2382	1401	1279	2222	7284
	5p	-	67	2188	1191	1208	2159	6746
	5p	-	68	2026	1163	1143	1949	6281
	5p	-	69	1913	1134	991	1831	5869
	5p	-	70	1699	1044	969	1694	5406
	5p	-	71	1644	932	929	1548	5053
	5p	-	72	1514	859	793	1476	4642
	5p	-	73	1408	763	740	1355	4266
	5p	-	74	1295	702	732	1216	3945
	5p	-	75	1137	629	666	1165	3597
	5p	-	76	1055	620	593	1005	3273
	5p	-	77	999	543	492	938	2972
	5p	-	78	936	474	465	817	2692
	5p	-	79	793	424	435	751	2403
	5p	-	80	685	377	385	693	2140
	5p	-	81	586	346	306	639	1877
	5p	-	82	504	327	281	525	1637
	5p	-	83	497	231	246	486	1460
	5p	-	84	404	207	240	402	1253
	5p	-	85	364	180	175	325	1044
	5p	-	86	293	159	151	266	869
	5p	-	87	245	93	125	233	696
	5p	-	88	183	88	84	181	536
	5p	-	89	147	69	56	124	396
	5p	-	90	82	38	40	77	237
	5p	-	91	39	11	17	46	113
	5p	-	92	0	0	0	0	0
	5p	-	93	0	0	0	0	0
	5p	-	94	0	0	0	0	0
	5p	-	95	0	0	0	0	0
	5p	-	96	0	0	0	0	0
	5p	-	97	0	0	0	0	0
	5p	-	98	0	0	0	0	0
	5p	-	99	0	0	0	0	0
	5p	-	100	0	0	0	0	0
