# table produced by DamageProfiler
# using mapped file ScA028.BuffaloCape_Human_nc.Target.rmdup.noMicro.bam
# Sample ID: ScA028.BuffaloCape_Human_nc.Target.rmdup.noMicro.bam
Pos	C>T	G>A	A>C	A>G	A>T	C>A	C>G	G>C	G>T	T>A	T>C	T>G	->ACGT	ACGT>-
24	0.004402	0.003620	0.000855	0.002405	0.000874	0.001317	0.000739	0.000699	0.003842	0.000795	0.001897	0.000795	0.000364	0.000000
23	0.004253	0.003696	0.000787	0.002381	0.000807	0.001471	0.000736	0.000681	0.003371	0.000856	0.002161	0.000693	0.000290	0.000000
22	0.004733	0.003342	0.000872	0.002040	0.000594	0.001087	0.000640	0.000746	0.003699	0.000708	0.002044	0.000668	0.000272	0.000000
21	0.004475	0.003421	0.000754	0.002380	0.000734	0.001682	0.000857	0.000678	0.004357	0.000428	0.002466	0.000510	0.000265	0.000000
20	0.004889	0.003336	0.000757	0.002490	0.000916	0.001097	0.000533	0.000810	0.004631	0.000633	0.002429	0.000612	0.000272	0.000000
19	0.004305	0.003949	0.000716	0.002209	0.000796	0.001456	0.000791	0.001110	0.003525	0.000667	0.002000	0.000667	0.000340	0.000000
18	0.005038	0.003448	0.000517	0.002485	0.000855	0.001165	0.001071	0.000911	0.003481	0.000793	0.001809	0.000610	0.000333	0.000000
17	0.005291	0.003154	0.000772	0.002159	0.000753	0.001331	0.000982	0.000986	0.003976	0.000646	0.002101	0.000646	0.000309	0.000000
16	0.004428	0.003799	0.000936	0.002370	0.000876	0.001202	0.000728	0.000909	0.003799	0.000425	0.002390	0.000709	0.000296	0.000000
15	0.003891	0.003665	0.000889	0.002508	0.000889	0.001771	0.000728	0.000965	0.003730	0.000617	0.001934	0.000741	0.000377	0.000000
14	0.004314	0.003886	0.000768	0.002186	0.000926	0.001776	0.000920	0.001101	0.003692	0.000861	0.002132	0.000615	0.000358	0.000000
13	0.004341	0.003788	0.000886	0.002205	0.000925	0.001888	0.001007	0.000642	0.003595	0.000642	0.002259	0.000891	0.000278	0.000000
12	0.005147	0.003222	0.000652	0.002491	0.001028	0.001705	0.000695	0.000709	0.003029	0.000534	0.001951	0.000842	0.000309	0.000000
11	0.004209	0.003586	0.000748	0.002559	0.000807	0.001212	0.000797	0.000646	0.003392	0.000553	0.002149	0.000737	0.000321	0.000000
10	0.003790	0.003024	0.000650	0.002441	0.000827	0.001465	0.001369	0.000804	0.003506	0.000965	0.002299	0.000657	0.000302	0.000000
9	0.004877	0.003378	0.000667	0.002296	0.000804	0.001636	0.000995	0.001299	0.004223	0.000794	0.001955	0.000570	0.000204	0.000000
8	0.004835	0.003230	0.000969	0.001898	0.000814	0.001741	0.001031	0.000979	0.003686	0.000575	0.002115	0.000739	0.000247	0.000000
7	0.004335	0.003072	0.000832	0.002231	0.000700	0.001567	0.000900	0.000882	0.003693	0.000762	0.002184	0.000865	0.000296	0.000000
6	0.005434	0.003975	0.000739	0.002121	0.001174	0.001735	0.000851	0.000920	0.004238	0.000664	0.001928	0.000498	0.000253	0.000000
5	0.005839	0.003936	0.000997	0.002197	0.001366	0.001890	0.000979	0.001236	0.005009	0.000779	0.002190	0.000779	0.000179	0.000000
4	0.006480	0.004700	0.000795	0.002033	0.001091	0.001871	0.000735	0.000906	0.005002	0.000975	0.002510	0.000809	0.000123	0.000000
3	0.006879	0.004780	0.000893	0.002215	0.001564	0.002507	0.000964	0.001220	0.004949	0.001320	0.002996	0.000964	0.000043	0.000000
2	0.007450	0.005492	0.000982	0.002463	0.001778	0.003984	0.001069	0.002123	0.004515	0.001810	0.003389	0.001242	0.000006	0.000000
1	0.047231	0.006381	0.001245	0.002720	0.001654	0.002597	0.000985	0.002314	0.004068	0.001867	0.003317	0.001164	0.000000	0.000000
0	0.228056	0.007219	0.001092	0.002447	0.002711	0.004601	0.001095	0.001643	0.005619	0.001736	0.001809	0.001133	0.000000	0.000000
