# table produced by DamageProfiler
# using mapped file ScA028.BuffaloCape_Human_nc.Target.rmdup.noMicro.bam
# Sample ID: ScA028.BuffaloCape_Human_nc.Target.rmdup.noMicro.bam
Pos	C>T	G>A	A>C	A>G	A>T	C>A	C>G	G>C	G>T	T>A	T>C	T>G	->ACGT	ACGT>-
0	0.027342	0.006900	0.001483	0.004218	0.001926	0.003049	0.001307	0.001607	0.004822	0.001825	0.002135	0.001387	0.000000	0.000000
1	0.013208	0.004660	0.000893	0.003591	0.001266	0.002955	0.001353	0.000909	0.004455	0.001471	0.002245	0.000910	0.000025	0.000000
2	0.007642	0.004576	0.000942	0.002726	0.001223	0.002055	0.001156	0.001049	0.003305	0.001513	0.002260	0.000888	0.000025	0.000000
3	0.006250	0.003063	0.000893	0.002978	0.000993	0.001400	0.000749	0.000788	0.003517	0.001334	0.002480	0.000875	0.000068	0.000000
4	0.005521	0.003471	0.000767	0.002623	0.000827	0.001679	0.000678	0.000922	0.003901	0.000940	0.002473	0.000838	0.000173	0.000000
5	0.005813	0.003451	0.000943	0.002768	0.000697	0.001373	0.000767	0.000832	0.003666	0.001112	0.002305	0.000910	0.000173	0.000000
6	0.004068	0.003742	0.000618	0.002112	0.000638	0.001465	0.000781	0.000873	0.003056	0.001285	0.002182	0.000877	0.000185	0.000000
7	0.004761	0.003202	0.000601	0.002249	0.000698	0.001319	0.000804	0.000970	0.003493	0.000888	0.002230	0.000805	0.000191	0.000000
8	0.004257	0.004073	0.000686	0.002275	0.000490	0.001856	0.000608	0.000802	0.003560	0.000885	0.002326	0.000947	0.000136	0.000000
9	0.004478	0.003759	0.000837	0.002033	0.000558	0.001514	0.000694	0.001037	0.003532	0.000974	0.002253	0.000852	0.000179	0.000000
10	0.004967	0.003190	0.000958	0.001975	0.000638	0.001226	0.000786	0.000838	0.003609	0.000999	0.002203	0.000714	0.000210	0.000000
11	0.004380	0.003151	0.000656	0.002623	0.000676	0.001103	0.000473	0.001105	0.003541	0.000793	0.002156	0.000753	0.000210	0.000000
12	0.004286	0.003649	0.000578	0.002091	0.000657	0.001544	0.000599	0.000743	0.003423	0.000713	0.001732	0.000672	0.000259	0.000000
13	0.004196	0.003765	0.001009	0.002551	0.000929	0.001081	0.000668	0.000519	0.003213	0.001119	0.002318	0.000610	0.000198	0.000000
14	0.004069	0.003769	0.000634	0.002179	0.000574	0.001135	0.000662	0.000676	0.003382	0.001005	0.002256	0.000636	0.000235	0.000000
15	0.004519	0.003698	0.000579	0.002455	0.000818	0.001130	0.000879	0.000868	0.003280	0.000695	0.002147	0.000634	0.000259	0.000000
16	0.004952	0.003533	0.000671	0.002013	0.000691	0.001609	0.000915	0.000940	0.004214	0.000943	0.002010	0.000738	0.000228	0.000000
17	0.004097	0.004352	0.000619	0.002096	0.000759	0.001063	0.000657	0.000903	0.003675	0.000532	0.002290	0.000736	0.000247	0.000000
18	0.004238	0.003102	0.000809	0.002051	0.000828	0.001297	0.000727	0.001034	0.004168	0.000760	0.002115	0.000719	0.000278	0.000000
19	0.004166	0.003554	0.000659	0.002317	0.000699	0.001367	0.001018	0.000993	0.003234	0.000548	0.002092	0.000955	0.000247	0.000000
20	0.004831	0.003551	0.000877	0.002451	0.000718	0.001412	0.000627	0.000646	0.003616	0.000694	0.002246	0.000735	0.000222	0.000000
21	0.004930	0.003422	0.000673	0.002435	0.000693	0.001495	0.000732	0.000775	0.004035	0.000836	0.001876	0.000652	0.000210	0.000000
22	0.004915	0.003362	0.000749	0.002247	0.000709	0.001363	0.000920	0.000555	0.003231	0.000978	0.002079	0.000591	0.000247	0.000000
23	0.004718	0.003803	0.000650	0.002185	0.000728	0.001203	0.000855	0.000787	0.003607	0.000428	0.002098	0.000611	0.000253	0.000000
24	0.004740	0.003324	0.000727	0.002514	0.000746	0.001209	0.000509	0.001141	0.003422	0.000694	0.002164	0.000653	0.000179	0.000000
