# table produced by DamageProfiler
# using mapped file ScA028.BuffaloCape_Human_nc.Target.rmdup.noMicro.bam
# Sample ID: ScA028.BuffaloCape_Human_nc.Target.rmdup.noMicro.bam
Chr	End	Std	Pos	A	C	G	T	Total
	3p	+	1	28357	10676	11436	30302	80771
	3p	+	2	27910	16021	13345	23495	80771
	3p	+	3	26959	15397	14671	23744	80771
	3p	+	4	26612	15371	14768	24020	80771
	3p	+	5	27015	14819	14807	24130	80771
	3p	+	6	26829	14843	15342	23757	80771
	3p	+	7	26272	15186	15190	24123	80771
	3p	+	8	26365	15051	15103	24252	80771
	3p	+	9	25562	15523	15202	24484	80771
	3p	+	10	25383	15473	15203	24712	80771
	3p	+	11	25352	15690	15399	24330	80771
	3p	+	12	25250	15772	15303	24446	80771
	3p	+	13	25035	15783	15473	24480	80771
	3p	+	14	25493	15712	15475	24091	80771
	3p	+	15	25242	15636	15408	24485	80771
	3p	+	16	25146	15719	15415	24491	80771
	3p	+	17	25020	15687	15349	24715	80771
	3p	+	18	25003	15795	15171	24802	80771
	3p	+	19	25078	15851	15267	24575	80771
	3p	+	20	25028	15845	15211	24687	80771
	3p	+	21	24892	16019	15258	24602	80771
	3p	+	22	25019	15856	15478	24418	80771
	3p	+	23	25065	15614	15267	24825	80771
	3p	+	24	25332	15703	15407	24329	80771
	3p	+	25	25144	15481	15587	24559	80771
	3p	+	26	25231	15591	15471	24478	80771
	3p	+	27	24926	15770	15402	24673	80771
	3p	+	28	24884	15823	15467	24597	80771
	3p	+	29	25089	15648	15427	24607	80771
	3p	+	30	24951	15801	15428	24591	80771
	3p	+	31	24014	14896	15097	24144	78151
	3p	+	32	23491	14296	14289	23475	75551
	3p	+	33	22487	14079	13844	22491	72901
	3p	+	34	21949	13602	13418	21369	70338
	3p	+	35	20947	13036	12919	20709	67611
	3p	+	36	20182	12345	12270	20134	64931
	3p	+	37	19141	11995	11854	19280	62270
	3p	+	38	18514	11215	11366	18544	59639
	3p	+	39	17618	10933	10836	17654	57041
	3p	+	40	16711	10502	10317	16937	54467
	3p	+	41	16204	9889	9826	16073	51992
	3p	+	42	15441	9380	9451	15296	49568
	3p	+	43	14734	8787	9164	14520	47205
	3p	+	44	14098	8502	8429	13909	44938
	3p	+	45	13181	8223	8148	13253	42805
	3p	+	46	12630	7838	7648	12665	40781
	3p	+	47	12098	7391	7268	11956	38713
	3p	+	48	11456	6962	6924	11425	36767
	3p	+	49	10902	6667	6564	10674	34807
	3p	+	50	10169	6276	6246	10341	33032
	3p	+	51	9735	6027	5738	9738	31238
	3p	+	52	9249	5506	5580	9274	29609
	3p	+	53	8672	5360	5276	8791	28099
	3p	+	54	8276	5114	4950	8290	26630
	3p	+	55	7908	4902	4716	7651	25177
	3p	+	56	7381	4508	4443	7506	23838
	3p	+	57	7036	4292	4231	6967	22526
	3p	+	58	6581	4131	3953	6570	21235
	3p	+	59	6077	3849	3809	6281	20016
	3p	+	60	5848	3589	3484	5898	18819
	3p	+	61	5486	3371	3302	5563	17722
	3p	+	62	5175	3152	3108	5166	16601
	3p	+	63	4822	2970	2988	4815	15595
	3p	+	64	4502	2739	2818	4609	14668
	3p	+	65	4216	2659	2639	4216	13730
	3p	+	66	4135	2392	2357	3979	12863
	3p	+	67	3681	2301	2339	3658	11979
	3p	+	68	3465	2143	2038	3531	11177
	3p	+	69	3195	2044	1933	3231	10403
	3p	+	70	2997	1888	1808	3007	9700
	3p	+	71	2748	1720	1699	2840	9007
	3p	+	72	2571	1596	1539	2610	8316
	3p	+	73	2401	1445	1369	2470	7685
	3p	+	74	2168	1327	1342	2243	7080
	3p	+	75	2026	1200	1230	2056	6512
	3p	+	76	1790	1161	1103	1913	5967
	3p	+	77	1632	1014	1011	1792	5449
	3p	+	78	1552	915	905	1557	4929
	3p	+	79	1390	851	845	1377	4463
	3p	+	80	1263	765	736	1254	4018
	3p	+	81	1038	709	696	1149	3592
	3p	+	82	1003	598	556	1030	3187
	3p	+	83	812	558	515	898	2783
	3p	+	84	735	443	446	798	2422
	3p	+	85	616	390	380	663	2049
	3p	+	86	561	310	279	526	1676
	3p	+	87	398	251	257	439	1345
	3p	+	88	330	196	193	324	1043
	3p	+	89	227	135	128	255	745
	3p	+	90	163	85	92	164	504
	3p	+	91	66	47	34	82	229
	3p	+	92	0	0	0	0	0
	3p	+	93	0	0	0	0	0
	3p	+	94	0	0	0	0	0
	3p	+	95	0	0	0	0	0
	3p	+	96	0	0	0	0	0
	3p	+	97	0	0	0	0	0
	3p	+	98	0	0	0	0	0
	3p	+	99	0	0	0	0	0
	3p	+	100	0	0	0	0	0
	3p	-	1	28479	10509	11595	30709	81292
	3p	-	2	28359	16055	13349	23529	81292
	3p	-	3	27126	15367	14876	23923	81292
	3p	-	4	27146	15645	14602	23899	81292
	3p	-	5	27125	15045	14838	24284	81292
	3p	-	6	27327	14730	15274	23961	81292
	3p	-	7	26541	15283	15138	24330	81292
	3p	-	8	26523	14921	15457	24391	81292
	3p	-	9	26071	15458	15388	24375	81292
	3p	-	10	25602	15640	15487	24563	81292
	3p	-	11	25468	15679	15670	24475	81292
	3p	-	12	25549	15570	15621	24552	81292
	3p	-	13	25549	15813	15548	24382	81292
	3p	-	14	25322	16032	15623	24315	81292
	3p	-	15	25582	15857	15391	24462	81292
	3p	-	16	25515	15876	15627	24274	81292
	3p	-	17	25175	15927	15381	24809	81292
	3p	-	18	25495	15713	15202	24882	81292
	3p	-	19	25242	15830	15431	24789	81292
	3p	-	20	25280	15721	15344	24947	81292
	3p	-	21	25303	15871	15530	24588	81292
	3p	-	22	25416	15623	15426	24827	81292
	3p	-	23	25434	15634	15473	24751	81292
	3p	-	24	25502	15544	15390	24856	81292
	3p	-	25	25192	15614	15848	24637	81291
	3p	-	26	25297	15697	15671	24627	81292
	3p	-	27	25455	15605	15479	24753	81292
	3p	-	28	25153	15694	15705	24740	81292
	3p	-	29	25474	15388	15650	24780	81292
	3p	-	30	25111	15531	15673	24977	81292
	3p	-	31	24621	15232	15036	23755	78644
	3p	-	32	23822	14664	14516	23032	76034
	3p	-	33	22758	14246	13866	22466	73336
	3p	-	34	21912	13456	13549	21766	70683
	3p	-	35	21088	12984	12993	20925	67990
	3p	-	36	20334	12391	12397	20179	65301
	3p	-	37	19624	11986	11829	19190	62629
	3p	-	38	18792	11410	11408	18378	59988
	3p	-	39	17901	11061	10664	17813	57439
	3p	-	40	16977	10519	10453	16941	54890
	3p	-	41	16173	9982	9928	16305	52388
	3p	-	42	15489	9493	9395	15551	49928
	3p	-	43	14971	9092	8904	14622	47589
	3p	-	44	14123	8658	8501	14038	45320
	3p	-	45	13585	8142	8071	13340	43138
	3p	-	46	12769	7826	7742	12711	41048
	3p	-	47	12255	7466	7375	11994	39090
	3p	-	48	11450	7061	6995	11539	37045
	3p	-	49	11041	6630	6490	10994	35155
	3p	-	50	10209	6364	6379	10457	33409
	3p	-	51	9848	5982	6048	9774	31652
	3p	-	52	9427	5707	5676	9184	29994
	3p	-	53	8857	5539	5255	8768	28419
	3p	-	54	8360	5086	5118	8339	26903
	3p	-	55	7868	4745	4806	8008	25427
	3p	-	56	7498	4560	4617	7429	24104
	3p	-	57	7110	4306	4271	7129	22816
	3p	-	58	6714	4077	4093	6656	21540
	3p	-	59	6277	3881	3849	6260	20267
	3p	-	60	5865	3622	3605	5982	19074
	3p	-	61	5544	3426	3356	5606	17932
	3p	-	62	5195	3141	3147	5381	16864
	3p	-	63	4829	3087	2974	4945	15835
	3p	-	64	4527	2868	2748	4722	14865
	3p	-	65	4338	2695	2559	4338	13930
	3p	-	66	4036	2431	2481	4092	13040
	3p	-	67	3873	2316	2253	3780	12222
	3p	-	68	3604	2183	2086	3549	11422
	3p	-	69	3318	2040	1956	3284	10598
	3p	-	70	3071	1890	1844	3068	9873
	3p	-	71	2847	1735	1691	2900	9173
	3p	-	72	2618	1622	1627	2645	8512
	3p	-	73	2434	1500	1450	2508	7892
	3p	-	74	2247	1366	1385	2329	7327
	3p	-	75	2076	1258	1206	2231	6771
	3p	-	76	1926	1184	1157	1925	6192
	3p	-	77	1794	1030	1064	1767	5655
	3p	-	78	1576	971	1013	1606	5166
	3p	-	79	1456	885	890	1452	4683
	3p	-	80	1351	782	748	1311	4192
	3p	-	81	1125	695	696	1208	3724
	3p	-	82	1001	612	672	1015	3300
	3p	-	83	936	524	545	895	2900
	3p	-	84	779	472	470	792	2513
	3p	-	85	646	402	399	687	2134
	3p	-	86	523	301	349	601	1774
	3p	-	87	442	241	246	478	1407
	3p	-	88	313	205	194	342	1054
	3p	-	89	235	142	114	282	773
	3p	-	90	145	88	76	179	488
	3p	-	91	96	52	28	74	250
	3p	-	92	0	0	0	0	0
	3p	-	93	0	0	0	0	0
	3p	-	94	0	0	0	0	0
	3p	-	95	0	0	0	0	0
	3p	-	96	0	0	0	0	0
	3p	-	97	0	0	0	0	0
	3p	-	98	0	0	0	0	0
	3p	-	99	0	0	0	0	0
	3p	-	100	0	0	0	0	0
	5p	+	1	25704	14508	12829	27730	80771
	5p	+	2	24024	13899	16882	25950	80755
	5p	+	3	24826	15465	15691	24789	80771
	5p	+	4	25171	15161	16384	24055	80771
	5p	+	5	24724	15354	16170	24523	80771
	5p	+	6	24212	15733	16222	24604	80771
	5p	+	7	24962	15321	15923	24565	80771
	5p	+	8	25595	15477	15406	24293	80771
	5p	+	9	25382	15551	15653	24185	80771
	5p	+	10	24915	15821	15280	24755	80771
	5p	+	11	25027	15920	15414	24410	80771
	5p	+	12	25083	15958	15225	24505	80771
	5p	+	13	24930	15913	15479	24449	80771
	5p	+	14	25281	15662	15311	24517	80771
	5p	+	15	25157	15748	15475	24391	80771
	5p	+	16	24854	16045	15503	24369	80771
	5p	+	17	25199	15746	15370	24456	80771
	5p	+	18	25067	15857	15394	24453	80771
	5p	+	19	25302	15735	15463	24271	80771
	5p	+	20	24903	15619	15525	24724	80771
	5p	+	21	24934	15943	15505	24389	80771
	5p	+	22	25270	15717	15275	24509	80771
	5p	+	23	25318	15719	15266	24468	80771
	5p	+	24	25274	15707	15246	24544	80771
	5p	+	25	25326	15731	15291	24423	80771
	5p	+	26	25464	15549	15261	24497	80771
	5p	+	27	25549	15499	15300	24423	80771
	5p	+	28	25445	15604	15279	24443	80771
	5p	+	29	25680	15621	14882	24588	80771
	5p	+	30	25789	15306	15104	24572	80771
	5p	+	31	25021	14861	14293	23976	78151
	5p	+	32	24209	14475	13957	22910	75551
	5p	+	33	23313	13718	13474	22396	72901
	5p	+	34	22499	13154	12825	21860	70338
	5p	+	35	21546	12835	12349	20881	67611
	5p	+	36	20923	12525	11746	19737	64931
	5p	+	37	20028	11854	11420	18968	62270
	5p	+	38	19076	11122	10937	18504	59639
	5p	+	39	18096	10882	10670	17393	57041
	5p	+	40	17451	10248	9943	16825	54467
	5p	+	41	16601	9966	9388	16037	51992
	5p	+	42	15941	9279	8981	15367	49568
	5p	+	43	15218	8796	8742	14449	47205
	5p	+	44	14315	8338	8192	14093	44938
	5p	+	45	13618	7961	7878	13348	42805
	5p	+	46	13166	7526	7501	12588	40781
	5p	+	47	12371	7233	7158	11951	38713
	5p	+	48	11600	6917	6808	11442	36767
	5p	+	49	11167	6587	6280	10773	34807
	5p	+	50	10617	6248	5972	10195	33032
	5p	+	51	9899	5947	5646	9746	31238
	5p	+	52	9254	5723	5296	9336	29609
	5p	+	53	9013	5179	5153	8755	28100
	5p	+	54	8390	5000	4942	8299	26631
	5p	+	55	7951	4838	4588	7801	25178
	5p	+	56	7566	4459	4287	7527	23839
	5p	+	57	7179	4157	4159	7031	22526
	5p	+	58	6696	4004	3887	6650	21237
	5p	+	59	6467	3722	3660	6167	20016
	5p	+	60	5903	3532	3501	5884	18820
	5p	+	61	5676	3418	3261	5367	17722
	5p	+	62	5309	3083	3023	5187	16602
	5p	+	63	4966	2911	2851	4867	15595
	5p	+	64	4627	2743	2648	4650	14668
	5p	+	65	4398	2578	2437	4318	13731
	5p	+	66	4151	2410	2318	3985	12864
	5p	+	67	3879	2229	2116	3755	11979
	5p	+	68	3616	2069	1982	3511	11178
	5p	+	69	3330	2003	1834	3237	10404
	5p	+	70	3174	1836	1634	3056	9700
	5p	+	71	2924	1690	1633	2760	9007
	5p	+	72	2685	1534	1481	2616	8316
	5p	+	73	2417	1463	1360	2446	7686
	5p	+	74	2249	1311	1248	2273	7081
	5p	+	75	2045	1228	1198	2041	6512
	5p	+	76	1884	1081	1076	1926	5967
	5p	+	77	1754	1032	999	1664	5449
	5p	+	78	1594	914	883	1538	4929
	5p	+	79	1422	837	818	1386	4463
	5p	+	80	1286	767	681	1284	4018
	5p	+	81	1246	612	613	1121	3592
	5p	+	82	1006	598	566	1017	3187
	5p	+	83	918	505	489	871	2783
	5p	+	84	802	444	431	745	2422
	5p	+	85	717	365	336	631	2049
	5p	+	86	547	322	288	520	1677
	5p	+	87	466	210	227	442	1345
	5p	+	88	316	183	182	363	1044
	5p	+	89	238	146	109	252	745
	5p	+	90	157	93	72	182	504
	5p	+	91	78	33	38	80	229
	5p	+	92	0	0	0	0	0
	5p	+	93	0	0	0	0	0
	5p	+	94	0	0	0	0	0
	5p	+	95	0	0	0	0	0
	5p	+	96	0	0	0	0	0
	5p	+	97	0	0	0	0	0
	5p	+	98	0	0	0	0	0
	5p	+	99	0	0	0	0	0
	5p	+	100	0	0	0	0	0
	5p	-	1	26186	14625	12673	27808	81292
	5p	-	2	24186	13885	17151	26062	81284
	5p	-	3	25108	15533	15711	24940	81292
	5p	-	4	25165	15492	16571	24064	81292
	5p	-	5	24864	15573	16312	24543	81292
	5p	-	6	24572	15528	16194	24998	81292
	5p	-	7	25292	15387	16091	24522	81292
	5p	-	8	26003	15574	15463	24252	81292
	5p	-	9	25677	15667	15458	24490	81292
	5p	-	10	25303	15872	15500	24617	81292
	5p	-	11	25129	15860	15547	24756	81292
	5p	-	12	25237	15769	15509	24777	81292
	5p	-	13	25342	15762	15412	24775	81291
	5p	-	14	25283	15801	15456	24752	81292
	5p	-	15	25386	15942	15502	24462	81292
	5p	-	16	25275	15781	15549	24687	81292
	5p	-	17	25522	15895	15394	24481	81292
	5p	-	18	25080	16116	15522	24574	81292
	5p	-	19	25426	15873	15402	24591	81292
	5p	-	20	25190	15799	15677	24625	81291
	5p	-	21	25255	15895	15417	24725	81292
	5p	-	22	25277	15657	15636	24722	81292
	5p	-	23	25461	15759	15339	24733	81292
	5p	-	24	25556	15831	15180	24725	81292
	5p	-	25	25586	15689	15334	24683	81292
	5p	-	26	25634	15482	15434	24742	81292
	5p	-	27	25892	15695	15384	24321	81292
	5p	-	28	25940	15534	15337	24481	81292
	5p	-	29	26122	15481	15288	24401	81292
	5p	-	30	26113	15452	15379	24348	81292
	5p	-	31	25305	14945	14528	23866	78644
	5p	-	32	24252	14510	13868	23404	76034
	5p	-	33	23519	13950	13867	22000	73336
	5p	-	34	22712	13402	13124	21445	70683
	5p	-	35	22103	12607	12781	20499	67990
	5p	-	36	20982	12047	12193	20079	65301
	5p	-	37	20161	11714	11682	19072	62629
	5p	-	38	19529	11115	11074	18270	59988
	5p	-	39	18452	10869	10568	17550	57439
	5p	-	40	17681	9997	10222	16990	54890
	5p	-	41	16895	9855	9499	16139	52388
	5p	-	42	16042	9454	9042	15390	49928
	5p	-	43	15239	8825	8765	14760	47589
	5p	-	44	14567	8413	8286	14054	45320
	5p	-	45	13842	8068	7753	13475	43138
	5p	-	46	13048	7732	7492	12776	41048
	5p	-	47	12479	7306	7189	12116	39090
	5p	-	48	11902	6949	6793	11401	37045
	5p	-	49	11431	6504	6385	10835	35155
	5p	-	50	10814	6403	5931	10261	33409
	5p	-	51	10135	5951	5708	9858	31652
	5p	-	52	9355	5684	5444	9510	29993
	5p	-	53	9182	5260	5149	8829	28420
	5p	-	54	8689	4992	4836	8386	26903
	5p	-	55	8113	4802	4605	7907	25427
	5p	-	56	7687	4467	4372	7578	24104
	5p	-	57	7354	4293	4157	7013	22817
	5p	-	58	6897	3995	3866	6784	21542
	5p	-	59	6428	3760	3793	6288	20269
	5p	-	60	6037	3554	3478	6005	19074
	5p	-	61	5814	3427	3217	5474	17932
	5p	-	62	5404	3153	3067	5240	16864
	5p	-	63	4996	2958	2890	4991	15835
	5p	-	64	4767	2744	2680	4674	14865
	5p	-	65	4483	2616	2494	4337	13930
	5p	-	66	4164	2437	2369	4070	13040
	5p	-	67	3937	2284	2190	3811	12222
	5p	-	68	3655	2189	2049	3529	11422
	5p	-	69	3432	1994	1891	3281	10598
	5p	-	70	3123	1805	1837	3108	9873
	5p	-	71	2894	1787	1575	2917	9173
	5p	-	72	2737	1549	1489	2737	8512
	5p	-	73	2535	1467	1416	2474	7892
	5p	-	74	2282	1375	1304	2366	7327
	5p	-	75	2131	1258	1241	2142	6772
	5p	-	76	1969	1134	1116	1973	6192
	5p	-	77	1821	1083	978	1773	5655
	5p	-	78	1730	1003	875	1560	5168
	5p	-	79	1534	882	814	1453	4683
	5p	-	80	1358	777	726	1331	4192
	5p	-	81	1262	677	684	1101	3724
	5p	-	82	1097	618	559	1026	3300
	5p	-	83	954	526	498	922	2900
	5p	-	84	833	447	410	823	2513
	5p	-	85	699	350	375	710	2134
	5p	-	86	612	327	278	557	1774
	5p	-	87	459	265	246	438	1408
	5p	-	88	356	176	169	353	1054
	5p	-	89	251	135	125	262	773
	5p	-	90	180	77	76	155	488
	5p	-	91	69	32	30	119	250
	5p	-	92	0	0	0	0	0
	5p	-	93	0	0	0	0	0
	5p	-	94	0	0	0	0	0
	5p	-	95	0	0	0	0	0
	5p	-	96	0	0	0	0	0
	5p	-	97	0	0	0	0	0
	5p	-	98	0	0	0	0	0
	5p	-	99	0	0	0	0	0
	5p	-	100	0	0	0	0	0
