# table produced by DamageProfiler
# using mapped file ScA028.BuffaloCape_Human_nc.Target.rmdup.noMicro.bam
# Sample ID: ScA028.BuffaloCape_Human_nc.Target.rmdup.noMicro.bam
Chr	End	Std	Pos	A	C	G	T	Total	G>A	C>T	A>G	T>C	A>C	A>T	C>G	C>A	T>G	T>A	G>C	G>T	A>-	T>-	C>-	G>-	->A	->T	->C	->G	S
	3p	+	1	28341.0	13773.0	11474.0	27182.0	80770.0	77.0	3115.0	71.0	51.0	29.0	78.0	15.0	65.0	26.0	52.0	18.0	55.0	0.0	0.0	0.0	0.0	0.0	0.0	0.0	0.0	0.0
	3p	+	2	27903.0	16731.0	13397.0	22739.0	80770.0	82.0	809.0	70.0	86.0	32.0	49.0	17.0	32.0	27.0	43.0	30.0	54.0	0.0	0.0	0.0	0.0	0.0	0.0	0.0	0.0	0.0
	3p	+	3	26915.0	15459.0	14731.0	23665.0	80770.0	88.0	109.0	63.0	69.0	29.0	55.0	18.0	62.0	32.0	40.0	29.0	56.0	0.0	0.0	0.0	0.0	0.0	0.0	0.0	0.0	0.0
	3p	+	4	26586.0	15426.0	14838.0	23921.0	80771.0	76.0	106.0	62.0	62.0	25.0	35.0	14.0	40.0	20.0	32.0	18.0	72.0	0.0	0.0	0.0	0.0	0.0	0.0	0.0	0.0	0.0
	3p	+	5	27004.0	14855.0	14869.0	24038.0	80766.0	60.0	91.0	56.0	60.0	18.0	26.0	10.0	27.0	22.0	23.0	12.0	79.0	0.0	0.0	0.0	0.0	1.0	0.0	2.0	1.0	0.0
	3p	+	6	26852.0	14857.0	15401.0	23656.0	80766.0	60.0	84.0	57.0	57.0	28.0	40.0	11.0	28.0	24.0	12.0	22.0	69.0	0.0	0.0	0.0	0.0	2.0	0.0	2.0	0.0	0.0
	3p	+	7	26275.0	15238.0	15243.0	23993.0	80749.0	54.0	91.0	57.0	36.0	21.0	24.0	13.0	24.0	11.0	17.0	14.0	71.0	0.0	0.0	0.0	0.0	4.0	0.0	5.0	5.0	0.0
	3p	+	8	26381.0	15067.0	15111.0	24196.0	80755.0	38.0	71.0	59.0	53.0	19.0	20.0	13.0	25.0	22.0	14.0	17.0	50.0	0.0	0.0	0.0	0.0	5.0	0.0	4.0	3.0	0.0
	3p	+	9	25575.0	15528.0	15239.0	24407.0	80749.0	47.0	70.0	54.0	56.0	29.0	20.0	18.0	22.0	11.0	15.0	14.0	63.0	0.0	0.0	0.0	0.0	6.0	0.0	6.0	4.0	0.0
	3p	+	10	25366.0	15503.0	15249.0	24634.0	80752.0	53.0	77.0	52.0	50.0	19.0	19.0	17.0	27.0	16.0	19.0	17.0	61.0	0.0	0.0	0.0	0.0	8.0	0.0	5.0	0.0	0.0
	3p	+	11	25347.0	15693.0	15415.0	24287.0	80742.0	49.0	51.0	64.0	59.0	20.0	17.0	28.0	22.0	11.0	22.0	16.0	58.0	0.0	0.0	0.0	0.0	13.0	0.0	3.0	4.0	0.0
	3p	+	12	25258.0	15776.0	15324.0	24383.0	80741.0	56.0	67.0	61.0	60.0	20.0	18.0	14.0	16.0	15.0	8.0	7.0	54.0	0.0	0.0	0.0	0.0	11.0	0.0	6.0	6.0	0.0
	3p	+	13	25045.0	15830.0	15475.0	24393.0	80743.0	47.0	85.0	67.0	45.0	15.0	22.0	13.0	29.0	21.0	11.0	11.0	52.0	0.0	0.0	0.0	0.0	7.0	0.0	9.0	7.0	0.0
	3p	+	14	25479.0	15705.0	15509.0	24034.0	80727.0	61.0	54.0	59.0	57.0	19.0	27.0	13.0	28.0	22.0	13.0	16.0	53.0	0.0	0.0	0.0	0.0	17.0	0.0	10.0	2.0	0.0
	3p	+	15	25208.0	15662.0	15447.0	24415.0	80732.0	67.0	66.0	55.0	43.0	15.0	17.0	13.0	26.0	18.0	19.0	15.0	55.0	0.0	0.0	0.0	0.0	9.0	0.0	6.0	12.0	0.0
	3p	+	16	25142.0	15727.0	15443.0	24419.0	80731.0	53.0	51.0	61.0	39.0	28.0	22.0	12.0	27.0	16.0	16.0	9.0	60.0	0.0	0.0	0.0	0.0	19.0	0.0	6.0	5.0	0.0
	3p	+	17	25028.0	15680.0	15380.0	24653.0	80741.0	61.0	60.0	65.0	55.0	25.0	21.0	14.0	19.0	12.0	14.0	15.0	52.0	0.0	0.0	0.0	0.0	9.0	0.0	5.0	6.0	0.0
	3p	+	18	24992.0	15820.0	15208.0	24708.0	80728.0	47.0	88.0	46.0	57.0	19.0	21.0	17.0	17.0	16.0	18.0	16.0	61.0	0.0	0.0	0.0	0.0	15.0	0.0	5.0	8.0	0.0
	3p	+	19	25070.0	15881.0	15301.0	24490.0	80742.0	59.0	83.0	75.0	53.0	10.0	22.0	14.0	21.0	17.0	24.0	17.0	65.0	0.0	0.0	0.0	0.0	11.0	0.0	8.0	1.0	0.0
	3p	+	20	25000.0	15873.0	15258.0	24607.0	80738.0	59.0	74.0	58.0	47.0	19.0	18.0	13.0	30.0	16.0	16.0	20.0	60.0	0.0	0.0	0.0	0.0	18.0	0.0	3.0	5.0	0.0
	3p	+	21	24910.0	16020.0	15299.0	24504.0	80733.0	53.0	77.0	71.0	56.0	21.0	19.0	7.0	12.0	14.0	14.0	14.0	72.0	0.0	0.0	0.0	0.0	14.0	0.0	4.0	6.0	0.0
	3p	+	22	25017.0	15864.0	15530.0	24316.0	80727.0	52.0	70.0	54.0	52.0	22.0	19.0	8.0	21.0	12.0	10.0	12.0	67.0	0.0	0.0	0.0	0.0	14.0	0.0	5.0	5.0	0.0
	3p	+	23	25060.0	15631.0	15298.0	24743.0	80732.0	47.0	80.0	57.0	53.0	20.0	13.0	10.0	19.0	16.0	14.0	14.0	56.0	0.0	0.0	0.0	0.0	15.0	0.0	5.0	3.0	0.0
	3p	+	24	25316.0	15715.0	15438.0	24256.0	80725.0	59.0	75.0	57.0	55.0	23.0	25.0	10.0	23.0	19.0	21.0	10.0	55.0	0.0	0.0	0.0	0.0	18.0	0.0	8.0	7.0	0.0
	3p	+	25	25145.0	15492.0	15616.0	24461.0	80714.0	52.0	74.0	62.0	44.0	29.0	22.0	13.0	17.0	19.0	21.0	11.0	69.0	0.0	0.0	0.0	0.0	22.0	0.0	9.0	9.0	0.0
	3p	+	26	25209.0	15599.0	15524.0	24399.0	80731.0	63.0	75.0	51.0	57.0	15.0	15.0	13.0	15.0	15.0	15.0	17.0	59.0	0.0	0.0	0.0	0.0	10.0	0.0	6.0	7.0	0.0
	3p	+	27	24906.0	15786.0	15437.0	24596.0	80725.0	60.0	76.0	63.0	54.0	17.0	15.0	17.0	13.0	18.0	24.0	14.0	63.0	0.0	0.0	0.0	0.0	18.0	0.0	5.0	4.0	0.0
	3p	+	28	24858.0	15842.0	15500.0	24540.0	80740.0	53.0	76.0	50.0	56.0	20.0	11.0	16.0	19.0	16.0	19.0	12.0	50.0	0.0	0.0	0.0	0.0	16.0	0.0	4.0	0.0	0.0
	3p	+	29	25087.0	15694.0	15456.0	24511.0	80748.0	59.0	97.0	66.0	46.0	28.0	18.0	8.0	34.0	23.0	9.0	19.0	49.0	0.0	0.0	0.0	0.0	12.0	0.0	0.0	1.0	0.0
	3p	+	30	24958.0	15807.0	15464.0	24504.0	80733.0	50.0	88.0	62.0	68.0	22.0	23.0	15.0	20.0	18.0	19.0	22.0	62.0	0.0	0.0	0.0	0.0	11.0	0.0	5.0	3.0	0.0
	3p	+	31	23986.0	14935.0	15145.0	24057.0	78123.0	60.0	94.0	51.0	57.0	17.0	13.0	8.0	22.0	24.0	11.0	10.0	62.0	0.0	0.0	0.0	0.0	16.0	0.0	1.0	1.0	0.0
	3p	+	32	23472.0	14320.0	14313.0	23423.0	75528.0	40.0	68.0	41.0	55.0	12.0	16.0	10.0	22.0	15.0	18.0	9.0	42.0	0.0	0.0	0.0	0.0	8.0	0.0	0.0	1.0	0.0
	3p	+	33	22479.0	14130.0	13859.0	22404.0	72872.0	42.0	90.0	54.0	44.0	15.0	14.0	12.0	21.0	16.0	19.0	11.0	49.0	0.0	0.0	0.0	0.0	9.0	0.0	2.0	5.0	0.0
	3p	+	34	21911.0	13631.0	13453.0	21302.0	70297.0	40.0	81.0	37.0	50.0	9.0	10.0	7.0	20.0	18.0	21.0	13.0	49.0	0.0	0.0	0.0	0.0	13.0	0.0	7.0	5.0	0.0
	3p	+	35	20933.0	13080.0	12937.0	20629.0	67579.0	44.0	75.0	47.0	36.0	13.0	26.0	17.0	21.0	22.0	23.0	18.0	47.0	0.0	0.0	0.0	0.0	12.0	0.0	2.0	5.0	0.0
	3p	+	36	20173.0	12391.0	12294.0	20048.0	64906.0	49.0	73.0	46.0	32.0	17.0	18.0	13.0	20.0	12.0	12.0	9.0	41.0	0.0	0.0	0.0	0.0	9.0	0.0	2.0	4.0	0.0
	3p	+	37	19141.0	12036.0	11881.0	19191.0	62249.0	44.0	84.0	41.0	37.0	18.0	18.0	9.0	13.0	13.0	14.0	7.0	41.0	0.0	0.0	0.0	0.0	6.0	0.0	3.0	2.0	0.0
	3p	+	38	18511.0	11235.0	11369.0	18493.0	59608.0	34.0	71.0	50.0	51.0	11.0	15.0	7.0	18.0	17.0	12.0	8.0	37.0	0.0	0.0	0.0	0.0	15.0	0.0	6.0	2.0	0.0
	3p	+	39	17601.0	10978.0	10876.0	17572.0	57027.0	44.0	77.0	34.0	37.0	9.0	17.0	7.0	17.0	9.0	8.0	9.0	38.0	0.0	0.0	0.0	0.0	8.0	0.0	1.0	1.0	0.0
	3p	+	40	16724.0	10519.0	10330.0	16874.0	54447.0	28.0	56.0	43.0	34.0	12.0	16.0	9.0	9.0	12.0	13.0	8.0	43.0	0.0	0.0	0.0	0.0	8.0	0.0	3.0	2.0	0.0
	3p	+	41	16194.0	9909.0	9851.0	16008.0	51962.0	33.0	59.0	39.0	38.0	13.0	12.0	11.0	15.0	8.0	15.0	11.0	45.0	0.0	0.0	0.0	0.0	11.0	0.0	3.0	6.0	0.0
	3p	+	42	15434.0	9426.0	9486.0	15213.0	49559.0	38.0	67.0	35.0	23.0	7.0	14.0	6.0	12.0	7.0	7.0	8.0	39.0	0.0	0.0	0.0	0.0	6.0	0.0	1.0	2.0	0.0
	3p	+	43	14729.0	8822.0	9190.0	14444.0	47185.0	43.0	62.0	44.0	25.0	11.0	14.0	4.0	14.0	13.0	10.0	7.0	38.0	0.0	0.0	0.0	0.0	7.0	0.0	2.0	1.0	0.0
	3p	+	44	14085.0	8514.0	8456.0	13862.0	44917.0	34.0	57.0	30.0	35.0	14.0	9.0	8.0	10.0	8.0	13.0	12.0	31.0	0.0	0.0	0.0	0.0	9.0	0.0	2.0	4.0	0.0
	3p	+	45	13165.0	8237.0	8163.0	13224.0	42789.0	35.0	39.0	28.0	25.0	16.0	11.0	12.0	14.0	8.0	15.0	5.0	23.0	0.0	0.0	0.0	0.0	7.0	0.0	5.0	0.0	0.0
	3p	+	46	12616.0	7850.0	7678.0	12624.0	40768.0	38.0	48.0	30.0	24.0	13.0	13.0	0.0	11.0	8.0	12.0	10.0	22.0	0.0	0.0	0.0	0.0	9.0	0.0	0.0	2.0	0.0
	3p	+	47	12078.0	7429.0	7284.0	11906.0	38697.0	26.0	51.0	30.0	23.0	6.0	5.0	5.0	19.0	3.0	11.0	5.0	24.0	0.0	0.0	0.0	0.0	5.0	0.0	3.0	1.0	0.0
	3p	+	48	11440.0	6983.0	6949.0	11381.0	36753.0	35.0	57.0	27.0	31.0	7.0	11.0	5.0	9.0	10.0	12.0	9.0	26.0	0.0	0.0	0.0	0.0	5.0	0.0	3.0	3.0	0.0
	3p	+	49	10908.0	6692.0	6566.0	10631.0	34797.0	27.0	47.0	30.0	21.0	12.0	12.0	9.0	8.0	7.0	8.0	6.0	16.0	0.0	0.0	0.0	0.0	5.0	0.0	0.0	1.0	0.0
	3p	+	50	10167.0	6294.0	6260.0	10301.0	33022.0	25.0	46.0	27.0	24.0	7.0	5.0	4.0	3.0	7.0	8.0	4.0	23.0	0.0	0.0	0.0	0.0	5.0	0.0	0.0	0.0	0.0
	3p	+	51	9727.0	6021.0	5767.0	9712.0	31227.0	28.0	31.0	20.0	27.0	12.0	8.0	2.0	9.0	4.0	8.0	5.0	24.0	0.0	0.0	0.0	0.0	3.0	0.0	4.0	2.0	0.0
	3p	+	52	9218.0	5524.0	5606.0	9246.0	29594.0	27.0	48.0	13.0	30.0	11.0	8.0	4.0	9.0	6.0	22.0	2.0	23.0	0.0	0.0	0.0	0.0	5.0	0.0	0.0	3.0	0.0
	3p	+	53	8649.0	5385.0	5290.0	8768.0	28092.0	24.0	39.0	13.0	21.0	7.0	5.0	8.0	9.0	13.0	12.0	3.0	23.0	0.0	0.0	0.0	0.0	3.0	0.0	0.0	2.0	0.0
	3p	+	54	8263.0	5129.0	4967.0	8263.0	26622.0	17.0	35.0	18.0	20.0	5.0	3.0	2.0	11.0	8.0	10.0	7.0	22.0	0.0	0.0	0.0	0.0	2.0	0.0	1.0	1.0	0.0
	3p	+	55	7899.0	4900.0	4713.0	7659.0	25171.0	15.0	22.0	21.0	21.0	9.0	2.0	5.0	10.0	13.0	15.0	9.0	13.0	0.0	0.0	0.0	0.0	1.0	0.0	0.0	1.0	0.0
	3p	+	56	7377.0	4527.0	4441.0	7486.0	23831.0	14.0	34.0	24.0	20.0	7.0	8.0	7.0	9.0	10.0	15.0	2.0	22.0	0.0	0.0	0.0	0.0	5.0	0.0	2.0	0.0	0.0
	3p	+	57	7027.0	4309.0	4247.0	6937.0	22520.0	9.0	29.0	8.0	11.0	6.0	6.0	3.0	8.0	6.0	10.0	4.0	20.0	0.0	0.0	0.0	0.0	2.0	0.0	2.0	0.0	0.0
	3p	+	58	6566.0	4147.0	3969.0	6549.0	21231.0	22.0	28.0	13.0	13.0	6.0	9.0	3.0	5.0	6.0	13.0	2.0	15.0	0.0	0.0	0.0	0.0	3.0	0.0	0.0	1.0	0.0
	3p	+	59	6080.0	3876.0	3803.0	6255.0	20014.0	11.0	30.0	21.0	8.0	4.0	8.0	3.0	9.0	12.0	9.0	3.0	16.0	0.0	0.0	0.0	0.0	1.0	0.0	0.0	0.0	0.0
	3p	+	60	5851.0	3599.0	3502.0	5866.0	18818.0	13.0	25.0	13.0	8.0	9.0	6.0	3.0	4.0	7.0	6.0	5.0	23.0	0.0	0.0	0.0	0.0	2.0	0.0	0.0	0.0	0.0
	3p	+	61	5479.0	3365.0	3315.0	5559.0	17718.0	14.0	21.0	11.0	21.0	11.0	6.0	4.0	3.0	2.0	14.0	2.0	14.0	0.0	0.0	0.0	0.0	4.0	0.0	0.0	0.0	0.0
	3p	+	62	5167.0	3175.0	3109.0	5149.0	16600.0	18.0	27.0	16.0	11.0	1.0	3.0	3.0	5.0	7.0	3.0	0.0	9.0	0.0	0.0	0.0	0.0	2.0	0.0	0.0	0.0	0.0
	3p	+	63	4808.0	2987.0	3000.0	4798.0	15593.0	11.0	27.0	10.0	9.0	2.0	4.0	1.0	5.0	5.0	12.0	5.0	12.0	0.0	0.0	0.0	0.0	2.0	0.0	0.0	0.0	0.0
	3p	+	64	4501.0	2735.0	2827.0	4602.0	14665.0	10.0	14.0	15.0	14.0	5.0	0.0	2.0	1.0	4.0	8.0	2.0	18.0	0.0	0.0	0.0	0.0	2.0	0.0	0.0	0.0	0.0
	3p	+	65	4207.0	2663.0	2653.0	4207.0	13730.0	11.0	11.0	9.0	7.0	5.0	1.0	0.0	8.0	5.0	5.0	3.0	13.0	0.0	0.0	0.0	0.0	0.0	0.0	0.0	0.0	0.0
	3p	+	66	4127.0	2404.0	2366.0	3967.0	12864.0	10.0	21.0	9.0	8.0	3.0	1.0	0.0	4.0	2.0	8.0	2.0	8.0	0.0	0.0	0.0	0.0	0.0	0.0	0.0	0.0	0.0
	3p	+	67	3672.0	2302.0	2347.0	3657.0	11978.0	11.0	12.0	7.0	13.0	2.0	5.0	2.0	5.0	5.0	6.0	3.0	8.0	0.0	0.0	0.0	0.0	1.0	0.0	0.0	0.0	0.0
	3p	+	68	3460.0	2143.0	2044.0	3528.0	11175.0	9.0	6.0	10.0	4.0	3.0	2.0	1.0	4.0	6.0	7.0	3.0	10.0	0.0	0.0	0.0	0.0	0.0	0.0	1.0	0.0	0.0
	3p	+	69	3193.0	2053.0	1937.0	3221.0	10404.0	5.0	13.0	8.0	5.0	1.0	2.0	0.0	3.0	5.0	5.0	1.0	11.0	0.0	0.0	0.0	0.0	0.0	0.0	0.0	0.0	0.0
	3p	+	70	2994.0	1888.0	1806.0	3011.0	9699.0	8.0	13.0	10.0	12.0	5.0	1.0	1.0	4.0	7.0	7.0	1.0	7.0	0.0	0.0	0.0	0.0	0.0	0.0	0.0	0.0	0.0
	3p	+	71	2742.0	1739.0	1711.0	2815.0	9007.0	10.0	19.0	5.0	1.0	3.0	4.0	1.0	3.0	3.0	5.0	0.0	11.0	0.0	0.0	0.0	0.0	0.0	0.0	0.0	0.0	0.0
	3p	+	72	2561.0	1607.0	1552.0	2594.0	8314.0	8.0	7.0	7.0	4.0	1.0	1.0	2.0	9.0	2.0	2.0	2.0	14.0	0.0	0.0	0.0	0.0	0.0	0.0	0.0	0.0	0.0
	3p	+	73	2393.0	1458.0	1382.0	2453.0	7686.0	9.0	17.0	3.0	8.0	1.0	4.0	1.0	6.0	1.0	1.0	2.0	7.0	0.0	0.0	0.0	0.0	0.0	0.0	0.0	0.0	0.0
	3p	+	74	2159.0	1337.0	1352.0	2231.0	7079.0	5.0	15.0	5.0	3.0	1.0	0.0	1.0	1.0	2.0	7.0	3.0	9.0	0.0	0.0	0.0	0.0	2.0	0.0	0.0	0.0	0.0
	3p	+	75	2021.0	1205.0	1234.0	2051.0	6511.0	5.0	9.0	4.0	5.0	2.0	2.0	1.0	4.0	3.0	4.0	2.0	5.0	0.0	0.0	0.0	0.0	0.0	0.0	0.0	0.0	0.0
	3p	+	76	1793.0	1169.0	1102.0	1903.0	5967.0	4.0	11.0	7.0	3.0	1.0	2.0	1.0	2.0	2.0	1.0	2.0	3.0	0.0	0.0	0.0	0.0	0.0	0.0	0.0	0.0	0.0
	3p	+	77	1637.0	1020.0	1007.0	1783.0	5447.0	5.0	12.0	11.0	5.0	2.0	1.0	0.0	2.0	3.0	1.0	1.0	4.0	0.0	0.0	0.0	0.0	1.0	0.0	0.0	0.0	0.0
	3p	+	78	1555.0	915.0	906.0	1553.0	4929.0	1.0	4.0	6.0	3.0	2.0	1.0	0.0	3.0	1.0	2.0	2.0	5.0	0.0	0.0	0.0	0.0	0.0	0.0	0.0	0.0	0.0
	3p	+	79	1378.0	858.0	854.0	1373.0	4463.0	9.0	7.0	3.0	2.0	1.0	0.0	1.0	2.0	0.0	5.0	0.0	4.0	0.0	0.0	0.0	0.0	0.0	0.0	0.0	0.0	0.0
	3p	+	80	1258.0	771.0	744.0	1245.0	4018.0	4.0	8.0	1.0	2.0	4.0	3.0	0.0	5.0	1.0	4.0	1.0	5.0	0.0	0.0	0.0	0.0	0.0	0.0	0.0	0.0	0.0
	3p	+	81	1032.0	717.0	695.0	1148.0	3592.0	3.0	6.0	4.0	3.0	0.0	3.0	1.0	5.0	2.0	5.0	1.0	2.0	0.0	0.0	0.0	0.0	0.0	0.0	0.0	0.0	0.0
	3p	+	82	1002.0	597.0	564.0	1024.0	3187.0	3.0	7.0	1.0	6.0	1.0	2.0	0.0	0.0	0.0	2.0	1.0	5.0	0.0	0.0	0.0	0.0	0.0	0.0	0.0	0.0	0.0
	3p	+	83	809.0	564.0	511.0	898.0	2782.0	2.0	6.0	3.0	2.0	0.0	0.0	0.0	3.0	4.0	1.0	1.0	1.0	0.0	0.0	0.0	0.0	0.0	0.0	0.0	1.0	0.0
	3p	+	84	736.0	444.0	449.0	793.0	2422.0	1.0	1.0	2.0	0.0	1.0	2.0	0.0	1.0	0.0	2.0	0.0	4.0	0.0	0.0	0.0	0.0	0.0	0.0	0.0	0.0	0.0
	3p	+	85	612.0	391.0	380.0	666.0	2049.0	2.0	0.0	1.0	1.0	0.0	1.0	1.0	2.0	2.0	2.0	1.0	1.0	0.0	0.0	0.0	0.0	0.0	0.0	0.0	0.0	0.0
	3p	+	86	558.0	309.0	280.0	530.0	1677.0	2.0	2.0	0.0	3.0	2.0	1.0	0.0	2.0	1.0	3.0	0.0	0.0	0.0	0.0	0.0	0.0	0.0	0.0	0.0	0.0	0.0
	3p	+	87	395.0	253.0	260.0	437.0	1345.0	1.0	3.0	0.0	1.0	0.0	0.0	0.0	1.0	0.0	1.0	1.0	1.0	0.0	0.0	0.0	0.0	0.0	0.0	0.0	0.0	0.0
	3p	+	88	330.0	197.0	193.0	324.0	1044.0	2.0	2.0	1.0	2.0	0.0	0.0	1.0	0.0	0.0	0.0	0.0	0.0	0.0	0.0	0.0	0.0	0.0	0.0	0.0	0.0	0.0
	3p	+	89	224.0	137.0	129.0	255.0	745.0	2.0	1.0	1.0	1.0	0.0	0.0	0.0	2.0	0.0	0.0	0.0	0.0	0.0	0.0	0.0	0.0	0.0	0.0	0.0	0.0	0.0
	3p	+	90	161.0	86.0	95.0	162.0	504.0	3.0	2.0	0.0	0.0	0.0	1.0	0.0	0.0	1.0	0.0	1.0	0.0	0.0	0.0	0.0	0.0	0.0	0.0	0.0	0.0	0.0
	3p	+	91	66.0	47.0	33.0	83.0	229.0	0.0	0.0	0.0	0.0	0.0	0.0	0.0	0.0	1.0	0.0	0.0	0.0	0.0	0.0	0.0	0.0	0.0	0.0	0.0	0.0	0.0
	3p	+	92	0.0	0.0	0.0	0.0	0.0	0.0	0.0	0.0	0.0	0.0	0.0	0.0	0.0	0.0	0.0	0.0	0.0	0.0	0.0	0.0	0.0	0.0	0.0	0.0	0.0	0.0
	3p	+	93	0.0	0.0	0.0	0.0	0.0	0.0	0.0	0.0	0.0	0.0	0.0	0.0	0.0	0.0	0.0	0.0	0.0	0.0	0.0	0.0	0.0	0.0	0.0	0.0	0.0	0.0
	3p	+	94	0.0	0.0	0.0	0.0	0.0	0.0	0.0	0.0	0.0	0.0	0.0	0.0	0.0	0.0	0.0	0.0	0.0	0.0	0.0	0.0	0.0	0.0	0.0	0.0	0.0	0.0
	3p	+	95	0.0	0.0	0.0	0.0	0.0	0.0	0.0	0.0	0.0	0.0	0.0	0.0	0.0	0.0	0.0	0.0	0.0	0.0	0.0	0.0	0.0	0.0	0.0	0.0	0.0	0.0
	3p	+	96	0.0	0.0	0.0	0.0	0.0	0.0	0.0	0.0	0.0	0.0	0.0	0.0	0.0	0.0	0.0	0.0	0.0	0.0	0.0	0.0	0.0	0.0	0.0	0.0	0.0	0.0
	3p	+	97	0.0	0.0	0.0	0.0	0.0	0.0	0.0	0.0	0.0	0.0	0.0	0.0	0.0	0.0	0.0	0.0	0.0	0.0	0.0	0.0	0.0	0.0	0.0	0.0	0.0	0.0
	3p	+	98	0.0	0.0	0.0	0.0	0.0	0.0	0.0	0.0	0.0	0.0	0.0	0.0	0.0	0.0	0.0	0.0	0.0	0.0	0.0	0.0	0.0	0.0	0.0	0.0	0.0	0.0
	3p	+	99	0.0	0.0	0.0	0.0	0.0	0.0	0.0	0.0	0.0	0.0	0.0	0.0	0.0	0.0	0.0	0.0	0.0	0.0	0.0	0.0	0.0	0.0	0.0	0.0	0.0	0.0
	3p	+	100	0.0	0.0	0.0	0.0	0.0	0.0	0.0	0.0	0.0	0.0	0.0	0.0	0.0	0.0	0.0	0.0	0.0	0.0	0.0	0.0	0.0	0.0	0.0	0.0	0.0	0.0
	3p	-	1	28461.0	13615.0	11661.0	27554.0	81291.0	90.0	3131.0	68.0	48.0	33.0	76.0	15.0	61.0	36.0	43.0	20.0	75.00.0	0.0	0.0	0.0	0.0	0.0	0.0	0.0	0.0
	3p	-	2	28338.0	16764.0	13400.0	22789.0	81291.0	89.0	773.0	83.0	65.0	38.0	44.0	16.0	55.0	26.0	42.0	32.0	55.00.0	0.0	0.0	0.0	0.0	0.0	0.0	0.0	0.0
	3p	-	3	27079.0	15414.0	14950.0	23848.0	81291.0	75.0	121.0	70.0	92.0	24.0	41.0	15.0	61.0	27.0	46.0	34.0	78.00.0	0.0	0.0	0.0	0.0	0.0	0.0	1.0	0.0
	3p	-	4	27136.0	15683.0	14660.0	23805.0	81284.0	65.0	108.0	57.0	81.0	23.0	49.0	16.0	38.0	26.0	31.0	18.0	74.00.0	0.0	0.0	0.0	5.0	0.0	2.0	0.0	0.0
	3p	-	5	27094.0	15082.0	14920.0	24174.0	81270.0	80.0	103.0	54.0	61.0	25.0	33.0	12.0	29.0	17.0	24.0	15.0	70.00.0	0.0	0.0	0.0	10.0	0.0	6.0	0.0	0.0
	3p	-	6	27319.0	14769.0	15341.0	23831.0	81260.0	61.0	89.0	62.0	47.0	26.0	34.0	18.0	28.0	13.0	25.0	16.0	85.00.0	0.0	0.0	0.0	16.0	0.0	7.0	2.0	0.0
	3p	-	7	26518.0	15309.0	15194.0	24234.0	81255.0	67.0	75.0	55.0	57.0	18.0	38.0	13.0	29.0	13.0	15.0	14.0	58.00.0	0.0	0.0	0.0	23.0	0.0	2.0	2.0	0.0
	3p	-	8	26501.0	14923.0	15484.0	24334.0	81242.0	56.0	59.0	59.0	53.0	25.0	17.0	14.0	22.0	20.0	23.0	10.0	63.00.0	0.0	0.0	0.0	22.0	0.0	5.0	9.0	0.0
	3p	-	9	26050.0	15495.0	15415.0	24292.0	81252.0	52.0	80.0	44.0	47.0	21.0	22.0	14.0	32.0	25.0	13.0	16.0	50.00.0	0.0	0.0	0.0	11.0	0.0	5.0	8.0	0.0
	3p	-	10	25600.0	15663.0	15534.0	24462.0	81259.0	51.0	75.0	65.0	46.0	15.0	22.0	14.0	24.0	12.0	20.0	23.0	69.00.0	0.0	0.0	0.0	9.0	0.0	6.0	5.0	0.0
	3p	-	11	25453.0	15709.0	15671.0	24423.0	81256.0	45.0	68.0	60.0	53.0	13.0	25.0	15.0	24.0	21.0	25.0	9.0	51.00.0	0.0	0.0	0.0	19.0	0.0	2.0	8.0	0.0
	3p	-	12	25552.0	15582.0	15631.0	24483.0	81248.0	55.0	65.0	69.0	45.0	18.0	23.0	11.0	22.0	21.0	19.0	13.0	51.00.0	0.0	0.0	0.0	11.0	0.0	10.0	8.0	0.0
	3p	-	13	25545.0	15840.0	15563.0	24306.0	81254.0	53.0	78.0	59.0	50.0	18.0	30.0	9.0	25.0	20.0	15.0	11.0	42.00.0	0.0	0.0	0.0	18.0	0.0	6.0	3.0	0.0
	3p	-	14	25306.0	16082.0	15645.0	24220.0	81253.0	57.0	84.0	53.0	52.0	26.0	20.0	19.0	32.0	21.0	18.0	4.0	59.00.0	0.0	0.0	0.0	8.0	0.0	3.0	5.0	0.0
	3p	-	15	25564.0	15864.0	15434.0	24375.0	81237.0	53.0	70.0	56.0	61.0	24.0	30.0	16.0	30.0	12.0	23.0	19.0	59.00.0	0.0	0.0	0.0	22.0	0.0	5.0	4.0	0.0
	3p	-	16	25503.0	15886.0	15660.0	24196.0	81245.0	61.0	72.0	66.0	55.0	17.0	23.0	11.0	29.0	20.0	14.0	21.0	56.00.0	0.0	0.0	0.0	14.0	0.0	9.0	8.0	0.0
	3p	-	17	25177.0	15934.0	15419.0	24718.0	81248.0	56.0	80.0	54.0	63.0	22.0	23.0	9.0	19.0	23.0	7.0	13.0	65.00.0	0.0	0.0	0.0	15.0	0.0	3.0	10.0	0.0
	3p	-	18	25499.0	15743.0	15225.0	24790.0	81257.0	49.0	79.0	63.0	47.0	20.0	17.0	14.0	25.0	16.0	14.0	14.0	60.00.0	0.0	0.0	0.0	8.0	0.0	7.0	7.0	0.0
	3p	-	19	25230.0	15876.0	15439.0	24695.0	81240.0	47.0	77.0	50.0	36.0	16.0	21.0	20.0	16.0	13.0	15.0	11.0	42.00.0	0.0	0.0	0.0	21.0	0.0	4.0	9.0	0.0
	3p	-	20	25258.0	15721.0	15383.0	24883.0	81245.0	62.0	62.0	53.0	52.0	17.0	22.0	12.0	16.0	17.0	17.0	14.0	48.00.0	0.0	0.0	0.0	19.0	0.0	7.0	3.0	0.0
	3p	-	21	25298.0	15890.0	15577.0	24491.0	81256.0	50.0	79.0	54.0	63.0	17.0	27.0	10.0	23.0	16.0	17.0	11.0	71.00.0	0.0	0.0	0.0	13.0	0.0	2.0	5.0	0.0
	3p	-	22	25411.0	15643.0	15456.0	24744.0	81254.0	54.0	71.0	66.0	69.0	16.0	18.0	19.0	32.0	13.0	11.0	9.0	68.00.0	0.0	0.0	0.0	8.0	0.0	8.0	3.0	0.0
	3p	-	23	25421.0	15636.0	15520.0	24678.0	81255.0	56.0	68.0	46.0	48.0	24.0	17.0	10.0	15.0	17.0	21.0	9.0	58.00.0	0.0	0.0	0.0	8.0	0.0	10.0	3.0	0.0
	3p	-	24	25493.0	15555.0	15410.0	24803.0	81261.0	55.0	58.0	64.0	51.0	17.0	16.0	13.0	23.0	15.0	21.0	11.0	49.00.0	0.0	0.0	0.0	7.0	0.0	4.0	3.0	0.0
	3p	-	25	25174.0	15632.0	15880.0	24576.0	81262.0	62.0	63.0	59.0	49.0	14.0	22.0	10.0	24.0	20.0	18.0	11.0	52.00.0	0.0	0.0	0.0	10.0	0.0	5.0	4.0	0.0
	3p	-	26	25272.0	15709.0	15712.0	24564.0	81257.0	61.0	76.0	47.0	59.0	15.0	15.0	12.0	18.0	19.0	15.0	12.0	52.00.0	0.0	0.0	0.0	8.0	0.0	8.0	6.0	0.0
	3p	-	27	25442.0	15625.0	15510.0	24698.0	81275.0	57.0	68.0	51.0	51.0	25.0	22.0	14.0	22.0	15.0	26.0	6.0	52.00.0	0.0	0.0	0.0	6.0	0.0	2.0	4.0	0.0
	3p	-	28	25133.0	15746.0	15737.0	24649.0	81265.0	62.0	83.0	62.0	34.0	18.0	19.0	8.0	24.0	23.0	26.0	8.0	58.00.0	0.0	0.0	0.0	7.0	0.0	3.0	3.0	0.0
	3p	-	29	25448.0	15408.0	15687.0	24714.0	81257.0	57.0	78.0	48.0	61.0	21.0	27.0	13.0	30.0	21.0	24.0	13.0	53.00.0	0.0	0.0	0.0	11.0	0.0	6.0	4.0	0.0
	3p	-	30	25120.0	15566.0	15707.0	24878.0	81271.0	52.0	89.0	66.0	52.0	24.0	26.0	8.0	30.0	15.0	19.0	15.0	58.00.0	0.0	0.0	0.0	6.0	0.0	1.0	2.0	0.0
	3p	-	31	24600.0	15264.0	15056.0	23699.0	78619.0	53.0	79.0	50.0	43.0	23.0	9.0	15.0	22.0	19.0	18.0	15.0	40.00.0	0.0	0.0	0.0	10.0	0.0	3.0	4.0	0.0
	3p	-	32	23830.0	14715.0	14532.0	22934.0	76011.0	42.0	103.0	59.0	47.0	16.0	13.0	10.0	16.0	18.0	12.0	12.0	54.00.0	0.0	0.0	0.0	10.0	0.0	3.0	5.0	0.0
	3p	-	33	22756.0	14283.0	13890.0	22379.0	73308.0	43.0	84.0	48.0	43.0	20.0	16.0	12.0	18.0	17.0	14.0	8.0	53.00.0	0.0	0.0	0.0	11.0	0.0	6.0	3.0	0.0
	3p	-	34	21899.0	13503.0	13571.0	21688.0	70661.0	52.0	87.0	58.0	48.0	17.0	14.0	11.0	26.0	12.0	18.0	10.0	47.00.0	0.0	0.0	0.0	6.0	0.0	2.0	6.0	0.0
	3p	-	35	21071.0	13012.0	13001.0	20887.0	67971.0	50.0	74.0	54.0	50.0	10.0	13.0	12.0	13.0	18.0	21.0	9.0	35.00.0	0.0	0.0	0.0	10.0	0.0	2.0	2.0	0.0
	3p	-	36	20308.0	12432.0	12450.0	20096.0	65286.0	63.0	80.0	47.0	41.0	16.0	13.0	9.0	12.0	12.0	20.0	3.0	56.00.0	0.0	0.0	0.0	7.0	0.0	0.0	1.0	0.0
	3p	-	37	19621.0	12017.0	11836.0	19136.0	62610.0	44.0	74.0	51.0	43.0	14.0	18.0	6.0	20.0	21.0	12.0	9.0	33.00.0	0.0	0.0	0.0	10.0	0.0	3.0	1.0	0.0
	3p	-	38	18802.0	11459.0	11428.0	18285.0	59974.0	30.0	70.0	59.0	31.0	8.0	12.0	9.0	25.0	11.0	9.0	13.0	58.00.0	0.0	0.0	0.0	5.0	0.0	3.0	2.0	0.0
	3p	-	39	17899.0	11108.0	10689.0	17729.0	57425.0	41.0	80.0	44.0	40.0	16.0	20.0	9.0	22.0	11.0	17.0	6.0	44.00.0	0.0	0.0	0.0	2.0	0.0	2.0	2.0	0.0
	3p	-	40	16996.0	10545.0	10452.0	16886.0	54879.0	36.0	70.0	55.0	44.0	9.0	14.0	7.0	9.0	11.0	11.0	6.0	33.00.0	0.0	0.0	0.0	3.0	0.0	1.0	3.0	0.0
	3p	-	41	16169.0	10022.0	9957.0	16224.0	52372.0	30.0	72.0	33.0	35.0	14.0	18.0	9.0	17.0	9.0	16.0	8.0	44.00.0	0.0	0.0	0.0	6.0	0.0	1.0	2.0	0.0
	3p	-	42	15467.0	9538.0	9423.0	15479.0	49907.0	38.0	72.0	33.0	34.0	6.0	12.0	6.0	14.0	16.0	12.0	6.0	41.00.0	0.0	0.0	0.0	9.0	0.0	1.0	2.0	0.0
	3p	-	43	14963.0	9124.0	8934.0	14549.0	47570.0	34.0	67.0	36.0	34.0	10.0	11.0	6.0	14.0	8.0	8.0	10.0	37.00.0	0.0	0.0	0.0	9.0	0.0	1.0	1.0	0.0
	3p	-	44	14133.0	8677.0	8513.0	13988.0	45311.0	31.0	54.0	45.0	33.0	12.0	11.0	5.0	15.0	13.0	11.0	7.0	39.00.0	0.0	0.0	0.0	1.0	0.0	3.0	2.0	0.0
	3p	-	45	13596.0	8158.0	8079.0	13299.0	43132.0	24.0	58.0	32.0	33.0	16.0	17.0	4.0	11.0	14.0	15.0	8.0	26.00.0	0.0	0.0	0.0	4.0	0.0	0.0	0.0	0.0
	3p	-	46	12753.0	7842.0	7773.0	12673.0	41041.0	32.0	49.0	27.0	37.0	7.0	8.0	6.0	10.0	3.0	12.0	4.0	32.00.0	0.0	0.0	0.0	4.0	0.0	1.0	1.0	0.0
	3p	-	47	12262.0	7504.0	7385.0	11925.0	39076.0	24.0	58.0	31.0	19.0	11.0	14.0	7.0	12.0	8.0	10.0	6.0	28.00.0	0.0	0.0	0.0	3.0	0.0	3.0	2.0	0.0
	3p	-	48	11440.0	7088.0	7017.0	11491.0	37036.0	30.0	46.0	28.0	20.0	5.0	10.0	5.0	10.0	5.0	11.0	6.0	25.00.0	0.0	0.0	0.0	2.0	0.0	3.0	1.0	0.0
	3p	-	49	11039.0	6663.0	6513.0	10929.0	35144.0	25.0	45.0	21.0	15.0	8.0	15.0	2.0	11.0	8.0	4.0	0.0	29.00.0	0.0	0.0	0.0	6.0	0.0	2.0	0.0	0.0
	3p	-	50	10204.0	6385.0	6386.0	10428.0	33403.0	22.0	47.0	19.0	25.0	7.0	11.0	2.0	8.0	13.0	12.0	4.0	18.00.0	0.0	0.0	0.0	0.0	0.0	0.0	3.0	0.0
	3p	-	51	9845.0	6005.0	6059.0	9733.0	31642.0	22.0	45.0	20.0	20.0	5.0	13.0	4.0	3.0	11.0	11.0	2.0	22.00.0	0.0	0.0	0.0	5.0	0.0	2.0	0.0	0.0
	3p	-	52	9429.0	5732.0	5681.0	9151.0	29993.0	20.0	43.0	29.0	17.0	7.0	6.0	4.0	7.0	10.0	12.0	5.0	23.00.0	0.0	0.0	0.0	1.0	0.0	0.0	0.0	0.0
	3p	-	53	8862.0	5547.0	5269.0	8737.0	28415.0	18.0	30.0	26.0	18.0	11.0	6.0	2.0	11.0	6.0	8.0	6.0	25.00.0	0.0	0.0	0.0	2.0	0.0	0.0	1.0	0.0
	3p	-	54	8347.0	5096.0	5133.0	8318.0	26894.0	28.0	28.0	24.0	20.0	6.0	12.0	4.0	11.0	7.0	13.0	6.0	17.00.0	0.0	0.0	0.0	3.0	0.0	1.0	1.0	0.0
	3p	-	55	7854.0	4749.0	4834.0	7983.0	25420.0	26.0	23.0	20.0	17.0	8.0	6.0	5.0	11.0	8.0	10.0	8.0	27.00.0	0.0	0.0	0.0	1.0	0.0	2.0	0.0	0.0
	3p	-	56	7502.0	4580.0	4615.0	7402.0	24099.0	13.0	38.0	19.0	20.0	3.0	8.0	6.0	6.0	12.0	4.0	6.0	16.00.0	0.0	0.0	0.0	3.0	0.0	1.0	0.0	0.0
	3p	-	57	7092.0	4324.0	4288.0	7107.0	22811.0	19.0	20.0	17.0	13.0	4.0	5.0	5.0	14.0	3.0	10.0	2.0	21.00.0	0.0	0.0	0.0	1.0	0.0	2.0	0.0	0.0
	3p	-	58	6708.0	4090.0	4097.0	6643.0	21538.0	18.0	27.0	17.0	19.0	5.0	6.0	10.0	4.0	7.0	11.0	5.0	17.00.0	0.0	0.0	0.0	2.0	0.0	0.0	2.0	0.0
	3p	-	59	6287.0	3886.0	3855.0	6236.0	20264.0	14.0	22.0	23.0	13.0	7.0	7.0	2.0	7.0	4.0	6.0	4.0	15.00.0	0.0	0.0	0.0	0.0	0.0	2.0	0.0	0.0
	3p	-	60	5864.0	3650.0	3602.0	5953.0	19069.0	9.0	36.0	15.0	13.0	5.0	6.0	6.0	7.0	9.0	9.0	3.0	15.00.0	0.0	0.0	0.0	2.0	0.0	0.0	0.0	0.0
	3p	-	61	5535.0	3442.0	3377.0	5575.0	17929.0	18.0	27.0	13.0	9.0	6.0	2.0	3.0	7.0	6.0	3.0	5.0	20.00.0	0.0	0.0	0.0	2.0	0.0	1.0	0.0	0.0
	3p	-	62	5200.0	3163.0	3142.0	5356.0	16861.0	9.0	32.0	17.0	13.0	3.0	10.0	4.0	5.0	5.0	9.0	3.0	9.00.0	0.0	0.0	0.0	2.0	0.0	0.0	0.0	0.0
	3p	-	63	4824.0	3097.0	2989.0	4923.0	15833.0	12.0	20.0	15.0	6.0	2.0	4.0	1.0	3.0	6.0	11.0	5.0	20.00.0	0.0	0.0	0.0	0.0	0.0	1.0	0.0	0.0
	3p	-	64	4523.0	2880.0	2748.0	4712.0	14863.0	9.0	21.0	11.0	5.0	8.0	2.0	2.0	4.0	5.0	11.0	1.0	8.00.0	0.0	0.0	0.0	1.0	0.0	1.0	0.0	0.0
	3p	-	65	4320.0	2697.0	2579.0	4332.0	13928.0	23.0	13.0	8.0	11.0	3.0	2.0	0.0	4.0	5.0	4.0	1.0	9.00.0	0.0	0.0	0.0	0.0	0.0	0.0	0.0	0.0
	3p	-	66	4024.0	2431.0	2488.0	4096.0	13039.0	11.0	11.0	3.0	15.0	1.0	1.0	5.0	3.0	3.0	3.0	3.0	4.00.0	0.0	0.0	0.0	0.0	0.0	0.0	0.0	0.0
	3p	-	67	3878.0	2316.0	2258.0	3768.0	12220.0	7.0	10.0	14.0	6.0	5.0	4.0	1.0	4.0	3.0	7.0	3.0	13.00.0	0.0	0.0	0.0	0.0	0.0	1.0	0.0	0.0
	3p	-	68	3601.0	2200.0	2087.0	3534.0	11422.0	10.0	22.0	13.0	11.0	3.0	5.0	4.0	8.0	2.0	6.0	3.0	7.00.0	0.0	0.0	0.0	0.0	0.0	0.0	0.0	0.0
	3p	-	69	3316.0	2049.0	1960.0	3271.0	10596.0	7.0	20.0	9.0	8.0	3.0	3.0	1.0	2.0	5.0	7.0	3.0	9.00.0	0.0	0.0	0.0	1.0	0.0	0.0	0.0	0.0
	3p	-	70	3063.0	1893.0	1854.0	3062.0	9872.0	9.0	8.0	4.0	6.0	3.0	6.0	3.0	4.0	4.0	7.0	3.0	9.00.0	0.0	0.0	0.0	1.0	0.0	0.0	0.0	0.0
	3p	-	71	2847.0	1734.0	1695.0	2896.0	9172.0	11.0	4.0	13.0	2.0	4.0	1.0	0.0	3.0	2.0	3.0	2.0	6.00.0	0.0	0.0	0.0	1.0	0.0	0.0	0.0	0.0
	3p	-	72	2609.0	1636.0	1623.0	2643.0	8511.0	13.0	13.0	11.0	4.0	2.0	2.0	4.0	4.0	8.0	6.0	1.0	5.00.0	0.0	0.0	0.0	1.0	0.0	0.0	0.0	0.0
	3p	-	73	2429.0	1507.0	1462.0	2493.0	7891.0	7.0	17.0	5.0	9.0	0.0	4.0	0.0	0.0	3.0	6.0	1.0	12.00.0	0.0	0.0	0.0	1.0	0.0	0.0	0.0	0.0
	3p	-	74	2243.0	1371.0	1385.0	2327.0	7326.0	9.0	10.0	8.0	7.0	1.0	2.0	1.0	3.0	2.0	3.0	0.0	2.00.0	0.0	0.0	0.0	0.0	0.0	1.0	0.0	0.0
	3p	-	75	2075.0	1261.0	1214.0	2222.0	6772.0	7.0	9.0	5.0	6.0	3.0	5.0	0.0	3.0	1.0	4.0	1.0	6.00.0	0.0	0.0	0.0	0.0	0.0	0.0	0.0	0.0
	3p	-	76	1922.0	1186.0	1165.0	1919.0	6192.0	7.0	4.0	2.0	4.0	0.0	3.0	2.0	0.0	3.0	2.0	0.0	8.00.0	0.0	0.0	0.0	0.0	0.0	0.0	0.0	0.0
	3p	-	77	1795.0	1032.0	1067.0	1761.0	5655.0	4.0	9.0	3.0	3.0	3.0	2.0	0.0	0.0	1.0	3.0	1.0	2.00.0	0.0	0.0	0.0	0.0	0.0	0.0	0.0	0.0
	3p	-	78	1568.0	973.0	1022.0	1605.0	5168.0	9.0	5.0	6.0	8.0	1.0	0.0	0.0	5.0	1.0	1.0	0.0	6.00.0	0.0	0.0	0.0	0.0	0.0	0.0	0.0	0.0
	3p	-	79	1455.0	889.0	887.0	1452.0	4683.0	3.0	4.0	5.0	2.0	0.0	0.0	1.0	1.0	3.0	2.0	0.0	3.00.0	0.0	0.0	0.0	0.0	0.0	0.0	0.0	0.0
	3p	-	80	1349.0	785.0	751.0	1306.0	4191.0	5.0	9.0	2.0	4.0	3.0	1.0	0.0	1.0	2.0	2.0	0.0	2.00.0	0.0	0.0	0.0	0.0	0.0	0.0	0.0	0.0
	3p	-	81	1124.0	699.0	701.0	1200.0	3724.0	5.0	7.0	3.0	2.0	2.0	2.0	0.0	2.0	0.0	1.0	1.0	2.00.0	0.0	0.0	0.0	0.0	0.0	0.0	0.0	0.0
	3p	-	82	1001.0	613.0	672.0	1014.0	3300.0	2.0	4.0	2.0	4.0	1.0	2.0	1.0	1.0	2.0	2.0	0.0	3.00.0	0.0	0.0	0.0	0.0	0.0	0.0	0.0	0.0
	3p	-	83	938.0	529.0	542.0	891.0	2900.0	1.0	6.0	3.0	2.0	1.0	1.0	1.0	1.0	0.0	1.0	0.0	0.00.0	0.0	0.0	0.0	0.0	0.0	0.0	0.0	0.0
	3p	-	84	781.0	469.0	477.0	786.0	2513.0	1.0	4.0	1.0	5.0	3.0	2.0	0.0	1.0	1.0	2.0	0.0	8.00.0	0.0	0.0	0.0	0.0	0.0	0.0	0.0	0.0
	3p	-	85	642.0	405.0	407.0	680.0	2134.0	3.0	2.0	1.0	0.0	0.0	0.0	0.0	2.0	0.0	0.0	1.0	5.00.0	0.0	0.0	0.0	0.0	0.0	0.0	0.0	0.0
	3p	-	86	523.0	303.0	346.0	602.0	1774.0	0.0	1.0	2.0	0.0	1.0	0.0	1.0	1.0	2.0	2.0	0.0	2.00.0	0.0	0.0	0.0	0.0	0.0	0.0	0.0	0.0
	3p	-	87	445.0	243.0	251.0	469.0	1408.0	2.0	5.0	1.0	1.0	2.0	1.0	1.0	0.0	0.0	0.0	1.0	4.00.0	0.0	0.0	0.0	0.0	0.0	0.0	0.0	0.0
	3p	-	88	311.0	210.0	193.0	340.0	1054.0	3.0	3.0	3.0	0.0	0.0	0.0	1.0	1.0	1.0	1.0	0.0	1.00.0	0.0	0.0	0.0	0.0	0.0	0.0	0.0	0.0
	3p	-	89	235.0	145.0	112.0	281.0	773.0	0.0	1.0	1.0	1.0	0.0	2.0	1.0	2.0	0.0	1.0	0.0	0.00.0	0.0	0.0	0.0	0.0	0.0	0.0	0.0	0.0
	3p	-	90	144.0	90.0	76.0	178.0	488.0	1.0	1.0	1.0	0.0	0.0	0.0	1.0	0.0	0.0	1.0	0.0	1.00.0	0.0	0.0	0.0	0.0	0.0	0.0	0.0	0.0
	3p	-	91	96.0	52.0	28.0	74.0	250.0	0.0	0.0	0.0	0.0	0.0	0.0	0.0	0.0	0.0	0.0	0.0	0.00.0	0.0	0.0	0.0	0.0	0.0	0.0	0.0	0.0
	3p	-	92	0.0	0.0	0.0	0.0	0.0	0.0	0.0	0.0	0.0	0.0	0.0	0.0	0.0	0.0	0.0	0.0	0.00.0	0.0	0.0	0.0	0.0	0.0	0.0	0.0	0.0
	3p	-	93	0.0	0.0	0.0	0.0	0.0	0.0	0.0	0.0	0.0	0.0	0.0	0.0	0.0	0.0	0.0	0.0	0.00.0	0.0	0.0	0.0	0.0	0.0	0.0	0.0	0.0
	3p	-	94	0.0	0.0	0.0	0.0	0.0	0.0	0.0	0.0	0.0	0.0	0.0	0.0	0.0	0.0	0.0	0.0	0.00.0	0.0	0.0	0.0	0.0	0.0	0.0	0.0	0.0
	3p	-	95	0.0	0.0	0.0	0.0	0.0	0.0	0.0	0.0	0.0	0.0	0.0	0.0	0.0	0.0	0.0	0.0	0.00.0	0.0	0.0	0.0	0.0	0.0	0.0	0.0	0.0
	3p	-	96	0.0	0.0	0.0	0.0	0.0	0.0	0.0	0.0	0.0	0.0	0.0	0.0	0.0	0.0	0.0	0.0	0.00.0	0.0	0.0	0.0	0.0	0.0	0.0	0.0	0.0
	3p	-	97	0.0	0.0	0.0	0.0	0.0	0.0	0.0	0.0	0.0	0.0	0.0	0.0	0.0	0.0	0.0	0.0	0.00.0	0.0	0.0	0.0	0.0	0.0	0.0	0.0	0.0
	3p	-	98	0.0	0.0	0.0	0.0	0.0	0.0	0.0	0.0	0.0	0.0	0.0	0.0	0.0	0.0	0.0	0.0	0.00.0	0.0	0.0	0.0	0.0	0.0	0.0	0.0	0.0
	3p	-	99	0.0	0.0	0.0	0.0	0.0	0.0	0.0	0.0	0.0	0.0	0.0	0.0	0.0	0.0	0.0	0.0	0.00.0	0.0	0.0	0.0	0.0	0.0	0.0	0.0	0.0
	3p	-	100	0.0	0.0	0.0	0.0	0.0	0.0	0.0	0.0	0.0	0.0	0.0	0.0	0.0	0.0	0.0	0.0	0.00.0	0.0	0.0	0.0	0.0	0.0	0.0	0.0	0.0
	5p	+	1	25698.0	14879.0	12829.0	27365.0	80771.0	92.0	425.0	115.0	65.0	41.0	36.0	23.0	49.0	40.0	57.0	20.0	66.00.0	0.0	0.0	0.0	0.0	0.0	0.0	0.0	0.0
	5p	+	2	24008.0	14042.0	16944.0	25772.0	80766.0	83.0	172.0	87.0	54.0	20.0	40.0	19.0	47.0	24.0	36.0	21.0	86.00.0	0.0	0.0	0.0	1.0	0.0	1.0	2.0	0.0
	5p	+	3	24809.0	15522.0	15717.0	24718.0	80766.0	69.0	112.0	63.0	56.0	25.0	38.0	15.0	30.0	28.0	41.0	18.0	45.00.0	0.0	0.0	0.0	3.0	0.0	1.0	0.0	0.0
	5p	+	4	25179.0	15198.0	16399.0	23982.0	80758.0	57.0	99.0	76.0	60.0	27.0	25.0	13.0	24.0	20.0	33.0	11.0	60.00.0	0.0	0.0	0.0	6.0	0.0	1.0	4.0	0.0
	5p	+	5	24717.0	15377.0	16206.0	24442.0	80742.0	54.0	87.0	69.0	56.0	20.0	19.0	11.0	25.0	19.0	28.0	19.0	67.00.0	0.0	0.0	0.0	8.0	0.0	5.0	5.0	0.0
	5p	+	6	24199.0	15757.0	16245.0	24527.0	80728.0	55.0	95.0	68.0	59.0	22.0	16.0	11.0	22.0	21.0	31.0	17.0	57.00.0	0.0	0.0	0.0	11.0	0.0	6.0	6.0	0.0
	5p	+	7	24916.0	15319.0	15952.0	24547.0	80734.0	54.0	59.0	48.0	57.0	14.0	12.0	13.0	22.0	16.0	33.0	19.0	41.00.0	0.0	0.0	0.0	11.0	0.0	6.0	8.0	0.0
	5p	+	8	25580.0	15506.0	15426.0	24218.0	80730.0	42.0	77.0	59.0	53.0	16.0	15.0	17.0	23.0	15.0	22.0	13.0	60.00.0	0.0	0.0	0.0	18.0	0.0	6.0	4.0	0.0
	5p	+	9	25348.0	15569.0	15693.0	24130.0	80740.0	68.0	62.0	61.0	45.0	18.0	11.0	9.0	26.0	20.0	23.0	11.0	59.00.0	0.0	0.0	0.0	7.0	0.0	5.0	8.0	0.0
	5p	+	10	24863.0	15835.0	15328.0	24707.0	80733.0	60.0	81.0	42.0	65.0	19.0	11.0	14.0	25.0	20.0	27.0	15.0	55.00.0	0.0	0.0	0.0	12.0	0.0	7.0	6.0	0.0
	5p	+	11	25011.0	15930.0	15455.0	24336.0	80732.0	43.0	76.0	45.0	54.0	23.0	20.0	11.0	19.0	15.0	30.0	12.0	61.00.0	0.0	0.0	0.0	12.0	0.0	7.0	4.0	0.0
	5p	+	12	25087.0	15946.0	15254.0	24440.0	80727.0	46.0	69.0	57.0	58.0	19.0	18.0	9.0	14.0	17.0	17.0	17.0	52.00.0	0.0	0.0	0.0	13.0	0.0	10.0	3.0	0.0
	5p	+	13	24907.0	15935.0	15512.0	24370.0	80724.0	56.0	61.0	57.0	38.0	17.0	16.0	11.0	23.0	18.0	13.0	11.0	58.00.0	0.0	0.0	0.0	21.0	0.0	7.0	6.0	0.0
	5p	+	14	25281.0	15661.0	15326.0	24464.0	80732.0	54.0	72.0	64.0	59.0	23.0	25.0	8.0	18.0	15.0	26.0	10.0	43.00.0	0.0	0.0	0.0	14.0	0.0	7.0	5.0	0.0
	5p	+	15	25098.0	15755.0	15530.0	24345.0	80728.0	56.0	70.0	39.0	56.0	14.0	12.0	6.0	19.0	15.0	29.0	13.0	50.00.0	0.0	0.0	0.0	20.0	0.0	5.0	4.0	0.0
	5p	+	16	24843.0	16079.0	15516.0	24291.0	80729.0	52.0	83.0	72.0	49.0	15.0	16.0	12.0	21.0	13.0	24.0	12.0	53.00.0	0.0	0.0	0.0	17.0	0.0	6.0	7.0	0.0
	5p	+	17	25174.0	15767.0	15422.0	24369.0	80732.0	54.0	85.0	54.0	53.0	16.0	16.0	12.0	18.0	18.0	24.0	20.0	68.00.0	0.0	0.0	0.0	15.0	0.0	5.0	6.0	0.0
	5p	+	18	25026.0	15868.0	15449.0	24393.0	80736.0	70.0	61.0	51.0	52.0	11.0	15.0	13.0	22.0	16.0	10.0	17.0	55.00.0	0.0	0.0	0.0	16.0	0.0	5.0	7.0	0.0
	5p	+	19	25300.0	15726.0	15491.0	24213.0	80730.0	45.0	59.0	56.0	58.0	20.0	23.0	12.0	21.0	20.0	16.0	20.0	59.00.0	0.0	0.0	0.0	19.0	0.0	3.0	8.0	0.0
	5p	+	20	24876.0	15610.0	15560.0	24685.0	80731.0	65.0	52.0	47.0	53.0	22.0	14.0	16.0	21.0	24.0	12.0	15.0	50.00.0	0.0	0.0	0.0	12.0	0.0	8.0	8.0	0.0
	5p	+	21	24942.0	15949.0	15523.0	24315.0	80729.0	55.0	78.0	66.0	59.0	26.0	22.0	10.0	19.0	22.0	14.0	13.0	52.00.0	0.0	0.0	0.0	18.0	0.0	3.0	4.0	0.0
	5p	+	22	25265.0	15758.0	15293.0	24414.0	80730.0	43.0	78.0	58.0	37.0	15.0	16.0	9.0	21.0	20.0	14.0	10.0	58.00.0	0.0	0.0	0.0	16.0	0.0	5.0	6.0	0.0
	5p	+	23	25322.0	15735.0	15278.0	24394.0	80729.0	54.0	77.0	73.0	56.0	17.0	21.0	17.0	17.0	13.0	21.0	14.0	51.00.0	0.0	0.0	0.0	15.0	0.0	8.0	4.0	0.0
	5p	+	24	25262.0	15722.0	15292.0	24455.0	80731.0	57.0	73.0	55.0	52.0	21.0	13.0	13.0	17.0	14.0	11.0	9.0	65.00.0	0.0	0.0	0.0	16.0	0.0	6.0	3.0	0.0
	5p	+	25	25330.0	15730.0	15323.0	24360.0	80743.0	43.0	78.0	55.0	65.0	19.0	23.0	8.0	17.0	13.0	19.0	14.0	53.00.0	0.0	0.0	0.0	14.0	0.0	6.0	2.0	0.0
	5p	+	26	25457.0	15563.0	15282.0	24444.0	80746.0	49.0	77.0	64.0	58.0	16.0	17.0	11.0	22.0	18.0	21.0	19.0	48.00.0	0.0	0.0	0.0	12.0	0.0	3.0	2.0	0.0
	5p	+	27	25529.0	15534.0	15342.0	24334.0	80739.0	57.0	79.0	63.0	59.0	14.0	17.0	14.0	27.0	17.0	15.0	9.0	72.00.0	0.0	0.0	0.0	15.0	0.0	3.0	2.0	0.0
	5p	+	28	25427.0	15640.0	15307.0	24368.0	80742.0	59.0	72.0	55.0	42.0	17.0	22.0	10.0	24.0	17.0	19.0	8.0	49.00.0	0.0	0.0	0.0	10.0	0.0	3.0	6.0	0.0
	5p	+	29	25648.0	15681.0	14931.0	24486.0	80746.0	60.0	101.0	39.0	54.0	15.0	15.0	21.0	18.0	18.0	14.0	9.0	61.00.0	0.0	0.0	0.0	9.0	0.0	2.0	3.0	0.0
	5p	+	30	25785.0	15458.0	15125.0	24378.0	80746.0	49.0	192.0	58.0	51.0	23.0	9.0	27.0	22.0	17.0	16.0	12.0	69.00.0	0.0	0.0	0.0	7.0	0.0	3.0	7.0	0.0
	5p	+	31	25021.0	14982.0	14332.0	23793.0	78128.0	50.0	187.0	57.0	57.0	24.0	19.0	12.0	24.0	15.0	16.0	19.0	55.00.0	0.0	0.0	0.0	10.0	0.0	2.0	1.0	0.0
	5p	+	32	24188.0	14615.0	14023.0	22705.0	75531.0	58.0	199.0	40.0	51.0	15.0	20.0	9.0	17.0	16.0	12.0	13.0	62.00.0	0.0	0.0	0.0	9.0	0.0	6.0	2.0	0.0
	5p	+	33	23298.0	13862.0	13523.0	22192.0	72875.0	43.0	195.0	45.0	46.0	19.0	18.0	9.0	25.0	12.0	17.0	15.0	58.00.0	0.0	0.0	0.0	12.0	0.0	5.0	1.0	0.0
	5p	+	34	22498.0	13324.0	12869.0	21626.0	70317.0	51.0	223.0	54.0	46.0	18.0	15.0	12.0	19.0	6.0	12.0	17.0	51.00.0	0.0	0.0	0.0	6.0	0.0	3.0	3.0	0.0
	5p	+	35	21534.0	12976.0	12374.0	20702.0	67586.0	47.0	182.0	52.0	42.0	16.0	14.0	8.0	21.0	14.0	17.0	8.0	47.00.0	0.0	0.0	0.0	9.0	0.0	4.0	3.0	0.0
	5p	+	36	20897.0	12648.0	11784.0	19582.0	64911.0	53.0	167.0	51.0	43.0	13.0	11.0	3.0	24.0	18.0	13.0	13.0	45.00.0	0.0	0.0	0.0	11.0	0.0	2.0	1.0	0.0
	5p	+	37	20022.0	12000.0	11438.0	18785.0	62245.0	48.0	180.0	54.0	33.0	9.0	18.0	12.0	14.0	16.0	14.0	16.0	37.00.0	0.0	0.0	0.0	11.0	0.0	2.0	1.0	0.0
	5p	+	38	19058.0	11269.0	10965.0	18331.0	59623.0	45.0	181.0	43.0	39.0	12.0	12.0	7.0	19.0	11.0	13.0	7.0	40.00.0	0.0	0.0	0.0	8.0	0.0	2.0	3.0	0.0
	5p	+	39	18077.0	11013.0	10695.0	17239.0	57024.0	42.0	170.0	40.0	43.0	8.0	13.0	6.0	17.0	14.0	15.0	9.0	34.00.0	0.0	0.0	0.0	6.0	0.0	2.0	0.0	0.0
	5p	+	40	17450.0	10384.0	9967.0	16656.0	54457.0	39.0	180.0	38.0	42.0	19.0	16.0	12.0	13.0	10.0	20.0	6.0	40.00.0	0.0	0.0	0.0	2.0	0.0	2.0	1.0	0.0
	5p	+	41	16579.0	10109.0	9436.0	15852.0	51976.0	47.0	178.0	28.0	30.0	14.0	16.0	5.0	14.0	14.0	13.0	10.0	41.00.0	0.0	0.0	0.0	6.0	0.0	0.0	3.0	0.0
	5p	+	42	15947.0	9409.0	8990.0	15210.0	49556.0	34.0	156.0	42.0	34.0	10.0	19.0	8.0	19.0	18.0	10.0	7.0	36.00.0	0.0	0.0	0.0	2.0	0.0	2.0	0.0	0.0
	5p	+	43	15189.0	8932.0	8777.0	14301.0	47199.0	42.0	157.0	34.0	27.0	7.0	13.0	9.0	18.0	14.0	20.0	13.0	38.00.0	0.0	0.0	0.0	3.0	0.0	1.0	1.0	0.0
	5p	+	44	14316.0	8452.0	8213.0	13948.0	44929.0	26.0	152.0	30.0	36.0	10.0	16.0	4.0	14.0	12.0	14.0	7.0	34.00.0	0.0	0.0	0.0	1.0	0.0	3.0	0.0	0.0
	5p	+	45	13607.0	8072.0	7901.0	13215.0	42795.0	37.0	130.0	30.0	25.0	9.0	12.0	6.0	13.0	12.0	7.0	4.0	31.00.0	0.0	0.0	0.0	5.0	0.0	0.0	1.0	0.0
	5p	+	46	13132.0	7640.0	7540.0	12454.0	40766.0	36.0	136.0	22.0	27.0	10.0	10.0	5.0	18.0	8.0	14.0	7.0	32.00.0	0.0	0.0	0.0	7.0	0.0	1.0	1.0	0.0
	5p	+	47	12363.0	7333.0	7187.0	11819.0	38702.0	30.0	121.0	27.0	21.0	9.0	9.0	8.0	10.0	5.0	10.0	6.0	33.00.0	0.0	0.0	0.0	2.0	0.0	3.0	0.0	0.0
	5p	+	48	11592.0	7038.0	6833.0	11298.0	36761.0	21.0	148.0	24.0	28.0	8.0	10.0	6.0	13.0	5.0	13.0	9.0	30.00.0	0.0	0.0	0.0	3.0	0.0	1.0	0.0	0.0
	5p	+	49	11154.0	6686.0	6302.0	10657.0	34799.0	30.0	127.0	18.0	30.0	7.0	11.0	6.0	10.0	9.0	5.0	5.0	20.00.0	0.0	0.0	0.0	4.0	0.0	2.0	0.0	0.0
	5p	+	50	10603.0	6335.0	6008.0	10081.0	33027.0	31.0	106.0	20.0	19.0	6.0	15.0	4.0	13.0	6.0	8.0	10.0	25.00.0	0.0	0.0	0.0	3.0	0.0	1.0	0.0	0.0
	5p	+	51	9907.0	6057.0	5647.0	9618.0	31229.0	21.0	129.0	29.0	18.0	8.0	6.0	7.0	6.0	6.0	5.0	5.0	19.00.0	0.0	0.0	0.0	3.0	0.0	1.0	2.0	0.0
	5p	+	52	9251.0	5820.0	5318.0	9207.0	29596.0	23.0	111.0	20.0	15.0	9.0	14.0	5.0	12.0	9.0	5.0	6.0	28.00.0	0.0	0.0	0.0	6.0	0.0	1.0	1.0	0.0
	5p	+	53	9037.0	5242.0	5158.0	8656.0	28093.0	17.0	81.0	26.0	12.0	13.0	13.0	4.0	8.0	8.0	3.0	4.0	24.00.0	0.0	0.0	0.0	0.0	0.0	1.0	2.0	0.0
	5p	+	54	8396.0	5064.0	4958.0	8206.0	26624.0	23.0	88.0	21.0	19.0	16.0	11.0	7.0	9.0	6.0	7.0	5.0	22.00.0	0.0	0.0	0.0	3.0	0.0	0.0	0.0	0.0
	5p	+	55	7958.0	4901.0	4601.0	7712.0	25172.0	21.0	84.0	17.0	16.0	13.0	17.0	3.0	13.0	14.0	3.0	8.0	19.00.0	0.0	0.0	0.0	3.0	0.0	0.0	1.0	0.0
	5p	+	56	7576.0	4531.0	4308.0	7422.0	23837.0	17.0	89.0	14.0	17.0	8.0	21.0	6.0	9.0	10.0	6.0	7.0	28.00.0	0.0	0.0	0.0	1.0	0.0	0.0	1.0	0.0
	5p	+	57	7194.0	4212.0	4172.0	6946.0	22524.0	15.0	68.0	18.0	12.0	12.0	20.0	3.0	15.0	11.0	5.0	7.0	24.00.0	0.0	0.0	0.0	0.0	0.0	0.0	1.0	0.0
	5p	+	58	6689.0	4070.0	3902.0	6573.0	21234.0	17.0	78.0	12.0	15.0	9.0	9.0	11.0	11.0	6.0	8.0	9.0	18.00.0	0.0	0.0	0.0	1.0	0.0	1.0	0.0	0.0
	5p	+	59	6462.0	3795.0	3674.0	6083.0	20014.0	14.0	77.0	13.0	6.0	5.0	10.0	2.0	12.0	7.0	5.0	7.0	15.00.0	0.0	0.0	0.0	2.0	0.0	0.0	0.0	0.0
	5p	+	60	5908.0	3594.0	3504.0	5807.0	18813.0	8.0	81.0	11.0	16.0	15.0	10.0	2.0	13.0	6.0	8.0	3.0	12.00.0	0.0	0.0	0.0	2.0	0.0	0.0	1.0	0.0
	5p	+	61	5675.0	3473.0	3272.0	5300.0	17720.0	18.0	68.0	14.0	18.0	8.0	14.0	5.0	13.0	7.0	6.0	4.0	15.00.0	0.0	0.0	0.0	0.0	0.0	1.0	0.0	0.0
	5p	+	62	5314.0	3125.0	3043.0	5120.0	16602.0	12.0	59.0	11.0	11.0	6.0	10.0	2.0	5.0	3.0	5.0	7.0	17.00.0	0.0	0.0	0.0	0.0	0.0	0.0	0.0	0.0
	5p	+	63	4949.0	2966.0	2876.0	4802.0	15593.0	22.0	61.0	12.0	8.0	5.0	9.0	3.0	10.0	5.0	9.0	6.0	17.00.0	0.0	0.0	0.0	2.0	0.0	0.0	0.0	0.0
	5p	+	64	4626.0	2801.0	2658.0	4581.0	14666.0	14.0	73.0	14.0	18.0	6.0	8.0	3.0	7.0	2.0	8.0	1.0	14.00.0	0.0	0.0	0.0	0.0	0.0	0.0	0.0	0.0
	5p	+	65	4405.0	2631.0	2443.0	4252.0	13731.0	10.0	57.0	11.0	4.0	8.0	7.0	4.0	7.0	7.0	2.0	3.0	15.00.0	0.0	0.0	0.0	0.0	0.0	0.0	0.0	0.0
	5p	+	66	4155.0	2432.0	2324.0	3953.0	12864.0	11.0	33.0	11.0	8.0	7.0	9.0	2.0	6.0	6.0	6.0	4.0	10.00.0	0.0	0.0	0.0	0.0	0.0	0.0	0.0	0.0
	5p	+	67	3885.0	2254.0	2120.0	3720.0	11979.0	7.0	42.0	8.0	17.0	8.0	8.0	2.0	7.0	5.0	4.0	1.0	11.00.0	0.0	0.0	0.0	0.0	0.0	0.0	0.0	0.0
	5p	+	68	3616.0	2086.0	1994.0	3480.0	11176.0	5.0	33.0	4.0	16.0	5.0	6.0	1.0	6.0	4.0	4.0	2.0	14.00.0	0.0	0.0	0.0	0.0	0.0	0.0	0.0	0.0
	5p	+	69	3327.0	2047.0	1842.0	3185.0	10401.0	7.0	45.0	8.0	5.0	2.0	7.0	2.0	7.0	3.0	5.0	3.0	11.00.0	0.0	0.0	0.0	1.0	0.0	0.0	0.0	0.0
	5p	+	70	3173.0	1877.0	1642.0	3006.0	9698.0	9.0	49.0	10.0	7.0	4.0	5.0	1.0	4.0	2.0	6.0	2.0	11.00.0	0.0	0.0	0.0	1.0	0.0	0.0	1.0	0.0
	5p	+	71	2932.0	1719.0	1636.0	2719.0	9006.0	2.0	37.0	6.0	5.0	7.0	7.0	2.0	5.0	3.0	4.0	3.0	9.00.0	0.0	0.0	0.0	1.0	0.0	0.0	0.0	0.0
	5p	+	72	2684.0	1564.0	1486.0	2581.0	8315.0	11.0	36.0	7.0	9.0	4.0	6.0	4.0	3.0	0.0	4.0	0.0	6.00.0	0.0	0.0	0.0	0.0	0.0	0.0	1.0	0.0
	5p	+	73	2413.0	1500.0	1369.0	2402.0	7684.0	7.0	39.0	3.0	6.0	5.0	4.0	5.0	6.0	3.0	2.0	2.0	11.00.0	0.0	0.0	0.0	1.0	0.0	0.0	0.0	0.0
	5p	+	74	2246.0	1352.0	1257.0	2225.0	7080.0	9.0	41.0	7.0	1.0	1.0	5.0	0.0	4.0	2.0	3.0	2.0	7.00.0	0.0	0.0	0.0	0.0	0.0	0.0	0.0	0.0
	5p	+	75	2045.0	1241.0	1205.0	2019.0	6510.0	7.0	25.0	4.0	11.0	5.0	4.0	2.0	3.0	1.0	1.0	1.0	6.00.0	0.0	0.0	0.0	2.0	0.0	0.0	0.0	0.0
	5p	+	76	1885.0	1105.0	1083.0	1893.0	5966.0	3.0	24.0	3.0	4.0	0.0	6.0	1.0	4.0	1.0	0.0	1.0	8.00.0	0.0	0.0	0.0	1.0	0.0	0.0	0.0	0.0
	5p	+	77	1754.0	1065.0	1004.0	1626.0	5449.0	5.0	38.0	1.0	6.0	3.0	5.0	1.0	3.0	1.0	1.0	0.0	3.00.0	0.0	0.0	0.0	0.0	0.0	0.0	0.0	0.0
	5p	+	78	1593.0	938.0	886.0	1512.0	4929.0	5.0	25.0	6.0	4.0	0.0	4.0	1.0	3.0	2.0	3.0	1.0	6.00.0	0.0	0.0	0.0	0.0	0.0	0.0	0.0	0.0
	5p	+	79	1418.0	862.0	821.0	1362.0	4463.0	3.0	26.0	1.0	3.0	1.0	1.0	0.0	3.0	3.0	1.0	0.0	4.00.0	0.0	0.0	0.0	0.0	0.0	0.0	0.0	0.0
	5p	+	80	1289.0	781.0	683.0	1265.0	4018.0	3.0	17.0	3.0	3.0	3.0	3.0	2.0	2.0	0.0	1.0	1.0	3.00.0	0.0	0.0	0.0	0.0	0.0	0.0	0.0	0.0
	5p	+	81	1245.0	628.0	616.0	1103.0	3592.0	4.0	16.0	2.0	2.0	1.0	4.0	1.0	3.0	2.0	1.0	1.0	3.00.0	0.0	0.0	0.0	0.0	0.0	0.0	0.0	0.0
	5p	+	82	1006.0	616.0	565.0	999.0	3186.0	1.0	16.0	1.0	1.0	2.0	3.0	1.0	4.0	1.0	0.0	0.0	1.00.0	0.0	0.0	0.0	1.0	0.0	0.0	0.0	0.0
	5p	+	83	921.0	523.0	491.0	848.0	2783.0	1.0	23.0	3.0	1.0	1.0	1.0	0.0	0.0	0.0	1.0	3.0	1.00.0	0.0	0.0	0.0	0.0	0.0	0.0	0.0	0.0
	5p	+	84	804.0	463.0	432.0	723.0	2422.0	2.0	21.0	5.0	2.0	0.0	1.0	0.0	2.0	0.0	0.0	2.0	2.00.0	0.0	0.0	0.0	0.0	0.0	0.0	0.0	0.0
	5p	+	85	718.0	387.0	336.0	608.0	2049.0	0.0	23.0	1.0	0.0	0.0	3.0	0.0	0.0	0.0	3.0	1.0	0.00.0	0.0	0.0	0.0	0.0	0.0	0.0	0.0	0.0
	5p	+	86	550.0	337.0	288.0	502.0	1677.0	1.0	16.0	0.0	3.0	0.0	5.0	1.0	1.0	0.0	0.0	0.0	0.00.0	0.0	0.0	0.0	0.0	0.0	0.0	0.0	0.0
	5p	+	87	464.0	215.0	230.0	436.0	1345.0	1.0	9.0	0.0	3.0	1.0	0.0	0.0	0.0	0.0	2.0	0.0	2.00.0	0.0	0.0	0.0	0.0	0.0	0.0	0.0	0.0
	5p	+	88	314.0	196.0	186.0	348.0	1044.0	1.0	14.0	0.0	0.0	1.0	0.0	0.0	1.0	0.0	1.0	1.0	2.00.0	0.0	0.0	0.0	0.0	0.0	0.0	0.0	0.0
	5p	+	89	238.0	153.0	108.0	246.0	745.0	0.0	8.0	1.0	1.0	1.0	0.0	0.0	1.0	0.0	1.0	0.0	0.00.0	0.0	0.0	0.0	0.0	0.0	0.0	0.0	0.0
	5p	+	90	156.0	105.0	73.0	170.0	504.0	1.0	13.0	0.0	1.0	0.0	0.0	0.0	0.0	0.0	0.0	0.0	0.00.0	0.0	0.0	0.0	0.0	0.0	0.0	0.0	0.0
	5p	+	91	77.0	40.0	38.0	74.0	229.0	0.0	7.0	0.0	0.0	0.0	0.0	0.0	0.0	0.0	1.0	0.0	0.00.0	0.0	0.0	0.0	0.0	0.0	0.0	0.0	0.0
	5p	+	92	0.0	0.0	0.0	0.0	0.0	0.0	0.0	0.0	0.0	0.0	0.0	0.0	0.0	0.0	0.0	0.0	0.00.0	0.0	0.0	0.0	0.0	0.0	0.0	0.0	0.0
	5p	+	93	0.0	0.0	0.0	0.0	0.0	0.0	0.0	0.0	0.0	0.0	0.0	0.0	0.0	0.0	0.0	0.0	0.00.0	0.0	0.0	0.0	0.0	0.0	0.0	0.0	0.0
	5p	+	94	0.0	0.0	0.0	0.0	0.0	0.0	0.0	0.0	0.0	0.0	0.0	0.0	0.0	0.0	0.0	0.0	0.00.0	0.0	0.0	0.0	0.0	0.0	0.0	0.0	0.0
	5p	+	95	0.0	0.0	0.0	0.0	0.0	0.0	0.0	0.0	0.0	0.0	0.0	0.0	0.0	0.0	0.0	0.0	0.00.0	0.0	0.0	0.0	0.0	0.0	0.0	0.0	0.0
	5p	+	96	0.0	0.0	0.0	0.0	0.0	0.0	0.0	0.0	0.0	0.0	0.0	0.0	0.0	0.0	0.0	0.0	0.00.0	0.0	0.0	0.0	0.0	0.0	0.0	0.0	0.0
	5p	+	97	0.0	0.0	0.0	0.0	0.0	0.0	0.0	0.0	0.0	0.0	0.0	0.0	0.0	0.0	0.0	0.0	0.00.0	0.0	0.0	0.0	0.0	0.0	0.0	0.0	0.0
	5p	+	98	0.0	0.0	0.0	0.0	0.0	0.0	0.0	0.0	0.0	0.0	0.0	0.0	0.0	0.0	0.0	0.0	0.00.0	0.0	0.0	0.0	0.0	0.0	0.0	0.0	0.0
	5p	+	99	0.0	0.0	0.0	0.0	0.0	0.0	0.0	0.0	0.0	0.0	0.0	0.0	0.0	0.0	0.0	0.0	0.00.0	0.0	0.0	0.0	0.0	0.0	0.0	0.0	0.0
	5p	+	100	0.0	0.0	0.0	0.0	0.0	0.0	0.0	0.0	0.0	0.0	0.0	0.0	0.0	0.0	0.0	0.0	0.00.0	0.0	0.0	0.0	0.0	0.0	0.0	0.0	0.0
	5p	-	1	26221.0	14965.0	12679.0	27427.0	81292.0	84.0	391.0	104.0	52.0	36.0	64.0	16.0	42.0	36.0	43.0	21.0	57.00.0	0.0	0.0	0.0	0.0	0.0	0.0	0.0	0.0
	5p	-	2	24166.0	14046.0	17178.0	25902.0	81292.0	76.0	199.0	86.0	62.0	23.0	21.0	19.0	36.0	23.0	40.0	10.0	66.00.0	0.0	0.0	0.0	0.0	0.0	0.0	0.0	0.0
	5p	-	3	25083.0	15621.0	15750.0	24838.0	81292.0	75.0	126.0	73.0	56.0	22.0	23.0	21.0	34.0	16.0	34.0	15.0	59.00.0	0.0	0.0	0.0	0.0	0.0	0.0	0.0	0.0
	5p	-	4	25188.0	15522.0	16580.0	24000.0	81290.0	44.0	93.0	74.0	59.0	18.0	25.0	10.0	19.0	22.0	31.0	15.0	56.00.0	0.0	0.0	0.0	0.0	0.0	0.0	0.0	0.0
	5p	-	5	24851.0	15595.0	16347.0	24478.0	81271.0	59.0	84.0	61.0	65.0	18.0	22.0	10.0	27.0	22.0	18.0	11.0	60.00.0	0.0	0.0	0.0	10.0	0.0	5.0	2.0	0.0
	5p	-	6	24574.0	15551.0	16213.0	24930.0	81268.0	57.0	87.0	67.0	55.0	24.0	18.0	13.0	21.0	24.0	24.0	10.0	62.00.0	0.0	0.0	0.0	5.0	0.0	9.0	6.0	0.0
	5p	-	7	25263.0	15405.0	16120.0	24483.0	81271.0	66.0	66.0	58.0	50.0	17.0	20.0	11.0	23.0	27.0	30.0	9.0	57.00.0	0.0	0.0	0.0	5.0	0.0	6.0	7.0	0.0
	5p	-	8	25997.0	15579.0	15491.0	24204.0	81271.0	57.0	71.0	57.0	55.0	15.0	21.0	8.0	18.0	24.0	21.0	17.0	48.00.0	0.0	0.0	0.0	3.0	0.0	5.0	5.0	0.0
	5p	-	9	25650.0	15673.0	15489.0	24460.0	81272.0	59.0	71.0	55.0	68.0	17.0	14.0	10.0	32.0	26.0	20.0	14.0	52.00.0	0.0	0.0	0.0	2.0	0.0	8.0	3.0	0.0
	5p	-	10	25299.0	15875.0	15531.0	24563.0	81268.0	56.0	61.0	60.0	46.0	23.0	17.0	8.0	23.0	22.0	21.0	17.0	54.00.0	0.0	0.0	0.0	4.0	0.0	3.0	6.0	0.0
	5p	-	11	25114.0	15877.0	15579.0	24695.0	81265.0	56.0	82.0	54.0	54.0	25.0	12.0	14.0	20.0	20.0	19.0	14.0	51.00.0	0.0	0.0	0.0	11.0	0.0	6.0	1.0	0.0
	5p	-	12	25240.0	15786.0	15529.0	24714.0	81269.0	51.0	70.0	75.0	48.0	14.0	16.0	6.0	21.0	20.0	22.0	17.0	57.00.0	0.0	0.0	0.0	8.0	0.0	1.0	4.0	0.0
	5p	-	13	25306.0	15796.0	15455.0	24713.0	81270.0	57.0	75.0	48.0	47.0	12.0	17.0	8.0	26.0	15.0	22.0	12.0	48.00.0	0.0	0.0	0.0	8.0	0.0	5.0	3.0	0.0
	5p	-	14	25285.0	15795.0	15484.0	24707.0	81271.0	62.0	60.0	65.0	55.0	28.0	22.0	13.0	16.0	15.0	29.0	6.0	56.00.0	0.0	0.0	0.0	6.0	0.0	6.0	3.0	0.0
	5p	-	15	25385.0	15950.0	15516.0	24416.0	81267.0	61.0	59.0	71.0	54.0	18.0	17.0	15.0	17.0	16.0	20.0	8.0	55.00.0	0.0	0.0	0.0	9.0	0.0	3.0	8.0	0.0
	5p	-	16	25265.0	15783.0	15584.0	24618.0	81250.0	63.0	61.0	51.0	56.0	14.0	25.0	16.0	15.0	18.0	10.0	15.0	49.00.0	0.0	0.0	0.0	12.0	0.0	5.0	7.0	0.0
	5p	-	17	25486.0	15938.0	15430.0	24398.0	81252.0	55.0	72.0	48.0	45.0	18.0	19.0	17.0	33.0	18.0	22.0	9.0	62.00.0	0.0	0.0	0.0	11.0	0.0	7.0	7.0	0.0
	5p	-	18	25072.0	16109.0	15571.0	24508.0	81260.0	65.0	70.0	54.0	60.0	20.0	23.0	8.0	12.0	20.0	16.0	11.0	59.00.0	0.0	0.0	0.0	12.0	0.0	6.0	4.0	0.0
	5p	-	19	25407.0	15892.0	15456.0	24498.0	81253.0	51.0	75.0	48.0	45.0	21.0	19.0	11.0	20.0	15.0	21.0	12.0	70.00.0	0.0	0.0	0.0	15.0	0.0	9.0	5.0	0.0
	5p	-	20	25197.0	15835.0	15674.0	24549.0	81255.0	46.0	79.0	69.0	50.0	11.0	21.0	16.0	22.0	23.0	15.0	16.0	51.00.0	0.0	0.0	0.0	12.0	0.0	4.0	8.0	0.0
	5p	-	21	25232.0	15926.0	15451.0	24655.0	81264.0	55.0	76.0	57.0	51.0	18.0	14.0	10.0	26.0	14.0	20.0	7.0	60.00.0	0.0	0.0	0.0	11.0	0.0	5.0	7.0	0.0
	5p	-	22	25257.0	15680.0	15685.0	24639.0	81261.0	63.0	77.0	65.0	55.0	19.0	19.0	14.0	26.0	12.0	27.0	14.0	67.00.0	0.0	0.0	0.0	7.0	0.0	6.0	4.0	0.0
	5p	-	23	25423.0	15803.0	15362.0	24665.0	81253.0	49.0	78.0	41.0	46.0	21.0	15.0	12.0	26.0	16.0	27.0	3.0	48.00.0	0.0	0.0	0.0	13.0	0.0	2.0	8.0	0.0
	5p	-	24	25542.0	15862.0	15207.0	24649.0	81260.0	59.0	76.0	56.0	51.0	12.0	24.0	14.0	21.0	16.0	10.0	15.0	45.00.0	0.0	0.0	0.0	16.0	0.0	2.0	6.0	0.0
	5p	-	25	25590.0	15702.0	15362.0	24614.0	81268.0	59.0	71.0	73.0	41.0	18.0	15.0	8.0	21.0	19.0	15.0	21.0	52.00.0	0.0	0.0	0.0	7.0	0.0	7.0	4.0	0.0
	5p	-	26	25614.0	15519.0	15455.0	24680.0	81268.0	56.0	75.0	67.0	59.0	9.0	15.0	15.0	30.0	17.0	19.0	7.0	57.00.0	0.0	0.0	0.0	6.0	0.0	8.0	0.0	0.0
	5p	-	27	25889.0	15713.0	15414.0	24238.0	81254.0	40.0	73.0	57.0	57.0	16.0	21.0	16.0	22.0	13.0	19.0	16.0	63.00.0	0.0	0.0	0.0	16.0	0.0	4.0	3.0	0.0
	5p	-	28	25954.0	15565.0	15350.0	24392.0	81261.0	44.0	83.0	73.0	53.0	21.0	23.0	15.0	27.0	12.0	20.0	17.0	54.00.0	0.0	0.0	0.0	12.0	0.0	3.0	2.0	0.0
	5p	-	29	26087.0	15548.0	15316.0	24301.0	81252.0	52.0	108.0	57.0	50.0	12.0	20.0	11.0	27.0	21.0	26.0	14.0	51.00.0	0.0	0.0	0.0	19.0	0.0	3.0	0.0	0.0
	5p	-	30	26098.0	15600.0	15415.0	24144.0	81257.0	58.0	198.0	63.0	47.0	20.0	17.0	8.0	24.0	18.0	24.0	12.0	59.00.0	0.0	0.0	0.0	8.0	0.0	3.0	4.0	0.0
	5p	-	31	25275.0	15088.0	14583.0	23662.0	78608.0	54.0	180.0	51.0	46.0	14.0	21.0	11.0	30.0	14.0	18.0	12.0	69.00.0	0.0	0.0	0.0	14.0	0.0	6.0	4.0	0.0
	5p	-	32	24226.0	14648.0	13905.0	23216.0	75995.0	64.0	189.0	59.0	51.0	19.0	21.0	14.0	18.0	19.0	23.0	11.0	56.00.0	0.0	0.0	0.0	20.0	0.0	2.0	2.0	0.0
	5p	-	33	23524.0	14100.0	13876.0	21800.0	73300.0	42.0	192.0	58.0	49.0	21.0	11.0	12.0	23.0	16.0	10.0	5.0	53.00.0	0.0	0.0	0.0	10.0	0.0	2.0	5.0	0.0
	5p	-	34	22670.0	13556.0	13171.0	21250.0	70647.0	61.0	201.0	56.0	56.0	17.0	14.0	11.0	27.0	14.0	23.0	10.0	60.00.0	0.0	0.0	0.0	18.0	0.0	2.0	3.0	0.0
	5p	-	35	22098.0	12775.0	12822.0	20269.0	67964.0	49.0	211.0	56.0	42.0	14.0	23.0	7.0	20.0	23.0	18.0	11.0	72.00.0	0.0	0.0	0.0	11.0	0.0	3.0	5.0	0.0
	5p	-	36	20977.0	12189.0	12220.0	19894.0	65280.0	46.0	182.0	50.0	40.0	13.0	19.0	8.0	17.0	11.0	15.0	11.0	42.00.0	0.0	0.0	0.0	9.0	0.0	1.0	3.0	0.0
	5p	-	37	20172.0	11840.0	11701.0	18893.0	62606.0	44.0	182.0	57.0	44.0	26.0	20.0	9.0	17.0	17.0	23.0	11.0	49.00.0	0.0	0.0	0.0	8.0	0.0	1.0	2.0	0.0
	5p	-	38	19509.0	11269.0	11099.0	18085.0	59962.0	38.0	178.0	44.0	27.0	12.0	13.0	13.0	17.0	4.0	22.0	13.0	39.00.0	0.0	0.0	0.0	12.0	0.0	2.0	4.0	0.0
	5p	-	39	18433.0	10988.0	10614.0	17378.0	57413.0	52.0	164.0	40.0	49.0	9.0	22.0	6.0	18.0	12.0	11.0	10.0	44.00.0	0.0	0.0	0.0	9.0	0.0	1.0	2.0	0.0
	5p	-	40	17647.0	10147.0	10250.0	16826.0	54870.0	49.0	174.0	38.0	35.0	9.0	15.0	6.0	20.0	12.0	18.0	6.0	34.00.0	0.0	0.0	0.0	9.0	0.0	0.0	5.0	0.0
	5p	-	41	16883.0	9978.0	9529.0	15983.0	52373.0	40.0	164.0	41.0	41.0	9.0	12.0	4.0	16.0	8.0	12.0	9.0	35.00.0	0.0	0.0	0.0	6.0	0.0	2.0	1.0	0.0
	5p	-	42	16027.0	9578.0	9077.0	15234.0	49916.0	46.0	164.0	35.0	37.0	9.0	17.0	6.0	13.0	11.0	12.0	10.0	31.00.0	0.0	0.0	0.0	5.0	0.0	3.0	0.0	0.0
	5p	-	43	15202.0	8966.0	8792.0	14617.0	47577.0	44.0	164.0	25.0	31.0	3.0	10.0	7.0	15.0	12.0	14.0	6.0	22.00.0	0.0	0.0	0.0	2.0	0.0	5.0	1.0	0.0
	5p	-	44	14551.0	8562.0	8308.0	13887.0	45308.0	28.0	173.0	21.0	31.0	12.0	11.0	12.0	15.0	11.0	11.0	6.0	34.00.0	0.0	0.0	0.0	6.0	0.0	2.0	2.0	0.0
	5p	-	45	13810.0	8215.0	7786.0	13312.0	43123.0	35.0	156.0	27.0	25.0	7.0	12.0	9.0	22.0	6.0	11.0	7.0	33.00.0	0.0	0.0	0.0	10.0	0.0	1.0	0.0	0.0
	5p	-	46	13031.0	7830.0	7533.0	12640.0	41034.0	40.0	132.0	35.0	37.0	12.0	9.0	5.0	16.0	8.0	14.0	4.0	47.00.0	0.0	0.0	0.0	3.0	0.0	2.0	2.0	0.0
	5p	-	47	12475.0	7412.0	7203.0	11988.0	39078.0	20.0	128.0	27.0	26.0	7.0	11.0	6.0	14.0	7.0	9.0	7.0	27.00.0	0.0	0.0	0.0	6.0	0.0	2.0	0.0	0.0
	5p	-	48	11894.0	7046.0	6814.0	11278.0	37032.0	23.0	127.0	20.0	28.0	12.0	8.0	14.0	8.0	8.0	13.0	9.0	31.00.0	0.0	0.0	0.0	4.0	0.0	3.0	0.0	0.0
	5p	-	49	11407.0	6601.0	6415.0	10716.0	35139.0	33.0	124.0	21.0	28.0	4.0	8.0	6.0	13.0	11.0	6.0	13.0	26.00.0	0.0	0.0	0.0	5.0	0.0	1.0	4.0	0.0
	5p	-	50	10811.0	6500.0	5944.0	10138.0	33393.0	25.0	119.0	29.0	20.0	6.0	8.0	5.0	6.0	12.0	9.0	7.0	29.00.0	0.0	0.0	0.0	6.0	0.0	0.0	2.0	0.0
	5p	-	51	10125.0	6045.0	5729.0	9734.0	31633.0	22.0	113.0	23.0	22.0	8.0	8.0	2.0	14.0	9.0	9.0	5.0	29.00.0	0.0	0.0	0.0	4.0	0.0	0.0	1.0	0.0
	5p	-	52	9380.0	5749.0	5454.0	9402.0	29985.0	21.0	96.0	26.0	26.0	19.0	22.0	6.0	13.0	11.0	6.0	4.0	28.00.0	0.0	0.0	0.0	3.0	0.0	1.0	0.0	0.0
	5p	-	53	9182.0	5340.0	5168.0	8723.0	28413.0	19.0	91.0	16.0	21.0	11.0	21.0	7.0	21.0	10.0	6.0	6.0	27.00.0	0.0	0.0	0.0	2.0	0.0	1.0	0.0	0.0
	5p	-	54	8707.0	5044.0	4854.0	8287.0	26892.0	15.0	85.0	17.0	21.0	12.0	22.0	3.0	8.0	9.0	6.0	10.0	23.00.0	0.0	0.0	0.0	4.0	0.0	1.0	1.0	0.0
	5p	-	55	8123.0	4858.0	4623.0	7814.0	25418.0	25.0	79.0	22.0	23.0	8.0	20.0	4.0	8.0	3.0	5.0	2.0	21.00.0	0.0	0.0	0.0	2.0	0.0	2.0	1.0	0.0
	5p	-	56	7677.0	4529.0	4395.0	7497.0	24098.0	15.0	77.0	13.0	25.0	4.0	19.0	4.0	14.0	7.0	14.0	3.0	29.00.0	0.0	0.0	0.0	3.0	0.0	1.0	0.0	0.0
	5p	-	57	7345.0	4354.0	4174.0	6935.0	22808.0	21.0	78.0	14.0	18.0	6.0	12.0	5.0	8.0	8.0	6.0	5.0	18.00.0	0.0	0.0	0.0	6.0	0.0	1.0	0.0	0.0
	5p	-	58	6919.0	4047.0	3875.0	6698.0	21539.0	9.0	72.0	14.0	14.0	14.0	17.0	3.0	8.0	9.0	6.0	2.0	24.00.0	0.0	0.0	0.0	0.0	0.0	1.0	0.0	0.0
	5p	-	59	6433.0	3829.0	3814.0	6189.0	20265.0	19.0	83.0	6.0	12.0	12.0	18.0	5.0	9.0	5.0	2.0	3.0	15.00.0	0.0	0.0	0.0	1.0	0.0	1.0	0.0	0.0
	5p	-	60	6019.0	3626.0	3490.0	5931.0	19066.0	19.0	82.0	10.0	11.0	6.0	8.0	2.0	12.0	11.0	8.0	6.0	11.00.0	0.0	0.0	0.0	3.0	0.0	1.0	1.0	0.0
	5p	-	61	5817.0	3470.0	3236.0	5403.0	17926.0	22.0	64.0	11.0	18.0	10.0	16.0	3.0	9.0	6.0	0.0	5.0	12.00.0	0.0	0.0	0.0	3.0	0.0	0.0	0.0	0.0
	5p	-	62	5412.0	3194.0	3079.0	5173.0	16858.0	17.0	61.0	12.0	14.0	7.0	17.0	2.0	6.0	9.0	4.0	5.0	15.00.0	0.0	0.0	0.0	1.0	0.0	2.0	2.0	0.0
	5p	-	63	4996.0	3018.0	2900.0	4917.0	15831.0	16.0	61.0	7.0	7.0	7.0	17.0	5.0	10.0	3.0	4.0	2.0	7.00.0	0.0	0.0	0.0	1.0	0.0	0.0	0.0	0.0
	5p	-	64	4769.0	2799.0	2690.0	4604.0	14862.0	11.0	63.0	8.0	8.0	6.0	15.0	3.0	8.0	4.0	6.0	5.0	9.00.0	0.0	0.0	0.0	2.0	0.0	0.0	0.0	0.0
	5p	-	65	4483.0	2669.0	2499.0	4270.0	13921.0	14.0	55.0	11.0	8.0	8.0	10.0	7.0	11.0	5.0	1.0	2.0	13.00.0	0.0	0.0	0.0	3.0	0.0	2.0	1.0	0.0
	5p	-	66	4167.0	2473.0	2378.0	4016.0	13034.0	8.0	45.0	6.0	13.0	4.0	11.0	3.0	7.0	0.0	2.0	1.0	10.00.0	0.0	0.0	0.0	1.0	0.0	1.0	1.0	0.0
	5p	-	67	3931.0	2342.0	2195.0	3748.0	12216.0	11.0	57.0	7.0	5.0	1.0	6.0	4.0	5.0	6.0	4.0	2.0	10.00.0	0.0	0.0	0.0	0.0	0.0	0.0	1.0	0.0
	5p	-	68	3653.0	2226.0	2059.0	3476.0	11414.0	5.0	42.0	8.0	4.0	3.0	8.0	1.0	6.0	2.0	7.0	3.0	13.00.0	0.0	0.0	0.0	3.0	0.0	2.0	0.0	0.0
	5p	-	69	3431.0	2026.0	1894.0	3243.0	10594.0	5.0	38.0	9.0	10.0	6.0	8.0	2.0	12.0	4.0	4.0	4.0	9.00.0	0.0	0.0	0.0	3.0	0.0	0.0	0.0	0.0
	5p	-	70	3134.0	1835.0	1829.0	3068.0	9866.0	4.0	39.0	17.0	6.0	7.0	6.0	4.0	5.0	2.0	5.0	4.0	7.00.0	0.0	0.0	0.0	5.0	0.0	1.0	0.0	0.0
	5p	-	71	2893.0	1814.0	1582.0	2877.0	9166.0	6.0	36.0	4.0	6.0	5.0	1.0	2.0	2.0	3.0	0.0	1.0	10.00.0	0.0	0.0	0.0	3.0	0.0	1.0	1.0	0.0
	5p	-	72	2727.0	1587.0	1502.0	2690.0	8506.0	6.0	48.0	4.0	5.0	5.0	4.0	1.0	5.0	3.0	8.0	5.0	10.00.0	0.0	0.0	0.0	4.0	0.0	1.0	0.0	0.0
	5p	-	73	2532.0	1489.0	1424.0	2446.0	7891.0	8.0	28.0	5.0	7.0	4.0	5.0	4.0	4.0	5.0	5.0	3.0	12.00.0	0.0	0.0	0.0	0.0	0.0	0.0	1.0	0.0
	5p	-	74	2284.0	1397.0	1309.0	2336.0	7326.0	6.0	26.0	5.0	5.0	6.0	5.0	1.0	7.0	4.0	1.0	1.0	8.00.0	0.0	0.0	0.0	0.0	0.0	0.0	0.0	0.0
	5p	-	75	2128.0	1305.0	1238.0	2100.0	6771.0	4.0	46.0	6.0	5.0	1.0	4.0	3.0	5.0	2.0	4.0	1.0	3.00.0	0.0	0.0	0.0	1.0	0.0	0.0	0.0	0.0
	5p	-	76	1976.0	1165.0	1119.0	1931.0	6191.0	3.0	40.0	4.0	7.0	8.0	5.0	2.0	5.0	2.0	1.0	1.0	7.00.0	0.0	0.0	0.0	1.0	0.0	0.0	0.0	0.0
	5p	-	77	1821.0	1107.0	982.0	1743.0	5653.0	8.0	30.0	4.0	6.0	2.0	5.0	1.0	2.0	2.0	1.0	1.0	3.00.0	0.0	0.0	0.0	0.0	0.0	0.0	1.0	0.0
	5p	-	78	1727.0	1030.0	878.0	1531.0	5166.0	2.0	31.0	2.0	3.0	3.0	3.0	1.0	5.0	2.0	3.0	3.0	3.00.0	0.0	0.0	0.0	1.0	0.0	1.0	0.0	0.0
	5p	-	79	1537.0	898.0	817.0	1429.0	4681.0	2.0	27.0	5.0	7.0	3.0	1.0	0.0	1.0	0.0	2.0	2.0	4.00.0	0.0	0.0	0.0	1.0	0.0	0.0	0.0	0.0
	5p	-	80	1351.0	798.0	734.0	1308.0	4191.0	4.0	24.0	1.0	3.0	2.0	1.0	1.0	3.0	1.0	3.0	2.0	5.00.0	0.0	0.0	0.0	1.0	0.0	0.0	0.0	0.0
	5p	-	81	1261.0	688.0	683.0	1092.0	3724.0	2.0	15.0	3.0	3.0	2.0	0.0	0.0	2.0	4.0	2.0	1.0	3.00.0	0.0	0.0	0.0	0.0	0.0	0.0	0.0	0.0
	5p	-	82	1097.0	628.0	564.0	1011.0	3300.0	2.0	11.0	2.0	1.0	1.0	1.0	0.0	2.0	2.0	0.0	1.0	6.00.0	0.0	0.0	0.0	0.0	0.0	0.0	0.0	0.0
	5p	-	83	956.0	546.0	498.0	900.0	2900.0	3.0	23.0	4.0	2.0	1.0	0.0	1.0	0.0	1.0	0.0	1.0	2.00.0	0.0	0.0	0.0	0.0	0.0	0.0	0.0	0.0
	5p	-	84	838.0	472.0	409.0	794.0	2513.0	1.0	24.0	2.0	0.0	1.0	4.0	2.0	1.0	1.0	0.0	1.0	2.00.0	0.0	0.0	0.0	0.0	0.0	0.0	0.0	0.0
	5p	-	85	704.0	361.0	378.0	691.0	2134.0	0.0	13.0	1.0	3.0	1.0	4.0	1.0	1.0	1.0	0.0	0.0	6.00.0	0.0	0.0	0.0	0.0	0.0	0.0	0.0	0.0
	5p	-	86	606.0	345.0	282.0	541.0	1774.0	3.0	16.0	0.0	0.0	0.0	0.0	0.0	2.0	0.0	1.0	0.0	1.00.0	0.0	0.0	0.0	0.0	0.0	0.0	0.0	0.0
	5p	-	87	459.0	277.0	246.0	426.0	1408.0	1.0	14.0	1.0	3.0	1.0	1.0	0.0	2.0	0.0	0.0	0.0	0.00.0	0.0	0.0	0.0	0.0	0.0	0.0	0.0	0.0
	5p	-	88	355.0	193.0	172.0	334.0	1054.0	0.0	17.0	0.0	0.0	0.0	1.0	0.0	1.0	0.0	1.0	1.0	2.00.0	0.0	0.0	0.0	0.0	0.0	0.0	0.0	0.0
	5p	-	89	250.0	158.0	126.0	239.0	773.0	0.0	22.0	1.0	0.0	0.0	0.0	0.0	2.0	1.0	0.0	1.0	2.00.0	0.0	0.0	0.0	0.0	0.0	0.0	0.0	0.0
	5p	-	90	181.0	90.0	76.0	141.0	488.0	0.0	13.0	0.0	0.0	0.0	2.0	0.0	0.0	0.0	1.0	0.0	0.00.0	0.0	0.0	0.0	0.0	0.0	0.0	0.0	0.0
	5p	-	91	66.0	42.0	32.0	110.0	250.0	2.0	9.0	0.0	0.0	0.0	0.0	0.0	1.0	0.0	0.0	0.0	0.00.0	0.0	0.0	0.0	0.0	0.0	0.0	0.0	0.0
	5p	-	92	0.0	0.0	0.0	0.0	0.0	0.0	0.0	0.0	0.0	0.0	0.0	0.0	0.0	0.0	0.0	0.0	0.00.0	0.0	0.0	0.0	0.0	0.0	0.0	0.0	0.0
	5p	-	93	0.0	0.0	0.0	0.0	0.0	0.0	0.0	0.0	0.0	0.0	0.0	0.0	0.0	0.0	0.0	0.0	0.00.0	0.0	0.0	0.0	0.0	0.0	0.0	0.0	0.0
	5p	-	94	0.0	0.0	0.0	0.0	0.0	0.0	0.0	0.0	0.0	0.0	0.0	0.0	0.0	0.0	0.0	0.0	0.00.0	0.0	0.0	0.0	0.0	0.0	0.0	0.0	0.0
	5p	-	95	0.0	0.0	0.0	0.0	0.0	0.0	0.0	0.0	0.0	0.0	0.0	0.0	0.0	0.0	0.0	0.0	0.00.0	0.0	0.0	0.0	0.0	0.0	0.0	0.0	0.0
	5p	-	96	0.0	0.0	0.0	0.0	0.0	0.0	0.0	0.0	0.0	0.0	0.0	0.0	0.0	0.0	0.0	0.0	0.00.0	0.0	0.0	0.0	0.0	0.0	0.0	0.0	0.0
	5p	-	97	0.0	0.0	0.0	0.0	0.0	0.0	0.0	0.0	0.0	0.0	0.0	0.0	0.0	0.0	0.0	0.0	0.00.0	0.0	0.0	0.0	0.0	0.0	0.0	0.0	0.0
	5p	-	98	0.0	0.0	0.0	0.0	0.0	0.0	0.0	0.0	0.0	0.0	0.0	0.0	0.0	0.0	0.0	0.0	0.00.0	0.0	0.0	0.0	0.0	0.0	0.0	0.0	0.0
	5p	-	99	0.0	0.0	0.0	0.0	0.0	0.0	0.0	0.0	0.0	0.0	0.0	0.0	0.0	0.0	0.0	0.0	0.00.0	0.0	0.0	0.0	0.0	0.0	0.0	0.0	0.0
	5p	-	100	0.0	0.0	0.0	0.0	0.0	0.0	0.0	0.0	0.0	0.0	0.0	0.0	0.0	0.0	0.0	0.0	0.00.0	0.0	0.0	0.0	0.0	0.0	0.0	0.0	0.0
