# table produced by DamageProfiler
# using mapped file ScA032.BuffaloCape_Human_nc.Target.rmdup.noMicro.bam
# Sample ID: ScA032.BuffaloCape_Human_nc.Target.rmdup.noMicro.bam
Pos	C>T	G>A	A>C	A>G	A>T	C>A	C>G	G>C	G>T	T>A	T>C	T>G	->ACGT	ACGT>-
0	0.099108	0.007131	0.001065	0.004126	0.003194	0.004354	0.001659	0.002743	0.007131	0.001817	0.003504	0.001557	0.000000	0.000000
1	0.011230	0.004163	0.001934	0.002487	0.001105	0.001747	0.001997	0.002410	0.002848	0.001777	0.001777	0.001269	0.000000	0.000000
2	0.006775	0.002628	0.001381	0.002900	0.000967	0.001270	0.001059	0.001971	0.004160	0.002515	0.003354	0.001397	0.000000	0.000000
3	0.004732	0.005219	0.000803	0.003344	0.001338	0.001506	0.001076	0.001740	0.002609	0.001580	0.002873	0.001293	0.000169	0.000000
4	0.005389	0.002975	0.001358	0.002715	0.001493	0.002371	0.000862	0.001602	0.004805	0.001509	0.001372	0.001509	0.000676	0.000000
5	0.006059	0.004577	0.001117	0.002793	0.001117	0.003462	0.000866	0.001526	0.004141	0.001645	0.002604	0.001645	0.000549	0.000000
6	0.004238	0.004835	0.000669	0.002811	0.000937	0.001115	0.000892	0.000879	0.003516	0.001537	0.002794	0.001257	0.000423	0.000000
7	0.004512	0.003418	0.001703	0.002620	0.001048	0.001579	0.001579	0.002734	0.004557	0.001111	0.002084	0.000972	0.000719	0.000000
8	0.005567	0.003974	0.000923	0.002374	0.001055	0.002449	0.000668	0.000701	0.003740	0.000548	0.002467	0.001371	0.000677	0.000000
9	0.005666	0.003970	0.000935	0.003339	0.000401	0.001587	0.001587	0.000467	0.003737	0.001202	0.001336	0.001737	0.000465	0.000000
10	0.004211	0.004152	0.000398	0.001858	0.001061	0.001330	0.000887	0.000923	0.003460	0.000688	0.003025	0.000963	0.000930	0.000000
11	0.005331	0.003928	0.001077	0.001481	0.001481	0.001333	0.001777	0.001848	0.004390	0.001352	0.001892	0.000135	0.000803	0.000000
12	0.006375	0.003984	0.000809	0.002156	0.000809	0.000659	0.001759	0.001406	0.004218	0.001347	0.001617	0.001347	0.000634	0.000000
13	0.004870	0.003214	0.000939	0.003622	0.000671	0.001107	0.001107	0.001607	0.003444	0.000954	0.002181	0.000545	0.000507	0.000000
14	0.003967	0.004400	0.000667	0.002000	0.000800	0.002424	0.002204	0.001853	0.003705	0.000821	0.002190	0.000821	0.000634	0.000000
15	0.003995	0.004045	0.000943	0.003770	0.000539	0.001775	0.001332	0.001348	0.004270	0.000962	0.002747	0.001099	0.000507	0.000000
16	0.004329	0.003248	0.001189	0.001850	0.000793	0.001139	0.001367	0.000696	0.007887	0.001487	0.002028	0.001623	0.000549	0.000000
17	0.005741	0.003694	0.000536	0.001743	0.001073	0.001766	0.000442	0.000693	0.002771	0.000817	0.001771	0.001090	0.000592	0.000000
18	0.004454	0.004933	0.001079	0.002563	0.000944	0.002450	0.001336	0.001644	0.004933	0.000800	0.002667	0.001067	0.000549	0.000000
19	0.006012	0.005614	0.001098	0.003431	0.001510	0.002577	0.001288	0.002339	0.002573	0.000671	0.002417	0.000537	0.000423	0.000000
20	0.004182	0.005221	0.001329	0.003323	0.000532	0.001761	0.001321	0.001661	0.004509	0.001355	0.002439	0.001084	0.000549	0.000000
21	0.004652	0.005143	0.000668	0.001470	0.001336	0.001772	0.000222	0.001169	0.004441	0.000813	0.001491	0.001356	0.000761	0.000000
22	0.005076	0.004982	0.000538	0.001211	0.000942	0.001766	0.001104	0.000712	0.004033	0.000534	0.001871	0.000802	0.000380	0.000000
23	0.004719	0.002550	0.001074	0.001879	0.001074	0.001573	0.000674	0.000695	0.005563	0.000672	0.001479	0.000538	0.000888	0.000000
24	0.005069	0.003502	0.001453	0.002510	0.001982	0.001543	0.001322	0.002101	0.003736	0.001512	0.001924	0.000962	0.000507	0.000000
