# table produced by DamageProfiler
# using mapped file PaA004.BuffaloCape_Human_nc.Target.rmdup.noMicro_SCR_003.bam
# Sample ID: PaA004.BuffaloCape_Human_nc.Target.rmdup.noMicro_SCR_003.bam
Pos	C>T	G>A	A>C	A>G	A>T	C>A	C>G	G>C	G>T	T>A	T>C	T>G	->ACGT	ACGT>-
24	0.017613	0.027723	0.012249	0.023385	0.012249	0.013699	0.019569	0.007921	0.027723	0.015449	0.021067	0.009831	0.015613	0.000000
23	0.036969	0.035343	0.009967	0.014396	0.007752	0.018484	0.007394	0.010395	0.010395	0.022923	0.021490	0.020057	0.016775	0.000000
22	0.016729	0.023454	0.008264	0.013430	0.011364	0.007435	0.007435	0.012793	0.019190	0.013783	0.022971	0.010720	0.013699	0.000000
21	0.016985	0.035865	0.011044	0.022088	0.015060	0.021231	0.014862	0.010549	0.014768	0.018923	0.026201	0.014556	0.013318	0.000000
20	0.015444	0.038117	0.012232	0.021407	0.014271	0.017375	0.013514	0.006726	0.015695	0.023634	0.016248	0.014771	0.014111	0.000000
19	0.014141	0.028626	0.013225	0.019329	0.007121	0.022222	0.014141	0.009542	0.015267	0.014516	0.020968	0.006452	0.015256	0.000000
18	0.022321	0.030000	0.008780	0.020488	0.013659	0.020089	0.015625	0.004000	0.008000	0.019757	0.013678	0.006079	0.013683	0.000000
17	0.013060	0.050773	0.007511	0.015021	0.006438	0.013060	0.016791	0.013245	0.006623	0.009929	0.018440	0.012766	0.015232	0.000000
16	0.019920	0.037611	0.010320	0.015480	0.011352	0.015936	0.013944	0.008850	0.002212	0.021127	0.019718	0.011268	0.012913	0.000000
15	0.029014	0.015419	0.008439	0.016878	0.010549	0.009671	0.009671	0.013216	0.022026	0.017021	0.022695	0.014184	0.013720	0.000000
14	0.017176	0.028017	0.011879	0.010799	0.006479	0.020992	0.005725	0.008621	0.008621	0.012784	0.014205	0.007102	0.015661	0.000000
13	0.022403	0.021008	0.013118	0.020182	0.015136	0.014257	0.004073	0.008403	0.008403	0.010432	0.014903	0.017884	0.014074	0.000000
12	0.020534	0.025370	0.018653	0.021762	0.020725	0.012320	0.010267	0.002114	0.012685	0.015603	0.019858	0.012766	0.012548	0.000000
11	0.022133	0.032328	0.014127	0.017154	0.009082	0.008048	0.016097	0.019397	0.023707	0.020802	0.031204	0.005944	0.015619	0.000000
10	0.020755	0.020576	0.009375	0.018750	0.007292	0.013208	0.015094	0.020576	0.014403	0.009174	0.016820	0.010703	0.014068	0.000000
9	0.033074	0.042697	0.011270	0.015369	0.007172	0.021401	0.007782	0.017978	0.013483	0.024425	0.017241	0.002874	0.012543	0.000000
8	0.019724	0.024775	0.004970	0.013917	0.007952	0.017751	0.021696	0.013514	0.006757	0.026627	0.023669	0.010355	0.012533	0.000000
7	0.028112	0.035211	0.009461	0.013245	0.011353	0.018072	0.006024	0.007042	0.016432	0.015456	0.024730	0.007728	0.012938	0.000000
6	0.020619	0.033259	0.012658	0.017527	0.005842	0.016495	0.014433	0.028825	0.015521	0.011869	0.008902	0.007418	0.010618	0.000000
5	0.019523	0.033543	0.006530	0.014925	0.006530	0.015184	0.013015	0.006289	0.010482	0.023220	0.020124	0.010836	0.004895	0.000000
4	0.033195	0.029148	0.009497	0.009497	0.012346	0.022822	0.008299	0.011211	0.022422	0.020438	0.016058	0.014599	0.002251	0.000000
3	0.038168	0.021692	0.007775	0.016521	0.006803	0.011450	0.019084	0.017354	0.008677	0.025875	0.036530	0.007610	0.000749	0.000000
2	0.042179	0.029520	0.009212	0.018424	0.008188	0.015817	0.007030	0.009225	0.012915	0.018868	0.024014	0.006861	0.001123	0.000000
1	0.018759	0.029979	0.030395	0.016211	0.011145	0.011544	0.014430	0.023555	0.019272	0.013283	0.022770	0.009488	0.000000	0.000000
0	0.017794	0.042553	0.008826	0.009709	0.004413	0.023132	0.008897	0.017021	0.010638	0.039293	0.029470	0.013752	0.000000	0.000000
