# table produced by DamageProfiler
# using mapped file PaA004.BuffaloCape_Human_nc.Target.rmdup.noMicro_SCR_003.bam
# Sample ID: PaA004.BuffaloCape_Human_nc.Target.rmdup.noMicro_SCR_003.bam
Chr	End	Std	Pos	A	C	G	T	Total
	3p	+	1	567	306	230	240	1343
	3p	+	2	488	367	237	251	1343
	3p	+	3	472	286	278	307	1343
	3p	+	4	509	271	239	324	1343
	3p	+	5	534	240	231	338	1343
	3p	+	6	565	227	248	303	1343
	3p	+	7	515	262	228	338	1343
	3p	+	8	531	249	231	332	1343
	3p	+	9	503	285	226	329	1343
	3p	+	10	493	283	220	347	1343
	3p	+	11	479	293	229	342	1343
	3p	+	12	509	259	227	348	1343
	3p	+	13	459	271	241	372	1343
	3p	+	14	485	256	255	347	1343
	3p	+	15	475	284	234	350	1343
	3p	+	16	449	258	256	380	1343
	3p	+	17	489	250	230	374	1343
	3p	+	18	495	285	233	330	1343
	3p	+	19	501	227	285	330	1343
	3p	+	20	474	258	279	332	1343
	3p	+	21	490	252	246	355	1343
	3p	+	22	520	228	246	349	1343
	3p	+	23	470	279	253	341	1343
	3p	+	24	438	286	263	356	1343
	3p	+	25	455	271	258	359	1343
	3p	+	26	461	302	235	345	1343
	3p	+	27	484	280	241	338	1343
	3p	+	28	468	309	239	327	1343
	3p	+	29	495	285	226	337	1343
	3p	+	30	503	294	233	313	1343
	3p	+	31	333	226	172	273	1004
	3p	+	32	297	192	159	214	862
	3p	+	33	261	152	145	245	803
	3p	+	34	263	173	147	188	771
	3p	+	35	230	140	155	212	737
	3p	+	36	217	162	150	187	716
	3p	+	37	208	174	132	198	712
	3p	+	38	210	150	145	196	701
	3p	+	39	190	152	144	204	690
	3p	+	40	206	157	123	196	682
	3p	+	41	207	141	128	187	663
	3p	+	42	199	134	135	184	652
	3p	+	43	193	154	124	166	637
	3p	+	44	196	136	116	176	624
	3p	+	45	199	121	106	188	614
	3p	+	46	201	130	109	162	602
	3p	+	47	178	144	119	150	591
	3p	+	48	183	119	120	156	578
	3p	+	49	185	113	107	154	559
	3p	+	50	150	109	105	178	542
	3p	+	51	186	83	107	160	536
	3p	+	52	166	117	91	150	524
	3p	+	53	148	123	80	162	513
	3p	+	54	155	97	86	160	498
	3p	+	55	140	107	109	128	484
	3p	+	56	142	95	96	142	475
	3p	+	57	144	93	95	131	463
	3p	+	58	154	90	89	119	452
	3p	+	59	135	74	99	135	443
	3p	+	60	149	90	74	116	429
	3p	+	61	118	92	89	119	418
	3p	+	62	129	83	84	111	407
	3p	+	63	121	78	90	110	399
	3p	+	64	106	80	82	117	385
	3p	+	65	111	72	80	109	372
	3p	+	66	102	82	70	113	367
	3p	+	67	116	62	60	118	356
	3p	+	68	100	68	74	103	345
	3p	+	69	106	60	64	112	342
	3p	+	70	99	85	73	74	331
	3p	+	71	95	54	68	105	322
	3p	+	72	90	82	72	76	320
	3p	+	73	109	60	54	92	315
	3p	+	74	92	84	62	67	305
	3p	+	75	84	58	73	82	297
	3p	+	76	95	54	67	73	289
	3p	+	77	91	60	50	74	275
	3p	+	78	90	48	53	75	266
	3p	+	79	78	54	50	76	258
	3p	+	80	81	52	49	67	249
	3p	+	81	68	51	47	73	239
	3p	+	82	70	45	49	67	231
	3p	+	83	72	51	41	62	226
	3p	+	84	69	46	45	61	221
	3p	+	85	52	47	48	68	215
	3p	+	86	95	36	37	38	206
	3p	+	87	58	46	41	57	202
	3p	+	88	58	45	34	56	193
	3p	+	89	56	49	31	54	190
	3p	+	90	51	36	36	64	187
	3p	+	91	51	38	41	49	179
	3p	+	92	55	42	39	39	175
	3p	+	93	45	32	40	50	167
	3p	+	94	55	32	31	44	162
	3p	+	95	39	37	34	49	159
	3p	+	96	47	27	34	47	155
	3p	+	97	44	25	31	47	147
	3p	+	98	45	32	37	28	142
	3p	+	99	38	23	30	45	136
	3p	+	100	44	25	31	35	135
	3p	-	1	593	261	230	247	1331
	3p	-	2	471	348	227	285	1331
	3p	-	3	508	275	262	286	1331
	3p	-	4	522	257	233	319	1331
	3p	-	5	527	239	212	353	1331
	3p	-	6	522	240	235	334	1331
	3p	-	7	515	238	229	349	1331
	3p	-	8	538	261	203	329	1331
	3p	-	9	524	231	241	335	1331
	3p	-	10	505	243	225	358	1331
	3p	-	11	482	256	273	320	1331
	3p	-	12	487	271	248	325	1331
	3p	-	13	489	239	257	346	1331
	3p	-	14	493	256	249	333	1331
	3p	-	15	465	260	242	364	1331
	3p	-	16	495	275	225	336	1331
	3p	-	17	498	266	239	328	1331
	3p	-	18	460	264	237	370	1331
	3p	-	19	526	227	241	337	1331
	3p	-	20	516	257	262	296	1331
	3p	-	21	498	279	225	329	1331
	3p	-	22	476	264	253	338	1331
	3p	-	23	502	287	222	320	1331
	3p	-	24	489	263	243	336	1331
	3p	-	25	447	258	265	361	1331
	3p	-	26	454	268	233	376	1331
	3p	-	27	465	265	252	349	1331
	3p	-	28	478	274	264	315	1331
	3p	-	29	491	270	254	316	1331
	3p	-	30	477	268	253	333	1331
	3p	-	31	333	240	198	229	1000
	3p	-	32	266	188	159	239	852
	3p	-	33	239	171	153	218	781
	3p	-	34	227	160	140	212	739
	3p	-	35	251	144	138	190	723
	3p	-	36	239	167	134	172	712
	3p	-	37	230	153	134	181	698
	3p	-	38	231	139	129	189	688
	3p	-	39	213	138	127	197	675
	3p	-	40	199	131	133	202	665
	3p	-	41	192	139	162	167	660
	3p	-	42	197	134	120	200	651
	3p	-	43	192	144	136	162	634
	3p	-	44	195	109	124	195	623
	3p	-	45	186	109	123	187	605
	3p	-	46	174	127	121	167	589
	3p	-	47	173	126	107	173	579
	3p	-	48	186	124	110	153	573
	3p	-	49	198	114	107	137	556
	3p	-	50	176	91	119	156	542
	3p	-	51	170	100	107	151	528
	3p	-	52	162	112	101	142	517
	3p	-	53	174	107	100	128	509
	3p	-	54	150	112	104	132	498
	3p	-	55	150	106	92	136	484
	3p	-	56	152	102	90	126	470
	3p	-	57	140	97	94	129	460
	3p	-	58	140	89	88	122	439
	3p	-	59	118	80	78	148	424
	3p	-	60	123	81	89	121	414
	3p	-	61	120	96	78	105	399
	3p	-	62	135	81	66	104	386
	3p	-	63	123	87	65	99	374
	3p	-	64	103	76	77	111	367
	3p	-	65	102	74	62	118	356
	3p	-	66	98	80	79	93	350
	3p	-	67	91	65	85	97	338
	3p	-	68	101	56	63	109	329
	3p	-	69	92	80	62	89	323
	3p	-	70	92	69	63	86	310
	3p	-	71	89	67	70	78	304
	3p	-	72	88	62	68	83	301
	3p	-	73	83	57	65	86	291
	3p	-	74	83	58	54	88	283
	3p	-	75	82	72	50	70	274
	3p	-	76	82	56	57	71	266
	3p	-	77	79	51	43	83	256
	3p	-	78	60	57	60	66	243
	3p	-	79	76	48	39	72	235
	3p	-	80	68	55	37	66	226
	3p	-	81	64	44	41	68	217
	3p	-	82	62	43	46	59	210
	3p	-	83	57	40	44	63	204
	3p	-	84	64	46	30	55	195
	3p	-	85	68	27	35	60	190
	3p	-	86	56	42	35	52	185
	3p	-	87	52	33	37	63	185
	3p	-	88	46	34	41	60	181
	3p	-	89	56	36	36	52	180
	3p	-	90	53	27	42	55	177
	3p	-	91	48	34	32	59	173
	3p	-	92	53	44	28	41	166
	3p	-	93	54	26	33	46	159
	3p	-	94	50	24	35	46	155
	3p	-	95	46	33	36	34	149
	3p	-	96	37	32	33	42	144
	3p	-	97	51	24	21	41	137
	3p	-	98	41	29	23	43	136
	3p	-	99	53	22	26	31	132
	3p	-	100	48	25	20	34	127
	5p	+	1	522	314	237	270	1343
	5p	+	2	514	308	229	292	1343
	5p	+	3	480	299	242	322	1343
	5p	+	4	495	287	246	315	1343
	5p	+	5	473	291	259	320	1343
	5p	+	6	439	290	269	345	1343
	5p	+	7	474	303	232	334	1343
	5p	+	8	464	287	231	361	1343
	5p	+	9	491	233	275	344	1343
	5p	+	10	490	274	261	318	1343
	5p	+	11	458	271	266	348	1343
	5p	+	12	503	264	266	310	1343
	5p	+	13	528	253	237	325	1343
	5p	+	14	514	237	242	350	1343
	5p	+	15	451	234	283	375	1343
	5p	+	16	486	262	231	364	1343
	5p	+	17	466	272	261	344	1343
	5p	+	18	484	258	240	361	1343
	5p	+	19	481	285	242	335	1343
	5p	+	20	472	288	240	343	1343
	5p	+	21	497	257	246	343	1343
	5p	+	22	527	262	238	316	1343
	5p	+	23	497	263	251	332	1343
	5p	+	24	497	267	218	361	1343
	5p	+	25	499	259	236	349	1343
	5p	+	26	518	247	234	344	1343
	5p	+	27	494	242	251	356	1343
	5p	+	28	499	266	240	338	1343
	5p	+	29	466	309	227	341	1343
	5p	+	30	503	306	222	312	1343
	5p	+	31	343	244	182	235	1004
	5p	+	32	277	182	147	256	862
	5p	+	33	272	180	161	190	803
	5p	+	34	246	188	155	182	771
	5p	+	35	244	159	148	186	737
	5p	+	36	219	162	125	210	716
	5p	+	37	201	157	143	211	712
	5p	+	38	211	153	120	217	701
	5p	+	39	209	163	125	193	690
	5p	+	40	208	133	131	210	682
	5p	+	41	188	143	148	184	663
	5p	+	42	199	159	116	178	652
	5p	+	43	200	115	132	190	637
	5p	+	44	206	119	135	164	624
	5p	+	45	205	126	115	168	614
	5p	+	46	188	129	111	174	602
	5p	+	47	188	121	101	181	591
	5p	+	48	174	142	97	165	578
	5p	+	49	166	118	107	168	559
	5p	+	50	191	102	95	154	542
	5p	+	51	181	105	112	138	536
	5p	+	52	159	119	104	142	524
	5p	+	53	166	121	88	138	513
	5p	+	54	163	106	88	141	498
	5p	+	55	135	102	96	151	484
	5p	+	56	146	109	104	116	475
	5p	+	57	151	86	92	134	463
	5p	+	58	141	92	97	122	452
	5p	+	59	137	109	79	118	443
	5p	+	60	137	90	88	114	429
	5p	+	61	130	76	96	116	418
	5p	+	62	127	78	83	119	407
	5p	+	63	135	70	78	116	399
	5p	+	64	115	76	91	103	385
	5p	+	65	111	80	63	118	372
	5p	+	66	120	71	71	105	367
	5p	+	67	115	76	57	108	356
	5p	+	68	110	63	76	96	345
	5p	+	69	98	88	70	86	342
	5p	+	70	109	69	56	97	331
	5p	+	71	95	59	64	104	322
	5p	+	72	87	69	65	99	320
	5p	+	73	96	71	49	99	315
	5p	+	74	97	63	60	85	305
	5p	+	75	86	68	58	85	297
	5p	+	76	77	53	69	90	289
	5p	+	77	77	58	65	75	275
	5p	+	78	91	60	44	71	266
	5p	+	79	73	57	53	75	258
	5p	+	80	77	50	40	82	249
	5p	+	81	69	51	45	74	239
	5p	+	82	65	49	47	70	231
	5p	+	83	64	50	44	68	226
	5p	+	84	73	41	50	57	221
	5p	+	85	70	46	34	65	215
	5p	+	86	49	40	49	68	206
	5p	+	87	61	33	47	61	202
	5p	+	88	61	41	38	53	193
	5p	+	89	65	38	40	47	190
	5p	+	90	55	39	44	49	187
	5p	+	91	41	37	46	55	179
	5p	+	92	49	38	34	54	175
	5p	+	93	44	30	33	60	167
	5p	+	94	53	39	30	40	162
	5p	+	95	50	38	32	39	159
	5p	+	96	46	24	41	44	155
	5p	+	97	50	27	33	37	147
	5p	+	98	50	24	24	44	142
	5p	+	99	55	21	22	38	136
	5p	+	100	41	29	31	34	135
	5p	-	1	504	305	255	267	1331
	5p	-	2	523	310	216	281	1330
	5p	-	3	486	315	239	291	1331
	5p	-	4	509	280	246	296	1331
	5p	-	5	454	268	259	350	1331
	5p	-	6	434	280	271	346	1331
	5p	-	7	448	305	238	340	1331
	5p	-	8	521	275	238	297	1331
	5p	-	9	459	277	241	354	1331
	5p	-	10	488	262	243	338	1331
	5p	-	11	501	280	247	303	1331
	5p	-	12	480	244	249	358	1331
	5p	-	13	483	257	252	339	1331
	5p	-	14	462	265	271	333	1331
	5p	-	15	516	264	218	333	1331
	5p	-	16	491	270	224	346	1331
	5p	-	17	471	257	258	345	1331
	5p	-	18	484	260	266	321	1331
	5p	-	19	482	258	235	356	1331
	5p	-	20	486	272	241	332	1331
	5p	-	21	487	268	265	311	1331
	5p	-	22	500	259	255	317	1331
	5p	-	23	530	233	243	325	1331
	5p	-	24	491	278	215	347	1331
	5p	-	25	496	259	232	344	1331
	5p	-	26	510	236	221	364	1331
	5p	-	27	477	262	246	346	1331
	5p	-	28	478	262	249	342	1331
	5p	-	29	473	322	241	295	1331
	5p	-	30	507	279	229	316	1331
	5p	-	31	346	222	181	251	1000
	5p	-	32	302	166	154	230	852
	5p	-	33	263	144	156	218	781
	5p	-	34	252	137	158	192	739
	5p	-	35	232	139	147	205	723
	5p	-	36	234	140	136	202	712
	5p	-	37	239	131	126	202	698
	5p	-	38	200	144	155	189	688
	5p	-	39	216	138	127	194	675
	5p	-	40	228	113	132	192	665
	5p	-	41	232	123	128	177	660
	5p	-	42	216	121	122	192	651
	5p	-	43	188	129	129	188	634
	5p	-	44	210	126	116	171	623
	5p	-	45	208	127	109	161	605
	5p	-	46	177	117	120	175	589
	5p	-	47	169	113	130	167	579
	5p	-	48	180	83	137	173	573
	5p	-	49	176	119	121	140	556
	5p	-	50	200	114	97	131	542
	5p	-	51	175	103	90	160	528
	5p	-	52	160	114	101	142	517
	5p	-	53	183	85	84	157	509
	5p	-	54	158	91	105	144	498
	5p	-	55	154	91	98	141	484
	5p	-	56	141	100	99	130	470
	5p	-	57	140	101	77	142	460
	5p	-	58	135	105	79	120	439
	5p	-	59	137	89	92	106	424
	5p	-	60	113	88	88	125	414
	5p	-	61	117	87	72	123	399
	5p	-	62	117	80	81	108	386
	5p	-	63	98	91	78	107	374
	5p	-	64	111	68	72	116	367
	5p	-	65	107	69	81	99	356
	5p	-	66	108	68	57	117	350
	5p	-	67	94	68	77	99	338
	5p	-	68	97	83	58	91	329
	5p	-	69	103	71	65	84	323
	5p	-	70	102	75	57	76	310
	5p	-	71	94	53	61	96	304
	5p	-	72	90	56	62	93	301
	5p	-	73	95	55	53	88	291
	5p	-	74	101	65	44	73	283
	5p	-	75	92	60	55	67	274
	5p	-	76	83	63	56	64	266
	5p	-	77	77	60	50	69	256
	5p	-	78	77	48	49	69	243
	5p	-	79	75	34	52	74	235
	5p	-	80	69	49	42	66	226
	5p	-	81	66	46	41	64	217
	5p	-	82	65	46	42	57	210
	5p	-	83	67	54	32	51	204
	5p	-	84	72	34	34	55	195
	5p	-	85	54	40	34	62	190
	5p	-	86	56	38	32	59	185
	5p	-	87	48	34	42	61	185
	5p	-	88	59	35	32	55	181
	5p	-	89	74	31	35	40	180
	5p	-	90	53	34	45	45	177
	5p	-	91	48	41	36	48	173
	5p	-	92	41	45	32	48	166
	5p	-	93	43	34	30	52	159
	5p	-	94	49	29	31	46	155
	5p	-	95	55	25	30	39	149
	5p	-	96	44	30	29	41	144
	5p	-	97	43	20	25	49	137
	5p	-	98	38	27	28	43	136
	5p	-	99	45	30	23	34	132
	5p	-	100	42	25	19	41	127
