# table produced by DamageProfiler
# using mapped file ToA006.ElandCommon_Human_nc.Target.rmdup.noMicro.bam
# Sample ID: ToA006.ElandCommon_Human_nc.Target.rmdup.noMicro.bam
Pos	C>T	G>A	A>C	A>G	A>T	C>A	C>G	G>C	G>T	T>A	T>C	T>G	->ACGT	ACGT>-
0	0.031915	0.026906	0.013889	0.009921	0.009921	0.026596	0.015957	0.013453	0.031390	0.021413	0.019272	0.019272	0.000000	0.000000
1	0.020942	0.014851	0.008130	0.012195	0.040650	0.026178	0.036649	0.029703	0.034653	0.018182	0.012121	0.006061	0.002899	0.000000
2	0.045198	0.023585	0.016563	0.022774	0.006211	0.022599	0.005650	0.042453	0.028302	0.041339	0.013780	0.019685	0.003623	0.000000
3	0.019139	0.034826	0.019646	0.011788	0.027505	0.014354	0.033493	0.019900	0.029851	0.022075	0.011038	0.006623	0.008017	0.000000
4	0.021622	0.010471	0.018711	0.008316	0.010395	0.043243	0.010811	0.020942	0.031414	0.031042	0.011086	0.013304	0.029817	0.000000
5	0.000000	0.024691	0.018443	0.010246	0.026639	0.047872	0.015957	0.018519	0.018519	0.023504	0.012821	0.025641	0.030628	0.000000
6	0.011173	0.005155	0.011834	0.019724	0.017751	0.016760	0.022346	0.010309	0.041237	0.024943	0.006803	0.011338	0.030280	0.000000
7	0.046632	0.020833	0.009823	0.011788	0.025540	0.015544	0.015544	0.005208	0.041667	0.025172	0.006865	0.004577	0.022539	0.000000
8	0.010256	0.021622	0.013725	0.009804	0.009804	0.035897	0.015385	0.021622	0.043243	0.013393	0.006696	0.011161	0.020927	0.000000
9	0.043243	0.016854	0.009804	0.013725	0.015686	0.021622	0.016216	0.016854	0.016854	0.004425	0.013274	0.008850	0.021132	0.000000
10	0.012422	0.005435	0.007782	0.019455	0.011673	0.024845	0.012422	0.032609	0.021739	0.021645	0.012987	0.019481	0.024981	0.000000
11	0.041885	0.034653	0.017442	0.021318	0.015504	0.036649	0.026178	0.014851	0.024752	0.021226	0.016509	0.004717	0.028507	0.000000
12	0.005650	0.011976	0.011009	0.011009	0.022018	0.033898	0.011299	0.011976	0.041916	0.031674	0.011312	0.004525	0.027799	0.000000
13	0.028409	0.015464	0.018975	0.011385	0.024668	0.028409	0.017045	0.005155	0.036082	0.026570	0.009662	0.021739	0.029748	0.000000
14	0.012195	0.041667	0.029126	0.009709	0.019417	0.042683	0.012195	0.029762	0.011905	0.032967	0.008791	0.010989	0.035330	0.000000
15	0.031579	0.049080	0.009346	0.016822	0.022430	0.015789	0.026316	0.024540	0.036810	0.013423	0.011186	0.020134	0.021723	0.000000
16	0.016484	0.034682	0.012891	0.018416	0.027624	0.021978	0.016484	0.034682	0.052023	0.028369	0.011820	0.014184	0.027252	0.000000
17	0.026316	0.046512	0.013619	0.005837	0.013619	0.015789	0.010526	0.040698	0.017442	0.015590	0.017817	0.011136	0.027925	0.000000
18	0.029762	0.023121	0.014414	0.010811	0.012613	0.023810	0.035714	0.023121	0.034682	0.018957	0.002370	0.028436	0.034901	0.000000
19	0.048649	0.031447	0.007634	0.011450	0.011450	0.037838	0.032432	0.018868	0.018868	0.022573	0.020316	0.013544	0.035850	0.000000
20	0.048780	0.016216	0.009452	0.011342	0.017013	0.030488	0.024390	0.016216	0.021622	0.013636	0.015909	0.006818	0.027314	0.000000
21	0.020942	0.041916	0.023381	0.017986	0.014388	0.015707	0.036649	0.017964	0.005988	0.022222	0.009877	0.019753	0.028052	0.000000
22	0.031646	0.026178	0.003663	0.010989	0.020147	0.031646	0.018987	0.020942	0.031414	0.031100	0.007177	0.009569	0.020564	0.000000
23	0.031746	0.031088	0.018762	0.011257	0.009381	0.026455	0.015873	0.010363	0.015544	0.022222	0.014815	0.012346	0.023485	0.000000
24	0.043210	0.027473	0.004967	0.009934	0.016556	0.037037	0.037037	0.043956	0.038462	0.022277	0.007426	0.019802	0.009615	0.000000
