# table produced by DamageProfiler
# using mapped file RmA005.GrysbokCape_Human_nc.Target.rmdup.noMicro.bam
# Sample ID: RmA005.GrysbokCape_Human_nc.Target.rmdup.noMicro.bam
Pos	C>T	G>A	A>C	A>G	A>T	C>A	C>G	G>C	G>T	T>A	T>C	T>G	->ACGT	ACGT>-
24	0.003465	0.001451	0.000703	0.001406	0.000381	0.000634	0.000439	0.000677	0.001693	0.000307	0.001197	0.000583	0.002233	0.000000
23	0.003483	0.001928	0.000382	0.001618	0.000676	0.000638	0.000981	0.000771	0.001784	0.000733	0.001252	0.000458	0.002280	0.000000
22	0.003664	0.001943	0.000502	0.001595	0.000443	0.001061	0.000579	0.000583	0.001458	0.000580	0.001161	0.000397	0.001927	0.000000
21	0.002901	0.002374	0.000568	0.001763	0.000986	0.000774	0.000629	0.000824	0.001308	0.000816	0.000967	0.000544	0.002197	0.000000
20	0.003134	0.002105	0.000631	0.001292	0.000781	0.000964	0.000675	0.000813	0.001674	0.000820	0.001184	0.000516	0.002253	0.000000
19	0.003229	0.001730	0.000631	0.001774	0.000721	0.000626	0.000675	0.000817	0.001441	0.000757	0.001151	0.000606	0.002429	0.000000
18	0.003470	0.001727	0.000602	0.001474	0.000602	0.000723	0.000482	0.000816	0.000960	0.000666	0.001573	0.000393	0.002549	0.000000
17	0.003083	0.002532	0.000649	0.001652	0.000531	0.001566	0.000343	0.000487	0.001850	0.000696	0.001120	0.000303	0.002234	0.000000
16	0.004172	0.001605	0.000740	0.001184	0.000859	0.000631	0.000340	0.000584	0.001751	0.000516	0.001062	0.000304	0.002345	0.000000
15	0.002621	0.002214	0.000767	0.001712	0.000944	0.001019	0.000534	0.000578	0.001829	0.000521	0.001287	0.000429	0.002159	0.000000
14	0.003445	0.002010	0.000262	0.001631	0.000699	0.001034	0.000443	0.001005	0.002250	0.000741	0.001143	0.000401	0.002094	0.000000
13	0.003302	0.002116	0.000496	0.001866	0.000554	0.000493	0.000739	0.000721	0.001539	0.000676	0.001199	0.000738	0.002048	0.000000
12	0.003021	0.002056	0.000467	0.001635	0.000496	0.000644	0.000347	0.000881	0.001861	0.000485	0.001727	0.000394	0.002299	0.000000
11	0.003274	0.001546	0.000531	0.001712	0.000768	0.001026	0.000440	0.000580	0.001450	0.000639	0.001004	0.000517	0.002095	0.000000
10	0.003731	0.002786	0.000583	0.001953	0.000700	0.000638	0.000491	0.000733	0.002346	0.000915	0.001281	0.000366	0.002094	0.000000
9	0.003669	0.001902	0.000404	0.001559	0.000693	0.000744	0.000744	0.000390	0.001804	0.000736	0.001348	0.000460	0.001853	0.000000
8	0.004760	0.001839	0.000456	0.001711	0.000798	0.001114	0.000354	0.000920	0.001936	0.000800	0.001230	0.000308	0.001732	0.000000
7	0.004564	0.001856	0.000333	0.001693	0.000971	0.000830	0.000570	0.000488	0.001856	0.000838	0.001180	0.000466	0.001352	0.000000
6	0.004098	0.002572	0.000779	0.002143	0.000723	0.001349	0.000467	0.000680	0.001553	0.000932	0.001150	0.000497	0.001250	0.000000
5	0.003956	0.002642	0.000635	0.001931	0.001005	0.001695	0.000678	0.000708	0.002170	0.001311	0.001311	0.000863	0.001037	0.000000
4	0.006693	0.002681	0.000579	0.002025	0.000999	0.001362	0.000770	0.000693	0.001618	0.001558	0.001399	0.000891	0.000648	0.000000
3	0.006178	0.004035	0.000628	0.003088	0.001832	0.002151	0.000607	0.000854	0.002611	0.001769	0.001540	0.001343	0.000278	0.000000
2	0.006586	0.005579	0.000776	0.003028	0.001760	0.003131	0.001188	0.001202	0.003222	0.003080	0.002511	0.001439	0.000083	0.000000
1	0.052166	0.007432	0.001676	0.003481	0.003275	0.004041	0.001407	0.002153	0.004510	0.005048	0.003695	0.002049	0.000009	0.000000
0	0.151097	0.011763	0.001768	0.003780	0.004465	0.008087	0.002735	0.002182	0.004418	0.008144	0.003565	0.003040	0.000000	0.000000
