# table produced by DamageProfiler
# using mapped file RmA005.GrysbokCape_Human_nc.Target.rmdup.noMicro.bam
# Sample ID: RmA005.GrysbokCape_Human_nc.Target.rmdup.noMicro.bam
Pos	C>T	G>A	A>C	A>G	A>T	C>A	C>G	G>C	G>T	T>A	T>C	T>G	->ACGT	ACGT>-
0	0.071975	0.015337	0.004064	0.011050	0.011688	0.012568	0.005017	0.002342	0.012437	0.013208	0.004090	0.003968	0.000000	0.000000
1	0.018382	0.009533	0.002923	0.005874	0.005543	0.006797	0.002660	0.001629	0.008815	0.007670	0.003181	0.002765	0.000037	0.000000
2	0.010869	0.005384	0.001488	0.003565	0.003172	0.004634	0.002372	0.001030	0.004682	0.004008	0.002478	0.001438	0.000130	0.000000
3	0.006840	0.003285	0.001282	0.002652	0.001807	0.002379	0.001140	0.001232	0.002327	0.001937	0.002254	0.001048	0.000352	0.000000
4	0.006691	0.002783	0.000739	0.002275	0.001123	0.001571	0.000912	0.000684	0.001962	0.001512	0.001728	0.000586	0.000918	0.000000
5	0.004649	0.002604	0.000947	0.001955	0.000703	0.001114	0.000726	0.000898	0.001886	0.000929	0.001641	0.000557	0.000973	0.000000
6	0.004293	0.001994	0.000437	0.001487	0.000875	0.000938	0.000691	0.001235	0.001519	0.001019	0.001451	0.000309	0.001093	0.000000
7	0.004425	0.002231	0.000485	0.001626	0.000628	0.001243	0.000746	0.000436	0.001940	0.000807	0.001272	0.000652	0.001000	0.000000
8	0.004001	0.002257	0.000518	0.001496	0.000690	0.000889	0.000445	0.000981	0.001913	0.000644	0.001410	0.000582	0.001213	0.000000
9	0.004055	0.001873	0.000587	0.001848	0.000704	0.000917	0.000676	0.000887	0.001627	0.000881	0.001155	0.000608	0.001093	0.000000
10	0.002836	0.001733	0.000503	0.001626	0.000532	0.000769	0.000288	0.000842	0.001584	0.000483	0.000936	0.000513	0.001176	0.000000
11	0.002417	0.001800	0.000445	0.001690	0.000771	0.000773	0.000628	0.000389	0.001605	0.000667	0.001243	0.000606	0.001232	0.000000
12	0.003139	0.002032	0.000707	0.001355	0.000737	0.000773	0.000386	0.000823	0.001597	0.000888	0.001255	0.000459	0.001491	0.000000
13	0.002922	0.002301	0.000558	0.001086	0.000587	0.000682	0.000438	0.000587	0.001811	0.000698	0.001365	0.000516	0.001195	0.000000
14	0.003668	0.002186	0.000444	0.001776	0.000740	0.000676	0.000483	0.000777	0.001652	0.000821	0.001155	0.000547	0.001259	0.000000
15	0.002729	0.001849	0.000709	0.001567	0.000887	0.000623	0.000670	0.000535	0.001411	0.000581	0.001101	0.000581	0.001399	0.000000
16	0.003240	0.001401	0.000560	0.001268	0.000678	0.000629	0.000580	0.000676	0.001401	0.000613	0.001501	0.000827	0.001454	0.000000
17	0.003277	0.001364	0.000591	0.001300	0.000650	0.000482	0.000482	0.000731	0.001461	0.000640	0.001098	0.000488	0.001584	0.000000
18	0.003898	0.002031	0.000535	0.001842	0.000594	0.000731	0.000390	0.000580	0.001644	0.000544	0.001421	0.000514	0.001566	0.000000
19	0.002906	0.001439	0.000566	0.001698	0.000864	0.000581	0.000436	0.000863	0.001775	0.000609	0.001156	0.000730	0.001334	0.000000
20	0.002918	0.001748	0.000595	0.001459	0.000595	0.000909	0.000622	0.000291	0.001603	0.000730	0.000974	0.000396	0.001417	0.000000
21	0.004002	0.001987	0.000476	0.001548	0.000625	0.000964	0.000627	0.000533	0.001357	0.000849	0.001183	0.000546	0.001547	0.000000
22	0.002788	0.001638	0.000385	0.001745	0.000532	0.000433	0.000529	0.000530	0.001397	0.000737	0.001381	0.000522	0.001491	0.000000
23	0.003559	0.002131	0.000472	0.001475	0.000679	0.000683	0.000488	0.000291	0.001695	0.000517	0.001187	0.000609	0.001575	0.000000
24	0.003583	0.001845	0.000498	0.002079	0.000527	0.000638	0.000393	0.000680	0.001748	0.000548	0.001096	0.000457	0.001380	0.000000
