# table produced by DamageProfiler
# using mapped file RmA005.GrysbokCape_Human_nc.Target.rmdup.noMicro.bam
# Sample ID: RmA005.GrysbokCape_Human_nc.Target.rmdup.noMicro.bam
Chr	End	Std	Pos	A	C	G	T	Total	G>A	C>T	A>G	T>C	A>C	A>T	C>G	C>A	T>G	T>A	G>C	G>T	A>-	T>-	C>-	G>-	->A	->T	->C	->G	S
	3p	+	1	22622.0	8513.0	9357.0	13378.0	53870.0	107.0	1321.0	84.0	48.0	41.0	109.0	25.0	63.0	44.0	116.0	15.0	39.0	0.0	0.0	0.0	0.0	0.0	0.0	0.0	0.0	0.0
	3p	+	2	19406.0	11196.0	9722.0	13653.0	53977.0	62.0	569.0	73.0	55.0	32.0	64.0	18.0	45.0	21.0	74.0	26.0	38.0	0.0	0.0	0.0	0.0	0.0	0.0	0.0	0.0	0.0
	3p	+	3	19375.0	9370.0	10430.0	14888.0	54063.0	59.0	69.0	51.0	35.0	13.0	33.0	7.0	28.0	21.0	49.0	12.0	40.0	0.0	0.0	0.0	0.0	0.0	0.0	0.0	0.0	0.0
	3p	+	4	19148.0	9064.0	10617.0	15285.0	54114.0	36.0	58.0	60.0	30.0	10.0	40.0	6.0	20.0	16.0	29.0	13.0	35.0	0.0	0.0	0.0	0.0	2.0	0.0	0.0	2.0	0.0
	3p	+	5	19020.0	8346.0	10973.0	15814.0	54153.0	32.0	51.0	37.0	25.0	8.0	24.0	8.0	11.0	15.0	26.0	6.0	11.0	0.0	0.0	0.0	0.0	3.0	0.0	4.0	4.0	0.0
	3p	+	6	18937.0	9007.0	10527.0	15668.0	54139.0	27.0	38.0	38.0	18.0	16.0	16.0	8.0	14.0	12.0	26.0	7.0	20.0	0.0	0.0	0.0	0.0	17.0	0.0	7.0	16.0	0.0
	3p	+	7	18048.0	9757.0	10369.0	15984.0	54158.0	32.0	45.0	45.0	19.0	11.0	13.0	6.0	15.0	6.0	18.0	5.0	14.0	0.0	0.0	0.0	0.0	18.0	0.0	17.0	17.0	0.0
	3p	+	8	17938.0	9701.0	10322.0	16205.0	54166.0	20.0	42.0	29.0	16.0	5.0	15.0	6.0	7.0	10.0	11.0	4.0	19.0	0.0	0.0	0.0	0.0	21.0	0.0	22.0	20.0	0.0
	3p	+	9	17377.0	9950.0	10285.0	16531.0	54143.0	15.0	44.0	30.0	28.0	8.0	16.0	3.0	13.0	6.0	14.0	11.0	19.0	0.0	0.0	0.0	0.0	30.0	0.0	24.0	29.0	0.0
	3p	+	10	17339.0	10104.0	10320.0	16364.0	54127.0	17.0	35.0	31.0	25.0	9.0	14.0	7.0	7.0	6.0	13.0	1.0	18.0	0.0	0.0	0.0	0.0	48.0	0.0	19.0	28.0	0.0
	3p	+	11	17224.0	10163.0	10205.0	16517.0	54109.0	26.0	34.0	33.0	21.0	9.0	12.0	5.0	5.0	5.0	15.0	8.0	23.0	0.0	0.0	0.0	0.0	34.0	0.0	28.0	37.0	0.0
	3p	+	12	16934.0	10242.0	10405.0	16512.0	54093.0	18.0	30.0	33.0	22.0	6.0	14.0	4.0	11.0	9.0	16.0	6.0	17.0	0.0	0.0	0.0	0.0	42.0	0.0	32.0	24.0	0.0
	3p	+	13	17063.0	10148.0	10277.0	16603.0	54091.0	20.0	33.0	31.0	30.0	10.0	8.0	1.0	9.0	9.0	4.0	12.0	18.0	0.0	0.0	0.0	0.0	59.0	0.0	23.0	31.0	0.0
	3p	+	14	17164.0	10127.0	10542.0	16259.0	54092.0	25.0	29.0	29.0	21.0	5.0	4.0	8.0	3.0	11.0	12.0	8.0	14.0	0.0	0.0	0.0	0.0	58.0	0.0	31.0	28.0	0.0
	3p	+	15	17235.0	10189.0	10412.0	16279.0	54115.0	22.0	28.0	29.0	14.0	5.0	12.0	2.0	8.0	8.0	10.0	12.0	22.0	0.0	0.0	0.0	0.0	43.0	0.0	33.0	27.0	0.0
	3p	+	16	16879.0	10383.0	10418.0	16424.0	54104.0	22.0	30.0	26.0	28.0	15.0	18.0	6.0	14.0	7.0	11.0	5.0	19.0	0.0	0.0	0.0	0.0	45.0	0.0	26.0	34.0	0.0
	3p	+	17	16846.0	10451.0	10279.0	16514.0	54090.0	15.0	40.0	23.0	16.0	12.0	16.0	4.0	8.0	2.0	9.0	6.0	18.0	0.0	0.0	0.0	0.0	57.0	0.0	25.0	37.0	0.0
	3p	+	18	16970.0	10161.0	10284.0	16666.0	54081.0	24.0	35.0	25.0	20.0	11.0	7.0	6.0	16.0	3.0	14.0	4.0	22.0	0.0	0.0	0.0	0.0	60.0	0.0	29.0	35.0	0.0
	3p	+	19	16491.0	10411.0	10537.0	16635.0	54074.0	15.0	42.0	28.0	30.0	7.0	12.0	3.0	11.0	6.0	9.0	9.0	11.0	0.0	0.0	0.0	0.0	63.0	0.0	39.0	34.0	0.0
	3p	+	20	16696.0	10415.0	10414.0	16554.0	54079.0	15.0	30.0	35.0	17.0	12.0	15.0	7.0	6.0	9.0	10.0	9.0	14.0	0.0	0.0	0.0	0.0	68.0	0.0	35.0	28.0	0.0
	3p	+	21	16651.0	10465.0	10485.0	16471.0	54072.0	20.0	40.0	26.0	22.0	11.0	11.0	7.0	10.0	5.0	13.0	6.0	18.0	0.0	0.0	0.0	0.0	64.0	0.0	31.0	28.0	0.0
	3p	+	22	16736.0	10458.0	10364.0	16545.0	54103.0	24.0	24.0	33.0	16.0	9.0	17.0	8.0	10.0	10.0	14.0	9.0	11.0	0.0	0.0	0.0	0.0	66.0	0.0	16.0	18.0	0.0
	3p	+	23	16922.0	10491.0	10334.0	16349.0	54096.0	20.0	34.0	18.0	19.0	12.0	7.0	7.0	14.0	5.0	9.0	3.0	14.0	0.0	0.0	0.0	0.0	46.0	0.0	33.0	35.0	0.0
	3p	+	24	17037.0	10149.0	10520.0	16368.0	54074.0	22.0	38.0	24.0	17.0	7.0	10.0	6.0	9.0	6.0	7.0	9.0	17.0	0.0	0.0	0.0	0.0	64.0	0.0	24.0	33.0	0.0
	3p	+	25	16990.0	10388.0	10378.0	16321.0	54077.0	16.0	33.0	25.0	14.0	12.0	5.0	3.0	2.0	10.0	3.0	5.0	17.0	0.0	0.0	0.0	0.0	59.0	0.0	33.0	30.0	0.0
	3p	+	26	17011.0	10282.0	10430.0	16353.0	54076.0	32.0	34.0	33.0	23.0	9.0	5.0	3.0	8.0	7.0	18.0	5.0	21.0	0.0	0.0	0.0	0.0	55.0	0.0	35.0	28.0	0.0
	3p	+	27	16835.0	10287.0	10455.0	16520.0	54097.0	18.0	25.0	34.0	19.0	10.0	15.0	4.0	16.0	6.0	9.0	4.0	23.0	0.0	0.0	0.0	0.0	57.0	0.0	27.0	28.0	0.0
	3p	+	28	16980.0	10337.0	10299.0	16486.0	54102.0	29.0	36.0	32.0	34.0	11.0	12.0	6.0	16.0	6.0	16.0	8.0	20.0	0.0	0.0	0.0	0.0	51.0	0.0	27.0	29.0	0.0
	3p	+	29	16962.0	10178.0	10567.0	16405.0	54112.0	24.0	48.0	24.0	20.0	9.0	15.0	5.0	12.0	6.0	18.0	2.0	27.0	0.0	0.0	0.0	0.0	33.0	0.0	20.0	29.0	0.0
	3p	+	30	16927.0	10240.0	10312.0	16625.0	54104.0	25.0	65.0	35.0	16.0	13.0	20.0	6.0	14.0	12.0	18.0	7.0	23.0	0.0	0.0	0.0	0.0	52.0	0.0	18.0	20.0	0.0
	3p	+	31	16467.0	10011.0	9920.0	16028.0	52426.0	19.0	75.0	28.0	27.0	8.0	21.0	4.0	7.0	9.0	11.0	3.0	24.0	0.0	0.0	0.0	0.0	54.0	0.0	21.0	16.0	0.0
	3p	+	32	15976.0	9677.0	9629.0	15591.0	50873.0	23.0	55.0	29.0	20.0	8.0	14.0	6.0	11.0	9.0	15.0	6.0	20.0	0.0	0.0	0.0	0.0	43.0	0.0	17.0	18.0	0.0
	3p	+	33	15507.0	9195.0	9351.0	15358.0	49411.0	18.0	60.0	35.0	15.0	9.0	11.0	8.0	11.0	10.0	15.0	5.0	19.0	0.0	0.0	0.0	0.0	40.0	0.0	18.0	18.0	0.0
	3p	+	34	15204.0	8884.0	9215.0	14601.0	47904.0	21.0	46.0	25.0	19.0	5.0	17.0	4.0	10.0	10.0	9.0	6.0	21.0	0.0	0.0	0.0	0.0	32.0	0.0	25.0	22.0	0.0
	3p	+	35	14643.0	8714.0	9194.0	13951.0	46502.0	25.0	51.0	33.0	12.0	3.0	13.0	4.0	9.0	8.0	17.0	4.0	15.0	0.0	0.0	0.0	0.0	41.0	0.0	16.0	18.0	0.0
	3p	+	36	14308.0	8285.0	8648.0	13723.0	44964.0	19.0	47.0	31.0	20.0	10.0	12.0	4.0	13.0	9.0	20.0	4.0	11.0	0.0	0.0	0.0	0.0	42.0	0.0	22.0	12.0	0.0
	3p	+	37	13927.0	7920.0	8281.0	13281.0	43409.0	12.0	54.0	28.0	19.0	4.0	19.0	3.0	8.0	8.0	10.0	4.0	14.0	0.0	0.0	0.0	0.0	31.0	0.0	21.0	22.0	0.0
	3p	+	38	13438.0	7896.0	7816.0	12743.0	41893.0	15.0	53.0	23.0	15.0	12.0	17.0	6.0	12.0	7.0	17.0	5.0	12.0	0.0	0.0	0.0	0.0	38.0	0.0	17.0	15.0	0.0
	3p	+	39	12848.0	7605.0	7780.0	12152.0	40385.0	25.0	50.0	30.0	9.0	9.0	19.0	8.0	8.0	14.0	17.0	8.0	17.0	0.0	0.0	0.0	0.0	33.0	0.0	9.0	16.0	0.0
	3p	+	40	12363.0	7083.0	7445.0	11951.0	38842.0	22.0	50.0	23.0	10.0	12.0	17.0	2.0	14.0	6.0	14.0	5.0	9.0	0.0	0.0	0.0	0.0	30.0	0.0	9.0	14.0	0.0
	3p	+	41	11693.0	6944.0	7129.0	11523.0	37289.0	20.0	54.0	20.0	14.0	6.0	17.0	3.0	10.0	7.0	20.0	8.0	17.0	0.0	0.0	0.0	0.0	34.0	0.0	10.0	8.0	0.0
	3p	+	42	11256.0	6592.0	6835.0	11081.0	35764.0	13.0	59.0	23.0	17.0	9.0	24.0	5.0	7.0	7.0	16.0	4.0	20.0	0.0	0.0	0.0	0.0	28.0	0.0	11.0	14.0	0.0
	3p	+	43	10963.0	6247.0	6473.0	10557.0	34240.0	26.0	51.0	23.0	15.0	11.0	25.0	5.0	9.0	4.0	19.0	3.0	15.0	0.0	0.0	0.0	0.0	23.0	0.0	10.0	9.0	0.0
	3p	+	44	10393.0	6093.0	6280.0	9971.0	32737.0	22.0	49.0	33.0	19.0	6.0	15.0	0.0	9.0	7.0	14.0	5.0	15.0	0.0	0.0	0.0	0.0	25.0	0.0	12.0	14.0	0.0
	3p	+	45	9916.0	5765.0	5989.0	9586.0	31256.0	24.0	49.0	27.0	12.0	5.0	14.0	4.0	16.0	5.0	12.0	7.0	11.0	0.0	0.0	0.0	0.0	14.0	0.0	11.0	11.0	0.0
	3p	+	46	9395.0	5560.0	5709.0	9141.0	29805.0	22.0	41.0	28.0	11.0	8.0	10.0	5.0	11.0	7.0	12.0	4.0	18.0	0.0	0.0	0.0	0.0	33.0	0.0	16.0	11.0	0.0
	3p	+	47	9153.0	5319.0	5414.0	8608.0	28494.0	19.0	43.0	29.0	19.0	6.0	12.0	5.0	7.0	8.0	12.0	3.0	15.0	0.0	0.0	0.0	0.0	23.0	0.0	7.0	9.0	0.0
	3p	+	48	8560.0	5090.0	5153.0	8400.0	27203.0	13.0	38.0	20.0	15.0	8.0	10.0	4.0	7.0	6.0	13.0	5.0	17.0	0.0	0.0	0.0	0.0	24.0	0.0	4.0	12.0	0.0
	3p	+	49	8258.0	4748.0	4908.0	8000.0	25914.0	19.0	41.0	25.0	16.0	7.0	10.0	4.0	6.0	8.0	11.0	2.0	9.0	0.0	0.0	0.0	0.0	22.0	0.0	11.0	5.0	0.0
	3p	+	50	7846.0	4555.0	4596.0	7675.0	24672.0	18.0	44.0	13.0	7.0	9.0	12.0	3.0	7.0	8.0	13.0	3.0	13.0	0.0	0.0	0.0	0.0	16.0	0.0	7.0	5.0	0.0
	3p	+	51	7460.0	4395.0	4441.0	7178.0	23474.0	14.0	33.0	9.0	11.0	7.0	13.0	6.0	6.0	8.0	5.0	2.0	16.0	0.0	0.0	0.0	0.0	16.0	0.0	5.0	9.0	0.0
	3p	+	52	7068.0	4142.0	4199.0	6888.0	22297.0	13.0	31.0	16.0	15.0	4.0	9.0	1.0	7.0	8.0	8.0	4.0	10.0	0.0	0.0	0.0	0.0	19.0	0.0	8.0	7.0	0.0
	3p	+	53	6779.0	3864.0	3951.0	6567.0	21161.0	8.0	23.0	10.0	8.0	2.0	10.0	4.0	3.0	7.0	10.0	4.0	7.0	0.0	0.0	0.0	0.0	12.0	0.0	6.0	5.0	0.0
	3p	+	54	6416.0	3771.0	3837.0	6129.0	20153.0	7.0	29.0	12.0	8.0	8.0	9.0	1.0	4.0	5.0	11.0	3.0	9.0	0.0	0.0	0.0	0.0	11.0	0.0	6.0	5.0	0.0
	3p	+	55	6054.0	3545.0	3646.0	5892.0	19137.0	14.0	25.0	11.0	6.0	4.0	4.0	3.0	9.0	5.0	7.0	3.0	9.0	0.0	0.0	0.0	0.0	8.0	0.0	5.0	4.0	0.0
	3p	+	56	5763.0	3437.0	3438.0	5602.0	18240.0	6.0	21.0	16.0	6.0	5.0	8.0	3.0	9.0	5.0	15.0	2.0	5.0	0.0	0.0	0.0	0.0	5.0	0.0	2.0	3.0	0.0
	3p	+	57	5453.0	3188.0	3448.0	5273.0	17362.0	13.0	19.0	6.0	19.0	4.0	6.0	2.0	9.0	2.0	5.0	0.0	10.0	0.0	0.0	0.0	0.0	2.0	0.0	6.0	1.0	0.0
	3p	+	58	5283.0	2977.0	3226.0	5048.0	16534.0	8.0	20.0	5.0	7.0	3.0	7.0	0.0	9.0	5.0	4.0	4.0	13.0	0.0	0.0	0.0	0.0	5.0	0.0	4.0	2.0	0.0
	3p	+	59	4953.0	2949.0	2911.0	4903.0	15716.0	9.0	24.0	13.0	12.0	4.0	4.0	1.0	1.0	1.0	8.0	1.0	7.0	0.0	0.0	0.0	0.0	6.0	0.0	1.0	5.0	0.0
	3p	+	60	4726.0	2819.0	2827.0	4599.0	14971.0	10.0	30.0	17.0	4.0	5.0	9.0	2.0	3.0	2.0	7.0	0.0	4.0	0.0	0.0	0.0	0.0	6.0	0.0	3.0	2.0	0.0
	3p	+	61	4392.0	2679.0	2736.0	4417.0	14224.0	10.0	22.0	7.0	6.0	2.0	8.0	2.0	5.0	6.0	7.0	6.0	4.0	0.0	0.0	0.0	0.0	5.0	0.0	1.0	6.0	0.0
	3p	+	62	4310.0	2492.0	2527.0	4191.0	13520.0	11.0	20.0	9.0	8.0	6.0	4.0	1.0	5.0	4.0	5.0	1.0	8.0	0.0	0.0	0.0	0.0	3.0	0.0	5.0	4.0	0.0
	3p	+	63	4083.0	2468.0	2465.0	3887.0	12903.0	6.0	15.0	9.0	3.0	6.0	8.0	2.0	4.0	5.0	7.0	3.0	4.0	0.0	0.0	0.0	0.0	4.0	0.0	2.0	1.0	0.0
	3p	+	64	3849.0	2299.0	2418.0	3730.0	12296.0	9.0	20.0	9.0	7.0	2.0	2.0	1.0	1.0	4.0	10.0	1.0	5.0	0.0	0.0	0.0	0.0	5.0	0.0	2.0	2.0	0.0
	3p	+	65	3751.0	2148.0	2232.0	3591.0	11722.0	6.0	19.0	15.0	1.0	1.0	6.0	1.0	4.0	4.0	6.0	0.0	4.0	0.0	0.0	0.0	0.0	7.0	0.0	3.0	0.0	0.0
	3p	+	66	3470.0	2227.0	2092.0	3414.0	11203.0	5.0	14.0	9.0	2.0	2.0	6.0	2.0	4.0	2.0	7.0	1.0	12.0	0.0	0.0	0.0	0.0	2.0	0.0	1.0	2.0	0.0
	3p	+	67	3366.0	2004.0	2034.0	3313.0	10717.0	2.0	14.0	11.0	2.0	6.0	5.0	0.0	4.0	2.0	6.0	2.0	4.0	0.0	0.0	0.0	0.0	6.0	0.0	1.0	5.0	0.0
	3p	+	68	3366.0	1866.0	1913.0	3121.0	10266.0	8.0	11.0	8.0	4.0	1.0	2.0	1.0	3.0	2.0	6.0	0.0	5.0	0.0	0.0	0.0	0.0	4.0	0.0	2.0	4.0	0.0
	3p	+	69	3134.0	1927.0	1865.0	2902.0	9828.0	6.0	18.0	6.0	4.0	1.0	6.0	4.0	2.0	2.0	6.0	3.0	5.0	0.0	0.0	0.0	0.0	4.0	0.0	2.0	1.0	0.0
	3p	+	70	2927.0	1794.0	1874.0	2815.0	9410.0	8.0	14.0	7.0	4.0	0.0	5.0	3.0	1.0	1.0	8.0	1.0	3.0	0.0	0.0	0.0	0.0	5.0	0.0	3.0	5.0	0.0
	3p	+	71	2801.0	1630.0	1800.0	2743.0	8974.0	2.0	9.0	6.0	3.0	2.0	2.0	0.0	1.0	2.0	6.0	1.0	8.0	0.0	0.0	0.0	0.0	4.0	0.0	1.0	3.0	0.0
	3p	+	72	2660.0	1639.0	1609.0	2663.0	8571.0	4.0	12.0	5.0	3.0	4.0	7.0	1.0	5.0	1.0	5.0	3.0	2.0	0.0	0.0	0.0	0.0	3.0	0.0	0.0	1.0	0.0
	3p	+	73	2496.0	1568.0	1567.0	2504.0	8135.0	1.0	13.0	7.0	1.0	3.0	2.0	2.0	4.0	1.0	6.0	0.0	2.0	0.0	0.0	0.0	0.0	2.0	0.0	2.0	1.0	0.0
	3p	+	74	2392.0	1527.0	1474.0	2405.0	7798.0	3.0	9.0	4.0	3.0	2.0	4.0	1.0	6.0	4.0	5.0	3.0	6.0	0.0	0.0	0.0	0.0	6.0	0.0	1.0	0.0	0.0
	3p	+	75	2366.0	1449.0	1428.0	2254.0	7497.0	3.0	7.0	2.0	2.0	1.0	7.0	1.0	5.0	3.0	4.0	0.0	2.0	0.0	0.0	0.0	0.0	0.0	0.0	0.0	2.0	0.0
	3p	+	76	2308.0	1315.0	1312.0	2237.0	7172.0	7.0	6.0	5.0	0.0	2.0	3.0	0.0	1.0	3.0	5.0	1.0	1.0	0.0	0.0	0.0	0.0	2.0	0.0	0.0	1.0	0.0
	3p	+	77	2172.0	1358.0	1283.0	2061.0	6874.0	3.0	8.0	6.0	3.0	4.0	4.0	0.0	4.0	1.0	3.0	0.0	2.0	0.0	0.0	0.0	0.0	2.0	0.0	1.0	2.0	0.0
	3p	+	78	2064.0	1305.0	1217.0	2029.0	6615.0	3.0	6.0	4.0	3.0	1.0	4.0	1.0	5.0	2.0	3.0	2.0	3.0	0.0	0.0	0.0	0.0	3.0	0.0	0.0	1.0	0.0
	3p	+	79	1988.0	1215.0	1230.0	1906.0	6339.0	7.0	6.0	4.0	1.0	2.0	3.0	0.0	3.0	1.0	4.0	0.0	2.0	0.0	0.0	0.0	0.0	0.0	0.0	1.0	0.0	0.0
	3p	+	80	1861.0	1174.0	1143.0	1926.0	6104.0	1.0	9.0	4.0	2.0	0.0	2.0	1.0	3.0	0.0	0.0	1.0	8.0	0.0	0.0	0.0	0.0	6.0	0.0	1.0	0.0	0.0
	3p	+	81	1820.0	1128.0	1095.0	1797.0	5840.0	1.0	10.0	5.0	2.0	4.0	2.0	3.0	2.0	2.0	5.0	1.0	3.0	0.0	0.0	0.0	0.0	0.0	0.0	1.0	3.0	0.0
	3p	+	82	1753.0	1089.0	1073.0	1695.0	5610.0	5.0	6.0	3.0	4.0	5.0	1.0	0.0	5.0	3.0	2.0	1.0	1.0	0.0	0.0	0.0	0.0	1.0	0.0	0.0	3.0	0.0
	3p	+	83	1666.0	1016.0	1040.0	1633.0	5355.0	2.0	7.0	4.0	3.0	2.0	1.0	1.0	0.0	2.0	0.0	1.0	0.0	0.0	0.0	0.0	0.0	1.0	0.0	1.0	1.0	0.0
	3p	+	84	1574.0	945.0	1008.0	1655.0	5182.0	4.0	7.0	3.0	4.0	0.0	0.0	2.0	1.0	0.0	2.0	1.0	2.0	0.0	0.0	0.0	0.0	3.0	0.0	1.0	0.0	0.0
	3p	+	85	1581.0	924.0	932.0	1540.0	4977.0	4.0	11.0	6.0	1.0	1.0	1.0	1.0	2.0	2.0	0.0	0.0	1.0	0.0	0.0	0.0	0.0	3.0	0.0	0.0	0.0	0.0
	3p	+	86	1514.0	914.0	903.0	1460.0	4791.0	1.0	5.0	1.0	4.0	0.0	3.0	0.0	3.0	0.0	1.0	0.0	2.0	0.0	0.0	0.0	0.0	1.0	0.0	0.0	0.0	0.0
	3p	+	87	1422.0	889.0	878.0	1420.0	4609.0	2.0	8.0	1.0	0.0	3.0	2.0	1.0	1.0	1.0	2.0	1.0	4.0	0.0	0.0	0.0	0.0	0.0	0.0	2.0	0.0	0.0
	3p	+	88	1418.0	848.0	815.0	1343.0	4424.0	3.0	9.0	3.0	2.0	2.0	3.0	1.0	1.0	1.0	4.0	0.0	1.0	0.0	0.0	0.0	0.0	1.0	0.0	0.0	1.0	0.0
	3p	+	89	1348.0	838.0	810.0	1268.0	4264.0	1.0	3.0	2.0	5.0	2.0	3.0	1.0	2.0	0.0	2.0	0.0	1.0	0.0	0.0	0.0	0.0	1.0	0.0	1.0	0.0	0.0
	3p	+	90	1268.0	815.0	817.0	1200.0	4100.0	1.0	4.0	1.0	1.0	0.0	1.0	1.0	1.0	1.0	4.0	0.0	3.0	0.0	0.0	0.0	0.0	2.0	0.0	1.0	0.0	0.0
	3p	+	91	1209.0	763.0	783.0	1212.0	3967.0	0.0	4.0	2.0	1.0	0.0	0.0	0.0	1.0	1.0	1.0	1.0	1.0	0.0	0.0	0.0	0.0	2.0	0.0	1.0	1.0	0.0
	3p	+	92	1164.0	741.0	784.0	1150.0	3839.0	0.0	3.0	2.0	1.0	0.0	1.0	0.0	1.0	0.0	1.0	0.0	2.0	0.0	0.0	0.0	0.0	0.0	0.0	0.0	0.0	0.0
	3p	+	93	1099.0	777.0	698.0	1129.0	3703.0	2.0	3.0	0.0	3.0	1.0	4.0	1.0	1.0	0.0	1.0	0.0	0.0	0.0	0.0	0.0	0.0	1.0	0.0	0.0	1.0	0.0
	3p	+	94	1090.0	709.0	684.0	1089.0	3572.0	3.0	2.0	1.0	1.0	2.0	1.0	1.0	1.0	2.0	1.0	0.0	1.0	0.0	0.0	0.0	0.0	0.0	0.0	0.0	0.0	0.0
	3p	+	95	1033.0	693.0	656.0	1056.0	3438.0	0.0	6.0	1.0	4.0	1.0	0.0	0.0	1.0	3.0	0.0	1.0	2.0	0.0	0.0	0.0	0.0	2.0	0.0	1.0	0.0	0.0
	3p	+	96	1005.0	604.0	644.0	1086.0	3339.0	0.0	1.0	3.0	0.0	0.0	0.0	0.0	2.0	0.0	2.0	1.0	0.0	0.0	0.0	0.0	0.0	2.0	0.0	0.0	0.0	0.0
	3p	+	97	1017.0	604.0	619.0	997.0	3237.0	1.0	2.0	0.0	3.0	0.0	2.0	1.0	0.0	0.0	2.0	0.0	1.0	0.0	0.0	0.0	0.0	1.0	0.0	2.0	0.0	0.0
	3p	+	98	974.0	638.0	593.0	938.0	3143.0	1.0	1.0	3.0	0.0	0.0	3.0	0.0	0.0	0.0	1.0	0.0	0.0	0.0	0.0	0.0	0.0	1.0	0.0	1.0	0.0	0.0
	3p	+	99	906.0	591.0	595.0	947.0	3039.0	2.0	4.0	1.0	3.0	0.0	2.0	0.0	1.0	0.0	2.0	2.0	1.0	0.0	0.0	0.0	0.0	0.0	0.0	0.0	0.0	0.0
	3p	+	100	849.0	581.0	578.0	950.0	2958.0	2.0	2.0	1.0	0.0	2.0	0.0	0.0	0.0	0.0	0.0	0.0	1.0	0.0	0.0	0.0	0.0	1.0	0.0	0.0	0.0	0.0
	3p	-	1	22621.0	8304.0	9430.0	13267.0	53622.0	114.0	1220.0	87.0	47.0	39.0	93.0	21.0	73.0	37.0	101.0	26.0	44.00.0	0.0	0.0	0.0	0.0	0.0	0.0	0.0	0.0
	3p	-	2	19374.0	10830.0	9789.0	13683.0	53676.0	83.0	580.0	62.0	46.0	33.0	63.0	13.0	44.0	35.0	64.0	16.0	50.00.0	0.0	0.0	0.0	1.0	0.0	0.0	0.0	0.0
	3p	-	3	19263.0	9155.0	10363.0	14984.0	53765.0	57.0	53.0	66.0	40.0	17.0	35.0	15.0	30.0	22.0	43.0	13.0	27.00.0	0.0	0.0	0.0	3.0	0.0	3.0	3.0	0.0
	3p	-	4	19067.0	9065.0	10449.0	15239.0	53820.0	49.0	54.0	58.0	17.0	14.0	30.0	5.0	19.0	25.0	25.0	5.0	20.00.0	0.0	0.0	0.0	18.0	0.0	3.0	5.0	0.0
	3p	-	5	19000.0	8537.0	10663.0	15628.0	53828.0	26.0	62.0	40.0	19.0	14.0	14.0	5.0	12.0	13.0	23.0	9.0	24.00.0	0.0	0.0	0.0	32.0	0.0	13.0	14.0	0.0
	3p	-	6	18869.0	8689.0	10669.0	15611.0	53838.0	29.0	32.0	35.0	23.0	8.0	22.0	4.0	16.0	15.0	15.0	8.0	26.00.0	0.0	0.0	0.0	36.0	0.0	18.0	18.0	0.0
	3p	-	7	17891.0	9520.0	10234.0	16194.0	53839.0	21.0	34.0	32.0	18.0	17.0	13.0	3.0	11.0	10.0	12.0	9.0	18.00.0	0.0	0.0	0.0	41.0	0.0	19.0	23.0	0.0
	3p	-	8	18101.0	9581.0	10152.0	16007.0	53841.0	18.0	46.0	32.0	22.0	7.0	20.0	5.0	9.0	5.0	16.0	6.0	19.00.0	0.0	0.0	0.0	48.0	0.0	14.0	21.0	0.0
	3p	-	9	17690.0	9798.0	10376.0	15979.0	53843.0	23.0	50.0	30.0	12.0	8.0	12.0	4.0	9.0	4.0	12.0	8.0	21.00.0	0.0	0.0	0.0	55.0	0.0	22.0	27.0	0.0
	3p	-	10	17301.0	10067.0	10190.0	16265.0	53823.0	22.0	39.0	23.0	19.0	5.0	10.0	8.0	8.0	9.0	11.0	7.0	19.00.0	0.0	0.0	0.0	60.0	0.0	25.0	20.0	0.0
	3p	-	11	17075.0	10205.0	10251.0	16267.0	53798.0	31.0	42.0	34.0	21.0	11.0	12.0	5.0	8.0	7.0	15.0	7.0	25.00.0	0.0	0.0	0.0	64.0	0.0	36.0	27.0	0.0
	3p	-	12	16939.0	10223.0	10288.0	16354.0	53804.0	14.0	37.0	25.0	11.0	12.0	12.0	5.0	10.0	8.0	5.0	6.0	13.00.0	0.0	0.0	0.0	70.0	0.0	30.0	28.0	0.0
	3p	-	13	17198.0	10047.0	10147.0	16407.0	53799.0	22.0	28.0	25.0	27.0	6.0	9.0	6.0	4.0	4.0	12.0	6.0	20.00.0	0.0	0.0	0.0	75.0	0.0	24.0	36.0	0.0
	3p	-	14	17140.0	10162.0	10251.0	16266.0	53819.0	19.0	38.0	35.0	18.0	12.0	15.0	7.0	7.0	13.0	10.0	7.0	18.00.0	0.0	0.0	0.0	54.0	0.0	25.0	25.0	0.0
	3p	-	15	17099.0	10128.0	10479.0	16103.0	53809.0	20.0	42.0	27.0	23.0	4.0	12.0	7.0	13.0	5.0	14.0	9.0	25.00.0	0.0	0.0	0.0	68.0	0.0	30.0	25.0	0.0
	3p	-	16	17006.0	10217.0	10355.0	16219.0	53797.0	24.0	24.0	32.0	14.0	11.0	14.0	5.0	7.0	7.0	6.0	7.0	19.00.0	0.0	0.0	0.0	62.0	0.0	32.0	34.0	0.0
	3p	-	17	16932.0	10165.0	10279.0	16428.0	53804.0	18.0	46.0	17.0	19.0	13.0	13.0	3.0	5.0	8.0	8.0	6.0	18.00.0	0.0	0.0	0.0	65.0	0.0	33.0	36.0	0.0
	3p	-	18	16923.0	10276.0	10253.0	16369.0	53821.0	28.0	28.0	31.0	17.0	11.0	11.0	1.0	16.0	7.0	9.0	6.0	16.00.0	0.0	0.0	0.0	53.0	0.0	36.0	28.0	0.0
	3p	-	19	16758.0	10336.0	10304.0	16413.0	53811.0	21.0	30.0	21.0	22.0	13.0	8.0	7.0	4.0	7.0	13.0	8.0	9.00.0	0.0	0.0	0.0	58.0	0.0	49.0	32.0	0.0
	3p	-	20	16570.0	10337.0	10399.0	16475.0	53781.0	21.0	37.0	24.0	21.0	9.0	9.0	7.0	7.0	11.0	15.0	8.0	16.00.0	0.0	0.0	0.0	64.0	0.0	35.0	32.0	0.0
	3p	-	21	16638.0	10276.0	10420.0	16467.0	53801.0	24.0	25.0	17.0	17.0	10.0	15.0	7.0	10.0	12.0	14.0	11.0	17.00.0	0.0	0.0	0.0	53.0	0.0	35.0	32.0	0.0
	3p	-	22	16739.0	10222.0	10278.0	16556.0	53795.0	25.0	36.0	26.0	16.0	10.0	16.0	5.0	6.0	8.0	13.0	8.0	16.00.0	0.0	0.0	0.0	60.0	0.0	37.0	40.0	0.0
	3p	-	23	16940.0	10249.0	10249.0	16386.0	53824.0	20.0	42.0	36.0	19.0	5.0	8.0	5.0	8.0	8.0	10.0	9.0	16.00.0	0.0	0.0	0.0	48.0	0.0	23.0	23.0	0.0
	3p	-	24	16966.0	10233.0	10225.0	16386.0	53810.0	18.0	33.0	31.0	24.0	6.0	13.0	14.0	4.0	9.0	17.0	7.0	20.00.0	0.0	0.0	0.0	64.0	0.0	29.0	32.0	0.0
	3p	-	25	17159.0	10103.0	10293.0	16272.0	53827.0	14.0	38.0	23.0	25.0	12.0	8.0	6.0	11.0	9.0	7.0	9.0	18.00.0	0.0	0.0	0.0	57.0	0.0	33.0	29.0	0.0
	3p	-	26	16874.0	10321.0	10396.0	16240.0	53831.0	15.0	32.0	21.0	17.0	5.0	15.0	8.0	13.0	9.0	14.0	5.0	22.00.0	0.0	0.0	0.0	54.0	0.0	35.0	22.0	0.0
	3p	-	27	16915.0	10311.0	10197.0	16420.0	53843.0	23.0	32.0	31.0	16.0	8.0	12.0	3.0	12.0	7.0	9.0	6.0	16.00.0	0.0	0.0	0.0	54.0	0.0	20.0	30.0	0.0
	3p	-	28	17059.0	10174.0	10286.0	16346.0	53865.0	22.0	39.0	21.0	21.0	11.0	8.0	3.0	12.0	8.0	11.0	5.0	20.00.0	0.0	0.0	0.0	49.0	0.0	18.0	20.0	0.0
	3p	-	29	16715.0	10141.0	10474.0	16527.0	53857.0	26.0	29.0	39.0	34.0	10.0	15.0	5.0	18.0	12.0	12.0	9.0	26.00.0	0.0	0.0	0.0	29.0	0.0	27.0	29.0	0.0
	3p	-	30	16908.0	10150.0	10324.0	16469.0	53851.0	24.0	61.0	26.0	30.0	10.0	27.0	12.0	18.0	6.0	24.0	7.0	29.00.0	0.0	0.0	0.0	33.0	0.0	24.0	21.0	0.0
	3p	-	31	16412.0	9690.0	10108.0	16024.0	52234.0	39.0	67.0	31.0	23.0	8.0	22.0	6.0	12.0	7.0	16.0	8.0	18.00.0	0.0	0.0	0.0	42.0	0.0	20.0	22.0	0.0
	3p	-	32	15808.0	9463.0	9675.0	15757.0	50703.0	19.0	52.0	33.0	28.0	13.0	11.0	3.0	11.0	6.0	23.0	5.0	12.00.0	0.0	0.0	0.0	50.0	0.0	22.0	21.0	0.0
	3p	-	33	15500.0	9305.0	9458.0	14877.0	49140.0	24.0	59.0	45.0	17.0	13.0	9.0	6.0	7.0	7.0	13.0	2.0	14.00.0	0.0	0.0	0.0	37.0	0.0	14.0	24.0	0.0
	3p	-	34	15184.0	8881.0	9179.0	14424.0	47668.0	32.0	50.0	28.0	24.0	12.0	16.0	3.0	5.0	15.0	16.0	3.0	25.00.0	0.0	0.0	0.0	29.0	0.0	16.0	19.0	0.0
	3p	-	35	14736.0	8650.0	8853.0	14010.0	46249.0	26.0	45.0	38.0	18.0	10.0	16.0	8.0	4.0	6.0	22.0	5.0	29.00.0	0.0	0.0	0.0	34.0	0.0	11.0	17.0	0.0
	3p	-	36	14211.0	8375.0	8599.0	13577.0	44762.0	21.0	62.0	33.0	18.0	16.0	18.0	7.0	7.0	8.0	15.0	5.0	20.00.0	0.0	0.0	0.0	31.0	0.0	20.0	24.0	0.0
	3p	-	37	13836.0	7995.0	8314.0	13074.0	43219.0	12.0	43.0	46.0	18.0	9.0	16.0	7.0	7.0	5.0	19.0	6.0	14.00.0	0.0	0.0	0.0	32.0	0.0	17.0	18.0	0.0
	3p	-	38	13268.0	7748.0	8034.0	12639.0	41689.0	29.0	50.0	24.0	20.0	5.0	20.0	5.0	9.0	10.0	12.0	6.0	17.00.0	0.0	0.0	0.0	34.0	0.0	9.0	11.0	0.0
	3p	-	39	12992.0	7324.0	7598.0	12335.0	40249.0	27.0	36.0	21.0	15.0	9.0	14.0	3.0	8.0	7.0	16.0	4.0	18.00.0	0.0	0.0	0.0	28.0	0.0	14.0	13.0	0.0
	3p	-	40	12141.0	7281.0	7511.0	11820.0	38753.0	22.0	45.0	35.0	14.0	9.0	20.0	6.0	11.0	12.0	15.0	1.0	19.00.0	0.0	0.0	0.0	34.0	0.0	13.0	10.0	0.0
	3p	-	41	11791.0	6847.0	7095.0	11477.0	37210.0	20.0	51.0	25.0	14.0	8.0	14.0	5.0	18.0	6.0	20.0	5.0	16.00.0	0.0	0.0	0.0	27.0	0.0	14.0	16.0	0.0
	3p	-	42	11291.0	6628.0	6786.0	10984.0	35689.0	20.0	40.0	38.0	15.0	5.0	15.0	5.0	8.0	10.0	19.0	5.0	9.00.0	0.0	0.0	0.0	28.0	0.0	10.0	14.0	0.0
	3p	-	43	10896.0	6223.0	6518.0	10504.0	34141.0	21.0	47.0	21.0	13.0	10.0	21.0	12.0	5.0	8.0	22.0	1.0	17.00.0	0.0	0.0	0.0	23.0	0.0	5.0	13.0	0.0
	3p	-	44	10438.0	5899.0	6327.0	9962.0	32626.0	19.0	48.0	17.0	14.0	9.0	22.0	4.0	8.0	5.0	27.0	1.0	18.00.0	0.0	0.0	0.0	16.0	0.0	18.0	12.0	0.0
	3p	-	45	9916.0	5728.0	5947.0	9564.0	31155.0	15.0	39.0	22.0	18.0	4.0	21.0	6.0	9.0	5.0	19.0	3.0	8.00.0	0.0	0.0	0.0	18.0	0.0	8.0	11.0	0.0
	3p	-	46	9598.0	5514.0	5694.0	8949.0	29755.0	14.0	45.0	18.0	13.0	5.0	13.0	4.0	17.0	6.0	16.0	3.0	16.00.0	0.0	0.0	0.0	22.0	0.0	8.0	7.0	0.0
	3p	-	47	9101.0	5361.0	5337.0	8598.0	28397.0	18.0	35.0	25.0	17.0	7.0	16.0	5.0	4.0	4.0	14.0	5.0	14.00.0	0.0	0.0	0.0	22.0	0.0	7.0	5.0	0.0
	3p	-	48	8746.0	5008.0	5228.0	8089.0	27071.0	10.0	32.0	16.0	8.0	8.0	9.0	6.0	6.0	8.0	9.0	6.0	10.00.0	0.0	0.0	0.0	17.0	0.0	8.0	8.0	0.0
	3p	-	49	8197.0	4879.0	5016.0	7749.0	25841.0	18.0	41.0	19.0	11.0	5.0	18.0	4.0	11.0	6.0	19.0	2.0	10.00.0	0.0	0.0	0.0	12.0	0.0	6.0	5.0	0.0
	3p	-	50	7916.0	4472.0	4676.0	7615.0	24679.0	11.0	41.0	18.0	10.0	10.0	17.0	2.0	5.0	5.0	17.0	4.0	15.00.0	0.0	0.0	0.0	9.0	0.0	3.0	5.0	0.0
	3p	-	51	7326.0	4452.0	4457.0	7196.0	23431.0	13.0	41.0	13.0	12.0	6.0	12.0	2.0	11.0	7.0	9.0	3.0	10.00.0	0.0	0.0	0.0	7.0	0.0	10.0	9.0	0.0
	3p	-	52	7144.0	4129.0	4196.0	6852.0	22321.0	17.0	28.0	12.0	15.0	5.0	11.0	2.0	6.0	6.0	13.0	2.0	8.00.0	0.0	0.0	0.0	13.0	0.0	4.0	8.0	0.0
	3p	-	53	6864.0	3829.0	3997.0	6475.0	21165.0	9.0	33.0	13.0	9.0	4.0	8.0	2.0	4.0	8.0	10.0	2.0	7.00.0	0.0	0.0	0.0	7.0	0.0	7.0	6.0	0.0
	3p	-	54	6458.0	3769.0	3711.0	6185.0	20123.0	5.0	22.0	12.0	13.0	3.0	9.0	5.0	7.0	1.0	16.0	4.0	10.00.0	0.0	0.0	0.0	9.0	0.0	6.0	4.0	0.0
	3p	-	55	6020.0	3616.0	3602.0	5938.0	19176.0	12.0	21.0	16.0	9.0	2.0	12.0	6.0	7.0	5.0	7.0	1.0	8.00.0	0.0	0.0	0.0	12.0	0.0	3.0	2.0	0.0
	3p	-	56	5754.0	3337.0	3498.0	5698.0	18287.0	8.0	28.0	12.0	11.0	3.0	7.0	4.0	6.0	4.0	14.0	1.0	9.00.0	0.0	0.0	0.0	8.0	0.0	3.0	4.0	0.0
	3p	-	57	5625.0	3205.0	3361.0	5226.0	17417.0	8.0	24.0	10.0	11.0	3.0	6.0	4.0	4.0	2.0	8.0	2.0	10.00.0	0.0	0.0	0.0	7.0	0.0	3.0	4.0	0.0
	3p	-	58	5236.0	3152.0	3062.0	5162.0	16612.0	6.0	29.0	10.0	6.0	4.0	3.0	4.0	3.0	4.0	5.0	4.0	10.00.0	0.0	0.0	0.0	11.0	0.0	3.0	4.0	0.0
	3p	-	59	5076.0	3001.0	2968.0	4815.0	15860.0	13.0	12.0	10.0	7.0	4.0	6.0	2.0	5.0	8.0	12.0	4.0	6.00.0	0.0	0.0	0.0	6.0	0.0	2.0	7.0	0.0
	3p	-	60	4718.0	2827.0	2907.0	4639.0	15091.0	7.0	20.0	11.0	8.0	1.0	4.0	2.0	7.0	5.0	8.0	0.0	10.00.0	0.0	0.0	0.0	8.0	0.0	1.0	6.0	0.0
	3p	-	61	4533.0	2660.0	2768.0	4408.0	14369.0	11.0	24.0	14.0	3.0	0.0	7.0	2.0	2.0	3.0	6.0	2.0	5.00.0	0.0	0.0	0.0	3.0	0.0	4.0	1.0	0.0
	3p	-	62	4362.0	2499.0	2597.0	4157.0	13615.0	12.0	27.0	14.0	4.0	4.0	3.0	1.0	4.0	2.0	4.0	2.0	10.00.0	0.0	0.0	0.0	6.0	0.0	2.0	0.0	0.0
	3p	-	63	4089.0	2391.0	2520.0	3953.0	12953.0	5.0	9.0	10.0	3.0	6.0	9.0	5.0	6.0	4.0	6.0	0.0	8.00.0	0.0	0.0	0.0	4.0	0.0	4.0	0.0	0.0
	3p	-	64	3858.0	2327.0	2390.0	3723.0	12298.0	5.0	17.0	11.0	6.0	3.0	3.0	0.0	6.0	5.0	7.0	0.0	8.00.0	0.0	0.0	0.0	3.0	0.0	3.0	4.0	0.0
	3p	-	65	3674.0	2206.0	2222.0	3626.0	11728.0	11.0	19.0	1.0	2.0	3.0	5.0	0.0	7.0	1.0	6.0	0.0	6.00.0	0.0	0.0	0.0	3.0	0.0	1.0	3.0	0.0
	3p	-	66	3519.0	2084.0	2135.0	3436.0	11174.0	5.0	13.0	8.0	4.0	10.0	9.0	1.0	1.0	4.0	6.0	2.0	9.00.0	0.0	0.0	0.0	7.0	0.0	3.0	2.0	0.0
	3p	-	67	3372.0	2039.0	2067.0	3200.0	10678.0	4.0	18.0	10.0	6.0	1.0	5.0	3.0	2.0	6.0	10.0	0.0	5.00.0	0.0	0.0	0.0	5.0	0.0	2.0	1.0	0.0
	3p	-	68	3267.0	1977.0	1949.0	3017.0	10210.0	5.0	22.0	8.0	3.0	0.0	8.0	2.0	2.0	4.0	6.0	2.0	3.00.0	0.0	0.0	0.0	1.0	0.0	2.0	1.0	0.0
	3p	-	69	3052.0	1847.0	1892.0	2975.0	9766.0	3.0	8.0	3.0	7.0	0.0	6.0	2.0	5.0	5.0	11.0	3.0	3.00.0	0.0	0.0	0.0	0.0	0.0	1.0	2.0	0.0
	3p	-	70	2858.0	1734.0	1832.0	2912.0	9336.0	6.0	14.0	6.0	2.0	2.0	4.0	2.0	3.0	1.0	6.0	3.0	5.00.0	0.0	0.0	0.0	2.0	0.0	1.0	3.0	0.0
	3p	-	71	2811.0	1651.0	1737.0	2722.0	8921.0	5.0	7.0	7.0	2.0	3.0	4.0	0.0	3.0	2.0	6.0	2.0	3.00.0	0.0	0.0	0.0	3.0	0.0	0.0	2.0	0.0
	3p	-	72	2618.0	1629.0	1623.0	2648.0	8518.0	5.0	11.0	10.0	2.0	2.0	2.0	0.0	2.0	1.0	2.0	1.0	3.00.0	0.0	0.0	0.0	3.0	0.0	1.0	0.0	0.0
	3p	-	73	2557.0	1549.0	1548.0	2512.0	8166.0	3.0	13.0	5.0	4.0	5.0	3.0	3.0	1.0	2.0	2.0	1.0	2.00.0	0.0	0.0	0.0	2.0	0.0	0.0	0.0	0.0
	3p	-	74	2374.0	1513.0	1479.0	2393.0	7759.0	3.0	13.0	7.0	5.0	3.0	1.0	1.0	2.0	3.0	4.0	0.0	3.00.0	0.0	0.0	0.0	3.0	0.0	0.0	0.0	0.0
	3p	-	75	2370.0	1369.0	1409.0	2279.0	7427.0	5.0	14.0	4.0	6.0	3.0	10.0	2.0	5.0	4.0	2.0	0.0	3.00.0	0.0	0.0	0.0	1.0	0.0	1.0	1.0	0.0
	3p	-	76	2182.0	1441.0	1343.0	2146.0	7112.0	5.0	10.0	6.0	5.0	2.0	1.0	0.0	1.0	1.0	1.0	0.0	3.00.0	0.0	0.0	0.0	4.0	0.0	2.0	1.0	0.0
	3p	-	77	2175.0	1269.0	1275.0	2119.0	6838.0	3.0	6.0	3.0	3.0	1.0	3.0	1.0	0.0	0.0	3.0	0.0	6.00.0	0.0	0.0	0.0	4.0	0.0	2.0	2.0	0.0
	3p	-	78	1977.0	1305.0	1291.0	1978.0	6551.0	4.0	10.0	3.0	8.0	2.0	4.0	4.0	2.0	0.0	12.0	0.0	3.00.0	0.0	0.0	0.0	2.0	0.0	1.0	2.0	0.0
	3p	-	79	1918.0	1227.0	1183.0	1971.0	6299.0	3.0	7.0	1.0	4.0	1.0	1.0	3.0	4.0	1.0	5.0	0.0	0.00.0	0.0	0.0	0.0	2.0	0.0	1.0	3.0	0.0
	3p	-	80	1891.0	1197.0	1135.0	1826.0	6049.0	1.0	10.0	0.0	3.0	1.0	7.0	1.0	1.0	1.0	6.0	0.0	2.00.0	0.0	0.0	0.0	3.0	0.0	0.0	1.0	0.0
	3p	-	81	1790.0	1124.0	1093.0	1775.0	5782.0	3.0	6.0	0.0	4.0	0.0	4.0	1.0	2.0	2.0	1.0	3.0	5.00.0	0.0	0.0	0.0	1.0	0.0	1.0	3.0	0.0
	3p	-	82	1725.0	1111.0	1062.0	1645.0	5543.0	2.0	8.0	0.0	2.0	0.0	6.0	0.0	4.0	0.0	6.0	2.0	3.00.0	0.0	0.0	0.0	1.0	0.0	0.0	0.0	0.0
	3p	-	83	1635.0	1032.0	1012.0	1653.0	5332.0	5.0	10.0	3.0	3.0	2.0	1.0	0.0	1.0	2.0	2.0	0.0	3.00.0	0.0	0.0	0.0	0.0	0.0	0.0	1.0	0.0
	3p	-	84	1565.0	1014.0	979.0	1563.0	5121.0	2.0	7.0	4.0	1.0	2.0	0.0	1.0	1.0	3.0	3.0	0.0	4.00.0	0.0	0.0	0.0	1.0	0.0	0.0	0.0	0.0
	3p	-	85	1495.0	929.0	942.0	1562.0	4928.0	6.0	6.0	3.0	3.0	2.0	3.0	0.0	1.0	1.0	2.0	0.0	3.00.0	0.0	0.0	0.0	0.0	0.0	2.0	0.0	0.0
	3p	-	86	1506.0	881.0	869.0	1517.0	4773.0	1.0	3.0	1.0	3.0	0.0	1.0	1.0	1.0	1.0	1.0	0.0	3.00.0	0.0	0.0	0.0	0.0	0.0	1.0	1.0	0.0
	3p	-	87	1425.0	890.0	910.0	1374.0	4599.0	4.0	1.0	4.0	1.0	0.0	3.0	0.0	2.0	0.0	1.0	0.0	0.00.0	0.0	0.0	0.0	2.0	0.0	0.0	1.0	0.0
	3p	-	88	1391.0	908.0	844.0	1286.0	4429.0	2.0	7.0	2.0	2.0	2.0	5.0	1.0	0.0	1.0	0.0	0.0	3.00.0	0.0	0.0	0.0	1.0	0.0	2.0	0.0	0.0
	3p	-	89	1310.0	842.0	866.0	1256.0	4274.0	2.0	5.0	3.0	3.0	0.0	1.0	1.0	3.0	1.0	0.0	0.0	3.00.0	0.0	0.0	0.0	0.0	0.0	1.0	1.0	0.0
	3p	-	90	1251.0	802.0	794.0	1257.0	4104.0	3.0	3.0	2.0	0.0	2.0	2.0	1.0	1.0	1.0	3.0	0.0	1.00.0	0.0	0.0	0.0	0.0	0.0	2.0	0.0	0.0
	3p	-	91	1268.0	760.0	796.0	1142.0	3966.0	3.0	6.0	5.0	1.0	3.0	1.0	0.0	1.0	1.0	1.0	0.0	3.00.0	0.0	0.0	0.0	1.0	0.0	0.0	0.0	0.0
	3p	-	92	1214.0	702.0	733.0	1197.0	3846.0	1.0	3.0	4.0	1.0	0.0	0.0	0.0	0.0	1.0	4.0	0.0	1.00.0	0.0	0.0	0.0	1.0	0.0	0.0	0.0	0.0
	3p	-	93	1131.0	781.0	675.0	1131.0	3718.0	0.0	5.0	1.0	0.0	0.0	0.0	1.0	0.0	2.0	2.0	0.0	0.00.0	0.0	0.0	0.0	0.0	0.0	0.0	1.0	0.0
	3p	-	94	1073.0	750.0	730.0	1060.0	3613.0	0.0	2.0	1.0	3.0	3.0	1.0	0.0	0.0	1.0	0.0	0.0	2.00.0	0.0	0.0	0.0	0.0	0.0	0.0	0.0	0.0
	3p	-	95	1080.0	685.0	656.0	1055.0	3476.0	3.0	1.0	1.0	1.0	1.0	2.0	0.0	0.0	2.0	2.0	0.0	0.00.0	0.0	0.0	0.0	0.0	0.0	1.0	0.0	0.0
	3p	-	96	1024.0	652.0	626.0	1055.0	3357.0	4.0	3.0	3.0	1.0	0.0	1.0	0.0	0.0	0.0	2.0	0.0	3.00.0	0.0	0.0	0.0	0.0	0.0	0.0	1.0	0.0
	3p	-	97	964.0	660.0	643.0	993.0	3260.0	3.0	4.0	2.0	1.0	0.0	2.0	1.0	1.0	1.0	1.0	0.0	2.00.0	0.0	0.0	0.0	0.0	0.0	1.0	0.0	0.0
	3p	-	98	966.0	611.0	593.0	995.0	3165.0	3.0	5.0	1.0	1.0	0.0	0.0	0.0	2.0	0.0	0.0	0.0	0.00.0	0.0	0.0	0.0	0.0	0.0	1.0	2.0	0.0
	3p	-	99	906.0	621.0	589.0	952.0	3068.0	0.0	1.0	2.0	1.0	0.0	0.0	0.0	1.0	1.0	1.0	0.0	2.00.0	0.0	0.0	0.0	1.0	0.0	0.0	0.0	0.0
	3p	-	100	941.0	565.0	529.0	937.0	2972.0	0.0	1.0	1.0	0.0	0.0	3.0	0.0	1.0	0.0	3.0	0.0	1.00.0	0.0	0.0	0.0	1.0	0.0	0.0	0.0	0.0
	5p	+	1	18618.0	9624.0	9021.0	16605.0	53868.0	134.0	697.0	193.0	75.0	86.0	199.0	40.0	125.0	62.0	205.0	21.0	124.00.0	0.0	0.0	0.0	0.0	0.0	0.0	0.0	0.0
	5p	+	2	18229.0	8417.0	10437.0	16882.0	53965.0	97.0	177.0	106.0	54.0	57.0	112.0	22.0	56.0	46.0	122.0	16.0	87.00.0	0.0	0.0	0.0	0.0	0.0	1.0	3.0	0.0
	5p	+	3	17923.0	8993.0	10670.0	16437.0	54023.0	55.0	98.0	66.0	36.0	31.0	57.0	18.0	46.0	24.0	61.0	11.0	47.00.0	0.0	0.0	0.0	5.0	0.0	6.0	2.0	0.0
	5p	+	4	17112.0	10206.0	11045.0	15693.0	54056.0	32.0	63.0	44.0	31.0	27.0	29.0	12.0	23.0	19.0	35.0	17.0	27.00.0	0.0	0.0	0.0	17.0	0.0	4.0	12.0	0.0
	5p	+	5	16903.0	10031.0	10848.0	16280.0	54062.0	33.0	70.0	40.0	26.0	7.0	15.0	8.0	14.0	12.0	25.0	8.0	22.00.0	0.0	0.0	0.0	31.0	0.0	20.0	23.0	0.0
	5p	+	6	16346.0	10509.0	11195.0	16071.0	54121.0	32.0	44.0	32.0	28.0	15.0	12.0	7.0	13.0	6.0	11.0	8.0	27.00.0	0.0	0.0	0.0	22.0	0.0	22.0	29.0	0.0
	5p	+	7	17096.0	10119.0	10567.0	16355.0	54137.0	24.0	43.0	29.0	20.0	8.0	16.0	5.0	6.0	6.0	15.0	15.0	14.00.0	0.0	0.0	0.0	37.0	0.0	17.0	22.0	0.0
	5p	+	8	17496.0	10102.0	10399.0	16138.0	54135.0	28.0	53.0	26.0	19.0	11.0	12.0	6.0	12.0	10.0	9.0	6.0	16.00.0	0.0	0.0	0.0	44.0	0.0	25.0	18.0	0.0
	5p	+	9	17489.0	10071.0	10196.0	16369.0	54125.0	23.0	36.0	30.0	22.0	11.0	11.0	3.0	13.0	11.0	9.0	6.0	20.00.0	0.0	0.0	0.0	53.0	0.0	21.0	20.0	0.0
	5p	+	10	17044.0	10338.0	10098.0	16655.0	54135.0	18.0	42.0	27.0	18.0	9.0	17.0	9.0	12.0	8.0	17.0	10.0	11.00.0	0.0	0.0	0.0	38.0	0.0	19.0	22.0	0.0
	5p	+	11	17041.0	10424.0	10047.0	16627.0	54139.0	20.0	35.0	19.0	17.0	10.0	12.0	4.0	6.0	8.0	8.0	10.0	17.00.0	0.0	0.0	0.0	38.0	0.0	23.0	14.0	0.0
	5p	+	12	16933.0	10265.0	10359.0	16562.0	54119.0	23.0	19.0	22.0	23.0	10.0	10.0	7.0	9.0	10.0	7.0	4.0	17.00.0	0.0	0.0	0.0	45.0	0.0	21.0	28.0	0.0
	5p	+	13	17076.0	10345.0	10333.0	16359.0	54113.0	26.0	33.0	19.0	20.0	14.0	12.0	3.0	7.0	9.0	15.0	11.0	13.00.0	0.0	0.0	0.0	62.0	0.0	25.0	32.0	0.0
	5p	+	14	17018.0	10327.0	10256.0	16515.0	54116.0	20.0	34.0	19.0	19.0	8.0	10.0	4.0	10.0	8.0	9.0	8.0	16.00.0	0.0	0.0	0.0	48.0	0.0	23.0	24.0	0.0
	5p	+	15	16816.0	10399.0	10374.0	16533.0	54122.0	20.0	39.0	34.0	21.0	10.0	11.0	6.0	11.0	12.0	14.0	8.0	17.00.0	0.0	0.0	0.0	46.0	0.0	13.0	36.0	0.0
	5p	+	16	16912.0	10492.0	10293.0	16420.0	54117.0	20.0	32.0	29.0	16.0	8.0	15.0	8.0	5.0	13.0	11.0	3.0	12.00.0	0.0	0.0	0.0	48.0	0.0	30.0	23.0	0.0
	5p	+	17	16874.0	10358.0	10451.0	16431.0	54114.0	8.0	42.0	21.0	22.0	9.0	9.0	6.0	6.0	11.0	12.0	7.0	13.00.0	0.0	0.0	0.0	41.0	0.0	30.0	30.0	0.0
	5p	+	18	16903.0	10414.0	10292.0	16487.0	54096.0	15.0	43.0	14.0	21.0	7.0	6.0	4.0	7.0	11.0	13.0	9.0	10.00.0	0.0	0.0	0.0	61.0	0.0	25.0	32.0	0.0
	5p	+	19	16875.0	10335.0	10326.0	16583.0	54119.0	15.0	38.0	27.0	22.0	8.0	10.0	3.0	8.0	9.0	9.0	6.0	19.00.0	0.0	0.0	0.0	53.0	0.0	36.0	22.0	0.0
	5p	+	20	16915.0	10311.0	10418.0	16473.0	54117.0	15.0	31.0	28.0	12.0	11.0	15.0	1.0	10.0	10.0	6.0	12.0	23.00.0	0.0	0.0	0.0	54.0	0.0	25.0	25.0	0.0
	5p	+	21	16743.0	10419.0	10351.0	16601.0	54114.0	16.0	33.0	25.0	20.0	12.0	11.0	4.0	9.0	5.0	10.0	2.0	13.00.0	0.0	0.0	0.0	41.0	0.0	29.0	29.0	0.0
	5p	+	22	16804.0	10328.0	10325.0	16653.0	54110.0	23.0	39.0	28.0	21.0	8.0	12.0	8.0	12.0	7.0	12.0	3.0	17.00.0	0.0	0.0	0.0	58.0	0.0	26.0	24.0	0.0
	5p	+	23	16910.0	10452.0	10431.0	16313.0	54106.0	12.0	33.0	32.0	23.0	6.0	9.0	7.0	6.0	10.0	12.0	6.0	8.00.0	0.0	0.0	0.0	48.0	0.0	33.0	32.0	0.0
	5p	+	24	16867.0	10397.0	10276.0	16575.0	54115.0	25.0	34.0	25.0	18.0	5.0	9.0	5.0	8.0	8.0	8.0	2.0	18.00.0	0.0	0.0	0.0	49.0	0.0	24.0	33.0	0.0
	5p	+	25	17127.0	10193.0	10382.0	16409.0	54111.0	19.0	28.0	35.0	18.0	6.0	10.0	4.0	10.0	10.0	7.0	8.0	17.00.0	0.0	0.0	0.0	52.0	0.0	25.0	25.0	0.0
	5p	+	26	17079.0	10243.0	10455.0	16355.0	54132.0	12.0	40.0	28.0	22.0	2.0	8.0	5.0	6.0	9.0	10.0	3.0	19.00.0	0.0	0.0	0.0	51.0	0.0	18.0	23.0	0.0
	5p	+	27	17503.0	10154.0	10414.0	16052.0	54123.0	20.0	38.0	25.0	17.0	6.0	15.0	5.0	7.0	9.0	13.0	4.0	18.00.0	0.0	0.0	0.0	52.0	0.0	14.0	30.0	0.0
	5p	+	28	17400.0	10015.0	10574.0	16141.0	54130.0	16.0	39.0	29.0	21.0	6.0	10.0	4.0	4.0	4.0	13.0	12.0	21.00.0	0.0	0.0	0.0	39.0	0.0	27.0	19.0	0.0
	5p	+	29	17309.0	10189.0	10349.0	16295.0	54142.0	17.0	53.0	25.0	15.0	9.0	12.0	6.0	4.0	9.0	14.0	10.0	21.00.0	0.0	0.0	0.0	34.0	0.0	15.0	17.0	0.0
	5p	+	30	17493.0	10092.0	10319.0	16237.0	54141.0	23.0	86.0	48.0	16.0	7.0	14.0	7.0	4.0	10.0	10.0	7.0	25.00.0	0.0	0.0	0.0	40.0	0.0	18.0	15.0	0.0
	5p	+	31	16757.0	9789.0	10198.0	15721.0	52465.0	29.0	68.0	27.0	20.0	8.0	6.0	2.0	11.0	5.0	19.0	4.0	15.00.0	0.0	0.0	0.0	49.0	0.0	17.0	13.0	0.0
	5p	+	32	16322.0	9480.0	9741.0	15334.0	50877.0	25.0	92.0	31.0	18.0	5.0	6.0	3.0	6.0	9.0	8.0	6.0	16.00.0	0.0	0.0	0.0	46.0	0.0	20.0	18.0	0.0
	5p	+	33	16109.0	9226.0	9314.0	14755.0	49404.0	25.0	86.0	26.0	15.0	5.0	7.0	4.0	5.0	3.0	8.0	6.0	10.00.0	0.0	0.0	0.0	29.0	0.0	25.0	17.0	0.0
	5p	+	34	15393.0	8931.0	9270.0	14336.0	47930.0	27.0	86.0	23.0	15.0	2.0	11.0	7.0	7.0	7.0	11.0	4.0	15.00.0	0.0	0.0	0.0	29.0	0.0	19.0	17.0	0.0
	5p	+	35	15161.0	8580.0	8867.0	13887.0	46495.0	25.0	77.0	23.0	22.0	3.0	8.0	4.0	11.0	1.0	10.0	9.0	12.00.0	0.0	0.0	0.0	41.0	0.0	20.0	13.0	0.0
	5p	+	36	14810.0	8104.0	8642.0	13404.0	44960.0	30.0	69.0	26.0	11.0	6.0	15.0	3.0	6.0	2.0	16.0	3.0	15.00.0	0.0	0.0	0.0	46.0	0.0	13.0	19.0	0.0
	5p	+	37	14299.0	7959.0	8288.0	12885.0	43431.0	23.0	82.0	22.0	17.0	6.0	10.0	4.0	7.0	6.0	15.0	7.0	9.00.0	0.0	0.0	0.0	27.0	0.0	18.0	19.0	0.0
	5p	+	38	13804.0	7632.0	8100.0	12368.0	41904.0	13.0	73.0	31.0	15.0	5.0	6.0	5.0	12.0	4.0	9.0	7.0	16.00.0	0.0	0.0	0.0	31.0	0.0	11.0	18.0	0.0
	5p	+	39	13513.0	7258.0	7637.0	11991.0	40399.0	27.0	89.0	26.0	15.0	5.0	12.0	4.0	6.0	7.0	11.0	7.0	13.00.0	0.0	0.0	0.0	21.0	0.0	19.0	17.0	0.0
	5p	+	40	12730.0	7126.0	7569.0	11406.0	38831.0	15.0	92.0	21.0	21.0	6.0	13.0	5.0	16.0	2.0	12.0	1.0	10.00.0	0.0	0.0	0.0	23.0	0.0	12.0	11.0	0.0
	5p	+	41	12307.0	6877.0	7017.0	11058.0	37259.0	19.0	86.0	21.0	18.0	10.0	15.0	5.0	10.0	6.0	10.0	4.0	11.00.0	0.0	0.0	0.0	33.0	0.0	11.0	14.0	0.0
	5p	+	42	11653.0	6553.0	6784.0	10765.0	35755.0	19.0	76.0	24.0	13.0	11.0	6.0	2.0	8.0	9.0	11.0	6.0	17.00.0	0.0	0.0	0.0	31.0	0.0	13.0	17.0	0.0
	5p	+	43	11249.0	6198.0	6384.0	10403.0	34234.0	16.0	95.0	22.0	14.0	8.0	15.0	5.0	12.0	8.0	14.0	5.0	6.00.0	0.0	0.0	0.0	23.0	0.0	14.0	10.0	0.0
	5p	+	44	10620.0	5987.0	6243.0	9894.0	32744.0	18.0	76.0	21.0	16.0	7.0	14.0	4.0	12.0	6.0	15.0	3.0	7.00.0	0.0	0.0	0.0	24.0	0.0	16.0	9.0	0.0
	5p	+	45	10321.0	5731.0	5844.0	9336.0	31232.0	19.0	79.0	9.0	18.0	3.0	9.0	2.0	10.0	8.0	10.0	5.0	14.00.0	0.0	0.0	0.0	23.0	0.0	7.0	10.0	0.0
	5p	+	46	9846.0	5449.0	5599.0	8924.0	29818.0	12.0	83.0	16.0	12.0	4.0	12.0	4.0	7.0	5.0	10.0	3.0	9.00.0	0.0	0.0	0.0	18.0	0.0	10.0	7.0	0.0
	5p	+	47	9639.0	5007.0	5425.0	8421.0	28492.0	18.0	72.0	19.0	7.0	7.0	13.0	2.0	9.0	5.0	15.0	6.0	9.00.0	0.0	0.0	0.0	17.0	0.0	7.0	10.0	0.0
	5p	+	48	8906.0	4902.0	5295.0	8113.0	27216.0	16.0	84.0	27.0	12.0	8.0	8.0	1.0	8.0	5.0	15.0	3.0	4.00.0	0.0	0.0	0.0	19.0	0.0	4.0	6.0	0.0
	5p	+	49	8452.0	4794.0	4919.0	7730.0	25895.0	8.0	56.0	19.0	14.0	1.0	10.0	3.0	9.0	4.0	12.0	2.0	12.00.0	0.0	0.0	0.0	17.0	0.0	8.0	5.0	0.0
	5p	+	50	8184.0	4486.0	4687.0	7321.0	24678.0	14.0	64.0	20.0	12.0	5.0	9.0	1.0	6.0	7.0	9.0	2.0	7.00.0	0.0	0.0	0.0	13.0	0.0	7.0	7.0	0.0
	5p	+	51	7775.0	4220.0	4378.0	7099.0	23472.0	15.0	46.0	10.0	8.0	7.0	13.0	1.0	7.0	2.0	8.0	1.0	11.00.0	0.0	0.0	0.0	15.0	0.0	6.0	10.0	0.0
	5p	+	52	7323.0	4198.0	4253.0	6534.0	22308.0	11.0	53.0	14.0	14.0	4.0	12.0	1.0	8.0	3.0	11.0	2.0	5.00.0	0.0	0.0	0.0	17.0	0.0	6.0	8.0	0.0
	5p	+	53	6895.0	3937.0	3966.0	6348.0	21146.0	7.0	57.0	12.0	7.0	2.0	7.0	3.0	5.0	3.0	13.0	3.0	5.00.0	0.0	0.0	0.0	12.0	0.0	8.0	12.0	0.0
	5p	+	54	6539.0	3767.0	3736.0	6116.0	20158.0	9.0	58.0	12.0	7.0	4.0	8.0	1.0	2.0	7.0	4.0	2.0	9.00.0	0.0	0.0	0.0	9.0	0.0	8.0	7.0	0.0
	5p	+	55	6257.0	3617.0	3595.0	5676.0	19145.0	13.0	35.0	11.0	11.0	7.0	4.0	0.0	5.0	5.0	2.0	3.0	9.00.0	0.0	0.0	0.0	7.0	0.0	2.0	6.0	0.0
	5p	+	56	5896.0	3362.0	3395.0	5581.0	18234.0	12.0	44.0	15.0	12.0	3.0	9.0	1.0	3.0	5.0	7.0	1.0	6.00.0	0.0	0.0	0.0	13.0	0.0	4.0	4.0	0.0
	5p	+	57	5721.0	3240.0	3238.0	5136.0	17335.0	7.0	49.0	12.0	4.0	4.0	11.0	1.0	8.0	5.0	4.0	3.0	14.00.0	0.0	0.0	0.0	4.0	0.0	7.0	4.0	0.0
	5p	+	58	5493.0	2950.0	3156.0	4902.0	16501.0	9.0	28.0	10.0	4.0	2.0	5.0	2.0	5.0	6.0	1.0	0.0	11.00.0	0.0	0.0	0.0	9.0	0.0	5.0	9.0	0.0
	5p	+	59	5154.0	2961.0	2948.0	4636.0	15699.0	11.0	38.0	13.0	13.0	4.0	2.0	2.0	5.0	2.0	7.0	1.0	10.00.0	0.0	0.0	0.0	13.0	0.0	2.0	1.0	0.0
	5p	+	60	4905.0	2697.0	2790.0	4552.0	14944.0	9.0	43.0	8.0	7.0	2.0	4.0	1.0	4.0	2.0	5.0	2.0	4.00.0	0.0	0.0	0.0	13.0	0.0	9.0	6.0	0.0
	5p	+	61	4675.0	2648.0	2646.0	4247.0	14216.0	10.0	38.0	7.0	1.0	3.0	1.0	2.0	6.0	3.0	6.0	1.0	6.00.0	0.0	0.0	0.0	9.0	0.0	4.0	3.0	0.0
	5p	+	62	4373.0	2513.0	2544.0	4070.0	13500.0	10.0	37.0	7.0	9.0	4.0	4.0	1.0	3.0	0.0	2.0	2.0	6.00.0	0.0	0.0	0.0	6.0	0.0	7.0	6.0	0.0
	5p	+	63	4150.0	2414.0	2419.0	3905.0	12888.0	7.0	15.0	10.0	2.0	2.0	5.0	2.0	2.0	4.0	5.0	0.0	4.00.0	0.0	0.0	0.0	8.0	0.0	7.0	4.0	0.0
	5p	+	64	3972.0	2254.0	2317.0	3737.0	12280.0	2.0	21.0	8.0	5.0	4.0	7.0	1.0	3.0	0.0	4.0	1.0	4.00.0	0.0	0.0	0.0	4.0	0.0	5.0	4.0	0.0
	5p	+	65	3752.0	2149.0	2278.0	3526.0	11705.0	8.0	28.0	6.0	4.0	3.0	2.0	1.0	2.0	3.0	4.0	2.0	6.00.0	0.0	0.0	0.0	4.0	0.0	5.0	3.0	0.0
	5p	+	66	3589.0	2073.0	2134.0	3386.0	11182.0	6.0	21.0	9.0	6.0	1.0	4.0	0.0	4.0	2.0	5.0	2.0	3.00.0	0.0	0.0	0.0	7.0	0.0	6.0	6.0	0.0
	5p	+	67	3555.0	1980.0	2001.0	3161.0	10697.0	2.0	19.0	8.0	3.0	5.0	3.0	1.0	3.0	5.0	8.0	3.0	8.00.0	0.0	0.0	0.0	8.0	0.0	2.0	6.0	0.0
	5p	+	68	3344.0	1950.0	1885.0	3077.0	10256.0	4.0	24.0	13.0	6.0	0.0	1.0	0.0	4.0	2.0	4.0	0.0	7.00.0	0.0	0.0	0.0	4.0	0.0	3.0	2.0	0.0
	5p	+	69	3231.0	1817.0	1886.0	2892.0	9826.0	5.0	15.0	2.0	2.0	0.0	6.0	0.0	0.0	2.0	6.0	0.0	5.00.0	0.0	0.0	0.0	4.0	0.0	3.0	1.0	0.0
	5p	+	70	2980.0	1823.0	1790.0	2815.0	9408.0	2.0	20.0	11.0	2.0	0.0	7.0	0.0	2.0	1.0	5.0	2.0	5.00.0	0.0	0.0	0.0	3.0	0.0	2.0	3.0	0.0
	5p	+	71	2868.0	1651.0	1701.0	2744.0	8964.0	3.0	16.0	7.0	3.0	3.0	6.0	4.0	4.0	2.0	5.0	0.0	5.00.0	0.0	0.0	0.0	8.0	0.0	2.0	2.0	0.0
	5p	+	72	2699.0	1577.0	1684.0	2605.0	8565.0	4.0	11.0	6.0	7.0	2.0	2.0	0.0	1.0	2.0	1.0	2.0	0.00.0	0.0	0.0	0.0	3.0	0.0	4.0	3.0	0.0
	5p	+	73	2615.0	1524.0	1556.0	2433.0	8128.0	2.0	15.0	4.0	10.0	2.0	3.0	1.0	0.0	0.0	1.0	0.0	6.00.0	0.0	0.0	0.0	8.0	0.0	2.0	1.0	0.0
	5p	+	74	2474.0	1464.0	1457.0	2402.0	7797.0	1.0	15.0	5.0	6.0	0.0	4.0	1.0	0.0	1.0	3.0	2.0	4.00.0	0.0	0.0	0.0	6.0	0.0	1.0	2.0	0.0
	5p	+	75	2397.0	1345.0	1437.0	2307.0	7486.0	1.0	8.0	1.0	2.0	3.0	4.0	1.0	3.0	1.0	7.0	1.0	2.00.0	0.0	0.0	0.0	6.0	0.0	3.0	1.0	0.0
	5p	+	76	2252.0	1352.0	1364.0	2200.0	7168.0	5.0	14.0	10.0	4.0	2.0	1.0	0.0	4.0	3.0	2.0	0.0	0.00.0	0.0	0.0	0.0	4.0	0.0	2.0	1.0	0.0
	5p	+	77	2223.0	1314.0	1301.0	2034.0	6872.0	5.0	13.0	5.0	4.0	1.0	7.0	0.0	1.0	1.0	2.0	1.0	0.00.0	0.0	0.0	0.0	3.0	0.0	2.0	3.0	0.0
	5p	+	78	2100.0	1252.0	1212.0	2035.0	6599.0	3.0	11.0	4.0	7.0	0.0	5.0	2.0	3.0	4.0	1.0	2.0	1.00.0	0.0	0.0	0.0	5.0	0.0	0.0	0.0	0.0
	5p	+	79	2038.0	1192.0	1222.0	1877.0	6329.0	5.0	7.0	7.0	5.0	0.0	3.0	0.0	0.0	1.0	3.0	1.0	2.00.0	0.0	0.0	0.0	5.0	0.0	2.0	3.0	0.0
	5p	+	80	1979.0	1167.0	1137.0	1813.0	6096.0	3.0	12.0	3.0	2.0	1.0	2.0	2.0	2.0	0.0	3.0	0.0	1.00.0	0.0	0.0	0.0	6.0	0.0	1.0	1.0	0.0
	5p	+	81	1846.0	1154.0	1044.0	1795.0	5839.0	2.0	13.0	4.0	0.0	0.0	1.0	1.0	3.0	1.0	6.0	0.0	2.00.0	0.0	0.0	0.0	5.0	0.0	2.0	0.0	0.0
	5p	+	82	1788.0	1029.0	1044.0	1749.0	5610.0	1.0	8.0	1.0	2.0	3.0	3.0	2.0	1.0	1.0	3.0	1.0	3.00.0	0.0	0.0	0.0	2.0	0.0	0.0	3.0	0.0
	5p	+	83	1702.0	1001.0	1018.0	1626.0	5347.0	3.0	4.0	2.0	3.0	0.0	0.0	2.0	1.0	1.0	0.0	0.0	0.00.0	0.0	0.0	0.0	2.0	0.0	2.0	2.0	0.0
	5p	+	84	1628.0	993.0	1017.0	1541.0	5179.0	1.0	7.0	2.0	2.0	2.0	3.0	1.0	0.0	0.0	2.0	1.0	4.00.0	0.0	0.0	0.0	2.0	0.0	1.0	3.0	0.0
	5p	+	85	1556.0	939.0	987.0	1493.0	4975.0	0.0	7.0	0.0	1.0	0.0	3.0	1.0	1.0	0.0	3.0	0.0	2.00.0	0.0	0.0	0.0	3.0	0.0	0.0	2.0	0.0
	5p	+	86	1483.0	920.0	901.0	1482.0	4786.0	0.0	9.0	3.0	0.0	0.0	1.0	0.0	2.0	0.0	3.0	1.0	2.00.0	0.0	0.0	0.0	1.0	0.0	0.0	1.0	0.0
	5p	+	87	1451.0	883.0	909.0	1365.0	4608.0	1.0	10.0	2.0	0.0	0.0	3.0	2.0	1.0	0.0	1.0	0.0	2.00.0	0.0	0.0	0.0	1.0	0.0	0.0	0.0	0.0
	5p	+	88	1442.0	828.0	818.0	1336.0	4424.0	4.0	9.0	5.0	1.0	0.0	0.0	0.0	0.0	0.0	1.0	0.0	2.00.0	0.0	0.0	0.0	1.0	0.0	0.0	0.0	0.0
	5p	+	89	1360.0	824.0	798.0	1278.0	4260.0	5.0	9.0	0.0	1.0	0.0	0.0	0.0	1.0	0.0	1.0	1.0	2.00.0	0.0	0.0	0.0	3.0	0.0	1.0	1.0	0.0
	5p	+	90	1293.0	765.0	825.0	1221.0	4104.0	5.0	2.0	3.0	1.0	0.0	0.0	0.0	2.0	1.0	0.0	0.0	1.00.0	0.0	0.0	0.0	2.0	0.0	2.0	0.0	0.0
	5p	+	91	1221.0	770.0	757.0	1219.0	3967.0	1.0	3.0	1.0	3.0	0.0	4.0	0.0	1.0	1.0	1.0	0.0	1.00.0	0.0	0.0	0.0	2.0	0.0	0.0	1.0	0.0
	5p	+	92	1213.0	739.0	723.0	1161.0	3836.0	2.0	7.0	2.0	1.0	0.0	0.0	1.0	1.0	1.0	1.0	0.0	1.00.0	0.0	0.0	0.0	1.0	0.0	1.0	0.0	0.0
	5p	+	93	1198.0	716.0	669.0	1123.0	3706.0	2.0	5.0	2.0	2.0	1.0	1.0	0.0	1.0	0.0	2.0	0.0	2.00.0	0.0	0.0	0.0	0.0	0.0	1.0	1.0	0.0
	5p	+	94	1097.0	736.0	645.0	1097.0	3575.0	0.0	2.0	0.0	2.0	0.0	2.0	0.0	1.0	0.0	1.0	1.0	1.00.0	0.0	0.0	0.0	1.0	0.0	0.0	0.0	0.0
	5p	+	95	1086.0	674.0	664.0	1019.0	3443.0	1.0	6.0	1.0	2.0	0.0	1.0	0.0	1.0	0.0	0.0	0.0	0.00.0	0.0	0.0	0.0	0.0	0.0	0.0	1.0	0.0
	5p	+	96	1009.0	609.0	652.0	1066.0	3336.0	1.0	3.0	0.0	3.0	0.0	1.0	0.0	0.0	1.0	0.0	0.0	1.00.0	0.0	0.0	0.0	1.0	0.0	0.0	1.0	0.0
	5p	+	97	1024.0	618.0	634.0	961.0	3237.0	2.0	3.0	4.0	1.0	0.0	0.0	1.0	0.0	0.0	1.0	0.0	1.00.0	0.0	0.0	0.0	1.0	0.0	1.0	0.0	0.0
	5p	+	98	1000.0	570.0	582.0	986.0	3138.0	0.0	2.0	2.0	2.0	0.0	0.0	0.0	1.0	2.0	1.0	0.0	1.00.0	0.0	0.0	0.0	1.0	0.0	0.0	3.0	0.0
	5p	+	99	908.0	594.0	610.0	929.0	3041.0	1.0	1.0	0.0	0.0	0.0	2.0	0.0	1.0	0.0	2.0	1.0	1.00.0	0.0	0.0	0.0	1.0	0.0	1.0	0.0	0.0
	5p	+	100	935.0	567.0	546.0	909.0	2957.0	0.0	0.0	2.0	1.0	1.0	0.0	0.0	0.0	0.0	0.0	0.0	3.00.0	0.0	0.0	0.0	1.0	0.0	1.0	1.0	0.0
	5p	-	1	19029.0	9313.0	8910.0	16405.0	53657.0	141.0	666.0	223.0	60.0	67.0	241.0	55.0	113.0	69.0	231.0	21.0	99.00.0	0.0	0.0	0.0	0.0	0.0	0.0	0.0	0.0
	5p	-	2	18030.0	8502.0	10437.0	16756.0	53725.0	102.0	134.0	107.0	53.0	49.0	89.0	23.0	59.0	47.0	136.0	18.0	97.00.0	0.0	0.0	0.0	0.0	0.0	0.0	0.0	0.0
	5p	-	3	17704.0	9132.0	10689.0	16245.0	53770.0	60.0	99.0	61.0	45.0	22.0	56.0	25.0	38.0	23.0	70.0	11.0	53.00.0	0.0	0.0	0.0	1.0	0.0	1.0	0.0	0.0
	5p	-	4	17197.0	9969.0	10874.0	15804.0	53844.0	40.0	75.0	47.0	40.0	17.0	33.0	11.0	25.0	14.0	26.0	10.0	24.00.0	0.0	0.0	0.0	5.0	0.0	1.0	2.0	0.0
	5p	-	5	16939.0	9696.0	11068.0	16122.0	53825.0	28.0	62.0	37.0	30.0	18.0	23.0	10.0	17.0	7.0	24.0	7.0	21.00.0	0.0	0.0	0.0	25.0	0.0	15.0	18.0	0.0
	5p	-	6	16385.0	10141.0	11076.0	16220.0	53822.0	26.0	52.0	32.0	25.0	16.0	11.0	8.0	10.0	12.0	19.0	12.0	15.00.0	0.0	0.0	0.0	32.0	0.0	22.0	27.0	0.0
	5p	-	7	17193.0	10145.0	10493.0	16026.0	53857.0	18.0	44.0	22.0	27.0	7.0	14.0	9.0	13.0	4.0	18.0	11.0	18.00.0	0.0	0.0	0.0	42.0	0.0	16.0	21.0	0.0
	5p	-	8	17556.0	10009.0	10223.0	16085.0	53873.0	18.0	36.0	31.0	22.0	6.0	10.0	9.0	13.0	11.0	17.0	3.0	24.00.0	0.0	0.0	0.0	21.0	0.0	27.0	29.0	0.0
	5p	-	9	17274.0	10172.0	10188.0	16257.0	53891.0	23.0	45.0	22.0	24.0	7.0	13.0	6.0	5.0	8.0	12.0	14.0	19.00.0	0.0	0.0	0.0	37.0	0.0	13.0	16.0	0.0
	5p	-	10	17050.0	10379.0	10186.0	16245.0	53860.0	20.0	42.0	36.0	20.0	11.0	7.0	5.0	7.0	12.0	12.0	8.0	22.00.0	0.0	0.0	0.0	39.0	0.0	22.0	19.0	0.0
	5p	-	11	16783.0	10381.0	10155.0	16503.0	53822.0	15.0	24.0	36.0	14.0	7.0	6.0	2.0	10.0	9.0	8.0	7.0	15.00.0	0.0	0.0	0.0	52.0	0.0	33.0	36.0	0.0
	5p	-	12	16803.0	10426.0	10197.0	16434.0	53860.0	14.0	31.0	35.0	18.0	5.0	16.0	6.0	7.0	10.0	15.0	4.0	16.00.0	0.0	0.0	0.0	39.0	0.0	31.0	21.0	0.0
	5p	-	13	16862.0	10360.0	10333.0	16307.0	53862.0	16.0	32.0	27.0	21.0	10.0	13.0	5.0	9.0	6.0	14.0	6.0	20.00.0	0.0	0.0	0.0	42.0	0.0	31.0	27.0	0.0
	5p	-	14	17045.0	10209.0	10171.0	16441.0	53866.0	27.0	26.0	18.0	26.0	11.0	10.0	5.0	4.0	9.0	14.0	4.0	21.00.0	0.0	0.0	0.0	34.0	0.0	23.0	29.0	0.0
	5p	-	15	16959.0	10318.0	10211.0	16370.0	53858.0	25.0	37.0	26.0	17.0	5.0	14.0	4.0	3.0	6.0	13.0	8.0	17.00.0	0.0	0.0	0.0	41.0	0.0	24.0	22.0	0.0
	5p	-	16	16915.0	10391.0	10262.0	16275.0	53843.0	18.0	25.0	24.0	20.0	16.0	15.0	6.0	8.0	6.0	8.0	8.0	17.00.0	0.0	0.0	0.0	50.0	0.0	37.0	21.0	0.0
	5p	-	17	17040.0	10324.0	10249.0	16219.0	53832.0	21.0	25.0	22.0	27.0	10.0	14.0	6.0	7.0	16.0	8.0	7.0	16.00.0	0.0	0.0	0.0	56.0	0.0	18.0	29.0	0.0
	5p	-	18	16943.0	10337.0	10240.0	16312.0	53832.0	13.0	25.0	30.0	15.0	13.0	16.0	6.0	3.0	5.0	8.0	6.0	20.00.0	0.0	0.0	0.0	53.0	0.0	28.0	27.0	0.0
	5p	-	19	16790.0	10188.0	10351.0	16484.0	53813.0	27.0	42.0	35.0	25.0	10.0	10.0	5.0	7.0	8.0	9.0	6.0	15.00.0	0.0	0.0	0.0	58.0	0.0	33.0	36.0	0.0
	5p	-	20	16662.0	10334.0	10431.0	16389.0	53816.0	15.0	29.0	29.0	26.0	8.0	14.0	8.0	2.0	14.0	14.0	6.0	14.00.0	0.0	0.0	0.0	40.0	0.0	43.0	30.0	0.0
	5p	-	21	16844.0	10484.0	10239.0	16265.0	53832.0	20.0	28.0	24.0	12.0	8.0	9.0	9.0	10.0	8.0	14.0	4.0	20.00.0	0.0	0.0	0.0	54.0	0.0	31.0	27.0	0.0
	5p	-	22	16780.0	10412.0	10309.0	16326.0	53827.0	18.0	44.0	24.0	18.0	8.0	9.0	5.0	8.0	11.0	16.0	8.0	11.00.0	0.0	0.0	0.0	59.0	0.0	27.0	28.0	0.0
	5p	-	23	16900.0	10355.0	10325.0	16261.0	53841.0	22.0	25.0	27.0	22.0	7.0	9.0	4.0	3.0	7.0	12.0	5.0	21.00.0	0.0	0.0	0.0	48.0	0.0	24.0	26.0	0.0
	5p	-	24	17031.0	10115.0	10372.0	16289.0	53807.0	19.0	39.0	25.0	21.0	11.0	14.0	5.0	6.0	12.0	9.0	4.0	17.00.0	0.0	0.0	0.0	64.0	0.0	34.0	32.0	0.0
	5p	-	25	17017.0	10180.0	10211.0	16429.0	53837.0	19.0	45.0	36.0	18.0	11.0	8.0	4.0	3.0	5.0	11.0	6.0	19.00.0	0.0	0.0	0.0	47.0	0.0	30.0	30.0	0.0
	5p	-	26	17070.0	10015.0	10466.0	16316.0	53867.0	19.0	44.0	14.0	19.0	9.0	10.0	4.0	10.0	11.0	7.0	6.0	17.00.0	0.0	0.0	0.0	47.0	0.0	16.0	25.0	0.0
	5p	-	27	17125.0	10041.0	10528.0	16163.0	53857.0	19.0	36.0	28.0	24.0	20.0	8.0	3.0	10.0	11.0	16.0	5.0	20.00.0	0.0	0.0	0.0	42.0	0.0	26.0	28.0	0.0
	5p	-	28	17368.0	9984.0	10391.0	16123.0	53866.0	21.0	40.0	42.0	24.0	8.0	8.0	7.0	9.0	8.0	13.0	7.0	12.00.0	0.0	0.0	0.0	48.0	0.0	12.0	17.0	0.0
	5p	-	29	17218.0	10143.0	10280.0	16217.0	53858.0	21.0	51.0	39.0	21.0	11.0	14.0	9.0	10.0	12.0	13.0	4.0	18.00.0	0.0	0.0	0.0	50.0	0.0	14.0	25.0	0.0
	5p	-	30	17644.0	10013.0	10235.0	15930.0	53822.0	22.0	74.0	30.0	14.0	8.0	11.0	4.0	17.0	8.0	16.0	5.0	11.00.0	0.0	0.0	0.0	47.0	0.0	11.0	25.0	0.0
	5p	-	31	16601.0	9887.0	9948.0	15828.0	52264.0	29.0	78.0	32.0	13.0	12.0	11.0	6.0	8.0	9.0	12.0	4.0	16.00.0	0.0	0.0	0.0	41.0	0.0	10.0	23.0	0.0
	5p	-	32	16348.0	9461.0	9627.0	15275.0	50711.0	16.0	89.0	23.0	14.0	6.0	12.0	4.0	8.0	7.0	10.0	1.0	12.00.0	0.0	0.0	0.0	44.0	0.0	29.0	16.0	0.0
	5p	-	33	15907.0	8960.0	9549.0	14726.0	49142.0	23.0	100.0	24.0	22.0	7.0	15.0	4.0	7.0	8.0	15.0	7.0	26.00.0	0.0	0.0	0.0	45.0	0.0	21.0	16.0	0.0
	5p	-	34	15609.0	8778.0	9111.0	14150.0	47648.0	24.0	73.0	19.0	11.0	9.0	7.0	4.0	10.0	1.0	10.0	8.0	13.00.0	0.0	0.0	0.0	38.0	0.0	17.0	17.0	0.0
	5p	-	35	15143.0	8407.0	8679.0	14001.0	46230.0	22.0	85.0	23.0	13.0	4.0	16.0	6.0	11.0	10.0	16.0	11.0	14.00.0	0.0	0.0	0.0	34.0	0.0	13.0	17.0	0.0
	5p	-	36	14659.0	8344.0	8499.0	13256.0	44758.0	24.0	81.0	31.0	18.0	4.0	12.0	2.0	6.0	6.0	12.0	7.0	15.00.0	0.0	0.0	0.0	34.0	0.0	18.0	18.0	0.0
	5p	-	37	14427.0	7886.0	8179.0	12705.0	43197.0	14.0	69.0	18.0	11.0	9.0	15.0	3.0	8.0	5.0	4.0	2.0	21.00.0	0.0	0.0	0.0	38.0	0.0	16.0	22.0	0.0
	5p	-	38	14015.0	7537.0	7916.0	12199.0	41667.0	18.0	89.0	27.0	16.0	9.0	10.0	4.0	16.0	4.0	8.0	7.0	20.00.0	0.0	0.0	0.0	33.0	0.0	19.0	8.0	0.0
	5p	-	39	13413.0	7149.0	7528.0	12128.0	40218.0	19.0	77.0	23.0	18.0	8.0	8.0	1.0	14.0	11.0	11.0	3.0	10.00.0	0.0	0.0	0.0	32.0	0.0	9.0	11.0	0.0
	5p	-	40	12830.0	7042.0	7294.0	11564.0	38730.0	13.0	67.0	24.0	18.0	5.0	13.0	2.0	1.0	9.0	14.0	2.0	10.00.0	0.0	0.0	0.0	34.0	0.0	13.0	11.0	0.0
	5p	-	41	12199.0	6772.0	7019.0	11192.0	37182.0	24.0	78.0	32.0	11.0	8.0	12.0	0.0	10.0	8.0	13.0	5.0	10.00.0	0.0	0.0	0.0	37.0	0.0	15.0	23.0	0.0
	5p	-	42	11592.0	6592.0	6772.0	10728.0	35684.0	19.0	81.0	19.0	13.0	4.0	10.0	2.0	7.0	9.0	15.0	7.0	11.00.0	0.0	0.0	0.0	37.0	0.0	13.0	8.0	0.0
	5p	-	43	11197.0	6397.0	6429.0	10091.0	34114.0	23.0	66.0	21.0	17.0	6.0	13.0	2.0	9.0	7.0	11.0	6.0	15.00.0	0.0	0.0	0.0	27.0	0.0	17.0	12.0	0.0
	5p	-	44	10815.0	5837.0	6080.0	9873.0	32605.0	23.0	78.0	18.0	10.0	3.0	9.0	3.0	8.0	8.0	15.0	3.0	12.00.0	0.0	0.0	0.0	30.0	0.0	9.0	10.0	0.0
	5p	-	45	10334.0	5571.0	5940.0	9302.0	31147.0	20.0	73.0	15.0	12.0	5.0	8.0	9.0	12.0	2.0	9.0	5.0	8.00.0	0.0	0.0	0.0	31.0	0.0	7.0	14.0	0.0
	5p	-	46	9913.0	5234.0	5789.0	8812.0	29748.0	14.0	45.0	13.0	11.0	5.0	8.0	1.0	11.0	1.0	7.0	3.0	13.00.0	0.0	0.0	0.0	29.0	0.0	10.0	7.0	0.0
	5p	-	47	9380.0	5163.0	5432.0	8423.0	28398.0	25.0	74.0	23.0	11.0	7.0	15.0	2.0	8.0	3.0	8.0	8.0	9.00.0	0.0	0.0	0.0	24.0	0.0	10.0	10.0	0.0
	5p	-	48	8850.0	4935.0	5242.0	8051.0	27078.0	15.0	70.0	20.0	5.0	8.0	10.0	3.0	6.0	3.0	13.0	3.0	8.00.0	0.0	0.0	0.0	22.0	0.0	10.0	5.0	0.0
	5p	-	49	8499.0	4669.0	4821.0	7841.0	25830.0	21.0	46.0	14.0	5.0	5.0	10.0	4.0	12.0	5.0	8.0	2.0	10.00.0	0.0	0.0	0.0	19.0	0.0	9.0	11.0	0.0
	5p	-	50	8180.0	4354.0	4702.0	7426.0	24662.0	7.0	72.0	11.0	16.0	5.0	10.0	2.0	4.0	6.0	9.0	4.0	13.00.0	0.0	0.0	0.0	23.0	0.0	2.0	10.0	0.0
	5p	-	51	7728.0	4309.0	4405.0	6956.0	23398.0	13.0	43.0	11.0	9.0	1.0	6.0	1.0	7.0	10.0	8.0	4.0	5.00.0	0.0	0.0	0.0	26.0	0.0	12.0	8.0	0.0
	5p	-	52	7290.0	4148.0	4227.0	6633.0	22298.0	16.0	57.0	5.0	8.0	5.0	6.0	2.0	9.0	3.0	4.0	2.0	9.00.0	0.0	0.0	0.0	20.0	0.0	15.0	5.0	0.0
	5p	-	53	7010.0	3784.0	4008.0	6343.0	21145.0	8.0	52.0	10.0	10.0	3.0	5.0	1.0	7.0	5.0	3.0	2.0	9.00.0	0.0	0.0	0.0	16.0	0.0	6.0	12.0	0.0
	5p	-	54	6604.0	3552.0	3859.0	6072.0	20087.0	9.0	39.0	12.0	10.0	5.0	8.0	2.0	3.0	4.0	10.0	2.0	6.00.0	0.0	0.0	0.0	18.0	0.0	5.0	5.0	0.0
	5p	-	55	6293.0	3498.0	3694.0	5667.0	19152.0	13.0	41.0	8.0	4.0	5.0	7.0	4.0	12.0	6.0	5.0	2.0	5.00.0	0.0	0.0	0.0	10.0	0.0	9.0	7.0	0.0
	5p	-	56	6024.0	3320.0	3434.0	5494.0	18272.0	4.0	52.0	6.0	6.0	3.0	9.0	1.0	5.0	4.0	4.0	4.0	11.00.0	0.0	0.0	0.0	11.0	0.0	1.0	4.0	0.0
	5p	-	57	5673.0	3141.0	3351.0	5235.0	17400.0	9.0	42.0	11.0	8.0	3.0	5.0	1.0	6.0	2.0	2.0	2.0	8.00.0	0.0	0.0	0.0	8.0	0.0	1.0	6.0	0.0
	5p	-	58	5462.0	3008.0	3187.0	4951.0	16608.0	7.0	28.0	6.0	6.0	10.0	7.0	3.0	7.0	7.0	2.0	4.0	6.00.0	0.0	0.0	0.0	11.0	0.0	4.0	8.0	0.0
	5p	-	59	5157.0	2860.0	3108.0	4723.0	15848.0	5.0	39.0	7.0	7.0	5.0	4.0	2.0	1.0	1.0	6.0	0.0	6.00.0	0.0	0.0	0.0	11.0	0.0	1.0	2.0	0.0
	5p	-	60	4857.0	2769.0	2874.0	4582.0	15082.0	6.0	43.0	8.0	5.0	2.0	3.0	3.0	3.0	2.0	3.0	1.0	9.00.0	0.0	0.0	0.0	9.0	0.0	5.0	6.0	0.0
	5p	-	61	4656.0	2641.0	2681.0	4377.0	14355.0	9.0	33.0	9.0	7.0	2.0	8.0	0.0	3.0	2.0	5.0	5.0	5.00.0	0.0	0.0	0.0	12.0	0.0	2.0	1.0	0.0
	5p	-	62	4328.0	2542.0	2522.0	4203.0	13595.0	8.0	39.0	8.0	12.0	3.0	9.0	4.0	3.0	6.0	2.0	1.0	9.00.0	0.0	0.0	0.0	8.0	0.0	4.0	4.0	0.0
	5p	-	63	4190.0	2433.0	2446.0	3863.0	12932.0	6.0	20.0	5.0	10.0	2.0	9.0	2.0	2.0	4.0	7.0	2.0	7.00.0	0.0	0.0	0.0	8.0	0.0	7.0	5.0	0.0
	5p	-	64	4075.0	2311.0	2333.0	3570.0	12289.0	17.0	29.0	6.0	5.0	2.0	4.0	2.0	5.0	1.0	9.0	3.0	9.00.0	0.0	0.0	0.0	14.0	0.0	1.0	6.0	0.0
	5p	-	65	3862.0	2135.0	2205.0	3523.0	11725.0	6.0	15.0	4.0	5.0	3.0	7.0	2.0	4.0	3.0	8.0	0.0	4.00.0	0.0	0.0	0.0	3.0	0.0	5.0	3.0	0.0
	5p	-	66	3665.0	2047.0	2172.0	3283.0	11167.0	13.0	26.0	7.0	5.0	4.0	4.0	2.0	1.0	5.0	7.0	1.0	3.00.0	0.0	0.0	0.0	8.0	0.0	6.0	2.0	0.0
	5p	-	67	3521.0	1948.0	2000.0	3203.0	10672.0	9.0	27.0	8.0	5.0	3.0	3.0	3.0	3.0	3.0	5.0	1.0	5.00.0	0.0	0.0	0.0	12.0	0.0	3.0	2.0	0.0
	5p	-	68	3386.0	1834.0	1930.0	3045.0	10195.0	4.0	22.0	9.0	3.0	1.0	4.0	2.0	4.0	2.0	4.0	1.0	2.00.0	0.0	0.0	0.0	6.0	0.0	3.0	1.0	0.0
	5p	-	69	3134.0	1796.0	1792.0	3035.0	9757.0	6.0	13.0	5.0	4.0	1.0	7.0	3.0	2.0	0.0	4.0	4.0	6.00.0	0.0	0.0	0.0	5.0	0.0	2.0	3.0	0.0
	5p	-	70	2970.0	1753.0	1786.0	2820.0	9329.0	9.0	26.0	6.0	6.0	1.0	3.0	4.0	3.0	2.0	5.0	2.0	2.00.0	0.0	0.0	0.0	3.0	0.0	2.0	3.0	0.0
	5p	-	71	2864.0	1654.0	1681.0	2720.0	8919.0	5.0	15.0	9.0	4.0	1.0	2.0	1.0	4.0	1.0	1.0	3.0	6.00.0	0.0	0.0	0.0	7.0	0.0	1.0	3.0	0.0
	5p	-	72	2670.0	1642.0	1609.0	2589.0	8510.0	7.0	16.0	5.0	1.0	1.0	4.0	0.0	2.0	2.0	2.0	1.0	3.00.0	0.0	0.0	0.0	6.0	0.0	1.0	4.0	0.0
	5p	-	73	2624.0	1564.0	1537.0	2432.0	8157.0	5.0	19.0	4.0	5.0	0.0	5.0	3.0	2.0	2.0	6.0	2.0	3.00.0	0.0	0.0	0.0	6.0	0.0	2.0	2.0	0.0
	5p	-	74	2493.0	1440.0	1470.0	2348.0	7751.0	4.0	6.0	13.0	8.0	2.0	4.0	0.0	2.0	1.0	3.0	0.0	1.00.0	0.0	0.0	0.0	3.0	0.0	2.0	2.0	0.0
	5p	-	75	2455.0	1359.0	1358.0	2242.0	7414.0	5.0	16.0	2.0	1.0	1.0	3.0	0.0	2.0	1.0	4.0	1.0	8.00.0	0.0	0.0	0.0	3.0	0.0	1.0	4.0	0.0
	5p	-	76	2262.0	1280.0	1366.0	2192.0	7100.0	3.0	7.0	8.0	2.0	2.0	2.0	1.0	2.0	0.0	4.0	1.0	5.00.0	0.0	0.0	0.0	2.0	0.0	3.0	2.0	0.0
	5p	-	77	2195.0	1308.0	1275.0	2059.0	6837.0	4.0	14.0	6.0	5.0	2.0	0.0	1.0	0.0	2.0	1.0	0.0	3.00.0	0.0	0.0	0.0	4.0	0.0	0.0	2.0	0.0
	5p	-	78	2088.0	1257.0	1199.0	2001.0	6545.0	5.0	15.0	2.0	2.0	2.0	1.0	1.0	2.0	0.0	4.0	0.0	5.00.0	0.0	0.0	0.0	6.0	0.0	1.0	1.0	0.0
	5p	-	79	1987.0	1219.0	1213.0	1873.0	6292.0	1.0	10.0	2.0	2.0	2.0	3.0	1.0	0.0	0.0	3.0	1.0	0.00.0	0.0	0.0	0.0	5.0	0.0	3.0	3.0	0.0
	5p	-	80	1949.0	1157.0	1202.0	1725.0	6033.0	5.0	10.0	1.0	5.0	2.0	2.0	0.0	0.0	2.0	3.0	0.0	3.00.0	0.0	0.0	0.0	4.0	0.0	6.0	1.0	0.0
	5p	-	81	1853.0	1012.0	1104.0	1805.0	5774.0	4.0	2.0	3.0	3.0	1.0	3.0	0.0	0.0	0.0	4.0	1.0	0.00.0	0.0	0.0	0.0	3.0	0.0	0.0	0.0	0.0
	5p	-	82	1747.0	1047.0	1059.0	1671.0	5524.0	4.0	5.0	2.0	1.0	2.0	1.0	1.0	0.0	3.0	1.0	0.0	3.00.0	0.0	0.0	0.0	3.0	0.0	4.0	2.0	0.0
	5p	-	83	1684.0	996.0	984.0	1654.0	5318.0	4.0	13.0	1.0	1.0	3.0	4.0	0.0	0.0	1.0	2.0	0.0	1.00.0	0.0	0.0	0.0	5.0	0.0	3.0	1.0	0.0
	5p	-	84	1624.0	946.0	985.0	1566.0	5121.0	3.0	10.0	5.0	4.0	1.0	1.0	1.0	1.0	0.0	2.0	0.0	3.00.0	0.0	0.0	0.0	2.0	0.0	2.0	1.0	0.0
	5p	-	85	1548.0	925.0	956.0	1490.0	4919.0	5.0	4.0	2.0	4.0	4.0	0.0	0.0	1.0	0.0	4.0	0.0	1.00.0	0.0	0.0	0.0	1.0	0.0	5.0	1.0	0.0
	5p	-	86	1490.0	876.0	968.0	1424.0	4758.0	2.0	13.0	0.0	1.0	0.0	0.0	1.0	1.0	1.0	2.0	0.0	2.00.0	0.0	0.0	0.0	7.0	0.0	0.0	1.0	0.0
	5p	-	87	1460.0	901.0	859.0	1377.0	4597.0	1.0	10.0	2.0	1.0	1.0	0.0	1.0	0.0	1.0	1.0	0.0	2.00.0	0.0	0.0	0.0	1.0	0.0	3.0	1.0	0.0
	5p	-	88	1418.0	839.0	880.0	1288.0	4425.0	6.0	8.0	1.0	1.0	0.0	1.0	0.0	2.0	0.0	4.0	0.0	1.00.0	0.0	0.0	0.0	5.0	0.0	1.0	0.0	0.0
	5p	-	89	1384.0	813.0	829.0	1251.0	4277.0	2.0	6.0	1.0	0.0	0.0	1.0	0.0	1.0	0.0	1.0	0.0	2.00.0	0.0	0.0	0.0	1.0	0.0	1.0	0.0	0.0
	5p	-	90	1278.0	807.0	800.0	1221.0	4106.0	4.0	3.0	3.0	1.0	0.0	2.0	0.0	0.0	2.0	0.0	0.0	2.00.0	0.0	0.0	0.0	1.0	0.0	0.0	1.0	0.0
	5p	-	91	1243.0	775.0	764.0	1187.0	3969.0	1.0	2.0	2.0	5.0	0.0	1.0	2.0	0.0	1.0	1.0	1.0	1.00.0	0.0	0.0	0.0	1.0	0.0	0.0	1.0	0.0
	5p	-	92	1235.0	780.0	702.0	1129.0	3846.0	2.0	6.0	1.0	0.0	1.0	0.0	0.0	0.0	1.0	1.0	0.0	2.00.0	0.0	0.0	0.0	1.0	0.0	0.0	1.0	0.0
	5p	-	93	1198.0	673.0	719.0	1123.0	3713.0	1.0	3.0	0.0	0.0	1.0	2.0	1.0	2.0	1.0	0.0	1.0	0.00.0	0.0	0.0	0.0	1.0	0.0	1.0	2.0	0.0
	5p	-	94	1119.0	639.0	713.0	1135.0	3606.0	3.0	6.0	5.0	1.0	1.0	2.0	0.0	2.0	1.0	1.0	0.0	0.00.0	0.0	0.0	0.0	1.0	0.0	1.0	1.0	0.0
	5p	-	95	1110.0	652.0	666.0	1042.0	3470.0	5.0	1.0	2.0	1.0	0.0	2.0	0.0	0.0	0.0	0.0	0.0	0.00.0	0.0	0.0	0.0	2.0	0.0	2.0	1.0	0.0
	5p	-	96	1101.0	623.0	628.0	1005.0	3357.0	2.0	5.0	1.0	1.0	0.0	0.0	0.0	1.0	0.0	0.0	0.0	3.00.0	0.0	0.0	0.0	1.0	0.0	0.0	0.0	0.0
	5p	-	97	1020.0	609.0	599.0	1030.0	3258.0	0.0	3.0	1.0	0.0	0.0	1.0	0.0	0.0	1.0	1.0	0.0	0.00.0	0.0	0.0	0.0	1.0	0.0	0.0	0.0	0.0
	5p	-	98	978.0	642.0	574.0	970.0	3164.0	1.0	3.0	2.0	4.0	0.0	0.0	0.0	0.0	0.0	2.0	0.0	1.00.0	0.0	0.0	0.0	0.0	0.0	0.0	0.0	0.0
	5p	-	99	1000.0	548.0	588.0	933.0	3069.0	1.0	3.0	1.0	0.0	0.0	0.0	0.0	0.0	1.0	1.0	0.0	1.00.0	0.0	0.0	0.0	0.0	0.0	0.0	1.0	0.0
	5p	-	100	948.0	534.0	558.0	930.0	2970.0	1.0	3.0	2.0	1.0	1.0	2.0	2.0	0.0	0.0	1.0	0.0	2.00.0	0.0	0.0	0.0	0.0	0.0	0.0	1.0	0.0
