# table produced by DamageProfiler
# using mapped file ToA037.ElandCommon_Human_nc.Target.rmdup.noMicro.bam
# Sample ID: ToA037.ElandCommon_Human_nc.Target.rmdup.noMicro.bam
Pos	C>T	G>A	A>C	A>G	A>T	C>A	C>G	G>C	G>T	T>A	T>C	T>G	->ACGT	ACGT>-
0	0.000000	0.000000	0.000000	0.040816	0.010204	0.014286	0.014286	0.025000	0.012500	0.000000	0.054795	0.027397	0.000000	0.000000
1	0.012658	0.025974	0.012500	0.037500	0.000000	0.025316	0.025316	0.012987	0.012987	0.011494	0.022989	0.000000	0.000000	0.000000
2	0.012195	0.012500	0.034091	0.011364	0.045455	0.024390	0.012195	0.000000	0.037500	0.000000	0.000000	0.027778	0.003106	0.000000
3	0.000000	0.000000	0.020000	0.010000	0.010000	0.016949	0.016949	0.000000	0.000000	0.037037	0.024691	0.012346	0.006250	0.000000
4	0.026667	0.028571	0.022727	0.011364	0.022727	0.026667	0.026667	0.057143	0.000000	0.000000	0.000000	0.013158	0.035599	0.000000
5	0.014706	0.028169	0.037975	0.012658	0.012658	0.044118	0.029412	0.000000	0.000000	0.000000	0.021505	0.000000	0.022508	0.000000
6	0.062500	0.013158	0.020619	0.000000	0.020619	0.000000	0.031250	0.052632	0.000000	0.037037	0.000000	0.012346	0.012579	0.000000
7	0.024390	0.047619	0.011628	0.000000	0.023256	0.024390	0.012195	0.047619	0.031746	0.012346	0.012346	0.012346	0.022436	0.000000
8	0.045455	0.014085	0.010204	0.051020	0.000000	0.030303	0.060606	0.014085	0.000000	0.000000	0.000000	0.000000	0.032362	0.000000
9	0.028169	0.025641	0.010417	0.000000	0.010417	0.028169	0.014085	0.025641	0.025641	0.070423	0.014085	0.000000	0.015823	0.000000
10	0.016667	0.013514	0.030612	0.000000	0.020408	0.050000	0.050000	0.040541	0.013514	0.000000	0.012500	0.037500	0.028846	0.000000
11	0.000000	0.057143	0.021505	0.053763	0.021505	0.030303	0.000000	0.042857	0.028571	0.027778	0.027778	0.013889	0.023256	0.000000
12	0.000000	0.027778	0.040816	0.030612	0.010204	0.000000	0.000000	0.041667	0.013889	0.025974	0.000000	0.000000	0.039474	0.000000
13	0.027397	0.000000	0.022727	0.011364	0.000000	0.041096	0.000000	0.000000	0.043478	0.012195	0.012195	0.000000	0.022436	0.000000
14	0.000000	0.000000	0.000000	0.010638	0.010638	0.016667	0.033333	0.041667	0.013889	0.012658	0.025316	0.000000	0.032787	0.000000
15	0.000000	0.013699	0.020202	0.020202	0.040404	0.014493	0.014493	0.027397	0.041096	0.042254	0.014085	0.042254	0.025641	0.000000
16	0.025641	0.000000	0.023256	0.046512	0.000000	0.025641	0.025641	0.041667	0.013889	0.025974	0.012987	0.051948	0.019169	0.000000
17	0.028169	0.013158	0.000000	0.047619	0.000000	0.042254	0.000000	0.013158	0.052632	0.025000	0.000000	0.012500	0.016077	0.000000
18	0.015385	0.014493	0.020833	0.052083	0.031250	0.015385	0.030769	0.014493	0.000000	0.000000	0.025316	0.000000	0.032362	0.000000
19	0.017241	0.027027	0.010989	0.010989	0.021978	0.051724	0.051724	0.040541	0.013514	0.048780	0.024390	0.012195	0.039344	0.000000
20	0.030769	0.041096	0.011364	0.056818	0.022727	0.030769	0.000000	0.027397	0.013699	0.023810	0.023810	0.035714	0.019355	0.000000
21	0.030303	0.079365	0.000000	0.011364	0.022727	0.000000	0.030303	0.000000	0.031746	0.032258	0.000000	0.032258	0.029032	0.000000
22	0.013889	0.033333	0.010309	0.010309	0.000000	0.013889	0.000000	0.016667	0.016667	0.025316	0.025316	0.012658	0.019481	0.000000
23	0.000000	0.018519	0.022727	0.011364	0.011364	0.000000	0.026316	0.000000	0.000000	0.010989	0.021978	0.010989	0.029126	0.000000
24	0.015873	0.046154	0.010638	0.010638	0.031915	0.031746	0.015873	0.000000	0.000000	0.000000	0.000000	0.020408	0.009375	0.000000
