# table produced by DamageProfiler
# using mapped file PcA007.ReedbuckBh_Human_nc.Target.rmdup.noMicro.bam
# Sample ID: PcA007.ReedbuckBh_Human_nc.Target.rmdup.noMicro.bam
Pos	C>T	G>A	A>C	A>G	A>T	C>A	C>G	G>C	G>T	T>A	T>C	T>G	->ACGT	ACGT>-
24	0.034483	0.142857	0.000000	0.000000	0.083333	0.000000	0.034483	0.000000	0.000000	0.000000	0.000000	0.055556	0.034783	0.000000
23	0.105263	0.000000	0.000000	0.047619	0.023810	0.000000	0.000000	0.050000	0.050000	0.030303	0.030303	0.030303	0.035088	0.000000
22	0.000000	0.100000	0.025641	0.000000	0.000000	0.000000	0.000000	0.050000	0.050000	0.000000	0.031250	0.000000	0.008475	0.000000
21	0.068966	0.000000	0.000000	0.028571	0.000000	0.034483	0.000000	0.000000	0.000000	0.074074	0.000000	0.000000	0.026549	0.000000
20	0.000000	0.000000	0.000000	0.000000	0.000000	0.000000	0.032258	0.080000	0.000000	0.000000	0.000000	0.038462	0.035398	0.000000
19	0.000000	0.000000	0.000000	0.000000	0.000000	0.043478	0.000000	0.066667	0.066667	0.032258	0.000000	0.032258	0.017391	0.000000
18	0.000000	0.047619	0.000000	0.000000	0.000000	0.000000	0.000000	0.000000	0.000000	0.052632	0.000000	0.052632	0.043860	0.000000
17	0.000000	0.000000	0.000000	0.043478	0.021739	0.000000	0.058824	0.000000	0.000000	0.076923	0.038462	0.000000	0.000000	0.000000
16	0.000000	0.000000	0.024390	0.000000	0.048780	0.000000	0.000000	0.000000	0.000000	0.031250	0.000000	0.000000	0.026316	0.000000
15	0.000000	0.000000	0.000000	0.000000	0.037037	0.026316	0.000000	0.058824	0.058824	0.027778	0.027778	0.027778	0.008475	0.000000
14	0.031250	0.000000	0.033333	0.033333	0.033333	0.000000	0.062500	0.045455	0.045455	0.000000	0.058824	0.058824	0.008475	0.000000
13	0.047619	0.000000	0.000000	0.000000	0.000000	0.047619	0.000000	0.000000	0.000000	0.000000	0.000000	0.033333	0.008475	0.000000
12	0.000000	0.040000	0.028571	0.028571	0.028571	0.000000	0.000000	0.000000	0.000000	0.025000	0.025000	0.000000	0.025862	0.000000
11	0.000000	0.000000	0.027027	0.000000	0.027027	0.045455	0.000000	0.032258	0.000000	0.000000	0.043478	0.000000	0.053097	0.000000
10	0.071429	0.083333	0.000000	0.051282	0.000000	0.000000	0.000000	0.000000	0.041667	0.043478	0.000000	0.043478	0.026316	0.000000
9	0.000000	0.000000	0.022727	0.045455	0.045455	0.000000	0.000000	0.000000	0.000000	0.000000	0.064516	0.000000	0.000000	0.000000
8	0.076923	0.107143	0.000000	0.000000	0.000000	0.038462	0.000000	0.000000	0.000000	0.031250	0.000000	0.062500	0.017241	0.000000
7	0.000000	0.055556	0.000000	0.021739	0.000000	0.040000	0.000000	0.000000	0.000000	0.000000	0.000000	0.000000	0.026087	0.000000
6	0.000000	0.043478	0.000000	0.029412	0.000000	0.037037	0.000000	0.000000	0.086957	0.085714	0.028571	0.028571	0.008403	0.000000
5	0.000000	0.111111	0.027027	0.027027	0.000000	0.000000	0.000000	0.000000	0.037037	0.000000	0.000000	0.000000	0.008475	0.000000
4	0.041667	0.103448	0.031250	0.000000	0.000000	0.000000	0.000000	0.000000	0.034483	0.000000	0.000000	0.000000	0.008403	0.000000
3	0.043478	0.000000	0.000000	0.023810	0.000000	0.000000	0.043478	0.000000	0.035714	0.000000	0.037037	0.000000	0.000000	0.000000
2	0.000000	0.050000	0.027027	0.000000	0.000000	0.000000	0.060606	0.000000	0.000000	0.000000	0.000000	0.133333	0.000000	0.000000
1	0.000000	0.000000	0.022222	0.044444	0.000000	0.000000	0.000000	0.041667	0.083333	0.000000	0.074074	0.074074	0.000000	0.000000
0	0.038462	0.068966	0.060606	0.000000	0.000000	0.000000	0.000000	0.000000	0.034483	0.031250	0.000000	0.031250	0.000000	0.000000
