# table produced by DamageProfiler
# using mapped file PcA007.ReedbuckBh_Human_nc.Target.rmdup.noMicro.bam
# Sample ID: PcA007.ReedbuckBh_Human_nc.Target.rmdup.noMicro.bam
Chr	End	Std	Pos	A	C	G	T	Total
	3p	+	1	16	10	9	15	50
	3p	+	2	14	11	10	15	50
	3p	+	3	15	14	12	9	50
	3p	+	4	16	9	13	12	50
	3p	+	5	9	9	14	18	50
	3p	+	6	17	9	11	13	50
	3p	+	7	16	12	9	13	50
	3p	+	8	18	11	10	11	50
	3p	+	9	16	9	13	12	50
	3p	+	10	15	12	10	13	50
	3p	+	11	11	10	16	13	50
	3p	+	12	14	13	12	11	50
	3p	+	13	14	9	14	13	50
	3p	+	14	12	13	13	12	50
	3p	+	15	11	18	12	9	50
	3p	+	16	14	17	6	13	50
	3p	+	17	18	11	10	11	50
	3p	+	18	21	5	15	9	50
	3p	+	19	16	11	9	14	50
	3p	+	20	16	11	6	17	50
	3p	+	21	12	15	12	11	50
	3p	+	22	16	13	9	12	50
	3p	+	23	15	15	6	14	50
	3p	+	24	13	8	11	18	50
	3p	+	25	11	16	8	15	50
	3p	+	26	9	17	11	13	50
	3p	+	27	17	15	5	13	50
	3p	+	28	10	11	15	14	50
	3p	+	29	13	5	18	14	50
	3p	+	30	16	10	9	15	50
	3p	+	31	8	10	3	7	28
	3p	+	32	2	2	5	8	17
	3p	+	33	5	2	3	5	15
	3p	+	34	4	1	3	5	13
	3p	+	35	5	2	2	4	13
	3p	+	36	4	0	1	8	13
	3p	+	37	5	2	1	4	12
	3p	+	38	6	2	1	3	12
	3p	+	39	7	3	0	2	12
	3p	+	40	5	3	2	2	12
	3p	+	41	3	1	3	4	11
	3p	+	42	0	2	3	6	11
	3p	+	43	4	3	1	3	11
	3p	+	44	3	3	2	3	11
	3p	+	45	3	1	3	4	11
	3p	+	46	6	1	0	4	11
	3p	+	47	3	3	1	4	11
	3p	+	48	4	4	0	3	11
	3p	+	49	4	3	2	2	11
	3p	+	50	5	2	1	3	11
	3p	+	51	5	2	1	3	11
	3p	+	52	5	0	1	5	11
	3p	+	53	2	3	3	3	11
	3p	+	54	3	1	3	4	11
	3p	+	55	7	0	2	2	11
	3p	+	56	4	1	2	4	11
	3p	+	57	5	1	1	3	10
	3p	+	58	4	3	1	1	9
	3p	+	59	4	2	1	2	9
	3p	+	60	1	2	2	3	8
	3p	+	61	2	0	4	2	8
	3p	+	62	4	0	3	1	8
	3p	+	63	1	3	2	2	8
	3p	+	64	3	2	1	2	8
	3p	+	65	2	0	2	3	7
	3p	+	66	1	0	2	2	5
	3p	+	67	1	0	2	1	4
	3p	+	68	1	0	2	1	4
	3p	+	69	1	1	2	0	4
	3p	+	70	3	0	0	1	4
	3p	+	71	0	1	1	2	4
	3p	+	72	1	1	1	1	4
	3p	+	73	0	1	2	1	4
	3p	+	74	2	0	0	2	4
	3p	+	75	2	1	1	0	4
	3p	+	76	1	1	0	2	4
	3p	+	77	1	0	1	2	4
	3p	+	78	1	1	1	1	4
	3p	+	79	2	1	0	1	4
	3p	+	80	0	3	1	0	4
	3p	+	81	1	1	0	2	4
	3p	+	82	1	1	0	2	4
	3p	+	83	2	0	1	1	4
	3p	+	84	1	2	0	1	4
	3p	+	85	1	2	0	1	4
	3p	+	86	0	0	0	4	4
	3p	+	87	3	0	1	0	4
	3p	+	88	2	0	0	2	4
	3p	+	89	1	0	2	1	4
	3p	+	90	2	0	1	1	4
	3p	+	91	1	1	1	1	4
	3p	+	92	2	1	0	1	4
	3p	+	93	1	2	0	1	4
	3p	+	94	2	0	0	2	4
	3p	+	95	0	1	1	2	4
	3p	+	96	2	1	0	1	4
	3p	+	97	0	0	1	3	4
	3p	+	98	1	1	0	1	3
	3p	+	99	0	0	2	1	3
	3p	+	100	2	0	0	1	3
	3p	-	1	18	17	18	17	70
	3p	-	2	28	17	15	10	70
	3p	-	3	22	18	13	17	70
	3p	-	4	25	13	16	16	70
	3p	-	5	26	15	11	18	70
	3p	-	6	22	19	13	16	70
	3p	-	7	23	15	13	19	70
	3p	-	8	30	15	8	17	70
	3p	-	9	21	14	15	20	70
	3p	-	10	24	14	12	20	70
	3p	-	11	29	16	11	14	70
	3p	-	12	22	16	19	13	70
	3p	-	13	21	10	13	26	70
	3p	-	14	26	7	19	18	70
	3p	-	15	16	17	13	24	70
	3p	-	16	15	22	10	23	70
	3p	-	17	25	11	10	24	70
	3p	-	18	24	12	19	15	70
	3p	-	19	22	13	15	20	70
	3p	-	20	34	12	8	16	70
	3p	-	21	20	17	16	17	70
	3p	-	22	22	14	16	18	70
	3p	-	23	25	16	10	19	70
	3p	-	24	29	13	11	17	70
	3p	-	25	25	11	11	23	70
	3p	-	26	19	14	18	19	70
	3p	-	27	19	17	13	21	70
	3p	-	28	21	15	14	20	70
	3p	-	29	25	16	12	17	70
	3p	-	30	23	17	15	15	70
	3p	-	31	13	12	6	8	39
	3p	-	32	7	7	8	9	31
	3p	-	33	9	4	4	8	25
	3p	-	34	8	4	2	9	23
	3p	-	35	5	9	1	5	20
	3p	-	36	3	8	3	5	19
	3p	-	37	13	1	0	5	19
	3p	-	38	6	4	4	5	19
	3p	-	39	8	4	2	5	19
	3p	-	40	6	3	2	7	18
	3p	-	41	5	4	5	4	18
	3p	-	42	5	2	3	8	18
	3p	-	43	1	4	8	5	18
	3p	-	44	10	1	1	5	17
	3p	-	45	7	5	2	3	17
	3p	-	46	5	3	3	5	16
	3p	-	47	6	0	5	4	15
	3p	-	48	3	5	2	5	15
	3p	-	49	3	3	6	3	15
	3p	-	50	4	1	2	7	14
	3p	-	51	4	4	0	6	14
	3p	-	52	5	5	2	2	14
	3p	-	53	5	4	3	2	14
	3p	-	54	3	5	2	3	13
	3p	-	55	4	1	4	4	13
	3p	-	56	0	3	1	9	13
	3p	-	57	4	3	1	5	13
	3p	-	58	5	1	4	3	13
	3p	-	59	5	0	4	3	12
	3p	-	60	1	5	3	3	12
	3p	-	61	4	3	2	3	12
	3p	-	62	3	3	1	3	10
	3p	-	63	2	1	4	3	10
	3p	-	64	3	3	3	1	10
	3p	-	65	4	2	0	4	10
	3p	-	66	4	3	0	3	10
	3p	-	67	3	3	2	1	9
	3p	-	68	3	1	0	3	7
	3p	-	69	1	1	2	3	7
	3p	-	70	2	1	0	4	7
	3p	-	71	1	3	1	2	7
	3p	-	72	2	1	0	4	7
	3p	-	73	1	1	0	4	6
	3p	-	74	3	1	0	2	6
	3p	-	75	1	1	1	3	6
	3p	-	76	1	2	0	3	6
	3p	-	77	0	2	1	3	6
	3p	-	78	3	2	0	0	5
	3p	-	79	3	0	1	1	5
	3p	-	80	1	2	0	1	4
	3p	-	81	1	1	1	1	4
	3p	-	82	2	0	1	1	4
	3p	-	83	2	2	0	0	4
	3p	-	84	1	3	0	0	4
	3p	-	85	3	1	0	0	4
	3p	-	86	2	0	1	1	4
	3p	-	87	1	1	0	2	4
	3p	-	88	1	1	0	2	4
	3p	-	89	1	1	1	1	4
	3p	-	90	2	0	2	0	4
	3p	-	91	1	0	2	1	4
	3p	-	92	1	1	0	1	3
	3p	-	93	1	2	0	0	3
	3p	-	94	0	0	2	1	3
	3p	-	95	0	0	0	2	2
	3p	-	96	0	1	1	0	2
	3p	-	97	0	1	1	0	2
	3p	-	98	1	1	0	0	2
	3p	-	99	0	0	1	1	2
	3p	-	100	0	0	1	1	2
	5p	+	1	21	9	13	7	50
	5p	+	2	13	9	13	15	50
	5p	+	3	13	12	15	10	50
	5p	+	4	17	10	13	10	50
	5p	+	5	11	15	12	12	50
	5p	+	6	10	17	7	16	50
	5p	+	7	11	14	12	13	50
	5p	+	8	15	11	7	17	50
	5p	+	9	14	17	8	11	50
	5p	+	10	20	9	11	10	50
	5p	+	11	13	15	6	16	50
	5p	+	12	13	11	9	17	50
	5p	+	13	15	4	16	15	50
	5p	+	14	17	10	12	11	50
	5p	+	15	14	18	4	14	50
	5p	+	16	10	18	10	12	50
	5p	+	17	11	18	9	12	50
	5p	+	18	8	16	16	10	50
	5p	+	19	16	14	11	9	50
	5p	+	20	13	9	12	16	50
	5p	+	21	14	8	10	18	50
	5p	+	22	13	12	10	15	50
	5p	+	23	19	11	11	9	50
	5p	+	24	16	13	8	13	50
	5p	+	25	14	8	14	14	50
	5p	+	26	7	10	15	18	50
	5p	+	27	18	7	12	13	50
	5p	+	28	17	12	8	13	50
	5p	+	29	14	11	9	16	50
	5p	+	30	17	9	9	15	50
	5p	+	31	5	10	3	10	28
	5p	+	32	8	2	2	5	17
	5p	+	33	5	2	1	7	15
	5p	+	34	3	4	1	5	13
	5p	+	35	5	1	1	6	13
	5p	+	36	5	1	3	4	13
	5p	+	37	5	2	2	3	12
	5p	+	38	5	2	4	1	12
	5p	+	39	6	2	2	2	12
	5p	+	40	6	1	2	3	12
	5p	+	41	5	1	2	3	11
	5p	+	42	5	1	0	5	11
	5p	+	43	6	3	0	2	11
	5p	+	44	4	4	0	3	11
	5p	+	45	5	0	3	3	11
	5p	+	46	7	2	1	1	11
	5p	+	47	8	0	0	3	11
	5p	+	48	6	1	1	3	11
	5p	+	49	6	0	2	3	11
	5p	+	50	2	3	3	3	11
	5p	+	51	4	1	2	4	11
	5p	+	52	3	1	4	3	11
	5p	+	53	3	2	1	5	11
	5p	+	54	4	3	1	3	11
	5p	+	55	5	2	3	1	11
	5p	+	56	4	0	3	4	11
	5p	+	57	2	2	1	5	10
	5p	+	58	4	0	1	4	9
	5p	+	59	2	1	1	5	9
	5p	+	60	4	1	0	3	8
	5p	+	61	3	1	2	2	8
	5p	+	62	1	0	3	4	8
	5p	+	63	3	2	2	1	8
	5p	+	64	1	0	3	4	8
	5p	+	65	2	1	1	3	7
	5p	+	66	2	0	2	1	5
	5p	+	67	0	1	2	1	4
	5p	+	68	1	0	3	0	4
	5p	+	69	2	0	1	1	4
	5p	+	70	0	1	2	1	4
	5p	+	71	2	1	0	1	4
	5p	+	72	2	0	2	0	4
	5p	+	73	2	0	0	2	4
	5p	+	74	0	1	2	1	4
	5p	+	75	2	0	0	2	4
	5p	+	76	1	0	2	1	4
	5p	+	77	0	1	2	1	4
	5p	+	78	0	1	1	2	4
	5p	+	79	0	0	3	1	4
	5p	+	80	2	0	1	1	4
	5p	+	81	2	0	0	2	4
	5p	+	82	3	1	0	0	4
	5p	+	83	3	0	0	1	4
	5p	+	84	2	1	1	0	4
	5p	+	85	3	1	0	0	4
	5p	+	86	2	0	2	0	4
	5p	+	87	0	0	2	2	4
	5p	+	88	1	1	2	0	4
	5p	+	89	1	0	1	2	4
	5p	+	90	1	1	1	1	4
	5p	+	91	1	1	0	2	4
	5p	+	92	0	0	1	3	4
	5p	+	93	1	1	1	1	4
	5p	+	94	3	0	0	1	4
	5p	+	95	1	1	1	1	4
	5p	+	96	2	0	1	1	4
	5p	+	97	0	1	1	2	4
	5p	+	98	1	0	0	2	3
	5p	+	99	0	1	0	2	3
	5p	+	100	1	2	0	0	3
	5p	-	1	24	16	17	13	70
	5p	-	2	23	15	13	19	70
	5p	-	3	19	15	15	21	70
	5p	-	4	23	20	13	14	70
	5p	-	5	18	14	16	22	70
	5p	-	6	17	13	15	25	70
	5p	-	7	24	14	15	17	70
	5p	-	8	22	19	9	20	70
	5p	-	9	23	13	12	22	70
	5p	-	10	25	11	18	16	70
	5p	-	11	25	14	10	21	70
	5p	-	12	24	17	12	17	70
	5p	-	13	20	16	20	14	70
	5p	-	14	27	9	9	25	70
	5p	-	15	21	21	5	23	70
	5p	-	16	24	17	10	19	70
	5p	-	17	24	10	17	19	70
	5p	-	18	21	15	14	20	70
	5p	-	19	18	11	21	20	70
	5p	-	20	22	12	13	23	70
	5p	-	21	24	16	13	17	70
	5p	-	22	21	13	13	23	70
	5p	-	23	22	14	15	19	70
	5p	-	24	27	10	10	23	70
	5p	-	25	26	19	11	14	70
	5p	-	26	24	17	13	16	70
	5p	-	27	23	14	9	24	70
	5p	-	28	20	15	14	21	70
	5p	-	29	33	13	10	14	70
	5p	-	30	16	17	20	17	70
	5p	-	31	15	6	10	8	39
	5p	-	32	5	8	9	9	31
	5p	-	33	9	6	5	5	25
	5p	-	34	11	3	5	4	23
	5p	-	35	7	6	3	4	20
	5p	-	36	8	5	0	6	19
	5p	-	37	4	4	5	6	19
	5p	-	38	7	7	2	3	19
	5p	-	39	6	7	2	4	19
	5p	-	40	6	2	3	7	18
	5p	-	41	8	3	4	3	18
	5p	-	42	9	5	1	3	18
	5p	-	43	4	5	4	5	18
	5p	-	44	5	8	1	3	17
	5p	-	45	8	4	1	4	17
	5p	-	46	4	3	4	5	16
	5p	-	47	5	3	3	4	15
	5p	-	48	5	3	5	2	15
	5p	-	49	5	1	2	7	15
	5p	-	50	5	4	2	3	14
	5p	-	51	4	3	2	5	14
	5p	-	52	3	3	6	2	14
	5p	-	53	6	2	3	3	14
	5p	-	54	5	5	0	3	13
	5p	-	55	7	1	1	4	13
	5p	-	56	4	5	0	4	13
	5p	-	57	6	1	2	4	13
	5p	-	58	6	4	2	1	13
	5p	-	59	2	3	1	6	12
	5p	-	60	2	1	3	6	12
	5p	-	61	3	3	2	4	12
	5p	-	62	3	3	1	3	10
	5p	-	63	3	4	0	3	10
	5p	-	64	5	3	1	1	10
	5p	-	65	2	2	2	4	10
	5p	-	66	2	1	1	6	10
	5p	-	67	1	3	0	5	9
	5p	-	68	2	2	1	2	7
	5p	-	69	2	0	2	3	7
	5p	-	70	2	1	1	3	7
	5p	-	71	4	1	2	0	7
	5p	-	72	5	1	0	1	7
	5p	-	73	4	1	0	1	6
	5p	-	74	4	1	1	0	6
	5p	-	75	0	2	2	2	6
	5p	-	76	2	3	0	1	6
	5p	-	77	0	2	1	3	6
	5p	-	78	2	0	1	2	5
	5p	-	79	3	1	1	0	5
	5p	-	80	1	1	0	2	4
	5p	-	81	3	0	1	0	4
	5p	-	82	1	1	2	0	4
	5p	-	83	0	1	0	3	4
	5p	-	84	1	1	2	0	4
	5p	-	85	1	1	1	1	4
	5p	-	86	1	1	0	2	4
	5p	-	87	2	1	1	0	4
	5p	-	88	2	1	0	1	4
	5p	-	89	1	2	0	1	4
	5p	-	90	1	1	1	1	4
	5p	-	91	2	1	1	0	4
	5p	-	92	1	1	1	0	3
	5p	-	93	1	1	1	0	3
	5p	-	94	0	1	1	1	3
	5p	-	95	1	0	0	1	2
	5p	-	96	0	1	1	0	2
	5p	-	97	1	0	1	0	2
	5p	-	98	1	0	1	0	2
	5p	-	99	1	1	0	0	2
	5p	-	100	2	0	0	0	2
