# table produced by DamageProfiler
# using mapped file PcA007.ReedbuckBh_Human_nc.Target.rmdup.noMicro.bam
# Sample ID: PcA007.ReedbuckBh_Human_nc.Target.rmdup.noMicro.bam
Chr	End	Std	Pos	A	C	G	T	Total	G>A	C>T	A>G	T>C	A>C	A>T	C>G	C>A	T>G	T>A	G>C	G>T	A>-	T>-	C>-	G>-	->A	->T	->C	->G	S
	3p	+	1	17.0	10.0	9.0	14.0	50.0	0.0	1.0	0.0	0.0	1.0	0.0	0.0	0.0	0.0	0.0	0.0	0.0	0.0	0.0	0.0	0.0	0.0	0.0	0.0	0.0	0.0
	3p	+	2	15.0	9.0	9.0	17.0	50.0	0.0	0.0	1.0	2.0	0.0	0.0	0.0	0.0	1.0	0.0	0.0	1.0	0.0	0.0	0.0	0.0	0.0	0.0	0.0	0.0	0.0
	3p	+	3	16.0	14.0	9.0	11.0	50.0	0.0	0.0	0.0	0.0	1.0	0.0	1.0	0.0	2.0	0.0	0.0	0.0	0.0	0.0	0.0	0.0	0.0	0.0	0.0	0.0	0.0
	3p	+	4	17.0	9.0	13.0	11.0	50.0	0.0	0.0	1.0	0.0	0.0	0.0	0.0	0.0	0.0	0.0	0.0	1.0	0.0	0.0	0.0	0.0	0.0	0.0	0.0	0.0	0.0
	3p	+	5	9.0	9.0	15.0	17.0	50.0	0.0	0.0	0.0	0.0	0.0	0.0	0.0	0.0	0.0	0.0	0.0	1.0	0.0	0.0	0.0	0.0	0.0	0.0	0.0	0.0	0.0
	3p	+	6	18.0	8.0	12.0	11.0	49.0	0.0	0.0	0.0	0.0	1.0	0.0	0.0	0.0	0.0	0.0	0.0	1.0	0.0	0.0	0.0	0.0	0.0	0.0	0.0	0.0	0.0
	3p	+	7	14.0	11.0	9.0	15.0	49.0	0.0	0.0	0.0	1.0	0.0	0.0	0.0	0.0	1.0	1.0	0.0	1.0	0.0	0.0	0.0	0.0	1.0	0.0	0.0	0.0	0.0
	3p	+	8	17.0	10.0	11.0	11.0	49.0	1.0	0.0	0.0	0.0	0.0	0.0	0.0	0.0	0.0	0.0	0.0	0.0	0.0	0.0	0.0	0.0	0.0	0.0	1.0	0.0	0.0
	3p	+	9	12.0	12.0	12.0	12.0	48.0	1.0	2.0	0.0	0.0	0.0	0.0	0.0	1.0	1.0	1.0	0.0	0.0	0.0	0.0	0.0	0.0	1.0	0.0	0.0	0.0	0.0
	3p	+	10	17.0	10.0	9.0	11.0	47.0	0.0	0.0	1.0	0.0	1.0	0.0	0.0	0.0	0.0	0.0	0.0	0.0	0.0	0.0	0.0	0.0	0.0	0.0	0.0	0.0	0.0
	3p	+	11	12.0	11.0	12.0	11.0	46.0	0.0	1.0	1.0	0.0	0.0	0.0	0.0	0.0	1.0	0.0	0.0	0.0	0.0	0.0	0.0	0.0	0.0	0.0	0.0	2.0	0.0
	3p	+	12	16.0	8.0	13.0	9.0	46.0	0.0	0.0	0.0	0.0	1.0	1.0	0.0	0.0	0.0	0.0	1.0	0.0	0.0	0.0	0.0	0.0	0.0	0.0	3.0	0.0	0.0
	3p	+	13	16.0	7.0	11.0	12.0	46.0	0.0	0.0	1.0	0.0	1.0	1.0	0.0	0.0	0.0	0.0	0.0	0.0	0.0	0.0	0.0	0.0	1.0	0.0	1.0	1.0	0.0
	3p	+	14	12.0	13.0	12.0	12.0	49.0	0.0	1.0	0.0	0.0	0.0	0.0	0.0	0.0	1.0	0.0	0.0	0.0	0.0	0.0	0.0	0.0	0.0	0.0	0.0	0.0	0.0
	3p	+	15	14.0	15.0	8.0	11.0	48.0	0.0	1.0	1.0	2.0	1.0	1.0	1.0	0.0	2.0	0.0	0.0	0.0	0.0	0.0	0.0	0.0	0.0	0.0	1.0	0.0	0.0
	3p	+	16	13.0	16.0	6.0	13.0	48.0	0.0	0.0	0.0	1.0	0.0	1.0	0.0	1.0	1.0	0.0	1.0	0.0	0.0	0.0	0.0	0.0	1.0	0.0	0.0	0.0	0.0
	3p	+	17	16.0	10.0	10.0	10.0	46.0	0.0	0.0	0.0	0.0	1.0	1.0	0.0	0.0	0.0	0.0	0.0	0.0	0.0	0.0	0.0	0.0	3.0	0.0	0.0	0.0	0.0
	3p	+	18	21.0	6.0	12.0	10.0	49.0	0.0	0.0	1.0	0.0	0.0	0.0	1.0	0.0	0.0	1.0	0.0	0.0	0.0	0.0	0.0	0.0	0.0	0.0	0.0	0.0	0.0
	3p	+	19	15.0	10.0	8.0	15.0	48.0	0.0	0.0	0.0	0.0	0.0	0.0	0.0	0.0	0.0	1.0	0.0	0.0	0.0	0.0	0.0	0.0	0.0	0.0	0.0	1.0	0.0
	3p	+	20	14.0	11.0	7.0	14.0	46.0	0.0	0.0	0.0	0.0	0.0	0.0	0.0	0.0	0.0	0.0	0.0	1.0	0.0	0.0	0.0	0.0	2.0	0.0	0.0	0.0	0.0
	3p	+	21	11.0	15.0	11.0	10.0	47.0	0.0	0.0	0.0	0.0	0.0	0.0	0.0	0.0	0.0	0.0	0.0	0.0	0.0	0.0	0.0	0.0	1.0	0.0	0.0	1.0	0.0
	3p	+	22	15.0	12.0	8.0	11.0	46.0	0.0	0.0	0.0	0.0	0.0	0.0	0.0	0.0	0.0	1.0	0.0	0.0	0.0	0.0	0.0	0.0	0.0	0.0	1.0	0.0	0.0
	3p	+	23	14.0	14.0	9.0	12.0	49.0	1.0	0.0	0.0	0.0	0.0	0.0	0.0	0.0	0.0	0.0	1.0	1.0	0.0	0.0	0.0	0.0	0.0	0.0	0.0	0.0	0.0
	3p	+	24	13.0	8.0	11.0	16.0	48.0	0.0	2.0	0.0	0.0	0.0	0.0	0.0	0.0	1.0	0.0	1.0	1.0	0.0	0.0	0.0	0.0	0.0	0.0	0.0	1.0	0.0
	3p	+	25	11.0	16.0	5.0	15.0	47.0	1.0	0.0	0.0	0.0	0.0	1.0	0.0	0.0	1.0	0.0	0.0	0.0	0.0	0.0	0.0	0.0	0.0	0.0	0.0	2.0	0.0
	3p	+	26	9.0	12.0	11.0	12.0	44.0	0.0	0.0	0.0	1.0	1.0	0.0	0.0	0.0	0.0	0.0	0.0	0.0	0.0	0.0	0.0	0.0	1.0	0.0	2.0	0.0	0.0
	3p	+	27	16.0	14.0	6.0	12.0	48.0	1.0	0.0	0.0	0.0	0.0	0.0	1.0	0.0	0.0	0.0	1.0	0.0	0.0	0.0	0.0	0.0	0.0	0.0	0.0	0.0	0.0
	3p	+	28	9.0	11.0	15.0	13.0	48.0	1.0	0.0	0.0	0.0	0.0	1.0	0.0	0.0	0.0	0.0	0.0	0.0	0.0	0.0	0.0	0.0	0.0	0.0	0.0	1.0	0.0
	3p	+	29	13.0	5.0	16.0	15.0	49.0	0.0	0.0	0.0	0.0	0.0	0.0	0.0	0.0	1.0	0.0	0.0	0.0	0.0	0.0	0.0	0.0	0.0	0.0	0.0	0.0	0.0
	3p	+	30	16.0	10.0	9.0	14.0	49.0	0.0	0.0	0.0	0.0	0.0	2.0	0.0	0.0	0.0	1.0	0.0	0.0	0.0	0.0	0.0	0.0	0.0	0.0	0.0	0.0	0.0
	3p	+	31	7.0	9.0	3.0	9.0	28.0	0.0	0.0	0.0	1.0	0.0	0.0	0.0	0.0	0.0	1.0	0.0	0.0	0.0	0.0	0.0	0.0	0.0	0.0	0.0	0.0	0.0
	3p	+	32	2.0	2.0	5.0	8.0	17.0	0.0	0.0	0.0	0.0	0.0	0.0	0.0	0.0	0.0	0.0	0.0	0.0	0.0	0.0	0.0	0.0	0.0	0.0	0.0	0.0	0.0
	3p	+	33	5.0	2.0	3.0	5.0	15.0	0.0	0.0	0.0	0.0	0.0	0.0	0.0	0.0	0.0	0.0	0.0	0.0	0.0	0.0	0.0	0.0	0.0	0.0	0.0	0.0	0.0
	3p	+	34	4.0	1.0	3.0	5.0	13.0	0.0	0.0	0.0	0.0	0.0	0.0	0.0	0.0	0.0	0.0	0.0	0.0	0.0	0.0	0.0	0.0	0.0	0.0	0.0	0.0	0.0
	3p	+	35	5.0	3.0	2.0	3.0	13.0	0.0	1.0	0.0	0.0	0.0	0.0	0.0	0.0	0.0	0.0	0.0	0.0	0.0	0.0	0.0	0.0	0.0	0.0	0.0	0.0	0.0
	3p	+	36	4.0	1.0	1.0	7.0	13.0	0.0	1.0	0.0	0.0	0.0	0.0	0.0	0.0	0.0	0.0	0.0	0.0	0.0	0.0	0.0	0.0	0.0	0.0	0.0	0.0	0.0
	3p	+	37	5.0	2.0	1.0	4.0	12.0	0.0	0.0	0.0	0.0	0.0	0.0	0.0	0.0	0.0	0.0	0.0	0.0	0.0	0.0	0.0	0.0	0.0	0.0	0.0	0.0	0.0
	3p	+	38	6.0	2.0	1.0	3.0	12.0	0.0	0.0	0.0	0.0	0.0	0.0	0.0	0.0	0.0	0.0	0.0	0.0	0.0	0.0	0.0	0.0	0.0	0.0	0.0	0.0	0.0
	3p	+	39	7.0	3.0	0.0	2.0	12.0	0.0	0.0	0.0	0.0	0.0	0.0	0.0	0.0	0.0	0.0	0.0	0.0	0.0	0.0	0.0	0.0	0.0	0.0	0.0	0.0	0.0
	3p	+	40	6.0	2.0	2.0	2.0	12.0	0.0	0.0	0.0	0.0	1.0	0.0	0.0	0.0	0.0	0.0	0.0	0.0	0.0	0.0	0.0	0.0	0.0	0.0	0.0	0.0	0.0
	3p	+	41	3.0	1.0	3.0	4.0	11.0	0.0	0.0	0.0	0.0	0.0	0.0	0.0	0.0	0.0	0.0	0.0	0.0	0.0	0.0	0.0	0.0	0.0	0.0	0.0	0.0	0.0
	3p	+	42	0.0	2.0	3.0	6.0	11.0	0.0	0.0	0.0	0.0	0.0	0.0	0.0	0.0	0.0	0.0	0.0	0.0	0.0	0.0	0.0	0.0	0.0	0.0	0.0	0.0	0.0
	3p	+	43	4.0	3.0	1.0	3.0	11.0	0.0	0.0	0.0	0.0	0.0	0.0	0.0	0.0	0.0	0.0	0.0	0.0	0.0	0.0	0.0	0.0	0.0	0.0	0.0	0.0	0.0
	3p	+	44	3.0	3.0	2.0	3.0	11.0	0.0	0.0	0.0	0.0	0.0	0.0	0.0	0.0	0.0	0.0	0.0	0.0	0.0	0.0	0.0	0.0	0.0	0.0	0.0	0.0	0.0
	3p	+	45	3.0	1.0	3.0	4.0	11.0	0.0	0.0	0.0	0.0	0.0	0.0	0.0	0.0	0.0	0.0	0.0	0.0	0.0	0.0	0.0	0.0	0.0	0.0	0.0	0.0	0.0
	3p	+	46	6.0	1.0	0.0	4.0	11.0	0.0	0.0	0.0	0.0	0.0	0.0	0.0	0.0	0.0	0.0	0.0	0.0	0.0	0.0	0.0	0.0	0.0	0.0	0.0	0.0	0.0
	3p	+	47	3.0	3.0	2.0	3.0	11.0	0.0	0.0	0.0	0.0	0.0	0.0	0.0	0.0	0.0	0.0	0.0	1.0	0.0	0.0	0.0	0.0	0.0	0.0	0.0	0.0	0.0
	3p	+	48	4.0	4.0	0.0	3.0	11.0	0.0	0.0	0.0	0.0	0.0	0.0	0.0	0.0	0.0	0.0	0.0	0.0	0.0	0.0	0.0	0.0	0.0	0.0	0.0	0.0	0.0
	3p	+	49	4.0	4.0	0.0	3.0	11.0	0.0	0.0	0.0	0.0	0.0	0.0	1.0	0.0	1.0	0.0	0.0	0.0	0.0	0.0	0.0	0.0	0.0	0.0	0.0	0.0	0.0
	3p	+	50	5.0	2.0	1.0	3.0	11.0	0.0	0.0	0.0	0.0	0.0	0.0	0.0	0.0	0.0	0.0	0.0	0.0	0.0	0.0	0.0	0.0	0.0	0.0	0.0	0.0	0.0
	3p	+	51	5.0	2.0	1.0	3.0	11.0	0.0	0.0	0.0	0.0	0.0	0.0	0.0	0.0	0.0	0.0	0.0	0.0	0.0	0.0	0.0	0.0	0.0	0.0	0.0	0.0	0.0
	3p	+	52	5.0	0.0	1.0	5.0	11.0	0.0	0.0	0.0	0.0	0.0	0.0	0.0	0.0	0.0	0.0	0.0	0.0	0.0	0.0	0.0	0.0	0.0	0.0	0.0	0.0	0.0
	3p	+	53	2.0	3.0	3.0	3.0	11.0	0.0	0.0	0.0	0.0	0.0	0.0	0.0	0.0	0.0	0.0	0.0	0.0	0.0	0.0	0.0	0.0	0.0	0.0	0.0	0.0	0.0
	3p	+	54	3.0	1.0	3.0	4.0	11.0	0.0	0.0	0.0	0.0	0.0	0.0	0.0	0.0	0.0	0.0	0.0	0.0	0.0	0.0	0.0	0.0	0.0	0.0	0.0	0.0	0.0
	3p	+	55	7.0	0.0	2.0	2.0	11.0	0.0	0.0	0.0	0.0	0.0	0.0	0.0	0.0	0.0	0.0	0.0	0.0	0.0	0.0	0.0	0.0	0.0	0.0	0.0	0.0	0.0
	3p	+	56	4.0	2.0	1.0	4.0	11.0	0.0	0.0	1.0	0.0	0.0	0.0	0.0	1.0	0.0	0.0	0.0	0.0	0.0	0.0	0.0	0.0	0.0	0.0	0.0	0.0	0.0
	3p	+	57	5.0	1.0	1.0	3.0	10.0	0.0	0.0	0.0	0.0	0.0	0.0	0.0	0.0	0.0	0.0	0.0	0.0	0.0	0.0	0.0	0.0	0.0	0.0	0.0	0.0	0.0
	3p	+	58	5.0	3.0	1.0	0.0	9.0	0.0	0.0	0.0	0.0	0.0	1.0	0.0	0.0	0.0	0.0	0.0	0.0	0.0	0.0	0.0	0.0	0.0	0.0	0.0	0.0	0.0
	3p	+	59	3.0	1.0	1.0	3.0	8.0	0.0	0.0	0.0	1.0	0.0	0.0	0.0	0.0	0.0	0.0	0.0	0.0	0.0	0.0	0.0	0.0	1.0	0.0	0.0	0.0	0.0
	3p	+	60	1.0	2.0	2.0	3.0	8.0	0.0	0.0	0.0	0.0	0.0	0.0	0.0	0.0	0.0	0.0	0.0	0.0	0.0	0.0	0.0	0.0	0.0	0.0	0.0	0.0	0.0
	3p	+	61	2.0	0.0	4.0	2.0	8.0	0.0	0.0	0.0	0.0	0.0	0.0	0.0	0.0	0.0	0.0	0.0	0.0	0.0	0.0	0.0	0.0	0.0	0.0	0.0	0.0	0.0
	3p	+	62	4.0	0.0	3.0	1.0	8.0	0.0	0.0	0.0	0.0	0.0	0.0	0.0	0.0	0.0	0.0	0.0	0.0	0.0	0.0	0.0	0.0	0.0	0.0	0.0	0.0	0.0
	3p	+	63	1.0	3.0	2.0	2.0	8.0	0.0	0.0	0.0	0.0	0.0	0.0	0.0	0.0	0.0	0.0	0.0	0.0	0.0	0.0	0.0	0.0	0.0	0.0	0.0	0.0	0.0
	3p	+	64	3.0	2.0	1.0	2.0	8.0	0.0	0.0	0.0	0.0	0.0	0.0	0.0	0.0	0.0	0.0	0.0	0.0	0.0	0.0	0.0	0.0	0.0	0.0	0.0	0.0	0.0
	3p	+	65	3.0	0.0	1.0	3.0	7.0	0.0	0.0	1.0	0.0	0.0	0.0	0.0	0.0	0.0	0.0	0.0	0.0	0.0	0.0	0.0	0.0	0.0	0.0	0.0	0.0	0.0
	3p	+	66	1.0	0.0	2.0	2.0	5.0	0.0	0.0	0.0	0.0	0.0	0.0	0.0	0.0	0.0	0.0	0.0	0.0	0.0	0.0	0.0	0.0	0.0	0.0	0.0	0.0	0.0
	3p	+	67	1.0	0.0	2.0	1.0	4.0	0.0	0.0	0.0	0.0	0.0	0.0	0.0	0.0	0.0	0.0	0.0	0.0	0.0	0.0	0.0	0.0	0.0	0.0	0.0	0.0	0.0
	3p	+	68	1.0	0.0	2.0	1.0	4.0	0.0	0.0	0.0	0.0	0.0	0.0	0.0	0.0	0.0	0.0	0.0	0.0	0.0	0.0	0.0	0.0	0.0	0.0	0.0	0.0	0.0
	3p	+	69	1.0	1.0	2.0	0.0	4.0	0.0	0.0	0.0	0.0	0.0	0.0	0.0	0.0	0.0	0.0	0.0	0.0	0.0	0.0	0.0	0.0	0.0	0.0	0.0	0.0	0.0
	3p	+	70	2.0	0.0	1.0	1.0	4.0	1.0	0.0	0.0	0.0	0.0	0.0	0.0	0.0	0.0	0.0	0.0	0.0	0.0	0.0	0.0	0.0	0.0	0.0	0.0	0.0	0.0
	3p	+	71	0.0	1.0	1.0	2.0	4.0	0.0	0.0	0.0	0.0	0.0	0.0	0.0	0.0	0.0	0.0	0.0	0.0	0.0	0.0	0.0	0.0	0.0	0.0	0.0	0.0	0.0
	3p	+	72	1.0	1.0	1.0	1.0	4.0	0.0	0.0	0.0	0.0	0.0	0.0	0.0	0.0	0.0	0.0	0.0	0.0	0.0	0.0	0.0	0.0	0.0	0.0	0.0	0.0	0.0
	3p	+	73	0.0	0.0	2.0	2.0	4.0	0.0	0.0	0.0	1.0	0.0	0.0	0.0	0.0	0.0	0.0	0.0	0.0	0.0	0.0	0.0	0.0	0.0	0.0	0.0	0.0	0.0
	3p	+	74	2.0	1.0	0.0	1.0	4.0	0.0	1.0	0.0	0.0	0.0	0.0	0.0	0.0	0.0	0.0	0.0	0.0	0.0	0.0	0.0	0.0	0.0	0.0	0.0	0.0	0.0
	3p	+	75	2.0	1.0	1.0	0.0	4.0	0.0	0.0	0.0	0.0	0.0	0.0	0.0	0.0	0.0	0.0	0.0	0.0	0.0	0.0	0.0	0.0	0.0	0.0	0.0	0.0	0.0
	3p	+	76	1.0	1.0	0.0	2.0	4.0	0.0	0.0	0.0	0.0	0.0	0.0	0.0	0.0	0.0	0.0	0.0	0.0	0.0	0.0	0.0	0.0	0.0	0.0	0.0	0.0	0.0
	3p	+	77	1.0	0.0	1.0	2.0	4.0	0.0	0.0	0.0	0.0	0.0	0.0	0.0	0.0	0.0	0.0	0.0	0.0	0.0	0.0	0.0	0.0	0.0	0.0	0.0	0.0	0.0
	3p	+	78	1.0	1.0	1.0	1.0	4.0	0.0	0.0	0.0	0.0	0.0	0.0	0.0	0.0	0.0	0.0	0.0	0.0	0.0	0.0	0.0	0.0	0.0	0.0	0.0	0.0	0.0
	3p	+	79	2.0	1.0	0.0	1.0	4.0	0.0	0.0	0.0	0.0	0.0	0.0	0.0	0.0	0.0	0.0	0.0	0.0	0.0	0.0	0.0	0.0	0.0	0.0	0.0	0.0	0.0
	3p	+	80	0.0	2.0	1.0	1.0	4.0	0.0	0.0	0.0	1.0	0.0	0.0	0.0	0.0	0.0	0.0	0.0	0.0	0.0	0.0	0.0	0.0	0.0	0.0	0.0	0.0	0.0
	3p	+	81	1.0	1.0	0.0	2.0	4.0	0.0	0.0	0.0	0.0	0.0	0.0	0.0	0.0	0.0	0.0	0.0	0.0	0.0	0.0	0.0	0.0	0.0	0.0	0.0	0.0	0.0
	3p	+	82	1.0	1.0	0.0	2.0	4.0	0.0	0.0	0.0	0.0	0.0	0.0	0.0	0.0	0.0	0.0	0.0	0.0	0.0	0.0	0.0	0.0	0.0	0.0	0.0	0.0	0.0
	3p	+	83	2.0	0.0	1.0	1.0	4.0	0.0	0.0	0.0	0.0	0.0	0.0	0.0	0.0	0.0	0.0	0.0	0.0	0.0	0.0	0.0	0.0	0.0	0.0	0.0	0.0	0.0
	3p	+	84	1.0	2.0	0.0	1.0	4.0	0.0	0.0	0.0	0.0	0.0	0.0	0.0	0.0	0.0	0.0	0.0	0.0	0.0	0.0	0.0	0.0	0.0	0.0	0.0	0.0	0.0
	3p	+	85	1.0	2.0	0.0	1.0	4.0	0.0	0.0	0.0	0.0	0.0	0.0	0.0	0.0	0.0	0.0	0.0	0.0	0.0	0.0	0.0	0.0	0.0	0.0	0.0	0.0	0.0
	3p	+	86	0.0	0.0	0.0	4.0	4.0	0.0	0.0	0.0	0.0	0.0	0.0	0.0	0.0	0.0	0.0	0.0	0.0	0.0	0.0	0.0	0.0	0.0	0.0	0.0	0.0	0.0
	3p	+	87	3.0	0.0	1.0	0.0	4.0	0.0	0.0	0.0	0.0	0.0	0.0	0.0	0.0	0.0	0.0	0.0	0.0	0.0	0.0	0.0	0.0	0.0	0.0	0.0	0.0	0.0
	3p	+	88	2.0	0.0	0.0	2.0	4.0	0.0	0.0	0.0	0.0	0.0	0.0	0.0	0.0	0.0	0.0	0.0	0.0	0.0	0.0	0.0	0.0	0.0	0.0	0.0	0.0	0.0
	3p	+	89	1.0	0.0	2.0	1.0	4.0	0.0	0.0	0.0	0.0	0.0	0.0	0.0	0.0	0.0	0.0	0.0	0.0	0.0	0.0	0.0	0.0	0.0	0.0	0.0	0.0	0.0
	3p	+	90	2.0	0.0	1.0	1.0	4.0	0.0	0.0	0.0	0.0	0.0	0.0	0.0	0.0	0.0	0.0	0.0	0.0	0.0	0.0	0.0	0.0	0.0	0.0	0.0	0.0	0.0
	3p	+	91	1.0	1.0	1.0	1.0	4.0	0.0	0.0	0.0	0.0	0.0	0.0	0.0	0.0	0.0	0.0	0.0	0.0	0.0	0.0	0.0	0.0	0.0	0.0	0.0	0.0	0.0
	3p	+	92	2.0	1.0	0.0	1.0	4.0	0.0	0.0	0.0	0.0	0.0	0.0	0.0	0.0	0.0	0.0	0.0	0.0	0.0	0.0	0.0	0.0	0.0	0.0	0.0	0.0	0.0
	3p	+	93	1.0	2.0	1.0	0.0	4.0	0.0	1.0	0.0	0.0	0.0	0.0	0.0	0.0	0.0	0.0	1.0	0.0	0.0	0.0	0.0	0.0	0.0	0.0	0.0	0.0	0.0
	3p	+	94	2.0	0.0	0.0	2.0	4.0	0.0	0.0	0.0	0.0	0.0	0.0	0.0	0.0	0.0	0.0	0.0	0.0	0.0	0.0	0.0	0.0	0.0	0.0	0.0	0.0	0.0
	3p	+	95	0.0	1.0	1.0	2.0	4.0	0.0	0.0	0.0	0.0	0.0	0.0	0.0	0.0	0.0	0.0	0.0	0.0	0.0	0.0	0.0	0.0	0.0	0.0	0.0	0.0	0.0
	3p	+	96	2.0	1.0	0.0	1.0	4.0	0.0	0.0	0.0	0.0	0.0	0.0	0.0	0.0	0.0	0.0	0.0	0.0	0.0	0.0	0.0	0.0	0.0	0.0	0.0	0.0	0.0
	3p	+	97	0.0	0.0	1.0	3.0	4.0	0.0	0.0	0.0	0.0	0.0	0.0	0.0	0.0	0.0	0.0	0.0	0.0	0.0	0.0	0.0	0.0	0.0	0.0	0.0	0.0	0.0
	3p	+	98	2.0	1.0	0.0	0.0	3.0	0.0	0.0	0.0	0.0	0.0	1.0	0.0	0.0	0.0	0.0	0.0	0.0	0.0	0.0	0.0	0.0	0.0	0.0	0.0	0.0	0.0
	3p	+	99	0.0	0.0	2.0	1.0	3.0	0.0	0.0	0.0	0.0	0.0	0.0	0.0	0.0	0.0	0.0	0.0	0.0	0.0	0.0	0.0	0.0	0.0	0.0	0.0	0.0	0.0
	3p	+	100	2.0	0.0	0.0	1.0	3.0	0.0	0.0	0.0	0.0	0.0	0.0	0.0	0.0	0.0	0.0	0.0	0.0	0.0	0.0	0.0	0.0	0.0	0.0	0.0	0.0	0.0
	3p	-	1	16.0	16.0	20.0	18.0	70.0	2.0	0.0	0.0	0.0	1.0	0.0	0.0	0.0	1.0	1.0	0.0	1.00.0	0.0	0.0	0.0	0.0	0.0	0.0	0.0	0.0
	3p	-	2	30.0	15.0	15.0	10.0	70.0	0.0	0.0	1.0	0.0	1.0	0.0	0.0	0.0	1.0	0.0	1.0	1.00.0	0.0	0.0	0.0	0.0	0.0	0.0	0.0	0.0
	3p	-	3	21.0	19.0	11.0	19.0	70.0	1.0	0.0	0.0	0.0	0.0	0.0	1.0	0.0	2.0	0.0	0.0	0.00.0	0.0	0.0	0.0	0.0	0.0	0.0	0.0	0.0
	3p	-	4	25.0	14.0	15.0	16.0	70.0	0.0	1.0	0.0	1.0	0.0	0.0	1.0	0.0	0.0	0.0	0.0	0.00.0	0.0	0.0	0.0	0.0	0.0	0.0	0.0	0.0
	3p	-	5	23.0	15.0	14.0	17.0	69.0	3.0	1.0	0.0	0.0	1.0	0.0	0.0	0.0	0.0	0.0	0.0	0.00.0	0.0	0.0	0.0	1.0	0.0	0.0	0.0	0.0
	3p	-	6	19.0	19.0	15.0	16.0	69.0	3.0	0.0	1.0	0.0	0.0	0.0	0.0	0.0	0.0	0.0	0.0	0.00.0	0.0	0.0	0.0	1.0	0.0	0.0	0.0	0.0
	3p	-	7	20.0	16.0	14.0	20.0	70.0	1.0	0.0	1.0	0.0	0.0	0.0	0.0	1.0	0.0	2.0	0.0	1.00.0	0.0	0.0	0.0	0.0	0.0	0.0	0.0	0.0
	3p	-	8	29.0	15.0	7.0	15.0	66.0	0.0	0.0	1.0	0.0	0.0	0.0	0.0	1.0	0.0	0.0	0.0	0.00.0	0.0	0.0	0.0	1.0	0.0	1.0	0.0	0.0
	3p	-	9	18.0	14.0	16.0	20.0	68.0	2.0	0.0	0.0	0.0	0.0	0.0	0.0	0.0	1.0	0.0	0.0	0.00.0	0.0	0.0	0.0	1.0	0.0	0.0	0.0	0.0
	3p	-	10	27.0	12.0	11.0	20.0	70.0	0.0	0.0	1.0	2.0	0.0	2.0	0.0	0.0	0.0	0.0	0.0	0.00.0	0.0	0.0	0.0	0.0	0.0	0.0	0.0	0.0
	3p	-	11	27.0	17.0	12.0	12.0	68.0	2.0	1.0	1.0	0.0	0.0	0.0	0.0	0.0	0.0	1.0	0.0	1.00.0	0.0	0.0	0.0	0.0	0.0	0.0	1.0	0.0
	3p	-	12	21.0	14.0	18.0	14.0	67.0	0.0	0.0	0.0	1.0	0.0	0.0	0.0	1.0	0.0	0.0	0.0	0.00.0	0.0	0.0	0.0	0.0	0.0	2.0	1.0	0.0
	3p	-	13	19.0	9.0	14.0	28.0	70.0	1.0	0.0	0.0	1.0	0.0	0.0	0.0	0.0	0.0	1.0	0.0	0.00.0	0.0	0.0	0.0	0.0	0.0	0.0	0.0	0.0
	3p	-	14	25.0	8.0	18.0	18.0	69.0	0.0	0.0	0.0	0.0	0.0	0.0	0.0	1.0	0.0	0.0	0.0	0.00.0	0.0	0.0	0.0	0.0	0.0	0.0	1.0	0.0
	3p	-	15	16.0	17.0	14.0	23.0	70.0	0.0	0.0	0.0	0.0	0.0	0.0	1.0	0.0	0.0	0.0	1.0	1.00.0	0.0	0.0	0.0	0.0	0.0	0.0	0.0	0.0
	3p	-	16	14.0	22.0	11.0	23.0	70.0	0.0	0.0	0.0	0.0	0.0	0.0	0.0	0.0	0.0	1.0	0.0	1.00.0	0.0	0.0	0.0	0.0	0.0	0.0	0.0	0.0
	3p	-	17	25.0	11.0	10.0	22.0	68.0	0.0	0.0	0.0	0.0	0.0	1.0	0.0	0.0	0.0	1.0	0.0	0.00.0	0.0	0.0	0.0	0.0	0.0	0.0	0.0	0.0
	3p	-	18	25.0	11.0	18.0	16.0	70.0	0.0	0.0	1.0	1.0	0.0	1.0	0.0	0.0	0.0	1.0	0.0	0.00.0	0.0	0.0	0.0	0.0	0.0	0.0	0.0	0.0
	3p	-	19	19.0	11.0	13.0	23.0	66.0	1.0	0.0	0.0	0.0	0.0	0.0	0.0	0.0	2.0	1.0	0.0	0.00.0	0.0	0.0	0.0	1.0	0.0	2.0	1.0	0.0
	3p	-	20	32.0	12.0	8.0	17.0	69.0	0.0	0.0	0.0	0.0	0.0	0.0	0.0	1.0	1.0	1.0	1.0	0.00.0	0.0	0.0	0.0	0.0	0.0	0.0	0.0	0.0
	3p	-	21	20.0	16.0	14.0	16.0	66.0	0.0	0.0	0.0	0.0	0.0	0.0	1.0	0.0	1.0	0.0	2.0	0.00.0	0.0	0.0	0.0	0.0	0.0	0.0	2.0	0.0
	3p	-	22	20.0	17.0	14.0	16.0	67.0	0.0	2.0	1.0	0.0	0.0	0.0	0.0	1.0	0.0	1.0	0.0	0.00.0	0.0	0.0	0.0	1.0	0.0	0.0	1.0	0.0
	3p	-	23	25.0	13.0	11.0	20.0	69.0	1.0	0.0	0.0	1.0	1.0	0.0	0.0	0.0	0.0	0.0	0.0	0.00.0	0.0	0.0	0.0	0.0	0.0	1.0	0.0	0.0
	3p	-	24	29.0	11.0	9.0	17.0	66.0	0.0	0.0	2.0	1.0	0.0	1.0	0.0	0.0	0.0	1.0	0.0	0.00.0	0.0	0.0	0.0	2.0	0.0	1.0	0.0	0.0
	3p	-	25	25.0	13.0	9.0	21.0	68.0	1.0	1.0	0.0	0.0	0.0	2.0	1.0	0.0	1.0	0.0	0.0	0.00.0	0.0	0.0	0.0	1.0	0.0	0.0	1.0	0.0
	3p	-	26	19.0	13.0	18.0	18.0	68.0	0.0	0.0	0.0	1.0	0.0	0.0	0.0	0.0	0.0	0.0	0.0	1.00.0	0.0	0.0	0.0	0.0	0.0	0.0	1.0	0.0
	3p	-	27	19.0	15.0	15.0	21.0	70.0	1.0	0.0	0.0	1.0	0.0	1.0	0.0	0.0	0.0	0.0	1.0	0.00.0	0.0	0.0	0.0	0.0	0.0	0.0	0.0	0.0
	3p	-	28	21.0	15.0	15.0	19.0	70.0	0.0	0.0	0.0	0.0	0.0	0.0	0.0	0.0	0.0	0.0	0.0	1.00.0	0.0	0.0	0.0	0.0	0.0	0.0	0.0	0.0
	3p	-	29	28.0	14.0	13.0	15.0	70.0	1.0	0.0	0.0	0.0	2.0	2.0	0.0	0.0	0.0	0.0	0.0	0.00.0	0.0	0.0	0.0	0.0	0.0	0.0	0.0	0.0
	3p	-	30	22.0	17.0	15.0	16.0	70.0	1.0	0.0	0.0	0.0	2.0	0.0	1.0	1.0	0.0	1.0	0.0	0.00.0	0.0	0.0	0.0	0.0	0.0	0.0	0.0	0.0
	3p	-	31	13.0	10.0	7.0	9.0	39.0	1.0	0.0	0.0	0.0	1.0	0.0	0.0	0.0	1.0	0.0	1.0	0.00.0	0.0	0.0	0.0	0.0	0.0	0.0	0.0	0.0
	3p	-	32	8.0	7.0	8.0	8.0	31.0	0.0	0.0	0.0	0.0	0.0	1.0	0.0	0.0	0.0	0.0	0.0	0.00.0	0.0	0.0	0.0	0.0	0.0	0.0	0.0	0.0
	3p	-	33	9.0	5.0	3.0	8.0	25.0	1.0	0.0	1.0	0.0	0.0	0.0	1.0	0.0	0.0	0.0	0.0	0.00.0	0.0	0.0	0.0	0.0	0.0	0.0	0.0	0.0
	3p	-	34	8.0	3.0	2.0	10.0	23.0	0.0	0.0	0.0	1.0	0.0	0.0	0.0	0.0	0.0	0.0	0.0	0.00.0	0.0	0.0	0.0	0.0	0.0	0.0	0.0	0.0
	3p	-	35	5.0	10.0	0.0	5.0	20.0	0.0	0.0	0.0	0.0	0.0	0.0	1.0	0.0	0.0	0.0	0.0	0.00.0	0.0	0.0	0.0	0.0	0.0	0.0	0.0	0.0
	3p	-	36	4.0	7.0	2.0	6.0	19.0	0.0	0.0	1.0	1.0	0.0	0.0	0.0	0.0	0.0	0.0	0.0	0.00.0	0.0	0.0	0.0	0.0	0.0	0.0	0.0	0.0
	3p	-	37	11.0	1.0	2.0	5.0	19.0	2.0	0.0	0.0	0.0	0.0	0.0	0.0	0.0	0.0	0.0	0.0	0.00.0	0.0	0.0	0.0	0.0	0.0	0.0	0.0	0.0
	3p	-	38	5.0	4.0	5.0	5.0	19.0	1.0	0.0	0.0	0.0	0.0	0.0	0.0	0.0	0.0	0.0	0.0	0.00.0	0.0	0.0	0.0	0.0	0.0	0.0	0.0	0.0
	3p	-	39	8.0	3.0	2.0	6.0	19.0	0.0	0.0	0.0	1.0	0.0	0.0	0.0	0.0	0.0	0.0	0.0	0.00.0	0.0	0.0	0.0	0.0	0.0	0.0	0.0	0.0
	3p	-	40	6.0	3.0	2.0	7.0	18.0	0.0	0.0	0.0	0.0	0.0	0.0	0.0	0.0	0.0	0.0	0.0	0.00.0	0.0	0.0	0.0	0.0	0.0	0.0	0.0	0.0
	3p	-	41	5.0	4.0	5.0	4.0	18.0	0.0	0.0	0.0	0.0	0.0	0.0	0.0	0.0	0.0	0.0	0.0	0.00.0	0.0	0.0	0.0	0.0	0.0	0.0	0.0	0.0
	3p	-	42	5.0	2.0	3.0	8.0	18.0	0.0	0.0	0.0	0.0	0.0	0.0	0.0	0.0	0.0	0.0	0.0	0.00.0	0.0	0.0	0.0	0.0	0.0	0.0	0.0	0.0
	3p	-	43	1.0	4.0	8.0	5.0	18.0	0.0	0.0	0.0	0.0	0.0	0.0	0.0	0.0	0.0	0.0	0.0	0.00.0	0.0	0.0	0.0	0.0	0.0	0.0	0.0	0.0
	3p	-	44	10.0	1.0	1.0	5.0	17.0	0.0	0.0	0.0	0.0	0.0	0.0	0.0	0.0	0.0	0.0	0.0	0.00.0	0.0	0.0	0.0	0.0	0.0	0.0	0.0	0.0
	3p	-	45	9.0	5.0	0.0	3.0	17.0	0.0	0.0	2.0	0.0	0.0	0.0	0.0	0.0	0.0	0.0	0.0	0.00.0	0.0	0.0	0.0	0.0	0.0	0.0	0.0	0.0
	3p	-	46	5.0	3.0	3.0	5.0	16.0	0.0	0.0	0.0	0.0	0.0	0.0	0.0	0.0	0.0	0.0	0.0	0.00.0	0.0	0.0	0.0	0.0	0.0	0.0	0.0	0.0
	3p	-	47	6.0	0.0	5.0	4.0	15.0	0.0	0.0	0.0	0.0	0.0	0.0	0.0	0.0	0.0	0.0	0.0	0.00.0	0.0	0.0	0.0	0.0	0.0	0.0	0.0	0.0
	3p	-	48	3.0	5.0	2.0	5.0	15.0	0.0	0.0	0.0	0.0	0.0	0.0	0.0	0.0	0.0	0.0	0.0	0.00.0	0.0	0.0	0.0	0.0	0.0	0.0	0.0	0.0
	3p	-	49	3.0	2.0	6.0	4.0	15.0	0.0	0.0	0.0	1.0	0.0	0.0	0.0	0.0	0.0	0.0	0.0	0.00.0	0.0	0.0	0.0	0.0	0.0	0.0	0.0	0.0
	3p	-	50	4.0	2.0	2.0	6.0	14.0	0.0	1.0	0.0	0.0	0.0	0.0	0.0	0.0	0.0	0.0	0.0	0.00.0	0.0	0.0	0.0	0.0	0.0	0.0	0.0	0.0
	3p	-	51	4.0	4.0	0.0	6.0	14.0	0.0	0.0	0.0	0.0	0.0	0.0	0.0	0.0	0.0	0.0	0.0	0.00.0	0.0	0.0	0.0	0.0	0.0	0.0	0.0	0.0
	3p	-	52	5.0	5.0	2.0	2.0	14.0	0.0	0.0	0.0	0.0	0.0	0.0	0.0	0.0	0.0	0.0	0.0	0.00.0	0.0	0.0	0.0	0.0	0.0	0.0	0.0	0.0
	3p	-	53	5.0	4.0	3.0	2.0	14.0	0.0	0.0	0.0	0.0	0.0	0.0	0.0	0.0	0.0	0.0	0.0	0.00.0	0.0	0.0	0.0	0.0	0.0	0.0	0.0	0.0
	3p	-	54	3.0	5.0	2.0	3.0	13.0	0.0	0.0	0.0	0.0	0.0	0.0	0.0	0.0	0.0	0.0	0.0	0.00.0	0.0	0.0	0.0	0.0	0.0	0.0	0.0	0.0
	3p	-	55	4.0	2.0	4.0	3.0	13.0	0.0	1.0	0.0	0.0	0.0	0.0	0.0	0.0	0.0	0.0	0.0	0.00.0	0.0	0.0	0.0	0.0	0.0	0.0	0.0	0.0
	3p	-	56	0.0	2.0	1.0	10.0	13.0	0.0	0.0	0.0	1.0	0.0	0.0	0.0	0.0	0.0	0.0	0.0	0.00.0	0.0	0.0	0.0	0.0	0.0	0.0	0.0	0.0
	3p	-	57	4.0	3.0	1.0	5.0	13.0	0.0	0.0	0.0	0.0	0.0	0.0	0.0	0.0	0.0	0.0	0.0	0.00.0	0.0	0.0	0.0	0.0	0.0	0.0	0.0	0.0
	3p	-	58	5.0	1.0	4.0	3.0	13.0	0.0	0.0	0.0	0.0	0.0	0.0	0.0	0.0	0.0	0.0	0.0	0.00.0	0.0	0.0	0.0	0.0	0.0	0.0	0.0	0.0
	3p	-	59	5.0	0.0	5.0	2.0	12.0	1.0	0.0	0.0	0.0	0.0	1.0	0.0	0.0	0.0	0.0	0.0	0.00.0	0.0	0.0	0.0	0.0	0.0	0.0	0.0	0.0
	3p	-	60	2.0	5.0	3.0	2.0	12.0	0.0	0.0	0.0	0.0	0.0	1.0	0.0	0.0	0.0	0.0	0.0	0.00.0	0.0	0.0	0.0	0.0	0.0	0.0	0.0	0.0
	3p	-	61	4.0	3.0	2.0	3.0	12.0	0.0	0.0	0.0	0.0	0.0	0.0	0.0	0.0	0.0	0.0	0.0	0.00.0	0.0	0.0	0.0	0.0	0.0	0.0	0.0	0.0
	3p	-	62	2.0	3.0	2.0	3.0	10.0	1.0	0.0	0.0	0.0	0.0	0.0	0.0	0.0	0.0	0.0	0.0	0.00.0	0.0	0.0	0.0	0.0	0.0	0.0	0.0	0.0
	3p	-	63	2.0	1.0	4.0	3.0	10.0	0.0	0.0	0.0	0.0	0.0	0.0	0.0	0.0	0.0	0.0	0.0	0.00.0	0.0	0.0	0.0	0.0	0.0	0.0	0.0	0.0
	3p	-	64	3.0	3.0	3.0	1.0	10.0	0.0	0.0	0.0	0.0	0.0	0.0	0.0	0.0	0.0	0.0	0.0	0.00.0	0.0	0.0	0.0	0.0	0.0	0.0	0.0	0.0
	3p	-	65	4.0	2.0	0.0	4.0	10.0	0.0	0.0	0.0	0.0	0.0	0.0	0.0	0.0	0.0	0.0	0.0	0.00.0	0.0	0.0	0.0	0.0	0.0	0.0	0.0	0.0
	3p	-	66	4.0	3.0	0.0	3.0	10.0	0.0	0.0	0.0	0.0	0.0	0.0	0.0	0.0	0.0	0.0	0.0	0.00.0	0.0	0.0	0.0	0.0	0.0	0.0	0.0	0.0
	3p	-	67	3.0	3.0	2.0	1.0	9.0	0.0	0.0	0.0	0.0	0.0	0.0	0.0	0.0	0.0	0.0	0.0	0.00.0	0.0	0.0	0.0	0.0	0.0	0.0	0.0	0.0
	3p	-	68	2.0	2.0	0.0	3.0	7.0	0.0	0.0	0.0	0.0	0.0	0.0	0.0	1.0	0.0	0.0	0.0	0.00.0	0.0	0.0	0.0	0.0	0.0	0.0	0.0	0.0
	3p	-	69	1.0	1.0	2.0	3.0	7.0	0.0	0.0	0.0	0.0	0.0	0.0	0.0	0.0	0.0	0.0	0.0	0.00.0	0.0	0.0	0.0	0.0	0.0	0.0	0.0	0.0
	3p	-	70	2.0	1.0	0.0	4.0	7.0	0.0	0.0	0.0	0.0	0.0	0.0	0.0	0.0	0.0	0.0	0.0	0.00.0	0.0	0.0	0.0	0.0	0.0	0.0	0.0	0.0
	3p	-	71	1.0	3.0	1.0	2.0	7.0	0.0	0.0	0.0	0.0	0.0	0.0	0.0	0.0	0.0	0.0	0.0	0.00.0	0.0	0.0	0.0	0.0	0.0	0.0	0.0	0.0
	3p	-	72	2.0	1.0	0.0	4.0	7.0	0.0	0.0	0.0	0.0	0.0	0.0	0.0	0.0	0.0	0.0	0.0	0.00.0	0.0	0.0	0.0	0.0	0.0	0.0	0.0	0.0
	3p	-	73	1.0	1.0	0.0	4.0	6.0	0.0	0.0	0.0	0.0	0.0	0.0	0.0	0.0	0.0	0.0	0.0	0.00.0	0.0	0.0	0.0	0.0	0.0	0.0	0.0	0.0
	3p	-	74	3.0	1.0	0.0	2.0	6.0	0.0	0.0	0.0	0.0	0.0	0.0	0.0	0.0	0.0	0.0	0.0	0.00.0	0.0	0.0	0.0	0.0	0.0	0.0	0.0	0.0
	3p	-	75	1.0	1.0	1.0	3.0	6.0	0.0	0.0	0.0	0.0	0.0	0.0	0.0	0.0	0.0	0.0	0.0	0.00.0	0.0	0.0	0.0	0.0	0.0	0.0	0.0	0.0
	3p	-	76	1.0	2.0	0.0	3.0	6.0	0.0	0.0	0.0	0.0	0.0	0.0	0.0	0.0	0.0	0.0	0.0	0.00.0	0.0	0.0	0.0	0.0	0.0	0.0	0.0	0.0
	3p	-	77	0.0	2.0	2.0	2.0	6.0	0.0	0.0	0.0	0.0	0.0	0.0	0.0	0.0	0.0	0.0	0.0	1.00.0	0.0	0.0	0.0	0.0	0.0	0.0	0.0	0.0
	3p	-	78	3.0	2.0	0.0	0.0	5.0	0.0	0.0	0.0	0.0	0.0	0.0	0.0	0.0	0.0	0.0	0.0	0.00.0	0.0	0.0	0.0	0.0	0.0	0.0	0.0	0.0
	3p	-	79	3.0	1.0	1.0	0.0	5.0	0.0	1.0	0.0	0.0	0.0	0.0	0.0	0.0	0.0	0.0	0.0	0.00.0	0.0	0.0	0.0	0.0	0.0	0.0	0.0	0.0
	3p	-	80	1.0	2.0	0.0	1.0	4.0	0.0	0.0	0.0	0.0	0.0	0.0	0.0	0.0	0.0	0.0	0.0	0.00.0	0.0	0.0	0.0	0.0	0.0	0.0	0.0	0.0
	3p	-	81	1.0	1.0	1.0	1.0	4.0	0.0	0.0	0.0	0.0	0.0	0.0	0.0	0.0	0.0	0.0	0.0	0.00.0	0.0	0.0	0.0	0.0	0.0	0.0	0.0	0.0
	3p	-	82	2.0	0.0	1.0	1.0	4.0	0.0	0.0	0.0	0.0	0.0	0.0	0.0	0.0	0.0	0.0	0.0	0.00.0	0.0	0.0	0.0	0.0	0.0	0.0	0.0	0.0
	3p	-	83	2.0	2.0	0.0	0.0	4.0	0.0	0.0	0.0	0.0	0.0	0.0	0.0	0.0	0.0	0.0	0.0	0.00.0	0.0	0.0	0.0	0.0	0.0	0.0	0.0	0.0
	3p	-	84	1.0	3.0	0.0	0.0	4.0	0.0	0.0	0.0	0.0	0.0	0.0	0.0	0.0	0.0	0.0	0.0	0.00.0	0.0	0.0	0.0	0.0	0.0	0.0	0.0	0.0
	3p	-	85	3.0	1.0	0.0	0.0	4.0	0.0	0.0	0.0	0.0	0.0	0.0	0.0	0.0	0.0	0.0	0.0	0.00.0	0.0	0.0	0.0	0.0	0.0	0.0	0.0	0.0
	3p	-	86	2.0	0.0	1.0	1.0	4.0	0.0	0.0	0.0	0.0	0.0	0.0	0.0	0.0	0.0	0.0	0.0	0.00.0	0.0	0.0	0.0	0.0	0.0	0.0	0.0	0.0
	3p	-	87	1.0	1.0	0.0	2.0	4.0	0.0	0.0	0.0	0.0	0.0	0.0	0.0	0.0	0.0	0.0	0.0	0.00.0	0.0	0.0	0.0	0.0	0.0	0.0	0.0	0.0
	3p	-	88	1.0	1.0	0.0	2.0	4.0	0.0	0.0	0.0	0.0	0.0	0.0	0.0	0.0	0.0	0.0	0.0	0.00.0	0.0	0.0	0.0	0.0	0.0	0.0	0.0	0.0
	3p	-	89	1.0	1.0	1.0	1.0	4.0	0.0	0.0	0.0	0.0	0.0	0.0	0.0	0.0	0.0	0.0	0.0	0.00.0	0.0	0.0	0.0	0.0	0.0	0.0	0.0	0.0
	3p	-	90	2.0	0.0	2.0	0.0	4.0	0.0	0.0	0.0	0.0	0.0	0.0	0.0	0.0	0.0	0.0	0.0	0.00.0	0.0	0.0	0.0	0.0	0.0	0.0	0.0	0.0
	3p	-	91	1.0	0.0	2.0	1.0	4.0	0.0	0.0	0.0	0.0	0.0	0.0	0.0	0.0	0.0	0.0	0.0	0.00.0	0.0	0.0	0.0	0.0	0.0	0.0	0.0	0.0
	3p	-	92	1.0	1.0	0.0	1.0	3.0	0.0	0.0	0.0	0.0	0.0	0.0	0.0	0.0	0.0	0.0	0.0	0.00.0	0.0	0.0	0.0	0.0	0.0	0.0	0.0	0.0
	3p	-	93	1.0	2.0	0.0	0.0	3.0	0.0	0.0	0.0	0.0	0.0	0.0	0.0	0.0	0.0	0.0	0.0	0.00.0	0.0	0.0	0.0	0.0	0.0	0.0	0.0	0.0
	3p	-	94	0.0	0.0	2.0	1.0	3.0	0.0	0.0	0.0	0.0	0.0	0.0	0.0	0.0	0.0	0.0	0.0	0.00.0	0.0	0.0	0.0	0.0	0.0	0.0	0.0	0.0
	3p	-	95	0.0	0.0	0.0	2.0	2.0	0.0	0.0	0.0	0.0	0.0	0.0	0.0	0.0	0.0	0.0	0.0	0.00.0	0.0	0.0	0.0	0.0	0.0	0.0	0.0	0.0
	3p	-	96	0.0	1.0	1.0	0.0	2.0	0.0	0.0	0.0	0.0	0.0	0.0	0.0	0.0	0.0	0.0	0.0	0.00.0	0.0	0.0	0.0	0.0	0.0	0.0	0.0	0.0
	3p	-	97	0.0	1.0	1.0	0.0	2.0	0.0	0.0	0.0	0.0	0.0	0.0	0.0	0.0	0.0	0.0	0.0	0.00.0	0.0	0.0	0.0	0.0	0.0	0.0	0.0	0.0
	3p	-	98	1.0	1.0	0.0	0.0	2.0	0.0	0.0	0.0	0.0	0.0	0.0	0.0	0.0	0.0	0.0	0.0	0.00.0	0.0	0.0	0.0	0.0	0.0	0.0	0.0	0.0
	3p	-	99	0.0	0.0	1.0	1.0	2.0	0.0	0.0	0.0	0.0	0.0	0.0	0.0	0.0	0.0	0.0	0.0	0.00.0	0.0	0.0	0.0	0.0	0.0	0.0	0.0	0.0
	3p	-	100	0.0	0.0	1.0	1.0	2.0	0.0	0.0	0.0	0.0	0.0	0.0	0.0	0.0	0.0	0.0	0.0	0.00.0	0.0	0.0	0.0	0.0	0.0	0.0	0.0	0.0
	5p	+	1	20.0	9.0	12.0	8.0	49.0	0.0	0.0	1.0	0.0	0.0	1.0	0.0	0.0	0.0	2.0	0.0	0.00.0	0.0	0.0	0.0	0.0	0.0	0.0	0.0	0.0
	5p	+	2	14.0	9.0	11.0	15.0	49.0	0.0	0.0	0.0	0.0	0.0	1.0	0.0	0.0	1.0	0.0	0.0	0.00.0	0.0	0.0	0.0	0.0	0.0	0.0	0.0	0.0
	5p	+	3	12.0	12.0	16.0	9.0	49.0	1.0	0.0	0.0	0.0	0.0	1.0	0.0	0.0	0.0	0.0	0.0	0.00.0	0.0	0.0	0.0	0.0	0.0	0.0	0.0	0.0
	5p	+	4	16.0	9.0	14.0	10.0	49.0	1.0	0.0	0.0	0.0	0.0	0.0	1.0	0.0	0.0	0.0	1.0	0.00.0	0.0	0.0	0.0	0.0	0.0	0.0	0.0	0.0
	5p	+	5	11.0	13.0	12.0	12.0	48.0	0.0	0.0	0.0	1.0	0.0	0.0	0.0	0.0	0.0	0.0	0.0	0.00.0	0.0	0.0	0.0	0.0	0.0	0.0	0.0	0.0
	5p	+	6	10.0	16.0	5.0	14.0	45.0	1.0	0.0	0.0	0.0	0.0	2.0	0.0	0.0	1.0	0.0	0.0	0.00.0	0.0	0.0	0.0	1.0	0.0	1.0	1.0	0.0
	5p	+	7	11.0	13.0	8.0	14.0	46.0	0.0	0.0	0.0	0.0	0.0	0.0	0.0	0.0	2.0	0.0	0.0	0.00.0	0.0	0.0	0.0	0.0	0.0	0.0	2.0	0.0
	5p	+	8	14.0	11.0	8.0	16.0	49.0	1.0	0.0	0.0	0.0	0.0	0.0	1.0	0.0	0.0	0.0	1.0	0.00.0	0.0	0.0	0.0	0.0	0.0	0.0	0.0	0.0
	5p	+	9	13.0	15.0	9.0	11.0	48.0	0.0	0.0	0.0	0.0	0.0	0.0	0.0	0.0	0.0	1.0	1.0	1.00.0	0.0	0.0	0.0	0.0	0.0	1.0	0.0	0.0
	5p	+	10	18.0	10.0	10.0	8.0	46.0	0.0	0.0	0.0	0.0	0.0	0.0	0.0	1.0	0.0	0.0	0.0	0.00.0	0.0	0.0	0.0	1.0	0.0	0.0	1.0	0.0
	5p	+	11	12.0	14.0	8.0	13.0	47.0	0.0	0.0	0.0	0.0	0.0	0.0	0.0	0.0	0.0	0.0	1.0	1.00.0	0.0	0.0	0.0	1.0	0.0	0.0	0.0	0.0
	5p	+	12	12.0	10.0	8.0	17.0	47.0	0.0	0.0	0.0	0.0	0.0	0.0	0.0	0.0	0.0	1.0	0.0	0.00.0	0.0	0.0	0.0	0.0	0.0	0.0	1.0	0.0
	5p	+	13	15.0	6.0	12.0	15.0	48.0	0.0	1.0	1.0	0.0	0.0	0.0	1.0	0.0	0.0	1.0	0.0	0.00.0	0.0	0.0	0.0	0.0	0.0	0.0	1.0	0.0
	5p	+	14	14.0	10.0	12.0	11.0	47.0	0.0	0.0	0.0	0.0	0.0	0.0	0.0	0.0	0.0	0.0	0.0	0.00.0	0.0	0.0	0.0	2.0	0.0	0.0	0.0	0.0
	5p	+	15	15.0	15.0	4.0	12.0	46.0	0.0	0.0	0.0	1.0	1.0	2.0	0.0	0.0	0.0	0.0	0.0	0.00.0	0.0	0.0	0.0	2.0	0.0	1.0	0.0	0.0
	5p	+	16	9.0	16.0	8.0	15.0	48.0	0.0	0.0	0.0	1.0	0.0	0.0	0.0	1.0	2.0	0.0	0.0	0.00.0	0.0	0.0	0.0	0.0	0.0	1.0	0.0	0.0
	5p	+	17	12.0	15.0	9.0	13.0	49.0	0.0	0.0	0.0	0.0	1.0	0.0	0.0	0.0	1.0	0.0	1.0	0.00.0	0.0	0.0	0.0	0.0	0.0	0.0	0.0	0.0
	5p	+	18	11.0	15.0	11.0	9.0	46.0	0.0	0.0	2.0	0.0	1.0	1.0	1.0	0.0	0.0	0.0	0.0	0.00.0	0.0	0.0	0.0	1.0	0.0	1.0	1.0	0.0
	5p	+	19	18.0	12.0	11.0	7.0	48.0	0.0	0.0	0.0	0.0	1.0	1.0	0.0	0.0	0.0	0.0	0.0	0.00.0	0.0	0.0	0.0	0.0	0.0	1.0	0.0	0.0
	5p	+	20	14.0	7.0	11.0	14.0	46.0	0.0	1.0	1.0	0.0	0.0	0.0	0.0	0.0	1.0	0.0	1.0	1.00.0	0.0	0.0	0.0	0.0	0.0	2.0	1.0	0.0
	5p	+	21	15.0	7.0	9.0	16.0	47.0	0.0	0.0	0.0	0.0	0.0	1.0	0.0	0.0	1.0	0.0	0.0	0.00.0	0.0	0.0	0.0	0.0	0.0	0.0	0.0	0.0
	5p	+	22	13.0	12.0	7.0	16.0	48.0	0.0	0.0	1.0	0.0	1.0	0.0	0.0	1.0	1.0	1.0	0.0	0.00.0	0.0	0.0	0.0	0.0	0.0	0.0	0.0	0.0
	5p	+	23	16.0	11.0	13.0	8.0	48.0	2.0	1.0	0.0	0.0	0.0	0.0	0.0	0.0	0.0	0.0	0.0	0.00.0	0.0	0.0	0.0	1.0	0.0	1.0	0.0	0.0
	5p	+	24	16.0	11.0	9.0	14.0	50.0	0.0	0.0	0.0	1.0	1.0	0.0	0.0	0.0	0.0	1.0	0.0	1.00.0	0.0	0.0	0.0	0.0	0.0	0.0	0.0	0.0
	5p	+	25	14.0	7.0	14.0	13.0	48.0	0.0	0.0	0.0	0.0	1.0	0.0	0.0	0.0	1.0	0.0	0.0	1.00.0	0.0	0.0	0.0	1.0	0.0	0.0	0.0	0.0
	5p	+	26	7.0	10.0	16.0	17.0	50.0	0.0	0.0	0.0	0.0	0.0	0.0	0.0	0.0	0.0	0.0	0.0	1.00.0	0.0	0.0	0.0	0.0	0.0	0.0	0.0	0.0
	5p	+	27	19.0	7.0	11.0	13.0	50.0	0.0	0.0	1.0	0.0	0.0	0.0	0.0	0.0	0.0	0.0	0.0	0.00.0	0.0	0.0	0.0	0.0	0.0	0.0	0.0	0.0
	5p	+	28	16.0	12.0	9.0	13.0	50.0	1.0	0.0	0.0	0.0	0.0	0.0	0.0	0.0	1.0	0.0	0.0	1.00.0	0.0	0.0	0.0	0.0	0.0	0.0	0.0	0.0
	5p	+	29	15.0	11.0	7.0	17.0	50.0	0.0	0.0	1.0	0.0	0.0	0.0	0.0	0.0	1.0	0.0	0.0	0.00.0	0.0	0.0	0.0	0.0	0.0	0.0	0.0	0.0
	5p	+	30	18.0	8.0	8.0	15.0	49.0	0.0	1.0	0.0	1.0	1.0	0.0	0.0	0.0	0.0	0.0	0.0	0.00.0	0.0	0.0	0.0	0.0	0.0	0.0	1.0	0.0
	5p	+	31	6.0	9.0	3.0	10.0	28.0	0.0	0.0	0.0	0.0	1.0	0.0	0.0	0.0	0.0	0.0	0.0	0.00.0	0.0	0.0	0.0	0.0	0.0	0.0	0.0	0.0
	5p	+	32	8.0	2.0	2.0	5.0	17.0	0.0	0.0	0.0	0.0	0.0	0.0	0.0	0.0	0.0	0.0	0.0	0.00.0	0.0	0.0	0.0	0.0	0.0	0.0	0.0	0.0
	5p	+	33	5.0	2.0	1.0	7.0	15.0	0.0	0.0	0.0	0.0	0.0	0.0	0.0	0.0	0.0	0.0	0.0	0.00.0	0.0	0.0	0.0	0.0	0.0	0.0	0.0	0.0
	5p	+	34	3.0	4.0	1.0	5.0	13.0	0.0	0.0	0.0	0.0	0.0	0.0	0.0	0.0	0.0	0.0	0.0	0.00.0	0.0	0.0	0.0	0.0	0.0	0.0	0.0	0.0
	5p	+	35	5.0	0.0	1.0	7.0	13.0	0.0	0.0	0.0	1.0	0.0	0.0	0.0	0.0	0.0	0.0	0.0	0.00.0	0.0	0.0	0.0	0.0	0.0	0.0	0.0	0.0
	5p	+	36	5.0	1.0	3.0	4.0	13.0	0.0	0.0	0.0	0.0	0.0	0.0	0.0	0.0	0.0	0.0	0.0	0.00.0	0.0	0.0	0.0	0.0	0.0	0.0	0.0	0.0
	5p	+	37	5.0	3.0	2.0	2.0	12.0	0.0	1.0	0.0	0.0	0.0	0.0	0.0	0.0	0.0	0.0	0.0	0.00.0	0.0	0.0	0.0	0.0	0.0	0.0	0.0	0.0
	5p	+	38	4.0	2.0	4.0	1.0	11.0	0.0	0.0	0.0	0.0	0.0	0.0	0.0	0.0	0.0	0.0	0.0	0.00.0	0.0	0.0	0.0	1.0	0.0	0.0	0.0	0.0
	5p	+	39	6.0	2.0	3.0	1.0	12.0	0.0	0.0	0.0	0.0	0.0	0.0	0.0	0.0	0.0	0.0	0.0	1.00.0	0.0	0.0	0.0	0.0	0.0	0.0	0.0	0.0
	5p	+	40	6.0	1.0	2.0	3.0	12.0	0.0	0.0	0.0	0.0	0.0	0.0	0.0	0.0	0.0	0.0	0.0	0.00.0	0.0	0.0	0.0	0.0	0.0	0.0	0.0	0.0
	5p	+	41	5.0	1.0	2.0	3.0	11.0	0.0	0.0	0.0	0.0	0.0	0.0	0.0	0.0	0.0	0.0	0.0	0.00.0	0.0	0.0	0.0	0.0	0.0	0.0	0.0	0.0
	5p	+	42	5.0	1.0	0.0	5.0	11.0	0.0	0.0	0.0	0.0	0.0	0.0	0.0	0.0	0.0	0.0	0.0	0.00.0	0.0	0.0	0.0	0.0	0.0	0.0	0.0	0.0
	5p	+	43	6.0	4.0	0.0	1.0	11.0	0.0	1.0	0.0	0.0	0.0	0.0	0.0	0.0	0.0	0.0	0.0	0.00.0	0.0	0.0	0.0	0.0	0.0	0.0	0.0	0.0
	5p	+	44	4.0	4.0	1.0	2.0	11.0	0.0	0.0	0.0	0.0	0.0	0.0	0.0	0.0	0.0	0.0	0.0	1.00.0	0.0	0.0	0.0	0.0	0.0	0.0	0.0	0.0
	5p	+	45	5.0	0.0	3.0	2.0	10.0	0.0	0.0	0.0	0.0	0.0	1.0	0.0	0.0	0.0	0.0	0.0	0.00.0	0.0	0.0	0.0	1.0	0.0	0.0	0.0	0.0
	5p	+	46	7.0	2.0	1.0	1.0	11.0	0.0	0.0	0.0	0.0	0.0	0.0	0.0	0.0	0.0	0.0	0.0	0.00.0	0.0	0.0	0.0	0.0	0.0	0.0	0.0	0.0
	5p	+	47	8.0	0.0	0.0	3.0	11.0	0.0	0.0	0.0	0.0	0.0	0.0	0.0	0.0	0.0	0.0	0.0	0.00.0	0.0	0.0	0.0	0.0	0.0	0.0	0.0	0.0
	5p	+	48	6.0	1.0	1.0	3.0	11.0	0.0	0.0	0.0	0.0	0.0	0.0	0.0	0.0	0.0	0.0	0.0	0.00.0	0.0	0.0	0.0	0.0	0.0	0.0	0.0	0.0
	5p	+	49	6.0	0.0	1.0	4.0	11.0	0.0	0.0	0.0	0.0	0.0	0.0	0.0	0.0	1.0	0.0	0.0	0.00.0	0.0	0.0	0.0	0.0	0.0	0.0	0.0	0.0
	5p	+	50	2.0	2.0	3.0	4.0	11.0	0.0	0.0	0.0	1.0	0.0	0.0	0.0	0.0	0.0	0.0	0.0	0.00.0	0.0	0.0	0.0	0.0	0.0	0.0	0.0	0.0
	5p	+	51	4.0	2.0	2.0	3.0	11.0	0.0	1.0	0.0	0.0	0.0	0.0	0.0	0.0	0.0	0.0	0.0	0.00.0	0.0	0.0	0.0	0.0	0.0	0.0	0.0	0.0
	5p	+	52	3.0	1.0	4.0	3.0	11.0	0.0	0.0	0.0	0.0	0.0	0.0	0.0	0.0	0.0	0.0	0.0	0.00.0	0.0	0.0	0.0	0.0	0.0	0.0	0.0	0.0
	5p	+	53	3.0	2.0	1.0	5.0	11.0	0.0	0.0	0.0	0.0	0.0	0.0	0.0	0.0	0.0	0.0	0.0	0.00.0	0.0	0.0	0.0	0.0	0.0	0.0	0.0	0.0
	5p	+	54	4.0	3.0	1.0	3.0	11.0	0.0	0.0	0.0	0.0	0.0	0.0	0.0	0.0	0.0	0.0	0.0	0.00.0	0.0	0.0	0.0	0.0	0.0	0.0	0.0	0.0
	5p	+	55	5.0	2.0	3.0	1.0	11.0	0.0	0.0	0.0	0.0	0.0	0.0	0.0	0.0	0.0	0.0	0.0	0.00.0	0.0	0.0	0.0	0.0	0.0	0.0	0.0	0.0
	5p	+	56	4.0	1.0	3.0	3.0	11.0	0.0	1.0	0.0	0.0	0.0	0.0	0.0	0.0	0.0	0.0	0.0	0.00.0	0.0	0.0	0.0	0.0	0.0	0.0	0.0	0.0
	5p	+	57	2.0	1.0	1.0	6.0	10.0	0.0	0.0	0.0	1.0	0.0	0.0	0.0	0.0	0.0	0.0	0.0	0.00.0	0.0	0.0	0.0	0.0	0.0	0.0	0.0	0.0
	5p	+	58	4.0	0.0	1.0	4.0	9.0	0.0	0.0	0.0	0.0	0.0	0.0	0.0	0.0	0.0	0.0	0.0	0.00.0	0.0	0.0	0.0	0.0	0.0	0.0	0.0	0.0
	5p	+	59	2.0	1.0	1.0	5.0	9.0	0.0	0.0	0.0	0.0	0.0	0.0	0.0	0.0	0.0	0.0	0.0	0.00.0	0.0	0.0	0.0	0.0	0.0	0.0	0.0	0.0
	5p	+	60	4.0	1.0	0.0	3.0	8.0	0.0	0.0	0.0	0.0	0.0	0.0	0.0	0.0	0.0	0.0	0.0	0.00.0	0.0	0.0	0.0	0.0	0.0	0.0	0.0	0.0
	5p	+	61	3.0	1.0	2.0	2.0	8.0	0.0	0.0	0.0	0.0	0.0	0.0	0.0	0.0	0.0	0.0	0.0	0.00.0	0.0	0.0	0.0	0.0	0.0	0.0	0.0	0.0
	5p	+	62	1.0	1.0	3.0	3.0	8.0	0.0	1.0	0.0	0.0	0.0	0.0	0.0	0.0	0.0	0.0	0.0	0.00.0	0.0	0.0	0.0	0.0	0.0	0.0	0.0	0.0
	5p	+	63	3.0	2.0	1.0	2.0	8.0	0.0	0.0	0.0	0.0	0.0	0.0	0.0	0.0	1.0	0.0	0.0	0.00.0	0.0	0.0	0.0	0.0	0.0	0.0	0.0	0.0
	5p	+	64	1.0	0.0	3.0	4.0	8.0	0.0	0.0	0.0	0.0	0.0	0.0	0.0	0.0	0.0	0.0	0.0	0.00.0	0.0	0.0	0.0	0.0	0.0	0.0	0.0	0.0
	5p	+	65	2.0	0.0	1.0	4.0	7.0	0.0	0.0	0.0	1.0	0.0	0.0	0.0	0.0	0.0	0.0	0.0	0.00.0	0.0	0.0	0.0	0.0	0.0	0.0	0.0	0.0
	5p	+	66	2.0	0.0	2.0	1.0	5.0	0.0	0.0	0.0	0.0	0.0	0.0	0.0	0.0	0.0	0.0	0.0	0.00.0	0.0	0.0	0.0	0.0	0.0	0.0	0.0	0.0
	5p	+	67	0.0	1.0	2.0	1.0	4.0	0.0	0.0	0.0	0.0	0.0	0.0	0.0	0.0	0.0	0.0	0.0	0.00.0	0.0	0.0	0.0	0.0	0.0	0.0	0.0	0.0
	5p	+	68	1.0	0.0	3.0	0.0	4.0	0.0	0.0	0.0	0.0	0.0	0.0	0.0	0.0	0.0	0.0	0.0	0.00.0	0.0	0.0	0.0	0.0	0.0	0.0	0.0	0.0
	5p	+	69	2.0	0.0	1.0	1.0	4.0	0.0	0.0	0.0	0.0	0.0	0.0	0.0	0.0	0.0	0.0	0.0	0.00.0	0.0	0.0	0.0	0.0	0.0	0.0	0.0	0.0
	5p	+	70	0.0	1.0	2.0	1.0	4.0	0.0	0.0	0.0	0.0	0.0	0.0	0.0	0.0	0.0	0.0	0.0	0.00.0	0.0	0.0	0.0	0.0	0.0	0.0	0.0	0.0
	5p	+	71	2.0	1.0	0.0	1.0	4.0	0.0	0.0	0.0	0.0	0.0	0.0	0.0	0.0	0.0	0.0	0.0	0.00.0	0.0	0.0	0.0	0.0	0.0	0.0	0.0	0.0
	5p	+	72	1.0	0.0	3.0	0.0	4.0	1.0	0.0	0.0	0.0	0.0	0.0	0.0	0.0	0.0	0.0	0.0	0.00.0	0.0	0.0	0.0	0.0	0.0	0.0	0.0	0.0
	5p	+	73	2.0	0.0	0.0	2.0	4.0	0.0	0.0	0.0	0.0	0.0	0.0	0.0	0.0	0.0	0.0	0.0	0.00.0	0.0	0.0	0.0	0.0	0.0	0.0	0.0	0.0
	5p	+	74	0.0	1.0	2.0	1.0	4.0	0.0	0.0	0.0	0.0	0.0	0.0	0.0	0.0	0.0	0.0	0.0	0.00.0	0.0	0.0	0.0	0.0	0.0	0.0	0.0	0.0
	5p	+	75	2.0	0.0	0.0	2.0	4.0	0.0	0.0	0.0	0.0	0.0	0.0	0.0	0.0	0.0	0.0	0.0	0.00.0	0.0	0.0	0.0	0.0	0.0	0.0	0.0	0.0
	5p	+	76	1.0	0.0	2.0	1.0	4.0	0.0	0.0	0.0	0.0	0.0	0.0	0.0	0.0	0.0	0.0	0.0	0.00.0	0.0	0.0	0.0	0.0	0.0	0.0	0.0	0.0
	5p	+	77	0.0	1.0	2.0	1.0	4.0	0.0	0.0	0.0	0.0	0.0	0.0	0.0	0.0	0.0	0.0	0.0	0.00.0	0.0	0.0	0.0	0.0	0.0	0.0	0.0	0.0
	5p	+	78	1.0	0.0	1.0	2.0	4.0	0.0	0.0	0.0	0.0	1.0	0.0	0.0	0.0	0.0	0.0	0.0	0.00.0	0.0	0.0	0.0	0.0	0.0	0.0	0.0	0.0
	5p	+	79	0.0	0.0	3.0	1.0	4.0	0.0	0.0	0.0	0.0	0.0	0.0	0.0	0.0	0.0	0.0	0.0	0.00.0	0.0	0.0	0.0	0.0	0.0	0.0	0.0	0.0
	5p	+	80	2.0	1.0	1.0	0.0	4.0	0.0	1.0	0.0	0.0	0.0	0.0	0.0	0.0	0.0	0.0	0.0	0.00.0	0.0	0.0	0.0	0.0	0.0	0.0	0.0	0.0
	5p	+	81	2.0	0.0	0.0	2.0	4.0	0.0	0.0	0.0	0.0	0.0	0.0	0.0	0.0	0.0	0.0	0.0	0.00.0	0.0	0.0	0.0	0.0	0.0	0.0	0.0	0.0
	5p	+	82	3.0	1.0	0.0	0.0	4.0	0.0	0.0	0.0	0.0	0.0	0.0	0.0	0.0	0.0	0.0	0.0	0.00.0	0.0	0.0	0.0	0.0	0.0	0.0	0.0	0.0
	5p	+	83	3.0	0.0	0.0	1.0	4.0	0.0	0.0	0.0	0.0	0.0	0.0	0.0	0.0	0.0	0.0	0.0	0.00.0	0.0	0.0	0.0	0.0	0.0	0.0	0.0	0.0
	5p	+	84	2.0	1.0	1.0	0.0	4.0	0.0	0.0	0.0	0.0	0.0	0.0	0.0	0.0	0.0	0.0	0.0	0.00.0	0.0	0.0	0.0	0.0	0.0	0.0	0.0	0.0
	5p	+	85	3.0	1.0	0.0	0.0	4.0	0.0	0.0	0.0	0.0	0.0	0.0	0.0	0.0	0.0	0.0	0.0	0.00.0	0.0	0.0	0.0	0.0	0.0	0.0	0.0	0.0
	5p	+	86	2.0	0.0	2.0	0.0	4.0	0.0	0.0	0.0	0.0	0.0	0.0	0.0	0.0	0.0	0.0	0.0	0.00.0	0.0	0.0	0.0	0.0	0.0	0.0	0.0	0.0
	5p	+	87	0.0	0.0	2.0	2.0	4.0	0.0	0.0	0.0	0.0	0.0	0.0	0.0	0.0	0.0	0.0	0.0	0.00.0	0.0	0.0	0.0	0.0	0.0	0.0	0.0	0.0
	5p	+	88	1.0	1.0	2.0	0.0	4.0	0.0	0.0	0.0	0.0	0.0	0.0	0.0	0.0	0.0	0.0	0.0	0.00.0	0.0	0.0	0.0	0.0	0.0	0.0	0.0	0.0
	5p	+	89	1.0	0.0	1.0	2.0	4.0	0.0	0.0	0.0	0.0	0.0	0.0	0.0	0.0	0.0	0.0	0.0	0.00.0	0.0	0.0	0.0	0.0	0.0	0.0	0.0	0.0
	5p	+	90	1.0	1.0	1.0	1.0	4.0	0.0	0.0	0.0	0.0	0.0	0.0	0.0	0.0	0.0	0.0	0.0	0.00.0	0.0	0.0	0.0	0.0	0.0	0.0	0.0	0.0
	5p	+	91	1.0	1.0	0.0	2.0	4.0	0.0	0.0	0.0	0.0	0.0	0.0	0.0	0.0	0.0	0.0	0.0	0.00.0	0.0	0.0	0.0	0.0	0.0	0.0	0.0	0.0
	5p	+	92	0.0	0.0	1.0	3.0	4.0	0.0	0.0	0.0	0.0	0.0	0.0	0.0	0.0	0.0	0.0	0.0	0.00.0	0.0	0.0	0.0	0.0	0.0	0.0	0.0	0.0
	5p	+	93	1.0	1.0	1.0	1.0	4.0	0.0	0.0	0.0	0.0	0.0	0.0	0.0	0.0	0.0	0.0	0.0	0.00.0	0.0	0.0	0.0	0.0	0.0	0.0	0.0	0.0
	5p	+	94	3.0	0.0	0.0	1.0	4.0	0.0	0.0	0.0	0.0	0.0	0.0	0.0	0.0	0.0	0.0	0.0	0.00.0	0.0	0.0	0.0	0.0	0.0	0.0	0.0	0.0
	5p	+	95	1.0	3.0	0.0	0.0	4.0	0.0	1.0	0.0	0.0	0.0	0.0	1.0	0.0	0.0	0.0	0.0	0.00.0	0.0	0.0	0.0	0.0	0.0	0.0	0.0	0.0
	5p	+	96	2.0	0.0	1.0	1.0	4.0	0.0	0.0	0.0	0.0	0.0	0.0	0.0	0.0	0.0	0.0	0.0	0.00.0	0.0	0.0	0.0	0.0	0.0	0.0	0.0	0.0
	5p	+	97	0.0	2.0	1.0	1.0	4.0	0.0	1.0	0.0	0.0	0.0	0.0	0.0	0.0	0.0	0.0	0.0	0.00.0	0.0	0.0	0.0	0.0	0.0	0.0	0.0	0.0
	5p	+	98	1.0	0.0	0.0	2.0	3.0	0.0	0.0	0.0	0.0	0.0	0.0	0.0	0.0	0.0	0.0	0.0	0.00.0	0.0	0.0	0.0	0.0	0.0	0.0	0.0	0.0
	5p	+	99	0.0	1.0	0.0	2.0	3.0	0.0	0.0	0.0	0.0	0.0	0.0	0.0	0.0	0.0	0.0	0.0	0.00.0	0.0	0.0	0.0	0.0	0.0	0.0	0.0	0.0
	5p	+	100	1.0	2.0	0.0	0.0	3.0	0.0	0.0	0.0	0.0	0.0	0.0	0.0	0.0	0.0	0.0	0.0	0.00.0	0.0	0.0	0.0	0.0	0.0	0.0	0.0	0.0
	5p	-	1	23.0	17.0	16.0	14.0	70.0	1.0	0.0	1.0	0.0	1.0	0.0	1.0	1.0	0.0	1.0	0.0	0.00.0	0.0	0.0	0.0	0.0	0.0	0.0	0.0	0.0
	5p	-	2	27.0	13.0	13.0	17.0	70.0	2.0	0.0	1.0	0.0	2.0	3.0	0.0	0.0	1.0	0.0	0.0	0.00.0	0.0	0.0	0.0	0.0	0.0	0.0	0.0	0.0
	5p	-	3	22.0	13.0	16.0	19.0	70.0	0.0	0.0	0.0	0.0	2.0	1.0	0.0	0.0	0.0	0.0	0.0	1.00.0	0.0	0.0	0.0	0.0	0.0	0.0	0.0	0.0
	5p	-	4	22.0	18.0	15.0	15.0	70.0	1.0	0.0	0.0	1.0	0.0	0.0	0.0	0.0	0.0	0.0	1.0	0.00.0	0.0	0.0	0.0	0.0	0.0	0.0	0.0	0.0
	5p	-	5	18.0	12.0	16.0	22.0	68.0	0.0	0.0	0.0	1.0	0.0	0.0	0.0	0.0	0.0	0.0	1.0	0.00.0	0.0	0.0	0.0	0.0	0.0	0.0	1.0	0.0
	5p	-	6	18.0	14.0	12.0	24.0	68.0	0.0	0.0	0.0	0.0	0.0	2.0	1.0	0.0	1.0	0.0	0.0	0.00.0	0.0	0.0	0.0	1.0	0.0	0.0	1.0	0.0
	5p	-	7	21.0	14.0	15.0	17.0	67.0	0.0	1.0	0.0	0.0	0.0	0.0	0.0	0.0	0.0	1.0	0.0	0.00.0	0.0	0.0	0.0	2.0	0.0	1.0	0.0	0.0
	5p	-	8	23.0	17.0	10.0	19.0	69.0	1.0	1.0	1.0	2.0	0.0	1.0	0.0	0.0	0.0	0.0	0.0	1.00.0	0.0	0.0	0.0	0.0	0.0	1.0	0.0	0.0
	5p	-	9	21.0	15.0	12.0	19.0	67.0	1.0	1.0	0.0	0.0	0.0	1.0	0.0	1.0	0.0	1.0	0.0	0.00.0	0.0	0.0	0.0	0.0	0.0	0.0	1.0	0.0
	5p	-	10	27.0	9.0	17.0	15.0	68.0	1.0	0.0	1.0	0.0	1.0	1.0	0.0	0.0	0.0	0.0	1.0	0.00.0	0.0	0.0	0.0	0.0	0.0	0.0	2.0	0.0
	5p	-	11	22.0	15.0	9.0	22.0	68.0	0.0	0.0	0.0	0.0	0.0	0.0	1.0	1.0	1.0	1.0	1.0	0.00.0	0.0	0.0	0.0	1.0	0.0	0.0	0.0	0.0
	5p	-	12	23.0	14.0	13.0	19.0	69.0	0.0	0.0	0.0	1.0	0.0	0.0	0.0	0.0	0.0	1.0	1.0	0.00.0	0.0	0.0	0.0	0.0	0.0	1.0	0.0	0.0
	5p	-	13	22.0	16.0	17.0	14.0	69.0	0.0	0.0	1.0	0.0	0.0	1.0	0.0	0.0	1.0	0.0	0.0	0.00.0	0.0	0.0	0.0	0.0	0.0	0.0	1.0	0.0
	5p	-	14	25.0	8.0	8.0	25.0	66.0	1.0	0.0	1.0	0.0	0.0	0.0	0.0	0.0	1.0	1.0	0.0	0.00.0	0.0	0.0	0.0	1.0	0.0	1.0	0.0	0.0
	5p	-	15	21.0	22.0	4.0	22.0	69.0	0.0	0.0	0.0	0.0	0.0	1.0	1.0	0.0	0.0	1.0	0.0	0.00.0	0.0	0.0	0.0	0.0	0.0	0.0	0.0	0.0
	5p	-	16	24.0	17.0	10.0	18.0	69.0	0.0	0.0	0.0	1.0	0.0	0.0	1.0	0.0	0.0	0.0	0.0	1.00.0	0.0	0.0	0.0	0.0	0.0	0.0	0.0	0.0
	5p	-	17	22.0	11.0	17.0	19.0	69.0	1.0	0.0	0.0	0.0	0.0	0.0	0.0	1.0	0.0	0.0	0.0	0.00.0	0.0	0.0	0.0	0.0	0.0	0.0	1.0	0.0
	5p	-	18	20.0	14.0	14.0	22.0	70.0	0.0	0.0	0.0	1.0	0.0	0.0	0.0	0.0	0.0	1.0	0.0	0.00.0	0.0	0.0	0.0	0.0	0.0	0.0	0.0	0.0
	5p	-	19	17.0	9.0	20.0	22.0	68.0	0.0	0.0	0.0	2.0	0.0	0.0	0.0	1.0	0.0	0.0	0.0	0.00.0	0.0	0.0	0.0	0.0	0.0	1.0	1.0	0.0
	5p	-	20	21.0	13.0	15.0	21.0	70.0	1.0	1.0	0.0	0.0	0.0	0.0	0.0	0.0	0.0	0.0	0.0	1.00.0	0.0	0.0	0.0	0.0	0.0	0.0	0.0	0.0
	5p	-	21	25.0	15.0	13.0	16.0	69.0	1.0	0.0	0.0	1.0	0.0	2.0	0.0	0.0	0.0	0.0	0.0	0.00.0	0.0	0.0	0.0	0.0	0.0	0.0	1.0	0.0
	5p	-	22	19.0	12.0	12.0	24.0	67.0	0.0	0.0	0.0	0.0	0.0	0.0	0.0	0.0	1.0	1.0	0.0	0.00.0	0.0	0.0	0.0	1.0	0.0	1.0	0.0	0.0
	5p	-	23	23.0	16.0	13.0	15.0	67.0	0.0	1.0	2.0	0.0	0.0	0.0	0.0	1.0	0.0	0.0	0.0	0.00.0	0.0	0.0	0.0	0.0	0.0	0.0	0.0	0.0
	5p	-	24	26.0	10.0	11.0	23.0	70.0	1.0	0.0	0.0	0.0	0.0	0.0	0.0	0.0	0.0	0.0	0.0	0.00.0	0.0	0.0	0.0	0.0	0.0	0.0	0.0	0.0
	5p	-	25	22.0	18.0	13.0	15.0	68.0	2.0	0.0	0.0	0.0	0.0	0.0	0.0	0.0	0.0	1.0	0.0	0.00.0	0.0	0.0	0.0	1.0	0.0	1.0	0.0	0.0
	5p	-	26	20.0	18.0	14.0	17.0	69.0	3.0	0.0	2.0	0.0	0.0	0.0	0.0	1.0	0.0	1.0	0.0	0.00.0	0.0	0.0	0.0	1.0	0.0	0.0	0.0	0.0
	5p	-	27	22.0	14.0	9.0	24.0	69.0	0.0	1.0	0.0	1.0	0.0	0.0	0.0	0.0	0.0	0.0	0.0	0.00.0	0.0	0.0	0.0	1.0	0.0	0.0	0.0	0.0
	5p	-	28	19.0	14.0	14.0	23.0	70.0	1.0	0.0	0.0	1.0	0.0	0.0	0.0	0.0	2.0	0.0	0.0	1.00.0	0.0	0.0	0.0	0.0	0.0	0.0	0.0	0.0
	5p	-	29	34.0	13.0	10.0	13.0	70.0	0.0	0.0	0.0	0.0	1.0	0.0	1.0	0.0	0.0	0.0	0.0	1.00.0	0.0	0.0	0.0	0.0	0.0	0.0	0.0	0.0
	5p	-	30	16.0	16.0	21.0	17.0	70.0	2.0	1.0	0.0	0.0	2.0	0.0	0.0	0.0	2.0	0.0	0.0	1.00.0	0.0	0.0	0.0	0.0	0.0	0.0	0.0	0.0
	5p	-	31	14.0	5.0	12.0	8.0	39.0	1.0	0.0	0.0	0.0	0.0	0.0	0.0	0.0	0.0	0.0	1.0	0.00.0	0.0	0.0	0.0	0.0	0.0	0.0	0.0	0.0
	5p	-	32	4.0	9.0	8.0	10.0	31.0	0.0	0.0	0.0	0.0	0.0	0.0	1.0	0.0	0.0	1.0	0.0	0.00.0	0.0	0.0	0.0	0.0	0.0	0.0	0.0	0.0
	5p	-	33	9.0	6.0	5.0	5.0	25.0	0.0	0.0	0.0	0.0	0.0	0.0	0.0	0.0	0.0	0.0	0.0	0.00.0	0.0	0.0	0.0	0.0	0.0	0.0	0.0	0.0
	5p	-	34	10.0	4.0	5.0	4.0	23.0	0.0	0.0	0.0	0.0	0.0	0.0	0.0	1.0	0.0	0.0	0.0	0.00.0	0.0	0.0	0.0	0.0	0.0	0.0	0.0	0.0
	5p	-	35	8.0	6.0	2.0	4.0	20.0	0.0	0.0	1.0	0.0	0.0	0.0	0.0	0.0	0.0	0.0	0.0	0.00.0	0.0	0.0	0.0	0.0	0.0	0.0	0.0	0.0
	5p	-	36	7.0	5.0	1.0	6.0	19.0	1.0	0.0	0.0	0.0	0.0	0.0	0.0	0.0	0.0	0.0	0.0	0.00.0	0.0	0.0	0.0	0.0	0.0	0.0	0.0	0.0
	5p	-	37	5.0	4.0	4.0	6.0	19.0	0.0	0.0	1.0	0.0	0.0	0.0	0.0	0.0	0.0	0.0	0.0	0.00.0	0.0	0.0	0.0	0.0	0.0	0.0	0.0	0.0
	5p	-	38	7.0	7.0	2.0	3.0	19.0	0.0	0.0	0.0	0.0	0.0	0.0	0.0	0.0	0.0	0.0	0.0	0.00.0	0.0	0.0	0.0	0.0	0.0	0.0	0.0	0.0
	5p	-	39	5.0	7.0	3.0	4.0	19.0	1.0	0.0	0.0	0.0	0.0	0.0	0.0	0.0	0.0	0.0	0.0	0.00.0	0.0	0.0	0.0	0.0	0.0	0.0	0.0	0.0
	5p	-	40	5.0	2.0	4.0	7.0	18.0	1.0	0.0	0.0	0.0	0.0	0.0	0.0	0.0	0.0	0.0	0.0	0.00.0	0.0	0.0	0.0	0.0	0.0	0.0	0.0	0.0
	5p	-	41	8.0	3.0	4.0	3.0	18.0	0.0	0.0	0.0	0.0	0.0	0.0	0.0	0.0	0.0	0.0	0.0	0.00.0	0.0	0.0	0.0	0.0	0.0	0.0	0.0	0.0
	5p	-	42	9.0	4.0	2.0	3.0	18.0	0.0	0.0	0.0	0.0	0.0	0.0	0.0	0.0	0.0	0.0	1.0	0.00.0	0.0	0.0	0.0	0.0	0.0	0.0	0.0	0.0
	5p	-	43	4.0	5.0	4.0	5.0	18.0	0.0	0.0	0.0	0.0	0.0	0.0	0.0	0.0	0.0	0.0	0.0	0.00.0	0.0	0.0	0.0	0.0	0.0	0.0	0.0	0.0
	5p	-	44	5.0	7.0	1.0	4.0	17.0	0.0	0.0	0.0	1.0	0.0	0.0	0.0	0.0	0.0	0.0	0.0	0.00.0	0.0	0.0	0.0	0.0	0.0	0.0	0.0	0.0
	5p	-	45	8.0	5.0	1.0	3.0	17.0	0.0	1.0	0.0	0.0	0.0	0.0	0.0	0.0	0.0	0.0	0.0	0.00.0	0.0	0.0	0.0	0.0	0.0	0.0	0.0	0.0
	5p	-	46	4.0	2.0	5.0	5.0	16.0	0.0	0.0	0.0	1.0	0.0	0.0	0.0	0.0	0.0	0.0	0.0	1.00.0	0.0	0.0	0.0	0.0	0.0	0.0	0.0	0.0
	5p	-	47	5.0	3.0	3.0	4.0	15.0	0.0	0.0	0.0	0.0	0.0	0.0	0.0	0.0	0.0	0.0	0.0	0.00.0	0.0	0.0	0.0	0.0	0.0	0.0	0.0	0.0
	5p	-	48	5.0	3.0	5.0	2.0	15.0	0.0	0.0	0.0	0.0	0.0	0.0	0.0	0.0	0.0	0.0	0.0	0.00.0	0.0	0.0	0.0	0.0	0.0	0.0	0.0	0.0
	5p	-	49	5.0	2.0	2.0	6.0	15.0	0.0	1.0	0.0	0.0	0.0	0.0	0.0	0.0	0.0	0.0	0.0	0.00.0	0.0	0.0	0.0	0.0	0.0	0.0	0.0	0.0
	5p	-	50	5.0	4.0	2.0	3.0	14.0	0.0	0.0	0.0	0.0	0.0	0.0	0.0	0.0	0.0	0.0	0.0	0.00.0	0.0	0.0	0.0	0.0	0.0	0.0	0.0	0.0
	5p	-	51	4.0	3.0	2.0	5.0	14.0	0.0	0.0	0.0	0.0	0.0	0.0	0.0	0.0	0.0	0.0	0.0	0.00.0	0.0	0.0	0.0	0.0	0.0	0.0	0.0	0.0
	5p	-	52	3.0	3.0	6.0	2.0	14.0	0.0	0.0	0.0	0.0	0.0	0.0	0.0	0.0	0.0	0.0	0.0	0.00.0	0.0	0.0	0.0	0.0	0.0	0.0	0.0	0.0
	5p	-	53	6.0	2.0	3.0	3.0	14.0	0.0	0.0	0.0	0.0	0.0	0.0	0.0	0.0	0.0	0.0	0.0	0.00.0	0.0	0.0	0.0	0.0	0.0	0.0	0.0	0.0
	5p	-	54	5.0	5.0	0.0	3.0	13.0	0.0	0.0	0.0	0.0	0.0	0.0	0.0	0.0	0.0	0.0	0.0	0.00.0	0.0	0.0	0.0	0.0	0.0	0.0	0.0	0.0
	5p	-	55	6.0	1.0	3.0	3.0	13.0	1.0	0.0	0.0	0.0	0.0	0.0	0.0	0.0	0.0	0.0	0.0	1.00.0	0.0	0.0	0.0	0.0	0.0	0.0	0.0	0.0
	5p	-	56	4.0	5.0	0.0	4.0	13.0	0.0	0.0	0.0	0.0	0.0	0.0	0.0	0.0	0.0	0.0	0.0	0.00.0	0.0	0.0	0.0	0.0	0.0	0.0	0.0	0.0
	5p	-	57	6.0	1.0	2.0	4.0	13.0	0.0	0.0	0.0	0.0	0.0	0.0	0.0	0.0	0.0	0.0	0.0	0.00.0	0.0	0.0	0.0	0.0	0.0	0.0	0.0	0.0
	5p	-	58	6.0	3.0	2.0	2.0	13.0	0.0	0.0	0.0	1.0	0.0	0.0	0.0	0.0	0.0	0.0	0.0	0.00.0	0.0	0.0	0.0	0.0	0.0	0.0	0.0	0.0
	5p	-	59	1.0	3.0	2.0	6.0	12.0	1.0	0.0	0.0	0.0	0.0	0.0	0.0	0.0	0.0	0.0	0.0	0.00.0	0.0	0.0	0.0	0.0	0.0	0.0	0.0	0.0
	5p	-	60	3.0	1.0	1.0	7.0	12.0	0.0	0.0	1.0	0.0	0.0	0.0	0.0	0.0	1.0	0.0	0.0	0.00.0	0.0	0.0	0.0	0.0	0.0	0.0	0.0	0.0
	5p	-	61	3.0	3.0	2.0	4.0	12.0	0.0	0.0	0.0	0.0	0.0	0.0	0.0	0.0	0.0	0.0	0.0	0.00.0	0.0	0.0	0.0	0.0	0.0	0.0	0.0	0.0
	5p	-	62	2.0	3.0	1.0	4.0	10.0	0.0	0.0	0.0	0.0	0.0	0.0	0.0	0.0	0.0	1.0	0.0	0.00.0	0.0	0.0	0.0	0.0	0.0	0.0	0.0	0.0
	5p	-	63	3.0	4.0	0.0	3.0	10.0	0.0	0.0	0.0	0.0	0.0	0.0	0.0	0.0	0.0	0.0	0.0	0.00.0	0.0	0.0	0.0	0.0	0.0	0.0	0.0	0.0
	5p	-	64	5.0	3.0	1.0	1.0	10.0	0.0	0.0	0.0	0.0	0.0	0.0	0.0	0.0	0.0	0.0	0.0	0.00.0	0.0	0.0	0.0	0.0	0.0	0.0	0.0	0.0
	5p	-	65	2.0	2.0	2.0	4.0	10.0	0.0	0.0	0.0	0.0	0.0	0.0	0.0	0.0	0.0	0.0	0.0	0.00.0	0.0	0.0	0.0	0.0	0.0	0.0	0.0	0.0
	5p	-	66	2.0	1.0	1.0	6.0	10.0	0.0	0.0	0.0	0.0	0.0	0.0	0.0	0.0	0.0	0.0	0.0	0.00.0	0.0	0.0	0.0	0.0	0.0	0.0	0.0	0.0
	5p	-	67	1.0	3.0	0.0	5.0	9.0	0.0	0.0	0.0	0.0	0.0	0.0	0.0	0.0	0.0	0.0	0.0	0.00.0	0.0	0.0	0.0	0.0	0.0	0.0	0.0	0.0
	5p	-	68	2.0	2.0	1.0	2.0	7.0	0.0	0.0	0.0	0.0	0.0	0.0	0.0	0.0	0.0	0.0	0.0	0.00.0	0.0	0.0	0.0	0.0	0.0	0.0	0.0	0.0
	5p	-	69	2.0	1.0	1.0	3.0	7.0	0.0	0.0	0.0	0.0	0.0	0.0	1.0	0.0	0.0	0.0	0.0	0.00.0	0.0	0.0	0.0	0.0	0.0	0.0	0.0	0.0
	5p	-	70	2.0	1.0	1.0	3.0	7.0	0.0	0.0	0.0	0.0	0.0	0.0	0.0	0.0	0.0	0.0	0.0	0.00.0	0.0	0.0	0.0	0.0	0.0	0.0	0.0	0.0
	5p	-	71	4.0	1.0	2.0	0.0	7.0	0.0	0.0	0.0	0.0	0.0	0.0	0.0	0.0	0.0	0.0	0.0	0.00.0	0.0	0.0	0.0	0.0	0.0	0.0	0.0	0.0
	5p	-	72	5.0	1.0	0.0	1.0	7.0	0.0	0.0	0.0	0.0	0.0	0.0	0.0	0.0	0.0	0.0	0.0	0.00.0	0.0	0.0	0.0	0.0	0.0	0.0	0.0	0.0
	5p	-	73	4.0	1.0	0.0	1.0	6.0	0.0	0.0	0.0	0.0	0.0	0.0	0.0	0.0	0.0	0.0	0.0	0.00.0	0.0	0.0	0.0	0.0	0.0	0.0	0.0	0.0
	5p	-	74	3.0	1.0	2.0	0.0	6.0	1.0	0.0	0.0	0.0	0.0	0.0	0.0	0.0	0.0	0.0	0.0	0.00.0	0.0	0.0	0.0	0.0	0.0	0.0	0.0	0.0
	5p	-	75	0.0	2.0	2.0	2.0	6.0	0.0	0.0	0.0	0.0	0.0	0.0	0.0	0.0	0.0	0.0	0.0	0.00.0	0.0	0.0	0.0	0.0	0.0	0.0	0.0	0.0
	5p	-	76	2.0	3.0	0.0	1.0	6.0	0.0	0.0	0.0	0.0	0.0	0.0	0.0	0.0	0.0	0.0	0.0	0.00.0	0.0	0.0	0.0	0.0	0.0	0.0	0.0	0.0
	5p	-	77	0.0	2.0	1.0	3.0	6.0	0.0	0.0	0.0	0.0	0.0	0.0	0.0	0.0	0.0	0.0	0.0	0.00.0	0.0	0.0	0.0	0.0	0.0	0.0	0.0	0.0
	5p	-	78	2.0	0.0	1.0	2.0	5.0	0.0	0.0	0.0	0.0	0.0	0.0	0.0	0.0	0.0	0.0	0.0	0.00.0	0.0	0.0	0.0	0.0	0.0	0.0	0.0	0.0
	5p	-	79	3.0	1.0	1.0	0.0	5.0	0.0	0.0	0.0	0.0	0.0	0.0	0.0	0.0	0.0	0.0	0.0	0.00.0	0.0	0.0	0.0	0.0	0.0	0.0	0.0	0.0
	5p	-	80	1.0	1.0	0.0	2.0	4.0	0.0	0.0	0.0	0.0	0.0	0.0	0.0	0.0	0.0	0.0	0.0	0.00.0	0.0	0.0	0.0	0.0	0.0	0.0	0.0	0.0
	5p	-	81	3.0	0.0	1.0	0.0	4.0	0.0	0.0	0.0	0.0	0.0	0.0	0.0	0.0	0.0	0.0	0.0	0.00.0	0.0	0.0	0.0	0.0	0.0	0.0	0.0	0.0
	5p	-	82	1.0	1.0	2.0	0.0	4.0	0.0	0.0	0.0	0.0	0.0	0.0	0.0	0.0	0.0	0.0	0.0	0.00.0	0.0	0.0	0.0	0.0	0.0	0.0	0.0	0.0
	5p	-	83	0.0	1.0	0.0	3.0	4.0	0.0	0.0	0.0	0.0	0.0	0.0	0.0	0.0	0.0	0.0	0.0	0.00.0	0.0	0.0	0.0	0.0	0.0	0.0	0.0	0.0
	5p	-	84	1.0	1.0	2.0	0.0	4.0	0.0	0.0	0.0	0.0	0.0	0.0	0.0	0.0	0.0	0.0	0.0	0.00.0	0.0	0.0	0.0	0.0	0.0	0.0	0.0	0.0
	5p	-	85	1.0	1.0	1.0	1.0	4.0	0.0	0.0	0.0	0.0	0.0	0.0	0.0	0.0	0.0	0.0	0.0	0.00.0	0.0	0.0	0.0	0.0	0.0	0.0	0.0	0.0
	5p	-	86	1.0	1.0	0.0	2.0	4.0	0.0	0.0	0.0	0.0	0.0	0.0	0.0	0.0	0.0	0.0	0.0	0.00.0	0.0	0.0	0.0	0.0	0.0	0.0	0.0	0.0
	5p	-	87	2.0	1.0	1.0	0.0	4.0	0.0	0.0	0.0	0.0	0.0	0.0	0.0	0.0	0.0	0.0	0.0	0.00.0	0.0	0.0	0.0	0.0	0.0	0.0	0.0	0.0
	5p	-	88	2.0	1.0	0.0	1.0	4.0	0.0	0.0	0.0	0.0	0.0	0.0	0.0	0.0	0.0	0.0	0.0	0.00.0	0.0	0.0	0.0	0.0	0.0	0.0	0.0	0.0
	5p	-	89	1.0	2.0	0.0	1.0	4.0	0.0	0.0	0.0	0.0	0.0	0.0	0.0	0.0	0.0	0.0	0.0	0.00.0	0.0	0.0	0.0	0.0	0.0	0.0	0.0	0.0
	5p	-	90	2.0	1.0	0.0	1.0	4.0	0.0	0.0	1.0	0.0	0.0	0.0	0.0	0.0	0.0	0.0	0.0	0.00.0	0.0	0.0	0.0	0.0	0.0	0.0	0.0	0.0
	5p	-	91	2.0	1.0	1.0	0.0	4.0	0.0	0.0	0.0	0.0	0.0	0.0	0.0	0.0	0.0	0.0	0.0	0.00.0	0.0	0.0	0.0	0.0	0.0	0.0	0.0	0.0
	5p	-	92	1.0	1.0	1.0	0.0	3.0	0.0	0.0	0.0	0.0	0.0	0.0	0.0	0.0	0.0	0.0	0.0	0.00.0	0.0	0.0	0.0	0.0	0.0	0.0	0.0	0.0
	5p	-	93	1.0	1.0	1.0	0.0	3.0	0.0	0.0	0.0	0.0	0.0	0.0	0.0	0.0	0.0	0.0	0.0	0.00.0	0.0	0.0	0.0	0.0	0.0	0.0	0.0	0.0
	5p	-	94	0.0	1.0	1.0	1.0	3.0	0.0	0.0	0.0	0.0	0.0	0.0	0.0	0.0	0.0	0.0	0.0	0.00.0	0.0	0.0	0.0	0.0	0.0	0.0	0.0	0.0
	5p	-	95	1.0	0.0	0.0	1.0	2.0	0.0	0.0	0.0	0.0	0.0	0.0	0.0	0.0	0.0	0.0	0.0	0.00.0	0.0	0.0	0.0	0.0	0.0	0.0	0.0	0.0
	5p	-	96	0.0	1.0	1.0	0.0	2.0	0.0	0.0	0.0	0.0	0.0	0.0	0.0	0.0	0.0	0.0	0.0	0.00.0	0.0	0.0	0.0	0.0	0.0	0.0	0.0	0.0
	5p	-	97	1.0	0.0	1.0	0.0	2.0	0.0	0.0	0.0	0.0	0.0	0.0	0.0	0.0	0.0	0.0	0.0	0.00.0	0.0	0.0	0.0	0.0	0.0	0.0	0.0	0.0
	5p	-	98	1.0	0.0	1.0	0.0	2.0	0.0	0.0	0.0	0.0	0.0	0.0	0.0	0.0	0.0	0.0	0.0	0.00.0	0.0	0.0	0.0	0.0	0.0	0.0	0.0	0.0
	5p	-	99	1.0	1.0	0.0	0.0	2.0	0.0	0.0	0.0	0.0	0.0	0.0	0.0	0.0	0.0	0.0	0.0	0.00.0	0.0	0.0	0.0	0.0	0.0	0.0	0.0	0.0
	5p	-	100	2.0	0.0	0.0	0.0	2.0	0.0	0.0	0.0	0.0	0.0	0.0	0.0	0.0	0.0	0.0	0.0	0.00.0	0.0	0.0	0.0	0.0	0.0	0.0	0.0	0.0
