# table produced by DamageProfiler
# using mapped file ScA048.BuffaloCape_Human_nc.Target.rmdup.noMicro.bam
# Sample ID: ScA048.BuffaloCape_Human_nc.Target.rmdup.noMicro.bam
Chr	End	Std	Pos	A	C	G	T	Total
	3p	+	1	481	146	118	500	1245
	3p	+	2	476	261	173	335	1245
	3p	+	3	447	243	209	346	1245
	3p	+	4	456	233	218	338	1245
	3p	+	5	441	242	218	344	1245
	3p	+	6	455	252	197	341	1245
	3p	+	7	445	232	233	335	1245
	3p	+	8	456	216	232	341	1245
	3p	+	9	402	239	235	369	1245
	3p	+	10	409	236	261	339	1245
	3p	+	11	434	235	208	368	1245
	3p	+	12	395	248	251	351	1245
	3p	+	13	423	223	218	381	1245
	3p	+	14	417	231	254	343	1245
	3p	+	15	468	223	236	318	1245
	3p	+	16	416	233	239	357	1245
	3p	+	17	414	260	234	337	1245
	3p	+	18	415	234	228	368	1245
	3p	+	19	420	236	207	382	1245
	3p	+	20	423	258	203	361	1245
	3p	+	21	407	254	227	357	1245
	3p	+	22	403	229	266	347	1245
	3p	+	23	420	217	240	368	1245
	3p	+	24	439	228	229	349	1245
	3p	+	25	411	257	210	367	1245
	3p	+	26	435	228	210	372	1245
	3p	+	27	421	222	228	374	1245
	3p	+	28	374	243	242	386	1245
	3p	+	29	410	213	233	389	1245
	3p	+	30	397	247	259	342	1245
	3p	+	31	370	231	220	298	1119
	3p	+	32	341	197	200	310	1048
	3p	+	33	343	187	183	289	1002
	3p	+	34	283	192	190	289	954
	3p	+	35	278	172	204	265	919
	3p	+	36	283	159	176	256	874
	3p	+	37	279	183	148	233	843
	3p	+	38	248	164	186	215	813
	3p	+	39	268	152	160	208	788
	3p	+	40	272	140	141	204	757
	3p	+	41	234	148	138	206	726
	3p	+	42	239	136	126	197	698
	3p	+	43	219	141	118	185	663
	3p	+	44	212	120	128	171	631
	3p	+	45	194	116	119	171	600
	3p	+	46	186	108	102	184	580
	3p	+	47	188	103	103	162	556
	3p	+	48	152	113	113	148	526
	3p	+	49	159	79	93	163	494
	3p	+	50	147	77	85	143	452
	3p	+	51	149	78	71	119	417
	3p	+	52	136	64	73	117	390
	3p	+	53	132	61	59	115	367
	3p	+	54	117	74	56	98	345
	3p	+	55	101	77	55	89	322
	3p	+	56	108	59	64	71	302
	3p	+	57	78	80	41	83	282
	3p	+	58	81	46	37	94	258
	3p	+	59	76	49	36	76	237
	3p	+	60	76	49	39	56	220
	3p	+	61	70	43	31	58	202
	3p	+	62	61	29	32	65	187
	3p	+	63	61	36	25	52	174
	3p	+	64	50	29	32	48	159
	3p	+	65	60	27	22	38	147
	3p	+	66	46	24	19	46	135
	3p	+	67	41	21	26	36	124
	3p	+	68	41	16	17	43	117
	3p	+	69	47	17	16	31	111
	3p	+	70	28	19	17	38	102
	3p	+	71	31	15	22	24	92
	3p	+	72	32	15	16	20	83
	3p	+	73	25	18	11	25	79
	3p	+	74	23	16	11	22	72
	3p	+	75	20	12	12	11	55
	3p	+	76	16	13	10	13	52
	3p	+	77	22	8	6	11	47
	3p	+	78	14	9	8	13	44
	3p	+	79	9	11	7	12	39
	3p	+	80	13	5	6	11	35
	3p	+	81	7	2	7	13	29
	3p	+	82	12	6	1	5	24
	3p	+	83	9	6	4	1	20
	3p	+	84	3	2	6	7	18
	3p	+	85	4	5	2	4	15
	3p	+	86	3	4	2	4	13
	3p	+	87	5	3	2	1	11
	3p	+	88	0	1	3	4	8
	3p	+	89	4	1	0	1	6
	3p	+	90	0	2	0	2	4
	3p	+	91	0	0	0	1	1
	3p	+	92	0	0	0	0	0
	3p	+	93	0	0	0	0	0
	3p	+	94	0	0	0	0	0
	3p	+	95	0	0	0	0	0
	3p	+	96	0	0	0	0	0
	3p	+	97	0	0	0	0	0
	3p	+	98	0	0	0	0	0
	3p	+	99	0	0	0	0	0
	3p	+	100	0	0	0	0	0
	3p	-	1	564	178	137	512	1391
	3p	-	2	529	270	204	388	1391
	3p	-	3	513	277	237	364	1391
	3p	-	4	506	262	245	378	1391
	3p	-	5	490	256	243	402	1391
	3p	-	6	520	231	249	391	1391
	3p	-	7	508	264	258	361	1391
	3p	-	8	503	258	263	367	1391
	3p	-	9	494	241	271	385	1391
	3p	-	10	462	268	259	402	1391
	3p	-	11	452	263	295	381	1391
	3p	-	12	467	234	286	404	1391
	3p	-	13	483	262	259	387	1391
	3p	-	14	447	269	250	425	1391
	3p	-	15	481	248	265	397	1391
	3p	-	16	456	272	265	398	1391
	3p	-	17	473	251	254	413	1391
	3p	-	18	466	244	259	422	1391
	3p	-	19	482	287	234	388	1391
	3p	-	20	454	261	278	398	1391
	3p	-	21	489	271	250	381	1391
	3p	-	22	505	245	220	421	1391
	3p	-	23	458	259	256	418	1391
	3p	-	24	454	267	247	423	1391
	3p	-	25	455	285	274	377	1391
	3p	-	26	486	260	257	388	1391
	3p	-	27	477	255	247	412	1391
	3p	-	28	473	258	265	395	1391
	3p	-	29	460	272	250	409	1391
	3p	-	30	488	249	254	400	1391
	3p	-	31	450	249	220	347	1266
	3p	-	32	424	219	210	344	1197
	3p	-	33	403	234	186	311	1134
	3p	-	34	375	231	191	299	1096
	3p	-	35	335	213	207	296	1051
	3p	-	36	340	182	177	313	1012
	3p	-	37	338	178	176	277	969
	3p	-	38	280	173	196	265	914
	3p	-	39	300	154	152	268	874
	3p	-	40	288	152	156	235	831
	3p	-	41	250	154	149	240	793
	3p	-	42	249	125	147	232	753
	3p	-	43	233	129	139	226	727
	3p	-	44	256	127	129	171	683
	3p	-	45	223	127	106	189	645
	3p	-	46	205	103	112	188	608
	3p	-	47	187	108	105	168	568
	3p	-	48	169	102	108	160	539
	3p	-	49	149	105	90	164	508
	3p	-	50	147	92	92	145	476
	3p	-	51	142	84	70	150	446
	3p	-	52	140	64	67	146	417
	3p	-	53	112	79	68	123	382
	3p	-	54	117	71	69	98	355
	3p	-	55	112	65	54	99	330
	3p	-	56	101	56	53	93	303
	3p	-	57	90	51	58	87	286
	3p	-	58	95	47	43	84	269
	3p	-	59	77	52	43	81	253
	3p	-	60	66	51	38	75	230
	3p	-	61	73	41	49	56	219
	3p	-	62	67	35	36	66	204
	3p	-	63	55	43	32	61	191
	3p	-	64	52	35	33	56	176
	3p	-	65	52	36	36	44	168
	3p	-	66	55	26	28	46	155
	3p	-	67	51	16	33	43	143
	3p	-	68	37	27	22	47	133
	3p	-	69	46	24	23	30	123
	3p	-	70	37	28	13	35	113
	3p	-	71	30	18	23	35	106
	3p	-	72	29	16	21	31	97
	3p	-	73	29	21	8	35	93
	3p	-	74	23	19	20	18	80
	3p	-	75	29	11	10	25	75
	3p	-	76	20	13	15	21	69
	3p	-	77	19	9	8	18	54
	3p	-	78	15	9	4	17	45
	3p	-	79	12	7	10	9	38
	3p	-	80	17	3	4	10	34
	3p	-	81	13	6	6	8	33
	3p	-	82	9	2	4	11	26
	3p	-	83	5	6	3	8	22
	3p	-	84	8	2	5	5	20
	3p	-	85	7	1	7	3	18
	3p	-	86	4	1	3	5	13
	3p	-	87	5	1	3	1	10
	3p	-	88	5	0	1	3	9
	3p	-	89	2	1	2	1	6
	3p	-	90	0	0	1	1	2
	3p	-	91	1	0	0	1	2
	3p	-	92	0	0	0	0	0
	3p	-	93	0	0	0	0	0
	3p	-	94	0	0	0	0	0
	3p	-	95	0	0	0	0	0
	3p	-	96	0	0	0	0	0
	3p	-	97	0	0	0	0	0
	3p	-	98	0	0	0	0	0
	3p	-	99	0	0	0	0	0
	3p	-	100	0	0	0	0	0
	5p	+	1	459	202	201	383	1245
	5p	+	2	413	187	252	393	1245
	5p	+	3	411	247	252	335	1245
	5p	+	4	405	246	248	346	1245
	5p	+	5	417	212	243	373	1245
	5p	+	6	401	250	229	365	1245
	5p	+	7	401	248	234	362	1245
	5p	+	8	421	246	227	351	1245
	5p	+	9	425	233	236	351	1245
	5p	+	10	406	248	251	340	1245
	5p	+	11	431	244	230	340	1245
	5p	+	12	382	264	258	341	1245
	5p	+	13	425	222	246	352	1245
	5p	+	14	409	261	225	350	1245
	5p	+	15	414	232	231	368	1245
	5p	+	16	416	253	212	364	1245
	5p	+	17	391	254	239	361	1245
	5p	+	18	427	271	227	320	1245
	5p	+	19	442	230	220	353	1245
	5p	+	20	401	243	242	359	1245
	5p	+	21	421	241	225	358	1245
	5p	+	22	433	222	246	344	1245
	5p	+	23	438	235	195	377	1245
	5p	+	24	421	248	213	363	1245
	5p	+	25	412	261	221	351	1245
	5p	+	26	427	227	236	355	1245
	5p	+	27	405	237	260	343	1245
	5p	+	28	418	250	231	346	1245
	5p	+	29	442	255	190	358	1245
	5p	+	30	433	260	208	344	1245
	5p	+	31	390	210	184	335	1119
	5p	+	32	366	204	181	297	1048
	5p	+	33	338	174	203	287	1002
	5p	+	34	304	191	179	280	954
	5p	+	35	315	171	151	282	919
	5p	+	36	309	147	150	268	874
	5p	+	37	294	164	118	267	843
	5p	+	38	281	152	141	239	813
	5p	+	39	271	144	152	221	788
	5p	+	40	271	145	118	223	757
	5p	+	41	275	110	118	223	726
	5p	+	42	255	119	135	189	698
	5p	+	43	229	126	115	193	663
	5p	+	44	188	140	120	183	631
	5p	+	45	207	112	120	161	600
	5p	+	46	188	117	97	178	580
	5p	+	47	198	90	115	153	556
	5p	+	48	171	98	93	164	526
	5p	+	49	160	89	97	148	494
	5p	+	50	179	76	77	120	452
	5p	+	51	156	73	74	114	417
	5p	+	52	117	68	76	129	390
	5p	+	53	115	69	64	119	367
	5p	+	54	123	64	54	104	345
	5p	+	55	105	58	61	98	322
	5p	+	56	94	51	51	106	302
	5p	+	57	90	49	54	89	282
	5p	+	58	92	51	47	68	258
	5p	+	59	74	56	46	61	237
	5p	+	60	80	41	36	63	220
	5p	+	61	56	43	47	56	202
	5p	+	62	68	37	28	54	187
	5p	+	63	57	30	28	59	174
	5p	+	64	51	20	27	61	159
	5p	+	65	39	34	23	51	147
	5p	+	66	44	24	20	47	135
	5p	+	67	33	27	29	35	124
	5p	+	68	46	25	15	31	117
	5p	+	69	38	18	18	37	111
	5p	+	70	34	19	23	26	102
	5p	+	71	31	19	18	24	92
	5p	+	72	31	15	13	24	83
	5p	+	73	28	9	13	29	79
	5p	+	74	30	10	13	19	72
	5p	+	75	20	13	10	12	55
	5p	+	76	20	8	9	15	52
	5p	+	77	21	5	7	14	47
	5p	+	78	12	8	12	12	44
	5p	+	79	13	8	11	7	39
	5p	+	80	12	5	7	11	35
	5p	+	81	8	2	8	11	29
	5p	+	82	7	5	2	10	24
	5p	+	83	11	3	1	5	20
	5p	+	84	7	3	2	6	18
	5p	+	85	6	1	2	6	15
	5p	+	86	5	1	5	2	13
	5p	+	87	2	4	2	3	11
	5p	+	88	1	2	2	3	8
	5p	+	89	3	2	0	1	6
	5p	+	90	0	1	2	1	4
	5p	+	91	0	0	1	0	1
	5p	+	92	0	0	0	0	0
	5p	+	93	0	0	0	0	0
	5p	+	94	0	0	0	0	0
	5p	+	95	0	0	0	0	0
	5p	+	96	0	0	0	0	0
	5p	+	97	0	0	0	0	0
	5p	+	98	0	0	0	0	0
	5p	+	99	0	0	0	0	0
	5p	+	100	0	0	0	0	0
	5p	-	1	535	221	207	428	1391
	5p	-	2	493	223	266	409	1391
	5p	-	3	477	251	249	414	1391
	5p	-	4	460	281	277	373	1391
	5p	-	5	462	294	251	384	1391
	5p	-	6	460	259	265	407	1391
	5p	-	7	422	280	285	404	1391
	5p	-	8	462	245	273	411	1391
	5p	-	9	477	250	261	403	1391
	5p	-	10	475	253	259	404	1391
	5p	-	11	471	281	249	390	1391
	5p	-	12	481	262	256	392	1391
	5p	-	13	464	286	255	386	1391
	5p	-	14	478	269	242	402	1391
	5p	-	15	485	267	244	395	1391
	5p	-	16	462	263	270	396	1391
	5p	-	17	477	271	265	378	1391
	5p	-	18	470	247	248	426	1391
	5p	-	19	477	243	272	399	1391
	5p	-	20	477	248	254	412	1391
	5p	-	21	470	283	230	408	1391
	5p	-	22	473	274	257	387	1391
	5p	-	23	447	247	274	423	1391
	5p	-	24	451	257	260	423	1391
	5p	-	25	482	280	246	383	1391
	5p	-	26	465	252	221	453	1391
	5p	-	27	499	229	276	387	1391
	5p	-	28	461	267	264	399	1391
	5p	-	29	482	276	237	396	1391
	5p	-	30	499	232	235	425	1391
	5p	-	31	426	267	206	367	1266
	5p	-	32	401	253	202	341	1197
	5p	-	33	421	199	190	324	1134
	5p	-	34	388	222	192	294	1096
	5p	-	35	361	189	198	303	1051
	5p	-	36	380	174	185	273	1012
	5p	-	37	353	164	173	279	969
	5p	-	38	280	181	163	290	914
	5p	-	39	296	181	147	250	874
	5p	-	40	273	150	143	265	831
	5p	-	41	271	146	145	231	793
	5p	-	42	272	134	134	213	753
	5p	-	43	240	119	137	231	727
	5p	-	44	254	113	111	205	683
	5p	-	45	185	131	126	203	645
	5p	-	46	212	108	104	184	608
	5p	-	47	190	114	100	164	568
	5p	-	48	189	103	88	159	539
	5p	-	49	190	89	100	129	508
	5p	-	50	172	98	78	128	476
	5p	-	51	165	77	78	126	446
	5p	-	52	134	84	69	130	417
	5p	-	53	141	57	70	114	382
	5p	-	54	134	54	63	104	355
	5p	-	55	106	67	54	103	330
	5p	-	56	112	41	60	90	303
	5p	-	57	93	63	48	82	286
	5p	-	58	102	53	44	70	269
	5p	-	59	97	51	45	60	253
	5p	-	60	86	39	39	66	230
	5p	-	61	81	41	32	65	219
	5p	-	62	72	32	39	61	204
	5p	-	63	65	26	44	56	191
	5p	-	64	71	32	28	45	176
	5p	-	65	56	26	28	58	168
	5p	-	66	61	27	26	41	155
	5p	-	67	51	26	27	39	143
	5p	-	68	44	23	31	35	133
	5p	-	69	39	24	26	34	123
	5p	-	70	36	15	27	35	113
	5p	-	71	34	10	25	37	106
	5p	-	72	36	22	13	26	97
	5p	-	73	26	16	18	33	93
	5p	-	74	23	14	16	27	80
	5p	-	75	22	16	14	23	75
	5p	-	76	16	18	14	21	69
	5p	-	77	17	12	10	15	54
	5p	-	78	17	5	6	17	45
	5p	-	79	8	8	10	12	38
	5p	-	80	10	9	8	7	34
	5p	-	81	11	8	5	9	33
	5p	-	82	6	4	4	12	26
	5p	-	83	8	3	1	10	22
	5p	-	84	3	3	7	7	20
	5p	-	85	6	7	3	2	18
	5p	-	86	5	4	2	2	13
	5p	-	87	6	1	1	2	10
	5p	-	88	3	4	0	2	9
	5p	-	89	3	1	0	2	6
	5p	-	90	1	1	0	0	2
	5p	-	91	0	1	0	1	2
	5p	-	92	0	0	0	0	0
	5p	-	93	0	0	0	0	0
	5p	-	94	0	0	0	0	0
	5p	-	95	0	0	0	0	0
	5p	-	96	0	0	0	0	0
	5p	-	97	0	0	0	0	0
	5p	-	98	0	0	0	0	0
	5p	-	99	0	0	0	0	0
	5p	-	100	0	0	0	0	0
