# table produced by DamageProfiler
# using mapped file ScA029.BuffaloCape_Human_nc.Target.rmdup.noMicro.bam
# Sample ID: ScA029.BuffaloCape_Human_nc.Target.rmdup.noMicro.bam
Pos	C>T	G>A	A>C	A>G	A>T	C>A	C>G	G>C	G>T	T>A	T>C	T>G	->ACGT	ACGT>-
0	0.047608	0.006274	0.001569	0.003609	0.001919	0.003050	0.001391	0.001590	0.005147	0.001897	0.002865	0.001247	0.000000	0.000000
1	0.011921	0.004348	0.001153	0.003382	0.001585	0.003077	0.001374	0.001034	0.005038	0.001459	0.002243	0.001200	0.000005	0.000000
2	0.007309	0.004248	0.001168	0.002734	0.001194	0.001787	0.000970	0.001031	0.004668	0.001334	0.002304	0.001197	0.000012	0.000000
3	0.005721	0.003752	0.000841	0.002590	0.000786	0.001653	0.000898	0.000785	0.003993	0.001052	0.002364	0.001025	0.000033	0.000000
4	0.005126	0.003449	0.000845	0.002511	0.000790	0.001504	0.000920	0.000819	0.004551	0.001123	0.002160	0.000759	0.000082	0.000000
5	0.005014	0.003525	0.000736	0.002977	0.000653	0.001262	0.000670	0.000977	0.004553	0.000970	0.002136	0.000691	0.000153	0.000000
6	0.004477	0.003493	0.000633	0.002470	0.000671	0.001289	0.000937	0.000886	0.004546	0.001070	0.002093	0.000815	0.000109	0.000000
7	0.004606	0.003574	0.000658	0.002084	0.000695	0.001374	0.000848	0.000900	0.004676	0.000910	0.002214	0.000807	0.000165	0.000000
8	0.004341	0.003579	0.000761	0.002287	0.000590	0.001324	0.000809	0.000930	0.004639	0.000912	0.002334	0.000777	0.000150	0.000000
9	0.004662	0.003691	0.000655	0.002229	0.000721	0.001368	0.000848	0.000926	0.004542	0.000842	0.002174	0.000732	0.000143	0.000000
10	0.004321	0.003590	0.000638	0.002145	0.000625	0.001382	0.000697	0.000853	0.004750	0.000782	0.002320	0.000668	0.000156	0.000000
11	0.003857	0.003952	0.000631	0.002129	0.000676	0.001434	0.000885	0.000835	0.004774	0.000723	0.002383	0.000702	0.000170	0.000000
12	0.004090	0.003624	0.000658	0.002166	0.000625	0.001374	0.000752	0.000725	0.004677	0.000716	0.002262	0.000733	0.000175	0.000000
13	0.004237	0.003619	0.000817	0.002140	0.000813	0.001415	0.000776	0.000797	0.004525	0.000824	0.002374	0.000849	0.000215	0.000000
14	0.003939	0.003636	0.000802	0.002231	0.000703	0.001149	0.000753	0.000935	0.004489	0.000765	0.002159	0.000710	0.000212	0.000000
15	0.004350	0.003602	0.000709	0.002099	0.000639	0.001193	0.000771	0.000810	0.004746	0.000725	0.002341	0.000649	0.000208	0.000000
16	0.004351	0.003447	0.000625	0.002065	0.000736	0.001298	0.000718	0.000916	0.004594	0.000925	0.002117	0.000713	0.000181	0.000000
17	0.004276	0.003416	0.000729	0.002354	0.000659	0.001306	0.000825	0.000871	0.004647	0.000700	0.002099	0.000589	0.000217	0.000000
18	0.004210	0.003682	0.000726	0.002262	0.000643	0.001095	0.000787	0.001039	0.004829	0.000830	0.002351	0.000691	0.000213	0.000000
19	0.004661	0.003812	0.000632	0.002403	0.000678	0.001432	0.000781	0.000999	0.004783	0.000669	0.002142	0.000703	0.000203	0.000000
20	0.004180	0.003872	0.000740	0.002186	0.000702	0.001421	0.000656	0.000876	0.004844	0.000663	0.002202	0.000784	0.000210	0.000000
21	0.004365	0.003495	0.000671	0.002238	0.000675	0.001323	0.000834	0.000865	0.004892	0.000698	0.002254	0.000795	0.000179	0.000000
22	0.004348	0.003199	0.000756	0.002166	0.000810	0.001478	0.000896	0.000959	0.005048	0.000797	0.002151	0.000633	0.000229	0.000000
23	0.004424	0.003448	0.000632	0.002370	0.000702	0.001287	0.000738	0.000751	0.004772	0.000791	0.002095	0.000741	0.000210	0.000000
24	0.004336	0.003768	0.000725	0.002057	0.000816	0.001352	0.000702	0.000837	0.004612	0.000831	0.002175	0.000801	0.000201	0.000000
