# table produced by DamageProfiler
# using mapped file PaA018.BuffaloCape_Human_nc.Target.rmdup.noMicro.bam
# Sample ID: PaA018.BuffaloCape_Human_nc.Target.rmdup.noMicro.bam
Pos	C>T	G>A	A>C	A>G	A>T	C>A	C>G	G>C	G>T	T>A	T>C	T>G	->ACGT	ACGT>-
24	0.009213	0.009819	0.002401	0.002906	0.002274	0.002490	0.001992	0.003273	0.004783	0.002383	0.003505	0.002243	0.001650	0.000000
23	0.007411	0.006288	0.000882	0.004660	0.002393	0.004600	0.003322	0.001761	0.005030	0.002225	0.005146	0.001808	0.002085	0.000000
22	0.008803	0.007125	0.002054	0.003980	0.002311	0.004024	0.000252	0.002545	0.005598	0.002187	0.004101	0.000957	0.002260	0.000000
21	0.009071	0.007102	0.002200	0.003365	0.002588	0.004903	0.000735	0.002893	0.004997	0.002162	0.003242	0.002026	0.002216	0.000000
20	0.007089	0.007790	0.002739	0.004304	0.002608	0.002200	0.002933	0.003635	0.005193	0.001891	0.004593	0.002026	0.002477	0.000000
19	0.008221	0.007896	0.001576	0.003416	0.002890	0.003986	0.001744	0.002547	0.004075	0.002141	0.003212	0.002409	0.001954	0.000000
18	0.007358	0.007807	0.002478	0.005477	0.002217	0.003679	0.002943	0.002266	0.006799	0.003151	0.003288	0.001644	0.001955	0.000000
17	0.006332	0.007141	0.002357	0.004844	0.003142	0.004140	0.001218	0.003315	0.005611	0.002310	0.003805	0.002718	0.001868	0.000000
16	0.010352	0.009427	0.002448	0.004252	0.001546	0.003451	0.000986	0.001783	0.004331	0.001648	0.004533	0.001511	0.002041	0.000000
15	0.006750	0.006600	0.002039	0.003440	0.002803	0.004750	0.001500	0.002376	0.005808	0.001084	0.005016	0.001491	0.002216	0.000000
14	0.007933	0.007686	0.001903	0.004568	0.001776	0.004462	0.000992	0.003843	0.004099	0.002226	0.003479	0.002783	0.002434	0.000000
13	0.005944	0.011658	0.001641	0.003914	0.002652	0.003715	0.003219	0.002332	0.004145	0.002224	0.004310	0.002780	0.002173	0.000000
12	0.004547	0.008149	0.002033	0.004319	0.003049	0.005304	0.001768	0.002292	0.005602	0.003573	0.004397	0.001237	0.001433	0.000000
11	0.009642	0.008797	0.001802	0.005147	0.001544	0.004821	0.002030	0.001552	0.005175	0.002278	0.004555	0.002278	0.001345	0.000000
10	0.008376	0.005581	0.002313	0.003470	0.002056	0.002538	0.003299	0.004566	0.005327	0.002580	0.003802	0.002987	0.001780	0.000000
9	0.006511	0.008004	0.001798	0.005394	0.002055	0.002254	0.004007	0.003252	0.006753	0.002069	0.004690	0.003311	0.001563	0.000000
8	0.009257	0.005075	0.002266	0.004783	0.002895	0.004371	0.002828	0.004060	0.006090	0.002896	0.004413	0.001655	0.001781	0.000000
7	0.010232	0.007061	0.001694	0.003387	0.002541	0.005116	0.001346	0.002092	0.008107	0.002773	0.003328	0.001941	0.002042	0.000000
6	0.007265	0.008931	0.001845	0.004059	0.001968	0.004008	0.002756	0.002889	0.004991	0.002394	0.004647	0.002112	0.001346	0.000000
5	0.011361	0.010549	0.002469	0.002939	0.001411	0.004389	0.002066	0.002434	0.003246	0.002152	0.004017	0.002296	0.001302	0.000000
4	0.009635	0.010115	0.001667	0.004286	0.002024	0.005832	0.001775	0.003007	0.006561	0.002687	0.005658	0.002263	0.000303	0.000000
3	0.010268	0.011191	0.001615	0.003345	0.003115	0.005259	0.002004	0.002582	0.009182	0.003317	0.004471	0.001875	0.000043	0.000000
2	0.012385	0.014752	0.003149	0.003032	0.004199	0.005797	0.002635	0.004255	0.003688	0.003202	0.004315	0.002088	0.000043	0.000000
1	0.161831	0.013320	0.001635	0.003387	0.004672	0.006018	0.001934	0.002997	0.003996	0.004371	0.005536	0.002477	0.000000	0.000000
0	0.380651	0.022151	0.001641	0.003391	0.005141	0.007774	0.002879	0.004027	0.012082	0.004259	0.004259	0.001253	0.000000	0.000000
