# table produced by DamageProfiler
# using mapped file PaA018.BuffaloCape_Human_nc.Target.rmdup.noMicro.bam
# Sample ID: PaA018.BuffaloCape_Human_nc.Target.rmdup.noMicro.bam
Chr	End	Std	Pos	A	C	G	T	Total	G>A	C>T	A>G	T>C	A>C	A>T	C>G	C>A	T>G	T>A	G>C	G>T	A>-	T>-	C>-	G>-	->A	->T	->C	->G	S
	3p	+	1	4625.0	1701.0	1209.0	3918.0	11453.0	28.0	646.0	17.0	16.0	10.0	19.0	8.0	11.0	4.0	15.0	3.0	17.0	0.0	0.0	0.0	0.0	0.0	0.0	0.0	0.0	0.0
	3p	+	2	4231.0	2289.0	1513.0	3420.0	11453.0	20.0	366.0	14.0	19.0	6.0	18.0	6.0	16.0	10.0	16.0	5.0	6.0	0.0	0.0	0.0	0.0	0.0	0.0	0.0	0.0	0.0
	3p	+	3	4251.0	1885.0	1756.0	3561.0	11453.0	33.0	24.0	13.0	17.0	13.0	19.0	8.0	12.0	5.0	13.0	11.0	8.0	0.0	0.0	0.0	0.0	0.0	0.0	0.0	0.0	0.0
	3p	+	4	4261.0	1997.0	1746.0	3449.0	11453.0	13.0	21.0	18.0	13.0	6.0	12.0	4.0	15.0	7.0	10.0	7.0	18.0	0.0	0.0	0.0	0.0	0.0	0.0	0.0	0.0	0.0
	3p	+	5	4120.0	2000.0	1842.0	3489.0	11451.0	20.0	20.0	16.0	25.0	7.0	7.0	3.0	9.0	4.0	13.0	4.0	10.0	0.0	0.0	0.0	0.0	0.0	0.0	1.0	1.0	0.0
	3p	+	6	4164.0	1953.0	1850.0	3472.0	11439.0	21.0	22.0	13.0	11.0	11.0	3.0	4.0	8.0	7.0	9.0	6.0	6.0	0.0	0.0	0.0	0.0	4.0	0.0	5.0	3.0	0.0
	3p	+	7	4033.0	2003.0	1849.0	3545.0	11430.0	19.0	14.0	18.0	11.0	6.0	9.0	4.0	4.0	6.0	10.0	4.0	14.0	0.0	0.0	0.0	0.0	6.0	0.0	4.0	6.0	0.0
	3p	+	8	4077.0	1847.0	1897.0	3608.0	11429.0	12.0	20.0	11.0	10.0	8.0	11.0	2.0	10.0	6.0	9.0	4.0	16.0	0.0	0.0	0.0	0.0	4.0	0.0	10.0	3.0	0.0
	3p	+	9	3967.0	1893.0	2006.0	3566.0	11432.0	9.0	19.0	15.0	16.0	8.0	11.0	2.0	5.0	6.0	13.0	10.0	14.0	0.0	0.0	0.0	0.0	6.0	0.0	6.0	5.0	0.0
	3p	+	10	3868.0	1942.0	2039.0	3578.0	11427.0	20.0	15.0	19.0	14.0	6.0	12.0	9.0	3.0	11.0	12.0	9.0	15.0	0.0	0.0	0.0	0.0	5.0	0.0	5.0	9.0	0.0
	3p	+	11	3795.0	2005.0	1968.0	3662.0	11430.0	13.0	16.0	9.0	18.0	7.0	7.0	9.0	3.0	11.0	8.0	9.0	12.0	0.0	0.0	0.0	0.0	5.0	0.0	8.0	8.0	0.0
	3p	+	12	3843.0	1974.0	1950.0	3670.0	11437.0	19.0	22.0	15.0	17.0	4.0	9.0	3.0	10.0	8.0	8.0	2.0	11.0	0.0	0.0	0.0	0.0	1.0	0.0	7.0	5.0	0.0
	3p	+	13	3895.0	1967.0	1945.0	3617.0	11424.0	16.0	10.0	13.0	12.0	7.0	11.0	5.0	7.0	4.0	15.0	6.0	12.0	0.0	0.0	0.0	0.0	5.0	0.0	5.0	11.0	0.0
	3p	+	14	3947.0	2010.0	1914.0	3546.0	11417.0	21.0	11.0	12.0	11.0	7.0	11.0	7.0	8.0	11.0	11.0	3.0	7.0	0.0	0.0	0.0	0.0	11.0	0.0	5.0	11.0	0.0
	3p	+	15	3938.0	1962.0	1939.0	3579.0	11418.0	17.0	12.0	22.0	10.0	7.0	10.0	4.0	7.0	14.0	7.0	5.0	8.0	0.0	0.0	0.0	0.0	13.0	0.0	7.0	7.0	0.0
	3p	+	16	3881.0	1971.0	1937.0	3630.0	11419.0	16.0	13.0	9.0	13.0	5.0	13.0	2.0	11.0	6.0	6.0	5.0	12.0	0.0	0.0	0.0	0.0	9.0	0.0	5.0	8.0	0.0
	3p	+	17	3877.0	2009.0	1910.0	3627.0	11423.0	15.0	22.0	17.0	18.0	8.0	5.0	1.0	7.0	5.0	6.0	3.0	9.0	0.0	0.0	0.0	0.0	10.0	0.0	9.0	7.0	0.0
	3p	+	18	3812.0	2011.0	1927.0	3669.0	11419.0	17.0	10.0	20.0	17.0	9.0	14.0	3.0	7.0	11.0	7.0	7.0	11.0	0.0	0.0	0.0	0.0	9.0	0.0	6.0	11.0	0.0
	3p	+	19	3771.0	2084.0	1974.0	3591.0	11420.0	18.0	17.0	22.0	11.0	10.0	8.0	5.0	6.0	5.0	11.0	6.0	16.0	0.0	0.0	0.0	0.0	14.0	0.0	4.0	5.0	0.0
	3p	+	20	3750.0	2030.0	1945.0	3700.0	11425.0	14.0	18.0	12.0	15.0	9.0	12.0	3.0	8.0	5.0	5.0	5.0	9.0	0.0	0.0	0.0	0.0	5.0	0.0	10.0	7.0	0.0
	3p	+	21	3820.0	2022.0	1916.0	3665.0	11423.0	18.0	16.0	21.0	14.0	11.0	7.0	8.0	7.0	6.0	7.0	10.0	7.0	0.0	0.0	0.0	0.0	10.0	0.0	4.0	7.0	0.0
	3p	+	22	3786.0	2041.0	1885.0	3713.0	11425.0	15.0	17.0	12.0	12.0	8.0	6.0	2.0	10.0	8.0	10.0	6.0	11.0	0.0	0.0	0.0	0.0	5.0	0.0	8.0	5.0	0.0
	3p	+	23	3826.0	1962.0	1976.0	3653.0	11417.0	18.0	17.0	14.0	14.0	5.0	8.0	1.0	10.0	1.0	9.0	7.0	13.0	0.0	0.0	0.0	0.0	10.0	0.0	11.0	7.0	0.0
	3p	+	24	3881.0	1920.0	1973.0	3644.0	11418.0	9.0	14.0	16.0	19.0	7.0	8.0	7.0	7.0	10.0	6.0	4.0	9.0	0.0	0.0	0.0	0.0	12.0	0.0	9.0	5.0	0.0
	3p	+	25	3881.0	2043.0	1974.0	3530.0	11428.0	20.0	18.0	14.0	12.0	9.0	6.0	3.0	7.0	7.0	5.0	7.0	8.0	0.0	0.0	0.0	0.0	9.0	0.0	7.0	5.0	0.0
	3p	+	26	3868.0	2029.0	1925.0	3604.0	11426.0	10.0	16.0	16.0	13.0	5.0	9.0	3.0	4.0	6.0	8.0	4.0	7.0	0.0	0.0	0.0	0.0	7.0	0.0	6.0	9.0	0.0
	3p	+	27	3813.0	2095.0	1960.0	3566.0	11434.0	14.0	18.0	12.0	13.0	6.0	12.0	4.0	5.0	6.0	10.0	7.0	13.0	0.0	0.0	0.0	0.0	7.0	0.0	6.0	2.0	0.0
	3p	+	28	3793.0	2009.0	1993.0	3645.0	11440.0	8.0	11.0	15.0	14.0	8.0	8.0	3.0	5.0	5.0	11.0	3.0	7.0	0.0	0.0	0.0	0.0	5.0	0.0	1.0	3.0	0.0
	3p	+	29	3805.0	1985.0	2030.0	3619.0	11439.0	17.0	17.0	23.0	19.0	11.0	13.0	10.0	8.0	1.0	7.0	2.0	9.0	0.0	0.0	0.0	0.0	6.0	0.0	1.0	2.0	0.0
	3p	+	30	3842.0	2019.0	1994.0	3586.0	11441.0	15.0	36.0	16.0	16.0	8.0	11.0	9.0	6.0	7.0	8.0	5.0	11.0	0.0	0.0	0.0	0.0	8.0	0.0	1.0	0.0	0.0
	3p	+	31	3498.0	1862.0	1866.0	3432.0	10658.0	9.0	34.0	22.0	11.0	8.0	5.0	4.0	2.0	5.0	5.0	6.0	8.0	0.0	0.0	0.0	0.0	2.0	0.0	1.0	2.0	0.0
	3p	+	32	3304.0	1861.0	1700.0	3200.0	10065.0	10.0	34.0	19.0	15.0	5.0	7.0	2.0	4.0	4.0	7.0	3.0	8.0	0.0	0.0	0.0	0.0	2.0	0.0	0.0	0.0	0.0
	3p	+	33	3194.0	1612.0	1580.0	3181.0	9567.0	13.0	36.0	10.0	9.0	5.0	5.0	4.0	4.0	5.0	6.0	2.0	2.0	0.0	0.0	0.0	0.0	4.0	0.0	1.0	0.0	0.0
	3p	+	34	3055.0	1620.0	1499.0	2893.0	9067.0	9.0	32.0	11.0	14.0	2.0	8.0	1.0	5.0	5.0	4.0	1.0	6.0	0.0	0.0	0.0	0.0	2.0	0.0	0.0	0.0	0.0
	3p	+	35	2888.0	1458.0	1478.0	2765.0	8589.0	7.0	25.0	12.0	16.0	2.0	3.0	2.0	2.0	3.0	5.0	2.0	10.0	0.0	0.0	0.0	0.0	2.0	0.0	0.0	1.0	0.0
	3p	+	36	2775.0	1397.0	1409.0	2546.0	8127.0	7.0	39.0	6.0	12.0	2.0	4.0	2.0	3.0	3.0	5.0	2.0	5.0	0.0	0.0	0.0	0.0	2.0	0.0	0.0	1.0	0.0
	3p	+	37	2610.0	1292.0	1302.0	2445.0	7649.0	7.0	24.0	8.0	9.0	3.0	0.0	2.0	3.0	1.0	5.0	1.0	5.0	0.0	0.0	0.0	0.0	1.0	0.0	0.0	1.0	0.0
	3p	+	38	2425.0	1321.0	1209.0	2233.0	7188.0	12.0	29.0	11.0	5.0	2.0	0.0	1.0	5.0	1.0	6.0	2.0	7.0	0.0	0.0	0.0	0.0	5.0	0.0	2.0	0.0	0.0
	3p	+	39	2187.0	1212.0	1118.0	2205.0	6722.0	9.0	30.0	6.0	7.0	1.0	1.0	4.0	4.0	3.0	1.0	2.0	4.0	0.0	0.0	0.0	0.0	1.0	0.0	0.0	0.0	0.0
	3p	+	40	2029.0	1096.0	1067.0	2104.0	6296.0	6.0	33.0	4.0	7.0	2.0	1.0	3.0	7.0	2.0	5.0	1.0	3.0	0.0	0.0	0.0	0.0	0.0	0.0	0.0	0.0	0.0
	3p	+	41	1927.0	1019.0	1006.0	1911.0	5863.0	5.0	23.0	3.0	8.0	4.0	6.0	1.0	4.0	2.0	3.0	0.0	5.0	0.0	0.0	0.0	0.0	3.0	0.0	1.0	0.0	0.0
	3p	+	42	1838.0	958.0	868.0	1779.0	5443.0	6.0	21.0	5.0	5.0	2.0	2.0	4.0	1.0	2.0	5.0	3.0	2.0	0.0	0.0	0.0	0.0	2.0	0.0	0.0	0.0	0.0
	3p	+	43	1710.0	903.0	869.0	1618.0	5100.0	6.0	19.0	2.0	5.0	2.0	3.0	1.0	0.0	1.0	7.0	1.0	2.0	0.0	0.0	0.0	0.0	0.0	0.0	1.0	0.0	0.0
	3p	+	44	1568.0	793.0	778.0	1574.0	4713.0	5.0	24.0	7.0	4.0	4.0	4.0	3.0	3.0	3.0	3.0	2.0	5.0	0.0	0.0	0.0	0.0	0.0	0.0	0.0	0.0	0.0
	3p	+	45	1442.0	791.0	703.0	1411.0	4347.0	4.0	21.0	5.0	3.0	0.0	4.0	1.0	2.0	2.0	1.0	2.0	9.0	0.0	0.0	0.0	0.0	1.0	0.0	0.0	0.0	0.0
	3p	+	46	1339.0	733.0	681.0	1267.0	4020.0	6.0	26.0	4.0	8.0	3.0	4.0	2.0	3.0	2.0	3.0	0.0	2.0	0.0	0.0	0.0	0.0	0.0	0.0	0.0	0.0	0.0
	3p	+	47	1223.0	632.0	599.0	1241.0	3695.0	2.0	14.0	7.0	3.0	3.0	3.0	0.0	4.0	1.0	4.0	0.0	2.0	0.0	0.0	0.0	0.0	1.0	0.0	0.0	0.0	0.0
	3p	+	48	1087.0	627.0	572.0	1117.0	3403.0	5.0	18.0	3.0	2.0	1.0	0.0	3.0	3.0	1.0	5.0	1.0	2.0	0.0	0.0	0.0	0.0	0.0	0.0	0.0	0.0	0.0
	3p	+	49	985.0	553.0	505.0	1058.0	3101.0	2.0	13.0	5.0	1.0	1.0	4.0	0.0	4.0	2.0	2.0	2.0	3.0	0.0	0.0	0.0	0.0	1.0	0.0	0.0	0.0	0.0
	3p	+	50	935.0	491.0	447.0	951.0	2824.0	2.0	20.0	5.0	3.0	1.0	0.0	0.0	1.0	1.0	4.0	0.0	2.0	0.0	0.0	0.0	0.0	0.0	0.0	0.0	0.0	0.0
	3p	+	51	864.0	425.0	424.0	880.0	2593.0	3.0	10.0	4.0	2.0	3.0	3.0	1.0	2.0	2.0	0.0	2.0	4.0	0.0	0.0	0.0	0.0	0.0	0.0	0.0	0.0	0.0
	3p	+	52	756.0	406.0	397.0	814.0	2373.0	3.0	6.0	3.0	4.0	2.0	2.0	2.0	3.0	2.0	1.0	1.0	2.0	0.0	0.0	0.0	0.0	0.0	0.0	0.0	0.0	0.0
	3p	+	53	726.0	368.0	384.0	706.0	2184.0	1.0	10.0	1.0	3.0	1.0	2.0	2.0	0.0	2.0	0.0	2.0	2.0	0.0	0.0	0.0	0.0	0.0	0.0	0.0	0.0	0.0
	3p	+	54	680.0	338.0	335.0	633.0	1986.0	2.0	10.0	5.0	1.0	1.0	3.0	0.0	1.0	1.0	2.0	1.0	3.0	0.0	0.0	0.0	0.0	0.0	0.0	1.0	0.0	0.0
	3p	+	55	599.0	326.0	281.0	599.0	1805.0	1.0	3.0	0.0	1.0	1.0	1.0	1.0	1.0	0.0	2.0	0.0	1.0	0.0	0.0	0.0	0.0	0.0	0.0	0.0	0.0	0.0
	3p	+	56	574.0	273.0	248.0	555.0	1650.0	3.0	3.0	1.0	2.0	0.0	1.0	1.0	5.0	0.0	2.0	0.0	1.0	0.0	0.0	0.0	0.0	1.0	0.0	0.0	0.0	0.0
	3p	+	57	500.0	242.0	268.0	498.0	1508.0	3.0	4.0	3.0	2.0	1.0	1.0	0.0	1.0	0.0	2.0	0.0	4.0	0.0	0.0	0.0	0.0	1.0	0.0	0.0	0.0	0.0
	3p	+	58	436.0	240.0	241.0	464.0	1381.0	4.0	8.0	1.0	0.0	0.0	0.0	0.0	0.0	0.0	0.0	0.0	2.0	0.0	0.0	0.0	0.0	0.0	0.0	0.0	0.0	0.0
	3p	+	59	384.0	235.0	204.0	438.0	1261.0	1.0	8.0	0.0	2.0	0.0	1.0	0.0	0.0	0.0	0.0	1.0	2.0	0.0	0.0	0.0	0.0	0.0	0.0	0.0	0.0	0.0
	3p	+	60	377.0	199.0	194.0	373.0	1143.0	1.0	5.0	4.0	2.0	1.0	0.0	2.0	0.0	0.0	1.0	0.0	1.0	0.0	0.0	0.0	0.0	0.0	0.0	0.0	0.0	0.0
	3p	+	61	337.0	167.0	153.0	378.0	1035.0	1.0	6.0	2.0	1.0	1.0	1.0	0.0	1.0	1.0	0.0	0.0	2.0	0.0	0.0	0.0	0.0	1.0	0.0	0.0	0.0	0.0
	3p	+	62	283.0	166.0	169.0	325.0	943.0	0.0	6.0	2.0	0.0	0.0	2.0	0.0	0.0	0.0	2.0	0.0	3.0	0.0	0.0	0.0	0.0	0.0	0.0	0.0	0.0	0.0
	3p	+	63	280.0	145.0	137.0	289.0	851.0	2.0	8.0	0.0	0.0	0.0	0.0	0.0	1.0	1.0	1.0	0.0	0.0	0.0	0.0	0.0	0.0	0.0	0.0	0.0	0.0	0.0
	3p	+	64	260.0	109.0	136.0	252.0	757.0	0.0	6.0	1.0	3.0	2.0	0.0	0.0	0.0	0.0	1.0	1.0	1.0	0.0	0.0	0.0	0.0	0.0	0.0	0.0	0.0	0.0
	3p	+	65	239.0	111.0	103.0	224.0	677.0	3.0	4.0	1.0	0.0	0.0	0.0	1.0	0.0	0.0	3.0	0.0	2.0	0.0	0.0	0.0	0.0	0.0	0.0	0.0	0.0	0.0
	3p	+	66	188.0	110.0	94.0	217.0	609.0	1.0	4.0	0.0	0.0	1.0	1.0	0.0	1.0	1.0	1.0	0.0	0.0	0.0	0.0	0.0	0.0	0.0	0.0	0.0	0.0	0.0
	3p	+	67	175.0	98.0	83.0	191.0	547.0	1.0	6.0	1.0	0.0	0.0	2.0	1.0	0.0	1.0	0.0	0.0	0.0	0.0	0.0	0.0	0.0	0.0	0.0	0.0	0.0	0.0
	3p	+	68	148.0	86.0	86.0	173.0	493.0	0.0	2.0	0.0	1.0	0.0	0.0	1.0	1.0	0.0	1.0	1.0	2.0	0.0	0.0	0.0	0.0	0.0	0.0	0.0	0.0	0.0
	3p	+	69	159.0	63.0	74.0	153.0	449.0	1.0	1.0	0.0	0.0	1.0	0.0	1.0	1.0	0.0	2.0	0.0	1.0	0.0	0.0	0.0	0.0	0.0	0.0	0.0	0.0	0.0
	3p	+	70	125.0	79.0	63.0	143.0	410.0	0.0	4.0	2.0	1.0	1.0	1.0	0.0	0.0	1.0	0.0	0.0	0.0	0.0	0.0	0.0	0.0	0.0	0.0	0.0	0.0	0.0
	3p	+	71	131.0	53.0	58.0	113.0	355.0	1.0	2.0	1.0	3.0	1.0	1.0	0.0	0.0	0.0	1.0	0.0	0.0	0.0	0.0	0.0	0.0	0.0	0.0	0.0	0.0	0.0
	3p	+	72	118.0	56.0	43.0	100.0	317.0	0.0	2.0	0.0	0.0	0.0	1.0	0.0	0.0	0.0	1.0	0.0	0.0	0.0	0.0	0.0	0.0	0.0	0.0	0.0	0.0	0.0
	3p	+	73	101.0	45.0	38.0	106.0	290.0	0.0	1.0	0.0	0.0	1.0	0.0	0.0	0.0	0.0	0.0	0.0	0.0	0.0	0.0	0.0	0.0	0.0	0.0	0.0	0.0	0.0
	3p	+	74	109.0	39.0	44.0	71.0	263.0	0.0	1.0	1.0	0.0	0.0	1.0	0.0	0.0	0.0	0.0	0.0	0.0	0.0	0.0	0.0	0.0	0.0	0.0	0.0	0.0	0.0
	3p	+	75	78.0	41.0	45.0	80.0	244.0	1.0	1.0	0.0	0.0	0.0	1.0	0.0	0.0	0.0	0.0	0.0	0.0	0.0	0.0	0.0	0.0	0.0	0.0	0.0	0.0	0.0
	3p	+	76	66.0	43.0	42.0	68.0	219.0	1.0	3.0	0.0	0.0	0.0	0.0	0.0	0.0	0.0	1.0	0.0	0.0	0.0	0.0	0.0	0.0	0.0	0.0	0.0	0.0	0.0
	3p	+	77	70.0	34.0	29.0	58.0	191.0	0.0	1.0	0.0	0.0	0.0	0.0	0.0	0.0	0.0	1.0	0.0	1.0	0.0	0.0	0.0	0.0	0.0	0.0	0.0	0.0	0.0
	3p	+	78	54.0	26.0	32.0	57.0	169.0	0.0	0.0	0.0	1.0	0.0	0.0	0.0	0.0	0.0	0.0	0.0	0.0	0.0	0.0	0.0	0.0	0.0	0.0	0.0	0.0	0.0
	3p	+	79	51.0	30.0	21.0	44.0	146.0	0.0	1.0	2.0	0.0	0.0	0.0	0.0	0.0	0.0	0.0	0.0	0.0	0.0	0.0	0.0	0.0	0.0	0.0	0.0	0.0	0.0
	3p	+	80	50.0	18.0	23.0	47.0	138.0	1.0	0.0	0.0	0.0	1.0	0.0	0.0	0.0	0.0	0.0	0.0	0.0	0.0	0.0	0.0	0.0	0.0	0.0	0.0	0.0	0.0
	3p	+	81	45.0	25.0	24.0	32.0	126.0	0.0	0.0	0.0	0.0	0.0	0.0	0.0	0.0	0.0	0.0	0.0	0.0	0.0	0.0	0.0	0.0	0.0	0.0	0.0	0.0	0.0
	3p	+	82	44.0	21.0	16.0	35.0	116.0	0.0	0.0	0.0	0.0	0.0	0.0	0.0	0.0	0.0	0.0	0.0	0.0	0.0	0.0	0.0	0.0	0.0	0.0	0.0	0.0	0.0
	3p	+	83	35.0	14.0	22.0	28.0	99.0	1.0	0.0	0.0	0.0	0.0	0.0	0.0	0.0	0.0	0.0	0.0	1.0	0.0	0.0	0.0	0.0	0.0	0.0	0.0	0.0	0.0
	3p	+	84	25.0	13.0	17.0	26.0	81.0	0.0	0.0	0.0	0.0	0.0	0.0	0.0	0.0	0.0	0.0	0.0	1.0	0.0	0.0	0.0	0.0	0.0	0.0	0.0	0.0	0.0
	3p	+	85	25.0	8.0	10.0	27.0	70.0	0.0	1.0	0.0	0.0	0.0	0.0	0.0	0.0	0.0	0.0	0.0	0.0	0.0	0.0	0.0	0.0	0.0	0.0	0.0	0.0	0.0
	3p	+	86	24.0	6.0	13.0	13.0	56.0	2.0	0.0	0.0	0.0	0.0	0.0	0.0	0.0	0.0	0.0	0.0	0.0	0.0	0.0	0.0	0.0	0.0	0.0	0.0	0.0	0.0
	3p	+	87	22.0	7.0	5.0	11.0	45.0	0.0	0.0	0.0	0.0	0.0	0.0	0.0	0.0	0.0	0.0	0.0	0.0	0.0	0.0	0.0	0.0	0.0	0.0	0.0	0.0	0.0
	3p	+	88	20.0	6.0	6.0	5.0	37.0	0.0	0.0	1.0	0.0	0.0	0.0	0.0	0.0	0.0	0.0	0.0	0.0	0.0	0.0	0.0	0.0	0.0	0.0	0.0	0.0	0.0
	3p	+	89	11.0	3.0	4.0	8.0	26.0	1.0	1.0	0.0	0.0	0.0	0.0	0.0	0.0	0.0	0.0	0.0	0.0	0.0	0.0	0.0	0.0	0.0	0.0	0.0	0.0	0.0
	3p	+	90	6.0	0.0	3.0	4.0	13.0	0.0	0.0	0.0	0.0	0.0	0.0	0.0	0.0	0.0	0.0	0.0	0.0	0.0	0.0	0.0	0.0	0.0	0.0	0.0	0.0	0.0
	3p	+	91	2.0	0.0	2.0	1.0	5.0	0.0	0.0	0.0	0.0	0.0	0.0	0.0	0.0	0.0	0.0	0.0	0.0	0.0	0.0	0.0	0.0	0.0	0.0	0.0	0.0	0.0
	3p	+	92	0.0	0.0	0.0	0.0	0.0	0.0	0.0	0.0	0.0	0.0	0.0	0.0	0.0	0.0	0.0	0.0	0.0	0.0	0.0	0.0	0.0	0.0	0.0	0.0	0.0	0.0
	3p	+	93	0.0	0.0	0.0	0.0	0.0	0.0	0.0	0.0	0.0	0.0	0.0	0.0	0.0	0.0	0.0	0.0	0.0	0.0	0.0	0.0	0.0	0.0	0.0	0.0	0.0	0.0
	3p	+	94	0.0	0.0	0.0	0.0	0.0	0.0	0.0	0.0	0.0	0.0	0.0	0.0	0.0	0.0	0.0	0.0	0.0	0.0	0.0	0.0	0.0	0.0	0.0	0.0	0.0	0.0
	3p	+	95	0.0	0.0	0.0	0.0	0.0	0.0	0.0	0.0	0.0	0.0	0.0	0.0	0.0	0.0	0.0	0.0	0.0	0.0	0.0	0.0	0.0	0.0	0.0	0.0	0.0	0.0
	3p	+	96	0.0	0.0	0.0	0.0	0.0	0.0	0.0	0.0	0.0	0.0	0.0	0.0	0.0	0.0	0.0	0.0	0.0	0.0	0.0	0.0	0.0	0.0	0.0	0.0	0.0	0.0
	3p	+	97	0.0	0.0	0.0	0.0	0.0	0.0	0.0	0.0	0.0	0.0	0.0	0.0	0.0	0.0	0.0	0.0	0.0	0.0	0.0	0.0	0.0	0.0	0.0	0.0	0.0	0.0
	3p	+	98	0.0	0.0	0.0	0.0	0.0	0.0	0.0	0.0	0.0	0.0	0.0	0.0	0.0	0.0	0.0	0.0	0.0	0.0	0.0	0.0	0.0	0.0	0.0	0.0	0.0	0.0
	3p	+	99	0.0	0.0	0.0	0.0	0.0	0.0	0.0	0.0	0.0	0.0	0.0	0.0	0.0	0.0	0.0	0.0	0.0	0.0	0.0	0.0	0.0	0.0	0.0	0.0	0.0	0.0
	3p	+	100	0.0	0.0	0.0	0.0	0.0	0.0	0.0	0.0	0.0	0.0	0.0	0.0	0.0	0.0	0.0	0.0	0.0	0.0	0.0	0.0	0.0	0.0	0.0	0.0	0.0	0.0
	3p	-	1	4517.0	1772.0	1274.0	4066.0	11629.0	27.0	676.0	14.0	18.0	5.0	28.0	2.0	16.0	6.0	19.0	7.0	13.00.0	0.0	0.0	0.0	0.0	0.0	0.0	0.0	0.0
	3p	-	2	4331.0	2364.0	1490.0	3444.0	11629.0	20.0	387.0	15.0	19.0	8.0	22.0	3.0	12.0	7.0	14.0	4.0	6.00.0	0.0	0.0	0.0	0.0	0.0	0.0	0.0	0.0
	3p	-	3	4323.0	1910.0	1769.0	3623.0	11625.0	19.0	23.0	13.0	14.0	14.0	17.0	2.0	10.0	10.0	10.0	4.0	5.00.0	0.0	0.0	0.0	0.0	0.0	0.0	1.0	0.0
	3p	-	4	4408.0	1996.0	1739.0	3484.0	11627.0	26.0	20.0	11.0	18.0	8.0	15.0	4.0	6.0	6.0	13.0	2.0	14.00.0	0.0	0.0	0.0	1.0	0.0	0.0	0.0	0.0
	3p	-	5	4280.0	1944.0	1816.0	3581.0	11621.0	17.0	18.0	20.0	15.0	7.0	10.0	4.0	14.0	12.0	6.0	7.0	14.00.0	0.0	0.0	0.0	2.0	0.0	2.0	1.0	0.0
	3p	-	6	4342.0	1920.0	1847.0	3498.0	11607.0	18.0	22.0	12.0	17.0	10.0	9.0	4.0	9.0	9.0	6.0	3.0	6.00.0	0.0	0.0	0.0	7.0	0.0	7.0	4.0	0.0
	3p	-	7	4098.0	1989.0	1958.0	3556.0	11601.0	15.0	15.0	15.0	22.0	9.0	7.0	7.0	12.0	9.0	7.0	7.0	5.00.0	0.0	0.0	0.0	7.0	0.0	6.0	2.0	0.0
	3p	-	8	4189.0	1867.0	1927.0	3604.0	11587.0	15.0	18.0	17.0	14.0	6.0	10.0	3.0	9.0	8.0	11.0	4.0	15.00.0	0.0	0.0	0.0	15.0	0.0	5.0	10.0	0.0
	3p	-	9	3978.0	1996.0	1935.0	3686.0	11595.0	11.0	17.0	23.0	16.0	10.0	12.0	9.0	12.0	6.0	8.0	6.0	10.00.0	0.0	0.0	0.0	11.0	0.0	6.0	7.0	0.0
	3p	-	10	3918.0	2051.0	1959.0	3671.0	11599.0	12.0	11.0	23.0	20.0	8.0	4.0	7.0	6.0	13.0	3.0	4.0	12.00.0	0.0	0.0	0.0	5.0	0.0	8.0	4.0	0.0
	3p	-	11	3987.0	1935.0	1974.0	3703.0	11599.0	9.0	17.0	18.0	10.0	11.0	9.0	4.0	7.0	11.0	11.0	9.0	9.00.0	0.0	0.0	0.0	12.0	0.0	4.0	4.0	0.0
	3p	-	12	3928.0	1967.0	1915.0	3794.0	11604.0	15.0	16.0	25.0	17.0	10.0	3.0	5.0	9.0	9.0	9.0	4.0	9.00.0	0.0	0.0	0.0	10.0	0.0	5.0	3.0	0.0
	3p	-	13	3977.0	1992.0	1982.0	3660.0	11611.0	16.0	8.0	21.0	20.0	9.0	13.0	2.0	14.0	5.0	11.0	3.0	10.00.0	0.0	0.0	0.0	6.0	0.0	5.0	1.0	0.0
	3p	-	14	3973.0	2028.0	1946.0	3647.0	11594.0	24.0	13.0	19.0	20.0	6.0	10.0	6.0	7.0	9.0	5.0	6.0	9.00.0	0.0	0.0	0.0	9.0	0.0	6.0	8.0	0.0
	3p	-	15	3943.0	2072.0	1964.0	3608.0	11587.0	13.0	20.0	14.0	15.0	8.0	4.0	0.0	11.0	6.0	9.0	10.0	8.00.0	0.0	0.0	0.0	14.0	0.0	8.0	7.0	0.0
	3p	-	16	3967.0	2029.0	1851.0	3747.0	11594.0	9.0	14.0	18.0	24.0	11.0	9.0	4.0	8.0	5.0	2.0	4.0	10.00.0	0.0	0.0	0.0	12.0	0.0	10.0	7.0	0.0
	3p	-	17	3884.0	2048.0	2015.0	3653.0	11600.0	22.0	20.0	16.0	15.0	11.0	7.0	3.0	7.0	6.0	6.0	4.0	8.00.0	0.0	0.0	0.0	6.0	0.0	9.0	6.0	0.0
	3p	-	18	3826.0	2095.0	1994.0	3689.0	11604.0	11.0	16.0	17.0	11.0	9.0	10.0	2.0	10.0	9.0	10.0	6.0	11.00.0	0.0	0.0	0.0	10.0	0.0	2.0	5.0	0.0
	3p	-	19	3898.0	1993.0	1997.0	3708.0	11596.0	13.0	13.0	20.0	13.0	9.0	9.0	7.0	9.0	7.0	12.0	3.0	11.00.0	0.0	0.0	0.0	8.0	0.0	5.0	9.0	0.0
	3p	-	20	3862.0	1984.0	1981.0	3773.0	11600.0	17.0	15.0	14.0	9.0	3.0	10.0	4.0	8.0	13.0	11.0	5.0	7.00.0	0.0	0.0	0.0	12.0	0.0	8.0	3.0	0.0
	3p	-	21	3848.0	2069.0	1935.0	3737.0	11589.0	12.0	13.0	12.0	20.0	10.0	13.0	4.0	2.0	9.0	7.0	4.0	13.00.0	0.0	0.0	0.0	10.0	0.0	13.0	13.0	0.0
	3p	-	22	3941.0	2038.0	1917.0	3689.0	11585.0	12.0	20.0	14.0	12.0	9.0	14.0	1.0	10.0	7.0	6.0	5.0	8.00.0	0.0	0.0	0.0	14.0	0.0	11.0	8.0	0.0
	3p	-	23	3962.0	2014.0	1954.0	3662.0	11592.0	10.0	18.0	17.0	16.0	11.0	10.0	0.0	6.0	6.0	7.0	3.0	9.00.0	0.0	0.0	0.0	10.0	0.0	7.0	7.0	0.0
	3p	-	24	4059.0	1993.0	2003.0	3546.0	11601.0	16.0	15.0	21.0	18.0	0.0	11.0	6.0	11.0	3.0	10.0	3.0	11.00.0	0.0	0.0	0.0	8.0	0.0	5.0	9.0	0.0
	3p	-	25	4033.0	1973.0	1998.0	3603.0	11607.0	19.0	19.0	9.0	13.0	10.0	12.0	5.0	3.0	9.0	12.0	6.0	11.00.0	0.0	0.0	0.0	6.0	0.0	4.0	7.0	0.0
	3p	-	26	3973.0	2013.0	2037.0	3572.0	11595.0	13.0	24.0	18.0	14.0	6.0	12.0	3.0	5.0	8.0	8.0	5.0	6.00.0	0.0	0.0	0.0	7.0	0.0	8.0	12.0	0.0
	3p	-	27	3939.0	1995.0	2061.0	3615.0	11610.0	16.0	18.0	21.0	23.0	8.0	7.0	11.0	9.0	3.0	15.0	2.0	14.00.0	0.0	0.0	0.0	8.0	0.0	4.0	4.0	0.0
	3p	-	28	3974.0	2039.0	1976.0	3630.0	11619.0	20.0	9.0	17.0	14.0	8.0	8.0	10.0	8.0	11.0	5.0	2.0	10.00.0	0.0	0.0	0.0	4.0	0.0	2.0	1.0	0.0
	3p	-	29	3878.0	2041.0	2043.0	3655.0	11617.0	11.0	17.0	12.0	14.0	4.0	8.0	4.0	8.0	5.0	3.0	6.0	9.00.0	0.0	0.0	0.0	6.0	0.0	0.0	0.0	0.0
	3p	-	30	3846.0	1997.0	2027.0	3749.0	11619.0	11.0	26.0	25.0	14.0	11.0	10.0	4.0	7.0	6.0	8.0	8.0	10.00.0	0.0	0.0	0.0	4.0	0.0	0.0	0.0	0.0
	3p	-	31	3611.0	1871.0	1867.0	3494.0	10843.0	11.0	22.0	16.0	8.0	5.0	5.0	6.0	7.0	5.0	3.0	2.0	8.00.0	0.0	0.0	0.0	1.0	0.0	3.0	0.0	0.0
	3p	-	32	3323.0	1824.0	1763.0	3326.0	10236.0	7.0	32.0	15.0	15.0	5.0	5.0	6.0	3.0	5.0	0.0	2.0	10.00.0	0.0	0.0	0.0	2.0	0.0	0.0	1.0	0.0
	3p	-	33	3333.0	1603.0	1629.0	3126.0	9691.0	11.0	31.0	12.0	9.0	2.0	5.0	2.0	3.0	4.0	5.0	1.0	7.00.0	0.0	0.0	0.0	1.0	0.0	1.0	1.0	0.0
	3p	-	34	3086.0	1606.0	1550.0	3003.0	9245.0	13.0	35.0	11.0	9.0	2.0	3.0	5.0	8.0	1.0	5.0	3.0	7.00.0	0.0	0.0	0.0	2.0	0.0	0.0	0.0	0.0
	3p	-	35	2896.0	1554.0	1456.0	2814.0	8720.0	13.0	29.0	12.0	5.0	6.0	6.0	3.0	7.0	2.0	6.0	2.0	7.00.0	0.0	0.0	0.0	1.0	0.0	1.0	1.0	0.0
	3p	-	36	2815.0	1402.0	1375.0	2629.0	8221.0	11.0	29.0	8.0	10.0	2.0	3.0	3.0	3.0	3.0	5.0	1.0	7.00.0	0.0	0.0	0.0	3.0	0.0	0.0	2.0	0.0
	3p	-	37	2660.0	1386.0	1245.0	2479.0	7770.0	6.0	25.0	10.0	10.0	4.0	0.0	0.0	4.0	4.0	7.0	2.0	6.00.0	0.0	0.0	0.0	3.0	0.0	0.0	1.0	0.0
	3p	-	38	2436.0	1271.0	1260.0	2315.0	7282.0	6.0	29.0	9.0	9.0	2.0	4.0	4.0	3.0	1.0	4.0	2.0	5.00.0	0.0	0.0	0.0	1.0	0.0	0.0	1.0	0.0
	3p	-	39	2261.0	1157.0	1167.0	2241.0	6826.0	5.0	36.0	7.0	7.0	2.0	4.0	2.0	7.0	2.0	3.0	0.0	11.00.0	0.0	0.0	0.0	2.0	0.0	0.0	1.0	0.0
	3p	-	40	2099.0	1078.0	1093.0	2086.0	6356.0	9.0	31.0	8.0	11.0	7.0	4.0	2.0	4.0	1.0	2.0	1.0	4.00.0	0.0	0.0	0.0	0.0	0.0	1.0	0.0	0.0
	3p	-	41	1967.0	1016.0	1006.0	1948.0	5937.0	11.0	18.0	5.0	3.0	4.0	5.0	1.0	4.0	3.0	9.0	2.0	7.00.0	0.0	0.0	0.0	2.0	0.0	0.0	0.0	0.0
	3p	-	42	1893.0	936.0	921.0	1757.0	5507.0	6.0	28.0	4.0	4.0	2.0	2.0	1.0	4.0	1.0	7.0	1.0	5.00.0	0.0	0.0	0.0	0.0	0.0	0.0	1.0	0.0
	3p	-	43	1774.0	847.0	794.0	1658.0	5073.0	10.0	25.0	4.0	5.0	1.0	2.0	0.0	5.0	2.0	3.0	2.0	2.00.0	0.0	0.0	0.0	1.0	0.0	0.0	1.0	0.0
	3p	-	44	1570.0	827.0	776.0	1529.0	4702.0	6.0	26.0	8.0	7.0	2.0	3.0	0.0	2.0	1.0	2.0	4.0	4.00.0	0.0	0.0	0.0	1.0	0.0	0.0	0.0	0.0
	3p	-	45	1461.0	775.0	688.0	1431.0	4355.0	2.0	26.0	7.0	5.0	1.0	2.0	1.0	0.0	2.0	0.0	3.0	3.00.0	0.0	0.0	0.0	0.0	0.0	1.0	0.0	0.0
	3p	-	46	1367.0	712.0	664.0	1282.0	4025.0	3.0	18.0	3.0	0.0	2.0	0.0	1.0	0.0	1.0	3.0	1.0	3.00.0	0.0	0.0	0.0	0.0	0.0	2.0	0.0	0.0
	3p	-	47	1227.0	675.0	578.0	1227.0	3707.0	5.0	16.0	5.0	4.0	3.0	4.0	0.0	2.0	0.0	3.0	2.0	1.00.0	0.0	0.0	0.0	1.0	0.0	0.0	0.0	0.0
	3p	-	48	1176.0	632.0	548.0	1072.0	3428.0	1.0	26.0	3.0	3.0	0.0	3.0	0.0	2.0	2.0	0.0	0.0	4.00.0	0.0	0.0	0.0	2.0	0.0	0.0	0.0	0.0
	3p	-	49	1058.0	483.0	567.0	1051.0	3159.0	2.0	13.0	7.0	1.0	2.0	1.0	0.0	1.0	0.0	1.0	1.0	2.00.0	0.0	0.0	0.0	0.0	0.0	0.0	0.0	0.0
	3p	-	50	957.0	527.0	500.0	931.0	2915.0	7.0	23.0	4.0	1.0	2.0	2.0	2.0	1.0	5.0	1.0	1.0	6.00.0	0.0	0.0	0.0	0.0	0.0	0.0	0.0	0.0
	3p	-	51	919.0	438.0	421.0	902.0	2680.0	3.0	19.0	1.0	6.0	0.0	1.0	0.0	0.0	0.0	2.0	0.0	2.00.0	0.0	0.0	0.0	0.0	0.0	0.0	0.0	0.0
	3p	-	52	783.0	448.0	421.0	833.0	2485.0	0.0	9.0	3.0	2.0	1.0	1.0	1.0	0.0	2.0	1.0	0.0	1.00.0	0.0	0.0	0.0	0.0	0.0	0.0	0.0	0.0
	3p	-	53	770.0	373.0	381.0	767.0	2291.0	1.0	5.0	1.0	3.0	1.0	0.0	0.0	1.0	2.0	3.0	1.0	0.00.0	0.0	0.0	0.0	0.0	0.0	0.0	0.0	0.0
	3p	-	54	708.0	372.0	321.0	697.0	2098.0	2.0	10.0	2.0	2.0	1.0	1.0	1.0	1.0	0.0	1.0	2.0	0.00.0	0.0	0.0	0.0	0.0	0.0	0.0	0.0	0.0
	3p	-	55	642.0	338.0	322.0	628.0	1930.0	2.0	11.0	3.0	1.0	1.0	1.0	0.0	1.0	3.0	0.0	0.0	2.00.0	0.0	0.0	0.0	0.0	0.0	0.0	0.0	0.0
	3p	-	56	612.0	298.0	281.0	558.0	1749.0	0.0	9.0	1.0	2.0	1.0	2.0	0.0	1.0	2.0	3.0	1.0	1.00.0	0.0	0.0	0.0	0.0	0.0	1.0	0.0	0.0
	3p	-	57	528.0	282.0	265.0	535.0	1610.0	1.0	7.0	0.0	4.0	1.0	0.0	0.0	1.0	0.0	1.0	0.0	2.00.0	0.0	0.0	0.0	1.0	0.0	0.0	0.0	0.0
	3p	-	58	480.0	289.0	236.0	458.0	1463.0	0.0	8.0	2.0	3.0	0.0	2.0	1.0	0.0	1.0	1.0	1.0	3.00.0	0.0	0.0	0.0	0.0	0.0	0.0	1.0	0.0
	3p	-	59	433.0	208.0	253.0	437.0	1331.0	1.0	4.0	1.0	1.0	0.0	0.0	1.0	0.0	0.0	0.0	1.0	0.00.0	0.0	0.0	0.0	0.0	0.0	0.0	0.0	0.0
	3p	-	60	401.0	207.0	206.0	404.0	1218.0	1.0	9.0	3.0	1.0	0.0	0.0	1.0	0.0	0.0	1.0	1.0	2.00.0	0.0	0.0	0.0	0.0	0.0	0.0	0.0	0.0
	3p	-	61	395.0	206.0	166.0	348.0	1115.0	3.0	3.0	1.0	0.0	0.0	3.0	0.0	0.0	0.0	2.0	0.0	1.00.0	0.0	0.0	0.0	0.0	0.0	0.0	0.0	0.0
	3p	-	62	327.0	189.0	160.0	335.0	1011.0	2.0	7.0	1.0	0.0	0.0	0.0	0.0	3.0	3.0	0.0	0.0	0.00.0	0.0	0.0	0.0	0.0	0.0	0.0	0.0	0.0
	3p	-	63	277.0	155.0	159.0	317.0	908.0	2.0	8.0	0.0	3.0	0.0	0.0	0.0	0.0	0.0	0.0	1.0	1.00.0	0.0	0.0	0.0	0.0	0.0	0.0	0.0	0.0
	3p	-	64	252.0	135.0	142.0	298.0	827.0	0.0	5.0	2.0	0.0	0.0	1.0	0.0	1.0	2.0	0.0	0.0	1.00.0	0.0	0.0	0.0	0.0	0.0	0.0	0.0	0.0
	3p	-	65	255.0	129.0	125.0	255.0	764.0	2.0	5.0	0.0	0.0	0.0	0.0	2.0	0.0	1.0	0.0	0.0	1.00.0	0.0	0.0	0.0	0.0	0.0	0.0	0.0	0.0
	3p	-	66	220.0	109.0	133.0	209.0	671.0	0.0	3.0	1.0	1.0	1.0	0.0	0.0	0.0	1.0	0.0	0.0	0.00.0	0.0	0.0	0.0	0.0	0.0	0.0	0.0	0.0
	3p	-	67	208.0	98.0	111.0	203.0	620.0	0.0	3.0	1.0	0.0	0.0	0.0	0.0	0.0	0.0	1.0	1.0	1.00.0	0.0	0.0	0.0	0.0	0.0	0.0	0.0	0.0
	3p	-	68	196.0	97.0	85.0	179.0	557.0	0.0	3.0	1.0	0.0	0.0	1.0	0.0	1.0	1.0	0.0	0.0	0.00.0	0.0	0.0	0.0	0.0	0.0	0.0	0.0	0.0
	3p	-	69	169.0	93.0	84.0	155.0	501.0	1.0	3.0	0.0	1.0	0.0	2.0	0.0	0.0	0.0	0.0	0.0	0.00.0	0.0	0.0	0.0	0.0	0.0	0.0	0.0	0.0
	3p	-	70	161.0	70.0	69.0	144.0	444.0	0.0	1.0	0.0	1.0	0.0	1.0	0.0	1.0	1.0	0.0	0.0	0.00.0	0.0	0.0	0.0	0.0	0.0	0.0	1.0	0.0
	3p	-	71	143.0	62.0	74.0	124.0	403.0	2.0	3.0	0.0	0.0	0.0	0.0	0.0	0.0	1.0	0.0	0.0	0.00.0	0.0	0.0	0.0	0.0	0.0	0.0	0.0	0.0
	3p	-	72	125.0	57.0	59.0	121.0	362.0	2.0	2.0	0.0	1.0	1.0	0.0	0.0	0.0	0.0	0.0	0.0	0.00.0	0.0	0.0	0.0	0.0	0.0	0.0	0.0	0.0
	3p	-	73	113.0	47.0	48.0	125.0	333.0	0.0	1.0	0.0	1.0	0.0	0.0	0.0	0.0	0.0	0.0	0.0	0.00.0	0.0	0.0	0.0	0.0	0.0	0.0	0.0	0.0
	3p	-	74	105.0	52.0	53.0	88.0	298.0	0.0	2.0	0.0	0.0	0.0	0.0	1.0	0.0	0.0	0.0	0.0	0.00.0	0.0	0.0	0.0	0.0	0.0	0.0	0.0	0.0
	3p	-	75	101.0	42.0	33.0	92.0	268.0	0.0	2.0	0.0	1.0	0.0	0.0	0.0	0.0	0.0	0.0	0.0	0.00.0	0.0	0.0	0.0	0.0	0.0	0.0	0.0	0.0
	3p	-	76	90.0	51.0	29.0	69.0	239.0	1.0	2.0	1.0	0.0	1.0	0.0	0.0	0.0	0.0	1.0	0.0	0.00.0	0.0	0.0	0.0	0.0	0.0	0.0	0.0	0.0
	3p	-	77	64.0	33.0	38.0	72.0	207.0	1.0	0.0	1.0	0.0	0.0	0.0	0.0	0.0	1.0	0.0	0.0	1.00.0	0.0	0.0	0.0	0.0	0.0	0.0	0.0	0.0
	3p	-	78	59.0	31.0	26.0	63.0	179.0	0.0	0.0	0.0	0.0	0.0	0.0	0.0	0.0	0.0	0.0	0.0	0.00.0	0.0	0.0	0.0	0.0	0.0	0.0	0.0	0.0
	3p	-	79	50.0	26.0	25.0	56.0	157.0	0.0	0.0	1.0	0.0	0.0	0.0	0.0	0.0	0.0	0.0	1.0	0.00.0	0.0	0.0	0.0	0.0	0.0	0.0	0.0	0.0
	3p	-	80	51.0	20.0	15.0	50.0	136.0	0.0	2.0	0.0	0.0	0.0	0.0	0.0	0.0	1.0	0.0	0.0	0.00.0	0.0	0.0	0.0	0.0	0.0	0.0	0.0	0.0
	3p	-	81	45.0	20.0	25.0	29.0	119.0	0.0	1.0	1.0	0.0	0.0	0.0	0.0	0.0	0.0	0.0	0.0	0.00.0	0.0	0.0	0.0	0.0	0.0	0.0	0.0	0.0
	3p	-	82	31.0	11.0	21.0	41.0	104.0	0.0	0.0	0.0	0.0	0.0	0.0	0.0	0.0	0.0	0.0	0.0	0.00.0	0.0	0.0	0.0	0.0	0.0	0.0	0.0	0.0
	3p	-	83	31.0	12.0	14.0	35.0	92.0	0.0	0.0	0.0	1.0	0.0	0.0	0.0	0.0	0.0	0.0	0.0	0.00.0	0.0	0.0	0.0	0.0	0.0	0.0	0.0	0.0
	3p	-	84	20.0	24.0	11.0	23.0	78.0	0.0	1.0	0.0	0.0	0.0	0.0	0.0	0.0	0.0	0.0	0.0	0.00.0	0.0	0.0	0.0	0.0	0.0	0.0	0.0	0.0
	3p	-	85	25.0	11.0	9.0	13.0	58.0	0.0	2.0	0.0	0.0	0.0	0.0	0.0	0.0	0.0	0.0	0.0	1.00.0	0.0	0.0	0.0	0.0	0.0	0.0	0.0	0.0
	3p	-	86	19.0	7.0	8.0	13.0	47.0	0.0	1.0	0.0	0.0	0.0	0.0	0.0	0.0	0.0	0.0	0.0	0.00.0	0.0	0.0	0.0	0.0	0.0	0.0	0.0	0.0
	3p	-	87	12.0	7.0	3.0	14.0	36.0	0.0	0.0	0.0	0.0	0.0	0.0	0.0	0.0	0.0	0.0	0.0	0.00.0	0.0	0.0	0.0	0.0	0.0	0.0	0.0	0.0
	3p	-	88	10.0	2.0	4.0	11.0	27.0	0.0	0.0	0.0	0.0	0.0	0.0	0.0	0.0	0.0	0.0	0.0	0.00.0	0.0	0.0	0.0	0.0	0.0	0.0	0.0	0.0
	3p	-	89	9.0	3.0	4.0	7.0	23.0	0.0	0.0	0.0	0.0	0.0	0.0	0.0	0.0	0.0	0.0	0.0	0.00.0	0.0	0.0	0.0	0.0	0.0	0.0	0.0	0.0
	3p	-	90	6.0	4.0	1.0	5.0	16.0	0.0	1.0	0.0	0.0	0.0	0.0	0.0	0.0	0.0	0.0	0.0	0.00.0	0.0	0.0	0.0	0.0	0.0	0.0	0.0	0.0
	3p	-	91	3.0	3.0	0.0	3.0	9.0	0.0	0.0	0.0	0.0	0.0	0.0	0.0	0.0	0.0	0.0	0.0	0.00.0	0.0	0.0	0.0	0.0	0.0	0.0	0.0	0.0
	3p	-	92	0.0	0.0	0.0	0.0	0.0	0.0	0.0	0.0	0.0	0.0	0.0	0.0	0.0	0.0	0.0	0.0	0.00.0	0.0	0.0	0.0	0.0	0.0	0.0	0.0	0.0
	3p	-	93	0.0	0.0	0.0	0.0	0.0	0.0	0.0	0.0	0.0	0.0	0.0	0.0	0.0	0.0	0.0	0.0	0.00.0	0.0	0.0	0.0	0.0	0.0	0.0	0.0	0.0
	3p	-	94	0.0	0.0	0.0	0.0	0.0	0.0	0.0	0.0	0.0	0.0	0.0	0.0	0.0	0.0	0.0	0.0	0.00.0	0.0	0.0	0.0	0.0	0.0	0.0	0.0	0.0
	3p	-	95	0.0	0.0	0.0	0.0	0.0	0.0	0.0	0.0	0.0	0.0	0.0	0.0	0.0	0.0	0.0	0.0	0.00.0	0.0	0.0	0.0	0.0	0.0	0.0	0.0	0.0
	3p	-	96	0.0	0.0	0.0	0.0	0.0	0.0	0.0	0.0	0.0	0.0	0.0	0.0	0.0	0.0	0.0	0.0	0.00.0	0.0	0.0	0.0	0.0	0.0	0.0	0.0	0.0
	3p	-	97	0.0	0.0	0.0	0.0	0.0	0.0	0.0	0.0	0.0	0.0	0.0	0.0	0.0	0.0	0.0	0.0	0.00.0	0.0	0.0	0.0	0.0	0.0	0.0	0.0	0.0
	3p	-	98	0.0	0.0	0.0	0.0	0.0	0.0	0.0	0.0	0.0	0.0	0.0	0.0	0.0	0.0	0.0	0.0	0.00.0	0.0	0.0	0.0	0.0	0.0	0.0	0.0	0.0
	3p	-	99	0.0	0.0	0.0	0.0	0.0	0.0	0.0	0.0	0.0	0.0	0.0	0.0	0.0	0.0	0.0	0.0	0.00.0	0.0	0.0	0.0	0.0	0.0	0.0	0.0	0.0
	3p	-	100	0.0	0.0	0.0	0.0	0.0	0.0	0.0	0.0	0.0	0.0	0.0	0.0	0.0	0.0	0.0	0.0	0.00.0	0.0	0.0	0.0	0.0	0.0	0.0	0.0	0.0
	5p	+	1	3816.0	2113.0	1473.0	4052.0	11454.0	18.0	439.0	22.0	19.0	14.0	18.0	8.0	9.0	10.0	20.0	9.0	20.00.0	0.0	0.0	0.0	0.0	0.0	0.0	0.0	0.0
	5p	+	2	3671.0	1813.0	2018.0	3952.0	11454.0	18.0	38.0	26.0	10.0	13.0	16.0	16.0	15.0	10.0	11.0	5.0	13.00.0	0.0	0.0	0.0	0.0	0.0	0.0	0.0	0.0
	5p	+	3	3785.0	2089.0	1932.0	3645.0	11451.0	19.0	29.0	21.0	17.0	5.0	19.0	5.0	12.0	8.0	19.0	8.0	14.00.0	0.0	0.0	0.0	0.0	0.0	1.0	0.0	0.0
	5p	+	4	3788.0	2063.0	2037.0	3560.0	11448.0	15.0	24.0	17.0	18.0	10.0	7.0	7.0	14.0	3.0	19.0	3.0	14.00.0	0.0	0.0	0.0	2.0	0.0	2.0	0.0	0.0
	5p	+	5	3703.0	2028.0	2046.0	3653.0	11430.0	7.0	13.0	25.0	20.0	8.0	10.0	6.0	4.0	10.0	16.0	1.0	12.00.0	0.0	0.0	0.0	4.0	0.0	8.0	6.0	0.0
	5p	+	6	3639.0	2122.0	2025.0	3643.0	11429.0	10.0	16.0	17.0	10.0	9.0	11.0	8.0	3.0	5.0	7.0	6.0	10.00.0	0.0	0.0	0.0	8.0	0.0	7.0	3.0	0.0
	5p	+	7	3806.0	2050.0	2070.0	3503.0	11429.0	11.0	22.0	18.0	14.0	9.0	5.0	7.0	8.0	9.0	10.0	8.0	14.00.0	0.0	0.0	0.0	10.0	0.0	5.0	4.0	0.0
	5p	+	8	3988.0	1867.0	1948.0	3619.0	11422.0	11.0	19.0	19.0	9.0	6.0	13.0	4.0	7.0	4.0	10.0	8.0	11.00.0	0.0	0.0	0.0	10.0	0.0	6.0	9.0	0.0
	5p	+	9	3950.0	1974.0	1915.0	3576.0	11415.0	13.0	14.0	6.0	14.0	12.0	7.0	3.0	6.0	8.0	4.0	6.0	3.00.0	0.0	0.0	0.0	11.0	0.0	13.0	6.0	0.0
	5p	+	10	3882.0	1950.0	1897.0	3695.0	11424.0	15.0	13.0	20.0	14.0	11.0	7.0	4.0	7.0	4.0	10.0	4.0	9.00.0	0.0	0.0	0.0	8.0	0.0	3.0	7.0	0.0
	5p	+	11	3779.0	2039.0	1975.0	3640.0	11433.0	13.0	14.0	12.0	15.0	6.0	9.0	6.0	6.0	9.0	6.0	4.0	11.00.0	0.0	0.0	0.0	4.0	0.0	7.0	5.0	0.0
	5p	+	12	3822.0	2006.0	1990.0	3603.0	11421.0	16.0	13.0	20.0	16.0	7.0	6.0	3.0	9.0	6.0	16.0	9.0	10.00.0	0.0	0.0	0.0	10.0	0.0	6.0	6.0	0.0
	5p	+	13	3830.0	2045.0	1908.0	3648.0	11431.0	16.0	16.0	15.0	14.0	16.0	11.0	1.0	8.0	9.0	3.0	8.0	9.00.0	0.0	0.0	0.0	9.0	0.0	3.0	4.0	0.0
	5p	+	14	3829.0	2055.0	1963.0	3582.0	11429.0	14.0	21.0	15.0	16.0	9.0	8.0	4.0	10.0	8.0	8.0	5.0	4.00.0	0.0	0.0	0.0	5.0	0.0	5.0	7.0	0.0
	5p	+	15	3826.0	2097.0	1951.0	3547.0	11421.0	12.0	15.0	8.0	11.0	6.0	13.0	5.0	9.0	4.0	10.0	4.0	13.00.0	0.0	0.0	0.0	1.0	0.0	11.0	8.0	0.0
	5p	+	16	3915.0	2031.0	1882.0	3585.0	11413.0	16.0	13.0	10.0	16.0	2.0	9.0	3.0	3.0	10.0	4.0	3.0	9.00.0	0.0	0.0	0.0	12.0	0.0	7.0	11.0	0.0
	5p	+	17	3870.0	2034.0	1916.0	3590.0	11410.0	19.0	12.0	15.0	22.0	7.0	13.0	3.0	6.0	7.0	12.0	3.0	14.00.0	0.0	0.0	0.0	15.0	0.0	7.0	8.0	0.0
	5p	+	18	3765.0	2019.0	2031.0	3597.0	11412.0	16.0	14.0	13.0	13.0	7.0	9.0	4.0	10.0	7.0	10.0	3.0	8.00.0	0.0	0.0	0.0	8.0	0.0	6.0	13.0	0.0
	5p	+	19	3835.0	1945.0	1961.0	3688.0	11429.0	13.0	15.0	20.0	13.0	10.0	8.0	7.0	7.0	4.0	15.0	5.0	9.00.0	0.0	0.0	0.0	6.0	0.0	3.0	9.0	0.0
	5p	+	20	3792.0	2072.0	1934.0	3626.0	11424.0	20.0	12.0	19.0	20.0	7.0	4.0	10.0	9.0	12.0	8.0	2.0	7.00.0	0.0	0.0	0.0	5.0	0.0	10.0	8.0	0.0
	5p	+	21	3884.0	2031.0	1881.0	3625.0	11421.0	17.0	15.0	14.0	16.0	4.0	9.0	9.0	6.0	15.0	7.0	3.0	12.00.0	0.0	0.0	0.0	9.0	0.0	6.0	10.0	0.0
	5p	+	22	3780.0	1981.0	1992.0	3677.0	11430.0	16.0	19.0	14.0	10.0	8.0	3.0	6.0	5.0	6.0	13.0	8.0	14.00.0	0.0	0.0	0.0	5.0	0.0	7.0	5.0	0.0
	5p	+	23	3918.0	2010.0	1962.0	3530.0	11420.0	14.0	16.0	14.0	11.0	5.0	8.0	3.0	8.0	9.0	7.0	4.0	13.00.0	0.0	0.0	0.0	11.0	0.0	8.0	5.0	0.0
	5p	+	24	3843.0	2012.0	1929.0	3644.0	11428.0	15.0	18.0	10.0	17.0	9.0	15.0	1.0	5.0	4.0	10.0	10.0	11.00.0	0.0	0.0	0.0	10.0	0.0	3.0	3.0	0.0
	5p	+	25	3837.0	2007.0	1923.0	3655.0	11422.0	17.0	19.0	16.0	12.0	6.0	8.0	2.0	7.0	7.0	11.0	3.0	7.00.0	0.0	0.0	0.0	14.0	0.0	7.0	6.0	0.0
	5p	+	26	3850.0	2018.0	1952.0	3620.0	11440.0	20.0	20.0	15.0	17.0	1.0	7.0	6.0	6.0	5.0	9.0	8.0	14.00.0	0.0	0.0	0.0	4.0	0.0	3.0	1.0	0.0
	5p	+	27	3860.0	2036.0	1937.0	3611.0	11444.0	17.0	19.0	17.0	16.0	7.0	3.0	8.0	8.0	1.0	12.0	7.0	14.00.0	0.0	0.0	0.0	4.0	0.0	2.0	1.0	0.0
	5p	+	28	3902.0	1932.0	1991.0	3622.0	11447.0	27.0	15.0	10.0	12.0	6.0	5.0	5.0	8.0	4.0	5.0	7.0	12.00.0	0.0	0.0	0.0	4.0	0.0	1.0	1.0	0.0
	5p	+	29	3954.0	2007.0	1854.0	3633.0	11448.0	11.0	23.0	7.0	19.0	3.0	8.0	4.0	5.0	7.0	6.0	7.0	8.00.0	0.0	0.0	0.0	1.0	0.0	3.0	0.0	0.0
	5p	+	30	4089.0	1947.0	1815.0	3595.0	11446.0	16.0	49.0	12.0	8.0	6.0	13.0	3.0	8.0	1.0	9.0	3.0	11.00.0	0.0	0.0	0.0	2.0	0.0	1.0	2.0	0.0
	5p	+	31	3820.0	1807.0	1630.0	3406.0	10663.0	9.0	43.0	7.0	12.0	10.0	7.0	4.0	3.0	7.0	8.0	3.0	5.00.0	0.0	0.0	0.0	1.0	0.0	1.0	1.0	0.0
	5p	+	32	3529.0	1764.0	1622.0	3151.0	10066.0	16.0	56.0	14.0	11.0	6.0	3.0	1.0	3.0	5.0	3.0	1.0	7.00.0	0.0	0.0	0.0	3.0	0.0	1.0	0.0	0.0
	5p	+	33	3345.0	1645.0	1512.0	3063.0	9565.0	13.0	42.0	18.0	10.0	2.0	2.0	3.0	2.0	1.0	3.0	3.0	12.00.0	0.0	0.0	0.0	4.0	0.0	3.0	2.0	0.0
	5p	+	34	3161.0	1491.0	1479.0	2931.0	9062.0	12.0	62.0	9.0	12.0	6.0	11.0	0.0	3.0	3.0	8.0	6.0	7.00.0	0.0	0.0	0.0	4.0	0.0	0.0	0.0	0.0
	5p	+	35	3008.0	1475.0	1396.0	2709.0	8588.0	16.0	47.0	16.0	12.0	4.0	4.0	1.0	7.0	4.0	7.0	1.0	4.00.0	0.0	0.0	0.0	2.0	0.0	0.0	1.0	0.0
	5p	+	36	2811.0	1383.0	1312.0	2626.0	8132.0	13.0	55.0	14.0	10.0	2.0	3.0	2.0	4.0	5.0	4.0	3.0	4.00.0	0.0	0.0	0.0	1.0	0.0	1.0	0.0	0.0
	5p	+	37	2730.0	1300.0	1251.0	2373.0	7654.0	13.0	61.0	8.0	5.0	2.0	8.0	1.0	4.0	4.0	4.0	0.0	10.00.0	0.0	0.0	0.0	0.0	0.0	0.0	0.0	0.0
	5p	+	38	2627.0	1185.0	1123.0	2262.0	7197.0	6.0	52.0	10.0	11.0	2.0	9.0	2.0	6.0	3.0	6.0	0.0	8.00.0	0.0	0.0	0.0	1.0	0.0	0.0	0.0	0.0
	5p	+	39	2443.0	1091.0	1066.0	2122.0	6722.0	12.0	42.0	8.0	9.0	2.0	5.0	0.0	3.0	1.0	2.0	2.0	7.00.0	0.0	0.0	0.0	1.0	0.0	0.0	0.0	0.0
	5p	+	40	2224.0	1093.0	994.0	1983.0	6294.0	13.0	63.0	5.0	2.0	2.0	7.0	1.0	4.0	1.0	3.0	4.0	2.00.0	0.0	0.0	0.0	1.0	0.0	0.0	0.0	0.0
	5p	+	41	2062.0	989.0	923.0	1891.0	5865.0	3.0	45.0	6.0	9.0	2.0	3.0	3.0	6.0	5.0	3.0	1.0	5.00.0	0.0	0.0	0.0	0.0	0.0	0.0	2.0	0.0
	5p	+	42	1911.0	928.0	885.0	1722.0	5446.0	3.0	45.0	6.0	7.0	1.0	5.0	1.0	2.0	2.0	3.0	2.0	4.00.0	0.0	0.0	0.0	0.0	0.0	0.0	0.0	0.0
	5p	+	43	1802.0	855.0	818.0	1627.0	5102.0	9.0	49.0	5.0	5.0	2.0	3.0	3.0	2.0	1.0	1.0	2.0	6.00.0	0.0	0.0	0.0	0.0	0.0	0.0	0.0	0.0
	5p	+	44	1674.0	795.0	770.0	1476.0	4715.0	9.0	38.0	3.0	3.0	4.0	5.0	0.0	2.0	1.0	1.0	2.0	3.00.0	0.0	0.0	0.0	0.0	0.0	0.0	0.0	0.0
	5p	+	45	1602.0	751.0	699.0	1294.0	4346.0	7.0	39.0	3.0	5.0	4.0	1.0	2.0	3.0	1.0	2.0	2.0	6.00.0	0.0	0.0	0.0	0.0	0.0	0.0	1.0	0.0
	5p	+	46	1402.0	693.0	607.0	1317.0	4019.0	4.0	36.0	5.0	5.0	0.0	2.0	1.0	4.0	3.0	2.0	0.0	1.00.0	0.0	0.0	0.0	1.0	0.0	0.0	0.0	0.0
	5p	+	47	1286.0	623.0	602.0	1185.0	3696.0	2.0	22.0	5.0	5.0	1.0	3.0	2.0	2.0	2.0	2.0	2.0	3.00.0	0.0	0.0	0.0	2.0	0.0	0.0	0.0	0.0
	5p	+	48	1216.0	566.0	519.0	1102.0	3403.0	5.0	35.0	4.0	3.0	2.0	1.0	0.0	3.0	1.0	5.0	1.0	4.00.0	0.0	0.0	0.0	0.0	0.0	0.0	0.0	0.0
	5p	+	49	1100.0	557.0	462.0	983.0	3102.0	7.0	32.0	4.0	5.0	0.0	2.0	0.0	2.0	1.0	3.0	2.0	2.00.0	0.0	0.0	0.0	0.0	0.0	0.0	0.0	0.0
	5p	+	50	1011.0	489.0	459.0	864.0	2823.0	8.0	29.0	4.0	3.0	1.0	1.0	1.0	1.0	0.0	1.0	0.0	1.00.0	0.0	0.0	0.0	1.0	0.0	0.0	0.0	0.0
	5p	+	51	857.0	432.0	406.0	897.0	2592.0	1.0	17.0	3.0	1.0	0.0	4.0	0.0	1.0	1.0	1.0	2.0	2.00.0	0.0	0.0	0.0	1.0	0.0	0.0	0.0	0.0
	5p	+	52	817.0	417.0	370.0	768.0	2372.0	3.0	17.0	2.0	3.0	0.0	1.0	0.0	2.0	1.0	2.0	0.0	2.00.0	0.0	0.0	0.0	1.0	0.0	0.0	0.0	0.0
	5p	+	53	767.0	378.0	350.0	687.0	2182.0	1.0	25.0	2.0	0.0	1.0	3.0	0.0	3.0	0.0	1.0	0.0	1.00.0	0.0	0.0	0.0	1.0	0.0	0.0	0.0	0.0
	5p	+	54	681.0	329.0	305.0	670.0	1985.0	2.0	14.0	5.0	3.0	3.0	0.0	1.0	5.0	1.0	1.0	1.0	2.00.0	0.0	0.0	0.0	1.0	0.0	1.0	0.0	0.0
	5p	+	55	627.0	299.0	280.0	599.0	1805.0	2.0	15.0	0.0	3.0	0.0	3.0	1.0	1.0	0.0	2.0	1.0	2.00.0	0.0	0.0	0.0	0.0	0.0	0.0	0.0	0.0
	5p	+	56	569.0	293.0	262.0	527.0	1651.0	2.0	20.0	3.0	3.0	3.0	0.0	1.0	1.0	0.0	1.0	0.0	0.00.0	0.0	0.0	0.0	0.0	0.0	0.0	0.0	0.0
	5p	+	57	502.0	252.0	237.0	518.0	1509.0	1.0	13.0	0.0	1.0	4.0	1.0	0.0	5.0	1.0	1.0	0.0	1.00.0	0.0	0.0	0.0	0.0	0.0	0.0	0.0	0.0
	5p	+	58	496.0	255.0	194.0	435.0	1380.0	2.0	22.0	1.0	0.0	1.0	1.0	0.0	0.0	0.0	2.0	2.0	1.00.0	0.0	0.0	0.0	0.0	0.0	0.0	1.0	0.0
	5p	+	59	458.0	187.0	190.0	426.0	1261.0	0.0	16.0	3.0	4.0	0.0	0.0	0.0	0.0	1.0	1.0	1.0	1.00.0	0.0	0.0	0.0	0.0	0.0	0.0	0.0	0.0
	5p	+	60	404.0	183.0	194.0	362.0	1143.0	2.0	8.0	0.0	3.0	0.0	1.0	0.0	0.0	0.0	0.0	0.0	0.00.0	0.0	0.0	0.0	0.0	0.0	0.0	0.0	0.0
	5p	+	61	369.0	150.0	181.0	335.0	1035.0	0.0	7.0	2.0	1.0	2.0	2.0	0.0	0.0	0.0	0.0	0.0	1.00.0	0.0	0.0	0.0	0.0	0.0	0.0	0.0	0.0
	5p	+	62	320.0	173.0	155.0	295.0	943.0	1.0	6.0	0.0	0.0	0.0	0.0	1.0	0.0	1.0	0.0	0.0	2.00.0	0.0	0.0	0.0	0.0	0.0	0.0	0.0	0.0
	5p	+	63	283.0	137.0	145.0	285.0	850.0	2.0	5.0	1.0	1.0	0.0	3.0	0.0	0.0	0.0	2.0	0.0	0.00.0	0.0	0.0	0.0	0.0	0.0	0.0	0.0	0.0
	5p	+	64	264.0	134.0	120.0	238.0	756.0	2.0	4.0	1.0	0.0	0.0	1.0	0.0	1.0	0.0	1.0	0.0	0.00.0	0.0	0.0	0.0	0.0	0.0	0.0	1.0	0.0
	5p	+	65	227.0	114.0	113.0	223.0	677.0	0.0	7.0	0.0	0.0	2.0	1.0	1.0	1.0	0.0	0.0	0.0	1.00.0	0.0	0.0	0.0	0.0	0.0	0.0	0.0	0.0
	5p	+	66	194.0	119.0	97.0	199.0	609.0	1.0	3.0	1.0	3.0	0.0	0.0	0.0	1.0	0.0	0.0	1.0	1.00.0	0.0	0.0	0.0	0.0	0.0	0.0	0.0	0.0
	5p	+	67	206.0	88.0	86.0	167.0	547.0	2.0	5.0	0.0	0.0	0.0	2.0	0.0	0.0	0.0	2.0	0.0	1.00.0	0.0	0.0	0.0	0.0	0.0	0.0	0.0	0.0
	5p	+	68	186.0	85.0	70.0	152.0	493.0	2.0	7.0	0.0	2.0	0.0	0.0	0.0	1.0	0.0	0.0	0.0	0.00.0	0.0	0.0	0.0	0.0	0.0	0.0	0.0	0.0
	5p	+	69	170.0	71.0	65.0	143.0	449.0	2.0	4.0	0.0	0.0	1.0	1.0	0.0	1.0	0.0	0.0	0.0	1.00.0	0.0	0.0	0.0	0.0	0.0	0.0	0.0	0.0
	5p	+	70	147.0	74.0	71.0	118.0	410.0	1.0	6.0	0.0	1.0	0.0	1.0	0.0	0.0	0.0	0.0	0.0	0.00.0	0.0	0.0	0.0	0.0	0.0	0.0	0.0	0.0
	5p	+	71	132.0	62.0	53.0	108.0	355.0	1.0	6.0	0.0	0.0	1.0	2.0	0.0	0.0	0.0	0.0	1.0	0.00.0	0.0	0.0	0.0	0.0	0.0	0.0	0.0	0.0
	5p	+	72	126.0	58.0	38.0	96.0	318.0	0.0	3.0	1.0	0.0	0.0	1.0	0.0	0.0	0.0	0.0	0.0	0.00.0	0.0	0.0	0.0	0.0	0.0	0.0	0.0	0.0
	5p	+	73	103.0	44.0	45.0	98.0	290.0	1.0	1.0	3.0	0.0	0.0	0.0	0.0	0.0	0.0	0.0	0.0	0.00.0	0.0	0.0	0.0	0.0	0.0	0.0	0.0	0.0
	5p	+	74	100.0	37.0	38.0	88.0	263.0	0.0	1.0	0.0	0.0	1.0	1.0	0.0	0.0	0.0	0.0	1.0	0.00.0	0.0	0.0	0.0	0.0	0.0	0.0	0.0	0.0
	5p	+	75	82.0	40.0	36.0	86.0	244.0	0.0	6.0	0.0	0.0	1.0	2.0	0.0	0.0	0.0	0.0	0.0	0.00.0	0.0	0.0	0.0	0.0	0.0	0.0	0.0	0.0
	5p	+	76	81.0	40.0	30.0	68.0	219.0	0.0	3.0	2.0	0.0	0.0	0.0	0.0	1.0	1.0	0.0	0.0	0.00.0	0.0	0.0	0.0	0.0	0.0	0.0	0.0	0.0
	5p	+	77	72.0	37.0	31.0	51.0	191.0	0.0	5.0	0.0	1.0	0.0	0.0	0.0	0.0	0.0	0.0	0.0	0.00.0	0.0	0.0	0.0	0.0	0.0	0.0	0.0	0.0
	5p	+	78	60.0	30.0	26.0	53.0	169.0	0.0	3.0	0.0	1.0	0.0	0.0	0.0	0.0	0.0	1.0	0.0	0.00.0	0.0	0.0	0.0	0.0	0.0	0.0	0.0	0.0
	5p	+	79	59.0	26.0	23.0	38.0	146.0	1.0	1.0	1.0	0.0	0.0	0.0	0.0	0.0	0.0	0.0	0.0	0.00.0	0.0	0.0	0.0	0.0	0.0	0.0	0.0	0.0
	5p	+	80	53.0	28.0	22.0	35.0	138.0	1.0	2.0	1.0	1.0	0.0	0.0	0.0	0.0	0.0	0.0	0.0	2.00.0	0.0	0.0	0.0	0.0	0.0	0.0	0.0	0.0
	5p	+	81	45.0	23.0	20.0	38.0	126.0	0.0	0.0	1.0	1.0	0.0	0.0	0.0	0.0	0.0	0.0	0.0	0.00.0	0.0	0.0	0.0	0.0	0.0	0.0	0.0	0.0
	5p	+	82	49.0	19.0	15.0	33.0	116.0	0.0	2.0	0.0	0.0	0.0	0.0	0.0	0.0	0.0	0.0	0.0	0.00.0	0.0	0.0	0.0	0.0	0.0	0.0	0.0	0.0
	5p	+	83	40.0	12.0	17.0	30.0	99.0	0.0	1.0	1.0	0.0	0.0	0.0	1.0	0.0	0.0	0.0	0.0	0.00.0	0.0	0.0	0.0	0.0	0.0	0.0	0.0	0.0
	5p	+	84	26.0	17.0	9.0	29.0	81.0	0.0	1.0	0.0	0.0	0.0	0.0	0.0	0.0	0.0	0.0	0.0	0.00.0	0.0	0.0	0.0	0.0	0.0	0.0	0.0	0.0
	5p	+	85	17.0	15.0	13.0	25.0	70.0	1.0	2.0	0.0	0.0	0.0	0.0	0.0	0.0	0.0	0.0	0.0	0.00.0	0.0	0.0	0.0	0.0	0.0	0.0	0.0	0.0
	5p	+	86	19.0	5.0	11.0	21.0	56.0	0.0	1.0	0.0	0.0	0.0	0.0	0.0	0.0	0.0	0.0	0.0	0.00.0	0.0	0.0	0.0	0.0	0.0	0.0	0.0	0.0
	5p	+	87	10.0	10.0	8.0	17.0	45.0	0.0	2.0	0.0	0.0	0.0	0.0	0.0	0.0	0.0	0.0	0.0	1.00.0	0.0	0.0	0.0	0.0	0.0	0.0	0.0	0.0
	5p	+	88	12.0	9.0	2.0	14.0	37.0	0.0	2.0	0.0	0.0	0.0	0.0	0.0	0.0	0.0	0.0	0.0	0.00.0	0.0	0.0	0.0	0.0	0.0	0.0	0.0	0.0
	5p	+	89	9.0	6.0	3.0	8.0	26.0	0.0	0.0	0.0	0.0	0.0	0.0	0.0	0.0	0.0	0.0	0.0	1.00.0	0.0	0.0	0.0	0.0	0.0	0.0	0.0	0.0
	5p	+	90	3.0	2.0	1.0	7.0	13.0	0.0	0.0	0.0	0.0	0.0	0.0	0.0	0.0	0.0	0.0	0.0	0.00.0	0.0	0.0	0.0	0.0	0.0	0.0	0.0	0.0
	5p	+	91	3.0	0.0	0.0	2.0	5.0	0.0	0.0	0.0	0.0	0.0	0.0	0.0	0.0	0.0	0.0	0.0	0.00.0	0.0	0.0	0.0	0.0	0.0	0.0	0.0	0.0
	5p	+	92	0.0	0.0	0.0	0.0	0.0	0.0	0.0	0.0	0.0	0.0	0.0	0.0	0.0	0.0	0.0	0.0	0.00.0	0.0	0.0	0.0	0.0	0.0	0.0	0.0	0.0
	5p	+	93	0.0	0.0	0.0	0.0	0.0	0.0	0.0	0.0	0.0	0.0	0.0	0.0	0.0	0.0	0.0	0.0	0.00.0	0.0	0.0	0.0	0.0	0.0	0.0	0.0	0.0
	5p	+	94	0.0	0.0	0.0	0.0	0.0	0.0	0.0	0.0	0.0	0.0	0.0	0.0	0.0	0.0	0.0	0.0	0.00.0	0.0	0.0	0.0	0.0	0.0	0.0	0.0	0.0
	5p	+	95	0.0	0.0	0.0	0.0	0.0	0.0	0.0	0.0	0.0	0.0	0.0	0.0	0.0	0.0	0.0	0.0	0.00.0	0.0	0.0	0.0	0.0	0.0	0.0	0.0	0.0
	5p	+	96	0.0	0.0	0.0	0.0	0.0	0.0	0.0	0.0	0.0	0.0	0.0	0.0	0.0	0.0	0.0	0.0	0.00.0	0.0	0.0	0.0	0.0	0.0	0.0	0.0	0.0
	5p	+	97	0.0	0.0	0.0	0.0	0.0	0.0	0.0	0.0	0.0	0.0	0.0	0.0	0.0	0.0	0.0	0.0	0.00.0	0.0	0.0	0.0	0.0	0.0	0.0	0.0	0.0
	5p	+	98	0.0	0.0	0.0	0.0	0.0	0.0	0.0	0.0	0.0	0.0	0.0	0.0	0.0	0.0	0.0	0.0	0.00.0	0.0	0.0	0.0	0.0	0.0	0.0	0.0	0.0
	5p	+	99	0.0	0.0	0.0	0.0	0.0	0.0	0.0	0.0	0.0	0.0	0.0	0.0	0.0	0.0	0.0	0.0	0.00.0	0.0	0.0	0.0	0.0	0.0	0.0	0.0	0.0
	5p	+	100	0.0	0.0	0.0	0.0	0.0	0.0	0.0	0.0	0.0	0.0	0.0	0.0	0.0	0.0	0.0	0.0	0.00.0	0.0	0.0	0.0	0.0	0.0	0.0	0.0	0.0
	5p	-	1	3888.0	2085.0	1573.0	4083.0	11629.0	20.0	435.0	28.0	14.0	15.0	17.0	8.0	11.0	11.0	7.0	9.0	17.00.0	0.0	0.0	0.0	0.0	0.0	0.0	0.0	0.0
	5p	-	2	3856.0	1752.0	2065.0	3956.0	11629.0	19.0	42.0	16.0	24.0	4.0	10.0	9.0	10.0	13.0	11.0	6.0	11.00.0	0.0	0.0	0.0	0.0	0.0	0.0	0.0	0.0
	5p	-	3	3922.0	2078.0	2012.0	3617.0	11629.0	16.0	27.0	13.0	9.0	9.0	13.0	9.0	10.0	10.0	14.0	2.0	16.00.0	0.0	0.0	0.0	0.0	0.0	0.0	0.0	0.0
	5p	-	4	3987.0	2075.0	2060.0	3505.0	11627.0	11.0	11.0	20.0	14.0	9.0	13.0	5.0	8.0	10.0	12.0	6.0	7.00.0	0.0	0.0	0.0	2.0	0.0	0.0	0.0	0.0
	5p	-	5	3798.0	2114.0	1980.0	3710.0	11602.0	18.0	24.0	25.0	23.0	10.0	10.0	3.0	6.0	7.0	8.0	4.0	6.00.0	0.0	0.0	0.0	6.0	0.0	6.0	10.0	0.0
	5p	-	6	3752.0	2087.0	2117.0	3643.0	11599.0	13.0	19.0	17.0	14.0	10.0	10.0	5.0	6.0	9.0	14.0	7.0	11.00.0	0.0	0.0	0.0	6.0	0.0	10.0	10.0	0.0
	5p	-	7	3881.0	2007.0	2115.0	3599.0	11602.0	16.0	18.0	12.0	10.0	7.0	9.0	12.0	8.0	5.0	11.0	5.0	14.00.0	0.0	0.0	0.0	5.0	0.0	5.0	10.0	0.0
	5p	-	8	4108.0	1925.0	1950.0	3612.0	11595.0	21.0	13.0	11.0	13.0	8.0	7.0	8.0	5.0	10.0	6.0	5.0	8.00.0	0.0	0.0	0.0	7.0	0.0	5.0	10.0	0.0
	5p	-	9	4025.0	2036.0	1945.0	3593.0	11599.0	4.0	22.0	17.0	16.0	7.0	12.0	1.0	6.0	6.0	13.0	3.0	15.00.0	0.0	0.0	0.0	9.0	0.0	6.0	8.0	0.0
	5p	-	10	3861.0	2015.0	1964.0	3751.0	11591.0	11.0	13.0	14.0	20.0	7.0	11.0	2.0	9.0	12.0	6.0	6.0	7.00.0	0.0	0.0	0.0	10.0	0.0	12.0	11.0	0.0
	5p	-	11	3913.0	2032.0	1935.0	3722.0	11602.0	13.0	25.0	16.0	17.0	8.0	7.0	5.0	7.0	12.0	6.0	7.0	7.00.0	0.0	0.0	0.0	7.0	0.0	10.0	3.0	0.0
	5p	-	12	3890.0	2057.0	2045.0	3611.0	11603.0	14.0	13.0	13.0	24.0	10.0	10.0	4.0	12.0	6.0	11.0	3.0	16.00.0	0.0	0.0	0.0	9.0	0.0	6.0	9.0	0.0
	5p	-	13	3945.0	2047.0	2039.0	3573.0	11604.0	14.0	11.0	17.0	9.0	12.0	13.0	4.0	11.0	7.0	10.0	2.0	12.00.0	0.0	0.0	0.0	10.0	0.0	1.0	6.0	0.0
	5p	-	14	3926.0	2043.0	1964.0	3666.0	11599.0	18.0	22.0	16.0	15.0	8.0	6.0	3.0	5.0	10.0	5.0	4.0	10.00.0	0.0	0.0	0.0	5.0	0.0	10.0	6.0	0.0
	5p	-	15	3954.0	2060.0	1948.0	3628.0	11590.0	13.0	15.0	14.0	14.0	7.0	13.0	3.0	7.0	8.0	10.0	4.0	5.00.0	0.0	0.0	0.0	15.0	0.0	10.0	7.0	0.0
	5p	-	16	3946.0	2009.0	1987.0	3651.0	11593.0	9.0	19.0	11.0	9.0	10.0	5.0	0.0	12.0	6.0	4.0	4.0	10.00.0	0.0	0.0	0.0	7.0	0.0	10.0	9.0	0.0
	5p	-	17	3953.0	2005.0	1984.0	3659.0	11601.0	17.0	15.0	16.0	14.0	8.0	5.0	5.0	5.0	15.0	4.0	5.0	11.00.0	0.0	0.0	0.0	9.0	0.0	6.0	5.0	0.0
	5p	-	18	3974.0	2063.0	1991.0	3574.0	11602.0	21.0	13.0	14.0	14.0	7.0	13.0	3.0	6.0	8.0	5.0	3.0	11.00.0	0.0	0.0	0.0	8.0	0.0	8.0	5.0	0.0
	5p	-	19	3962.0	1996.0	1934.0	3711.0	11603.0	16.0	21.0	18.0	12.0	4.0	9.0	6.0	4.0	4.0	9.0	6.0	13.00.0	0.0	0.0	0.0	10.0	0.0	7.0	2.0	0.0
	5p	-	20	3921.0	1934.0	1967.0	3781.0	11603.0	12.0	22.0	12.0	23.0	13.0	5.0	5.0	12.0	5.0	5.0	5.0	11.00.0	0.0	0.0	0.0	9.0	0.0	3.0	6.0	0.0
	5p	-	21	3847.0	2015.0	2001.0	3740.0	11603.0	19.0	14.0	28.0	24.0	5.0	8.0	1.0	6.0	7.0	8.0	2.0	10.00.0	0.0	0.0	0.0	8.0	0.0	4.0	4.0	0.0
	5p	-	22	3901.0	2028.0	1992.0	3667.0	11588.0	6.0	17.0	24.0	16.0	12.0	8.0	8.0	5.0	5.0	5.0	6.0	14.00.0	0.0	0.0	0.0	14.0	0.0	11.0	4.0	0.0
	5p	-	23	4015.0	2001.0	1983.0	3602.0	11601.0	12.0	18.0	17.0	17.0	6.0	14.0	5.0	12.0	10.0	13.0	9.0	12.00.0	0.0	0.0	0.0	11.0	0.0	2.0	7.0	0.0
	5p	-	24	3963.0	2008.0	1941.0	3685.0	11597.0	12.0	12.0	14.0	14.0	12.0	10.0	7.0	11.0	6.0	13.0	9.0	7.00.0	0.0	0.0	0.0	10.0	0.0	7.0	4.0	0.0
	5p	-	25	4031.0	2003.0	1888.0	3682.0	11604.0	16.0	12.0	22.0	14.0	8.0	8.0	3.0	11.0	5.0	5.0	2.0	9.00.0	0.0	0.0	0.0	6.0	0.0	9.0	4.0	0.0
	5p	-	26	4028.0	2005.0	1925.0	3652.0	11610.0	15.0	24.0	19.0	17.0	6.0	7.0	7.0	11.0	6.0	9.0	4.0	10.00.0	0.0	0.0	0.0	5.0	0.0	4.0	2.0	0.0
	5p	-	27	4011.0	2010.0	1925.0	3665.0	11611.0	15.0	19.0	12.0	19.0	7.0	8.0	1.0	13.0	5.0	12.0	5.0	8.00.0	0.0	0.0	0.0	4.0	0.0	1.0	5.0	0.0
	5p	-	28	4122.0	1944.0	1909.0	3637.0	11612.0	20.0	9.0	13.0	13.0	7.0	15.0	5.0	5.0	4.0	5.0	5.0	3.00.0	0.0	0.0	0.0	4.0	0.0	2.0	0.0	0.0
	5p	-	29	4096.0	2032.0	1939.0	3549.0	11616.0	21.0	33.0	16.0	16.0	6.0	12.0	2.0	10.0	12.0	15.0	7.0	9.00.0	0.0	0.0	0.0	7.0	0.0	0.0	1.0	0.0
	5p	-	30	4115.0	1995.0	1856.0	3657.0	11623.0	20.0	48.0	16.0	18.0	3.0	10.0	5.0	7.0	5.0	9.0	6.0	11.00.0	0.0	0.0	0.0	2.0	0.0	2.0	0.0	0.0
	5p	-	31	3877.0	1883.0	1761.0	3326.0	10847.0	9.0	42.0	12.0	9.0	7.0	6.0	2.0	9.0	2.0	5.0	4.0	9.00.0	0.0	0.0	0.0	1.0	0.0	0.0	0.0	0.0
	5p	-	32	3538.0	1809.0	1623.0	3264.0	10234.0	12.0	51.0	8.0	10.0	4.0	5.0	3.0	3.0	4.0	6.0	4.0	8.00.0	0.0	0.0	0.0	4.0	0.0	0.0	1.0	0.0
	5p	-	33	3395.0	1672.0	1528.0	3094.0	9689.0	11.0	43.0	10.0	12.0	3.0	8.0	3.0	8.0	3.0	1.0	1.0	8.00.0	0.0	0.0	0.0	2.0	0.0	0.0	1.0	0.0
	5p	-	34	3199.0	1578.0	1509.0	2958.0	9244.0	11.0	57.0	13.0	12.0	1.0	3.0	1.0	2.0	1.0	11.0	2.0	4.00.0	0.0	0.0	0.0	0.0	0.0	0.0	0.0	0.0
	5p	-	35	3053.0	1520.0	1345.0	2800.0	8718.0	14.0	53.0	10.0	9.0	3.0	2.0	2.0	5.0	5.0	7.0	1.0	4.00.0	0.0	0.0	0.0	3.0	0.0	1.0	1.0	0.0
	5p	-	36	2962.0	1390.0	1258.0	2606.0	8216.0	13.0	55.0	8.0	7.0	3.0	10.0	2.0	5.0	2.0	6.0	4.0	7.00.0	0.0	0.0	0.0	3.0	0.0	1.0	2.0	0.0
	5p	-	37	2729.0	1347.0	1204.0	2486.0	7766.0	8.0	58.0	7.0	11.0	4.0	4.0	2.0	3.0	3.0	4.0	3.0	7.00.0	0.0	0.0	0.0	1.0	0.0	0.0	2.0	0.0
	5p	-	38	2544.0	1219.0	1206.0	2307.0	7276.0	9.0	47.0	8.0	9.0	3.0	5.0	1.0	3.0	2.0	3.0	5.0	8.00.0	0.0	0.0	0.0	6.0	0.0	0.0	0.0	0.0
	5p	-	39	2391.0	1137.0	1045.0	2252.0	6825.0	9.0	55.0	4.0	8.0	3.0	2.0	1.0	4.0	2.0	3.0	0.0	1.00.0	0.0	0.0	0.0	4.0	0.0	0.0	0.0	0.0
	5p	-	40	2213.0	1049.0	1040.0	2052.0	6354.0	4.0	51.0	10.0	11.0	2.0	4.0	1.0	1.0	1.0	3.0	3.0	1.00.0	0.0	0.0	0.0	5.0	0.0	0.0	0.0	0.0
	5p	-	41	2095.0	1008.0	951.0	1885.0	5939.0	8.0	48.0	8.0	7.0	1.0	3.0	1.0	5.0	1.0	4.0	0.0	4.00.0	0.0	0.0	0.0	2.0	0.0	0.0	0.0	0.0
	5p	-	42	1885.0	979.0	842.0	1803.0	5509.0	3.0	47.0	9.0	2.0	1.0	0.0	4.0	3.0	2.0	2.0	1.0	4.00.0	0.0	0.0	0.0	1.0	0.0	0.0	0.0	0.0
	5p	-	43	1754.0	870.0	797.0	1653.0	5074.0	5.0	52.0	15.0	3.0	3.0	2.0	0.0	3.0	2.0	0.0	2.0	1.00.0	0.0	0.0	0.0	2.0	0.0	0.0	0.0	0.0
	5p	-	44	1677.0	752.0	765.0	1508.0	4702.0	3.0	44.0	4.0	5.0	2.0	2.0	2.0	4.0	3.0	4.0	0.0	2.00.0	0.0	0.0	0.0	0.0	0.0	0.0	0.0	0.0
	5p	-	45	1547.0	749.0	685.0	1374.0	4355.0	2.0	48.0	7.0	4.0	2.0	5.0	1.0	2.0	3.0	1.0	1.0	4.00.0	0.0	0.0	0.0	1.0	0.0	0.0	0.0	0.0
	5p	-	46	1457.0	694.0	611.0	1265.0	4027.0	6.0	39.0	5.0	2.0	3.0	3.0	0.0	3.0	2.0	3.0	0.0	5.00.0	0.0	0.0	0.0	0.0	0.0	0.0	0.0	0.0
	5p	-	47	1320.0	624.0	587.0	1176.0	3707.0	6.0	33.0	8.0	5.0	1.0	4.0	0.0	4.0	1.0	1.0	0.0	2.00.0	0.0	0.0	0.0	0.0	0.0	0.0	0.0	0.0
	5p	-	48	1240.0	565.0	497.0	1126.0	3428.0	3.0	33.0	4.0	3.0	3.0	3.0	0.0	4.0	1.0	2.0	1.0	5.00.0	0.0	0.0	0.0	1.0	0.0	0.0	0.0	0.0
	5p	-	49	1042.0	548.0	474.0	1094.0	3158.0	8.0	23.0	2.0	6.0	2.0	4.0	0.0	4.0	3.0	1.0	2.0	2.00.0	0.0	0.0	0.0	1.0	0.0	0.0	0.0	0.0
	5p	-	50	1016.0	513.0	421.0	963.0	2913.0	3.0	27.0	3.0	3.0	1.0	0.0	1.0	1.0	1.0	1.0	1.0	1.00.0	0.0	0.0	0.0	1.0	0.0	0.0	0.0	0.0
	5p	-	51	942.0	464.0	397.0	874.0	2677.0	5.0	23.0	2.0	3.0	0.0	2.0	2.0	1.0	0.0	0.0	0.0	2.00.0	0.0	0.0	0.0	1.0	0.0	0.0	0.0	0.0
	5p	-	52	859.0	424.0	380.0	819.0	2482.0	1.0	21.0	1.0	0.0	2.0	3.0	1.0	2.0	0.0	2.0	0.0	0.00.0	0.0	0.0	0.0	1.0	0.0	0.0	0.0	0.0
	5p	-	53	796.0	403.0	352.0	739.0	2290.0	3.0	30.0	1.0	3.0	2.0	2.0	0.0	2.0	0.0	1.0	0.0	2.00.0	0.0	0.0	0.0	0.0	0.0	0.0	0.0	0.0
	5p	-	54	752.0	370.0	315.0	661.0	2098.0	3.0	26.0	5.0	1.0	0.0	2.0	0.0	2.0	1.0	3.0	1.0	1.00.0	0.0	0.0	0.0	0.0	0.0	0.0	0.0	0.0
	5p	-	55	697.0	334.0	276.0	623.0	1930.0	3.0	13.0	1.0	1.0	1.0	2.0	0.0	3.0	1.0	1.0	0.0	1.00.0	0.0	0.0	0.0	0.0	0.0	0.0	0.0	0.0
	5p	-	56	591.0	324.0	281.0	554.0	1750.0	2.0	21.0	4.0	1.0	1.0	3.0	0.0	0.0	1.0	1.0	0.0	2.00.0	0.0	0.0	0.0	0.0	0.0	0.0	0.0	0.0
	5p	-	57	560.0	271.0	237.0	543.0	1611.0	1.0	12.0	4.0	1.0	2.0	1.0	1.0	0.0	2.0	0.0	0.0	1.00.0	0.0	0.0	0.0	0.0	0.0	0.0	0.0	0.0
	5p	-	58	551.0	245.0	239.0	428.0	1463.0	1.0	19.0	5.0	2.0	0.0	2.0	0.0	2.0	3.0	1.0	0.0	0.00.0	0.0	0.0	0.0	0.0	0.0	0.0	0.0	0.0
	5p	-	59	474.0	228.0	210.0	420.0	1332.0	4.0	13.0	2.0	1.0	1.0	1.0	0.0	0.0	1.0	0.0	0.0	2.00.0	0.0	0.0	0.0	0.0	0.0	0.0	0.0	0.0
	5p	-	60	429.0	201.0	195.0	394.0	1219.0	0.0	10.0	4.0	1.0	0.0	1.0	0.0	1.0	0.0	0.0	0.0	3.00.0	0.0	0.0	0.0	0.0	0.0	0.0	0.0	0.0
	5p	-	61	397.0	185.0	179.0	354.0	1115.0	2.0	12.0	3.0	2.0	0.0	0.0	1.0	0.0	2.0	0.0	1.0	1.00.0	0.0	0.0	0.0	0.0	0.0	0.0	0.0	0.0
	5p	-	62	338.0	178.0	150.0	345.0	1011.0	2.0	11.0	0.0	2.0	0.0	2.0	0.0	3.0	1.0	1.0	0.0	1.00.0	0.0	0.0	0.0	0.0	0.0	0.0	0.0	0.0
	5p	-	63	311.0	151.0	141.0	305.0	908.0	1.0	9.0	0.0	2.0	2.0	1.0	0.0	0.0	0.0	1.0	0.0	2.00.0	0.0	0.0	0.0	0.0	0.0	0.0	0.0	0.0
	5p	-	64	276.0	129.0	133.0	287.0	825.0	0.0	3.0	2.0	3.0	0.0	2.0	0.0	0.0	2.0	1.0	0.0	0.00.0	0.0	0.0	0.0	0.0	0.0	1.0	0.0	0.0
	5p	-	65	260.0	114.0	136.0	254.0	764.0	1.0	12.0	1.0	0.0	1.0	0.0	0.0	0.0	0.0	0.0	0.0	0.00.0	0.0	0.0	0.0	0.0	0.0	0.0	0.0	0.0
	5p	-	66	249.0	104.0	110.0	207.0	670.0	1.0	5.0	2.0	1.0	1.0	1.0	0.0	1.0	0.0	0.0	0.0	0.00.0	0.0	0.0	0.0	1.0	0.0	0.0	0.0	0.0
	5p	-	67	202.0	125.0	91.0	201.0	619.0	4.0	7.0	1.0	1.0	1.0	0.0	0.0	0.0	0.0	0.0	0.0	1.00.0	0.0	0.0	0.0	1.0	0.0	0.0	0.0	0.0
	5p	-	68	213.0	86.0	65.0	192.0	556.0	1.0	4.0	1.0	0.0	1.0	0.0	0.0	0.0	0.0	0.0	0.0	0.00.0	0.0	0.0	0.0	1.0	0.0	0.0	0.0	0.0
	5p	-	69	166.0	77.0	74.0	184.0	501.0	0.0	6.0	1.0	1.0	0.0	1.0	0.0	0.0	1.0	0.0	1.0	0.00.0	0.0	0.0	0.0	0.0	0.0	0.0	0.0	0.0
	5p	-	70	156.0	79.0	62.0	148.0	445.0	0.0	1.0	0.0	1.0	1.0	0.0	0.0	0.0	1.0	0.0	0.0	0.00.0	0.0	0.0	0.0	0.0	0.0	0.0	0.0	0.0
	5p	-	71	152.0	63.0	55.0	133.0	403.0	0.0	4.0	0.0	1.0	0.0	0.0	0.0	0.0	0.0	1.0	0.0	0.00.0	0.0	0.0	0.0	0.0	0.0	0.0	0.0	0.0
	5p	-	72	121.0	65.0	50.0	126.0	362.0	2.0	1.0	0.0	0.0	0.0	1.0	1.0	0.0	1.0	0.0	0.0	1.00.0	0.0	0.0	0.0	0.0	0.0	0.0	0.0	0.0
	5p	-	73	111.0	72.0	49.0	101.0	333.0	0.0	10.0	0.0	1.0	0.0	0.0	0.0	0.0	0.0	1.0	0.0	1.00.0	0.0	0.0	0.0	0.0	0.0	0.0	0.0	0.0
	5p	-	74	110.0	49.0	41.0	98.0	298.0	2.0	7.0	0.0	0.0	0.0	0.0	0.0	1.0	0.0	0.0	0.0	0.00.0	0.0	0.0	0.0	0.0	0.0	0.0	0.0	0.0
	5p	-	75	95.0	48.0	38.0	87.0	268.0	0.0	2.0	0.0	1.0	0.0	0.0	0.0	1.0	0.0	0.0	0.0	0.00.0	0.0	0.0	0.0	0.0	0.0	0.0	0.0	0.0
	5p	-	76	91.0	28.0	32.0	88.0	239.0	0.0	2.0	0.0	0.0	0.0	1.0	0.0	0.0	0.0	0.0	0.0	0.00.0	0.0	0.0	0.0	0.0	0.0	0.0	0.0	0.0
	5p	-	77	77.0	32.0	30.0	68.0	207.0	0.0	3.0	0.0	0.0	0.0	0.0	0.0	0.0	0.0	1.0	0.0	1.00.0	0.0	0.0	0.0	0.0	0.0	0.0	0.0	0.0
	5p	-	78	60.0	26.0	33.0	60.0	179.0	1.0	1.0	0.0	0.0	1.0	0.0	0.0	0.0	0.0	0.0	0.0	1.00.0	0.0	0.0	0.0	0.0	0.0	0.0	0.0	0.0
	5p	-	79	65.0	28.0	24.0	40.0	157.0	1.0	2.0	1.0	0.0	0.0	0.0	0.0	0.0	0.0	0.0	0.0	0.00.0	0.0	0.0	0.0	0.0	0.0	0.0	0.0	0.0
	5p	-	80	51.0	18.0	15.0	52.0	136.0	0.0	1.0	0.0	0.0	0.0	0.0	0.0	0.0	0.0	0.0	0.0	0.00.0	0.0	0.0	0.0	0.0	0.0	0.0	0.0	0.0
	5p	-	81	45.0	11.0	23.0	40.0	119.0	0.0	1.0	0.0	0.0	0.0	0.0	0.0	0.0	0.0	0.0	0.0	0.00.0	0.0	0.0	0.0	0.0	0.0	0.0	0.0	0.0
	5p	-	82	41.0	11.0	19.0	33.0	104.0	1.0	0.0	0.0	0.0	0.0	1.0	0.0	0.0	0.0	1.0	0.0	0.00.0	0.0	0.0	0.0	0.0	0.0	0.0	0.0	0.0
	5p	-	83	36.0	10.0	12.0	34.0	92.0	0.0	1.0	0.0	1.0	0.0	0.0	0.0	0.0	0.0	0.0	0.0	0.00.0	0.0	0.0	0.0	0.0	0.0	0.0	0.0	0.0
	5p	-	84	29.0	12.0	13.0	24.0	78.0	0.0	1.0	0.0	0.0	0.0	0.0	0.0	0.0	0.0	1.0	0.0	0.00.0	0.0	0.0	0.0	0.0	0.0	0.0	0.0	0.0
	5p	-	85	21.0	4.0	9.0	24.0	58.0	0.0	0.0	0.0	0.0	0.0	0.0	0.0	0.0	0.0	0.0	0.0	0.00.0	0.0	0.0	0.0	0.0	0.0	0.0	0.0	0.0
	5p	-	86	12.0	13.0	6.0	16.0	47.0	0.0	0.0	0.0	0.0	0.0	0.0	0.0	0.0	0.0	0.0	0.0	0.00.0	0.0	0.0	0.0	0.0	0.0	0.0	0.0	0.0
	5p	-	87	16.0	5.0	5.0	10.0	36.0	0.0	1.0	0.0	0.0	0.0	0.0	0.0	0.0	0.0	0.0	0.0	1.00.0	0.0	0.0	0.0	0.0	0.0	0.0	0.0	0.0
	5p	-	88	8.0	2.0	4.0	13.0	27.0	0.0	0.0	0.0	0.0	0.0	0.0	0.0	0.0	0.0	0.0	0.0	0.00.0	0.0	0.0	0.0	0.0	0.0	0.0	0.0	0.0
	5p	-	89	8.0	4.0	4.0	7.0	23.0	0.0	0.0	0.0	0.0	0.0	0.0	0.0	0.0	0.0	0.0	0.0	0.00.0	0.0	0.0	0.0	0.0	0.0	0.0	0.0	0.0
	5p	-	90	4.0	4.0	3.0	5.0	16.0	0.0	1.0	0.0	1.0	0.0	0.0	0.0	0.0	0.0	0.0	0.0	0.00.0	0.0	0.0	0.0	0.0	0.0	0.0	0.0	0.0
	5p	-	91	3.0	1.0	1.0	4.0	9.0	0.0	0.0	0.0	0.0	0.0	0.0	0.0	0.0	0.0	0.0	0.0	0.00.0	0.0	0.0	0.0	0.0	0.0	0.0	0.0	0.0
	5p	-	92	0.0	0.0	0.0	0.0	0.0	0.0	0.0	0.0	0.0	0.0	0.0	0.0	0.0	0.0	0.0	0.0	0.00.0	0.0	0.0	0.0	0.0	0.0	0.0	0.0	0.0
	5p	-	93	0.0	0.0	0.0	0.0	0.0	0.0	0.0	0.0	0.0	0.0	0.0	0.0	0.0	0.0	0.0	0.0	0.00.0	0.0	0.0	0.0	0.0	0.0	0.0	0.0	0.0
	5p	-	94	0.0	0.0	0.0	0.0	0.0	0.0	0.0	0.0	0.0	0.0	0.0	0.0	0.0	0.0	0.0	0.0	0.00.0	0.0	0.0	0.0	0.0	0.0	0.0	0.0	0.0
	5p	-	95	0.0	0.0	0.0	0.0	0.0	0.0	0.0	0.0	0.0	0.0	0.0	0.0	0.0	0.0	0.0	0.0	0.00.0	0.0	0.0	0.0	0.0	0.0	0.0	0.0	0.0
	5p	-	96	0.0	0.0	0.0	0.0	0.0	0.0	0.0	0.0	0.0	0.0	0.0	0.0	0.0	0.0	0.0	0.0	0.00.0	0.0	0.0	0.0	0.0	0.0	0.0	0.0	0.0
	5p	-	97	0.0	0.0	0.0	0.0	0.0	0.0	0.0	0.0	0.0	0.0	0.0	0.0	0.0	0.0	0.0	0.0	0.00.0	0.0	0.0	0.0	0.0	0.0	0.0	0.0	0.0
	5p	-	98	0.0	0.0	0.0	0.0	0.0	0.0	0.0	0.0	0.0	0.0	0.0	0.0	0.0	0.0	0.0	0.0	0.00.0	0.0	0.0	0.0	0.0	0.0	0.0	0.0	0.0
	5p	-	99	0.0	0.0	0.0	0.0	0.0	0.0	0.0	0.0	0.0	0.0	0.0	0.0	0.0	0.0	0.0	0.0	0.00.0	0.0	0.0	0.0	0.0	0.0	0.0	0.0	0.0
	5p	-	100	0.0	0.0	0.0	0.0	0.0	0.0	0.0	0.0	0.0	0.0	0.0	0.0	0.0	0.0	0.0	0.0	0.00.0	0.0	0.0	0.0	0.0	0.0	0.0	0.0	0.0
