# table produced by DamageProfiler
# using mapped file RmA051.GrysbokCape_Human_nc.Target.rmdup.noMicro.bam
# Sample ID: RmA051.GrysbokCape_Human_nc.Target.rmdup.noMicro.bam
Pos	C>T	G>A	A>C	A>G	A>T	C>A	C>G	G>C	G>T	T>A	T>C	T>G	->ACGT	ACGT>-
0	0.049528	0.017595	0.012835	0.009335	0.012835	0.007075	0.007075	0.014663	0.008798	0.008149	0.005821	0.004657	0.000000	0.000000
1	0.030137	0.014989	0.004914	0.004914	0.009828	0.010959	0.013699	0.006424	0.008565	0.005938	0.003563	0.008314	0.000000	0.000000
2	0.010846	0.009281	0.008516	0.007299	0.004866	0.008677	0.004338	0.013921	0.009281	0.010390	0.005195	0.005195	0.000000	0.000000
3	0.010989	0.006944	0.006203	0.003722	0.004963	0.008791	0.004396	0.006944	0.006944	0.008895	0.006353	0.002541	0.002823	0.000000
4	0.025404	0.006522	0.009926	0.004963	0.003722	0.013857	0.013857	0.006522	0.004348	0.010724	0.008043	0.005362	0.009816	0.000000
5	0.008772	0.004444	0.005208	0.005208	0.013021	0.008772	0.004386	0.011111	0.008889	0.005263	0.010526	0.006579	0.013147	0.000000
6	0.004739	0.006977	0.010676	0.005931	0.009490	0.011848	0.002370	0.004651	0.009302	0.009284	0.006631	0.007958	0.011433	0.000000
7	0.007229	0.017857	0.005612	0.005612	0.005612	0.009639	0.024096	0.002551	0.002551	0.007895	0.010526	0.006579	0.010578	0.000000
8	0.006834	0.005362	0.011876	0.007126	0.003563	0.004556	0.011390	0.016086	0.005362	0.007538	0.007538	0.003769	0.009796	0.000000
9	0.006522	0.006993	0.007509	0.005006	0.006258	0.002174	0.008696	0.009324	0.009324	0.010512	0.013141	0.005256	0.008983	0.000000
10	0.004454	0.012346	0.003769	0.001256	0.010050	0.008909	0.004454	0.002469	0.017284	0.002528	0.005057	0.005057	0.013109	0.000000
11	0.006424	0.002646	0.003593	0.015569	0.008383	0.004283	0.004283	0.007937	0.007937	0.006605	0.009247	0.010568	0.011490	0.000000
12	0.013043	0.004866	0.004768	0.004768	0.004768	0.006522	0.002174	0.007299	0.009732	0.005464	0.004098	0.008197	0.012285	0.000000
13	0.009132	0.021845	0.007168	0.007168	0.013142	0.004566	0.011416	0.009709	0.002427	0.006605	0.006605	0.002642	0.013093	0.000000
14	0.011547	0.012136	0.004785	0.002392	0.009569	0.006928	0.004619	0.004854	0.009709	0.013141	0.006570	0.006570	0.011057	0.000000
15	0.011287	0.012376	0.003484	0.008130	0.002323	0.006772	0.009029	0.012376	0.002475	0.004011	0.004011	0.002674	0.012215	0.000000
16	0.009195	0.023753	0.007317	0.010976	0.008537	0.009195	0.006897	0.007126	0.002375	0.010444	0.003916	0.005222	0.011876	0.000000
17	0.004016	0.012165	0.006165	0.003699	0.006165	0.006024	0.006024	0.007299	0.007299	0.006831	0.002732	0.006831	0.010604	0.000000
18	0.004577	0.007481	0.008314	0.004751	0.009501	0.000000	0.002288	0.004988	0.004988	0.006570	0.005256	0.002628	0.012290	0.000000
19	0.011338	0.011820	0.006227	0.003736	0.011208	0.004535	0.009070	0.004728	0.009456	0.011734	0.007823	0.003911	0.013558	0.000000
20	0.010616	0.012887	0.006002	0.008403	0.010804	0.012739	0.010616	0.000000	0.005155	0.009309	0.007979	0.002660	0.011047	0.000000
21	0.009547	0.009828	0.009259	0.006944	0.010417	0.007160	0.002387	0.012285	0.004914	0.004021	0.004021	0.004021	0.013136	0.000000
22	0.009926	0.009434	0.003429	0.006857	0.008000	0.009926	0.002481	0.004717	0.014151	0.006676	0.002670	0.001335	0.008976	0.000000
23	0.006742	0.005208	0.007991	0.005708	0.004566	0.013483	0.008989	0.005208	0.002604	0.008097	0.005398	0.005398	0.010221	0.000000
24	0.009281	0.012594	0.002240	0.006719	0.006719	0.004640	0.006961	0.007557	0.015113	0.002663	0.005326	0.006658	0.008495	0.000000
