# table produced by DamageProfiler
# using mapped file RmA040.GrysbokCape_Human_nc.Target.rmdup.noMicro.bam
# Sample ID: RmA040.GrysbokCape_Human_nc.Target.rmdup.noMicro.bam
Pos	C>T	G>A	A>C	A>G	A>T	C>A	C>G	G>C	G>T	T>A	T>C	T>G	->ACGT	ACGT>-
24	0.009589	0.002558	0.001531	0.003828	0.001531	0.010959	0.000000	0.002558	0.003836	0.001580	0.000790	0.003949	0.008815	0.000000
23	0.004043	0.004054	0.003757	0.005259	0.001503	0.000000	0.002695	0.001351	0.004054	0.003197	0.004796	0.002398	0.012549	0.000000
22	0.005548	0.005479	0.003644	0.002915	0.004373	0.004161	0.004161	0.004110	0.005479	0.000000	0.002389	0.000796	0.008826	0.000000
21	0.005472	0.007874	0.000000	0.003843	0.001537	0.006840	0.004104	0.000000	0.003937	0.003885	0.001554	0.002331	0.007841	0.000000
20	0.001325	0.005249	0.004559	0.005319	0.003040	0.006623	0.000000	0.001312	0.001312	0.003203	0.003203	0.005604	0.007349	0.000000
19	0.004027	0.001410	0.002903	0.005080	0.002177	0.010738	0.004027	0.004231	0.007052	0.003197	0.001599	0.004796	0.008327	0.000000
18	0.001361	0.004190	0.002247	0.005993	0.001498	0.004082	0.005442	0.002793	0.002793	0.003849	0.004619	0.000770	0.008078	0.000000
17	0.007895	0.002561	0.003019	0.000755	0.002264	0.006579	0.003947	0.002561	0.003841	0.003257	0.004072	0.006515	0.007084	0.000000
16	0.009763	0.004011	0.005170	0.001477	0.002954	0.002789	0.005579	0.001337	0.006684	0.004713	0.002357	0.002357	0.006109	0.000000
15	0.005626	0.001312	0.001498	0.003745	0.002996	0.005626	0.002813	0.002625	0.003937	0.003900	0.002340	0.003120	0.008557	0.000000
14	0.002670	0.004444	0.003551	0.007102	0.003551	0.004005	0.002670	0.002963	0.001481	0.007905	0.004743	0.003953	0.006102	0.000000
13	0.001309	0.002786	0.003676	0.004412	0.002206	0.002618	0.003927	0.006964	0.004178	0.005587	0.004789	0.004789	0.006349	0.000000
12	0.004027	0.001344	0.004494	0.009738	0.003745	0.000000	0.002685	0.004032	0.004032	0.005578	0.003187	0.002390	0.009561	0.000000
11	0.006766	0.000000	0.005307	0.003791	0.003033	0.010825	0.004060	0.004115	0.004115	0.000782	0.003127	0.001564	0.012051	0.000000
10	0.006964	0.002770	0.000000	0.005930	0.005930	0.002786	0.004178	0.004155	0.008310	0.002322	0.003870	0.003870	0.009556	0.000000
9	0.004231	0.008197	0.002135	0.000712	0.004982	0.004231	0.004231	0.004098	0.006831	0.002427	0.002427	0.000809	0.009799	0.000000
8	0.007496	0.006711	0.001445	0.005058	0.004335	0.004498	0.002999	0.004027	0.001342	0.001553	0.003106	0.002329	0.008325	0.000000
7	0.007184	0.006916	0.000717	0.002867	0.005018	0.001437	0.002874	0.002766	0.006916	0.001569	0.001569	0.000784	0.007581	0.000000
6	0.001328	0.001493	0.004875	0.004875	0.001393	0.000000	0.000000	0.000000	0.010448	0.003257	0.004072	0.005700	0.007096	0.000000
5	0.009642	0.001502	0.001294	0.001942	0.002589	0.005510	0.002755	0.000000	0.000000	0.001708	0.005124	0.003416	0.003651	0.000000
4	0.009009	0.004644	0.000636	0.003181	0.005725	0.003003	0.003003	0.006192	0.006192	0.003231	0.004847	0.003231	0.000485	0.000000
3	0.008816	0.006107	0.004611	0.005929	0.003294	0.003778	0.001259	0.012214	0.004580	0.006944	0.004340	0.004340	0.000971	0.000000
2	0.012262	0.011925	0.001315	0.001972	0.006575	0.017711	0.002725	0.005111	0.008518	0.003137	0.003922	0.004706	0.000000	0.000000
1	0.078031	0.019194	0.007069	0.001928	0.005784	0.006002	0.002401	0.001919	0.007678	0.009159	0.006661	0.001665	0.000243	0.000000
0	0.204586	0.026608	0.004231	0.002644	0.004231	0.017637	0.003527	0.011086	0.017738	0.008319	0.002496	0.002496	0.000000	0.000000
