# table produced by DamageProfiler
# using mapped file PcA023.ReedbuckBh_Human_nc.Target.rmdup.noMicro.bam
# Sample ID: PcA023.ReedbuckBh_Human_nc.Target.rmdup.noMicro.bam
Pos	C>T	G>A	A>C	A>G	A>T	C>A	C>G	G>C	G>T	T>A	T>C	T>G	->ACGT	ACGT>-
0	0.041763	0.027586	0.012766	0.009929	0.004255	0.013921	0.013921	0.013793	0.006897	0.015177	0.011804	0.006745	0.000000	0.000000
1	0.029326	0.016260	0.014859	0.016345	0.010401	0.008798	0.011730	0.002710	0.024390	0.012579	0.007862	0.011006	0.000495	0.000000
2	0.014778	0.013850	0.009132	0.013699	0.007610	0.009852	0.004926	0.002770	0.011080	0.011765	0.015126	0.011765	0.000000	0.000000
3	0.024691	0.023188	0.013554	0.019578	0.010542	0.012346	0.014815	0.002899	0.011594	0.010017	0.013356	0.010017	0.001490	0.000000
4	0.024590	0.014286	0.004608	0.015361	0.007680	0.002732	0.008197	0.002857	0.002857	0.012719	0.015898	0.006359	0.006012	0.000000
5	0.028497	0.011173	0.014516	0.014516	0.009677	0.012953	0.007772	0.002793	0.019553	0.006390	0.012780	0.004792	0.009045	0.000000
6	0.031332	0.018519	0.011094	0.019017	0.007924	0.010444	0.013055	0.013228	0.007937	0.011725	0.015075	0.015075	0.007039	0.000000
7	0.019126	0.011940	0.005961	0.007452	0.001490	0.027322	0.008197	0.005970	0.011940	0.003273	0.008183	0.003273	0.008573	0.000000
8	0.021053	0.032258	0.015129	0.013616	0.006051	0.007895	0.002632	0.000000	0.020528	0.003361	0.008403	0.015126	0.009611	0.000000
9	0.021448	0.014535	0.005997	0.014993	0.010495	0.010724	0.008043	0.005814	0.014535	0.009917	0.009917	0.011570	0.006536	0.000000
10	0.015748	0.019178	0.007692	0.012308	0.004615	0.013123	0.002625	0.005479	0.024658	0.008361	0.008361	0.003344	0.005015	0.000000
11	0.039702	0.014535	0.009077	0.013616	0.006051	0.014888	0.009926	0.002907	0.023256	0.010256	0.015385	0.010256	0.007526	0.000000
12	0.008130	0.018182	0.016845	0.012251	0.003063	0.016260	0.002710	0.006061	0.021212	0.007825	0.010955	0.001565	0.005525	0.000000
13	0.016438	0.016667	0.004658	0.013975	0.003106	0.005479	0.013699	0.019444	0.019444	0.008143	0.008143	0.006515	0.010086	0.000000
14	0.002660	0.019553	0.008734	0.017467	0.011645	0.023936	0.007979	0.011173	0.013966	0.008726	0.001745	0.005236	0.007021	0.000000
15	0.008130	0.010899	0.001490	0.013413	0.007452	0.010840	0.013550	0.010899	0.013624	0.006826	0.018771	0.005119	0.005018	0.000000
16	0.022843	0.032258	0.007716	0.015432	0.006173	0.015228	0.002538	0.008798	0.017595	0.006601	0.009901	0.014851	0.005028	0.000000
17	0.023873	0.038462	0.009724	0.016207	0.008104	0.015915	0.010610	0.005128	0.015385	0.009868	0.013158	0.009868	0.004518	0.000000
18	0.023136	0.028986	0.002976	0.005952	0.007440	0.012853	0.005141	0.017391	0.002899	0.008432	0.023609	0.011804	0.004502	0.000000
19	0.027778	0.010336	0.009509	0.014263	0.004754	0.008333	0.011111	0.012920	0.012920	0.009788	0.017945	0.008157	0.006529	0.000000
20	0.028818	0.023739	0.005997	0.005997	0.014993	0.017291	0.011527	0.008902	0.008902	0.006309	0.011041	0.009464	0.006549	0.000000
21	0.022284	0.032520	0.007519	0.009023	0.009023	0.005571	0.008357	0.008130	0.010840	0.010292	0.013722	0.005146	0.012652	0.000000
22	0.033248	0.032448	0.006033	0.009050	0.007541	0.010230	0.005115	0.014749	0.014749	0.009967	0.016611	0.008306	0.005514	0.000000
23	0.025510	0.029499	0.010769	0.012308	0.004615	0.010204	0.007653	0.014749	0.011799	0.006504	0.011382	0.004878	0.005010	0.000000
24	0.013158	0.032070	0.013616	0.009077	0.007564	0.005263	0.010526	0.008746	0.017493	0.011364	0.014610	0.006494	0.003500	0.000000
