# table produced by DamageProfiler
# using mapped file RmA031.GrysbokCape_Human_nc.Target.rmdup.noMicro.bam
# Sample ID: RmA031.GrysbokCape_Human_nc.Target.rmdup.noMicro.bam
Pos	C>T	G>A	A>C	A>G	A>T	C>A	C>G	G>C	G>T	T>A	T>C	T>G	->ACGT	ACGT>-
0	0.034563	0.008866	0.002923	0.005533	0.005115	0.007337	0.002896	0.002744	0.006122	0.004917	0.002950	0.003169	0.000000	0.000000
1	0.014540	0.003330	0.001649	0.004005	0.003534	0.004301	0.002048	0.001586	0.005709	0.002879	0.002215	0.001882	0.000035	0.000000
2	0.008114	0.002684	0.002379	0.003285	0.002265	0.001660	0.001660	0.001342	0.003522	0.003755	0.001173	0.001291	0.000104	0.000000
3	0.006109	0.002276	0.000996	0.003100	0.001550	0.001851	0.000740	0.001463	0.003576	0.001710	0.002076	0.000733	0.000417	0.000000
4	0.005606	0.002457	0.000802	0.003092	0.001031	0.001627	0.000723	0.000491	0.001966	0.001665	0.002498	0.000476	0.000730	0.000000
5	0.002506	0.003463	0.000712	0.002255	0.000475	0.001611	0.001074	0.000989	0.002803	0.001150	0.001610	0.000575	0.000939	0.000000
6	0.007034	0.001676	0.000549	0.002305	0.000549	0.000555	0.000740	0.000670	0.001844	0.000962	0.001443	0.000241	0.001111	0.000000
7	0.002426	0.001390	0.000324	0.001835	0.000432	0.001306	0.000560	0.000347	0.002259	0.000237	0.001543	0.000831	0.000972	0.000000
8	0.003991	0.001063	0.000545	0.001417	0.000218	0.000907	0.000726	0.000532	0.002658	0.000590	0.002005	0.000590	0.001111	0.000000
9	0.002480	0.001250	0.000329	0.001644	0.000329	0.000886	0.000531	0.000357	0.001964	0.000593	0.001068	0.000475	0.001354	0.000000
10	0.003419	0.001995	0.000325	0.001193	0.000217	0.001260	0.000180	0.000725	0.002720	0.000823	0.001646	0.000706	0.001285	0.000000
11	0.002479	0.001604	0.000330	0.002091	0.000550	0.001416	0.001239	0.000535	0.001783	0.000473	0.001418	0.000118	0.001146	0.000000
12	0.002326	0.001955	0.000878	0.001207	0.000659	0.001432	0.000716	0.000355	0.002132	0.000472	0.001180	0.001180	0.001042	0.000000
13	0.003340	0.001987	0.000332	0.001881	0.000111	0.001055	0.000352	0.000542	0.002529	0.000586	0.000703	0.000469	0.001563	0.000000
14	0.003617	0.001437	0.000876	0.000986	0.000548	0.000543	0.000723	0.000539	0.001437	0.000350	0.001636	0.000818	0.001320	0.000000
15	0.004579	0.001246	0.000550	0.000550	0.000769	0.000881	0.000881	0.000356	0.001959	0.000596	0.001549	0.000358	0.001390	0.000000
16	0.001271	0.001947	0.000660	0.000990	0.000440	0.000545	0.000726	0.000531	0.002124	0.000703	0.001640	0.000469	0.001424	0.000000
17	0.001752	0.001942	0.000335	0.001004	0.000335	0.000350	0.000876	0.000706	0.002119	0.000355	0.001301	0.000236	0.001945	0.000000
18	0.002691	0.001452	0.000324	0.000757	0.000540	0.000538	0.000538	0.001089	0.002541	0.000472	0.001417	0.000709	0.001215	0.000000
19	0.004349	0.001421	0.000652	0.001087	0.000326	0.000000	0.000000	0.000178	0.002487	0.000355	0.000948	0.000592	0.001250	0.000000
20	0.002533	0.002131	0.000547	0.002297	0.000438	0.001628	0.000362	0.000710	0.001953	0.000235	0.001058	0.000823	0.001284	0.000000
21	0.003727	0.002347	0.000551	0.000881	0.000551	0.001065	0.001065	0.000542	0.001264	0.000468	0.001519	0.000351	0.001388	0.000000
22	0.003883	0.002285	0.000662	0.001764	0.000221	0.000530	0.000353	0.000527	0.001582	0.000717	0.001433	0.000239	0.001354	0.000000
23	0.002335	0.001440	0.000108	0.001952	0.000651	0.001257	0.000359	0.000900	0.003061	0.000473	0.001657	0.000237	0.001737	0.000000
24	0.002574	0.001602	0.000550	0.002530	0.000440	0.001839	0.000552	0.001068	0.003737	0.000231	0.001733	0.000231	0.001493	0.000000
