# table produced by DamageProfiler
# using mapped file PaA011.BuffaloCape_Human_nc.Target.rmdup.noMicro_SCR_016.bam
# Sample ID: PaA011.BuffaloCape_Human_nc.Target.rmdup.noMicro_SCR_016.bam
Chr	End	Std	Pos	A	C	G	T	Total
	3p	+	1	8	8	5	3	24
	3p	+	2	4	10	8	2	24
	3p	+	3	8	9	5	2	24
	3p	+	4	5	11	5	3	24
	3p	+	5	7	6	8	3	24
	3p	+	6	5	7	8	4	24
	3p	+	7	3	7	11	3	24
	3p	+	8	7	8	8	1	24
	3p	+	9	7	10	5	2	24
	3p	+	10	4	8	7	5	24
	3p	+	11	5	6	7	6	24
	3p	+	12	5	9	10	0	24
	3p	+	13	5	9	7	3	24
	3p	+	14	2	8	9	5	24
	3p	+	15	6	7	8	3	24
	3p	+	16	4	11	6	3	24
	3p	+	17	5	4	11	4	24
	3p	+	18	4	11	6	3	24
	3p	+	19	9	3	10	2	24
	3p	+	20	6	8	9	1	24
	3p	+	21	7	5	7	5	24
	3p	+	22	2	9	8	5	24
	3p	+	23	7	5	8	4	24
	3p	+	24	3	15	5	1	24
	3p	+	25	5	6	12	1	24
	3p	+	26	6	4	12	2	24
	3p	+	27	6	7	5	6	24
	3p	+	28	1	11	6	6	24
	3p	+	29	6	4	7	7	24
	3p	+	30	3	10	8	3	24
	3p	+	31	2	3	1	2	8
	3p	+	32	1	0	3	0	4
	3p	+	33	2	1	0	0	3
	3p	+	34	0	1	1	0	2
	3p	+	35	0	0	2	0	2
	3p	+	36	0	0	1	0	1
	3p	+	37	0	1	0	0	1
	3p	+	38	0	1	0	0	1
	3p	+	39	0	1	0	0	1
	3p	+	40	0	0	1	0	1
	3p	+	41	0	1	0	0	1
	3p	+	42	0	1	0	0	1
	3p	+	43	0	0	0	1	1
	3p	+	44	1	0	0	0	1
	3p	+	45	0	1	0	0	1
	3p	+	46	1	0	0	0	1
	3p	+	47	0	1	0	0	1
	3p	+	48	0	1	0	0	1
	3p	+	49	0	0	0	0	0
	3p	+	50	0	0	0	0	0
	3p	+	51	0	0	0	0	0
	3p	+	52	0	0	0	0	0
	3p	+	53	0	0	0	0	0
	3p	+	54	0	0	0	0	0
	3p	+	55	0	0	0	0	0
	3p	+	56	0	0	0	0	0
	3p	+	57	0	0	0	0	0
	3p	+	58	0	0	0	0	0
	3p	+	59	0	0	0	0	0
	3p	+	60	0	0	0	0	0
	3p	+	61	0	0	0	0	0
	3p	+	62	0	0	0	0	0
	3p	+	63	0	0	0	0	0
	3p	+	64	0	0	0	0	0
	3p	+	65	0	0	0	0	0
	3p	+	66	0	0	0	0	0
	3p	+	67	0	0	0	0	0
	3p	+	68	0	0	0	0	0
	3p	+	69	0	0	0	0	0
	3p	+	70	0	0	0	0	0
	3p	+	71	0	0	0	0	0
	3p	+	72	0	0	0	0	0
	3p	+	73	0	0	0	0	0
	3p	+	74	0	0	0	0	0
	3p	+	75	0	0	0	0	0
	3p	+	76	0	0	0	0	0
	3p	+	77	0	0	0	0	0
	3p	+	78	0	0	0	0	0
	3p	+	79	0	0	0	0	0
	3p	+	80	0	0	0	0	0
	3p	+	81	0	0	0	0	0
	3p	+	82	0	0	0	0	0
	3p	+	83	0	0	0	0	0
	3p	+	84	0	0	0	0	0
	3p	+	85	0	0	0	0	0
	3p	+	86	0	0	0	0	0
	3p	+	87	0	0	0	0	0
	3p	+	88	0	0	0	0	0
	3p	+	89	0	0	0	0	0
	3p	+	90	0	0	0	0	0
	3p	+	91	0	0	0	0	0
	3p	+	92	0	0	0	0	0
	3p	+	93	0	0	0	0	0
	3p	+	94	0	0	0	0	0
	3p	+	95	0	0	0	0	0
	3p	+	96	0	0	0	0	0
	3p	+	97	0	0	0	0	0
	3p	+	98	0	0	0	0	0
	3p	+	99	0	0	0	0	0
	3p	+	100	0	0	0	0	0
	3p	-	1	4	11	11	5	31
	3p	-	2	3	16	6	6	31
	3p	-	3	2	11	15	3	31
	3p	-	4	7	10	5	9	31
	3p	-	5	9	12	5	5	31
	3p	-	6	5	9	14	3	31
	3p	-	7	9	10	7	5	31
	3p	-	8	8	9	10	4	31
	3p	-	9	4	16	7	4	31
	3p	-	10	8	11	4	8	31
	3p	-	11	5	11	11	4	31
	3p	-	12	10	9	7	5	31
	3p	-	13	9	7	7	8	31
	3p	-	14	6	13	10	2	31
	3p	-	15	9	13	9	0	31
	3p	-	16	10	9	10	2	31
	3p	-	17	4	14	11	2	31
	3p	-	18	8	8	11	4	31
	3p	-	19	7	9	12	3	31
	3p	-	20	5	10	14	2	31
	3p	-	21	7	10	8	6	31
	3p	-	22	7	12	9	3	31
	3p	-	23	8	9	10	4	31
	3p	-	24	8	11	10	2	31
	3p	-	25	10	7	7	7	31
	3p	-	26	5	12	8	6	31
	3p	-	27	3	15	11	2	31
	3p	-	28	9	11	6	5	31
	3p	-	29	4	15	8	4	31
	3p	-	30	8	9	7	7	31
	3p	-	31	2	4	7	1	14
	3p	-	32	4	3	0	2	9
	3p	-	33	2	3	2	0	7
	3p	-	34	2	0	2	0	4
	3p	-	35	0	0	3	0	3
	3p	-	36	1	0	0	1	2
	3p	-	37	0	1	0	0	1
	3p	-	38	1	0	0	0	1
	3p	-	39	0	0	1	0	1
	3p	-	40	1	0	0	0	1
	3p	-	41	0	1	0	0	1
	3p	-	42	1	0	0	0	1
	3p	-	43	0	0	1	0	1
	3p	-	44	1	0	0	0	1
	3p	-	45	0	1	0	0	1
	3p	-	46	1	0	0	0	1
	3p	-	47	0	0	1	0	1
	3p	-	48	1	0	0	0	1
	3p	-	49	0	1	0	0	1
	3p	-	50	1	0	0	0	1
	3p	-	51	0	0	1	0	1
	3p	-	52	1	0	0	0	1
	3p	-	53	0	1	0	0	1
	3p	-	54	1	0	0	0	1
	3p	-	55	0	0	1	0	1
	3p	-	56	1	0	0	0	1
	3p	-	57	0	1	0	0	1
	3p	-	58	1	0	0	0	1
	3p	-	59	0	0	1	0	1
	3p	-	60	1	0	0	0	1
	3p	-	61	0	1	0	0	1
	3p	-	62	1	0	0	0	1
	3p	-	63	0	0	1	0	1
	3p	-	64	1	0	0	0	1
	3p	-	65	0	1	0	0	1
	3p	-	66	1	0	0	0	1
	3p	-	67	0	0	1	0	1
	3p	-	68	1	0	0	0	1
	3p	-	69	0	1	0	0	1
	3p	-	70	1	0	0	0	1
	3p	-	71	0	0	1	0	1
	3p	-	72	1	0	0	0	1
	3p	-	73	0	1	0	0	1
	3p	-	74	0	0	0	0	0
	3p	-	75	0	0	0	0	0
	3p	-	76	0	0	0	0	0
	3p	-	77	0	0	0	0	0
	3p	-	78	0	0	0	0	0
	3p	-	79	0	0	0	0	0
	3p	-	80	0	0	0	0	0
	3p	-	81	0	0	0	0	0
	3p	-	82	0	0	0	0	0
	3p	-	83	0	0	0	0	0
	3p	-	84	0	0	0	0	0
	3p	-	85	0	0	0	0	0
	3p	-	86	0	0	0	0	0
	3p	-	87	0	0	0	0	0
	3p	-	88	0	0	0	0	0
	3p	-	89	0	0	0	0	0
	3p	-	90	0	0	0	0	0
	3p	-	91	0	0	0	0	0
	3p	-	92	0	0	0	0	0
	3p	-	93	0	0	0	0	0
	3p	-	94	0	0	0	0	0
	3p	-	95	0	0	0	0	0
	3p	-	96	0	0	0	0	0
	3p	-	97	0	0	0	0	0
	3p	-	98	0	0	0	0	0
	3p	-	99	0	0	0	0	0
	3p	-	100	0	0	0	0	0
	5p	+	1	5	9	9	1	24
	5p	+	2	6	7	5	6	24
	5p	+	3	2	9	5	8	24
	5p	+	4	2	10	6	6	24
	5p	+	5	7	4	10	3	24
	5p	+	6	3	6	12	3	24
	5p	+	7	4	12	8	0	24
	5p	+	8	6	6	10	2	24
	5p	+	9	5	8	7	4	24
	5p	+	10	6	6	7	5	24
	5p	+	11	5	9	9	1	24
	5p	+	12	5	4	10	5	24
	5p	+	13	4	10	6	4	24
	5p	+	14	5	6	10	3	24
	5p	+	15	5	7	9	3	24
	5p	+	16	6	7	9	2	24
	5p	+	17	2	7	10	5	24
	5p	+	18	3	10	8	3	24
	5p	+	19	7	8	8	1	24
	5p	+	20	5	8	7	4	24
	5p	+	21	2	8	8	6	24
	5p	+	22	8	9	4	3	24
	5p	+	23	6	9	7	2	24
	5p	+	24	4	8	11	1	24
	5p	+	25	5	7	8	4	24
	5p	+	26	8	4	7	5	24
	5p	+	27	3	12	7	2	24
	5p	+	28	8	7	7	2	24
	5p	+	29	6	12	5	1	24
	5p	+	30	7	8	6	3	24
	5p	+	31	2	3	3	0	8
	5p	+	32	2	0	0	2	4
	5p	+	33	0	2	0	1	3
	5p	+	34	1	0	1	0	2
	5p	+	35	0	1	1	0	2
	5p	+	36	1	0	0	0	1
	5p	+	37	0	1	0	0	1
	5p	+	38	1	0	0	0	1
	5p	+	39	0	1	0	0	1
	5p	+	40	1	0	0	0	1
	5p	+	41	0	1	0	0	1
	5p	+	42	1	0	0	0	1
	5p	+	43	0	1	0	0	1
	5p	+	44	1	0	0	0	1
	5p	+	45	0	1	0	0	1
	5p	+	46	1	0	0	0	1
	5p	+	47	0	1	0	0	1
	5p	+	48	1	0	0	0	1
	5p	+	49	0	0	0	0	0
	5p	+	50	0	0	0	0	0
	5p	+	51	0	0	0	0	0
	5p	+	52	0	0	0	0	0
	5p	+	53	0	0	0	0	0
	5p	+	54	0	0	0	0	0
	5p	+	55	0	0	0	0	0
	5p	+	56	0	0	0	0	0
	5p	+	57	0	0	0	0	0
	5p	+	58	0	0	0	0	0
	5p	+	59	0	0	0	0	0
	5p	+	60	0	0	0	0	0
	5p	+	61	0	0	0	0	0
	5p	+	62	0	0	0	0	0
	5p	+	63	0	0	0	0	0
	5p	+	64	0	0	0	0	0
	5p	+	65	0	0	0	0	0
	5p	+	66	0	0	0	0	0
	5p	+	67	0	0	0	0	0
	5p	+	68	0	0	0	0	0
	5p	+	69	0	0	0	0	0
	5p	+	70	0	0	0	0	0
	5p	+	71	0	0	0	0	0
	5p	+	72	0	0	0	0	0
	5p	+	73	0	0	0	0	0
	5p	+	74	0	0	0	0	0
	5p	+	75	0	0	0	0	0
	5p	+	76	0	0	0	0	0
	5p	+	77	0	0	0	0	0
	5p	+	78	0	0	0	0	0
	5p	+	79	0	0	0	0	0
	5p	+	80	0	0	0	0	0
	5p	+	81	0	0	0	0	0
	5p	+	82	0	0	0	0	0
	5p	+	83	0	0	0	0	0
	5p	+	84	0	0	0	0	0
	5p	+	85	0	0	0	0	0
	5p	+	86	0	0	0	0	0
	5p	+	87	0	0	0	0	0
	5p	+	88	0	0	0	0	0
	5p	+	89	0	0	0	0	0
	5p	+	90	0	0	0	0	0
	5p	+	91	0	0	0	0	0
	5p	+	92	0	0	0	0	0
	5p	+	93	0	0	0	0	0
	5p	+	94	0	0	0	0	0
	5p	+	95	0	0	0	0	0
	5p	+	96	0	0	0	0	0
	5p	+	97	0	0	0	0	0
	5p	+	98	0	0	0	0	0
	5p	+	99	0	0	0	0	0
	5p	+	100	0	0	0	0	0
	5p	-	1	6	13	8	4	31
	5p	-	2	8	10	8	5	31
	5p	-	3	6	14	5	6	31
	5p	-	4	5	14	9	3	31
	5p	-	5	8	11	7	5	31
	5p	-	6	9	9	7	6	31
	5p	-	7	6	11	13	1	31
	5p	-	8	9	8	9	5	31
	5p	-	9	5	13	8	5	31
	5p	-	10	8	9	9	5	31
	5p	-	11	5	7	15	4	31
	5p	-	12	7	10	10	4	31
	5p	-	13	6	12	12	1	31
	5p	-	14	5	14	10	2	31
	5p	-	15	9	10	10	2	31
	5p	-	16	11	7	12	1	31
	5p	-	17	6	13	10	2	31
	5p	-	18	5	9	7	10	31
	5p	-	19	7	10	9	5	31
	5p	-	20	8	13	6	4	31
	5p	-	21	8	9	9	5	31
	5p	-	22	7	14	6	4	31
	5p	-	23	10	9	8	4	31
	5p	-	24	11	10	6	4	31
	5p	-	25	4	12	11	4	31
	5p	-	26	6	8	11	6	31
	5p	-	27	4	14	3	10	31
	5p	-	28	5	9	14	3	31
	5p	-	29	3	15	8	5	31
	5p	-	30	4	9	14	4	31
	5p	-	31	5	4	4	1	14
	5p	-	32	2	2	2	3	9
	5p	-	33	1	5	1	0	7
	5p	-	34	2	2	0	0	4
	5p	-	35	0	0	3	0	3
	5p	-	36	1	0	0	1	2
	5p	-	37	0	1	0	0	1
	5p	-	38	1	0	0	0	1
	5p	-	39	0	0	1	0	1
	5p	-	40	1	0	0	0	1
	5p	-	41	0	1	0	0	1
	5p	-	42	1	0	0	0	1
	5p	-	43	0	0	1	0	1
	5p	-	44	1	0	0	0	1
	5p	-	45	0	1	0	0	1
	5p	-	46	1	0	0	0	1
	5p	-	47	0	0	1	0	1
	5p	-	48	1	0	0	0	1
	5p	-	49	0	1	0	0	1
	5p	-	50	1	0	0	0	1
	5p	-	51	0	0	1	0	1
	5p	-	52	1	0	0	0	1
	5p	-	53	0	1	0	0	1
	5p	-	54	1	0	0	0	1
	5p	-	55	0	0	1	0	1
	5p	-	56	1	0	0	0	1
	5p	-	57	0	1	0	0	1
	5p	-	58	1	0	0	0	1
	5p	-	59	0	0	1	0	1
	5p	-	60	1	0	0	0	1
	5p	-	61	0	1	0	0	1
	5p	-	62	1	0	0	0	1
	5p	-	63	0	0	1	0	1
	5p	-	64	1	0	0	0	1
	5p	-	65	0	1	0	0	1
	5p	-	66	1	0	0	0	1
	5p	-	67	0	0	1	0	1
	5p	-	68	1	0	0	0	1
	5p	-	69	0	1	0	0	1
	5p	-	70	1	0	0	0	1
	5p	-	71	0	0	1	0	1
	5p	-	72	1	0	0	0	1
	5p	-	73	0	1	0	0	1
	5p	-	74	0	0	0	0	0
	5p	-	75	0	0	0	0	0
	5p	-	76	0	0	0	0	0
	5p	-	77	0	0	0	0	0
	5p	-	78	0	0	0	0	0
	5p	-	79	0	0	0	0	0
	5p	-	80	0	0	0	0	0
	5p	-	81	0	0	0	0	0
	5p	-	82	0	0	0	0	0
	5p	-	83	0	0	0	0	0
	5p	-	84	0	0	0	0	0
	5p	-	85	0	0	0	0	0
	5p	-	86	0	0	0	0	0
	5p	-	87	0	0	0	0	0
	5p	-	88	0	0	0	0	0
	5p	-	89	0	0	0	0	0
	5p	-	90	0	0	0	0	0
	5p	-	91	0	0	0	0	0
	5p	-	92	0	0	0	0	0
	5p	-	93	0	0	0	0	0
	5p	-	94	0	0	0	0	0
	5p	-	95	0	0	0	0	0
	5p	-	96	0	0	0	0	0
	5p	-	97	0	0	0	0	0
	5p	-	98	0	0	0	0	0
	5p	-	99	0	0	0	0	0
	5p	-	100	0	0	0	0	0
