# table produced by DamageProfiler
# using mapped file PaA021.BuffaloCape_Human_nc.Target.rmdup.noMicro.bam
# Sample ID: PaA021.BuffaloCape_Human_nc.Target.rmdup.noMicro.bam
Pos	C>T	G>A	A>C	A>G	A>T	C>A	C>G	G>C	G>T	T>A	T>C	T>G	->ACGT	ACGT>-
24	0.006612	0.009416	0.000000	0.003774	0.001509	0.003306	0.000000	0.001883	0.005650	0.003831	0.001916	0.000958	0.001427	0.000000
23	0.006339	0.012939	0.000766	0.003063	0.000766	0.006339	0.000000	0.001848	0.003697	0.004869	0.004869	0.000000	0.001427	0.000000
22	0.006826	0.005629	0.000741	0.002963	0.001481	0.001706	0.001706	0.003752	0.005629	0.002907	0.003876	0.003876	0.002571	0.000000
21	0.009804	0.006768	0.003094	0.001547	0.003867	0.003268	0.000000	0.001692	0.006768	0.002970	0.000990	0.002970	0.001711	0.000000
20	0.013445	0.007092	0.000000	0.001560	0.003120	0.001681	0.003361	0.001773	0.008865	0.002830	0.003774	0.000000	0.002285	0.000000
19	0.012259	0.006814	0.003103	0.000776	0.003103	0.003503	0.001751	0.001704	0.005111	0.002825	0.005650	0.000942	0.000855	0.000000
18	0.008803	0.012800	0.002302	0.004605	0.003837	0.007042	0.003521	0.001600	0.011200	0.002973	0.003964	0.000000	0.001712	0.000000
17	0.005017	0.008576	0.001504	0.002256	0.000752	0.003344	0.003344	0.000000	0.003431	0.002016	0.003024	0.001008	0.001998	0.000000
16	0.013115	0.006826	0.003123	0.004684	0.001561	0.001639	0.000000	0.003413	0.008532	0.002935	0.003914	0.000978	0.002572	0.000000
15	0.011364	0.011516	0.002990	0.003737	0.001495	0.003247	0.000000	0.000000	0.007678	0.003887	0.005831	0.002915	0.001998	0.000000
14	0.008432	0.007394	0.001497	0.006737	0.002994	0.006745	0.001686	0.001848	0.001848	0.002913	0.001942	0.000971	0.003143	0.000000
13	0.006656	0.017408	0.000000	0.002128	0.002837	0.006656	0.008319	0.003868	0.009671	0.005128	0.003077	0.002051	0.001713	0.000000
12	0.006329	0.009747	0.003814	0.003051	0.001526	0.006329	0.004747	0.005848	0.005848	0.004766	0.002860	0.002860	0.001427	0.000000
11	0.011925	0.002045	0.003541	0.002833	0.002833	0.006814	0.000000	0.002045	0.004090	0.003933	0.006883	0.001967	0.001997	0.000000
10	0.009901	0.001890	0.002941	0.005147	0.000000	0.001650	0.000000	0.003781	0.001890	0.000991	0.005946	0.000991	0.001712	0.000000
9	0.006700	0.005660	0.001491	0.002983	0.002237	0.003350	0.003350	0.001887	0.011321	0.002896	0.001931	0.003861	0.001142	0.000000
8	0.011905	0.007207	0.001495	0.005232	0.002242	0.006803	0.005102	0.000000	0.007207	0.001953	0.002930	0.000977	0.000856	0.000000
7	0.007168	0.011132	0.001438	0.002157	0.003595	0.001792	0.000000	0.000000	0.007421	0.005935	0.003956	0.001978	0.002572	0.000000
6	0.008850	0.007220	0.000715	0.002859	0.002144	0.008850	0.001770	0.001805	0.014440	0.002026	0.006079	0.000000	0.001997	0.000000
5	0.013817	0.014363	0.002801	0.001401	0.002801	0.005181	0.001727	0.007181	0.010772	0.001056	0.002112	0.001056	0.000285	0.000000
4	0.010000	0.004175	0.002803	0.006307	0.001402	0.006667	0.000000	0.002088	0.006263	0.002982	0.004970	0.000994	0.000000	0.000000
3	0.016129	0.013462	0.004110	0.000685	0.002740	0.008065	0.000000	0.005769	0.009615	0.001096	0.003289	0.000000	0.000000	0.000000
2	0.028912	0.014768	0.000702	0.004912	0.004912	0.008503	0.003401	0.004219	0.006329	0.003906	0.003906	0.000977	0.000285	0.000000
1	0.195620	0.013986	0.003516	0.002110	0.006329	0.001460	0.000000	0.002331	0.006993	0.007172	0.003074	0.003074	0.000000	0.000000
0	0.431734	0.024845	0.002208	0.002943	0.001472	0.018450	0.001845	0.000000	0.018634	0.004655	0.003103	0.003103	0.000000	0.000000
