# table produced by DamageProfiler
# using mapped file PaA021.BuffaloCape_Human_nc.Target.rmdup.noMicro.bam
# Sample ID: PaA021.BuffaloCape_Human_nc.Target.rmdup.noMicro.bam
Pos	C>T	G>A	A>C	A>G	A>T	C>A	C>G	G>C	G>T	T>A	T>C	T>G	->ACGT	ACGT>-
0	0.250384	0.015060	0.000743	0.003715	0.005201	0.012289	0.004608	0.012048	0.006024	0.006762	0.006762	0.001691	0.000000	0.000000
1	0.028681	0.011788	0.002285	0.006093	0.003808	0.009560	0.001912	0.005894	0.009823	0.004284	0.003428	0.000857	0.000000	0.000000
2	0.011706	0.011278	0.002254	0.005259	0.001503	0.006689	0.000000	0.001880	0.013158	0.003810	0.005714	0.002857	0.000285	0.000000
3	0.016207	0.003436	0.003885	0.008547	0.002331	0.008104	0.003241	0.001718	0.006873	0.004878	0.005854	0.001951	0.000285	0.000000
4	0.006240	0.003854	0.000000	0.001542	0.003084	0.000000	0.001560	0.001927	0.005780	0.002849	0.002849	0.000950	0.000570	0.000000
5	0.007911	0.008977	0.001585	0.007132	0.002377	0.003165	0.003165	0.001795	0.005386	0.003788	0.004735	0.003788	0.000855	0.000000
6	0.013746	0.013675	0.000747	0.002990	0.001495	0.003436	0.003436	0.000000	0.008547	0.002010	0.004020	0.002010	0.001714	0.000000
7	0.003170	0.011009	0.000000	0.002981	0.000745	0.003170	0.000000	0.001835	0.005505	0.003049	0.005081	0.002033	0.000571	0.000000
8	0.003373	0.003937	0.000000	0.005040	0.001440	0.005059	0.001686	0.000000	0.003937	0.001974	0.000987	0.001974	0.001142	0.000000
9	0.011905	0.017013	0.001450	0.004351	0.002901	0.000000	0.000000	0.003781	0.005671	0.003964	0.004955	0.000000	0.000571	0.000000
10	0.008460	0.005137	0.001549	0.000775	0.003873	0.005076	0.000000	0.001712	0.005137	0.001921	0.004803	0.000961	0.000855	0.000000
11	0.022071	0.006803	0.000000	0.000000	0.003876	0.006791	0.000000	0.001701	0.005102	0.001925	0.000962	0.000000	0.000856	0.000000
12	0.003425	0.007207	0.000763	0.002290	0.000763	0.003425	0.000000	0.005405	0.001802	0.002833	0.005666	0.000000	0.000570	0.000000
13	0.007949	0.005085	0.002353	0.001569	0.000000	0.003180	0.000000	0.001695	0.010169	0.000989	0.003956	0.001978	0.000571	0.000000
14	0.008000	0.007692	0.003743	0.005240	0.003743	0.001600	0.003200	0.001923	0.009615	0.002941	0.005882	0.002941	0.001143	0.000000
15	0.000000	0.010949	0.002992	0.002992	0.000748	0.000000	0.000000	0.000000	0.016423	0.001988	0.005964	0.000994	0.001141	0.000000
16	0.009917	0.003584	0.000787	0.006294	0.005507	0.003306	0.006612	0.000000	0.008961	0.002806	0.002806	0.001871	0.001998	0.000000
17	0.006504	0.008666	0.002396	0.002396	0.003195	0.003252	0.008130	0.001733	0.005199	0.002838	0.001892	0.000000	0.001999	0.000000
18	0.006452	0.014311	0.002360	0.003147	0.000787	0.000000	0.001613	0.003578	0.001789	0.001903	0.003806	0.002854	0.001714	0.000000
19	0.009983	0.011215	0.002985	0.002239	0.000000	0.001664	0.000000	0.001869	0.003738	0.000973	0.003891	0.000973	0.001712	0.000000
20	0.011457	0.014414	0.000766	0.003831	0.000766	0.004910	0.001637	0.007207	0.009009	0.003854	0.005780	0.002890	0.000570	0.000000
21	0.007911	0.005566	0.001558	0.002336	0.003894	0.003165	0.000000	0.000000	0.001855	0.002871	0.005742	0.000000	0.001429	0.000000
22	0.008375	0.001852	0.002171	0.002894	0.001447	0.000000	0.001675	0.001852	0.005556	0.003064	0.002043	0.004086	0.002287	0.000000
23	0.004942	0.005505	0.002941	0.005882	0.001471	0.001647	0.001647	0.001835	0.011009	0.001007	0.002014	0.002014	0.001427	0.000000
24	0.010563	0.003656	0.001504	0.003759	0.002256	0.007042	0.003521	0.000000	0.001828	0.002828	0.007540	0.000943	0.001141	0.000000
