# table produced by DamageProfiler
# using mapped file PaA019.BuffaloCape_Human_nc.Target.rmdup.noMicro.bam
# Sample ID: PaA019.BuffaloCape_Human_nc.Target.rmdup.noMicro.bam
Pos	C>T	G>A	A>C	A>G	A>T	C>A	C>G	G>C	G>T	T>A	T>C	T>G	->ACGT	ACGT>-
24	0.008696	0.009009	0.000000	0.005775	0.001925	0.003478	0.005217	0.003604	0.007207	0.004237	0.006356	0.004237	0.004819	0.000000
23	0.005137	0.006633	0.001974	0.003949	0.002962	0.010274	0.010274	0.000000	0.003317	0.002167	0.005417	0.003250	0.002562	0.000000
22	0.008446	0.007533	0.003770	0.001885	0.003770	0.001689	0.003378	0.007533	0.003766	0.002123	0.006369	0.004246	0.002239	0.000000
21	0.009836	0.006814	0.003865	0.004831	0.000966	0.006557	0.008197	0.003407	0.003407	0.003367	0.005612	0.001122	0.002882	0.000000
20	0.012456	0.012069	0.002944	0.005888	0.001963	0.008897	0.003559	0.001724	0.006897	0.001045	0.003135	0.002090	0.002886	0.000000
19	0.008757	0.009615	0.003030	0.006061	0.003030	0.007005	0.005254	0.003205	0.006410	0.003240	0.003240	0.003240	0.005143	0.000000
18	0.009836	0.005367	0.004717	0.005660	0.000000	0.011475	0.009836	0.001789	0.003578	0.003378	0.005631	0.000000	0.004171	0.000000
17	0.005474	0.005435	0.002976	0.001984	0.001984	0.005474	0.010949	0.009058	0.007246	0.002970	0.003960	0.001980	0.003849	0.000000
16	0.008881	0.015025	0.005894	0.006876	0.005894	0.001776	0.003552	0.000000	0.008347	0.004287	0.001072	0.003215	0.003855	0.000000
15	0.001786	0.008224	0.002953	0.003937	0.002953	0.001786	0.000000	0.003289	0.004934	0.002137	0.006410	0.000000	0.002885	0.000000
14	0.013514	0.018676	0.001951	0.002927	0.002927	0.008446	0.003378	0.001698	0.003396	0.002188	0.006565	0.002188	0.003205	0.000000
13	0.008091	0.005348	0.001006	0.005030	0.002012	0.004854	0.003236	0.008913	0.005348	0.003158	0.010526	0.004211	0.002882	0.000000
12	0.011609	0.012433	0.009165	0.002037	0.001018	0.001658	0.003317	0.001776	0.007105	0.002049	0.006148	0.004098	0.001921	0.000000
11	0.007067	0.010802	0.002033	0.006098	0.002033	0.005300	0.008834	0.006173	0.001543	0.004334	0.002167	0.001083	0.002884	0.000000
10	0.005758	0.001639	0.001894	0.006629	0.002841	0.009597	0.011516	0.004918	0.001639	0.001076	0.006459	0.002153	0.004172	0.000000
9	0.008576	0.008489	0.000964	0.004822	0.000000	0.001715	0.005146	0.005093	0.008489	0.003289	0.003289	0.002193	0.002563	0.000000
8	0.012590	0.008210	0.006790	0.000970	0.000970	0.005396	0.003597	0.004926	0.000000	0.001080	0.002160	0.003240	0.003203	0.000000
7	0.008403	0.007207	0.002930	0.006836	0.002930	0.005042	0.006723	0.005405	0.005405	0.003168	0.003168	0.004224	0.003204	0.000000
6	0.003257	0.009208	0.000985	0.002956	0.000985	0.003257	0.004886	0.003683	0.003683	0.003171	0.003171	0.003171	0.003528	0.000000
5	0.007477	0.012281	0.005324	0.005324	0.003549	0.003738	0.014953	0.005263	0.008772	0.002240	0.005599	0.000000	0.002240	0.000000
4	0.003466	0.012821	0.000917	0.004587	0.002752	0.005199	0.008666	0.003663	0.007326	0.000000	0.004353	0.003264	0.000319	0.000000
3	0.018182	0.017928	0.002778	0.008333	0.002778	0.006612	0.008264	0.005976	0.005976	0.004237	0.005297	0.003178	0.000319	0.000000
2	0.017422	0.017647	0.002632	0.003509	0.005263	0.005226	0.005226	0.000000	0.003922	0.003308	0.003308	0.006615	0.000639	0.000000
1	0.124807	0.008715	0.003442	0.004303	0.001721	0.009245	0.003082	0.008715	0.010893	0.003476	0.011587	0.004635	0.000000	0.000000
0	0.345776	0.028090	0.000887	0.004433	0.005319	0.011788	0.001965	0.002809	0.022472	0.006140	0.003509	0.001754	0.000000	0.000000
