# table produced by DamageProfiler
# using mapped file PaA019.BuffaloCape_Human_nc.Target.rmdup.noMicro.bam
# Sample ID: PaA019.BuffaloCape_Human_nc.Target.rmdup.noMicro.bam
Chr	End	Std	Pos	A	C	G	T	Total	G>A	C>T	A>G	T>C	A>C	A>T	C>G	C>A	T>G	T>A	G>C	G>T	A>-	T>-	C>-	G>-	->A	->T	->C	->G	S
	3p	+	1	576.0	259.0	159.0	578.0	1572.0	5.0	89.0	1.0	2.0	0.0	3.0	0.0	4.0	1.0	3.0	0.0	2.0	0.0	0.0	0.0	0.0	0.0	0.0	0.0	0.0	0.0
	3p	+	2	587.0	318.0	241.0	426.0	1572.0	0.0	37.0	1.0	5.0	1.0	1.0	2.0	1.0	1.0	2.0	2.0	3.0	0.0	0.0	0.0	0.0	0.0	0.0	0.0	0.0	0.0
	3p	+	3	571.0	283.0	259.0	458.0	1571.0	7.0	5.0	2.0	2.0	2.0	2.0	1.0	2.0	4.0	2.0	0.0	1.0	0.0	0.0	0.0	0.0	0.0	0.0	0.0	1.0	0.0
	3p	+	4	519.0	287.0	274.0	492.0	1572.0	3.0	4.0	2.0	2.0	3.0	2.0	4.0	1.0	1.0	1.0	1.0	1.0	0.0	0.0	0.0	0.0	0.0	0.0	0.0	0.0	0.0
	3p	+	5	554.0	274.0	265.0	479.0	1572.0	4.0	0.0	3.0	3.0	0.0	3.0	3.0	2.0	2.0	0.0	1.0	2.0	0.0	0.0	0.0	0.0	0.0	0.0	0.0	0.0	0.0
	3p	+	6	542.0	276.0	288.0	462.0	1568.0	2.0	2.0	2.0	3.0	4.0	3.0	1.0	1.0	0.0	1.0	1.0	4.0	0.0	0.0	0.0	0.0	1.0	0.0	0.0	2.0	0.0
	3p	+	7	482.0	307.0	266.0	512.0	1567.0	1.0	1.0	2.0	2.0	1.0	1.0	1.0	1.0	3.0	1.0	2.0	0.0	0.0	0.0	0.0	0.0	0.0	0.0	2.0	1.0	0.0
	3p	+	8	506.0	293.0	303.0	463.0	1565.0	2.0	3.0	5.0	1.0	1.0	0.0	1.0	2.0	1.0	1.0	2.0	2.0	0.0	0.0	0.0	0.0	1.0	0.0	2.0	3.0	0.0
	3p	+	9	502.0	290.0	298.0	477.0	1567.0	3.0	4.0	0.0	0.0	4.0	1.0	1.0	2.0	1.0	0.0	1.0	0.0	0.0	0.0	0.0	0.0	1.0	0.0	0.0	4.0	0.0
	3p	+	10	509.0	285.0	303.0	470.0	1567.0	3.0	1.0	2.0	1.0	1.0	0.0	1.0	0.0	2.0	3.0	1.0	2.0	0.0	0.0	0.0	0.0	3.0	0.0	0.0	1.0	0.0
	3p	+	11	509.0	267.0	305.0	484.0	1565.0	1.0	1.0	3.0	3.0	1.0	2.0	3.0	1.0	1.0	1.0	1.0	1.0	0.0	0.0	0.0	0.0	2.0	0.0	2.0	1.0	0.0
	3p	+	12	482.0	282.0	326.0	477.0	1567.0	2.0	2.0	2.0	1.0	1.0	0.0	3.0	1.0	1.0	2.0	4.0	0.0	0.0	0.0	0.0	0.0	1.0	0.0	2.0	1.0	0.0
	3p	+	13	479.0	307.0	281.0	500.0	1567.0	5.0	3.0	1.0	2.0	2.0	1.0	1.0	0.0	2.0	1.0	0.0	3.0	0.0	0.0	0.0	0.0	1.0	0.0	0.0	2.0	0.0
	3p	+	14	481.0	281.0	292.0	515.0	1569.0	1.0	2.0	1.0	7.0	0.0	1.0	0.0	2.0	2.0	1.0	2.0	3.0	0.0	0.0	0.0	0.0	0.0	0.0	2.0	1.0	0.0
	3p	+	15	516.0	311.0	292.0	445.0	1564.0	9.0	2.0	2.0	1.0	1.0	1.0	0.0	2.0	1.0	1.0	1.0	1.0	0.0	0.0	0.0	0.0	2.0	0.0	4.0	0.0	0.0
	3p	+	16	500.0	276.0	318.0	471.0	1565.0	3.0	1.0	2.0	3.0	3.0	1.0	0.0	1.0	0.0	0.0	1.0	3.0	0.0	0.0	0.0	0.0	3.0	0.0	1.0	1.0	0.0
	3p	+	17	507.0	293.0	304.0	457.0	1561.0	5.0	4.0	6.0	0.0	3.0	3.0	0.0	1.0	1.0	2.0	0.0	4.0	0.0	0.0	0.0	0.0	3.0	0.0	1.0	3.0	0.0
	3p	+	18	487.0	281.0	291.0	511.0	1570.0	3.0	2.0	1.0	1.0	2.0	1.0	5.0	2.0	1.0	1.0	2.0	1.0	0.0	0.0	0.0	0.0	0.0	0.0	1.0	1.0	0.0
	3p	+	19	524.0	325.0	282.0	436.0	1567.0	2.0	3.0	2.0	2.0	3.0	0.0	2.0	3.0	0.0	1.0	1.0	1.0	0.0	0.0	0.0	0.0	2.0	0.0	0.0	1.0	0.0
	3p	+	20	479.0	287.0	326.0	471.0	1563.0	1.0	2.0	1.0	1.0	3.0	1.0	2.0	3.0	2.0	0.0	2.0	2.0	0.0	0.0	0.0	0.0	3.0	0.0	2.0	1.0	0.0
	3p	+	21	509.0	254.0	308.0	494.0	1565.0	5.0	4.0	3.0	2.0	1.0	1.0	1.0	3.0	2.0	0.0	1.0	2.0	0.0	0.0	0.0	0.0	2.0	0.0	0.0	2.0	0.0
	3p	+	22	496.0	336.0	272.0	459.0	1563.0	1.0	4.0	4.0	2.0	4.0	1.0	4.0	1.0	1.0	1.0	1.0	1.0	0.0	0.0	0.0	0.0	2.0	0.0	4.0	3.0	0.0
	3p	+	23	509.0	292.0	283.0	483.0	1567.0	3.0	3.0	1.0	2.0	3.0	0.0	1.0	1.0	4.0	2.0	2.0	0.0	0.0	0.0	0.0	0.0	2.0	0.0	1.0	2.0	0.0
	3p	+	24	494.0	300.0	297.0	477.0	1568.0	3.0	1.0	2.0	4.0	1.0	2.0	3.0	5.0	1.0	0.0	0.0	2.0	0.0	0.0	0.0	0.0	1.0	0.0	3.0	0.0	0.0
	3p	+	25	513.0	280.0	275.0	494.0	1562.0	4.0	3.0	2.0	1.0	0.0	2.0	2.0	2.0	2.0	4.0	1.0	3.0	0.0	0.0	0.0	0.0	1.0	0.0	4.0	2.0	0.0
	3p	+	26	523.0	291.0	287.0	464.0	1565.0	3.0	5.0	4.0	1.0	0.0	0.0	2.0	1.0	0.0	0.0	1.0	1.0	0.0	0.0	0.0	0.0	1.0	0.0	1.0	4.0	0.0
	3p	+	27	503.0	304.0	296.0	464.0	1567.0	5.0	3.0	3.0	1.0	1.0	2.0	1.0	2.0	1.0	1.0	1.0	1.0	0.0	0.0	0.0	0.0	2.0	0.0	0.0	0.0	0.0
	3p	+	28	506.0	279.0	284.0	500.0	1569.0	4.0	3.0	2.0	4.0	2.0	3.0	5.0	3.0	3.0	2.0	1.0	1.0	0.0	0.0	0.0	0.0	0.0	0.0	0.0	0.0	0.0
	3p	+	29	507.0	266.0	313.0	484.0	1570.0	1.0	2.0	3.0	5.0	1.0	1.0	0.0	0.0	1.0	2.0	0.0	3.0	0.0	0.0	0.0	0.0	1.0	0.0	0.0	0.0	0.0
	3p	+	30	501.0	287.0	278.0	503.0	1569.0	2.0	7.0	9.0	3.0	0.0	1.0	0.0	0.0	2.0	2.0	1.0	1.0	0.0	0.0	0.0	0.0	1.0	0.0	0.0	1.0	0.0
	3p	+	31	434.0	261.0	284.0	420.0	1399.0	3.0	3.0	2.0	0.0	0.0	1.0	0.0	2.0	1.0	1.0	0.0	0.0	0.0	0.0	0.0	0.0	1.0	0.0	0.0	0.0	0.0
	3p	+	32	436.0	211.0	229.0	401.0	1277.0	3.0	3.0	1.0	2.0	0.0	1.0	1.0	0.0	1.0	1.0	0.0	2.0	0.0	0.0	0.0	0.0	0.0	0.0	0.0	0.0	0.0
	3p	+	33	367.0	204.0	234.0	372.0	1177.0	2.0	5.0	0.0	1.0	0.0	2.0	1.0	0.0	2.0	1.0	2.0	0.0	0.0	0.0	0.0	0.0	0.0	0.0	0.0	0.0	0.0
	3p	+	34	351.0	173.0	212.0	360.0	1096.0	1.0	3.0	0.0	1.0	0.0	0.0	0.0	0.0	0.0	0.0	0.0	1.0	0.0	0.0	0.0	0.0	0.0	0.0	0.0	0.0	0.0
	3p	+	35	354.0	166.0	148.0	351.0	1019.0	1.0	3.0	3.0	0.0	0.0	1.0	0.0	2.0	1.0	3.0	1.0	1.0	0.0	0.0	0.0	0.0	0.0	0.0	0.0	0.0	0.0
	3p	+	36	271.0	187.0	158.0	325.0	941.0	1.0	4.0	1.0	1.0	0.0	0.0	0.0	0.0	1.0	1.0	0.0	1.0	0.0	0.0	0.0	0.0	2.0	0.0	0.0	0.0	0.0
	3p	+	37	269.0	161.0	157.0	295.0	882.0	0.0	6.0	0.0	1.0	0.0	0.0	0.0	0.0	2.0	1.0	0.0	1.0	0.0	0.0	0.0	0.0	1.0	0.0	1.0	1.0	0.0
	3p	+	38	262.0	133.0	127.0	294.0	816.0	0.0	6.0	1.0	2.0	1.0	4.0	0.0	0.0	0.0	0.0	0.0	1.0	0.0	0.0	0.0	0.0	1.0	0.0	0.0	1.0	0.0
	3p	+	39	259.0	120.0	136.0	233.0	748.0	0.0	4.0	0.0	3.0	1.0	2.0	0.0	1.0	0.0	2.0	0.0	2.0	0.0	0.0	0.0	0.0	1.0	0.0	0.0	0.0	0.0
	3p	+	40	221.0	91.0	120.0	231.0	663.0	1.0	5.0	0.0	1.0	1.0	0.0	0.0	0.0	0.0	0.0	0.0	0.0	0.0	0.0	0.0	0.0	1.0	0.0	0.0	0.0	0.0
	3p	+	41	205.0	83.0	99.0	220.0	607.0	0.0	3.0	0.0	0.0	0.0	0.0	0.0	0.0	0.0	0.0	2.0	1.0	0.0	0.0	0.0	0.0	0.0	0.0	1.0	0.0	0.0
	3p	+	42	176.0	98.0	89.0	187.0	550.0	1.0	1.0	0.0	0.0	1.0	0.0	0.0	0.0	0.0	0.0	0.0	0.0	0.0	0.0	0.0	0.0	0.0	0.0	0.0	0.0	0.0
	3p	+	43	157.0	82.0	84.0	183.0	506.0	0.0	0.0	0.0	0.0	0.0	0.0	0.0	0.0	0.0	1.0	0.0	2.0	0.0	0.0	0.0	0.0	0.0	0.0	0.0	0.0	0.0
	3p	+	44	157.0	70.0	53.0	173.0	453.0	0.0	2.0	1.0	1.0	0.0	0.0	0.0	0.0	0.0	0.0	0.0	0.0	0.0	0.0	0.0	0.0	0.0	0.0	0.0	0.0	0.0
	3p	+	45	124.0	71.0	84.0	130.0	409.0	2.0	4.0	0.0	0.0	0.0	0.0	0.0	0.0	0.0	0.0	0.0	0.0	0.0	0.0	0.0	0.0	0.0	0.0	0.0	0.0	0.0
	3p	+	46	121.0	62.0	65.0	125.0	373.0	0.0	6.0	1.0	0.0	0.0	0.0	0.0	1.0	0.0	0.0	0.0	0.0	0.0	0.0	0.0	0.0	0.0	0.0	0.0	0.0	0.0
	3p	+	47	119.0	48.0	56.0	108.0	331.0	0.0	2.0	0.0	0.0	1.0	0.0	0.0	0.0	0.0	0.0	1.0	0.0	0.0	0.0	0.0	0.0	0.0	0.0	0.0	0.0	0.0
	3p	+	48	99.0	47.0	61.0	87.0	294.0	0.0	0.0	0.0	0.0	0.0	0.0	0.0	0.0	0.0	0.0	0.0	1.0	0.0	0.0	0.0	0.0	0.0	0.0	0.0	0.0	0.0
	3p	+	49	95.0	40.0	49.0	88.0	272.0	0.0	2.0	0.0	0.0	0.0	0.0	0.0	0.0	0.0	0.0	0.0	1.0	0.0	0.0	0.0	0.0	0.0	0.0	0.0	0.0	0.0
	3p	+	50	61.0	43.0	44.0	94.0	242.0	0.0	0.0	0.0	0.0	0.0	0.0	0.0	0.0	0.0	0.0	0.0	1.0	0.0	0.0	0.0	0.0	0.0	0.0	0.0	0.0	0.0
	3p	+	51	69.0	37.0	41.0	69.0	216.0	0.0	0.0	0.0	0.0	0.0	0.0	0.0	0.0	0.0	0.0	0.0	0.0	0.0	0.0	0.0	0.0	0.0	0.0	0.0	0.0	0.0
	3p	+	52	68.0	36.0	36.0	62.0	202.0	0.0	1.0	0.0	0.0	0.0	0.0	0.0	0.0	0.0	0.0	1.0	0.0	0.0	0.0	0.0	0.0	0.0	0.0	0.0	0.0	0.0
	3p	+	53	69.0	30.0	30.0	56.0	185.0	0.0	1.0	0.0	0.0	0.0	0.0	0.0	0.0	0.0	0.0	0.0	0.0	0.0	0.0	0.0	0.0	0.0	0.0	0.0	0.0	0.0
	3p	+	54	59.0	25.0	37.0	49.0	170.0	0.0	0.0	0.0	0.0	0.0	0.0	0.0	0.0	0.0	0.0	0.0	1.0	0.0	0.0	0.0	0.0	0.0	0.0	0.0	0.0	0.0
	3p	+	55	40.0	35.0	29.0	55.0	159.0	0.0	1.0	0.0	0.0	0.0	0.0	0.0	0.0	0.0	0.0	0.0	0.0	0.0	0.0	0.0	0.0	0.0	0.0	0.0	0.0	0.0
	3p	+	56	46.0	25.0	32.0	43.0	146.0	1.0	0.0	0.0	0.0	0.0	0.0	0.0	0.0	0.0	0.0	0.0	0.0	0.0	0.0	0.0	0.0	0.0	0.0	0.0	0.0	0.0
	3p	+	57	33.0	20.0	26.0	52.0	131.0	0.0	0.0	0.0	0.0	0.0	0.0	0.0	0.0	0.0	0.0	0.0	0.0	0.0	0.0	0.0	0.0	0.0	0.0	0.0	0.0	0.0
	3p	+	58	39.0	20.0	22.0	38.0	119.0	0.0	1.0	1.0	0.0	0.0	0.0	0.0	0.0	0.0	1.0	0.0	0.0	0.0	0.0	0.0	0.0	0.0	0.0	0.0	0.0	0.0
	3p	+	59	36.0	18.0	17.0	40.0	111.0	0.0	0.0	0.0	0.0	0.0	0.0	0.0	0.0	0.0	0.0	0.0	0.0	0.0	0.0	0.0	0.0	0.0	0.0	0.0	0.0	0.0
	3p	+	60	37.0	19.0	13.0	31.0	100.0	1.0	2.0	0.0	1.0	0.0	0.0	0.0	1.0	0.0	0.0	0.0	0.0	0.0	0.0	0.0	0.0	0.0	0.0	0.0	0.0	0.0
	3p	+	61	38.0	17.0	10.0	22.0	87.0	0.0	1.0	1.0	0.0	0.0	0.0	0.0	0.0	0.0	0.0	0.0	0.0	0.0	0.0	0.0	0.0	0.0	0.0	0.0	0.0	0.0
	3p	+	62	30.0	10.0	16.0	23.0	79.0	1.0	0.0	0.0	0.0	1.0	1.0	0.0	0.0	1.0	0.0	0.0	1.0	0.0	0.0	0.0	0.0	0.0	0.0	0.0	0.0	0.0
	3p	+	63	19.0	14.0	15.0	26.0	74.0	0.0	0.0	0.0	0.0	0.0	0.0	0.0	0.0	1.0	0.0	0.0	0.0	0.0	0.0	0.0	0.0	0.0	0.0	0.0	0.0	0.0
	3p	+	64	24.0	13.0	10.0	14.0	61.0	0.0	0.0	0.0	0.0	0.0	0.0	0.0	0.0	0.0	0.0	0.0	0.0	0.0	0.0	0.0	0.0	0.0	0.0	0.0	0.0	0.0
	3p	+	65	19.0	9.0	10.0	15.0	53.0	0.0	0.0	0.0	0.0	0.0	0.0	0.0	0.0	0.0	0.0	0.0	0.0	0.0	0.0	0.0	0.0	0.0	0.0	0.0	0.0	0.0
	3p	+	66	18.0	6.0	9.0	15.0	48.0	0.0	0.0	0.0	0.0	0.0	0.0	0.0	0.0	0.0	0.0	0.0	1.0	0.0	0.0	0.0	0.0	0.0	0.0	0.0	0.0	0.0
	3p	+	67	17.0	9.0	1.0	17.0	44.0	0.0	0.0	0.0	0.0	0.0	0.0	0.0	0.0	0.0	0.0	0.0	0.0	0.0	0.0	0.0	0.0	0.0	0.0	0.0	0.0	0.0
	3p	+	68	18.0	8.0	5.0	9.0	40.0	1.0	0.0	0.0	0.0	0.0	0.0	0.0	0.0	0.0	0.0	0.0	0.0	0.0	0.0	0.0	0.0	0.0	0.0	0.0	0.0	0.0
	3p	+	69	13.0	7.0	6.0	10.0	36.0	0.0	1.0	0.0	0.0	0.0	0.0	0.0	0.0	0.0	0.0	0.0	0.0	0.0	0.0	0.0	0.0	0.0	0.0	0.0	0.0	0.0
	3p	+	70	9.0	8.0	6.0	9.0	32.0	0.0	1.0	1.0	0.0	0.0	0.0	0.0	0.0	0.0	0.0	0.0	0.0	0.0	0.0	0.0	0.0	0.0	0.0	0.0	0.0	0.0
	3p	+	71	8.0	6.0	4.0	7.0	25.0	0.0	1.0	0.0	0.0	0.0	0.0	0.0	0.0	0.0	0.0	0.0	0.0	0.0	0.0	0.0	0.0	0.0	0.0	0.0	0.0	0.0
	3p	+	72	6.0	2.0	3.0	7.0	18.0	0.0	0.0	0.0	0.0	0.0	0.0	0.0	0.0	0.0	0.0	0.0	0.0	0.0	0.0	0.0	0.0	0.0	0.0	0.0	0.0	0.0
	3p	+	73	5.0	1.0	1.0	7.0	14.0	0.0	0.0	0.0	0.0	0.0	0.0	0.0	0.0	0.0	0.0	0.0	0.0	0.0	0.0	0.0	0.0	0.0	0.0	0.0	0.0	0.0
	3p	+	74	4.0	0.0	1.0	6.0	11.0	0.0	0.0	0.0	0.0	0.0	0.0	0.0	0.0	0.0	0.0	0.0	0.0	0.0	0.0	0.0	0.0	0.0	0.0	0.0	0.0	0.0
	3p	+	75	2.0	1.0	0.0	4.0	7.0	0.0	0.0	0.0	0.0	0.0	0.0	0.0	0.0	0.0	0.0	0.0	0.0	0.0	0.0	0.0	0.0	0.0	0.0	0.0	0.0	0.0
	3p	+	76	0.0	0.0	1.0	4.0	5.0	0.0	0.0	0.0	0.0	0.0	0.0	0.0	0.0	0.0	0.0	0.0	0.0	0.0	0.0	0.0	0.0	0.0	0.0	0.0	0.0	0.0
	3p	+	77	1.0	0.0	1.0	2.0	4.0	0.0	0.0	0.0	0.0	0.0	0.0	0.0	0.0	0.0	0.0	0.0	0.0	0.0	0.0	0.0	0.0	0.0	0.0	0.0	0.0	0.0
	3p	+	78	1.0	2.0	0.0	0.0	3.0	0.0	0.0	0.0	0.0	0.0	0.0	0.0	0.0	0.0	0.0	0.0	0.0	0.0	0.0	0.0	0.0	0.0	0.0	0.0	0.0	0.0
	3p	+	79	0.0	0.0	0.0	0.0	0.0	0.0	0.0	0.0	0.0	0.0	0.0	0.0	0.0	0.0	0.0	0.0	0.0	0.0	0.0	0.0	0.0	0.0	0.0	0.0	0.0	0.0
	3p	+	80	0.0	0.0	0.0	0.0	0.0	0.0	0.0	0.0	0.0	0.0	0.0	0.0	0.0	0.0	0.0	0.0	0.0	0.0	0.0	0.0	0.0	0.0	0.0	0.0	0.0	0.0
	3p	+	81	0.0	0.0	0.0	0.0	0.0	0.0	0.0	0.0	0.0	0.0	0.0	0.0	0.0	0.0	0.0	0.0	0.0	0.0	0.0	0.0	0.0	0.0	0.0	0.0	0.0	0.0
	3p	+	82	0.0	0.0	0.0	0.0	0.0	0.0	0.0	0.0	0.0	0.0	0.0	0.0	0.0	0.0	0.0	0.0	0.0	0.0	0.0	0.0	0.0	0.0	0.0	0.0	0.0	0.0
	3p	+	83	0.0	0.0	0.0	0.0	0.0	0.0	0.0	0.0	0.0	0.0	0.0	0.0	0.0	0.0	0.0	0.0	0.0	0.0	0.0	0.0	0.0	0.0	0.0	0.0	0.0	0.0
	3p	+	84	0.0	0.0	0.0	0.0	0.0	0.0	0.0	0.0	0.0	0.0	0.0	0.0	0.0	0.0	0.0	0.0	0.0	0.0	0.0	0.0	0.0	0.0	0.0	0.0	0.0	0.0
	3p	+	85	0.0	0.0	0.0	0.0	0.0	0.0	0.0	0.0	0.0	0.0	0.0	0.0	0.0	0.0	0.0	0.0	0.0	0.0	0.0	0.0	0.0	0.0	0.0	0.0	0.0	0.0
	3p	+	86	0.0	0.0	0.0	0.0	0.0	0.0	0.0	0.0	0.0	0.0	0.0	0.0	0.0	0.0	0.0	0.0	0.0	0.0	0.0	0.0	0.0	0.0	0.0	0.0	0.0	0.0
	3p	+	87	0.0	0.0	0.0	0.0	0.0	0.0	0.0	0.0	0.0	0.0	0.0	0.0	0.0	0.0	0.0	0.0	0.0	0.0	0.0	0.0	0.0	0.0	0.0	0.0	0.0	0.0
	3p	+	88	0.0	0.0	0.0	0.0	0.0	0.0	0.0	0.0	0.0	0.0	0.0	0.0	0.0	0.0	0.0	0.0	0.0	0.0	0.0	0.0	0.0	0.0	0.0	0.0	0.0	0.0
	3p	+	89	0.0	0.0	0.0	0.0	0.0	0.0	0.0	0.0	0.0	0.0	0.0	0.0	0.0	0.0	0.0	0.0	0.0	0.0	0.0	0.0	0.0	0.0	0.0	0.0	0.0	0.0
	3p	+	90	0.0	0.0	0.0	0.0	0.0	0.0	0.0	0.0	0.0	0.0	0.0	0.0	0.0	0.0	0.0	0.0	0.0	0.0	0.0	0.0	0.0	0.0	0.0	0.0	0.0	0.0
	3p	+	91	0.0	0.0	0.0	0.0	0.0	0.0	0.0	0.0	0.0	0.0	0.0	0.0	0.0	0.0	0.0	0.0	0.0	0.0	0.0	0.0	0.0	0.0	0.0	0.0	0.0	0.0
	3p	+	92	0.0	0.0	0.0	0.0	0.0	0.0	0.0	0.0	0.0	0.0	0.0	0.0	0.0	0.0	0.0	0.0	0.0	0.0	0.0	0.0	0.0	0.0	0.0	0.0	0.0	0.0
	3p	+	93	0.0	0.0	0.0	0.0	0.0	0.0	0.0	0.0	0.0	0.0	0.0	0.0	0.0	0.0	0.0	0.0	0.0	0.0	0.0	0.0	0.0	0.0	0.0	0.0	0.0	0.0
	3p	+	94	0.0	0.0	0.0	0.0	0.0	0.0	0.0	0.0	0.0	0.0	0.0	0.0	0.0	0.0	0.0	0.0	0.0	0.0	0.0	0.0	0.0	0.0	0.0	0.0	0.0	0.0
	3p	+	95	0.0	0.0	0.0	0.0	0.0	0.0	0.0	0.0	0.0	0.0	0.0	0.0	0.0	0.0	0.0	0.0	0.0	0.0	0.0	0.0	0.0	0.0	0.0	0.0	0.0	0.0
	3p	+	96	0.0	0.0	0.0	0.0	0.0	0.0	0.0	0.0	0.0	0.0	0.0	0.0	0.0	0.0	0.0	0.0	0.0	0.0	0.0	0.0	0.0	0.0	0.0	0.0	0.0	0.0
	3p	+	97	0.0	0.0	0.0	0.0	0.0	0.0	0.0	0.0	0.0	0.0	0.0	0.0	0.0	0.0	0.0	0.0	0.0	0.0	0.0	0.0	0.0	0.0	0.0	0.0	0.0	0.0
	3p	+	98	0.0	0.0	0.0	0.0	0.0	0.0	0.0	0.0	0.0	0.0	0.0	0.0	0.0	0.0	0.0	0.0	0.0	0.0	0.0	0.0	0.0	0.0	0.0	0.0	0.0	0.0
	3p	+	99	0.0	0.0	0.0	0.0	0.0	0.0	0.0	0.0	0.0	0.0	0.0	0.0	0.0	0.0	0.0	0.0	0.0	0.0	0.0	0.0	0.0	0.0	0.0	0.0	0.0	0.0
	3p	+	100	0.0	0.0	0.0	0.0	0.0	0.0	0.0	0.0	0.0	0.0	0.0	0.0	0.0	0.0	0.0	0.0	0.0	0.0	0.0	0.0	0.0	0.0	0.0	0.0	0.0	0.0
	3p	-	1	552.0	250.0	197.0	562.0	1561.0	5.0	87.0	4.0	2.0	1.0	3.0	1.0	2.0	1.0	4.0	1.0	6.00.0	0.0	0.0	0.0	0.0	0.0	0.0	0.0	0.0
	3p	-	2	575.0	331.0	218.0	437.0	1561.0	4.0	44.0	4.0	5.0	3.0	1.0	0.0	5.0	3.0	1.0	2.0	2.00.0	0.0	0.0	0.0	0.0	0.0	0.0	0.0	0.0
	3p	-	3	569.0	291.0	251.0	449.0	1560.0	2.0	5.0	2.0	1.0	1.0	4.0	2.0	1.0	2.0	1.0	0.0	1.00.0	0.0	0.0	0.0	0.0	0.0	1.0	0.0	0.0
	3p	-	4	561.0	318.0	228.0	452.0	1559.0	6.0	7.0	7.0	3.0	0.0	1.0	1.0	3.0	2.0	3.0	2.0	2.00.0	0.0	0.0	0.0	1.0	0.0	0.0	0.0	0.0
	3p	-	5	536.0	303.0	281.0	440.0	1560.0	3.0	2.0	2.0	1.0	1.0	0.0	2.0	1.0	1.0	0.0	1.0	2.00.0	0.0	0.0	0.0	0.0	0.0	1.0	0.0	0.0
	3p	-	6	585.0	259.0	282.0	431.0	1557.0	5.0	2.0	4.0	2.0	2.0	1.0	7.0	1.0	0.0	1.0	2.0	1.00.0	0.0	0.0	0.0	2.0	0.0	1.0	1.0	0.0
	3p	-	7	533.0	307.0	277.0	434.0	1551.0	4.0	1.0	1.0	1.0	0.0	0.0	2.0	1.0	0.0	2.0	0.0	2.00.0	0.0	0.0	0.0	2.0	0.0	3.0	3.0	0.0
	3p	-	8	518.0	302.0	252.0	484.0	1556.0	2.0	2.0	2.0	2.0	2.0	3.0	3.0	1.0	3.0	2.0	1.0	1.00.0	0.0	0.0	0.0	1.0	0.0	1.0	2.0	0.0
	3p	-	9	529.0	266.0	311.0	449.0	1555.0	2.0	3.0	1.0	2.0	3.0	0.0	1.0	1.0	2.0	1.0	2.0	0.00.0	0.0	0.0	0.0	1.0	0.0	2.0	2.0	0.0
	3p	-	10	528.0	298.0	286.0	442.0	1554.0	2.0	4.0	3.0	2.0	0.0	0.0	2.0	1.0	0.0	0.0	2.0	3.00.0	0.0	0.0	0.0	3.0	0.0	1.0	0.0	0.0
	3p	-	11	547.0	254.0	305.0	445.0	1551.0	0.0	2.0	4.0	3.0	1.0	1.0	3.0	4.0	1.0	0.0	2.0	0.00.0	0.0	0.0	0.0	4.0	0.0	0.0	4.0	0.0
	3p	-	12	502.0	284.0	322.0	446.0	1554.0	5.0	2.0	4.0	1.0	1.0	2.0	2.0	2.0	0.0	2.0	0.0	1.00.0	0.0	0.0	0.0	0.0	0.0	3.0	2.0	0.0
	3p	-	13	503.0	296.0	282.0	476.0	1557.0	2.0	4.0	1.0	4.0	7.0	0.0	1.0	1.0	2.0	1.0	1.0	1.00.0	0.0	0.0	0.0	1.0	0.0	1.0	1.0	0.0
	3p	-	14	513.0	337.0	269.0	435.0	1554.0	2.0	3.0	4.0	3.0	1.0	1.0	2.0	1.0	2.0	2.0	3.0	0.00.0	0.0	0.0	0.0	3.0	0.0	2.0	1.0	0.0
	3p	-	15	509.0	281.0	297.0	469.0	1556.0	2.0	6.0	1.0	5.0	1.0	2.0	2.0	3.0	1.0	1.0	0.0	1.00.0	0.0	0.0	0.0	3.0	0.0	0.0	1.0	0.0
	3p	-	16	516.0	284.0	290.0	465.0	1555.0	2.0	0.0	2.0	3.0	0.0	2.0	0.0	0.0	0.0	2.0	1.0	0.00.0	0.0	0.0	0.0	1.0	0.0	1.0	2.0	0.0
	3p	-	17	511.0	270.0	295.0	476.0	1552.0	4.0	1.0	1.0	1.0	3.0	3.0	2.0	0.0	2.0	2.0	0.0	1.00.0	0.0	0.0	0.0	2.0	0.0	2.0	1.0	0.0
	3p	-	18	521.0	267.0	261.0	499.0	1548.0	0.0	1.0	1.0	3.0	1.0	1.0	1.0	1.0	1.0	2.0	3.0	3.00.0	0.0	0.0	0.0	4.0	0.0	3.0	3.0	0.0
	3p	-	19	536.0	285.0	277.0	452.0	1550.0	1.0	3.0	4.0	3.0	2.0	0.0	4.0	4.0	0.0	2.0	0.0	1.00.0	0.0	0.0	0.0	4.0	0.0	2.0	4.0	0.0
	3p	-	20	511.0	284.0	298.0	455.0	1548.0	5.0	3.0	5.0	2.0	0.0	2.0	1.0	1.0	1.0	3.0	0.0	2.00.0	0.0	0.0	0.0	6.0	0.0	3.0	1.0	0.0
	3p	-	21	510.0	308.0	272.0	463.0	1553.0	2.0	3.0	3.0	1.0	2.0	1.0	1.0	2.0	0.0	1.0	0.0	2.00.0	0.0	0.0	0.0	0.0	0.0	3.0	2.0	0.0
	3p	-	22	539.0	274.0	315.0	432.0	1560.0	3.0	2.0	1.0	3.0	0.0	0.0	1.0	3.0	0.0	2.0	1.0	1.00.0	0.0	0.0	0.0	0.0	0.0	0.0	0.0	0.0
	3p	-	23	552.0	300.0	248.0	459.0	1559.0	1.0	2.0	1.0	4.0	1.0	4.0	1.0	0.0	0.0	0.0	2.0	2.00.0	0.0	0.0	0.0	0.0	0.0	2.0	0.0	0.0
	3p	-	24	519.0	284.0	306.0	446.0	1555.0	1.0	2.0	2.0	1.0	1.0	1.0	3.0	1.0	2.0	2.0	0.0	0.00.0	0.0	0.0	0.0	2.0	0.0	1.0	1.0	0.0
	3p	-	25	526.0	295.0	280.0	450.0	1551.0	1.0	2.0	4.0	5.0	0.0	0.0	1.0	0.0	2.0	0.0	1.0	1.00.0	0.0	0.0	0.0	2.0	0.0	5.0	1.0	0.0
	3p	-	26	486.0	282.0	324.0	462.0	1554.0	2.0	3.0	4.0	1.0	1.0	4.0	1.0	0.0	2.0	1.0	2.0	5.00.0	0.0	0.0	0.0	1.0	0.0	3.0	0.0	0.0
	3p	-	27	517.0	286.0	299.0	459.0	1561.0	2.0	2.0	6.0	1.0	0.0	1.0	0.0	2.0	3.0	0.0	1.0	3.00.0	0.0	0.0	0.0	0.0	0.0	0.0	0.0	0.0
	3p	-	28	489.0	291.0	310.0	469.0	1559.0	1.0	3.0	1.0	2.0	1.0	1.0	0.0	0.0	1.0	1.0	2.0	1.00.0	0.0	0.0	0.0	0.0	0.0	1.0	1.0	0.0
	3p	-	29	521.0	298.0	288.0	453.0	1560.0	0.0	2.0	2.0	3.0	0.0	4.0	2.0	0.0	1.0	1.0	3.0	0.00.0	0.0	0.0	0.0	1.0	0.0	0.0	0.0	0.0
	3p	-	30	507.0	297.0	306.0	448.0	1558.0	1.0	7.0	3.0	1.0	2.0	2.0	2.0	1.0	0.0	3.0	3.0	2.00.0	0.0	0.0	0.0	0.0	0.0	1.0	1.0	0.0
	3p	-	31	466.0	245.0	251.0	443.0	1405.0	3.0	5.0	1.0	1.0	0.0	3.0	3.0	2.0	2.0	1.0	1.0	2.00.0	0.0	0.0	0.0	0.0	0.0	0.0	1.0	0.0
	3p	-	32	417.0	220.0	244.0	403.0	1284.0	2.0	2.0	1.0	4.0	0.0	0.0	0.0	1.0	3.0	1.0	0.0	0.00.0	0.0	0.0	0.0	0.0	0.0	0.0	0.0	0.0
	3p	-	33	392.0	196.0	206.0	386.0	1180.0	2.0	4.0	1.0	0.0	2.0	0.0	0.0	0.0	0.0	0.0	0.0	2.00.0	0.0	0.0	0.0	0.0	0.0	0.0	1.0	0.0
	3p	-	34	362.0	192.0	209.0	347.0	1110.0	2.0	3.0	1.0	1.0	1.0	1.0	1.0	0.0	1.0	0.0	1.0	3.00.0	0.0	0.0	0.0	0.0	0.0	0.0	0.0	0.0
	3p	-	35	356.0	168.0	180.0	333.0	1037.0	1.0	2.0	2.0	0.0	1.0	0.0	2.0	1.0	2.0	1.0	1.0	0.00.0	0.0	0.0	0.0	0.0	0.0	0.0	0.0	0.0
	3p	-	36	317.0	173.0	167.0	301.0	958.0	2.0	4.0	3.0	1.0	1.0	1.0	0.0	0.0	0.0	0.0	1.0	0.00.0	0.0	0.0	0.0	0.0	0.0	0.0	0.0	0.0
	3p	-	37	281.0	145.0	177.0	283.0	886.0	0.0	2.0	2.0	1.0	0.0	1.0	0.0	0.0	0.0	1.0	0.0	1.00.0	0.0	0.0	0.0	0.0	0.0	0.0	0.0	0.0
	3p	-	38	274.0	126.0	156.0	258.0	814.0	0.0	2.0	0.0	3.0	0.0	0.0	0.0	1.0	0.0	0.0	1.0	0.00.0	0.0	0.0	0.0	0.0	0.0	0.0	0.0	0.0
	3p	-	39	256.0	127.0	136.0	231.0	750.0	2.0	4.0	2.0	1.0	0.0	0.0	0.0	0.0	0.0	0.0	0.0	1.00.0	0.0	0.0	0.0	0.0	0.0	0.0	0.0	0.0
	3p	-	40	221.0	110.0	140.0	211.0	682.0	2.0	5.0	1.0	2.0	0.0	0.0	0.0	1.0	0.0	2.0	0.0	2.00.0	0.0	0.0	0.0	0.0	0.0	0.0	0.0	0.0
	3p	-	41	213.0	102.0	105.0	200.0	620.0	1.0	2.0	0.0	0.0	0.0	0.0	0.0	0.0	0.0	0.0	0.0	0.00.0	0.0	0.0	0.0	0.0	0.0	0.0	0.0	0.0
	3p	-	42	191.0	106.0	91.0	169.0	557.0	1.0	4.0	1.0	0.0	1.0	0.0	0.0	2.0	0.0	0.0	1.0	0.00.0	0.0	0.0	0.0	0.0	0.0	0.0	1.0	0.0
	3p	-	43	183.0	84.0	92.0	151.0	510.0	0.0	5.0	1.0	1.0	1.0	0.0	0.0	0.0	0.0	1.0	0.0	2.00.0	0.0	0.0	0.0	0.0	0.0	0.0	0.0	0.0
	3p	-	44	154.0	70.0	97.0	143.0	464.0	0.0	4.0	1.0	0.0	0.0	1.0	0.0	0.0	0.0	0.0	0.0	0.00.0	0.0	0.0	0.0	0.0	0.0	0.0	0.0	0.0
	3p	-	45	141.0	65.0	80.0	132.0	418.0	1.0	1.0	2.0	0.0	0.0	0.0	0.0	1.0	0.0	0.0	0.0	0.00.0	0.0	0.0	0.0	0.0	0.0	0.0	0.0	0.0
	3p	-	46	138.0	67.0	64.0	110.0	379.0	1.0	4.0	0.0	1.0	0.0	1.0	0.0	0.0	0.0	1.0	1.0	0.00.0	0.0	0.0	0.0	0.0	0.0	0.0	0.0	0.0
	3p	-	47	109.0	61.0	55.0	123.0	348.0	1.0	2.0	2.0	1.0	0.0	0.0	0.0	0.0	0.0	0.0	0.0	0.00.0	0.0	0.0	0.0	0.0	0.0	0.0	0.0	0.0
	3p	-	48	112.0	59.0	54.0	93.0	318.0	2.0	4.0	1.0	0.0	0.0	0.0	0.0	0.0	0.0	0.0	0.0	0.00.0	0.0	0.0	0.0	0.0	0.0	0.0	0.0	0.0
	3p	-	49	104.0	45.0	53.0	85.0	287.0	1.0	0.0	1.0	1.0	0.0	0.0	0.0	0.0	1.0	0.0	0.0	0.00.0	0.0	0.0	0.0	1.0	0.0	0.0	0.0	0.0
	3p	-	50	88.0	45.0	54.0	72.0	259.0	1.0	2.0	0.0	0.0	0.0	0.0	0.0	0.0	0.0	0.0	0.0	0.00.0	0.0	0.0	0.0	0.0	0.0	0.0	0.0	0.0
	3p	-	51	76.0	46.0	38.0	73.0	233.0	0.0	2.0	0.0	0.0	0.0	0.0	0.0	0.0	0.0	1.0	0.0	0.00.0	0.0	0.0	0.0	0.0	0.0	0.0	0.0	0.0
	3p	-	52	66.0	34.0	30.0	73.0	203.0	1.0	3.0	0.0	1.0	0.0	0.0	0.0	0.0	0.0	0.0	0.0	0.00.0	0.0	0.0	0.0	0.0	0.0	0.0	0.0	0.0
	3p	-	53	52.0	38.0	36.0	58.0	184.0	0.0	1.0	0.0	0.0	0.0	0.0	0.0	0.0	0.0	0.0	0.0	0.00.0	0.0	0.0	0.0	0.0	0.0	0.0	0.0	0.0
	3p	-	54	54.0	28.0	35.0	51.0	168.0	0.0	0.0	0.0	0.0	0.0	0.0	0.0	0.0	0.0	0.0	0.0	0.00.0	0.0	0.0	0.0	0.0	0.0	0.0	0.0	0.0
	3p	-	55	48.0	22.0	28.0	55.0	153.0	1.0	1.0	0.0	0.0	0.0	0.0	0.0	0.0	0.0	0.0	0.0	0.00.0	0.0	0.0	0.0	0.0	0.0	0.0	0.0	0.0
	3p	-	56	46.0	25.0	26.0	43.0	140.0	1.0	1.0	0.0	1.0	0.0	0.0	0.0	2.0	0.0	1.0	0.0	0.00.0	0.0	0.0	0.0	0.0	0.0	0.0	0.0	0.0
	3p	-	57	42.0	20.0	26.0	38.0	126.0	0.0	0.0	0.0	0.0	1.0	0.0	0.0	0.0	0.0	0.0	0.0	0.00.0	0.0	0.0	0.0	0.0	0.0	0.0	0.0	0.0
	3p	-	58	38.0	17.0	22.0	41.0	118.0	0.0	1.0	0.0	0.0	0.0	0.0	0.0	0.0	0.0	0.0	0.0	0.00.0	0.0	0.0	0.0	0.0	0.0	0.0	0.0	0.0
	3p	-	59	26.0	21.0	19.0	43.0	109.0	0.0	0.0	0.0	0.0	0.0	0.0	0.0	0.0	0.0	0.0	0.0	0.00.0	0.0	0.0	0.0	0.0	0.0	0.0	0.0	0.0
	3p	-	60	33.0	13.0	24.0	26.0	96.0	0.0	4.0	0.0	0.0	0.0	1.0	0.0	0.0	0.0	0.0	0.0	0.00.0	0.0	0.0	0.0	0.0	0.0	0.0	0.0	0.0
	3p	-	61	29.0	13.0	15.0	29.0	86.0	0.0	0.0	1.0	0.0	0.0	0.0	0.0	0.0	0.0	0.0	0.0	0.00.0	0.0	0.0	0.0	0.0	0.0	0.0	0.0	0.0
	3p	-	62	28.0	14.0	13.0	23.0	78.0	0.0	1.0	0.0	0.0	0.0	0.0	0.0	0.0	0.0	1.0	0.0	0.00.0	0.0	0.0	0.0	0.0	0.0	0.0	0.0	0.0
	3p	-	63	15.0	18.0	20.0	18.0	71.0	0.0	0.0	0.0	0.0	0.0	0.0	0.0	0.0	0.0	0.0	0.0	0.00.0	0.0	0.0	0.0	0.0	0.0	0.0	0.0	0.0
	3p	-	64	13.0	8.0	23.0	20.0	64.0	0.0	1.0	0.0	0.0	0.0	0.0	0.0	0.0	0.0	0.0	0.0	0.00.0	0.0	0.0	0.0	0.0	0.0	0.0	0.0	0.0
	3p	-	65	12.0	7.0	10.0	26.0	55.0	0.0	0.0	0.0	0.0	0.0	0.0	0.0	0.0	0.0	0.0	0.0	0.00.0	0.0	0.0	0.0	0.0	0.0	0.0	0.0	0.0
	3p	-	66	22.0	5.0	4.0	15.0	46.0	0.0	0.0	0.0	0.0	0.0	0.0	0.0	0.0	0.0	0.0	0.0	0.00.0	0.0	0.0	0.0	0.0	0.0	0.0	0.0	0.0
	3p	-	67	13.0	5.0	7.0	18.0	43.0	0.0	0.0	0.0	0.0	0.0	0.0	0.0	0.0	0.0	0.0	0.0	0.00.0	0.0	0.0	0.0	0.0	0.0	0.0	0.0	0.0
	3p	-	68	14.0	4.0	11.0	11.0	40.0	0.0	0.0	0.0	0.0	0.0	0.0	0.0	0.0	0.0	0.0	0.0	0.00.0	0.0	0.0	0.0	0.0	0.0	0.0	0.0	0.0
	3p	-	69	18.0	3.0	2.0	15.0	38.0	0.0	0.0	0.0	0.0	0.0	0.0	0.0	0.0	0.0	0.0	0.0	0.00.0	0.0	0.0	0.0	0.0	0.0	0.0	0.0	0.0
	3p	-	70	10.0	6.0	3.0	10.0	29.0	0.0	0.0	0.0	0.0	0.0	0.0	0.0	0.0	0.0	0.0	0.0	0.00.0	0.0	0.0	0.0	0.0	0.0	0.0	0.0	0.0
	3p	-	71	4.0	3.0	7.0	11.0	25.0	0.0	0.0	0.0	0.0	0.0	0.0	0.0	0.0	0.0	0.0	0.0	0.00.0	0.0	0.0	0.0	0.0	0.0	0.0	0.0	0.0
	3p	-	72	8.0	3.0	4.0	7.0	22.0	0.0	0.0	0.0	0.0	0.0	0.0	0.0	0.0	0.0	0.0	0.0	0.00.0	0.0	0.0	0.0	0.0	0.0	0.0	0.0	0.0
	3p	-	73	3.0	1.0	6.0	9.0	19.0	0.0	0.0	0.0	1.0	0.0	0.0	0.0	0.0	0.0	0.0	0.0	0.00.0	0.0	0.0	0.0	0.0	0.0	0.0	0.0	0.0
	3p	-	74	5.0	1.0	4.0	7.0	17.0	0.0	0.0	1.0	0.0	0.0	0.0	0.0	0.0	0.0	0.0	0.0	0.00.0	0.0	0.0	0.0	0.0	0.0	0.0	0.0	0.0
	3p	-	75	4.0	2.0	2.0	7.0	15.0	0.0	0.0	0.0	0.0	0.0	0.0	0.0	0.0	0.0	0.0	0.0	0.00.0	0.0	0.0	0.0	0.0	0.0	0.0	0.0	0.0
	3p	-	76	1.0	0.0	3.0	7.0	11.0	0.0	0.0	0.0	0.0	0.0	0.0	0.0	0.0	0.0	0.0	0.0	0.00.0	0.0	0.0	0.0	0.0	0.0	0.0	0.0	0.0
	3p	-	77	5.0	2.0	0.0	3.0	10.0	0.0	0.0	0.0	0.0	0.0	0.0	0.0	0.0	0.0	0.0	0.0	0.00.0	0.0	0.0	0.0	0.0	0.0	0.0	0.0	0.0
	3p	-	78	4.0	3.0	1.0	2.0	10.0	0.0	0.0	0.0	0.0	0.0	0.0	0.0	0.0	0.0	0.0	0.0	0.00.0	0.0	0.0	0.0	0.0	0.0	0.0	0.0	0.0
	3p	-	79	3.0	1.0	2.0	3.0	9.0	0.0	0.0	0.0	0.0	0.0	0.0	0.0	0.0	0.0	0.0	0.0	0.00.0	0.0	0.0	0.0	0.0	0.0	0.0	0.0	0.0
	3p	-	80	3.0	1.0	3.0	2.0	9.0	0.0	0.0	0.0	0.0	0.0	0.0	0.0	0.0	0.0	0.0	0.0	0.00.0	0.0	0.0	0.0	0.0	0.0	0.0	0.0	0.0
	3p	-	81	3.0	1.0	0.0	3.0	7.0	0.0	1.0	0.0	0.0	0.0	0.0	0.0	0.0	0.0	0.0	0.0	0.00.0	0.0	0.0	0.0	0.0	0.0	0.0	0.0	0.0
	3p	-	82	2.0	1.0	1.0	2.0	6.0	0.0	0.0	0.0	0.0	0.0	0.0	0.0	0.0	0.0	0.0	0.0	0.00.0	0.0	0.0	0.0	0.0	0.0	0.0	0.0	0.0
	3p	-	83	0.0	3.0	0.0	3.0	6.0	0.0	1.0	0.0	0.0	0.0	0.0	0.0	0.0	0.0	0.0	0.0	0.00.0	0.0	0.0	0.0	0.0	0.0	0.0	0.0	0.0
	3p	-	84	1.0	0.0	0.0	3.0	4.0	0.0	0.0	0.0	0.0	0.0	0.0	0.0	0.0	0.0	0.0	0.0	0.00.0	0.0	0.0	0.0	0.0	0.0	0.0	0.0	0.0
	3p	-	85	2.0	1.0	0.0	0.0	3.0	0.0	0.0	0.0	0.0	0.0	0.0	0.0	0.0	0.0	0.0	0.0	0.00.0	0.0	0.0	0.0	0.0	0.0	0.0	0.0	0.0
	3p	-	86	0.0	2.0	0.0	1.0	3.0	0.0	0.0	0.0	0.0	0.0	0.0	0.0	0.0	0.0	0.0	0.0	0.00.0	0.0	0.0	0.0	0.0	0.0	0.0	0.0	0.0
	3p	-	87	0.0	1.0	0.0	1.0	2.0	0.0	0.0	0.0	0.0	0.0	0.0	0.0	0.0	0.0	0.0	0.0	0.00.0	0.0	0.0	0.0	0.0	0.0	0.0	0.0	0.0
	3p	-	88	0.0	1.0	0.0	1.0	2.0	0.0	0.0	0.0	0.0	0.0	0.0	0.0	0.0	0.0	0.0	0.0	0.00.0	0.0	0.0	0.0	0.0	0.0	0.0	0.0	0.0
	3p	-	89	1.0	0.0	0.0	0.0	1.0	0.0	0.0	0.0	0.0	0.0	0.0	0.0	0.0	0.0	0.0	0.0	0.00.0	0.0	0.0	0.0	0.0	0.0	0.0	0.0	0.0
	3p	-	90	1.0	0.0	0.0	0.0	1.0	0.0	0.0	0.0	0.0	0.0	0.0	0.0	0.0	0.0	0.0	0.0	0.00.0	0.0	0.0	0.0	0.0	0.0	0.0	0.0	0.0
	3p	-	91	0.0	0.0	0.0	1.0	1.0	0.0	0.0	0.0	0.0	0.0	0.0	0.0	0.0	0.0	0.0	0.0	0.00.0	0.0	0.0	0.0	0.0	0.0	0.0	0.0	0.0
	3p	-	92	0.0	0.0	0.0	0.0	0.0	0.0	0.0	0.0	0.0	0.0	0.0	0.0	0.0	0.0	0.0	0.0	0.00.0	0.0	0.0	0.0	0.0	0.0	0.0	0.0	0.0
	3p	-	93	0.0	0.0	0.0	0.0	0.0	0.0	0.0	0.0	0.0	0.0	0.0	0.0	0.0	0.0	0.0	0.0	0.00.0	0.0	0.0	0.0	0.0	0.0	0.0	0.0	0.0
	3p	-	94	0.0	0.0	0.0	0.0	0.0	0.0	0.0	0.0	0.0	0.0	0.0	0.0	0.0	0.0	0.0	0.0	0.00.0	0.0	0.0	0.0	0.0	0.0	0.0	0.0	0.0
	3p	-	95	0.0	0.0	0.0	0.0	0.0	0.0	0.0	0.0	0.0	0.0	0.0	0.0	0.0	0.0	0.0	0.0	0.00.0	0.0	0.0	0.0	0.0	0.0	0.0	0.0	0.0
	3p	-	96	0.0	0.0	0.0	0.0	0.0	0.0	0.0	0.0	0.0	0.0	0.0	0.0	0.0	0.0	0.0	0.0	0.00.0	0.0	0.0	0.0	0.0	0.0	0.0	0.0	0.0
	3p	-	97	0.0	0.0	0.0	0.0	0.0	0.0	0.0	0.0	0.0	0.0	0.0	0.0	0.0	0.0	0.0	0.0	0.00.0	0.0	0.0	0.0	0.0	0.0	0.0	0.0	0.0
	3p	-	98	0.0	0.0	0.0	0.0	0.0	0.0	0.0	0.0	0.0	0.0	0.0	0.0	0.0	0.0	0.0	0.0	0.00.0	0.0	0.0	0.0	0.0	0.0	0.0	0.0	0.0
	3p	-	99	0.0	0.0	0.0	0.0	0.0	0.0	0.0	0.0	0.0	0.0	0.0	0.0	0.0	0.0	0.0	0.0	0.00.0	0.0	0.0	0.0	0.0	0.0	0.0	0.0	0.0
	3p	-	100	0.0	0.0	0.0	0.0	0.0	0.0	0.0	0.0	0.0	0.0	0.0	0.0	0.0	0.0	0.0	0.0	0.00.0	0.0	0.0	0.0	0.0	0.0	0.0	0.0	0.0
	5p	+	1	521.0	272.0	212.0	567.0	1572.0	4.0	47.0	4.0	4.0	0.0	3.0	0.0	1.0	5.0	4.0	1.0	3.00.0	0.0	0.0	0.0	0.0	0.0	0.0	0.0	0.0
	5p	+	2	491.0	253.0	293.0	534.0	1571.0	4.0	5.0	4.0	4.0	1.0	3.0	0.0	1.0	2.0	2.0	1.0	1.00.0	0.0	0.0	0.0	0.0	0.0	0.0	1.0	0.0
	5p	+	3	519.0	301.0	294.0	458.0	1572.0	4.0	2.0	3.0	6.0	2.0	1.0	3.0	1.0	1.0	1.0	1.0	2.00.0	0.0	0.0	0.0	0.0	0.0	0.0	0.0	0.0
	5p	+	4	498.0	297.0	307.0	469.0	1571.0	6.0	8.0	4.0	3.0	2.0	2.0	2.0	2.0	1.0	1.0	0.0	4.00.0	0.0	0.0	0.0	0.0	0.0	0.0	0.0	0.0
	5p	+	5	470.0	316.0	326.0	455.0	1567.0	2.0	4.0	3.0	1.0	2.0	3.0	1.0	2.0	2.0	1.0	2.0	3.00.0	0.0	0.0	0.0	1.0	0.0	0.0	2.0	0.0
	5p	+	6	460.0	299.0	293.0	509.0	1561.0	2.0	6.0	3.0	0.0	0.0	2.0	1.0	1.0	1.0	3.0	1.0	1.00.0	0.0	0.0	0.0	0.0	0.0	5.0	4.0	0.0
	5p	+	7	489.0	278.0	311.0	489.0	1567.0	4.0	3.0	2.0	1.0	0.0	5.0	4.0	0.0	0.0	1.0	2.0	0.00.0	0.0	0.0	0.0	0.0	0.0	1.0	0.0	0.0
	5p	+	8	499.0	289.0	314.0	463.0	1565.0	4.0	1.0	0.0	1.0	0.0	1.0	0.0	3.0	1.0	3.0	1.0	2.00.0	0.0	0.0	0.0	2.0	0.0	3.0	2.0	0.0
	5p	+	9	479.0	291.0	270.0	528.0	1568.0	1.0	4.0	0.0	2.0	5.0	1.0	5.0	1.0	1.0	3.0	2.0	2.00.0	0.0	0.0	0.0	1.0	0.0	2.0	1.0	0.0
	5p	+	10	499.0	308.0	294.0	462.0	1563.0	3.0	3.0	4.0	3.0	1.0	0.0	2.0	5.0	1.0	0.0	0.0	1.00.0	0.0	0.0	0.0	4.0	0.0	1.0	2.0	0.0
	5p	+	11	505.0	289.0	280.0	489.0	1563.0	1.0	1.0	2.0	2.0	1.0	1.0	3.0	1.0	4.0	0.0	3.0	2.00.0	0.0	0.0	0.0	3.0	0.0	2.0	2.0	0.0
	5p	+	12	505.0	281.0	291.0	487.0	1564.0	1.0	3.0	3.0	2.0	3.0	3.0	1.0	5.0	1.0	0.0	2.0	0.00.0	0.0	0.0	0.0	2.0	0.0	1.0	1.0	0.0
	5p	+	13	502.0	290.0	275.0	502.0	1569.0	2.0	1.0	2.0	2.0	1.0	0.0	3.0	0.0	1.0	0.0	0.0	0.00.0	0.0	0.0	0.0	0.0	0.0	0.0	2.0	0.0
	5p	+	14	510.0	276.0	309.0	469.0	1564.0	0.0	4.0	3.0	2.0	0.0	3.0	3.0	2.0	3.0	0.0	2.0	3.00.0	0.0	0.0	0.0	2.0	0.0	1.0	2.0	0.0
	5p	+	15	464.0	315.0	311.0	472.0	1562.0	5.0	3.0	1.0	2.0	4.0	0.0	1.0	4.0	0.0	1.0	0.0	2.00.0	0.0	0.0	0.0	3.0	0.0	2.0	3.0	0.0
	5p	+	16	510.0	312.0	287.0	456.0	1565.0	2.0	8.0	2.0	1.0	1.0	1.0	0.0	2.0	2.0	1.0	1.0	1.00.0	0.0	0.0	0.0	3.0	0.0	2.0	1.0	0.0
	5p	+	17	501.0	269.0	285.0	509.0	1564.0	5.0	1.0	1.0	3.0	0.0	1.0	0.0	0.0	4.0	1.0	1.0	1.00.0	0.0	0.0	0.0	2.0	0.0	2.0	1.0	0.0
	5p	+	18	495.0	279.0	295.0	498.0	1567.0	4.0	2.0	2.0	2.0	1.0	1.0	0.0	1.0	2.0	0.0	0.0	2.00.0	0.0	0.0	0.0	3.0	0.0	2.0	0.0	0.0
	5p	+	19	504.0	301.0	290.0	472.0	1567.0	7.0	4.0	1.0	1.0	3.0	1.0	3.0	2.0	1.0	2.0	3.0	1.00.0	0.0	0.0	0.0	1.0	0.0	1.0	2.0	0.0
	5p	+	20	466.0	296.0	322.0	479.0	1563.0	2.0	1.0	3.0	3.0	2.0	1.0	0.0	3.0	1.0	0.0	2.0	1.00.0	0.0	0.0	0.0	2.0	0.0	1.0	1.0	0.0
	5p	+	21	519.0	284.0	275.0	485.0	1563.0	3.0	5.0	5.0	1.0	1.0	1.0	1.0	0.0	3.0	2.0	0.0	3.00.0	0.0	0.0	0.0	5.0	0.0	2.0	1.0	0.0
	5p	+	22	500.0	284.0	289.0	492.0	1565.0	2.0	2.0	1.0	1.0	1.0	1.0	4.0	1.0	3.0	0.0	3.0	0.00.0	0.0	0.0	0.0	2.0	0.0	1.0	4.0	0.0
	5p	+	23	534.0	287.0	304.0	440.0	1565.0	3.0	2.0	1.0	1.0	3.0	1.0	1.0	3.0	0.0	1.0	2.0	5.00.0	0.0	0.0	0.0	3.0	0.0	0.0	3.0	0.0
	5p	+	24	511.0	283.0	315.0	459.0	1568.0	2.0	1.0	4.0	2.0	1.0	0.0	0.0	1.0	2.0	0.0	2.0	0.00.0	0.0	0.0	0.0	0.0	0.0	2.0	1.0	0.0
	5p	+	25	518.0	312.0	275.0	464.0	1569.0	3.0	3.0	1.0	0.0	4.0	1.0	0.0	1.0	1.0	1.0	0.0	3.00.0	0.0	0.0	0.0	0.0	0.0	1.0	1.0	0.0
	5p	+	26	529.0	282.0	291.0	467.0	1569.0	3.0	0.0	1.0	4.0	1.0	3.0	0.0	2.0	0.0	2.0	1.0	2.00.0	0.0	0.0	0.0	1.0	0.0	0.0	0.0	0.0
	5p	+	27	517.0	298.0	286.0	468.0	1569.0	1.0	2.0	3.0	0.0	5.0	0.0	2.0	2.0	2.0	1.0	1.0	2.00.0	0.0	0.0	0.0	0.0	0.0	0.0	1.0	0.0
	5p	+	28	525.0	297.0	274.0	473.0	1569.0	2.0	1.0	3.0	3.0	1.0	1.0	2.0	2.0	1.0	1.0	0.0	2.00.0	0.0	0.0	0.0	0.0	0.0	1.0	0.0	0.0
	5p	+	29	518.0	317.0	267.0	468.0	1570.0	2.0	5.0	2.0	3.0	0.0	2.0	2.0	2.0	1.0	2.0	1.0	3.00.0	0.0	0.0	0.0	0.0	0.0	1.0	1.0	0.0
	5p	+	30	512.0	276.0	277.0	506.0	1571.0	4.0	7.0	2.0	6.0	0.0	1.0	1.0	1.0	1.0	2.0	2.0	2.00.0	0.0	0.0	0.0	0.0	0.0	0.0	1.0	0.0
	5p	+	31	464.0	248.0	232.0	457.0	1401.0	6.0	7.0	2.0	3.0	0.0	1.0	1.0	2.0	0.0	2.0	1.0	2.00.0	0.0	0.0	0.0	0.0	0.0	0.0	0.0	0.0
	5p	+	32	443.0	215.0	225.0	393.0	1276.0	1.0	10.0	1.0	2.0	0.0	0.0	1.0	0.0	1.0	2.0	0.0	3.00.0	0.0	0.0	0.0	1.0	0.0	0.0	0.0	0.0
	5p	+	33	399.0	189.0	174.0	416.0	1178.0	2.0	3.0	1.0	3.0	0.0	2.0	0.0	0.0	1.0	2.0	1.0	1.00.0	0.0	0.0	0.0	0.0	0.0	0.0	0.0	0.0
	5p	+	34	387.0	183.0	180.0	347.0	1097.0	0.0	9.0	1.0	1.0	2.0	1.0	0.0	0.0	0.0	3.0	0.0	1.00.0	0.0	0.0	0.0	0.0	0.0	0.0	0.0	0.0
	5p	+	35	344.0	160.0	177.0	340.0	1021.0	1.0	3.0	0.0	1.0	1.0	0.0	0.0	0.0	0.0	1.0	1.0	2.00.0	0.0	0.0	0.0	0.0	0.0	0.0	0.0	0.0
	5p	+	36	326.0	161.0	168.0	288.0	943.0	2.0	8.0	0.0	0.0	0.0	0.0	0.0	0.0	0.0	0.0	0.0	1.00.0	0.0	0.0	0.0	0.0	0.0	0.0	0.0	0.0
	5p	+	37	336.0	141.0	146.0	262.0	885.0	0.0	6.0	2.0	0.0	0.0	0.0	0.0	0.0	1.0	0.0	0.0	0.00.0	0.0	0.0	0.0	0.0	0.0	0.0	0.0	0.0
	5p	+	38	275.0	135.0	140.0	268.0	818.0	3.0	9.0	0.0	0.0	1.0	1.0	3.0	0.0	0.0	0.0	0.0	2.00.0	0.0	0.0	0.0	0.0	0.0	0.0	0.0	0.0
	5p	+	39	265.0	126.0	124.0	235.0	750.0	0.0	9.0	1.0	1.0	0.0	0.0	0.0	1.0	0.0	0.0	0.0	0.00.0	0.0	0.0	0.0	0.0	0.0	0.0	0.0	0.0
	5p	+	40	249.0	98.0	101.0	216.0	664.0	0.0	7.0	0.0	0.0	0.0	0.0	0.0	0.0	1.0	0.0	0.0	0.00.0	0.0	0.0	0.0	0.0	0.0	0.0	0.0	0.0
	5p	+	41	199.0	99.0	119.0	191.0	608.0	0.0	4.0	1.0	2.0	0.0	1.0	0.0	0.0	0.0	0.0	0.0	0.00.0	0.0	0.0	0.0	0.0	0.0	0.0	0.0	0.0
	5p	+	42	196.0	87.0	97.0	170.0	550.0	1.0	7.0	2.0	1.0	0.0	0.0	0.0	0.0	0.0	0.0	0.0	0.00.0	0.0	0.0	0.0	0.0	0.0	0.0	0.0	0.0
	5p	+	43	181.0	78.0	79.0	167.0	505.0	2.0	4.0	1.0	0.0	1.0	0.0	0.0	0.0	0.0	0.0	0.0	0.00.0	0.0	0.0	0.0	0.0	0.0	0.0	0.0	0.0
	5p	+	44	154.0	80.0	70.0	149.0	453.0	0.0	8.0	1.0	0.0	0.0	0.0	1.0	0.0	0.0	0.0	0.0	0.00.0	0.0	0.0	0.0	0.0	0.0	0.0	0.0	0.0
	5p	+	45	135.0	77.0	58.0	139.0	409.0	0.0	5.0	1.0	0.0	1.0	0.0	0.0	0.0	1.0	0.0	0.0	0.00.0	0.0	0.0	0.0	0.0	0.0	0.0	0.0	0.0
	5p	+	46	113.0	54.0	69.0	137.0	373.0	0.0	6.0	0.0	0.0	0.0	0.0	0.0	0.0	0.0	0.0	0.0	0.00.0	0.0	0.0	0.0	0.0	0.0	0.0	0.0	0.0
	5p	+	47	114.0	41.0	68.0	108.0	331.0	1.0	2.0	0.0	0.0	0.0	0.0	0.0	0.0	0.0	0.0	0.0	0.00.0	0.0	0.0	0.0	0.0	0.0	0.0	0.0	0.0
	5p	+	48	94.0	59.0	42.0	99.0	294.0	1.0	4.0	0.0	0.0	1.0	0.0	0.0	0.0	0.0	2.0	0.0	0.00.0	0.0	0.0	0.0	0.0	0.0	0.0	0.0	0.0
	5p	+	49	87.0	45.0	44.0	96.0	272.0	2.0	1.0	0.0	0.0	0.0	0.0	0.0	0.0	0.0	0.0	0.0	0.00.0	0.0	0.0	0.0	0.0	0.0	0.0	0.0	0.0
	5p	+	50	91.0	34.0	45.0	72.0	242.0	0.0	1.0	0.0	0.0	1.0	0.0	0.0	0.0	0.0	1.0	0.0	1.00.0	0.0	0.0	0.0	0.0	0.0	0.0	0.0	0.0
	5p	+	51	61.0	26.0	44.0	85.0	216.0	1.0	2.0	0.0	0.0	0.0	0.0	0.0	0.0	0.0	0.0	0.0	0.00.0	0.0	0.0	0.0	0.0	0.0	0.0	0.0	0.0
	5p	+	52	65.0	33.0	34.0	70.0	202.0	0.0	1.0	1.0	0.0	0.0	0.0	0.0	0.0	0.0	0.0	0.0	0.00.0	0.0	0.0	0.0	0.0	0.0	0.0	0.0	0.0
	5p	+	53	67.0	33.0	31.0	54.0	185.0	0.0	3.0	0.0	0.0	0.0	1.0	0.0	0.0	0.0	0.0	0.0	0.00.0	0.0	0.0	0.0	0.0	0.0	0.0	0.0	0.0
	5p	+	54	56.0	28.0	31.0	55.0	170.0	0.0	0.0	0.0	0.0	0.0	0.0	0.0	0.0	0.0	0.0	0.0	1.00.0	0.0	0.0	0.0	0.0	0.0	0.0	0.0	0.0
	5p	+	55	62.0	22.0	21.0	53.0	158.0	0.0	1.0	0.0	0.0	0.0	0.0	0.0	0.0	0.0	0.0	0.0	0.00.0	0.0	0.0	0.0	1.0	0.0	0.0	0.0	0.0
	5p	+	56	50.0	29.0	27.0	39.0	145.0	0.0	3.0	0.0	0.0	0.0	1.0	0.0	0.0	0.0	0.0	0.0	0.00.0	0.0	0.0	0.0	1.0	0.0	0.0	0.0	0.0
	5p	+	57	45.0	21.0	22.0	43.0	131.0	0.0	1.0	1.0	0.0	0.0	0.0	0.0	0.0	0.0	0.0	0.0	1.00.0	0.0	0.0	0.0	0.0	0.0	0.0	0.0	0.0
	5p	+	58	28.0	18.0	28.0	45.0	119.0	0.0	0.0	0.0	0.0	0.0	0.0	0.0	0.0	1.0	0.0	0.0	0.00.0	0.0	0.0	0.0	0.0	0.0	0.0	0.0	0.0
	5p	+	59	36.0	21.0	22.0	32.0	111.0	0.0	0.0	0.0	0.0	0.0	0.0	0.0	0.0	0.0	0.0	0.0	0.00.0	0.0	0.0	0.0	0.0	0.0	0.0	0.0	0.0
	5p	+	60	32.0	16.0	14.0	38.0	100.0	0.0	0.0	0.0	0.0	1.0	0.0	0.0	0.0	0.0	0.0	0.0	0.00.0	0.0	0.0	0.0	0.0	0.0	0.0	0.0	0.0
	5p	+	61	24.0	15.0	11.0	37.0	87.0	0.0	2.0	0.0	1.0	0.0	0.0	0.0	0.0	0.0	0.0	0.0	0.00.0	0.0	0.0	0.0	0.0	0.0	0.0	0.0	0.0
	5p	+	62	23.0	14.0	10.0	32.0	79.0	0.0	0.0	1.0	0.0	0.0	0.0	0.0	1.0	0.0	0.0	0.0	0.00.0	0.0	0.0	0.0	0.0	0.0	0.0	0.0	0.0
	5p	+	63	26.0	12.0	9.0	27.0	74.0	0.0	0.0	0.0	0.0	0.0	0.0	1.0	1.0	0.0	0.0	0.0	0.00.0	0.0	0.0	0.0	0.0	0.0	0.0	0.0	0.0
	5p	+	64	19.0	9.0	12.0	21.0	61.0	0.0	2.0	0.0	0.0	0.0	0.0	0.0	0.0	0.0	0.0	0.0	0.00.0	0.0	0.0	0.0	0.0	0.0	0.0	0.0	0.0
	5p	+	65	19.0	15.0	6.0	13.0	53.0	0.0	1.0	0.0	0.0	0.0	0.0	0.0	0.0	0.0	0.0	0.0	0.00.0	0.0	0.0	0.0	0.0	0.0	0.0	0.0	0.0
	5p	+	66	18.0	8.0	9.0	13.0	48.0	0.0	0.0	0.0	0.0	0.0	0.0	0.0	0.0	0.0	1.0	0.0	0.00.0	0.0	0.0	0.0	0.0	0.0	0.0	0.0	0.0
	5p	+	67	13.0	7.0	6.0	18.0	44.0	0.0	0.0	0.0	0.0	0.0	0.0	0.0	0.0	0.0	0.0	0.0	0.00.0	0.0	0.0	0.0	0.0	0.0	0.0	0.0	0.0
	5p	+	68	13.0	6.0	12.0	9.0	40.0	0.0	1.0	0.0	0.0	0.0	0.0	0.0	0.0	0.0	0.0	1.0	0.00.0	0.0	0.0	0.0	0.0	0.0	0.0	0.0	0.0
	5p	+	69	17.0	5.0	5.0	9.0	36.0	1.0	1.0	0.0	0.0	0.0	0.0	0.0	0.0	0.0	0.0	0.0	0.00.0	0.0	0.0	0.0	0.0	0.0	0.0	0.0	0.0
	5p	+	70	9.0	5.0	3.0	15.0	32.0	0.0	1.0	0.0	0.0	0.0	0.0	0.0	0.0	0.0	0.0	0.0	0.00.0	0.0	0.0	0.0	0.0	0.0	0.0	0.0	0.0
	5p	+	71	8.0	7.0	3.0	7.0	25.0	0.0	2.0	0.0	0.0	0.0	0.0	0.0	0.0	0.0	0.0	0.0	0.00.0	0.0	0.0	0.0	0.0	0.0	0.0	0.0	0.0
	5p	+	72	7.0	3.0	2.0	6.0	18.0	0.0	0.0	0.0	0.0	0.0	0.0	0.0	0.0	0.0	0.0	0.0	0.00.0	0.0	0.0	0.0	0.0	0.0	0.0	0.0	0.0
	5p	+	73	5.0	3.0	1.0	5.0	14.0	0.0	0.0	0.0	0.0	0.0	0.0	0.0	0.0	0.0	0.0	0.0	0.00.0	0.0	0.0	0.0	0.0	0.0	0.0	0.0	0.0
	5p	+	74	6.0	1.0	1.0	3.0	11.0	0.0	1.0	0.0	0.0	0.0	0.0	0.0	0.0	0.0	0.0	0.0	0.00.0	0.0	0.0	0.0	0.0	0.0	0.0	0.0	0.0
	5p	+	75	4.0	0.0	0.0	3.0	7.0	0.0	0.0	0.0	0.0	0.0	0.0	0.0	0.0	0.0	0.0	0.0	0.00.0	0.0	0.0	0.0	0.0	0.0	0.0	0.0	0.0
	5p	+	76	0.0	0.0	2.0	3.0	5.0	0.0	0.0	0.0	0.0	0.0	0.0	0.0	0.0	0.0	0.0	0.0	0.00.0	0.0	0.0	0.0	0.0	0.0	0.0	0.0	0.0
	5p	+	77	2.0	1.0	0.0	1.0	4.0	0.0	1.0	0.0	0.0	0.0	0.0	0.0	0.0	0.0	0.0	0.0	0.00.0	0.0	0.0	0.0	0.0	0.0	0.0	0.0	0.0
	5p	+	78	2.0	0.0	1.0	0.0	3.0	0.0	0.0	0.0	0.0	0.0	0.0	0.0	0.0	0.0	0.0	0.0	0.00.0	0.0	0.0	0.0	0.0	0.0	0.0	0.0	0.0
	5p	+	79	0.0	0.0	0.0	0.0	0.0	0.0	0.0	0.0	0.0	0.0	0.0	0.0	0.0	0.0	0.0	0.0	0.00.0	0.0	0.0	0.0	0.0	0.0	0.0	0.0	0.0
	5p	+	80	0.0	0.0	0.0	0.0	0.0	0.0	0.0	0.0	0.0	0.0	0.0	0.0	0.0	0.0	0.0	0.0	0.00.0	0.0	0.0	0.0	0.0	0.0	0.0	0.0	0.0
	5p	+	81	0.0	0.0	0.0	0.0	0.0	0.0	0.0	0.0	0.0	0.0	0.0	0.0	0.0	0.0	0.0	0.0	0.00.0	0.0	0.0	0.0	0.0	0.0	0.0	0.0	0.0
	5p	+	82	0.0	0.0	0.0	0.0	0.0	0.0	0.0	0.0	0.0	0.0	0.0	0.0	0.0	0.0	0.0	0.0	0.00.0	0.0	0.0	0.0	0.0	0.0	0.0	0.0	0.0
	5p	+	83	0.0	0.0	0.0	0.0	0.0	0.0	0.0	0.0	0.0	0.0	0.0	0.0	0.0	0.0	0.0	0.0	0.00.0	0.0	0.0	0.0	0.0	0.0	0.0	0.0	0.0
	5p	+	84	0.0	0.0	0.0	0.0	0.0	0.0	0.0	0.0	0.0	0.0	0.0	0.0	0.0	0.0	0.0	0.0	0.00.0	0.0	0.0	0.0	0.0	0.0	0.0	0.0	0.0
	5p	+	85	0.0	0.0	0.0	0.0	0.0	0.0	0.0	0.0	0.0	0.0	0.0	0.0	0.0	0.0	0.0	0.0	0.00.0	0.0	0.0	0.0	0.0	0.0	0.0	0.0	0.0
	5p	+	86	0.0	0.0	0.0	0.0	0.0	0.0	0.0	0.0	0.0	0.0	0.0	0.0	0.0	0.0	0.0	0.0	0.00.0	0.0	0.0	0.0	0.0	0.0	0.0	0.0	0.0
	5p	+	87	0.0	0.0	0.0	0.0	0.0	0.0	0.0	0.0	0.0	0.0	0.0	0.0	0.0	0.0	0.0	0.0	0.00.0	0.0	0.0	0.0	0.0	0.0	0.0	0.0	0.0
	5p	+	88	0.0	0.0	0.0	0.0	0.0	0.0	0.0	0.0	0.0	0.0	0.0	0.0	0.0	0.0	0.0	0.0	0.00.0	0.0	0.0	0.0	0.0	0.0	0.0	0.0	0.0
	5p	+	89	0.0	0.0	0.0	0.0	0.0	0.0	0.0	0.0	0.0	0.0	0.0	0.0	0.0	0.0	0.0	0.0	0.00.0	0.0	0.0	0.0	0.0	0.0	0.0	0.0	0.0
	5p	+	90	0.0	0.0	0.0	0.0	0.0	0.0	0.0	0.0	0.0	0.0	0.0	0.0	0.0	0.0	0.0	0.0	0.00.0	0.0	0.0	0.0	0.0	0.0	0.0	0.0	0.0
	5p	+	91	0.0	0.0	0.0	0.0	0.0	0.0	0.0	0.0	0.0	0.0	0.0	0.0	0.0	0.0	0.0	0.0	0.00.0	0.0	0.0	0.0	0.0	0.0	0.0	0.0	0.0
	5p	+	92	0.0	0.0	0.0	0.0	0.0	0.0	0.0	0.0	0.0	0.0	0.0	0.0	0.0	0.0	0.0	0.0	0.00.0	0.0	0.0	0.0	0.0	0.0	0.0	0.0	0.0
	5p	+	93	0.0	0.0	0.0	0.0	0.0	0.0	0.0	0.0	0.0	0.0	0.0	0.0	0.0	0.0	0.0	0.0	0.00.0	0.0	0.0	0.0	0.0	0.0	0.0	0.0	0.0
	5p	+	94	0.0	0.0	0.0	0.0	0.0	0.0	0.0	0.0	0.0	0.0	0.0	0.0	0.0	0.0	0.0	0.0	0.00.0	0.0	0.0	0.0	0.0	0.0	0.0	0.0	0.0
	5p	+	95	0.0	0.0	0.0	0.0	0.0	0.0	0.0	0.0	0.0	0.0	0.0	0.0	0.0	0.0	0.0	0.0	0.00.0	0.0	0.0	0.0	0.0	0.0	0.0	0.0	0.0
	5p	+	96	0.0	0.0	0.0	0.0	0.0	0.0	0.0	0.0	0.0	0.0	0.0	0.0	0.0	0.0	0.0	0.0	0.00.0	0.0	0.0	0.0	0.0	0.0	0.0	0.0	0.0
	5p	+	97	0.0	0.0	0.0	0.0	0.0	0.0	0.0	0.0	0.0	0.0	0.0	0.0	0.0	0.0	0.0	0.0	0.00.0	0.0	0.0	0.0	0.0	0.0	0.0	0.0	0.0
	5p	+	98	0.0	0.0	0.0	0.0	0.0	0.0	0.0	0.0	0.0	0.0	0.0	0.0	0.0	0.0	0.0	0.0	0.00.0	0.0	0.0	0.0	0.0	0.0	0.0	0.0	0.0
	5p	+	99	0.0	0.0	0.0	0.0	0.0	0.0	0.0	0.0	0.0	0.0	0.0	0.0	0.0	0.0	0.0	0.0	0.00.0	0.0	0.0	0.0	0.0	0.0	0.0	0.0	0.0
	5p	+	100	0.0	0.0	0.0	0.0	0.0	0.0	0.0	0.0	0.0	0.0	0.0	0.0	0.0	0.0	0.0	0.0	0.00.0	0.0	0.0	0.0	0.0	0.0	0.0	0.0	0.0
	5p	-	1	477.0	314.0	229.0	541.0	1561.0	0.0	62.0	0.0	1.0	2.0	2.0	2.0	3.0	1.0	3.0	3.0	3.00.0	0.0	0.0	0.0	0.0	0.0	0.0	0.0	0.0
	5p	-	2	500.0	256.0	321.0	484.0	1561.0	3.0	2.0	2.0	2.0	1.0	0.0	3.0	0.0	1.0	4.0	4.0	2.00.0	0.0	0.0	0.0	0.0	0.0	0.0	0.0	0.0
	5p	-	3	507.0	303.0	298.0	453.0	1561.0	5.0	0.0	1.0	4.0	0.0	3.0	0.0	0.0	2.0	2.0	0.0	1.00.0	0.0	0.0	0.0	0.0	0.0	0.0	0.0	0.0
	5p	-	4	513.0	296.0	329.0	423.0	1561.0	2.0	4.0	5.0	1.0	0.0	2.0	0.0	0.0	3.0	1.0	4.0	2.00.0	0.0	0.0	0.0	0.0	0.0	0.0	0.0	0.0
	5p	-	5	475.0	299.0	318.0	460.0	1552.0	4.0	4.0	2.0	4.0	1.0	3.0	2.0	1.0	3.0	1.0	1.0	1.00.0	0.0	0.0	0.0	1.0	0.0	3.0	2.0	0.0
	5p	-	6	490.0	280.0	318.0	469.0	1557.0	3.0	1.0	6.0	1.0	2.0	2.0	1.0	1.0	0.0	1.0	1.0	2.00.0	0.0	0.0	0.0	1.0	0.0	3.0	0.0	0.0
	5p	-	7	506.0	272.0	313.0	461.0	1552.0	5.0	4.0	2.0	1.0	2.0	1.0	2.0	1.0	1.0	1.0	1.0	0.00.0	0.0	0.0	0.0	3.0	0.0	4.0	1.0	0.0
	5p	-	8	550.0	257.0	271.0	476.0	1554.0	1.0	3.0	4.0	2.0	2.0	3.0	1.0	2.0	3.0	1.0	1.0	2.00.0	0.0	0.0	0.0	1.0	0.0	1.0	3.0	0.0
	5p	-	9	510.0	300.0	300.0	449.0	1559.0	2.0	0.0	6.0	2.0	0.0	3.0	0.0	2.0	1.0	2.0	2.0	1.00.0	0.0	0.0	0.0	0.0	0.0	1.0	0.0	0.0
	5p	-	10	515.0	274.0	288.0	477.0	1554.0	1.0	3.0	2.0	2.0	1.0	0.0	1.0	2.0	0.0	2.0	1.0	2.00.0	0.0	0.0	0.0	1.0	0.0	1.0	2.0	0.0
	5p	-	11	519.0	279.0	283.0	470.0	1551.0	0.0	3.0	6.0	5.0	1.0	0.0	2.0	1.0	2.0	2.0	0.0	4.00.0	0.0	0.0	0.0	5.0	0.0	5.0	0.0	0.0
	5p	-	12	519.0	290.0	300.0	441.0	1550.0	4.0	3.0	2.0	0.0	1.0	3.0	1.0	2.0	0.0	0.0	1.0	2.00.0	0.0	0.0	0.0	2.0	0.0	2.0	5.0	0.0
	5p	-	13	539.0	293.0	274.0	442.0	1548.0	1.0	3.0	4.0	4.0	0.0	0.0	3.0	1.0	0.0	3.0	1.0	0.00.0	0.0	0.0	0.0	5.0	0.0	3.0	3.0	0.0
	5p	-	14	513.0	272.0	304.0	466.0	1555.0	1.0	1.0	2.0	5.0	2.0	1.0	1.0	1.0	2.0	1.0	2.0	2.00.0	0.0	0.0	0.0	2.0	0.0	1.0	1.0	0.0
	5p	-	15	513.0	280.0	337.0	425.0	1555.0	1.0	0.0	2.0	3.0	1.0	4.0	0.0	0.0	1.0	1.0	0.0	1.00.0	0.0	0.0	0.0	1.0	0.0	3.0	2.0	0.0
	5p	-	16	522.0	293.0	276.0	466.0	1557.0	1.0	3.0	2.0	3.0	0.0	2.0	2.0	1.0	1.0	2.0	0.0	1.00.0	0.0	0.0	0.0	2.0	0.0	0.0	1.0	0.0
	5p	-	17	522.0	282.0	301.0	452.0	1557.0	3.0	3.0	4.0	5.0	2.0	0.0	3.0	3.0	0.0	1.0	2.0	1.00.0	0.0	0.0	0.0	1.0	0.0	1.0	0.0	0.0
	5p	-	18	521.0	291.0	282.0	464.0	1558.0	2.0	4.0	0.0	2.0	3.0	1.0	1.0	0.0	2.0	1.0	0.0	0.00.0	0.0	0.0	0.0	1.0	0.0	1.0	1.0	0.0
	5p	-	19	521.0	267.0	293.0	472.0	1553.0	5.0	3.0	3.0	2.0	3.0	2.0	2.0	2.0	0.0	0.0	2.0	0.00.0	0.0	0.0	0.0	1.0	0.0	4.0	2.0	0.0
	5p	-	20	523.0	267.0	289.0	471.0	1550.0	3.0	4.0	4.0	4.0	2.0	1.0	2.0	2.0	1.0	1.0	1.0	2.00.0	0.0	0.0	0.0	3.0	0.0	0.0	5.0	0.0
	5p	-	21	508.0	304.0	309.0	434.0	1555.0	1.0	3.0	0.0	2.0	0.0	2.0	2.0	2.0	0.0	1.0	1.0	1.00.0	0.0	0.0	0.0	2.0	0.0	1.0	1.0	0.0
	5p	-	22	507.0	294.0	278.0	476.0	1555.0	1.0	5.0	4.0	0.0	1.0	0.0	2.0	1.0	2.0	1.0	1.0	2.00.0	0.0	0.0	0.0	0.0	0.0	2.0	1.0	0.0
	5p	-	23	493.0	285.0	311.0	465.0	1554.0	1.0	2.0	5.0	2.0	1.0	0.0	1.0	0.0	1.0	0.0	2.0	2.00.0	0.0	0.0	0.0	3.0	0.0	0.0	3.0	0.0
	5p	-	24	515.0	304.0	274.0	460.0	1553.0	0.0	1.0	2.0	3.0	3.0	1.0	6.0	0.0	0.0	0.0	0.0	2.00.0	0.0	0.0	0.0	1.0	0.0	4.0	1.0	0.0
	5p	-	25	518.0	266.0	290.0	482.0	1556.0	2.0	3.0	2.0	3.0	0.0	0.0	2.0	2.0	1.0	0.0	2.0	1.00.0	0.0	0.0	0.0	2.0	0.0	1.0	2.0	0.0
	5p	-	26	569.0	279.0	277.0	435.0	1560.0	5.0	4.0	4.0	1.0	1.0	1.0	4.0	1.0	2.0	1.0	2.0	0.00.0	0.0	0.0	0.0	0.0	0.0	0.0	1.0	0.0
	5p	-	27	555.0	269.0	270.0	466.0	1560.0	8.0	3.0	1.0	2.0	1.0	0.0	2.0	1.0	1.0	2.0	1.0	2.00.0	0.0	0.0	0.0	0.0	0.0	1.0	0.0	0.0
	5p	-	28	519.0	310.0	292.0	438.0	1559.0	4.0	0.0	1.0	2.0	0.0	1.0	2.0	1.0	3.0	3.0	1.0	2.00.0	0.0	0.0	0.0	1.0	0.0	0.0	0.0	0.0
	5p	-	29	542.0	310.0	268.0	439.0	1559.0	7.0	4.0	2.0	5.0	1.0	2.0	2.0	3.0	2.0	1.0	1.0	1.00.0	0.0	0.0	0.0	2.0	0.0	0.0	0.0	0.0
	5p	-	30	558.0	288.0	266.0	447.0	1559.0	0.0	5.0	4.0	0.0	1.0	2.0	2.0	2.0	1.0	1.0	2.0	4.00.0	0.0	0.0	0.0	1.0	0.0	0.0	0.0	0.0
	5p	-	31	505.0	263.0	214.0	421.0	1403.0	0.0	3.0	2.0	4.0	5.0	0.0	0.0	1.0	1.0	0.0	1.0	1.00.0	0.0	0.0	0.0	2.0	0.0	0.0	0.0	0.0
	5p	-	32	479.0	202.0	209.0	394.0	1284.0	2.0	4.0	2.0	1.0	2.0	1.0	0.0	1.0	1.0	1.0	2.0	0.00.0	0.0	0.0	0.0	0.0	0.0	0.0	0.0	0.0
	5p	-	33	406.0	218.0	191.0	366.0	1181.0	1.0	5.0	1.0	1.0	0.0	0.0	0.0	2.0	1.0	2.0	0.0	0.00.0	0.0	0.0	0.0	0.0	0.0	0.0	0.0	0.0
	5p	-	34	432.0	192.0	167.0	319.0	1110.0	3.0	6.0	2.0	1.0	0.0	2.0	0.0	1.0	0.0	1.0	0.0	0.00.0	0.0	0.0	0.0	0.0	0.0	0.0	0.0	0.0
	5p	-	35	377.0	176.0	180.0	304.0	1037.0	3.0	6.0	0.0	1.0	0.0	0.0	2.0	2.0	0.0	1.0	0.0	0.00.0	0.0	0.0	0.0	0.0	0.0	0.0	0.0	0.0
	5p	-	36	324.0	166.0	154.0	314.0	958.0	1.0	13.0	1.0	0.0	0.0	1.0	0.0	1.0	0.0	2.0	0.0	3.00.0	0.0	0.0	0.0	0.0	0.0	0.0	0.0	0.0
	5p	-	37	301.0	147.0	134.0	302.0	884.0	1.0	7.0	2.0	3.0	1.0	1.0	1.0	1.0	1.0	0.0	0.0	1.00.0	0.0	0.0	0.0	1.0	0.0	1.0	0.0	0.0
	5p	-	38	295.0	137.0	125.0	257.0	814.0	2.0	8.0	4.0	2.0	0.0	0.0	0.0	1.0	0.0	1.0	0.0	1.00.0	0.0	0.0	0.0	0.0	0.0	0.0	0.0	0.0
	5p	-	39	267.0	120.0	123.0	240.0	750.0	2.0	4.0	2.0	2.0	0.0	2.0	0.0	0.0	0.0	0.0	1.0	0.00.0	0.0	0.0	0.0	0.0	0.0	0.0	0.0	0.0
	5p	-	40	233.0	113.0	115.0	220.0	681.0	2.0	8.0	2.0	0.0	0.0	1.0	0.0	0.0	0.0	0.0	0.0	1.00.0	0.0	0.0	0.0	0.0	0.0	0.0	0.0	0.0
	5p	-	41	209.0	105.0	116.0	189.0	619.0	0.0	5.0	0.0	1.0	1.0	0.0	0.0	3.0	0.0	1.0	0.0	1.00.0	0.0	0.0	0.0	0.0	0.0	0.0	0.0	0.0
	5p	-	42	172.0	114.0	101.0	170.0	557.0	2.0	7.0	0.0	1.0	0.0	0.0	0.0	1.0	1.0	0.0	0.0	0.00.0	0.0	0.0	0.0	0.0	0.0	0.0	0.0	0.0
	5p	-	43	162.0	97.0	76.0	174.0	509.0	1.0	6.0	2.0	0.0	0.0	0.0	0.0	0.0	1.0	1.0	0.0	0.00.0	0.0	0.0	0.0	0.0	0.0	0.0	0.0	0.0
	5p	-	44	160.0	87.0	78.0	138.0	463.0	0.0	11.0	0.0	0.0	0.0	0.0	0.0	2.0	0.0	0.0	1.0	1.00.0	0.0	0.0	0.0	0.0	0.0	0.0	0.0	0.0
	5p	-	45	129.0	78.0	72.0	139.0	418.0	0.0	1.0	0.0	0.0	1.0	0.0	0.0	0.0	0.0	0.0	0.0	1.00.0	0.0	0.0	0.0	0.0	0.0	0.0	0.0	0.0
	5p	-	46	138.0	62.0	67.0	112.0	379.0	1.0	6.0	1.0	0.0	0.0	1.0	0.0	0.0	0.0	0.0	0.0	1.00.0	0.0	0.0	0.0	0.0	0.0	0.0	0.0	0.0
	5p	-	47	131.0	57.0	64.0	96.0	348.0	0.0	3.0	0.0	0.0	0.0	0.0	0.0	0.0	1.0	0.0	0.0	0.00.0	0.0	0.0	0.0	0.0	0.0	0.0	0.0	0.0
	5p	-	48	114.0	56.0	64.0	84.0	318.0	0.0	7.0	1.0	0.0	0.0	1.0	0.0	0.0	0.0	0.0	0.0	1.00.0	0.0	0.0	0.0	0.0	0.0	0.0	0.0	0.0
	5p	-	49	96.0	49.0	55.0	88.0	288.0	1.0	3.0	0.0	1.0	0.0	0.0	0.0	0.0	0.0	0.0	0.0	1.00.0	0.0	0.0	0.0	0.0	0.0	0.0	0.0	0.0
	5p	-	50	94.0	48.0	40.0	77.0	259.0	1.0	4.0	0.0	1.0	0.0	1.0	0.0	0.0	0.0	0.0	0.0	0.00.0	0.0	0.0	0.0	0.0	0.0	0.0	0.0	0.0
	5p	-	51	88.0	35.0	32.0	77.0	232.0	0.0	4.0	0.0	0.0	0.0	0.0	0.0	0.0	0.0	1.0	0.0	0.00.0	0.0	0.0	0.0	0.0	0.0	0.0	0.0	0.0
	5p	-	52	61.0	38.0	37.0	67.0	203.0	0.0	3.0	0.0	0.0	0.0	0.0	0.0	0.0	0.0	1.0	0.0	0.00.0	0.0	0.0	0.0	0.0	0.0	0.0	0.0	0.0
	5p	-	53	70.0	37.0	25.0	52.0	184.0	0.0	1.0	0.0	0.0	0.0	0.0	0.0	0.0	0.0	0.0	0.0	0.00.0	0.0	0.0	0.0	0.0	0.0	0.0	0.0	0.0
	5p	-	54	59.0	31.0	26.0	52.0	168.0	0.0	3.0	0.0	0.0	0.0	1.0	0.0	0.0	0.0	1.0	0.0	1.00.0	0.0	0.0	0.0	0.0	0.0	0.0	0.0	0.0
	5p	-	55	46.0	22.0	27.0	58.0	153.0	0.0	2.0	0.0	0.0	0.0	0.0	0.0	0.0	0.0	1.0	0.0	0.00.0	0.0	0.0	0.0	0.0	0.0	0.0	0.0	0.0
	5p	-	56	47.0	20.0	24.0	49.0	140.0	0.0	0.0	0.0	0.0	0.0	0.0	0.0	0.0	0.0	0.0	0.0	0.00.0	0.0	0.0	0.0	0.0	0.0	0.0	0.0	0.0
	5p	-	57	45.0	21.0	23.0	37.0	126.0	0.0	1.0	1.0	0.0	0.0	0.0	0.0	0.0	0.0	0.0	0.0	0.00.0	0.0	0.0	0.0	0.0	0.0	0.0	0.0	0.0
	5p	-	58	42.0	21.0	15.0	40.0	118.0	0.0	2.0	0.0	0.0	0.0	0.0	0.0	0.0	0.0	0.0	0.0	0.00.0	0.0	0.0	0.0	0.0	0.0	0.0	0.0	0.0
	5p	-	59	35.0	17.0	20.0	37.0	109.0	1.0	2.0	0.0	0.0	0.0	0.0	0.0	0.0	0.0	0.0	0.0	0.00.0	0.0	0.0	0.0	0.0	0.0	0.0	0.0	0.0
	5p	-	60	29.0	16.0	13.0	38.0	96.0	0.0	0.0	0.0	0.0	0.0	0.0	0.0	0.0	0.0	0.0	0.0	0.00.0	0.0	0.0	0.0	0.0	0.0	0.0	0.0	0.0
	5p	-	61	30.0	14.0	9.0	33.0	86.0	0.0	0.0	0.0	0.0	0.0	0.0	0.0	0.0	0.0	0.0	0.0	0.00.0	0.0	0.0	0.0	0.0	0.0	0.0	0.0	0.0
	5p	-	62	26.0	16.0	14.0	22.0	78.0	0.0	1.0	1.0	0.0	0.0	0.0	0.0	0.0	0.0	0.0	0.0	0.00.0	0.0	0.0	0.0	0.0	0.0	0.0	0.0	0.0
	5p	-	63	19.0	10.0	7.0	35.0	71.0	0.0	1.0	0.0	0.0	0.0	0.0	0.0	0.0	0.0	0.0	0.0	0.00.0	0.0	0.0	0.0	0.0	0.0	0.0	0.0	0.0
	5p	-	64	20.0	14.0	10.0	20.0	64.0	0.0	1.0	0.0	0.0	0.0	0.0	0.0	0.0	0.0	0.0	0.0	0.00.0	0.0	0.0	0.0	0.0	0.0	0.0	0.0	0.0
	5p	-	65	13.0	7.0	10.0	25.0	55.0	0.0	0.0	0.0	0.0	0.0	0.0	0.0	0.0	0.0	0.0	0.0	0.00.0	0.0	0.0	0.0	0.0	0.0	0.0	0.0	0.0
	5p	-	66	14.0	8.0	7.0	17.0	46.0	0.0	2.0	0.0	0.0	0.0	0.0	0.0	0.0	0.0	0.0	0.0	0.00.0	0.0	0.0	0.0	0.0	0.0	0.0	0.0	0.0
	5p	-	67	12.0	3.0	13.0	15.0	43.0	0.0	0.0	0.0	0.0	0.0	0.0	0.0	0.0	0.0	0.0	0.0	0.00.0	0.0	0.0	0.0	0.0	0.0	0.0	0.0	0.0
	5p	-	68	13.0	10.0	6.0	11.0	40.0	0.0	0.0	0.0	0.0	0.0	0.0	0.0	0.0	0.0	0.0	0.0	0.00.0	0.0	0.0	0.0	0.0	0.0	0.0	0.0	0.0
	5p	-	69	11.0	9.0	9.0	9.0	38.0	0.0	2.0	0.0	0.0	0.0	0.0	0.0	0.0	0.0	0.0	0.0	0.00.0	0.0	0.0	0.0	0.0	0.0	0.0	0.0	0.0
	5p	-	70	6.0	7.0	3.0	13.0	29.0	0.0	0.0	0.0	0.0	0.0	0.0	0.0	0.0	0.0	0.0	0.0	0.00.0	0.0	0.0	0.0	0.0	0.0	0.0	0.0	0.0
	5p	-	71	7.0	8.0	2.0	8.0	25.0	0.0	0.0	0.0	0.0	0.0	0.0	0.0	0.0	0.0	0.0	0.0	0.00.0	0.0	0.0	0.0	0.0	0.0	0.0	0.0	0.0
	5p	-	72	8.0	6.0	1.0	7.0	22.0	0.0	1.0	0.0	0.0	0.0	0.0	0.0	0.0	0.0	0.0	0.0	0.00.0	0.0	0.0	0.0	0.0	0.0	0.0	0.0	0.0
	5p	-	73	6.0	2.0	4.0	7.0	19.0	0.0	0.0	0.0	0.0	0.0	0.0	0.0	0.0	0.0	0.0	0.0	0.00.0	0.0	0.0	0.0	0.0	0.0	0.0	0.0	0.0
	5p	-	74	2.0	3.0	6.0	6.0	17.0	0.0	2.0	0.0	0.0	1.0	0.0	0.0	0.0	0.0	0.0	0.0	0.00.0	0.0	0.0	0.0	0.0	0.0	0.0	0.0	0.0
	5p	-	75	3.0	6.0	2.0	4.0	15.0	0.0	2.0	0.0	0.0	0.0	0.0	0.0	0.0	0.0	0.0	0.0	0.00.0	0.0	0.0	0.0	0.0	0.0	0.0	0.0	0.0
	5p	-	76	4.0	1.0	1.0	5.0	11.0	0.0	0.0	0.0	0.0	0.0	0.0	0.0	0.0	0.0	0.0	0.0	0.00.0	0.0	0.0	0.0	0.0	0.0	0.0	0.0	0.0
	5p	-	77	3.0	3.0	1.0	3.0	10.0	0.0	0.0	0.0	0.0	0.0	0.0	0.0	0.0	0.0	0.0	0.0	0.00.0	0.0	0.0	0.0	0.0	0.0	0.0	0.0	0.0
	5p	-	78	1.0	1.0	4.0	4.0	10.0	0.0	0.0	0.0	0.0	0.0	0.0	0.0	0.0	0.0	0.0	0.0	0.00.0	0.0	0.0	0.0	0.0	0.0	0.0	0.0	0.0
	5p	-	79	3.0	4.0	0.0	2.0	9.0	0.0	1.0	0.0	0.0	0.0	0.0	0.0	0.0	0.0	0.0	0.0	0.00.0	0.0	0.0	0.0	0.0	0.0	0.0	0.0	0.0
	5p	-	80	2.0	3.0	2.0	2.0	9.0	0.0	0.0	0.0	0.0	0.0	0.0	0.0	0.0	0.0	0.0	0.0	0.00.0	0.0	0.0	0.0	0.0	0.0	0.0	0.0	0.0
	5p	-	81	1.0	2.0	1.0	3.0	7.0	0.0	0.0	0.0	0.0	0.0	0.0	0.0	0.0	0.0	0.0	0.0	0.00.0	0.0	0.0	0.0	0.0	0.0	0.0	0.0	0.0
	5p	-	82	2.0	2.0	2.0	0.0	6.0	0.0	0.0	0.0	0.0	0.0	0.0	0.0	0.0	0.0	0.0	0.0	0.00.0	0.0	0.0	0.0	0.0	0.0	0.0	0.0	0.0
	5p	-	83	2.0	3.0	0.0	1.0	6.0	0.0	0.0	0.0	0.0	0.0	0.0	0.0	0.0	0.0	0.0	0.0	0.00.0	0.0	0.0	0.0	0.0	0.0	0.0	0.0	0.0
	5p	-	84	2.0	0.0	1.0	1.0	4.0	0.0	0.0	0.0	0.0	0.0	0.0	0.0	0.0	0.0	0.0	0.0	0.00.0	0.0	0.0	0.0	0.0	0.0	0.0	0.0	0.0
	5p	-	85	1.0	0.0	0.0	2.0	3.0	0.0	0.0	1.0	0.0	0.0	0.0	0.0	0.0	0.0	0.0	0.0	0.00.0	0.0	0.0	0.0	0.0	0.0	0.0	0.0	0.0
	5p	-	86	1.0	0.0	1.0	1.0	3.0	0.0	0.0	0.0	0.0	0.0	0.0	0.0	0.0	0.0	0.0	0.0	0.00.0	0.0	0.0	0.0	0.0	0.0	0.0	0.0	0.0
	5p	-	87	2.0	0.0	0.0	0.0	2.0	0.0	0.0	0.0	0.0	0.0	0.0	0.0	0.0	0.0	0.0	0.0	0.00.0	0.0	0.0	0.0	0.0	0.0	0.0	0.0	0.0
	5p	-	88	0.0	0.0	1.0	1.0	2.0	0.0	0.0	0.0	0.0	0.0	0.0	0.0	0.0	0.0	0.0	0.0	0.00.0	0.0	0.0	0.0	0.0	0.0	0.0	0.0	0.0
	5p	-	89	1.0	0.0	0.0	0.0	1.0	0.0	0.0	0.0	0.0	0.0	0.0	0.0	0.0	0.0	0.0	0.0	0.00.0	0.0	0.0	0.0	0.0	0.0	0.0	0.0	0.0
	5p	-	90	1.0	0.0	0.0	0.0	1.0	0.0	0.0	0.0	0.0	0.0	0.0	0.0	0.0	0.0	0.0	0.0	0.00.0	0.0	0.0	0.0	0.0	0.0	0.0	0.0	0.0
	5p	-	91	0.0	1.0	0.0	0.0	1.0	0.0	0.0	0.0	0.0	0.0	0.0	0.0	0.0	0.0	0.0	0.0	0.00.0	0.0	0.0	0.0	0.0	0.0	0.0	0.0	0.0
	5p	-	92	0.0	0.0	0.0	0.0	0.0	0.0	0.0	0.0	0.0	0.0	0.0	0.0	0.0	0.0	0.0	0.0	0.00.0	0.0	0.0	0.0	0.0	0.0	0.0	0.0	0.0
	5p	-	93	0.0	0.0	0.0	0.0	0.0	0.0	0.0	0.0	0.0	0.0	0.0	0.0	0.0	0.0	0.0	0.0	0.00.0	0.0	0.0	0.0	0.0	0.0	0.0	0.0	0.0
	5p	-	94	0.0	0.0	0.0	0.0	0.0	0.0	0.0	0.0	0.0	0.0	0.0	0.0	0.0	0.0	0.0	0.0	0.00.0	0.0	0.0	0.0	0.0	0.0	0.0	0.0	0.0
	5p	-	95	0.0	0.0	0.0	0.0	0.0	0.0	0.0	0.0	0.0	0.0	0.0	0.0	0.0	0.0	0.0	0.0	0.00.0	0.0	0.0	0.0	0.0	0.0	0.0	0.0	0.0
	5p	-	96	0.0	0.0	0.0	0.0	0.0	0.0	0.0	0.0	0.0	0.0	0.0	0.0	0.0	0.0	0.0	0.0	0.00.0	0.0	0.0	0.0	0.0	0.0	0.0	0.0	0.0
	5p	-	97	0.0	0.0	0.0	0.0	0.0	0.0	0.0	0.0	0.0	0.0	0.0	0.0	0.0	0.0	0.0	0.0	0.00.0	0.0	0.0	0.0	0.0	0.0	0.0	0.0	0.0
	5p	-	98	0.0	0.0	0.0	0.0	0.0	0.0	0.0	0.0	0.0	0.0	0.0	0.0	0.0	0.0	0.0	0.0	0.00.0	0.0	0.0	0.0	0.0	0.0	0.0	0.0	0.0
	5p	-	99	0.0	0.0	0.0	0.0	0.0	0.0	0.0	0.0	0.0	0.0	0.0	0.0	0.0	0.0	0.0	0.0	0.00.0	0.0	0.0	0.0	0.0	0.0	0.0	0.0	0.0
	5p	-	100	0.0	0.0	0.0	0.0	0.0	0.0	0.0	0.0	0.0	0.0	0.0	0.0	0.0	0.0	0.0	0.0	0.00.0	0.0	0.0	0.0	0.0	0.0	0.0	0.0	0.0
