# table produced by DamageProfiler
# using mapped file ScA045.BuffaloCape_Human_nc.Target.rmdup.noMicro.bam
# Sample ID: ScA045.BuffaloCape_Human_nc.Target.rmdup.noMicro.bam
Pos	C>T	G>A	A>C	A>G	A>T	C>A	C>G	G>C	G>T	T>A	T>C	T>G	->ACGT	ACGT>-
0	0.061454	0.006917	0.001837	0.003963	0.002094	0.003368	0.001503	0.001586	0.007806	0.002337	0.003279	0.001954	0.000000	0.000000
1	0.013157	0.004884	0.001215	0.002989	0.001840	0.001706	0.001218	0.001403	0.006495	0.001850	0.002513	0.001920	0.000011	0.000000
2	0.008634	0.004017	0.000728	0.002778	0.001422	0.002145	0.000965	0.000760	0.004669	0.002004	0.002769	0.000875	0.000063	0.000000
3	0.008053	0.003224	0.001209	0.002876	0.001307	0.002231	0.001088	0.000988	0.003901	0.001507	0.002148	0.001357	0.000116	0.000000
4	0.006130	0.003305	0.000804	0.002380	0.001072	0.002353	0.001149	0.001312	0.003778	0.001454	0.002726	0.001526	0.000444	0.000000
5	0.006900	0.003348	0.000859	0.002888	0.001066	0.002263	0.001159	0.001133	0.003451	0.001177	0.002318	0.001462	0.000539	0.000000
6	0.006568	0.002877	0.000858	0.002078	0.000924	0.002171	0.001002	0.001046	0.004394	0.001798	0.002275	0.000954	0.000570	0.000000
7	0.006925	0.003466	0.000739	0.002408	0.001060	0.001843	0.001117	0.001320	0.004072	0.001895	0.002769	0.001057	0.000486	0.000000
8	0.005884	0.003451	0.001002	0.002618	0.000646	0.002017	0.001233	0.001113	0.003951	0.001147	0.002294	0.000824	0.000613	0.000000
9	0.006531	0.004009	0.001193	0.002816	0.000729	0.001591	0.000713	0.001208	0.003845	0.001177	0.002211	0.001248	0.000549	0.000000
10	0.005385	0.003627	0.000985	0.001970	0.000985	0.001305	0.001142	0.001116	0.003851	0.001040	0.002222	0.000753	0.000465	0.000000
11	0.004767	0.003520	0.000764	0.002025	0.001229	0.002303	0.000643	0.001118	0.003520	0.001466	0.002610	0.000787	0.000528	0.000000
12	0.005357	0.004207	0.000786	0.002719	0.000819	0.001312	0.000875	0.001122	0.003758	0.001142	0.001856	0.000857	0.000592	0.000000
13	0.005800	0.004080	0.000913	0.002446	0.001076	0.001160	0.000829	0.001006	0.003577	0.001322	0.002251	0.001001	0.000634	0.000000
14	0.005136	0.003797	0.000856	0.002503	0.000823	0.001748	0.000601	0.000949	0.004132	0.001460	0.002742	0.001246	0.000507	0.000000
15	0.005898	0.004772	0.000921	0.002533	0.000954	0.001543	0.000661	0.000888	0.004939	0.000748	0.001958	0.000748	0.000581	0.000000
16	0.006446	0.003747	0.000657	0.002531	0.001052	0.001653	0.001377	0.000992	0.004793	0.000967	0.003115	0.001038	0.000592	0.000000
17	0.005020	0.004451	0.000726	0.002903	0.001122	0.001473	0.001201	0.000501	0.003784	0.001212	0.002495	0.000927	0.000560	0.000000
18	0.005338	0.002616	0.001016	0.002491	0.000983	0.000980	0.001253	0.001280	0.004118	0.001115	0.002301	0.000827	0.000592	0.000000
19	0.006323	0.003483	0.000922	0.002403	0.000955	0.001799	0.000763	0.000829	0.003538	0.001006	0.001868	0.001006	0.000518	0.000000
20	0.005905	0.003810	0.000924	0.002376	0.000858	0.002221	0.001354	0.001233	0.004146	0.000821	0.001963	0.000892	0.000528	0.000000
21	0.004998	0.003689	0.001314	0.002332	0.001018	0.002064	0.000815	0.001062	0.003465	0.001003	0.002221	0.000931	0.000592	0.000000
22	0.005974	0.004388	0.000885	0.002261	0.000885	0.001973	0.000987	0.001055	0.003166	0.001435	0.002439	0.001363	0.000634	0.000000
23	0.005200	0.003582	0.000883	0.002485	0.000752	0.001660	0.000609	0.001287	0.003694	0.000995	0.002275	0.001386	0.000475	0.000000
24	0.006124	0.003262	0.000979	0.002544	0.000750	0.002097	0.000717	0.001631	0.003431	0.000925	0.001458	0.000818	0.000380	0.000000
