# table produced by DamageProfiler
# using mapped file ScA045.BuffaloCape_Human_nc.Target.rmdup.noMicro.bam
# Sample ID: ScA045.BuffaloCape_Human_nc.Target.rmdup.noMicro.bam
Chr	End	Std	Pos	A	C	G	T	Total
	3p	+	1	18685	6456	5945	16412	47498
	3p	+	2	17179	10051	7114	13154	47498
	3p	+	3	16706	9402	8640	12750	47498
	3p	+	4	16721	9129	8507	13141	47498
	3p	+	5	16950	8668	8360	13520	47498
	3p	+	6	17188	8686	8569	13055	47498
	3p	+	7	16126	8923	8761	13688	47498
	3p	+	8	16370	8582	8827	13719	47498
	3p	+	9	16057	8810	8861	13770	47498
	3p	+	10	15496	9089	8872	14041	47498
	3p	+	11	15572	9066	8897	13963	47498
	3p	+	12	15453	9217	8965	13863	47498
	3p	+	13	15277	8984	8885	14352	47498
	3p	+	14	15379	9094	9086	13939	47498
	3p	+	15	15341	9048	9025	14084	47498
	3p	+	16	15473	8990	9093	13942	47498
	3p	+	17	15443	8980	8816	14259	47498
	3p	+	18	15358	9091	8892	14157	47498
	3p	+	19	15219	9169	8928	14182	47498
	3p	+	20	15276	9214	8910	14098	47498
	3p	+	21	15033	9332	9055	14078	47498
	3p	+	22	15378	9038	8856	14226	47498
	3p	+	23	15257	9117	8983	14141	47498
	3p	+	24	15469	8959	8966	14104	47498
	3p	+	25	15222	8965	9012	14298	47497
	3p	+	26	15307	9097	9023	14071	47498
	3p	+	27	15350	8977	9044	14127	47498
	3p	+	28	15232	9154	8986	14126	47498
	3p	+	29	15181	9178	8942	14197	47498
	3p	+	30	15211	9236	9048	14003	47498
	3p	+	31	14721	9127	8768	13863	46479
	3p	+	32	14451	8746	8873	13539	45609
	3p	+	33	14354	8560	8569	13378	44861
	3p	+	34	14274	8462	8325	13061	44122
	3p	+	35	13969	8190	8242	12888	43289
	3p	+	36	13959	7961	7940	12627	42487
	3p	+	37	13396	7921	7794	12532	41643
	3p	+	38	13149	7723	7763	12150	40785
	3p	+	39	12841	7714	7568	11794	39917
	3p	+	40	12351	7483	7448	11704	38986
	3p	+	41	12138	7196	7188	11477	37999
	3p	+	42	11796	7052	7103	11020	36971
	3p	+	43	11464	6792	6871	10824	35951
	3p	+	44	11207	6703	6764	10347	35021
	3p	+	45	11063	6251	6585	10182	34081
	3p	+	46	10723	6293	6227	9827	33070
	3p	+	47	10307	6091	6103	9630	32131
	3p	+	48	9933	5897	5969	9315	31114
	3p	+	49	9683	5663	5689	9047	30082
	3p	+	50	9408	5510	5584	8594	29096
	3p	+	51	8977	5309	5493	8277	28056
	3p	+	52	8714	4973	5214	8172	27073
	3p	+	53	8368	4993	4992	7779	26132
	3p	+	54	7980	4825	4792	7565	25162
	3p	+	55	7745	4600	4649	7219	24213
	3p	+	56	7366	4498	4400	7005	23269
	3p	+	57	7144	4298	4326	6609	22377
	3p	+	58	6847	4114	4046	6449	21456
	3p	+	59	6658	3922	3884	6102	20566
	3p	+	60	6245	3753	3772	5915	19685
	3p	+	61	6031	3589	3570	5647	18837
	3p	+	62	5621	3514	3472	5363	17970
	3p	+	63	5360	3262	3412	5111	17145
	3p	+	64	5131	3046	3191	4964	16332
	3p	+	65	4921	2906	2983	4706	15516
	3p	+	66	4640	2750	2874	4508	14772
	3p	+	67	4425	2671	2745	4175	14016
	3p	+	68	4140	2558	2545	3984	13227
	3p	+	69	3947	2430	2307	3785	12469
	3p	+	70	3820	2264	2164	3536	11784
	3p	+	71	3525	2120	2116	3326	11087
	3p	+	72	3291	1940	1969	3186	10386
	3p	+	73	3094	1814	1871	2924	9703
	3p	+	74	2828	1775	1674	2747	9024
	3p	+	75	2527	1616	1636	2567	8346
	3p	+	76	2483	1352	1459	2420	7714
	3p	+	77	2301	1347	1350	2114	7112
	3p	+	78	2038	1219	1301	1969	6527
	3p	+	79	1867	1143	1165	1773	5948
	3p	+	80	1766	1010	1022	1584	5382
	3p	+	81	1552	887	929	1473	4841
	3p	+	82	1331	826	836	1303	4296
	3p	+	83	1182	683	737	1192	3794
	3p	+	84	999	672	643	1008	3322
	3p	+	85	868	530	595	879	2872
	3p	+	86	742	485	434	737	2398
	3p	+	87	623	373	386	594	1976
	3p	+	88	462	275	306	515	1558
	3p	+	89	372	202	192	362	1128
	3p	+	90	236	133	128	235	732
	3p	+	91	126	68	67	98	359
	3p	+	92	0	0	0	0	0
	3p	+	93	0	0	0	0	0
	3p	+	94	0	0	0	0	0
	3p	+	95	0	0	0	0	0
	3p	+	96	0	0	0	0	0
	3p	+	97	0	0	0	0	0
	3p	+	98	0	0	0	0	0
	3p	+	99	0	0	0	0	0
	3p	+	100	0	0	0	0	0
	3p	-	1	18461	6381	5951	16466	47259
	3p	-	2	17107	10076	7115	12961	47259
	3p	-	3	16367	9607	8469	12816	47259
	3p	-	4	16862	9242	8166	12989	47259
	3p	-	5	17101	8474	8408	13276	47259
	3p	-	6	17138	8431	8529	13161	47259
	3p	-	7	16469	8809	8591	13390	47259
	3p	-	8	16378	8623	8656	13602	47259
	3p	-	9	15901	8900	8712	13746	47259
	3p	-	10	15462	8939	8800	14058	47259
	3p	-	11	15594	9057	8910	13698	47259
	3p	-	12	15346	9171	8878	13864	47259
	3p	-	13	15324	9249	8824	13862	47259
	3p	-	14	15381	9032	8960	13886	47259
	3p	-	15	15339	9057	8876	13987	47259
	3p	-	16	15329	9005	8773	14152	47259
	3p	-	17	15300	9111	8763	14085	47259
	3p	-	18	15303	9074	8963	13919	47259
	3p	-	19	15323	9005	8951	13980	47259
	3p	-	20	15243	9036	8823	14157	47259
	3p	-	21	15090	9234	8869	14066	47259
	3p	-	22	15257	8987	8968	14047	47259
	3p	-	23	15395	8886	8808	14170	47259
	3p	-	24	15426	8989	8914	13930	47259
	3p	-	25	15269	8865	9037	14088	47259
	3p	-	26	15168	9005	9031	14055	47259
	3p	-	27	15350	9058	9065	13786	47259
	3p	-	28	15265	9124	8817	14053	47259
	3p	-	29	15316	9188	8681	14074	47259
	3p	-	30	15117	9313	8904	13925	47259
	3p	-	31	14846	8999	8803	13613	46261
	3p	-	32	14574	8717	8755	13347	45393
	3p	-	33	14430	8488	8610	13074	44602
	3p	-	34	13970	8509	8281	13085	43845
	3p	-	35	14051	8093	8179	12721	43044
	3p	-	36	13601	8144	8080	12391	42216
	3p	-	37	13364	7975	7843	12213	41395
	3p	-	38	12957	7809	7614	12104	40484
	3p	-	39	12581	7731	7525	11758	39595
	3p	-	40	12365	7455	7332	11518	38670
	3p	-	41	12046	7290	7320	11037	37693
	3p	-	42	11809	6958	6862	11102	36731
	3p	-	43	11401	6832	6833	10660	35726
	3p	-	44	11254	6583	6662	10267	34766
	3p	-	45	10794	6457	6461	10046	33758
	3p	-	46	10419	6407	6270	9741	32837
	3p	-	47	10211	6039	6144	9485	31879
	3p	-	48	9848	5895	6043	9164	30950
	3p	-	49	9697	5681	5612	9015	30005
	3p	-	50	9215	5633	5498	8673	29019
	3p	-	51	8934	5376	5283	8415	28008
	3p	-	52	8538	5266	5037	8142	26983
	3p	-	53	8457	4873	4962	7717	26009
	3p	-	54	8140	4696	4795	7425	25056
	3p	-	55	7689	4563	4638	7230	24120
	3p	-	56	7382	4380	4422	7054	23238
	3p	-	57	7094	4225	4184	6785	22288
	3p	-	58	6756	4146	4047	6372	21321
	3p	-	59	6503	3950	3869	6142	20464
	3p	-	60	6090	3868	3656	5913	19527
	3p	-	61	5863	3640	3577	5570	18650
	3p	-	62	5646	3414	3369	5351	17780
	3p	-	63	5285	3215	3243	5200	16943
	3p	-	64	5127	3124	3158	4736	16145
	3p	-	65	4856	2951	2945	4609	15361
	3p	-	66	4684	2796	2792	4320	14592
	3p	-	67	4391	2646	2627	4174	13838
	3p	-	68	4092	2540	2475	3999	13106
	3p	-	69	3892	2424	2289	3759	12364
	3p	-	70	3611	2306	2141	3546	11604
	3p	-	71	3429	2094	2082	3288	10893
	3p	-	72	3192	1915	1969	3107	10183
	3p	-	73	2918	1848	1810	2966	9542
	3p	-	74	2795	1691	1711	2727	8924
	3p	-	75	2622	1589	1589	2511	8311
	3p	-	76	2381	1444	1564	2333	7722
	3p	-	77	2268	1354	1355	2176	7153
	3p	-	78	2037	1251	1252	2037	6577
	3p	-	79	1821	1113	1120	1941	5995
	3p	-	80	1722	1029	1032	1662	5445
	3p	-	81	1557	912	913	1533	4915
	3p	-	82	1404	765	833	1366	4368
	3p	-	83	1197	720	742	1195	3854
	3p	-	84	1037	637	639	1028	3341
	3p	-	85	898	555	521	885	2859
	3p	-	86	802	446	460	723	2431
	3p	-	87	614	364	362	638	1978
	3p	-	88	496	300	291	471	1558
	3p	-	89	368	232	195	358	1153
	3p	-	90	224	167	134	243	768
	3p	-	91	116	67	52	130	365
	3p	-	92	0	0	0	0	0
	3p	-	93	0	0	0	0	0
	3p	-	94	0	0	0	0	0
	3p	-	95	0	0	0	0	0
	3p	-	96	0	0	0	0	0
	3p	-	97	0	0	0	0	0
	3p	-	98	0	0	0	0	0
	3p	-	99	0	0	0	0	0
	3p	-	100	0	0	0	0	0
	5p	+	1	15651	9081	7873	14893	47498
	5p	+	2	15243	8076	9742	14422	47483
	5p	+	3	15273	9195	9177	13853	47498
	5p	+	4	15331	9205	9677	13285	47498
	5p	+	5	15070	9137	9516	13775	47498
	5p	+	6	14605	9066	9863	13964	47498
	5p	+	7	15105	9006	9569	13818	47498
	5p	+	8	15657	8922	9056	13863	47498
	5p	+	9	15680	8883	8972	13963	47498
	5p	+	10	15182	9040	9242	14034	47498
	5p	+	11	15365	9157	8938	14038	47498
	5p	+	12	15107	9367	8935	14089	47498
	5p	+	13	15296	9164	8810	14228	47498
	5p	+	14	15331	9130	8855	14182	47498
	5p	+	15	15173	9165	8949	14209	47496
	5p	+	16	15330	9022	9012	14134	47498
	5p	+	17	15201	9105	9096	14096	47498
	5p	+	18	15255	9099	9051	14093	47498
	5p	+	19	15301	9212	9025	13960	47498
	5p	+	20	15126	9068	9037	14267	47498
	5p	+	21	15130	9196	9005	14167	47498
	5p	+	22	15206	9198	8963	14131	47498
	5p	+	23	15251	9204	9075	13968	47498
	5p	+	24	15273	8934	9010	14281	47498
	5p	+	25	15278	9055	8951	14214	47498
	5p	+	26	15391	8930	9013	14164	47498
	5p	+	27	15559	8876	9098	13965	47498
	5p	+	28	15473	8945	8999	14081	47498
	5p	+	29	15670	9173	8761	13894	47498
	5p	+	30	15672	9312	8676	13838	47498
	5p	+	31	15306	8941	8605	13627	46479
	5p	+	32	14978	8659	8492	13480	45609
	5p	+	33	14843	8567	8303	13148	44861
	5p	+	34	14547	8313	8167	13095	44122
	5p	+	35	14244	8275	8052	12718	43289
	5p	+	36	14105	8167	7690	12525	42487
	5p	+	37	13777	7917	7787	12162	41643
	5p	+	38	13471	7650	7596	12068	40785
	5p	+	39	13220	7488	7434	11775	39917
	5p	+	40	12926	7214	7229	11617	38986
	5p	+	41	12527	7110	7019	11343	37999
	5p	+	42	12031	7005	6851	11084	36971
	5p	+	43	11925	6819	6558	10649	35951
	5p	+	44	11559	6642	6382	10438	35021
	5p	+	45	11171	6429	6274	10207	34081
	5p	+	46	11121	6140	6043	9766	33070
	5p	+	47	10723	5924	5844	9640	32131
	5p	+	48	10321	5776	5752	9265	31114
	5p	+	49	10004	5548	5524	9006	30082
	5p	+	50	9643	5430	5386	8637	29096
	5p	+	51	9284	5260	5115	8398	28057
	5p	+	52	8830	5179	4989	8077	27075
	5p	+	53	8487	4967	4785	7893	26132
	5p	+	54	8254	4823	4574	7511	25162
	5p	+	55	8134	4436	4383	7261	24214
	5p	+	56	7550	4461	4384	6874	23269
	5p	+	57	7512	4226	3970	6669	22377
	5p	+	58	7096	3963	3932	6466	21457
	5p	+	59	6812	3838	3780	6136	20566
	5p	+	60	6458	3711	3594	5922	19685
	5p	+	61	6308	3555	3364	5612	18839
	5p	+	62	5939	3459	3243	5329	17970
	5p	+	63	5732	3268	3126	5019	17145
	5p	+	64	5377	3110	2976	4870	16333
	5p	+	65	5281	2890	2747	4599	15517
	5p	+	66	4928	2842	2693	4309	14772
	5p	+	67	4628	2596	2523	4269	14016
	5p	+	68	4320	2520	2422	3966	13228
	5p	+	69	4267	2259	2241	3702	12469
	5p	+	70	3955	2220	2129	3481	11785
	5p	+	71	3660	2128	2006	3293	11087
	5p	+	72	3458	1949	1877	3103	10387
	5p	+	73	3219	1858	1726	2900	9703
	5p	+	74	2993	1700	1614	2717	9024
	5p	+	75	2761	1644	1467	2475	8347
	5p	+	76	2573	1436	1374	2332	7715
	5p	+	77	2389	1298	1277	2148	7112
	5p	+	78	2206	1183	1185	1954	6528
	5p	+	79	2058	1107	1067	1716	5948
	5p	+	80	1779	1023	967	1613	5382
	5p	+	81	1645	905	821	1470	4841
	5p	+	82	1489	835	718	1254	4296
	5p	+	83	1293	688	630	1183	3794
	5p	+	84	1180	554	554	1035	3323
	5p	+	85	967	560	474	871	2872
	5p	+	86	856	419	377	746	2398
	5p	+	87	711	358	318	589	1976
	5p	+	88	580	264	233	481	1558
	5p	+	89	408	185	175	360	1128
	5p	+	90	256	121	87	268	732
	5p	+	91	129	47	37	146	359
	5p	+	92	0	0	0	0	0
	5p	+	93	0	0	0	0	0
	5p	+	94	0	0	0	0	0
	5p	+	95	0	0	0	0	0
	5p	+	96	0	0	0	0	0
	5p	+	97	0	0	0	0	0
	5p	+	98	0	0	0	0	0
	5p	+	99	0	0	0	0	0
	5p	+	100	0	0	0	0	0
	5p	-	1	15379	9114	7836	14930	47259
	5p	-	2	15178	8210	9421	14440	47249
	5p	-	3	14986	9346	9196	13731	47259
	5p	-	4	15254	9081	9540	13384	47259
	5p	-	5	14806	9110	9533	13810	47259
	5p	-	6	14505	8996	9577	14181	47259
	5p	-	7	15262	8920	9521	13556	47259
	5p	-	8	15525	8944	9104	13686	47259
	5p	-	9	15291	8933	8997	14038	47259
	5p	-	10	15027	9159	8961	14112	47259
	5p	-	11	15119	9219	8951	13970	47259
	5p	-	12	15065	9298	8937	13959	47259
	5p	-	13	15261	9110	8998	13890	47259
	5p	-	14	15362	8961	9028	13908	47259
	5p	-	15	15233	9140	8941	13944	47258
	5p	-	16	15095	9090	8955	14119	47259
	5p	-	17	15254	9031	9026	13948	47259
	5p	-	18	15085	9204	8921	14049	47259
	5p	-	19	15202	9150	8944	13963	47259
	5p	-	20	15276	9227	9046	13710	47259
	5p	-	21	15208	9215	8826	14010	47259
	5p	-	22	15254	9210	8916	13879	47259
	5p	-	23	15340	9014	8917	13988	47259
	5p	-	24	15333	9142	8847	13936	47258
	5p	-	25	15397	9014	8814	14034	47259
	5p	-	26	15272	9127	8954	13905	47258
	5p	-	27	15434	9102	8951	13772	47259
	5p	-	28	15552	9061	8809	13837	47259
	5p	-	29	15510	9103	8785	13861	47259
	5p	-	30	15675	9061	8716	13807	47259
	5p	-	31	15261	8923	8378	13699	46261
	5p	-	32	14943	8689	8312	13449	45393
	5p	-	33	14630	8533	8285	13154	44602
	5p	-	34	14678	8213	7983	12971	43845
	5p	-	35	14363	8039	8057	12585	43044
	5p	-	36	14003	7934	7871	12408	42216
	5p	-	37	13685	7828	7613	12269	41395
	5p	-	38	13512	7740	7300	11932	40484
	5p	-	39	13262	7501	7228	11604	39595
	5p	-	40	12828	7433	6997	11412	38670
	5p	-	41	12531	7229	6948	10985	37693
	5p	-	42	12093	6971	6781	10886	36731
	5p	-	43	11694	6771	6587	10674	35726
	5p	-	44	11362	6587	6491	10326	34766
	5p	-	45	11114	6486	6109	10049	33758
	5p	-	46	10865	6283	5902	9787	32837
	5p	-	47	10442	6123	5862	9452	31879
	5p	-	48	10320	5867	5585	9178	30950
	5p	-	49	10064	5611	5415	8915	30005
	5p	-	50	9403	5522	5331	8763	29019
	5p	-	51	9420	5205	5046	8337	28008
	5p	-	52	8960	5121	4921	7982	26984
	5p	-	53	8708	5009	4646	7648	26011
	5p	-	54	8286	4780	4549	7441	25056
	5p	-	55	7956	4594	4378	7194	24122
	5p	-	56	7763	4321	4224	6930	23238
	5p	-	57	7514	4177	4049	6548	22288
	5p	-	58	7194	3874	3865	6388	21321
	5p	-	59	6750	3834	3826	6054	20464
	5p	-	60	6432	3751	3491	5853	19527
	5p	-	61	6111	3546	3384	5610	18651
	5p	-	62	6025	3258	3270	5227	17780
	5p	-	63	5506	3154	3108	5176	16944
	5p	-	64	5236	3094	2921	4895	16146
	5p	-	65	5006	2926	2787	4642	15361
	5p	-	66	4897	2718	2569	4408	14592
	5p	-	67	4587	2597	2508	4146	13838
	5p	-	68	4254	2561	2318	3973	13106
	5p	-	69	4145	2330	2250	3639	12364
	5p	-	70	3829	2147	2168	3461	11605
	5p	-	71	3652	1974	1935	3333	10894
	5p	-	72	3423	1912	1780	3068	10183
	5p	-	73	3191	1765	1668	2918	9542
	5p	-	74	2986	1643	1601	2694	8924
	5p	-	75	2771	1520	1457	2563	8311
	5p	-	76	2571	1457	1353	2341	7722
	5p	-	77	2433	1327	1226	2167	7153
	5p	-	78	2216	1184	1211	1966	6577
	5p	-	79	2066	1065	1070	1794	5995
	5p	-	80	1957	1047	924	1518	5446
	5p	-	81	1649	890	907	1469	4915
	5p	-	82	1530	818	731	1289	4368
	5p	-	83	1345	659	644	1207	3855
	5p	-	84	1149	645	578	969	3341
	5p	-	85	1028	545	470	816	2859
	5p	-	86	853	460	376	742	2431
	5p	-	87	736	344	300	598	1978
	5p	-	88	554	289	228	487	1558
	5p	-	89	406	222	177	349	1154
	5p	-	90	309	138	107	214	768
	5p	-	91	145	39	50	131	365
	5p	-	92	0	0	0	0	0
	5p	-	93	0	0	0	0	0
	5p	-	94	0	0	0	0	0
	5p	-	95	0	0	0	0	0
	5p	-	96	0	0	0	0	0
	5p	-	97	0	0	0	0	0
	5p	-	98	0	0	0	0	0
	5p	-	99	0	0	0	0	0
	5p	-	100	0	0	0	0	0
