# table produced by DamageProfiler
# using mapped file ScA005.BuffaloCape_Human_nc.Target.rmdup.noMicro.bam
# Sample ID: ScA005.BuffaloCape_Human_nc.Target.rmdup.noMicro.bam
Pos	C>T	G>A	A>C	A>G	A>T	C>A	C>G	G>C	G>T	T>A	T>C	T>G	->ACGT	ACGT>-
24	0.007657	0.003807	0.000569	0.003182	0.000584	0.001303	0.000900	0.000889	0.001500	0.000723	0.002422	0.000769	0.000378	0.000000
23	0.008231	0.003973	0.000529	0.003049	0.000639	0.001386	0.000817	0.000828	0.001705	0.000773	0.002299	0.000826	0.000429	0.000000
22	0.008410	0.003689	0.000713	0.003070	0.000547	0.001353	0.000904	0.000799	0.001418	0.000809	0.002334	0.000763	0.000410	0.000000
21	0.007839	0.003802	0.000601	0.003183	0.000576	0.001254	0.000962	0.000798	0.001451	0.000730	0.002459	0.000753	0.000402	0.000000
20	0.007660	0.003928	0.000583	0.003013	0.000555	0.001393	0.000917	0.000753	0.001403	0.000745	0.002353	0.000718	0.000403	0.000000
19	0.007968	0.003946	0.000630	0.003217	0.000589	0.001320	0.000832	0.000804	0.001598	0.000723	0.002310	0.000773	0.000397	0.000000
18	0.007897	0.003901	0.000665	0.003024	0.000619	0.001345	0.000820	0.000833	0.001381	0.000765	0.002318	0.000727	0.000400	0.000000
17	0.008103	0.004035	0.000555	0.002995	0.000571	0.001443	0.000877	0.000811	0.001490	0.000784	0.002304	0.000750	0.000393	0.000000
16	0.007753	0.003951	0.000608	0.003156	0.000604	0.001645	0.000964	0.000808	0.001434	0.000788	0.002375	0.000780	0.000375	0.000000
15	0.007926	0.003983	0.000655	0.002990	0.000587	0.001355	0.000805	0.000740	0.001470	0.000755	0.002352	0.000697	0.000340	0.000000
14	0.007607	0.004070	0.000622	0.003273	0.000650	0.001359	0.000859	0.000830	0.001428	0.000730	0.002462	0.000875	0.000381	0.000000
13	0.008107	0.003993	0.000577	0.003002	0.000645	0.001517	0.000959	0.000770	0.001609	0.000730	0.002554	0.000700	0.000357	0.000000
12	0.008117	0.004309	0.000636	0.003134	0.000747	0.001614	0.000933	0.000793	0.001556	0.000762	0.002218	0.000751	0.000342	0.000000
11	0.007768	0.004339	0.000620	0.003291	0.000608	0.001400	0.000861	0.000720	0.001440	0.000763	0.002413	0.000817	0.000305	0.000000
10	0.008305	0.004250	0.000638	0.003203	0.000577	0.001558	0.000862	0.000720	0.001619	0.000801	0.002372	0.000758	0.000318	0.000000
9	0.008256	0.004511	0.000604	0.003306	0.000556	0.001649	0.000963	0.000763	0.001615	0.000799	0.002370	0.000872	0.000292	0.000000
8	0.008641	0.004777	0.000513	0.003067	0.000481	0.001637	0.000916	0.000802	0.001614	0.000879	0.002357	0.000739	0.000305	0.000000
7	0.008976	0.005044	0.000536	0.002931	0.000588	0.001660	0.001012	0.000901	0.001688	0.000855	0.002231	0.000732	0.000278	0.000000
6	0.009157	0.005048	0.000600	0.003070	0.000580	0.001824	0.001008	0.000851	0.001605	0.000864	0.002546	0.000928	0.000250	0.000000
5	0.009953	0.004900	0.000598	0.003128	0.000674	0.002058	0.001198	0.000714	0.001488	0.001013	0.002478	0.000823	0.000206	0.000000
4	0.011008	0.005340	0.000518	0.003153	0.000642	0.001980	0.001202	0.000667	0.001339	0.001038	0.002227	0.000984	0.000147	0.000000
3	0.010840	0.005259	0.000712	0.003286	0.000760	0.002260	0.001163	0.000700	0.001717	0.001276	0.002506	0.001052	0.000090	0.000000
2	0.008805	0.005579	0.000911	0.003472	0.000893	0.002348	0.001047	0.000845	0.001506	0.001827	0.003317	0.001341	0.000034	0.000000
1	0.039371	0.008715	0.001268	0.003451	0.001416	0.002561	0.001034	0.001254	0.001746	0.002257	0.003949	0.001602	0.000005	0.000000
0	0.101753	0.011524	0.001056	0.003623	0.001679	0.004988	0.001775	0.001206	0.001936	0.004061	0.004778	0.002140	0.000000	0.000000
