# table produced by DamageProfiler
# using mapped file ScA005.BuffaloCape_Human_nc.Target.rmdup.noMicro.bam
# Sample ID: ScA005.BuffaloCape_Human_nc.Target.rmdup.noMicro.bam
Pos	C>T	G>A	A>C	A>G	A>T	C>A	C>G	G>C	G>T	T>A	T>C	T>G	->ACGT	ACGT>-
0	0.036068	0.026408	0.005428	0.020347	0.018586	0.016401	0.006781	0.003074	0.016447	0.024954	0.006998	0.005678	0.000000	0.000000
1	0.022585	0.011931	0.003686	0.010626	0.008254	0.006944	0.004088	0.001526	0.009495	0.011441	0.005044	0.002785	0.000003	0.000000
2	0.013758	0.006165	0.001853	0.005684	0.003372	0.003036	0.001893	0.000971	0.004222	0.004553	0.003823	0.001705	0.000021	0.000000
3	0.011126	0.004344	0.001089	0.004291	0.001545	0.001905	0.001364	0.000942	0.001952	0.002059	0.003416	0.001403	0.000059	0.000000
4	0.010718	0.003704	0.000773	0.003763	0.000955	0.001464	0.001030	0.000775	0.001742	0.001168	0.002862	0.001040	0.000128	0.000000
5	0.010176	0.003375	0.000815	0.004289	0.000685	0.001226	0.001129	0.000713	0.001596	0.000792	0.002692	0.000950	0.000178	0.000000
6	0.009556	0.003479	0.000786	0.003569	0.000623	0.001410	0.000938	0.000838	0.001533	0.000752	0.002407	0.000820	0.000179	0.000000
7	0.010050	0.003703	0.000644	0.003209	0.000554	0.001345	0.001014	0.000791	0.001544	0.000838	0.002416	0.000890	0.000207	0.000000
8	0.009625	0.003473	0.000515	0.003439	0.000531	0.001373	0.000983	0.000872	0.001400	0.000707	0.002390	0.000913	0.000210	0.000000
9	0.009653	0.003455	0.000546	0.003439	0.000611	0.001503	0.001059	0.000781	0.001505	0.000672	0.002289	0.000867	0.000212	0.000000
10	0.009116	0.003620	0.000571	0.003167	0.000515	0.001256	0.000917	0.000776	0.001566	0.000634	0.002290	0.000830	0.000199	0.000000
11	0.009087	0.003426	0.000610	0.003084	0.000489	0.001422	0.001020	0.000922	0.001486	0.000722	0.002318	0.000769	0.000215	0.000000
12	0.009186	0.003314	0.000554	0.003060	0.000554	0.001267	0.000872	0.000759	0.001667	0.000703	0.002201	0.000823	0.000260	0.000000
13	0.008881	0.003623	0.000522	0.003063	0.000525	0.001450	0.000930	0.000792	0.001521	0.000689	0.002304	0.000754	0.000242	0.000000
14	0.008499	0.003570	0.000535	0.003016	0.000494	0.001408	0.000989	0.000855	0.001615	0.000684	0.002477	0.000810	0.000256	0.000000
15	0.008545	0.003689	0.000562	0.003132	0.000581	0.001385	0.000917	0.000784	0.001558	0.000728	0.002483	0.000766	0.000287	0.000000
16	0.008209	0.003832	0.000600	0.003116	0.000522	0.001195	0.000981	0.000840	0.001530	0.000759	0.002385	0.000702	0.000317	0.000000
17	0.008148	0.003612	0.000577	0.003123	0.000665	0.001353	0.000963	0.000728	0.001649	0.000717	0.002400	0.000809	0.000329	0.000000
18	0.008386	0.003431	0.000549	0.003107	0.000611	0.001459	0.001027	0.000877	0.001504	0.000693	0.002357	0.000803	0.000323	0.000000
19	0.008375	0.003519	0.000608	0.003281	0.000614	0.001272	0.000861	0.000787	0.001378	0.000686	0.002181	0.000675	0.000276	0.000000
20	0.007729	0.003849	0.000551	0.003013	0.000614	0.001440	0.000872	0.000748	0.001461	0.000688	0.002286	0.000718	0.000332	0.000000
21	0.007847	0.003901	0.000585	0.003212	0.000607	0.001437	0.000831	0.000839	0.001538	0.000840	0.002347	0.000759	0.000325	0.000000
22	0.008232	0.003903	0.000610	0.003161	0.000620	0.001300	0.000815	0.000834	0.001624	0.000733	0.002198	0.000741	0.000355	0.000000
23	0.008119	0.003853	0.000512	0.003077	0.000584	0.001200	0.001078	0.000735	0.001508	0.000793	0.002165	0.000816	0.000332	0.000000
24	0.008270	0.003969	0.000506	0.003134	0.000580	0.001603	0.001035	0.000776	0.001373	0.000696	0.002254	0.000789	0.000290	0.000000
