# table produced by DamageProfiler
# using mapped file RxA017.ReedbuckBh_Human_nc.Target.rmdup.noMicro.bam
# Sample ID: RxA017.ReedbuckBh_Human_nc.Target.rmdup.noMicro.bam
Pos	C>T	G>A	A>C	A>G	A>T	C>A	C>G	G>C	G>T	T>A	T>C	T>G	->ACGT	ACGT>-
24	0.010330	0.009529	0.002543	0.004602	0.001817	0.003136	0.002214	0.002528	0.004278	0.002031	0.005017	0.001792	0.001361	0.000000
23	0.010673	0.010552	0.001863	0.006639	0.003028	0.002859	0.003431	0.002435	0.005073	0.001423	0.007355	0.001661	0.001692	0.000000
22	0.007873	0.011556	0.002133	0.005332	0.002370	0.002880	0.002112	0.002789	0.004981	0.001992	0.004804	0.002695	0.001324	0.000000
21	0.009580	0.008511	0.002944	0.007065	0.002473	0.003832	0.001150	0.003167	0.003761	0.002136	0.005695	0.001068	0.001545	0.000000
20	0.009996	0.011905	0.001906	0.006194	0.002859	0.003268	0.002115	0.001786	0.003373	0.001755	0.006553	0.002808	0.001766	0.000000
19	0.010009	0.006269	0.001913	0.005021	0.001793	0.003336	0.001854	0.003438	0.004853	0.002120	0.006949	0.001531	0.001250	0.000000
18	0.011573	0.009562	0.002473	0.005771	0.002355	0.003035	0.002087	0.001394	0.005378	0.001308	0.005468	0.002140	0.001434	0.000000
17	0.010478	0.008542	0.001902	0.006182	0.002021	0.002096	0.002667	0.002185	0.005761	0.001765	0.004942	0.002000	0.001692	0.000000
16	0.009480	0.009455	0.002268	0.005609	0.001910	0.004461	0.002230	0.003822	0.005633	0.002242	0.006962	0.002360	0.001029	0.000000
15	0.009278	0.008522	0.002387	0.006445	0.002864	0.002969	0.002041	0.002973	0.003964	0.001314	0.005254	0.002747	0.001655	0.000000
14	0.009417	0.007985	0.002951	0.007437	0.002833	0.004062	0.002031	0.003071	0.005119	0.002016	0.007233	0.001779	0.001140	0.000000
13	0.009357	0.009174	0.002597	0.006493	0.002833	0.004965	0.001146	0.001171	0.004490	0.001795	0.005266	0.002393	0.001839	0.000000
12	0.009296	0.007514	0.001523	0.006796	0.003750	0.003605	0.002466	0.003452	0.006499	0.001891	0.007444	0.002009	0.001581	0.000000
11	0.010620	0.009802	0.002918	0.005486	0.001751	0.004099	0.002236	0.001429	0.004901	0.002036	0.007305	0.002155	0.001766	0.000000
10	0.011604	0.009464	0.003008	0.006363	0.002429	0.002853	0.002473	0.002618	0.004631	0.002645	0.006732	0.002164	0.001692	0.000000
9	0.012605	0.008276	0.002676	0.006166	0.002210	0.004393	0.002483	0.001773	0.004729	0.001809	0.005186	0.001447	0.001397	0.000000
8	0.012923	0.007834	0.001694	0.006890	0.003275	0.003525	0.002741	0.002611	0.004219	0.002182	0.005090	0.003394	0.001692	0.000000
7	0.012623	0.011852	0.002545	0.004204	0.001659	0.004142	0.001775	0.002611	0.005625	0.002094	0.006406	0.001601	0.001029	0.000000
6	0.012917	0.011371	0.002224	0.006449	0.002335	0.003856	0.001157	0.002843	0.005076	0.001853	0.005313	0.000865	0.001250	0.000000
5	0.011109	0.008253	0.001932	0.005474	0.003005	0.004364	0.003372	0.003623	0.004630	0.003040	0.006460	0.001647	0.000661	0.000000
4	0.012087	0.013370	0.002693	0.004525	0.002801	0.004221	0.002111	0.004032	0.004032	0.003486	0.006474	0.001992	0.000330	0.000000
3	0.013435	0.012282	0.002578	0.007304	0.003437	0.004539	0.002542	0.002456	0.006476	0.003146	0.006796	0.001636	0.000147	0.000000
2	0.011847	0.018367	0.003274	0.006548	0.004542	0.005077	0.001692	0.003319	0.005532	0.005037	0.007177	0.002266	0.000000	0.000000
1	0.091145	0.019845	0.003092	0.004155	0.002899	0.006918	0.002075	0.003608	0.006186	0.004285	0.007327	0.002212	0.000037	0.000000
0	0.287549	0.023775	0.002899	0.003599	0.004799	0.011319	0.001959	0.004403	0.011447	0.003463	0.005303	0.001299	0.000000	0.000000
