# table produced by DamageProfiler
# using mapped file RxA017.ReedbuckBh_Human_nc.Target.rmdup.noMicro.bam
# Sample ID: RxA017.ReedbuckBh_Human_nc.Target.rmdup.noMicro.bam
Chr	End	Std	Pos	A	C	G	T	Total	G>A	C>T	A>G	T>C	A>C	A>T	C>G	C>A	T>G	T>A	G>C	G>T	A>-	T>-	C>-	G>-	->A	->T	->C	->G	S
	3p	+	1	4980.0	2316.0	1679.0	4546.0	13521.0	38.0	598.0	19.0	27.0	12.0	22.0	5.0	23.0	8.0	17.0	5.0	15.0	0.0	0.0	0.0	0.0	0.0	0.0	0.0	0.0	0.0
	3p	+	2	5180.0	2805.0	1950.0	3585.0	13520.0	31.0	248.0	18.0	21.0	18.0	14.0	7.0	22.0	11.0	13.0	9.0	14.0	0.0	0.0	0.0	0.0	0.0	0.0	0.0	0.0	0.0
	3p	+	3	4743.0	2626.0	2220.0	3933.0	13522.0	44.0	26.0	28.0	21.0	13.0	18.0	6.0	16.0	10.0	18.0	9.0	9.0	0.0	0.0	0.0	0.0	0.0	0.0	0.0	0.0	0.0
	3p	+	4	4626.0	2753.0	2275.0	3868.0	13522.0	38.0	38.0	36.0	25.0	10.0	11.0	7.0	12.0	8.0	7.0	7.0	15.0	0.0	0.0	0.0	0.0	0.0	0.0	0.0	0.0	0.0
	3p	+	5	4561.0	2584.0	2380.0	3996.0	13521.0	27.0	35.0	20.0	19.0	14.0	12.0	2.0	11.0	9.0	11.0	10.0	7.0	0.0	0.0	0.0	0.0	0.0	0.0	0.0	1.0	0.0
	3p	+	6	4630.0	2565.0	2386.0	3932.0	13513.0	18.0	25.0	20.0	29.0	10.0	12.0	11.0	8.0	7.0	10.0	10.0	9.0	0.0	0.0	0.0	0.0	4.0	0.0	1.0	2.0	0.0
	3p	+	7	4485.0	2603.0	2482.0	3936.0	13506.0	28.0	36.0	26.0	19.0	6.0	13.0	5.0	8.0	4.0	5.0	10.0	9.0	0.0	0.0	0.0	0.0	3.0	0.0	5.0	2.0	0.0
	3p	+	8	4524.0	2519.0	2443.0	4023.0	13509.0	35.0	29.0	20.0	25.0	13.0	8.0	2.0	8.0	7.0	6.0	6.0	13.0	0.0	0.0	0.0	0.0	1.0	0.0	3.0	2.0	0.0
	3p	+	9	4370.0	2559.0	2490.0	4079.0	13498.0	26.0	34.0	31.0	20.0	4.0	14.0	10.0	8.0	12.0	6.0	7.0	7.0	0.0	0.0	0.0	0.0	5.0	0.0	5.0	8.0	0.0
	3p	+	10	4322.0	2572.0	2481.0	4125.0	13500.0	23.0	36.0	26.0	23.0	15.0	10.0	6.0	10.0	7.0	7.0	4.0	15.0	0.0	0.0	0.0	0.0	7.0	0.0	3.0	9.0	0.0
	3p	+	11	4303.0	2641.0	2477.0	4082.0	13503.0	27.0	31.0	27.0	29.0	16.0	14.0	5.0	7.0	9.0	7.0	9.0	9.0	0.0	0.0	0.0	0.0	9.0	0.0	3.0	5.0	0.0
	3p	+	12	4247.0	2673.0	2454.0	4119.0	13493.0	24.0	26.0	23.0	33.0	12.0	9.0	5.0	9.0	11.0	12.0	3.0	14.0	0.0	0.0	0.0	0.0	7.0	0.0	10.0	6.0	0.0
	3p	+	13	4241.0	2602.0	2511.0	4142.0	13496.0	20.0	20.0	27.0	28.0	9.0	15.0	7.0	9.0	9.0	10.0	11.0	11.0	0.0	0.0	0.0	0.0	10.0	0.0	8.0	5.0	0.0
	3p	+	14	4265.0	2591.0	2489.0	4148.0	13493.0	25.0	23.0	23.0	24.0	10.0	12.0	3.0	15.0	8.0	6.0	1.0	13.0	0.0	0.0	0.0	0.0	6.0	0.0	9.0	8.0	0.0
	3p	+	15	4165.0	2711.0	2455.0	4171.0	13502.0	13.0	26.0	34.0	23.0	10.0	11.0	7.0	13.0	6.0	8.0	7.0	12.0	0.0	0.0	0.0	0.0	6.0	0.0	4.0	4.0	0.0
	3p	+	16	4207.0	2646.0	2538.0	4099.0	13490.0	24.0	15.0	22.0	22.0	8.0	15.0	5.0	9.0	8.0	5.0	8.0	10.0	0.0	0.0	0.0	0.0	11.0	0.0	10.0	6.0	0.0
	3p	+	17	4169.0	2706.0	2451.0	4175.0	13501.0	30.0	21.0	27.0	31.0	8.0	7.0	3.0	12.0	12.0	11.0	11.0	14.0	0.0	0.0	0.0	0.0	4.0	0.0	3.0	5.0	0.0
	3p	+	18	4182.0	2562.0	2516.0	4234.0	13494.0	25.0	23.0	24.0	17.0	9.0	12.0	8.0	4.0	8.0	7.0	6.0	15.0	0.0	0.0	0.0	0.0	8.0	0.0	9.0	7.0	0.0
	3p	+	19	4218.0	2649.0	2499.0	4125.0	13491.0	24.0	36.0	28.0	16.0	6.0	6.0	6.0	10.0	8.0	8.0	5.0	15.0	0.0	0.0	0.0	0.0	11.0	0.0	7.0	6.0	0.0
	3p	+	20	4198.0	2681.0	2471.0	4142.0	13492.0	17.0	25.0	16.0	33.0	4.0	7.0	3.0	10.0	1.0	10.0	7.0	12.0	0.0	0.0	0.0	0.0	13.0	0.0	4.0	6.0	0.0
	3p	+	21	4162.0	2576.0	2480.0	4267.0	13485.0	32.0	27.0	26.0	25.0	7.0	12.0	4.0	7.0	13.0	4.0	5.0	9.0	0.0	0.0	0.0	0.0	10.0	0.0	8.0	10.0	0.0
	3p	+	22	4217.0	2575.0	2502.0	4196.0	13490.0	20.0	28.0	26.0	17.0	14.0	9.0	3.0	12.0	6.0	13.0	6.0	8.0	0.0	0.0	0.0	0.0	11.0	0.0	7.0	6.0	0.0
	3p	+	23	4153.0	2632.0	2485.0	4224.0	13494.0	27.0	21.0	27.0	23.0	7.0	11.0	4.0	5.0	13.0	8.0	6.0	12.0	0.0	0.0	0.0	0.0	9.0	0.0	9.0	5.0	0.0
	3p	+	24	4251.0	2629.0	2454.0	4159.0	13493.0	20.0	28.0	30.0	30.0	5.0	17.0	8.0	9.0	5.0	3.0	6.0	9.0	0.0	0.0	0.0	0.0	15.0	0.0	7.0	2.0	0.0
	3p	+	25	4118.0	2677.0	2532.0	4162.0	13489.0	24.0	26.0	11.0	24.0	13.0	7.0	8.0	14.0	6.0	6.0	5.0	14.0	0.0	0.0	0.0	0.0	9.0	0.0	8.0	4.0	0.0
	3p	+	26	4192.0	2593.0	2480.0	4226.0	13491.0	23.0	20.0	26.0	22.0	9.0	4.0	5.0	8.0	5.0	9.0	5.0	12.0	0.0	0.0	0.0	0.0	6.0	0.0	11.0	4.0	0.0
	3p	+	27	4264.0	2604.0	2539.0	4084.0	13491.0	25.0	30.0	25.0	26.0	8.0	12.0	1.0	9.0	7.0	5.0	6.0	9.0	0.0	0.0	0.0	0.0	6.0	0.0	4.0	8.0	0.0
	3p	+	28	4252.0	2656.0	2478.0	4117.0	13503.0	22.0	37.0	34.0	29.0	10.0	12.0	4.0	10.0	13.0	5.0	10.0	9.0	0.0	0.0	0.0	0.0	7.0	0.0	4.0	1.0	0.0
	3p	+	29	4190.0	2614.0	2610.0	4096.0	13510.0	25.0	28.0	23.0	24.0	11.0	16.0	4.0	9.0	15.0	8.0	2.0	13.0	0.0	0.0	0.0	0.0	6.0	0.0	1.0	2.0	0.0
	3p	+	30	4198.0	2607.0	2511.0	4195.0	13511.0	21.0	38.0	21.0	24.0	8.0	8.0	6.0	11.0	9.0	13.0	8.0	13.0	0.0	0.0	0.0	0.0	5.0	0.0	1.0	0.0	0.0
	3p	+	31	4019.0	2498.0	2406.0	4027.0	12950.0	26.0	32.0	24.0	17.0	8.0	12.0	7.0	5.0	6.0	6.0	3.0	13.0	0.0	0.0	0.0	0.0	2.0	0.0	1.0	0.0	0.0
	3p	+	32	3885.0	2490.0	2318.0	3838.0	12531.0	25.0	37.0	17.0	26.0	1.0	6.0	3.0	10.0	7.0	6.0	6.0	8.0	0.0	0.0	0.0	0.0	4.0	0.0	1.0	1.0	0.0
	3p	+	33	3811.0	2300.0	2268.0	3802.0	12181.0	23.0	22.0	27.0	18.0	6.0	8.0	3.0	8.0	2.0	4.0	6.0	7.0	0.0	0.0	0.0	0.0	3.0	0.0	0.0	1.0	0.0
	3p	+	34	3638.0	2233.0	2227.0	3717.0	11815.0	12.0	21.0	21.0	23.0	7.0	3.0	4.0	5.0	10.0	4.0	3.0	10.0	0.0	0.0	0.0	0.0	0.0	0.0	1.0	0.0	0.0
	3p	+	35	3519.0	2224.0	2167.0	3568.0	11478.0	16.0	33.0	24.0	15.0	5.0	9.0	5.0	9.0	7.0	1.0	2.0	12.0	0.0	0.0	0.0	0.0	4.0	0.0	0.0	2.0	0.0
	3p	+	36	3361.0	2182.0	2076.0	3487.0	11106.0	20.0	28.0	25.0	20.0	9.0	4.0	4.0	7.0	8.0	6.0	5.0	14.0	0.0	0.0	0.0	0.0	4.0	0.0	1.0	2.0	0.0
	3p	+	37	3230.0	2094.0	2049.0	3337.0	10710.0	13.0	35.0	25.0	24.0	8.0	7.0	2.0	7.0	2.0	3.0	3.0	9.0	0.0	0.0	0.0	0.0	4.0	0.0	2.0	2.0	0.0
	3p	+	38	3186.0	2008.0	1899.0	3240.0	10333.0	12.0	33.0	21.0	19.0	5.0	6.0	4.0	6.0	5.0	4.0	4.0	5.0	0.0	0.0	0.0	0.0	3.0	0.0	1.0	0.0	0.0
	3p	+	39	3056.0	1973.0	1866.0	3067.0	9962.0	22.0	25.0	21.0	17.0	4.0	2.0	5.0	6.0	3.0	5.0	4.0	10.0	0.0	0.0	0.0	0.0	2.0	0.0	2.0	1.0	0.0
	3p	+	40	2955.0	1860.0	1816.0	2980.0	9611.0	16.0	26.0	26.0	12.0	5.0	3.0	0.0	7.0	5.0	3.0	6.0	6.0	0.0	0.0	0.0	0.0	2.0	0.0	0.0	1.0	0.0
	3p	+	41	2895.0	1747.0	1701.0	2907.0	9250.0	15.0	28.0	26.0	13.0	10.0	8.0	1.0	7.0	3.0	7.0	2.0	4.0	0.0	0.0	0.0	0.0	3.0	0.0	1.0	0.0	0.0
	3p	+	42	2794.0	1703.0	1619.0	2758.0	8874.0	21.0	24.0	16.0	12.0	3.0	4.0	3.0	6.0	5.0	6.0	4.0	10.0	0.0	0.0	0.0	0.0	1.0	0.0	1.0	1.0	0.0
	3p	+	43	2613.0	1594.0	1592.0	2703.0	8502.0	18.0	27.0	16.0	15.0	6.0	5.0	2.0	7.0	8.0	4.0	6.0	13.0	0.0	0.0	0.0	0.0	1.0	0.0	0.0	0.0	0.0
	3p	+	44	2548.0	1516.0	1485.0	2596.0	8145.0	13.0	27.0	21.0	11.0	7.0	7.0	0.0	7.0	4.0	1.0	1.0	7.0	0.0	0.0	0.0	0.0	2.0	0.0	0.0	0.0	0.0
	3p	+	45	2412.0	1505.0	1405.0	2464.0	7786.0	22.0	24.0	21.0	10.0	9.0	4.0	2.0	2.0	3.0	5.0	1.0	6.0	0.0	0.0	0.0	0.0	0.0	0.0	1.0	0.0	0.0
	3p	+	46	2280.0	1438.0	1406.0	2329.0	7453.0	16.0	30.0	21.0	11.0	4.0	3.0	2.0	5.0	0.0	1.0	2.0	6.0	0.0	0.0	0.0	0.0	1.0	0.0	1.0	0.0	0.0
	3p	+	47	2246.0	1385.0	1269.0	2205.0	7105.0	20.0	24.0	11.0	13.0	3.0	6.0	3.0	2.0	2.0	5.0	3.0	2.0	0.0	0.0	0.0	0.0	2.0	0.0	0.0	0.0	0.0
	3p	+	48	2062.0	1249.0	1289.0	2183.0	6783.0	16.0	19.0	17.0	2.0	4.0	3.0	0.0	3.0	5.0	2.0	3.0	9.0	0.0	0.0	0.0	0.0	1.0	0.0	1.0	1.0	0.0
	3p	+	49	1979.0	1210.0	1239.0	2040.0	6468.0	11.0	17.0	22.0	9.0	2.0	2.0	1.0	4.0	3.0	5.0	2.0	4.0	0.0	0.0	0.0	0.0	1.0	0.0	0.0	0.0	0.0
	3p	+	50	1896.0	1184.0	1134.0	1958.0	6172.0	9.0	28.0	13.0	10.0	6.0	3.0	1.0	1.0	4.0	4.0	4.0	5.0	0.0	0.0	0.0	0.0	1.0	0.0	0.0	0.0	0.0
	3p	+	51	1860.0	1141.0	1082.0	1796.0	5879.0	7.0	20.0	11.0	10.0	4.0	4.0	0.0	5.0	1.0	3.0	0.0	7.0	0.0	0.0	0.0	0.0	0.0	0.0	0.0	0.0	0.0
	3p	+	52	1724.0	1097.0	1073.0	1687.0	5581.0	10.0	19.0	8.0	9.0	3.0	3.0	5.0	7.0	3.0	3.0	1.0	6.0	0.0	0.0	0.0	0.0	0.0	0.0	0.0	0.0	0.0
	3p	+	53	1599.0	1004.0	985.0	1707.0	5295.0	13.0	16.0	8.0	11.0	2.0	3.0	0.0	5.0	5.0	1.0	4.0	6.0	0.0	0.0	0.0	0.0	2.0	0.0	0.0	1.0	0.0
	3p	+	54	1591.0	897.0	925.0	1605.0	5018.0	11.0	14.0	15.0	14.0	3.0	3.0	2.0	2.0	3.0	2.0	2.0	6.0	0.0	0.0	0.0	0.0	0.0	0.0	0.0	0.0	0.0
	3p	+	55	1475.0	928.0	853.0	1489.0	4745.0	5.0	13.0	11.0	7.0	5.0	5.0	0.0	5.0	1.0	4.0	5.0	5.0	0.0	0.0	0.0	0.0	0.0	0.0	0.0	0.0	0.0
	3p	+	56	1380.0	871.0	838.0	1397.0	4486.0	7.0	11.0	6.0	10.0	4.0	2.0	0.0	3.0	4.0	4.0	2.0	2.0	0.0	0.0	0.0	0.0	0.0	0.0	0.0	1.0	0.0
	3p	+	57	1246.0	772.0	831.0	1355.0	4204.0	6.0	10.0	9.0	9.0	3.0	3.0	2.0	3.0	0.0	1.0	4.0	8.0	0.0	0.0	0.0	0.0	0.0	0.0	0.0	0.0	0.0
	3p	+	58	1241.0	735.0	752.0	1226.0	3954.0	6.0	11.0	9.0	7.0	2.0	1.0	2.0	1.0	2.0	5.0	1.0	7.0	0.0	0.0	0.0	0.0	1.0	0.0	0.0	0.0	0.0
	3p	+	59	1162.0	702.0	697.0	1152.0	3713.0	9.0	14.0	7.0	6.0	2.0	2.0	4.0	3.0	2.0	4.0	0.0	5.0	0.0	0.0	0.0	0.0	0.0	0.0	0.0	0.0	0.0
	3p	+	60	1103.0	648.0	668.0	1081.0	3500.0	4.0	12.0	9.0	4.0	1.0	3.0	2.0	3.0	1.0	3.0	3.0	7.0	0.0	0.0	0.0	0.0	1.0	0.0	1.0	0.0	0.0
	3p	+	61	1057.0	594.0	611.0	1016.0	3278.0	4.0	14.0	9.0	3.0	3.0	5.0	0.0	1.0	3.0	4.0	2.0	7.0	0.0	0.0	0.0	0.0	5.0	0.0	0.0	0.0	0.0
	3p	+	62	932.0	586.0	588.0	974.0	3080.0	1.0	10.0	7.0	2.0	2.0	5.0	0.0	4.0	1.0	3.0	3.0	2.0	0.0	0.0	0.0	0.0	2.0	0.0	0.0	1.0	0.0
	3p	+	63	881.0	567.0	548.0	890.0	2886.0	4.0	17.0	6.0	3.0	1.0	3.0	2.0	4.0	3.0	1.0	2.0	2.0	0.0	0.0	0.0	0.0	0.0	0.0	0.0	0.0	0.0
	3p	+	64	821.0	520.0	498.0	836.0	2675.0	3.0	7.0	6.0	6.0	0.0	3.0	3.0	4.0	2.0	0.0	1.0	3.0	0.0	0.0	0.0	0.0	2.0	0.0	0.0	0.0	0.0
	3p	+	65	741.0	487.0	489.0	814.0	2531.0	8.0	10.0	6.0	6.0	3.0	3.0	0.0	2.0	3.0	1.0	0.0	3.0	0.0	0.0	0.0	0.0	0.0	0.0	0.0	0.0	0.0
	3p	+	66	696.0	477.0	397.0	758.0	2328.0	6.0	11.0	6.0	4.0	2.0	2.0	0.0	2.0	3.0	2.0	0.0	0.0	0.0	0.0	0.0	0.0	0.0	0.0	0.0	0.0	0.0
	3p	+	67	661.0	435.0	401.0	665.0	2162.0	1.0	7.0	8.0	4.0	0.0	1.0	1.0	3.0	0.0	1.0	0.0	4.0	0.0	0.0	0.0	0.0	0.0	0.0	0.0	0.0	0.0
	3p	+	68	579.0	387.0	388.0	664.0	2018.0	2.0	11.0	4.0	3.0	0.0	0.0	3.0	4.0	0.0	1.0	0.0	1.0	0.0	0.0	0.0	0.0	0.0	0.0	0.0	0.0	0.0
	3p	+	69	579.0	362.0	338.0	595.0	1874.0	1.0	5.0	5.0	3.0	0.0	1.0	1.0	1.0	3.0	2.0	1.0	0.0	0.0	0.0	0.0	0.0	0.0	0.0	0.0	0.0	0.0
	3p	+	70	507.0	346.0	323.0	571.0	1747.0	2.0	7.0	1.0	8.0	2.0	1.0	1.0	1.0	4.0	4.0	0.0	0.0	0.0	0.0	0.0	0.0	2.0	0.0	0.0	0.0	0.0
	3p	+	71	500.0	285.0	265.0	556.0	1606.0	3.0	4.0	5.0	1.0	1.0	2.0	0.0	1.0	3.0	2.0	0.0	1.0	0.0	0.0	0.0	0.0	1.0	0.0	0.0	0.0	0.0
	3p	+	72	455.0	307.0	270.0	458.0	1490.0	0.0	6.0	3.0	2.0	4.0	0.0	0.0	3.0	1.0	0.0	0.0	0.0	0.0	0.0	0.0	0.0	0.0	0.0	0.0	0.0	0.0
	3p	+	73	431.0	261.0	277.0	428.0	1397.0	4.0	7.0	4.0	3.0	1.0	1.0	0.0	0.0	0.0	1.0	0.0	1.0	0.0	0.0	0.0	0.0	0.0	0.0	0.0	0.0	0.0
	3p	+	74	392.0	233.0	270.0	385.0	1280.0	4.0	2.0	2.0	1.0	1.0	2.0	1.0	0.0	1.0	2.0	1.0	2.0	0.0	0.0	0.0	0.0	0.0	0.0	0.0	0.0	0.0
	3p	+	75	353.0	239.0	223.0	347.0	1162.0	2.0	4.0	4.0	0.0	0.0	1.0	1.0	1.0	1.0	0.0	0.0	1.0	0.0	0.0	0.0	0.0	0.0	0.0	0.0	0.0	0.0
	3p	+	76	327.0	190.0	223.0	326.0	1066.0	2.0	1.0	1.0	2.0	0.0	2.0	0.0	1.0	0.0	0.0	1.0	1.0	0.0	0.0	0.0	0.0	0.0	0.0	0.0	0.0	0.0
	3p	+	77	324.0	173.0	191.0	304.0	992.0	2.0	7.0	1.0	0.0	0.0	0.0	2.0	1.0	0.0	4.0	1.0	1.0	0.0	0.0	0.0	0.0	0.0	0.0	0.0	0.0	0.0
	3p	+	78	262.0	185.0	166.0	269.0	882.0	3.0	4.0	2.0	1.0	1.0	1.0	1.0	1.0	2.0	1.0	1.0	0.0	0.0	0.0	0.0	0.0	0.0	0.0	0.0	0.0	0.0
	3p	+	79	236.0	127.0	140.0	269.0	772.0	2.0	2.0	0.0	4.0	0.0	0.0	2.0	0.0	2.0	0.0	0.0	0.0	0.0	0.0	0.0	0.0	0.0	0.0	0.0	0.0	0.0
	3p	+	80	213.0	127.0	112.0	236.0	688.0	1.0	3.0	1.0	1.0	0.0	0.0	2.0	0.0	0.0	0.0	1.0	1.0	0.0	0.0	0.0	0.0	0.0	0.0	0.0	0.0	0.0
	3p	+	81	172.0	121.0	130.0	181.0	604.0	1.0	2.0	2.0	1.0	0.0	0.0	1.0	0.0	0.0	0.0	0.0	0.0	0.0	0.0	0.0	0.0	0.0	0.0	0.0	0.0	0.0
	3p	+	82	155.0	111.0	84.0	186.0	536.0	3.0	4.0	0.0	0.0	0.0	1.0	0.0	1.0	0.0	0.0	0.0	0.0	0.0	0.0	0.0	0.0	0.0	0.0	0.0	0.0	0.0
	3p	+	83	152.0	79.0	85.0	159.0	475.0	2.0	2.0	2.0	1.0	2.0	0.0	1.0	0.0	0.0	1.0	0.0	0.0	0.0	0.0	0.0	0.0	0.0	0.0	0.0	0.0	0.0
	3p	+	84	122.0	86.0	68.0	141.0	417.0	1.0	2.0	0.0	1.0	1.0	0.0	0.0	0.0	1.0	0.0	0.0	0.0	0.0	0.0	0.0	0.0	1.0	0.0	0.0	0.0	0.0
	3p	+	85	103.0	65.0	60.0	119.0	347.0	0.0	2.0	0.0	0.0	0.0	0.0	0.0	0.0	0.0	0.0	0.0	0.0	0.0	0.0	0.0	0.0	0.0	0.0	0.0	0.0	0.0
	3p	+	86	96.0	53.0	49.0	85.0	283.0	0.0	2.0	3.0	1.0	0.0	0.0	0.0	0.0	0.0	0.0	0.0	0.0	0.0	0.0	0.0	0.0	0.0	0.0	0.0	0.0	0.0
	3p	+	87	77.0	39.0	50.0	64.0	230.0	0.0	1.0	0.0	0.0	0.0	0.0	0.0	0.0	0.0	0.0	0.0	1.0	0.0	0.0	0.0	0.0	0.0	0.0	0.0	0.0	0.0
	3p	+	88	49.0	35.0	37.0	60.0	181.0	0.0	1.0	1.0	0.0	0.0	1.0	0.0	0.0	0.0	0.0	0.0	0.0	0.0	0.0	0.0	0.0	0.0	0.0	0.0	0.0	0.0
	3p	+	89	38.0	24.0	26.0	53.0	141.0	0.0	2.0	0.0	0.0	0.0	0.0	0.0	1.0	0.0	0.0	1.0	0.0	0.0	0.0	0.0	0.0	0.0	0.0	0.0	0.0	0.0
	3p	+	90	32.0	10.0	9.0	37.0	88.0	0.0	0.0	0.0	0.0	0.0	0.0	0.0	0.0	0.0	1.0	0.0	0.0	0.0	0.0	0.0	0.0	0.0	0.0	0.0	0.0	0.0
	3p	+	91	12.0	13.0	9.0	18.0	52.0	0.0	1.0	0.0	0.0	0.0	0.0	0.0	0.0	1.0	0.0	0.0	0.0	0.0	0.0	0.0	0.0	0.0	0.0	0.0	0.0	0.0
	3p	+	92	0.0	0.0	0.0	0.0	0.0	0.0	0.0	0.0	0.0	0.0	0.0	0.0	0.0	0.0	0.0	0.0	0.0	0.0	0.0	0.0	0.0	0.0	0.0	0.0	0.0	0.0
	3p	+	93	0.0	0.0	0.0	0.0	0.0	0.0	0.0	0.0	0.0	0.0	0.0	0.0	0.0	0.0	0.0	0.0	0.0	0.0	0.0	0.0	0.0	0.0	0.0	0.0	0.0	0.0
	3p	+	94	0.0	0.0	0.0	0.0	0.0	0.0	0.0	0.0	0.0	0.0	0.0	0.0	0.0	0.0	0.0	0.0	0.0	0.0	0.0	0.0	0.0	0.0	0.0	0.0	0.0	0.0
	3p	+	95	0.0	0.0	0.0	0.0	0.0	0.0	0.0	0.0	0.0	0.0	0.0	0.0	0.0	0.0	0.0	0.0	0.0	0.0	0.0	0.0	0.0	0.0	0.0	0.0	0.0	0.0
	3p	+	96	0.0	0.0	0.0	0.0	0.0	0.0	0.0	0.0	0.0	0.0	0.0	0.0	0.0	0.0	0.0	0.0	0.0	0.0	0.0	0.0	0.0	0.0	0.0	0.0	0.0	0.0
	3p	+	97	0.0	0.0	0.0	0.0	0.0	0.0	0.0	0.0	0.0	0.0	0.0	0.0	0.0	0.0	0.0	0.0	0.0	0.0	0.0	0.0	0.0	0.0	0.0	0.0	0.0	0.0
	3p	+	98	0.0	0.0	0.0	0.0	0.0	0.0	0.0	0.0	0.0	0.0	0.0	0.0	0.0	0.0	0.0	0.0	0.0	0.0	0.0	0.0	0.0	0.0	0.0	0.0	0.0	0.0
	3p	+	99	0.0	0.0	0.0	0.0	0.0	0.0	0.0	0.0	0.0	0.0	0.0	0.0	0.0	0.0	0.0	0.0	0.0	0.0	0.0	0.0	0.0	0.0	0.0	0.0	0.0	0.0
	3p	+	100	0.0	0.0	0.0	0.0	0.0	0.0	0.0	0.0	0.0	0.0	0.0	0.0	0.0	0.0	0.0	0.0	0.0	0.0	0.0	0.0	0.0	0.0	0.0	0.0	0.0	0.0
	3p	-	1	5023.0	2278.0	1728.0	4694.0	13723.0	43.0	723.0	17.0	22.0	17.0	26.0	4.0	29.0	4.0	15.0	10.0	24.00.0	0.0	0.0	0.0	0.0	0.0	0.0	0.0	0.0
	3p	-	2	5168.0	2977.0	1930.0	3649.0	13724.0	46.0	279.0	25.0	32.0	14.0	16.0	5.0	18.0	5.0	18.0	5.0	10.00.0	0.0	0.0	0.0	0.0	0.0	1.0	0.0	0.0
	3p	-	3	4725.0	2692.0	2299.0	4009.0	13725.0	39.0	37.0	34.0	36.0	18.0	25.0	3.0	11.0	8.0	22.0	6.0	16.00.0	0.0	0.0	0.0	0.0	0.0	0.0	0.0	0.0
	3p	-	4	4684.0	2755.0	2203.0	4078.0	13720.0	17.0	36.0	32.0	29.0	14.0	21.0	7.0	13.0	5.0	18.0	4.0	14.00.0	0.0	0.0	0.0	2.0	0.0	1.0	1.0	0.0
	3p	-	5	4721.0	2628.0	2332.0	4036.0	13717.0	36.0	28.0	22.0	33.0	11.0	14.0	9.0	11.0	7.0	17.0	9.0	12.00.0	0.0	0.0	0.0	6.0	0.0	1.0	1.0	0.0
	3p	-	6	4687.0	2476.0	2582.0	3963.0	13708.0	23.0	31.0	31.0	22.0	8.0	16.0	6.0	14.0	6.0	14.0	8.0	14.00.0	0.0	0.0	0.0	8.0	0.0	1.0	2.0	0.0
	3p	-	7	4508.0	2584.0	2443.0	4158.0	13693.0	28.0	31.0	32.0	24.0	14.0	8.0	1.0	12.0	3.0	10.0	4.0	16.00.0	0.0	0.0	0.0	9.0	0.0	9.0	6.0	0.0
	3p	-	8	4515.0	2551.0	2535.0	4095.0	13696.0	24.0	35.0	18.0	27.0	10.0	7.0	7.0	13.0	6.0	11.0	7.0	15.00.0	0.0	0.0	0.0	9.0	0.0	6.0	7.0	0.0
	3p	-	9	4484.0	2548.0	2488.0	4172.0	13692.0	13.0	32.0	30.0	22.0	11.0	15.0	4.0	10.0	16.0	12.0	6.0	14.00.0	0.0	0.0	0.0	11.0	0.0	9.0	8.0	0.0
	3p	-	10	4274.0	2664.0	2594.0	4167.0	13699.0	19.0	30.0	27.0	20.0	8.0	9.0	7.0	13.0	5.0	8.0	5.0	9.00.0	0.0	0.0	0.0	6.0	0.0	7.0	6.0	0.0
	3p	-	11	4341.0	2616.0	2489.0	4237.0	13683.0	20.0	30.0	28.0	27.0	10.0	7.0	8.0	8.0	9.0	15.0	4.0	14.00.0	0.0	0.0	0.0	10.0	0.0	9.0	10.0	0.0
	3p	-	12	4320.0	2694.0	2443.0	4232.0	13689.0	24.0	31.0	24.0	28.0	13.0	6.0	7.0	13.0	7.0	5.0	4.0	10.00.0	0.0	0.0	0.0	6.0	0.0	8.0	11.0	0.0
	3p	-	13	4293.0	2669.0	2413.0	4321.0	13696.0	17.0	29.0	31.0	35.0	4.0	17.0	6.0	10.0	8.0	6.0	6.0	21.00.0	0.0	0.0	0.0	8.0	0.0	8.0	4.0	0.0
	3p	-	14	4206.0	2646.0	2634.0	4208.0	13694.0	22.0	26.0	32.0	20.0	12.0	12.0	3.0	11.0	12.0	9.0	5.0	10.00.0	0.0	0.0	0.0	10.0	0.0	8.0	9.0	0.0
	3p	-	15	4306.0	2705.0	2429.0	4262.0	13702.0	26.0	25.0	29.0	38.0	15.0	13.0	4.0	9.0	9.0	9.0	8.0	13.00.0	0.0	0.0	0.0	9.0	0.0	3.0	5.0	0.0
	3p	-	16	4172.0	2743.0	2508.0	4275.0	13698.0	19.0	35.0	32.0	22.0	12.0	9.0	6.0	7.0	15.0	6.0	7.0	10.00.0	0.0	0.0	0.0	9.0	0.0	4.0	5.0	0.0
	3p	-	17	4210.0	2674.0	2520.0	4299.0	13703.0	17.0	30.0	20.0	28.0	11.0	9.0	9.0	12.0	8.0	8.0	8.0	14.00.0	0.0	0.0	0.0	8.0	0.0	6.0	2.0	0.0
	3p	-	18	4229.0	2687.0	2518.0	4264.0	13698.0	18.0	32.0	28.0	25.0	7.0	5.0	6.0	7.0	9.0	8.0	5.0	14.00.0	0.0	0.0	0.0	8.0	0.0	7.0	7.0	0.0
	3p	-	19	4273.0	2622.0	2521.0	4288.0	13704.0	24.0	25.0	21.0	30.0	15.0	14.0	5.0	6.0	10.0	3.0	2.0	12.00.0	0.0	0.0	0.0	7.0	0.0	7.0	1.0	0.0
	3p	-	20	4167.0	2714.0	2474.0	4349.0	13704.0	14.0	29.0	26.0	26.0	12.0	8.0	7.0	8.0	12.0	8.0	10.0	12.00.0	0.0	0.0	0.0	4.0	0.0	3.0	4.0	0.0
	3p	-	21	4233.0	2626.0	2560.0	4279.0	13698.0	28.0	25.0	26.0	31.0	9.0	12.0	7.0	10.0	11.0	11.0	4.0	8.00.0	0.0	0.0	0.0	6.0	0.0	9.0	5.0	0.0
	3p	-	22	4276.0	2644.0	2550.0	4232.0	13702.0	23.0	22.0	34.0	31.0	11.0	12.0	3.0	8.0	3.0	5.0	10.0	11.00.0	0.0	0.0	0.0	7.0	0.0	5.0	6.0	0.0
	3p	-	23	4286.0	2576.0	2534.0	4310.0	13706.0	31.0	20.0	18.0	18.0	11.0	9.0	7.0	10.0	10.0	9.0	8.0	13.00.0	0.0	0.0	0.0	6.0	0.0	5.0	2.0	0.0
	3p	-	24	4335.0	2618.0	2474.0	4271.0	13698.0	32.0	28.0	27.0	32.0	11.0	9.0	10.0	6.0	9.0	9.0	6.0	16.00.0	0.0	0.0	0.0	10.0	0.0	5.0	7.0	0.0
	3p	-	25	4139.0	2744.0	2610.0	4210.0	13703.0	25.0	30.0	27.0	18.0	8.0	8.0	4.0	3.0	9.0	11.0	8.0	8.00.0	0.0	0.0	0.0	3.0	0.0	6.0	7.0	0.0
	3p	-	26	4253.0	2565.0	2602.0	4281.0	13701.0	23.0	29.0	40.0	31.0	10.0	10.0	7.0	8.0	7.0	6.0	4.0	9.00.0	0.0	0.0	0.0	8.0	0.0	4.0	5.0	0.0
	3p	-	27	4212.0	2725.0	2590.0	4188.0	13715.0	19.0	30.0	29.0	25.0	9.0	10.0	5.0	12.0	14.0	8.0	5.0	8.00.0	0.0	0.0	0.0	4.0	0.0	2.0	1.0	0.0
	3p	-	28	4146.0	2747.0	2554.0	4270.0	13717.0	30.0	38.0	28.0	31.0	6.0	22.0	3.0	9.0	10.0	10.0	5.0	8.00.0	0.0	0.0	0.0	3.0	0.0	1.0	1.0	0.0
	3p	-	29	4222.0	2678.0	2556.0	4255.0	13711.0	29.0	29.0	33.0	24.0	13.0	11.0	7.0	7.0	11.0	13.0	10.0	11.00.0	0.0	0.0	0.0	5.0	0.0	2.0	0.0	0.0
	3p	-	30	4358.0	2650.0	2478.0	4228.0	13714.0	20.0	34.0	22.0	21.0	10.0	13.0	5.0	7.0	7.0	11.0	11.0	9.00.0	0.0	0.0	0.0	4.0	0.0	1.0	1.0	0.0
	3p	-	31	4054.0	2632.0	2353.0	4106.0	13145.0	28.0	31.0	23.0	17.0	9.0	5.0	9.0	12.0	9.0	5.0	5.0	9.00.0	0.0	0.0	0.0	1.0	0.0	2.0	2.0	0.0
	3p	-	32	3861.0	2465.0	2401.0	4030.0	12757.0	25.0	30.0	18.0	21.0	8.0	3.0	6.0	4.0	7.0	6.0	3.0	7.00.0	0.0	0.0	0.0	1.0	0.0	0.0	2.0	0.0
	3p	-	33	3880.0	2419.0	2219.0	3910.0	12428.0	17.0	26.0	19.0	26.0	6.0	4.0	6.0	7.0	4.0	8.0	2.0	12.00.0	0.0	0.0	0.0	4.0	0.0	1.0	0.0	0.0
	3p	-	34	3583.0	2356.0	2277.0	3841.0	12057.0	25.0	34.0	22.0	25.0	4.0	4.0	3.0	9.0	2.0	2.0	5.0	12.00.0	0.0	0.0	0.0	4.0	0.0	0.0	1.0	0.0
	3p	-	35	3596.0	2259.0	2164.0	3695.0	11714.0	19.0	27.0	18.0	17.0	6.0	5.0	4.0	4.0	6.0	3.0	5.0	8.00.0	0.0	0.0	0.0	2.0	0.0	1.0	2.0	0.0
	3p	-	36	3411.0	2231.0	2132.0	3599.0	11373.0	19.0	28.0	26.0	18.0	4.0	3.0	7.0	10.0	12.0	7.0	4.0	4.00.0	0.0	0.0	0.0	0.0	0.0	1.0	2.0	0.0
	3p	-	37	3429.0	2085.0	2035.0	3479.0	11028.0	17.0	28.0	22.0	20.0	10.0	8.0	5.0	5.0	7.0	5.0	9.0	13.00.0	0.0	0.0	0.0	1.0	0.0	2.0	0.0	0.0
	3p	-	38	3304.0	2075.0	1950.0	3325.0	10654.0	18.0	34.0	23.0	18.0	5.0	4.0	3.0	6.0	5.0	7.0	4.0	6.00.0	0.0	0.0	0.0	1.0	0.0	0.0	1.0	0.0
	3p	-	39	3154.0	2007.0	1848.0	3264.0	10273.0	15.0	29.0	14.0	22.0	2.0	7.0	3.0	9.0	4.0	3.0	6.0	11.00.0	0.0	0.0	0.0	1.0	0.0	1.0	2.0	0.0
	3p	-	40	3014.0	1951.0	1852.0	3096.0	9913.0	23.0	27.0	21.0	14.0	3.0	9.0	4.0	6.0	8.0	5.0	2.0	14.00.0	0.0	0.0	0.0	3.0	0.0	3.0	2.0	0.0
	3p	-	41	2903.0	1819.0	1817.0	3039.0	9578.0	19.0	27.0	22.0	15.0	6.0	7.0	4.0	4.0	2.0	2.0	6.0	13.00.0	0.0	0.0	0.0	1.0	0.0	2.0	2.0	0.0
	3p	-	42	2841.0	1854.0	1656.0	2851.0	9202.0	12.0	26.0	12.0	18.0	6.0	4.0	2.0	5.0	4.0	7.0	8.0	7.00.0	0.0	0.0	0.0	2.0	0.0	0.0	0.0	0.0
	3p	-	43	2770.0	1692.0	1539.0	2827.0	8828.0	17.0	23.0	16.0	15.0	4.0	5.0	5.0	9.0	4.0	3.0	5.0	7.00.0	0.0	0.0	0.0	0.0	0.0	0.0	0.0	0.0
	3p	-	44	2612.0	1605.0	1587.0	2642.0	8446.0	14.0	17.0	18.0	9.0	5.0	7.0	4.0	4.0	7.0	3.0	2.0	10.00.0	0.0	0.0	0.0	1.0	0.0	0.0	1.0	0.0
	3p	-	45	2476.0	1563.0	1515.0	2575.0	8129.0	10.0	16.0	17.0	15.0	4.0	4.0	0.0	6.0	6.0	2.0	4.0	5.00.0	0.0	0.0	0.0	2.0	0.0	1.0	0.0	0.0
	3p	-	46	2345.0	1504.0	1480.0	2449.0	7778.0	13.0	17.0	15.0	9.0	6.0	3.0	1.0	3.0	4.0	7.0	4.0	7.00.0	0.0	0.0	0.0	1.0	0.0	0.0	1.0	0.0
	3p	-	47	2294.0	1410.0	1359.0	2378.0	7441.0	12.0	29.0	16.0	13.0	3.0	6.0	4.0	3.0	1.0	1.0	5.0	6.00.0	0.0	0.0	0.0	0.0	0.0	0.0	0.0	0.0
	3p	-	48	2203.0	1362.0	1344.0	2174.0	7083.0	14.0	16.0	20.0	12.0	2.0	4.0	4.0	2.0	3.0	1.0	1.0	7.00.0	0.0	0.0	0.0	0.0	0.0	1.0	0.0	0.0
	3p	-	49	2043.0	1270.0	1315.0	2115.0	6743.0	16.0	18.0	12.0	9.0	5.0	4.0	3.0	2.0	5.0	4.0	0.0	7.00.0	0.0	0.0	0.0	1.0	0.0	0.0	0.0	0.0
	3p	-	50	1991.0	1160.0	1185.0	2082.0	6418.0	11.0	14.0	8.0	11.0	4.0	8.0	1.0	2.0	2.0	4.0	3.0	8.00.0	0.0	0.0	0.0	0.0	0.0	0.0	0.0	0.0
	3p	-	51	1858.0	1097.0	1151.0	1972.0	6078.0	15.0	16.0	7.0	8.0	3.0	3.0	4.0	2.0	4.0	3.0	3.0	6.00.0	0.0	0.0	0.0	0.0	0.0	3.0	0.0	0.0
	3p	-	52	1784.0	1116.0	1098.0	1809.0	5807.0	11.0	13.0	9.0	14.0	4.0	3.0	1.0	2.0	5.0	8.0	2.0	9.00.0	0.0	0.0	0.0	0.0	0.0	0.0	0.0	0.0
	3p	-	53	1680.0	1045.0	1040.0	1729.0	5494.0	16.0	11.0	4.0	12.0	3.0	5.0	2.0	4.0	3.0	1.0	3.0	6.00.0	0.0	0.0	0.0	2.0	0.0	0.0	0.0	0.0
	3p	-	54	1605.0	1023.0	986.0	1616.0	5230.0	9.0	15.0	15.0	9.0	1.0	1.0	1.0	2.0	1.0	2.0	1.0	4.00.0	0.0	0.0	0.0	0.0	0.0	0.0	0.0	0.0
	3p	-	55	1539.0	954.0	933.0	1545.0	4971.0	9.0	16.0	10.0	8.0	2.0	5.0	4.0	6.0	7.0	4.0	0.0	6.00.0	0.0	0.0	0.0	0.0	0.0	0.0	0.0	0.0
	3p	-	56	1451.0	873.0	900.0	1460.0	4684.0	8.0	20.0	7.0	6.0	3.0	1.0	0.0	4.0	0.0	2.0	1.0	2.00.0	0.0	0.0	0.0	1.0	0.0	0.0	0.0	0.0
	3p	-	57	1312.0	885.0	786.0	1434.0	4417.0	12.0	17.0	10.0	6.0	2.0	4.0	3.0	6.0	3.0	3.0	1.0	6.00.0	0.0	0.0	0.0	1.0	0.0	0.0	0.0	0.0
	3p	-	58	1254.0	830.0	720.0	1372.0	4176.0	5.0	10.0	5.0	6.0	2.0	2.0	0.0	6.0	1.0	0.0	3.0	3.00.0	0.0	0.0	0.0	2.0	0.0	0.0	0.0	0.0
	3p	-	59	1253.0	766.0	664.0	1267.0	3950.0	10.0	9.0	7.0	7.0	4.0	2.0	1.0	4.0	2.0	3.0	2.0	3.00.0	0.0	0.0	0.0	0.0	0.0	0.0	0.0	0.0
	3p	-	60	1127.0	729.0	707.0	1146.0	3709.0	7.0	15.0	8.0	7.0	1.0	1.0	1.0	1.0	3.0	3.0	0.0	3.00.0	0.0	0.0	0.0	0.0	0.0	0.0	0.0	0.0
	3p	-	61	1082.0	673.0	629.0	1107.0	3491.0	6.0	8.0	5.0	4.0	4.0	0.0	1.0	1.0	3.0	2.0	1.0	4.00.0	0.0	0.0	0.0	0.0	0.0	0.0	0.0	0.0
	3p	-	62	1018.0	618.0	576.0	1071.0	3283.0	4.0	12.0	5.0	4.0	2.0	2.0	2.0	3.0	1.0	2.0	0.0	4.00.0	0.0	0.0	0.0	1.0	0.0	0.0	0.0	0.0
	3p	-	63	964.0	575.0	553.0	973.0	3065.0	8.0	9.0	6.0	2.0	1.0	0.0	0.0	3.0	0.0	0.0	1.0	1.00.0	0.0	0.0	0.0	0.0	0.0	0.0	2.0	0.0
	3p	-	64	858.0	556.0	546.0	893.0	2853.0	3.0	7.0	8.0	8.0	2.0	1.0	1.0	2.0	2.0	3.0	1.0	7.00.0	0.0	0.0	0.0	1.0	0.0	0.0	0.0	0.0
	3p	-	65	805.0	486.0	500.0	865.0	2656.0	1.0	9.0	4.0	6.0	0.0	5.0	2.0	2.0	1.0	0.0	1.0	3.00.0	0.0	0.0	0.0	0.0	0.0	0.0	1.0	0.0
	3p	-	66	731.0	491.0	448.0	828.0	2498.0	4.0	7.0	1.0	2.0	0.0	3.0	1.0	3.0	2.0	3.0	2.0	1.00.0	0.0	0.0	0.0	0.0	0.0	0.0	0.0	0.0
	3p	-	67	685.0	474.0	399.0	745.0	2303.0	10.0	10.0	2.0	2.0	1.0	6.0	1.0	2.0	3.0	1.0	0.0	2.00.0	0.0	0.0	0.0	0.0	0.0	0.0	0.0	0.0
	3p	-	68	663.0	398.0	403.0	673.0	2137.0	4.0	5.0	7.0	3.0	2.0	2.0	2.0	2.0	3.0	0.0	0.0	2.00.0	0.0	0.0	0.0	0.0	0.0	0.0	0.0	0.0
	3p	-	69	627.0	377.0	390.0	610.0	2004.0	2.0	10.0	2.0	2.0	1.0	1.0	0.0	0.0	4.0	1.0	2.0	1.00.0	0.0	0.0	0.0	0.0	0.0	1.0	0.0	0.0
	3p	-	70	567.0	334.0	361.0	612.0	1874.0	3.0	6.0	1.0	5.0	0.0	1.0	2.0	1.0	0.0	1.0	2.0	2.00.0	0.0	0.0	0.0	0.0	0.0	0.0	0.0	0.0
	3p	-	71	526.0	315.0	332.0	557.0	1730.0	5.0	6.0	5.0	5.0	1.0	1.0	1.0	3.0	1.0	1.0	0.0	1.00.0	0.0	0.0	0.0	0.0	0.0	0.0	0.0	0.0
	3p	-	72	495.0	301.0	305.0	500.0	1601.0	2.0	11.0	6.0	6.0	1.0	1.0	1.0	0.0	0.0	2.0	1.0	0.00.0	0.0	0.0	0.0	0.0	0.0	1.0	0.0	0.0
	3p	-	73	448.0	280.0	292.0	458.0	1478.0	5.0	6.0	2.0	4.0	1.0	1.0	0.0	0.0	0.0	2.0	1.0	0.00.0	0.0	0.0	0.0	0.0	0.0	0.0	0.0	0.0
	3p	-	74	401.0	272.0	252.0	443.0	1368.0	1.0	8.0	1.0	5.0	1.0	1.0	0.0	5.0	0.0	2.0	0.0	1.00.0	0.0	0.0	0.0	0.0	0.0	0.0	0.0	0.0
	3p	-	75	390.0	216.0	261.0	379.0	1246.0	5.0	4.0	4.0	2.0	0.0	1.0	0.0	0.0	0.0	1.0	0.0	2.00.0	0.0	0.0	0.0	0.0	0.0	0.0	0.0	0.0
	3p	-	76	358.0	221.0	210.0	358.0	1147.0	2.0	2.0	1.0	2.0	2.0	2.0	0.0	1.0	2.0	4.0	0.0	0.00.0	0.0	0.0	0.0	0.0	0.0	0.0	0.0	0.0
	3p	-	77	337.0	176.0	185.0	342.0	1040.0	2.0	1.0	1.0	1.0	3.0	1.0	1.0	0.0	0.0	0.0	0.0	2.00.0	0.0	0.0	0.0	0.0	0.0	0.0	0.0	0.0
	3p	-	78	288.0	190.0	173.0	293.0	944.0	6.0	3.0	2.0	4.0	0.0	1.0	0.0	3.0	0.0	0.0	0.0	2.00.0	0.0	0.0	0.0	0.0	0.0	0.0	1.0	0.0
	3p	-	79	284.0	142.0	140.0	279.0	845.0	2.0	5.0	2.0	0.0	3.0	0.0	0.0	2.0	0.0	0.0	0.0	3.00.0	0.0	0.0	0.0	0.0	0.0	0.0	0.0	0.0
	3p	-	80	237.0	161.0	139.0	219.0	756.0	3.0	2.0	0.0	1.0	0.0	1.0	0.0	0.0	0.0	2.0	0.0	1.00.0	0.0	0.0	0.0	0.0	0.0	0.0	0.0	0.0
	3p	-	81	214.0	119.0	132.0	215.0	680.0	1.0	3.0	1.0	1.0	1.0	0.0	1.0	0.0	0.0	0.0	1.0	0.00.0	0.0	0.0	0.0	0.0	0.0	0.0	0.0	0.0
	3p	-	82	181.0	118.0	117.0	188.0	604.0	2.0	5.0	2.0	1.0	1.0	0.0	0.0	0.0	0.0	0.0	0.0	0.00.0	0.0	0.0	0.0	0.0	0.0	0.0	0.0	0.0
	3p	-	83	146.0	98.0	95.0	183.0	522.0	0.0	3.0	1.0	1.0	0.0	0.0	0.0	1.0	0.0	0.0	0.0	0.00.0	0.0	0.0	0.0	0.0	0.0	0.0	0.0	0.0
	3p	-	84	134.0	110.0	75.0	137.0	456.0	0.0	3.0	0.0	0.0	0.0	1.0	0.0	1.0	0.0	0.0	0.0	1.00.0	0.0	0.0	0.0	0.0	0.0	0.0	0.0	0.0
	3p	-	85	119.0	79.0	67.0	120.0	385.0	1.0	3.0	0.0	0.0	1.0	0.0	1.0	0.0	0.0	0.0	1.0	1.00.0	0.0	0.0	0.0	0.0	0.0	0.0	0.0	0.0
	3p	-	86	89.0	61.0	65.0	102.0	317.0	1.0	4.0	1.0	1.0	0.0	0.0	0.0	0.0	0.0	0.0	1.0	0.00.0	0.0	0.0	0.0	0.0	0.0	0.0	0.0	0.0
	3p	-	87	90.0	49.0	42.0	79.0	260.0	0.0	0.0	2.0	1.0	0.0	0.0	0.0	0.0	0.0	0.0	0.0	0.00.0	0.0	0.0	0.0	0.0	0.0	0.0	0.0	0.0
	3p	-	88	66.0	39.0	32.0	71.0	208.0	1.0	1.0	0.0	0.0	0.0	0.0	0.0	0.0	0.0	0.0	0.0	0.00.0	0.0	0.0	0.0	0.0	0.0	0.0	0.0	0.0
	3p	-	89	36.0	33.0	30.0	47.0	146.0	0.0	1.0	0.0	0.0	0.0	0.0	0.0	0.0	0.0	0.0	1.0	0.00.0	0.0	0.0	0.0	0.0	0.0	0.0	0.0	0.0
	3p	-	90	35.0	26.0	14.0	28.0	103.0	0.0	2.0	0.0	0.0	0.0	0.0	0.0	0.0	1.0	0.0	0.0	0.00.0	0.0	0.0	0.0	0.0	0.0	0.0	0.0	0.0
	3p	-	91	11.0	17.0	5.0	20.0	53.0	0.0	1.0	0.0	0.0	0.0	0.0	0.0	0.0	0.0	0.0	0.0	0.00.0	0.0	0.0	0.0	0.0	0.0	0.0	0.0	0.0
	3p	-	92	0.0	0.0	0.0	0.0	0.0	0.0	0.0	0.0	0.0	0.0	0.0	0.0	0.0	0.0	0.0	0.0	0.00.0	0.0	0.0	0.0	0.0	0.0	0.0	0.0	0.0
	3p	-	93	0.0	0.0	0.0	0.0	0.0	0.0	0.0	0.0	0.0	0.0	0.0	0.0	0.0	0.0	0.0	0.0	0.00.0	0.0	0.0	0.0	0.0	0.0	0.0	0.0	0.0
	3p	-	94	0.0	0.0	0.0	0.0	0.0	0.0	0.0	0.0	0.0	0.0	0.0	0.0	0.0	0.0	0.0	0.0	0.00.0	0.0	0.0	0.0	0.0	0.0	0.0	0.0	0.0
	3p	-	95	0.0	0.0	0.0	0.0	0.0	0.0	0.0	0.0	0.0	0.0	0.0	0.0	0.0	0.0	0.0	0.0	0.00.0	0.0	0.0	0.0	0.0	0.0	0.0	0.0	0.0
	3p	-	96	0.0	0.0	0.0	0.0	0.0	0.0	0.0	0.0	0.0	0.0	0.0	0.0	0.0	0.0	0.0	0.0	0.00.0	0.0	0.0	0.0	0.0	0.0	0.0	0.0	0.0
	3p	-	97	0.0	0.0	0.0	0.0	0.0	0.0	0.0	0.0	0.0	0.0	0.0	0.0	0.0	0.0	0.0	0.0	0.00.0	0.0	0.0	0.0	0.0	0.0	0.0	0.0	0.0
	3p	-	98	0.0	0.0	0.0	0.0	0.0	0.0	0.0	0.0	0.0	0.0	0.0	0.0	0.0	0.0	0.0	0.0	0.00.0	0.0	0.0	0.0	0.0	0.0	0.0	0.0	0.0
	3p	-	99	0.0	0.0	0.0	0.0	0.0	0.0	0.0	0.0	0.0	0.0	0.0	0.0	0.0	0.0	0.0	0.0	0.00.0	0.0	0.0	0.0	0.0	0.0	0.0	0.0	0.0
	3p	-	100	0.0	0.0	0.0	0.0	0.0	0.0	0.0	0.0	0.0	0.0	0.0	0.0	0.0	0.0	0.0	0.0	0.00.0	0.0	0.0	0.0	0.0	0.0	0.0	0.0	0.0
	5p	+	1	4286.0	2685.0	1837.0	4712.0	13520.0	37.0	248.0	27.0	28.0	13.0	29.0	8.0	21.0	12.0	18.0	4.0	20.00.0	0.0	0.0	0.0	0.0	0.0	0.0	0.0	0.0
	5p	+	2	3957.0	2361.0	2734.0	4467.0	13519.0	23.0	42.0	36.0	29.0	14.0	17.0	12.0	15.0	13.0	12.0	7.0	28.00.0	0.0	0.0	0.0	1.0	0.0	0.0	0.0	0.0
	5p	+	3	4103.0	2598.0	2681.0	4134.0	13516.0	19.0	38.0	42.0	38.0	17.0	10.0	5.0	14.0	16.0	15.0	6.0	10.00.0	0.0	0.0	0.0	1.0	0.0	1.0	1.0	0.0
	5p	+	4	4193.0	2689.0	2683.0	3944.0	13509.0	22.0	35.0	36.0	22.0	12.0	13.0	6.0	10.0	15.0	9.0	3.0	20.00.0	0.0	0.0	0.0	2.0	0.0	2.0	4.0	0.0
	5p	+	5	4134.0	2681.0	2635.0	4047.0	13497.0	26.0	32.0	31.0	25.0	8.0	14.0	2.0	14.0	4.0	11.0	3.0	17.00.0	0.0	0.0	0.0	2.0	0.0	5.0	5.0	0.0
	5p	+	6	3960.0	2672.0	2727.0	4132.0	13491.0	27.0	26.0	31.0	17.0	11.0	8.0	7.0	12.0	7.0	3.0	7.0	13.00.0	0.0	0.0	0.0	8.0	0.0	5.0	5.0	0.0
	5p	+	7	4300.0	2581.0	2648.0	3968.0	13497.0	21.0	27.0	34.0	25.0	6.0	14.0	5.0	14.0	8.0	6.0	7.0	8.00.0	0.0	0.0	0.0	9.0	0.0	7.0	2.0	0.0
	5p	+	8	4300.0	2575.0	2541.0	4079.0	13495.0	26.0	26.0	35.0	13.0	6.0	11.0	6.0	8.0	6.0	8.0	7.0	11.00.0	0.0	0.0	0.0	7.0	0.0	9.0	2.0	0.0
	5p	+	9	4230.0	2609.0	2577.0	4087.0	13503.0	32.0	33.0	28.0	24.0	9.0	8.0	6.0	8.0	4.0	14.0	8.0	12.00.0	0.0	0.0	0.0	5.0	0.0	2.0	2.0	0.0
	5p	+	10	4278.0	2563.0	2483.0	4172.0	13496.0	18.0	27.0	29.0	32.0	7.0	9.0	6.0	14.0	8.0	11.0	7.0	13.00.0	0.0	0.0	0.0	11.0	0.0	6.0	3.0	0.0
	5p	+	11	4224.0	2640.0	2463.0	4160.0	13487.0	30.0	25.0	34.0	26.0	8.0	15.0	1.0	4.0	7.0	7.0	4.0	12.00.0	0.0	0.0	0.0	11.0	0.0	8.0	8.0	0.0
	5p	+	12	4260.0	2716.0	2501.0	4014.0	13491.0	18.0	31.0	27.0	14.0	7.0	7.0	4.0	7.0	8.0	6.0	7.0	11.00.0	0.0	0.0	0.0	13.0	0.0	8.0	7.0	0.0
	5p	+	13	4132.0	2656.0	2506.0	4205.0	13499.0	31.0	31.0	24.0	31.0	10.0	10.0	6.0	10.0	12.0	7.0	7.0	15.00.0	0.0	0.0	0.0	6.0	0.0	7.0	5.0	0.0
	5p	+	14	4124.0	2748.0	2468.0	4163.0	13503.0	19.0	19.0	31.0	21.0	8.0	8.0	7.0	18.0	9.0	9.0	4.0	9.00.0	0.0	0.0	0.0	1.0	0.0	7.0	4.0	0.0
	5p	+	15	4196.0	2642.0	2507.0	4149.0	13494.0	19.0	28.0	23.0	24.0	10.0	7.0	6.0	7.0	5.0	6.0	6.0	12.00.0	0.0	0.0	0.0	9.0	0.0	7.0	3.0	0.0
	5p	+	16	4142.0	2701.0	2554.0	4102.0	13499.0	28.0	25.0	34.0	21.0	9.0	10.0	8.0	6.0	9.0	2.0	7.0	13.00.0	0.0	0.0	0.0	9.0	0.0	3.0	4.0	0.0
	5p	+	17	4230.0	2683.0	2427.0	4153.0	13493.0	19.0	29.0	23.0	26.0	9.0	9.0	5.0	9.0	8.0	6.0	10.0	12.00.0	0.0	0.0	0.0	7.0	0.0	9.0	9.0	0.0
	5p	+	18	4192.0	2616.0	2576.0	4119.0	13503.0	28.0	36.0	24.0	24.0	8.0	12.0	9.0	7.0	6.0	10.0	8.0	18.00.0	0.0	0.0	0.0	4.0	0.0	7.0	5.0	0.0
	5p	+	19	4242.0	2623.0	2512.0	4109.0	13486.0	21.0	37.0	22.0	21.0	8.0	13.0	10.0	11.0	7.0	10.0	11.0	15.00.0	0.0	0.0	0.0	8.0	0.0	12.0	6.0	0.0
	5p	+	20	4148.0	2669.0	2586.0	4093.0	13496.0	35.0	27.0	26.0	31.0	12.0	8.0	5.0	11.0	6.0	9.0	5.0	12.00.0	0.0	0.0	0.0	9.0	0.0	9.0	1.0	0.0
	5p	+	21	4169.0	2647.0	2515.0	4164.0	13495.0	29.0	37.0	23.0	20.0	14.0	6.0	4.0	10.0	12.0	8.0	6.0	10.00.0	0.0	0.0	0.0	8.0	0.0	5.0	8.0	0.0
	5p	+	22	4224.0	2631.0	2454.0	4178.0	13487.0	28.0	30.0	20.0	17.0	10.0	11.0	5.0	5.0	12.0	6.0	4.0	11.00.0	0.0	0.0	0.0	7.0	0.0	8.0	11.0	0.0
	5p	+	23	4173.0	2653.0	2518.0	4152.0	13496.0	33.0	27.0	40.0	23.0	7.0	8.0	7.0	8.0	3.0	7.0	11.0	16.00.0	0.0	0.0	0.0	9.0	0.0	5.0	4.0	0.0
	5p	+	24	4220.0	2606.0	2514.0	4153.0	13493.0	20.0	30.0	26.0	25.0	12.0	7.0	4.0	7.0	10.0	8.0	6.0	15.00.0	0.0	0.0	0.0	10.0	0.0	6.0	3.0	0.0
	5p	+	25	4210.0	2694.0	2454.0	4146.0	13504.0	24.0	28.0	22.0	23.0	10.0	17.0	4.0	6.0	4.0	9.0	8.0	8.00.0	0.0	0.0	0.0	7.0	0.0	4.0	3.0	0.0
	5p	+	26	4320.0	2638.0	2432.0	4117.0	13507.0	36.0	26.0	32.0	26.0	14.0	11.0	3.0	8.0	7.0	9.0	7.0	6.00.0	0.0	0.0	0.0	4.0	0.0	1.0	4.0	0.0
	5p	+	27	4304.0	2638.0	2518.0	4055.0	13515.0	20.0	28.0	31.0	21.0	8.0	12.0	3.0	11.0	10.0	6.0	6.0	8.00.0	0.0	0.0	0.0	1.0	0.0	1.0	3.0	0.0
	5p	+	28	4334.0	2602.0	2405.0	4166.0	13507.0	20.0	26.0	30.0	36.0	9.0	8.0	6.0	12.0	9.0	5.0	4.0	9.00.0	0.0	0.0	0.0	7.0	0.0	0.0	2.0	0.0
	5p	+	29	4439.0	2546.0	2401.0	4125.0	13511.0	26.0	37.0	16.0	17.0	6.0	4.0	6.0	16.0	9.0	6.0	12.0	9.00.0	0.0	0.0	0.0	4.0	0.0	2.0	0.0	0.0
	5p	+	30	4427.0	2534.0	2482.0	4071.0	13514.0	21.0	40.0	37.0	32.0	10.0	9.0	3.0	17.0	11.0	14.0	5.0	9.00.0	0.0	0.0	0.0	4.0	0.0	0.0	2.0	0.0
	5p	+	31	4149.0	2503.0	2326.0	3975.0	12953.0	22.0	41.0	19.0	18.0	6.0	12.0	2.0	9.0	6.0	6.0	4.0	10.00.0	0.0	0.0	0.0	0.0	0.0	1.0	0.0	0.0
	5p	+	32	4044.0	2427.0	2155.0	3912.0	12538.0	25.0	40.0	22.0	19.0	7.0	8.0	7.0	4.0	11.0	8.0	8.0	9.00.0	0.0	0.0	0.0	2.0	0.0	1.0	0.0	0.0
	5p	+	33	3967.0	2339.0	2149.0	3724.0	12179.0	18.0	43.0	32.0	24.0	7.0	8.0	3.0	12.0	4.0	6.0	3.0	12.00.0	0.0	0.0	0.0	4.0	0.0	0.0	2.0	0.0
	5p	+	34	3835.0	2291.0	2106.0	3579.0	11811.0	26.0	44.0	22.0	14.0	5.0	6.0	2.0	5.0	4.0	3.0	3.0	11.00.0	0.0	0.0	0.0	4.0	0.0	1.0	1.0	0.0
	5p	+	35	3704.0	2162.0	2022.0	3588.0	11476.0	21.0	40.0	16.0	18.0	7.0	8.0	4.0	7.0	4.0	8.0	3.0	8.00.0	0.0	0.0	0.0	6.0	0.0	1.0	1.0	0.0
	5p	+	36	3538.0	2095.0	2079.0	3399.0	11111.0	21.0	47.0	15.0	12.0	7.0	8.0	0.0	5.0	5.0	6.0	3.0	11.00.0	0.0	0.0	0.0	3.0	0.0	0.0	1.0	0.0
	5p	+	37	3463.0	2014.0	1907.0	3332.0	10716.0	20.0	40.0	18.0	19.0	6.0	3.0	2.0	5.0	6.0	7.0	5.0	9.00.0	0.0	0.0	0.0	1.0	0.0	0.0	3.0	0.0
	5p	+	38	3338.0	1991.0	1834.0	3169.0	10332.0	13.0	54.0	13.0	14.0	4.0	3.0	2.0	7.0	7.0	8.0	2.0	11.00.0	0.0	0.0	0.0	4.0	0.0	3.0	0.0	0.0
	5p	+	39	3284.0	1880.0	1738.0	3064.0	9966.0	19.0	41.0	10.0	18.0	5.0	5.0	5.0	2.0	4.0	5.0	7.0	3.00.0	0.0	0.0	0.0	2.0	0.0	1.0	1.0	0.0
	5p	+	40	3062.0	1827.0	1708.0	3015.0	9612.0	18.0	45.0	13.0	18.0	5.0	6.0	2.0	3.0	3.0	5.0	2.0	6.00.0	0.0	0.0	0.0	1.0	0.0	1.0	0.0	0.0
	5p	+	41	3016.0	1789.0	1627.0	2818.0	9250.0	19.0	39.0	21.0	16.0	6.0	5.0	2.0	5.0	4.0	4.0	2.0	4.00.0	0.0	0.0	0.0	2.0	0.0	1.0	1.0	0.0
	5p	+	42	2890.0	1700.0	1537.0	2747.0	8874.0	17.0	30.0	21.0	15.0	6.0	7.0	3.0	5.0	5.0	5.0	3.0	7.00.0	0.0	0.0	0.0	2.0	0.0	0.0	1.0	0.0
	5p	+	43	2804.0	1628.0	1533.0	2531.0	8496.0	17.0	34.0	13.0	13.0	1.0	4.0	1.0	5.0	5.0	6.0	7.0	7.00.0	0.0	0.0	0.0	3.0	0.0	0.0	2.0	0.0
	5p	+	44	2559.0	1506.0	1510.0	2568.0	8143.0	16.0	46.0	16.0	13.0	5.0	13.0	3.0	9.0	7.0	5.0	3.0	7.00.0	0.0	0.0	0.0	0.0	0.0	0.0	1.0	0.0
	5p	+	45	2476.0	1471.0	1420.0	2419.0	7786.0	13.0	42.0	18.0	10.0	6.0	4.0	3.0	3.0	6.0	2.0	3.0	4.00.0	0.0	0.0	0.0	4.0	0.0	0.0	0.0	0.0
	5p	+	46	2360.0	1485.0	1280.0	2331.0	7456.0	10.0	39.0	14.0	12.0	3.0	2.0	3.0	8.0	2.0	1.0	4.0	4.00.0	0.0	0.0	0.0	2.0	0.0	0.0	0.0	0.0
	5p	+	47	2376.0	1317.0	1264.0	2151.0	7108.0	20.0	37.0	11.0	10.0	4.0	4.0	3.0	5.0	0.0	6.0	2.0	6.00.0	0.0	0.0	0.0	0.0	0.0	1.0	1.0	0.0
	5p	+	48	2158.0	1219.0	1245.0	2160.0	6782.0	11.0	33.0	12.0	12.0	6.0	7.0	0.0	4.0	2.0	2.0	4.0	6.00.0	0.0	0.0	0.0	2.0	0.0	0.0	0.0	0.0
	5p	+	49	2062.0	1221.0	1187.0	1994.0	6464.0	16.0	30.0	10.0	16.0	2.0	3.0	2.0	3.0	4.0	2.0	4.0	4.00.0	0.0	0.0	0.0	3.0	0.0	0.0	2.0	0.0
	5p	+	50	1998.0	1192.0	1100.0	1886.0	6176.0	18.0	27.0	10.0	12.0	8.0	4.0	4.0	4.0	3.0	1.0	3.0	2.00.0	0.0	0.0	0.0	0.0	0.0	0.0	0.0	0.0
	5p	+	51	1957.0	1093.0	1019.0	1812.0	5881.0	9.0	29.0	12.0	10.0	1.0	5.0	2.0	4.0	1.0	3.0	4.0	6.00.0	0.0	0.0	0.0	0.0	0.0	0.0	0.0	0.0
	5p	+	52	1788.0	1048.0	980.0	1762.0	5578.0	11.0	31.0	9.0	14.0	5.0	6.0	1.0	3.0	2.0	0.0	2.0	6.00.0	0.0	0.0	0.0	2.0	0.0	0.0	1.0	0.0
	5p	+	53	1697.0	1025.0	952.0	1620.0	5294.0	13.0	25.0	7.0	7.0	4.0	2.0	2.0	4.0	1.0	3.0	1.0	6.00.0	0.0	0.0	0.0	1.0	0.0	0.0	1.0	0.0
	5p	+	54	1609.0	957.0	865.0	1584.0	5015.0	11.0	24.0	5.0	9.0	1.0	6.0	1.0	2.0	5.0	2.0	7.0	3.00.0	0.0	0.0	0.0	2.0	0.0	1.0	0.0	0.0
	5p	+	55	1523.0	896.0	814.0	1512.0	4745.0	6.0	28.0	8.0	10.0	3.0	8.0	1.0	3.0	3.0	1.0	0.0	5.00.0	0.0	0.0	0.0	0.0	0.0	1.0	0.0	0.0
	5p	+	56	1475.0	803.0	777.0	1429.0	4484.0	7.0	27.0	12.0	6.0	5.0	3.0	0.0	7.0	1.0	4.0	5.0	6.00.0	0.0	0.0	0.0	2.0	0.0	0.0	0.0	0.0
	5p	+	57	1348.0	793.0	749.0	1313.0	4203.0	4.0	22.0	9.0	6.0	1.0	5.0	2.0	5.0	2.0	0.0	3.0	2.00.0	0.0	0.0	0.0	1.0	0.0	0.0	1.0	0.0
	5p	+	58	1250.0	748.0	707.0	1249.0	3954.0	11.0	20.0	7.0	5.0	4.0	8.0	0.0	5.0	4.0	2.0	1.0	2.00.0	0.0	0.0	0.0	1.0	0.0	0.0	0.0	0.0
	5p	+	59	1230.0	725.0	645.0	1111.0	3711.0	5.0	25.0	3.0	7.0	2.0	2.0	1.0	4.0	3.0	1.0	1.0	2.00.0	0.0	0.0	0.0	1.0	0.0	0.0	0.0	0.0
	5p	+	60	1138.0	682.0	624.0	1059.0	3503.0	1.0	18.0	7.0	8.0	5.0	2.0	1.0	3.0	4.0	2.0	1.0	3.00.0	0.0	0.0	0.0	0.0	0.0	0.0	0.0	0.0
	5p	+	61	1040.0	630.0	567.0	1045.0	3282.0	8.0	19.0	8.0	7.0	2.0	1.0	3.0	2.0	1.0	2.0	1.0	2.00.0	0.0	0.0	0.0	1.0	0.0	0.0	0.0	0.0
	5p	+	62	952.0	573.0	537.0	1019.0	3081.0	2.0	14.0	7.0	2.0	2.0	1.0	1.0	7.0	6.0	1.0	1.0	1.00.0	0.0	0.0	0.0	1.0	0.0	0.0	1.0	0.0
	5p	+	63	891.0	575.0	512.0	907.0	2885.0	4.0	20.0	2.0	1.0	2.0	0.0	1.0	0.0	3.0	3.0	1.0	0.00.0	0.0	0.0	0.0	1.0	0.0	0.0	0.0	0.0
	5p	+	64	876.0	513.0	459.0	826.0	2674.0	5.0	21.0	3.0	5.0	2.0	4.0	1.0	0.0	1.0	3.0	2.0	1.00.0	0.0	0.0	0.0	2.0	0.0	0.0	0.0	0.0
	5p	+	65	841.0	467.0	437.0	783.0	2528.0	4.0	12.0	1.0	1.0	3.0	0.0	2.0	1.0	0.0	3.0	1.0	2.00.0	0.0	0.0	0.0	0.0	0.0	0.0	2.0	0.0
	5p	+	66	743.0	495.0	397.0	693.0	2328.0	6.0	25.0	2.0	5.0	1.0	2.0	0.0	3.0	0.0	2.0	0.0	1.00.0	0.0	0.0	0.0	0.0	0.0	0.0	0.0	0.0
	5p	+	67	718.0	397.0	338.0	710.0	2163.0	1.0	13.0	4.0	5.0	0.0	1.0	1.0	1.0	0.0	3.0	1.0	0.00.0	0.0	0.0	0.0	0.0	0.0	0.0	0.0	0.0
	5p	+	68	608.0	399.0	391.0	620.0	2018.0	4.0	19.0	1.0	1.0	4.0	3.0	1.0	2.0	2.0	3.0	2.0	2.00.0	0.0	0.0	0.0	0.0	0.0	0.0	0.0	0.0
	5p	+	69	615.0	348.0	324.0	587.0	1874.0	4.0	19.0	6.0	1.0	1.0	0.0	0.0	2.0	1.0	2.0	1.0	2.00.0	0.0	0.0	0.0	0.0	0.0	0.0	0.0	0.0
	5p	+	70	569.0	337.0	320.0	523.0	1749.0	4.0	9.0	2.0	2.0	3.0	2.0	0.0	3.0	1.0	1.0	0.0	6.00.0	0.0	0.0	0.0	0.0	0.0	0.0	0.0	0.0
	5p	+	71	542.0	295.0	280.0	489.0	1606.0	1.0	9.0	5.0	1.0	1.0	1.0	1.0	1.0	3.0	0.0	0.0	2.00.0	0.0	0.0	0.0	2.0	0.0	0.0	0.0	0.0
	5p	+	72	527.0	302.0	237.0	425.0	1491.0	0.0	12.0	3.0	4.0	1.0	1.0	0.0	3.0	2.0	0.0	1.0	3.00.0	0.0	0.0	0.0	0.0	0.0	0.0	0.0	0.0
	5p	+	73	443.0	286.0	224.0	445.0	1398.0	2.0	12.0	2.0	0.0	1.0	1.0	3.0	0.0	3.0	1.0	0.0	2.00.0	0.0	0.0	0.0	0.0	0.0	0.0	0.0	0.0
	5p	+	74	373.0	259.0	245.0	406.0	1283.0	5.0	16.0	0.0	4.0	0.0	1.0	0.0	2.0	1.0	1.0	0.0	5.00.0	0.0	0.0	0.0	0.0	0.0	0.0	0.0	0.0
	5p	+	75	367.0	225.0	215.0	357.0	1164.0	2.0	7.0	2.0	1.0	2.0	0.0	0.0	1.0	1.0	2.0	1.0	0.00.0	0.0	0.0	0.0	0.0	0.0	0.0	0.0	0.0
	5p	+	76	387.0	191.0	181.0	308.0	1067.0	1.0	6.0	3.0	4.0	1.0	0.0	1.0	1.0	1.0	0.0	1.0	0.00.0	0.0	0.0	0.0	0.0	0.0	0.0	0.0	0.0
	5p	+	77	328.0	193.0	170.0	302.0	993.0	4.0	12.0	0.0	4.0	1.0	1.0	0.0	1.0	1.0	0.0	0.0	1.00.0	0.0	0.0	0.0	0.0	0.0	0.0	0.0	0.0
	5p	+	78	317.0	144.0	158.0	264.0	883.0	0.0	9.0	4.0	1.0	0.0	1.0	1.0	0.0	0.0	1.0	0.0	0.00.0	0.0	0.0	0.0	0.0	0.0	0.0	0.0	0.0
	5p	+	79	251.0	158.0	129.0	235.0	773.0	0.0	7.0	2.0	0.0	1.0	1.0	0.0	1.0	0.0	0.0	0.0	0.00.0	0.0	0.0	0.0	0.0	0.0	0.0	0.0	0.0
	5p	+	80	228.0	119.0	109.0	232.0	688.0	2.0	4.0	0.0	2.0	2.0	0.0	0.0	0.0	1.0	1.0	0.0	0.00.0	0.0	0.0	0.0	0.0	0.0	0.0	0.0	0.0
	5p	+	81	206.0	114.0	103.0	181.0	604.0	2.0	6.0	1.0	2.0	1.0	2.0	1.0	0.0	0.0	0.0	0.0	1.00.0	0.0	0.0	0.0	0.0	0.0	0.0	0.0	0.0
	5p	+	82	175.0	87.0	96.0	178.0	536.0	0.0	3.0	1.0	0.0	1.0	0.0	0.0	0.0	0.0	1.0	0.0	0.00.0	0.0	0.0	0.0	0.0	0.0	0.0	0.0	0.0
	5p	+	83	158.0	92.0	78.0	146.0	474.0	0.0	5.0	0.0	0.0	1.0	1.0	0.0	1.0	0.0	0.0	0.0	0.00.0	0.0	0.0	0.0	1.0	0.0	0.0	0.0	0.0
	5p	+	84	136.0	80.0	81.0	121.0	418.0	0.0	3.0	0.0	0.0	1.0	1.0	0.0	0.0	0.0	0.0	0.0	0.00.0	0.0	0.0	0.0	0.0	0.0	0.0	0.0	0.0
	5p	+	85	142.0	60.0	44.0	101.0	347.0	2.0	4.0	2.0	2.0	0.0	0.0	0.0	0.0	0.0	0.0	0.0	0.00.0	0.0	0.0	0.0	0.0	0.0	0.0	0.0	0.0
	5p	+	86	99.0	56.0	45.0	83.0	283.0	1.0	2.0	0.0	0.0	0.0	1.0	0.0	0.0	0.0	0.0	0.0	0.00.0	0.0	0.0	0.0	0.0	0.0	0.0	0.0	0.0
	5p	+	87	85.0	44.0	32.0	69.0	230.0	0.0	1.0	0.0	0.0	1.0	0.0	0.0	0.0	0.0	0.0	1.0	0.00.0	0.0	0.0	0.0	0.0	0.0	0.0	0.0	0.0
	5p	+	88	67.0	31.0	25.0	58.0	181.0	1.0	2.0	1.0	0.0	0.0	0.0	0.0	1.0	0.0	0.0	0.0	0.00.0	0.0	0.0	0.0	0.0	0.0	0.0	0.0	0.0
	5p	+	89	55.0	15.0	21.0	50.0	141.0	0.0	1.0	0.0	1.0	0.0	1.0	1.0	0.0	0.0	0.0	0.0	0.00.0	0.0	0.0	0.0	0.0	0.0	0.0	0.0	0.0
	5p	+	90	31.0	19.0	16.0	22.0	88.0	2.0	4.0	0.0	1.0	0.0	0.0	0.0	2.0	0.0	0.0	0.0	1.00.0	0.0	0.0	0.0	0.0	0.0	0.0	0.0	0.0
	5p	+	91	15.0	11.0	9.0	17.0	52.0	1.0	4.0	0.0	0.0	0.0	0.0	0.0	0.0	0.0	0.0	0.0	0.00.0	0.0	0.0	0.0	0.0	0.0	0.0	0.0	0.0
	5p	+	92	0.0	0.0	0.0	0.0	0.0	0.0	0.0	0.0	0.0	0.0	0.0	0.0	0.0	0.0	0.0	0.0	0.00.0	0.0	0.0	0.0	0.0	0.0	0.0	0.0	0.0
	5p	+	93	0.0	0.0	0.0	0.0	0.0	0.0	0.0	0.0	0.0	0.0	0.0	0.0	0.0	0.0	0.0	0.0	0.00.0	0.0	0.0	0.0	0.0	0.0	0.0	0.0	0.0
	5p	+	94	0.0	0.0	0.0	0.0	0.0	0.0	0.0	0.0	0.0	0.0	0.0	0.0	0.0	0.0	0.0	0.0	0.00.0	0.0	0.0	0.0	0.0	0.0	0.0	0.0	0.0
	5p	+	95	0.0	0.0	0.0	0.0	0.0	0.0	0.0	0.0	0.0	0.0	0.0	0.0	0.0	0.0	0.0	0.0	0.00.0	0.0	0.0	0.0	0.0	0.0	0.0	0.0	0.0
	5p	+	96	0.0	0.0	0.0	0.0	0.0	0.0	0.0	0.0	0.0	0.0	0.0	0.0	0.0	0.0	0.0	0.0	0.00.0	0.0	0.0	0.0	0.0	0.0	0.0	0.0	0.0
	5p	+	97	0.0	0.0	0.0	0.0	0.0	0.0	0.0	0.0	0.0	0.0	0.0	0.0	0.0	0.0	0.0	0.0	0.00.0	0.0	0.0	0.0	0.0	0.0	0.0	0.0	0.0
	5p	+	98	0.0	0.0	0.0	0.0	0.0	0.0	0.0	0.0	0.0	0.0	0.0	0.0	0.0	0.0	0.0	0.0	0.00.0	0.0	0.0	0.0	0.0	0.0	0.0	0.0	0.0
	5p	+	99	0.0	0.0	0.0	0.0	0.0	0.0	0.0	0.0	0.0	0.0	0.0	0.0	0.0	0.0	0.0	0.0	0.00.0	0.0	0.0	0.0	0.0	0.0	0.0	0.0	0.0
	5p	+	100	0.0	0.0	0.0	0.0	0.0	0.0	0.0	0.0	0.0	0.0	0.0	0.0	0.0	0.0	0.0	0.0	0.00.0	0.0	0.0	0.0	0.0	0.0	0.0	0.0	0.0
	5p	-	1	4325.0	2858.0	1838.0	4703.0	13724.0	25.0	235.0	28.0	26.0	16.0	21.0	7.0	23.0	9.0	15.0	8.0	16.00.0	0.0	0.0	0.0	0.0	0.0	0.0	0.0	0.0
	5p	-	2	4146.0	2343.0	2618.0	4617.0	13724.0	33.0	40.0	27.0	19.0	11.0	7.0	6.0	15.0	11.0	19.0	8.0	9.00.0	0.0	0.0	0.0	0.0	0.0	0.0	0.0	0.0
	5p	-	3	4150.0	2708.0	2557.0	4310.0	13725.0	27.0	32.0	30.0	32.0	9.0	25.0	8.0	9.0	16.0	17.0	8.0	19.00.0	0.0	0.0	0.0	0.0	0.0	0.0	0.0	0.0
	5p	-	4	4100.0	2711.0	2744.0	4170.0	13725.0	29.0	35.0	28.0	21.0	15.0	16.0	6.0	14.0	11.0	4.0	5.0	18.00.0	0.0	0.0	0.0	0.0	0.0	0.0	0.0	0.0
	5p	-	5	4162.0	2681.0	2621.0	4242.0	13706.0	25.0	24.0	24.0	32.0	11.0	14.0	7.0	12.0	6.0	13.0	6.0	14.00.0	0.0	0.0	0.0	5.0	0.0	7.0	4.0	0.0
	5p	-	6	4060.0	2715.0	2681.0	4251.0	13707.0	23.0	30.0	34.0	34.0	11.0	8.0	7.0	6.0	13.0	17.0	11.0	11.00.0	0.0	0.0	0.0	6.0	0.0	4.0	4.0	0.0
	5p	-	7	4259.0	2668.0	2685.0	4091.0	13703.0	40.0	24.0	28.0	31.0	13.0	11.0	8.0	6.0	9.0	10.0	7.0	21.00.0	0.0	0.0	0.0	5.0	0.0	2.0	10.0	0.0
	5p	-	8	4314.0	2680.0	2555.0	4161.0	13710.0	32.0	18.0	37.0	20.0	13.0	6.0	10.0	12.0	15.0	9.0	5.0	14.00.0	0.0	0.0	0.0	6.0	0.0	3.0	2.0	0.0
	5p	-	9	4415.0	2585.0	2549.0	4161.0	13710.0	24.0	32.0	34.0	26.0	11.0	7.0	6.0	10.0	11.0	3.0	5.0	17.00.0	0.0	0.0	0.0	3.0	0.0	3.0	4.0	0.0
	5p	-	10	4242.0	2640.0	2541.0	4277.0	13700.0	24.0	28.0	16.0	21.0	11.0	7.0	6.0	11.0	3.0	8.0	6.0	11.00.0	0.0	0.0	0.0	3.0	0.0	10.0	9.0	0.0
	5p	-	11	4247.0	2699.0	2491.0	4266.0	13703.0	23.0	28.0	16.0	23.0	12.0	13.0	6.0	7.0	5.0	6.0	8.0	13.00.0	0.0	0.0	0.0	5.0	0.0	4.0	5.0	0.0
	5p	-	12	4244.0	2705.0	2486.0	4272.0	13707.0	19.0	23.0	25.0	25.0	14.0	5.0	5.0	5.0	10.0	4.0	7.0	15.00.0	0.0	0.0	0.0	4.0	0.0	6.0	3.0	0.0
	5p	-	13	4230.0	2731.0	2435.0	4306.0	13702.0	24.0	32.0	31.0	20.0	7.0	12.0	7.0	8.0	14.0	8.0	9.0	15.00.0	0.0	0.0	0.0	8.0	0.0	6.0	5.0	0.0
	5p	-	14	4161.0	2731.0	2542.0	4275.0	13709.0	26.0	35.0	27.0	20.0	9.0	11.0	12.0	8.0	10.0	8.0	5.0	9.00.0	0.0	0.0	0.0	5.0	0.0	5.0	3.0	0.0
	5p	-	15	4293.0	2645.0	2515.0	4253.0	13706.0	20.0	30.0	35.0	32.0	8.0	14.0	7.0	6.0	9.0	6.0	3.0	18.00.0	0.0	0.0	0.0	6.0	0.0	4.0	4.0	0.0
	5p	-	16	4210.0	2711.0	2590.0	4193.0	13704.0	20.0	37.0	33.0	27.0	12.0	9.0	7.0	11.0	12.0	10.0	8.0	4.00.0	0.0	0.0	0.0	3.0	0.0	5.0	6.0	0.0
	5p	-	17	4252.0	2669.0	2559.0	4225.0	13705.0	24.0	21.0	29.0	25.0	8.0	10.0	9.0	10.0	9.0	5.0	4.0	11.00.0	0.0	0.0	0.0	9.0	0.0	6.0	3.0	0.0
	5p	-	18	4186.0	2712.0	2543.0	4260.0	13701.0	24.0	27.0	26.0	30.0	2.0	10.0	4.0	7.0	7.0	5.0	7.0	12.00.0	0.0	0.0	0.0	3.0	0.0	5.0	9.0	0.0
	5p	-	19	4196.0	2625.0	2493.0	4380.0	13694.0	16.0	28.0	22.0	30.0	8.0	9.0	3.0	4.0	14.0	11.0	7.0	15.00.0	0.0	0.0	0.0	9.0	0.0	6.0	8.0	0.0
	5p	-	20	4238.0	2677.0	2492.0	4285.0	13692.0	24.0	32.0	27.0	24.0	13.0	7.0	4.0	16.0	7.0	12.0	12.0	12.00.0	0.0	0.0	0.0	9.0	0.0	10.0	7.0	0.0
	5p	-	21	4214.0	2668.0	2562.0	4251.0	13695.0	26.0	29.0	21.0	29.0	8.0	16.0	5.0	14.0	8.0	7.0	6.0	8.00.0	0.0	0.0	0.0	7.0	0.0	7.0	8.0	0.0
	5p	-	22	4225.0	2728.0	2529.0	4212.0	13694.0	21.0	27.0	26.0	25.0	11.0	12.0	2.0	10.0	11.0	3.0	4.0	13.00.0	0.0	0.0	0.0	9.0	0.0	9.0	4.0	0.0
	5p	-	23	4343.0	2635.0	2513.0	4208.0	13699.0	27.0	35.0	26.0	18.0	10.0	14.0	9.0	13.0	8.0	10.0	7.0	8.00.0	0.0	0.0	0.0	7.0	0.0	5.0	6.0	0.0
	5p	-	24	4270.0	2569.0	2579.0	4283.0	13701.0	25.0	31.0	27.0	24.0	15.0	8.0	8.0	12.0	9.0	8.0	8.0	20.00.0	0.0	0.0	0.0	5.0	0.0	10.0	4.0	0.0
	5p	-	25	4348.0	2597.0	2537.0	4212.0	13694.0	23.0	32.0	35.0	25.0	8.0	11.0	4.0	9.0	11.0	9.0	9.0	10.00.0	0.0	0.0	0.0	12.0	0.0	2.0	8.0	0.0
	5p	-	26	4353.0	2600.0	2501.0	4255.0	13709.0	22.0	28.0	28.0	32.0	11.0	14.0	8.0	6.0	7.0	13.0	6.0	14.00.0	0.0	0.0	0.0	5.0	0.0	2.0	3.0	0.0
	5p	-	27	4284.0	2687.0	2498.0	4243.0	13712.0	22.0	30.0	23.0	19.0	11.0	17.0	8.0	7.0	5.0	14.0	7.0	8.00.0	0.0	0.0	0.0	2.0	0.0	1.0	2.0	0.0
	5p	-	28	4276.0	2698.0	2470.0	4264.0	13708.0	25.0	33.0	21.0	33.0	12.0	12.0	5.0	7.0	5.0	11.0	9.0	16.00.0	0.0	0.0	0.0	4.0	0.0	3.0	4.0	0.0
	5p	-	29	4250.0	2696.0	2507.0	4262.0	13715.0	24.0	36.0	19.0	26.0	19.0	12.0	2.0	4.0	4.0	3.0	2.0	14.00.0	0.0	0.0	0.0	3.0	0.0	1.0	1.0	0.0
	5p	-	30	4382.0	2736.0	2449.0	4147.0	13714.0	17.0	57.0	17.0	22.0	12.0	14.0	7.0	9.0	3.0	11.0	6.0	7.00.0	0.0	0.0	0.0	5.0	0.0	2.0	2.0	0.0
	5p	-	31	4121.0	2630.0	2356.0	4037.0	13144.0	26.0	50.0	28.0	24.0	2.0	6.0	5.0	6.0	4.0	6.0	4.0	10.00.0	0.0	0.0	0.0	4.0	0.0	5.0	0.0	0.0
	5p	-	32	4144.0	2398.0	2297.0	3910.0	12749.0	30.0	53.0	23.0	22.0	7.0	4.0	4.0	5.0	9.0	7.0	7.0	12.00.0	0.0	0.0	0.0	5.0	0.0	1.0	2.0	0.0
	5p	-	33	4022.0	2422.0	2292.0	3688.0	12424.0	24.0	40.0	26.0	29.0	4.0	10.0	3.0	11.0	3.0	6.0	4.0	8.00.0	0.0	0.0	0.0	4.0	0.0	0.0	1.0	0.0
	5p	-	34	3829.0	2312.0	2134.0	3784.0	12059.0	21.0	44.0	23.0	23.0	3.0	8.0	3.0	4.0	5.0	8.0	3.0	8.00.0	0.0	0.0	0.0	4.0	0.0	0.0	0.0	0.0
	5p	-	35	3732.0	2213.0	2075.0	3695.0	11715.0	17.0	39.0	28.0	21.0	6.0	4.0	6.0	5.0	10.0	9.0	3.0	11.00.0	0.0	0.0	0.0	5.0	0.0	0.0	1.0	0.0
	5p	-	36	3611.0	2165.0	2102.0	3490.0	11368.0	23.0	49.0	14.0	19.0	2.0	5.0	1.0	10.0	6.0	6.0	7.0	11.00.0	0.0	0.0	0.0	3.0	0.0	1.0	1.0	0.0
	5p	-	37	3554.0	2126.0	1993.0	3356.0	11029.0	20.0	47.0	26.0	12.0	8.0	2.0	4.0	6.0	4.0	7.0	3.0	8.00.0	0.0	0.0	0.0	3.0	0.0	0.0	0.0	0.0
	5p	-	38	3432.0	2060.0	1928.0	3231.0	10651.0	24.0	39.0	16.0	19.0	3.0	8.0	3.0	4.0	6.0	9.0	2.0	8.00.0	0.0	0.0	0.0	4.0	0.0	1.0	1.0	0.0
	5p	-	39	3292.0	1971.0	1762.0	3250.0	10275.0	15.0	40.0	29.0	22.0	5.0	5.0	1.0	10.0	1.0	8.0	1.0	11.00.0	0.0	0.0	0.0	2.0	0.0	1.0	2.0	0.0
	5p	-	40	3143.0	1907.0	1796.0	3072.0	9918.0	16.0	48.0	18.0	16.0	1.0	3.0	2.0	8.0	4.0	6.0	5.0	5.00.0	0.0	0.0	0.0	1.0	0.0	2.0	0.0	0.0
	5p	-	41	3110.0	1816.0	1671.0	2984.0	9581.0	10.0	52.0	6.0	19.0	9.0	2.0	1.0	5.0	9.0	5.0	3.0	5.00.0	0.0	0.0	0.0	2.0	0.0	0.0	0.0	0.0
	5p	-	42	2917.0	1712.0	1707.0	2861.0	9197.0	20.0	45.0	15.0	20.0	5.0	4.0	6.0	8.0	1.0	7.0	6.0	11.00.0	0.0	0.0	0.0	2.0	0.0	2.0	1.0	0.0
	5p	-	43	2788.0	1711.0	1579.0	2746.0	8824.0	19.0	45.0	18.0	20.0	1.0	5.0	4.0	5.0	3.0	2.0	4.0	12.00.0	0.0	0.0	0.0	3.0	0.0	0.0	0.0	0.0
	5p	-	44	2714.0	1613.0	1471.0	2647.0	8445.0	18.0	37.0	17.0	15.0	8.0	6.0	5.0	9.0	5.0	4.0	5.0	6.00.0	0.0	0.0	0.0	0.0	0.0	1.0	1.0	0.0
	5p	-	45	2547.0	1593.0	1442.0	2548.0	8130.0	12.0	37.0	21.0	17.0	4.0	1.0	2.0	6.0	6.0	6.0	2.0	7.00.0	0.0	0.0	0.0	1.0	0.0	0.0	1.0	0.0
	5p	-	46	2457.0	1478.0	1399.0	2445.0	7779.0	18.0	43.0	11.0	17.0	4.0	4.0	1.0	7.0	3.0	7.0	4.0	5.00.0	0.0	0.0	0.0	0.0	0.0	0.0	1.0	0.0
	5p	-	47	2388.0	1387.0	1320.0	2341.0	7436.0	14.0	35.0	11.0	12.0	4.0	9.0	3.0	3.0	5.0	6.0	4.0	6.00.0	0.0	0.0	0.0	2.0	0.0	1.0	2.0	0.0
	5p	-	48	2296.0	1441.0	1221.0	2121.0	7079.0	12.0	42.0	14.0	14.0	5.0	3.0	0.0	9.0	6.0	5.0	3.0	10.00.0	0.0	0.0	0.0	3.0	0.0	1.0	0.0	0.0
	5p	-	49	2225.0	1315.0	1136.0	2065.0	6741.0	16.0	38.0	14.0	14.0	3.0	3.0	1.0	5.0	3.0	4.0	1.0	5.00.0	0.0	0.0	0.0	1.0	0.0	0.0	0.0	0.0
	5p	-	50	2116.0	1220.0	1083.0	1995.0	6414.0	11.0	36.0	9.0	11.0	7.0	2.0	0.0	3.0	4.0	2.0	3.0	4.00.0	0.0	0.0	0.0	0.0	0.0	3.0	1.0	0.0
	5p	-	51	1928.0	1154.0	1092.0	1901.0	6075.0	14.0	40.0	7.0	13.0	6.0	3.0	1.0	4.0	1.0	4.0	1.0	4.00.0	0.0	0.0	0.0	1.0	0.0	2.0	0.0	0.0
	5p	-	52	1771.0	1096.0	1109.0	1827.0	5803.0	17.0	34.0	14.0	12.0	3.0	5.0	1.0	4.0	8.0	2.0	2.0	5.00.0	0.0	0.0	0.0	3.0	0.0	1.0	0.0	0.0
	5p	-	53	1756.0	1043.0	969.0	1725.0	5493.0	8.0	25.0	15.0	9.0	7.0	6.0	3.0	3.0	2.0	1.0	3.0	4.00.0	0.0	0.0	0.0	2.0	0.0	0.0	0.0	0.0
	5p	-	54	1636.0	980.0	954.0	1655.0	5225.0	12.0	25.0	11.0	8.0	1.0	7.0	4.0	2.0	1.0	3.0	1.0	4.00.0	0.0	0.0	0.0	3.0	0.0	0.0	0.0	0.0
	5p	-	55	1677.0	885.0	858.0	1549.0	4969.0	9.0	22.0	11.0	6.0	2.0	5.0	1.0	3.0	2.0	3.0	1.0	4.00.0	0.0	0.0	0.0	2.0	0.0	0.0	0.0	0.0
	5p	-	56	1480.0	889.0	826.0	1489.0	4684.0	7.0	33.0	5.0	7.0	4.0	4.0	1.0	3.0	1.0	7.0	2.0	7.00.0	0.0	0.0	0.0	0.0	0.0	0.0	0.0	0.0
	5p	-	57	1467.0	816.0	773.0	1356.0	4412.0	7.0	24.0	11.0	7.0	5.0	4.0	3.0	5.0	1.0	1.0	2.0	8.00.0	0.0	0.0	0.0	1.0	0.0	2.0	0.0	0.0
	5p	-	58	1379.0	800.0	701.0	1295.0	4175.0	8.0	39.0	6.0	9.0	0.0	7.0	3.0	3.0	3.0	3.0	1.0	3.00.0	0.0	0.0	0.0	2.0	0.0	2.0	0.0	0.0
	5p	-	59	1248.0	741.0	681.0	1276.0	3946.0	8.0	31.0	11.0	6.0	2.0	3.0	0.0	3.0	2.0	3.0	0.0	4.00.0	0.0	0.0	0.0	1.0	0.0	1.0	0.0	0.0
	5p	-	60	1154.0	695.0	681.0	1178.0	3708.0	8.0	14.0	4.0	2.0	3.0	2.0	1.0	1.0	2.0	2.0	2.0	2.00.0	0.0	0.0	0.0	0.0	0.0	0.0	0.0	0.0
	5p	-	61	1163.0	643.0	630.0	1056.0	3492.0	2.0	22.0	6.0	6.0	1.0	6.0	1.0	3.0	1.0	3.0	3.0	4.00.0	0.0	0.0	0.0	0.0	0.0	0.0	0.0	0.0
	5p	-	62	1054.0	624.0	573.0	1033.0	3284.0	4.0	21.0	4.0	11.0	6.0	3.0	1.0	3.0	0.0	1.0	4.0	2.00.0	0.0	0.0	0.0	0.0	0.0	0.0	0.0	0.0
	5p	-	63	969.0	548.0	566.0	981.0	3064.0	9.0	23.0	3.0	8.0	0.0	0.0	0.0	1.0	1.0	1.0	1.0	2.00.0	0.0	0.0	0.0	2.0	0.0	0.0	0.0	0.0
	5p	-	64	980.0	545.0	476.0	851.0	2852.0	1.0	27.0	6.0	3.0	1.0	7.0	2.0	0.0	0.0	4.0	1.0	4.00.0	0.0	0.0	0.0	0.0	0.0	1.0	0.0	0.0
	5p	-	65	886.0	509.0	442.0	816.0	2653.0	6.0	21.0	6.0	3.0	2.0	5.0	0.0	5.0	2.0	1.0	1.0	1.00.0	0.0	0.0	0.0	2.0	0.0	0.0	1.0	0.0
	5p	-	66	808.0	499.0	440.0	750.0	2497.0	5.0	18.0	4.0	4.0	2.0	1.0	2.0	3.0	1.0	1.0	0.0	2.00.0	0.0	0.0	0.0	0.0	0.0	0.0	0.0	0.0
	5p	-	67	772.0	411.0	418.0	704.0	2305.0	3.0	20.0	3.0	4.0	1.0	1.0	1.0	1.0	1.0	1.0	1.0	3.00.0	0.0	0.0	0.0	0.0	0.0	0.0	0.0	0.0
	5p	-	68	692.0	419.0	353.0	674.0	2138.0	4.0	14.0	3.0	3.0	2.0	2.0	2.0	1.0	1.0	3.0	0.0	1.00.0	0.0	0.0	0.0	0.0	0.0	0.0	0.0	0.0
	5p	-	69	647.0	405.0	338.0	614.0	2004.0	1.0	20.0	0.0	4.0	3.0	2.0	1.0	5.0	1.0	2.0	0.0	1.00.0	0.0	0.0	0.0	0.0	0.0	0.0	1.0	0.0
	5p	-	70	643.0	340.0	319.0	572.0	1874.0	8.0	17.0	2.0	2.0	2.0	0.0	1.0	3.0	2.0	0.0	0.0	3.00.0	0.0	0.0	0.0	0.0	0.0	0.0	0.0	0.0
	5p	-	71	568.0	329.0	296.0	537.0	1730.0	1.0	11.0	2.0	1.0	5.0	1.0	1.0	3.0	0.0	2.0	1.0	2.00.0	0.0	0.0	0.0	0.0	0.0	0.0	0.0	0.0
	5p	-	72	548.0	277.0	291.0	485.0	1601.0	6.0	15.0	7.0	3.0	0.0	1.0	0.0	1.0	1.0	1.0	0.0	1.00.0	0.0	0.0	0.0	0.0	0.0	0.0	0.0	0.0
	5p	-	73	489.0	273.0	273.0	442.0	1477.0	2.0	11.0	3.0	1.0	0.0	3.0	0.0	4.0	0.0	0.0	1.0	2.00.0	0.0	0.0	0.0	0.0	0.0	0.0	1.0	0.0
	5p	-	74	475.0	243.0	225.0	424.0	1367.0	5.0	13.0	3.0	2.0	1.0	0.0	1.0	2.0	1.0	1.0	1.0	0.00.0	0.0	0.0	0.0	1.0	0.0	0.0	0.0	0.0
	5p	-	75	417.0	229.0	222.0	377.0	1245.0	7.0	10.0	4.0	0.0	1.0	1.0	1.0	1.0	1.0	0.0	0.0	2.00.0	0.0	0.0	0.0	1.0	0.0	1.0	0.0	0.0
	5p	-	76	401.0	195.0	189.0	360.0	1145.0	1.0	14.0	5.0	2.0	2.0	2.0	1.0	2.0	1.0	1.0	0.0	0.00.0	0.0	0.0	0.0	0.0	0.0	1.0	0.0	0.0
	5p	-	77	371.0	177.0	176.0	315.0	1039.0	1.0	10.0	1.0	0.0	2.0	3.0	1.0	1.0	0.0	1.0	1.0	1.00.0	0.0	0.0	0.0	0.0	0.0	0.0	0.0	0.0
	5p	-	78	299.0	170.0	162.0	312.0	943.0	0.0	6.0	5.0	2.0	0.0	0.0	1.0	3.0	0.0	0.0	0.0	0.00.0	0.0	0.0	0.0	1.0	0.0	0.0	0.0	0.0
	5p	-	79	284.0	142.0	144.0	275.0	845.0	2.0	1.0	2.0	1.0	0.0	0.0	0.0	0.0	1.0	0.0	0.0	1.00.0	0.0	0.0	0.0	0.0	0.0	0.0	0.0	0.0
	5p	-	80	259.0	128.0	143.0	225.0	755.0	6.0	7.0	0.0	1.0	0.0	0.0	0.0	2.0	1.0	0.0	0.0	0.00.0	0.0	0.0	0.0	1.0	0.0	0.0	0.0	0.0
	5p	-	81	227.0	139.0	110.0	204.0	680.0	0.0	7.0	2.0	1.0	2.0	2.0	0.0	0.0	0.0	3.0	0.0	1.00.0	0.0	0.0	0.0	0.0	0.0	0.0	0.0	0.0
	5p	-	82	201.0	136.0	83.0	184.0	604.0	1.0	14.0	2.0	3.0	0.0	0.0	0.0	0.0	0.0	1.0	0.0	2.00.0	0.0	0.0	0.0	0.0	0.0	0.0	0.0	0.0
	5p	-	83	178.0	94.0	80.0	170.0	522.0	0.0	7.0	1.0	2.0	0.0	1.0	0.0	0.0	1.0	0.0	1.0	0.00.0	0.0	0.0	0.0	0.0	0.0	0.0	0.0	0.0
	5p	-	84	150.0	84.0	82.0	140.0	456.0	2.0	8.0	1.0	0.0	0.0	0.0	0.0	1.0	0.0	0.0	0.0	1.00.0	0.0	0.0	0.0	0.0	0.0	0.0	0.0	0.0
	5p	-	85	116.0	71.0	69.0	129.0	385.0	1.0	2.0	0.0	0.0	0.0	1.0	1.0	0.0	0.0	0.0	0.0	1.00.0	0.0	0.0	0.0	0.0	0.0	0.0	0.0	0.0
	5p	-	86	103.0	55.0	72.0	87.0	317.0	1.0	4.0	1.0	1.0	0.0	1.0	0.0	0.0	0.0	1.0	0.0	0.00.0	0.0	0.0	0.0	0.0	0.0	0.0	0.0	0.0
	5p	-	87	95.0	55.0	47.0	63.0	260.0	0.0	3.0	0.0	1.0	0.0	1.0	0.0	2.0	0.0	0.0	1.0	0.00.0	0.0	0.0	0.0	0.0	0.0	0.0	0.0	0.0
	5p	-	88	79.0	37.0	27.0	65.0	208.0	0.0	3.0	0.0	0.0	0.0	0.0	0.0	1.0	0.0	0.0	0.0	0.00.0	0.0	0.0	0.0	0.0	0.0	0.0	0.0	0.0
	5p	-	89	47.0	32.0	17.0	50.0	146.0	0.0	2.0	0.0	1.0	0.0	0.0	0.0	0.0	0.0	0.0	0.0	0.00.0	0.0	0.0	0.0	0.0	0.0	0.0	0.0	0.0
	5p	-	90	36.0	19.0	13.0	35.0	103.0	1.0	6.0	0.0	2.0	1.0	0.0	0.0	0.0	0.0	0.0	0.0	0.00.0	0.0	0.0	0.0	0.0	0.0	0.0	0.0	0.0
	5p	-	91	12.0	13.0	8.0	20.0	53.0	1.0	3.0	1.0	0.0	0.0	0.0	0.0	0.0	0.0	0.0	0.0	0.00.0	0.0	0.0	0.0	0.0	0.0	0.0	0.0	0.0
	5p	-	92	0.0	0.0	0.0	0.0	0.0	0.0	0.0	0.0	0.0	0.0	0.0	0.0	0.0	0.0	0.0	0.0	0.00.0	0.0	0.0	0.0	0.0	0.0	0.0	0.0	0.0
	5p	-	93	0.0	0.0	0.0	0.0	0.0	0.0	0.0	0.0	0.0	0.0	0.0	0.0	0.0	0.0	0.0	0.0	0.00.0	0.0	0.0	0.0	0.0	0.0	0.0	0.0	0.0
	5p	-	94	0.0	0.0	0.0	0.0	0.0	0.0	0.0	0.0	0.0	0.0	0.0	0.0	0.0	0.0	0.0	0.0	0.00.0	0.0	0.0	0.0	0.0	0.0	0.0	0.0	0.0
	5p	-	95	0.0	0.0	0.0	0.0	0.0	0.0	0.0	0.0	0.0	0.0	0.0	0.0	0.0	0.0	0.0	0.0	0.00.0	0.0	0.0	0.0	0.0	0.0	0.0	0.0	0.0
	5p	-	96	0.0	0.0	0.0	0.0	0.0	0.0	0.0	0.0	0.0	0.0	0.0	0.0	0.0	0.0	0.0	0.0	0.00.0	0.0	0.0	0.0	0.0	0.0	0.0	0.0	0.0
	5p	-	97	0.0	0.0	0.0	0.0	0.0	0.0	0.0	0.0	0.0	0.0	0.0	0.0	0.0	0.0	0.0	0.0	0.00.0	0.0	0.0	0.0	0.0	0.0	0.0	0.0	0.0
	5p	-	98	0.0	0.0	0.0	0.0	0.0	0.0	0.0	0.0	0.0	0.0	0.0	0.0	0.0	0.0	0.0	0.0	0.00.0	0.0	0.0	0.0	0.0	0.0	0.0	0.0	0.0
	5p	-	99	0.0	0.0	0.0	0.0	0.0	0.0	0.0	0.0	0.0	0.0	0.0	0.0	0.0	0.0	0.0	0.0	0.00.0	0.0	0.0	0.0	0.0	0.0	0.0	0.0	0.0
	5p	-	100	0.0	0.0	0.0	0.0	0.0	0.0	0.0	0.0	0.0	0.0	0.0	0.0	0.0	0.0	0.0	0.0	0.00.0	0.0	0.0	0.0	0.0	0.0	0.0	0.0	0.0
