# table produced by DamageProfiler
# using mapped file ScA003.BuffaloCape_Human_nc.Target.rmdup.noMicro.bam
# Sample ID: ScA003.BuffaloCape_Human_nc.Target.rmdup.noMicro.bam
Pos	C>T	G>A	A>C	A>G	A>T	C>A	C>G	G>C	G>T	T>A	T>C	T>G	->ACGT	ACGT>-
24	0.006184	0.003121	0.000550	0.001924	0.001099	0.000883	0.001767	0.002675	0.001783	0.001275	0.004782	0.000956	0.000886	0.000000
23	0.003954	0.003250	0.001104	0.003313	0.001933	0.001757	0.000439	0.004643	0.005107	0.000310	0.004961	0.000930	0.001241	0.000000
22	0.005374	0.004108	0.000000	0.003703	0.000285	0.001791	0.000896	0.000456	0.005933	0.001197	0.002692	0.001197	0.001419	0.000000
21	0.006148	0.004971	0.002003	0.003148	0.000859	0.001757	0.002196	0.003163	0.003163	0.001212	0.004244	0.001212	0.001241	0.000000
20	0.007459	0.003709	0.000839	0.002518	0.001119	0.001316	0.001316	0.000464	0.003709	0.000917	0.001833	0.003055	0.000975	0.000000
19	0.007039	0.003119	0.000851	0.002270	0.001418	0.001760	0.003520	0.003565	0.003119	0.001848	0.004004	0.000308	0.000620	0.000000
18	0.004657	0.007791	0.000853	0.002843	0.001137	0.002117	0.000423	0.002291	0.002291	0.000621	0.001553	0.001242	0.000886	0.000000
17	0.005305	0.004926	0.000280	0.006430	0.001118	0.000884	0.000442	0.003583	0.005822	0.001559	0.003118	0.000624	0.000975	0.000000
16	0.004867	0.006670	0.000837	0.003068	0.000558	0.003097	0.002212	0.003112	0.002668	0.000000	0.002198	0.002198	0.001507	0.000000
15	0.006643	0.004837	0.000844	0.002532	0.000844	0.003543	0.001771	0.003958	0.004837	0.001253	0.002505	0.001253	0.001241	0.000000
14	0.005350	0.002776	0.000543	0.004073	0.000543	0.001783	0.000892	0.002776	0.001851	0.000000	0.002502	0.001251	0.000798	0.000000
13	0.004926	0.004123	0.001913	0.002460	0.000273	0.000448	0.000896	0.004581	0.004123	0.000624	0.003432	0.001560	0.001418	0.000000
12	0.008415	0.005143	0.000544	0.002175	0.001903	0.000886	0.000886	0.002338	0.003273	0.000624	0.003432	0.001560	0.001064	0.000000
11	0.007974	0.005909	0.001653	0.004408	0.001377	0.002814	0.001876	0.001818	0.004091	0.001207	0.003018	0.001207	0.001508	0.000000
10	0.002719	0.005317	0.002737	0.002737	0.000547	0.002719	0.000906	0.002215	0.001772	0.001264	0.002528	0.001896	0.001152	0.000000
9	0.009033	0.004820	0.001371	0.002468	0.000549	0.002258	0.000903	0.003506	0.005259	0.000319	0.003823	0.001911	0.001152	0.000000
8	0.006002	0.002266	0.001588	0.001852	0.000265	0.000923	0.001847	0.003172	0.004078	0.000638	0.002234	0.001277	0.000798	0.000000
7	0.004155	0.005083	0.000262	0.003410	0.000525	0.003232	0.000462	0.002773	0.004159	0.001914	0.004148	0.000957	0.001419	0.000000
6	0.006928	0.003951	0.002099	0.003148	0.002623	0.001848	0.000924	0.003951	0.003073	0.001979	0.002309	0.000330	0.000886	0.000000
5	0.005952	0.003448	0.001513	0.002521	0.001009	0.000992	0.001488	0.000862	0.003879	0.001673	0.004351	0.001004	0.000531	0.000000
4	0.007310	0.003017	0.001021	0.002298	0.000511	0.001949	0.000975	0.001293	0.003448	0.000665	0.002991	0.001329	0.000089	0.000000
3	0.010934	0.004490	0.001786	0.002552	0.000255	0.003645	0.002733	0.000898	0.004490	0.001015	0.002368	0.000677	0.000000	0.000000
2	0.007816	0.004829	0.002322	0.003870	0.001548	0.000823	0.001234	0.002634	0.003512	0.003321	0.006273	0.001476	0.000266	0.000000
1	0.023706	0.006539	0.000978	0.002935	0.001467	0.001580	0.001580	0.002335	0.006072	0.002759	0.003942	0.001577	0.000000	0.000000
0	0.076684	0.010562	0.001037	0.003319	0.001037	0.005699	0.000518	0.003361	0.003361	0.004870	0.005276	0.000812	0.000000	0.000000
