# table produced by DamageProfiler
# using mapped file ScA003.BuffaloCape_Human_nc.Target.rmdup.noMicro.bam
# Sample ID: ScA003.BuffaloCape_Human_nc.Target.rmdup.noMicro.bam
Chr	End	Std	Pos	A	C	G	T	Total
	3p	+	1	2422	887	1021	1274	5604
	3p	+	2	1999	1223	1062	1320	5604
	3p	+	3	1931	1175	1145	1353	5604
	3p	+	4	1965	1082	1105	1452	5604
	3p	+	5	1927	995	1189	1493	5604
	3p	+	6	1959	1025	1139	1481	5604
	3p	+	7	1907	1085	1100	1512	5604
	3p	+	8	1901	1054	1120	1529	5604
	3p	+	9	1886	1048	1098	1572	5604
	3p	+	10	1837	1082	1104	1581	5604
	3p	+	11	1824	1137	1122	1521	5604
	3p	+	12	1781	1043	1103	1677	5604
	3p	+	13	1864	1082	1071	1587	5604
	3p	+	14	1778	1147	1084	1595	5604
	3p	+	15	1829	1131	1083	1561	5604
	3p	+	16	1752	1118	1139	1595	5604
	3p	+	17	1811	1119	1078	1596	5604
	3p	+	18	1770	1122	1073	1639	5604
	3p	+	19	1789	1122	1107	1586	5604
	3p	+	20	1707	1151	1114	1632	5604
	3p	+	21	1769	1101	1043	1691	5604
	3p	+	22	1775	1137	1082	1610	5604
	3p	+	23	1787	1100	1070	1647	5604
	3p	+	24	1775	1116	1091	1622	5604
	3p	+	25	1849	1090	1128	1537	5604
	3p	+	26	1729	1142	1107	1626	5604
	3p	+	27	1757	1089	1117	1641	5604
	3p	+	28	1751	1095	1114	1644	5604
	3p	+	29	1779	1123	1101	1601	5604
	3p	+	30	1839	1077	1098	1590	5604
	3p	+	31	1725	1091	1041	1579	5436
	3p	+	32	1671	1100	1029	1513	5313
	3p	+	33	1560	1047	1090	1507	5204
	3p	+	34	1598	993	1038	1466	5095
	3p	+	35	1562	1023	1001	1420	5006
	3p	+	36	1533	962	999	1405	4899
	3p	+	37	1527	945	972	1350	4794
	3p	+	38	1467	953	931	1305	4656
	3p	+	39	1400	929	907	1318	4554
	3p	+	40	1416	899	856	1245	4416
	3p	+	41	1362	897	825	1223	4307
	3p	+	42	1288	890	854	1167	4199
	3p	+	43	1277	788	851	1186	4102
	3p	+	44	1204	789	790	1199	3982
	3p	+	45	1239	757	790	1098	3884
	3p	+	46	1156	729	788	1124	3797
	3p	+	47	1142	749	760	1047	3698
	3p	+	48	1125	716	742	1013	3596
	3p	+	49	1076	699	702	1011	3488
	3p	+	50	1078	688	688	938	3392
	3p	+	51	1022	677	675	928	3302
	3p	+	52	988	624	671	917	3200
	3p	+	53	970	667	614	863	3114
	3p	+	54	955	645	580	848	3028
	3p	+	55	883	604	625	827	2939
	3p	+	56	899	575	552	834	2860
	3p	+	57	860	552	584	786	2782
	3p	+	58	848	539	556	768	2711
	3p	+	59	803	548	530	750	2631
	3p	+	60	797	534	514	721	2566
	3p	+	61	736	539	496	723	2494
	3p	+	62	720	498	518	687	2423
	3p	+	63	688	493	491	689	2361
	3p	+	64	682	477	478	667	2304
	3p	+	65	712	464	456	609	2241
	3p	+	66	658	477	453	589	2177
	3p	+	67	653	422	416	629	2120
	3p	+	68	608	423	430	603	2064
	3p	+	69	614	419	412	564	2009
	3p	+	70	559	426	389	570	1944
	3p	+	71	590	385	408	519	1902
	3p	+	72	556	403	383	509	1851
	3p	+	73	557	366	350	523	1796
	3p	+	74	536	355	389	477	1757
	3p	+	75	506	354	361	484	1705
	3p	+	76	518	344	326	470	1658
	3p	+	77	508	317	336	458	1619
	3p	+	78	467	311	362	441	1581
	3p	+	79	473	318	333	424	1548
	3p	+	80	463	321	316	414	1514
	3p	+	81	444	306	317	415	1482
	3p	+	82	412	329	282	419	1442
	3p	+	83	390	277	314	419	1400
	3p	+	84	435	290	246	387	1358
	3p	+	85	406	293	287	342	1328
	3p	+	86	403	262	281	345	1291
	3p	+	87	352	270	274	364	1260
	3p	+	88	384	275	225	357	1241
	3p	+	89	375	282	254	301	1212
	3p	+	90	370	229	257	339	1195
	3p	+	91	345	218	258	351	1172
	3p	+	92	330	231	246	336	1143
	3p	+	93	339	221	237	324	1121
	3p	+	94	315	236	237	309	1097
	3p	+	95	310	250	198	312	1070
	3p	+	96	317	229	222	279	1047
	3p	+	97	290	227	201	305	1023
	3p	+	98	298	216	202	284	1000
	3p	+	99	315	188	215	262	980
	3p	+	100	265	207	206	277	955
	3p	-	1	2418	908	1045	1323	5694
	3p	-	2	2093	1259	1067	1275	5694
	3p	-	3	1937	1264	1133	1360	5694
	3p	-	4	1957	1091	1118	1528	5694
	3p	-	5	1988	1052	1128	1526	5694
	3p	-	6	2004	997	1180	1513	5694
	3p	-	7	1898	1086	1171	1539	5694
	3p	-	8	1925	1118	1042	1609	5694
	3p	-	9	1890	1121	1108	1575	5694
	3p	-	10	1818	1131	1168	1577	5694
	3p	-	11	1835	1082	1137	1640	5694
	3p	-	12	1852	1090	1097	1655	5694
	3p	-	13	1817	1175	1064	1638	5694
	3p	-	14	1881	1108	1090	1615	5694
	3p	-	15	1850	1113	1084	1647	5694
	3p	-	16	1814	1138	1126	1616	5694
	3p	-	17	1789	1140	1169	1596	5694
	3p	-	18	1801	1149	1156	1588	5694
	3p	-	19	1740	1240	1065	1649	5694
	3p	-	20	1821	1118	1130	1625	5694
	3p	-	21	1806	1172	1120	1596	5694
	3p	-	22	1720	1150	1132	1692	5694
	3p	-	23	1733	1130	1122	1709	5694
	3p	-	24	1841	1182	1054	1617	5694
	3p	-	25	1793	1182	1114	1605	5694
	3p	-	26	1810	1093	1118	1673	5694
	3p	-	27	1782	1164	1139	1609	5694
	3p	-	28	1848	1137	1072	1637	5694
	3p	-	29	1759	1157	1171	1607	5694
	3p	-	30	1867	1174	1084	1569	5694
	3p	-	31	1781	1090	1089	1565	5525
	3p	-	32	1612	1138	1065	1600	5415
	3p	-	33	1672	1071	1039	1519	5301
	3p	-	34	1561	1071	1048	1504	5184
	3p	-	35	1589	1029	1011	1446	5075
	3p	-	36	1581	1009	935	1441	4966
	3p	-	37	1462	986	966	1427	4841
	3p	-	38	1461	931	951	1399	4742
	3p	-	39	1469	930	924	1306	4629
	3p	-	40	1397	925	888	1313	4523
	3p	-	41	1336	929	888	1259	4412
	3p	-	42	1368	817	865	1239	4289
	3p	-	43	1330	850	788	1216	4184
	3p	-	44	1269	821	793	1194	4077
	3p	-	45	1233	826	741	1179	3979
	3p	-	46	1222	823	756	1081	3882
	3p	-	47	1214	777	758	1024	3773
	3p	-	48	1074	760	770	1062	3666
	3p	-	49	1127	707	673	1058	3565
	3p	-	50	1120	705	662	984	3471
	3p	-	51	1013	729	683	959	3384
	3p	-	52	987	699	662	931	3279
	3p	-	53	1008	632	627	908	3175
	3p	-	54	949	635	639	866	3089
	3p	-	55	923	638	602	854	3017
	3p	-	56	902	588	612	835	2937
	3p	-	57	869	632	590	768	2859
	3p	-	58	880	576	544	779	2779
	3p	-	59	781	593	523	800	2697
	3p	-	60	800	581	524	723	2628
	3p	-	61	819	535	465	731	2550
	3p	-	62	736	508	496	739	2479
	3p	-	63	747	517	476	677	2417
	3p	-	64	712	503	437	705	2357
	3p	-	65	674	498	472	644	2288
	3p	-	66	687	445	437	666	2235
	3p	-	67	692	462	428	589	2171
	3p	-	68	638	456	402	616	2112
	3p	-	69	626	416	411	600	2053
	3p	-	70	585	455	374	595	2009
	3p	-	71	577	426	390	578	1971
	3p	-	72	590	381	397	552	1920
	3p	-	73	592	373	369	541	1875
	3p	-	74	577	402	366	476	1821
	3p	-	75	532	382	353	498	1765
	3p	-	76	519	369	363	488	1739
	3p	-	77	505	352	341	493	1691
	3p	-	78	447	356	348	507	1658
	3p	-	79	473	332	313	503	1621
	3p	-	80	460	359	317	444	1580
	3p	-	81	450	337	308	448	1543
	3p	-	82	431	332	313	431	1507
	3p	-	83	457	300	302	415	1474
	3p	-	84	433	306	313	393	1445
	3p	-	85	446	291	285	393	1415
	3p	-	86	412	324	274	378	1388
	3p	-	87	402	306	251	402	1361
	3p	-	88	378	302	254	395	1329
	3p	-	89	384	270	260	392	1306
	3p	-	90	376	273	266	358	1273
	3p	-	91	366	253	268	360	1247
	3p	-	92	323	271	237	388	1219
	3p	-	93	334	267	225	367	1193
	3p	-	94	370	249	239	306	1164
	3p	-	95	364	240	236	296	1136
	3p	-	96	339	211	250	313	1113
	3p	-	97	319	217	224	329	1089
	3p	-	98	329	204	229	290	1052
	3p	-	99	310	207	190	315	1022
	3p	-	100	268	211	203	322	1004
	5p	+	1	2008	1165	964	1467	5604
	5p	+	2	1791	1025	1128	1660	5604
	5p	+	3	1727	1178	1145	1554	5604
	5p	+	4	1778	1173	1123	1530	5604
	5p	+	5	1709	1185	1173	1537	5604
	5p	+	6	1722	1157	1172	1553	5604
	5p	+	7	1804	1090	1162	1548	5604
	5p	+	8	1766	1098	1169	1571	5604
	5p	+	9	1842	1147	1083	1532	5604
	5p	+	10	1750	1147	1161	1546	5604
	5p	+	11	1792	1125	1125	1562	5604
	5p	+	12	1805	1128	1092	1579	5604
	5p	+	13	1795	1095	1088	1626	5604
	5p	+	14	1778	1111	1109	1606	5604
	5p	+	15	1789	1124	1083	1608	5604
	5p	+	16	1807	1093	1098	1606	5604
	5p	+	17	1788	1135	1115	1566	5604
	5p	+	18	1734	1151	1105	1614	5604
	5p	+	19	1806	1147	1073	1578	5604
	5p	+	20	1808	1107	1098	1591	5604
	5p	+	21	1775	1198	1063	1568	5604
	5p	+	22	1765	1133	1123	1583	5604
	5p	+	23	1863	1074	1088	1579	5604
	5p	+	24	1764	1123	1121	1596	5604
	5p	+	25	1786	1130	1117	1571	5604
	5p	+	26	1792	1080	1091	1641	5604
	5p	+	27	1810	1072	1111	1611	5604
	5p	+	28	1798	1131	1112	1563	5604
	5p	+	29	1797	1091	1091	1625	5604
	5p	+	30	1860	1097	1113	1534	5604
	5p	+	31	1741	1088	1044	1563	5436
	5p	+	32	1697	1052	1062	1502	5313
	5p	+	33	1647	1060	1002	1495	5204
	5p	+	34	1647	964	1030	1454	5095
	5p	+	35	1592	1002	1018	1394	5006
	5p	+	36	1560	985	979	1375	4899
	5p	+	37	1580	933	935	1346	4794
	5p	+	38	1460	916	933	1347	4656
	5p	+	39	1432	941	882	1299	4554
	5p	+	40	1389	901	884	1242	4416
	5p	+	41	1374	838	883	1212	4307
	5p	+	42	1314	817	868	1200	4199
	5p	+	43	1351	785	836	1130	4102
	5p	+	44	1255	785	803	1139	3982
	5p	+	45	1231	804	773	1076	3884
	5p	+	46	1214	750	694	1139	3797
	5p	+	47	1210	701	740	1047	3698
	5p	+	48	1131	675	721	1069	3596
	5p	+	49	1109	702	696	981	3488
	5p	+	50	1043	672	701	976	3392
	5p	+	51	1037	645	672	949	3303
	5p	+	52	1035	640	621	904	3200
	5p	+	53	992	594	616	912	3114
	5p	+	54	919	628	598	883	3028
	5p	+	55	905	598	551	885	2939
	5p	+	56	917	574	560	809	2860
	5p	+	57	899	527	593	763	2782
	5p	+	58	835	551	548	777	2711
	5p	+	59	818	525	526	762	2631
	5p	+	60	767	524	543	732	2566
	5p	+	61	763	504	508	719	2494
	5p	+	62	782	487	470	684	2423
	5p	+	63	734	512	450	665	2361
	5p	+	64	702	455	483	664	2304
	5p	+	65	706	448	419	668	2241
	5p	+	66	692	432	472	581	2177
	5p	+	67	650	436	439	595	2120
	5p	+	68	652	451	399	562	2064
	5p	+	69	603	433	397	576	2009
	5p	+	70	654	362	397	531	1944
	5p	+	71	614	388	398	502	1902
	5p	+	72	566	382	389	514	1851
	5p	+	73	556	383	371	486	1796
	5p	+	74	547	358	369	483	1757
	5p	+	75	563	331	321	490	1705
	5p	+	76	507	344	324	483	1658
	5p	+	77	532	303	329	455	1619
	5p	+	78	507	331	307	436	1581
	5p	+	79	455	319	324	450	1548
	5p	+	80	470	304	312	428	1514
	5p	+	81	495	275	308	404	1482
	5p	+	82	450	311	306	375	1442
	5p	+	83	422	312	277	389	1400
	5p	+	84	405	283	293	377	1358
	5p	+	85	408	262	267	391	1328
	5p	+	86	382	274	279	356	1291
	5p	+	87	364	257	276	363	1260
	5p	+	88	364	242	264	371	1241
	5p	+	89	397	246	252	317	1212
	5p	+	90	354	247	251	343	1195
	5p	+	91	348	254	251	319	1172
	5p	+	92	351	227	252	313	1143
	5p	+	93	340	232	228	321	1121
	5p	+	94	333	229	221	314	1097
	5p	+	95	319	212	220	319	1070
	5p	+	96	313	215	211	308	1047
	5p	+	97	309	199	217	298	1023
	5p	+	98	303	217	218	262	1000
	5p	+	99	293	208	195	284	980
	5p	+	100	291	196	228	240	955
	5p	-	1	2016	1239	941	1498	5694
	5p	-	2	1820	1189	1106	1579	5694
	5p	-	3	1844	1191	1075	1584	5694
	5p	-	4	1714	1264	1156	1560	5694
	5p	-	5	1802	1174	1195	1523	5694
	5p	-	6	1695	1151	1180	1668	5694
	5p	-	7	1816	1168	1148	1562	5694
	5p	-	8	1842	1135	1154	1563	5694
	5p	-	9	1824	1174	1115	1581	5694
	5p	-	10	1833	1165	1111	1585	5694
	5p	-	11	1812	1196	1090	1596	5694
	5p	-	12	1771	1162	1131	1630	5694
	5p	-	13	1817	1145	1152	1580	5694
	5p	-	14	1858	1162	1063	1611	5694
	5p	-	15	1784	1151	1148	1611	5694
	5p	-	16	1754	1148	1146	1646	5694
	5p	-	17	1773	1204	1104	1613	5694
	5p	-	18	1763	1132	1164	1635	5694
	5p	-	19	1757	1142	1136	1659	5694
	5p	-	20	1801	1185	1057	1651	5694
	5p	-	21	1767	1128	1143	1656	5694
	5p	-	22	1784	1181	1107	1622	5694
	5p	-	23	1765	1200	1084	1645	5694
	5p	-	24	1816	1163	1128	1587	5694
	5p	-	25	1775	1146	1123	1650	5694
	5p	-	26	1817	1158	1117	1602	5694
	5p	-	27	1823	1143	1122	1606	5694
	5p	-	28	1788	1131	1134	1641	5694
	5p	-	29	1794	1246	1087	1567	5694
	5p	-	30	1832	1176	1085	1601	5694
	5p	-	31	1756	1111	1094	1564	5525
	5p	-	32	1782	1078	1061	1494	5415
	5p	-	33	1682	1035	1022	1562	5301
	5p	-	34	1680	1049	1007	1448	5184
	5p	-	35	1640	1052	967	1416	5075
	5p	-	36	1559	1002	986	1419	4966
	5p	-	37	1569	993	930	1349	4841
	5p	-	38	1511	924	933	1374	4742
	5p	-	39	1517	899	960	1253	4629
	5p	-	40	1475	894	879	1275	4523
	5p	-	41	1457	901	867	1187	4412
	5p	-	42	1304	873	881	1231	4289
	5p	-	43	1356	825	828	1175	4184
	5p	-	44	1331	810	802	1134	4077
	5p	-	45	1320	841	785	1033	3979
	5p	-	46	1272	776	730	1104	3882
	5p	-	47	1206	724	722	1121	3773
	5p	-	48	1155	757	734	1020	3666
	5p	-	49	1139	706	714	1006	3565
	5p	-	50	1091	730	672	978	3471
	5p	-	51	1084	710	651	939	3384
	5p	-	52	1070	648	622	939	3279
	5p	-	53	998	617	649	911	3175
	5p	-	54	988	599	601	901	3089
	5p	-	55	1000	617	563	837	3017
	5p	-	56	919	581	591	846	2937
	5p	-	57	889	599	565	806	2859
	5p	-	58	840	583	563	793	2779
	5p	-	59	809	573	555	760	2697
	5p	-	60	805	542	548	733	2628
	5p	-	61	815	532	461	742	2550
	5p	-	62	773	520	478	708	2479
	5p	-	63	756	502	487	672	2417
	5p	-	64	714	503	445	695	2357
	5p	-	65	702	447	480	659	2288
	5p	-	66	672	472	470	621	2235
	5p	-	67	675	438	424	634	2171
	5p	-	68	661	422	416	613	2112
	5p	-	69	640	400	398	615	2053
	5p	-	70	604	429	399	577	2009
	5p	-	71	591	416	398	566	1971
	5p	-	72	575	418	373	554	1920
	5p	-	73	578	410	362	525	1875
	5p	-	74	551	417	336	517	1821
	5p	-	75	548	369	337	511	1765
	5p	-	76	578	363	331	467	1739
	5p	-	77	523	348	344	476	1691
	5p	-	78	527	311	342	478	1658
	5p	-	79	466	329	363	463	1621
	5p	-	80	434	350	335	461	1580
	5p	-	81	473	325	301	444	1543
	5p	-	82	468	273	318	448	1507
	5p	-	83	473	286	289	426	1474
	5p	-	84	467	292	277	409	1445
	5p	-	85	425	297	291	402	1415
	5p	-	86	433	289	261	405	1388
	5p	-	87	421	276	276	388	1361
	5p	-	88	428	285	231	385	1329
	5p	-	89	392	290	288	336	1306
	5p	-	90	405	244	248	376	1273
	5p	-	91	396	261	267	323	1247
	5p	-	92	369	266	227	357	1219
	5p	-	93	347	246	242	358	1193
	5p	-	94	338	250	253	323	1164
	5p	-	95	336	234	243	323	1136
	5p	-	96	340	219	227	327	1113
	5p	-	97	341	232	223	293	1089
	5p	-	98	305	239	205	303	1052
	5p	-	99	328	216	181	297	1022
	5p	-	100	285	207	210	302	1004
