# table produced by DamageProfiler
# using mapped file PcA004.ReedbuckBh_Human_nc.Target.rmdup.noMicro.bam
# Sample ID: PcA004.ReedbuckBh_Human_nc.Target.rmdup.noMicro.bam
Pos	C>T	G>A	A>C	A>G	A>T	C>A	C>G	G>C	G>T	T>A	T>C	T>G	->ACGT	ACGT>-
24	0.021739	0.000000	0.000000	0.031746	0.015873	0.000000	0.021739	0.000000	0.000000	0.000000	0.000000	0.000000	0.023148	0.000000
23	0.000000	0.028571	0.013158	0.052632	0.000000	0.000000	0.000000	0.000000	0.057143	0.027778	0.013889	0.000000	0.013761	0.000000
22	0.000000	0.027778	0.000000	0.041667	0.000000	0.020833	0.020833	0.027778	0.027778	0.000000	0.032787	0.016393	0.013825	0.000000
21	0.000000	0.027027	0.012987	0.025974	0.000000	0.000000	0.045455	0.000000	0.027027	0.000000	0.000000	0.016129	0.009091	0.000000
20	0.000000	0.022727	0.000000	0.000000	0.016949	0.000000	0.048780	0.000000	0.022727	0.000000	0.013514	0.013514	0.009174	0.000000
19	0.000000	0.048780	0.000000	0.046154	0.000000	0.000000	0.000000	0.024390	0.048780	0.000000	0.017857	0.000000	0.009091	0.000000
18	0.024390	0.021739	0.013514	0.027027	0.013514	0.000000	0.000000	0.021739	0.000000	0.016667	0.000000	0.000000	0.000000	0.000000
17	0.073171	0.025000	0.000000	0.035294	0.011765	0.048780	0.000000	0.025000	0.025000	0.000000	0.018182	0.018182	0.004525	0.000000
16	0.000000	0.024390	0.013514	0.054054	0.013514	0.058824	0.000000	0.000000	0.000000	0.018182	0.000000	0.036364	0.004525	0.000000
15	0.060606	0.000000	0.000000	0.012821	0.012821	0.000000	0.000000	0.000000	0.000000	0.016393	0.032787	0.000000	0.009174	0.000000
14	0.021277	0.023810	0.029851	0.029851	0.000000	0.021277	0.000000	0.000000	0.000000	0.016129	0.064516	0.000000	0.013761	0.000000
13	0.027778	0.071429	0.000000	0.037500	0.037500	0.027778	0.027778	0.000000	0.000000	0.000000	0.016129	0.016129	0.009091	0.000000
12	0.050000	0.025641	0.011628	0.011628	0.011628	0.000000	0.000000	0.051282	0.000000	0.090909	0.018182	0.054545	0.009091	0.000000
11	0.024390	0.025641	0.000000	0.039474	0.000000	0.000000	0.000000	0.025641	0.000000	0.000000	0.030769	0.030769	0.004525	0.000000
10	0.041667	0.066667	0.016393	0.049180	0.016393	0.000000	0.020833	0.044444	0.044444	0.000000	0.000000	0.015625	0.018349	0.000000
9	0.000000	0.023810	0.042254	0.070423	0.000000	0.028571	0.000000	0.023810	0.000000	0.014493	0.028986	0.028986	0.009217	0.000000
8	0.045455	0.000000	0.000000	0.014085	0.028169	0.022727	0.022727	0.000000	0.046512	0.000000	0.016393	0.049180	0.009132	0.000000
7	0.000000	0.063830	0.000000	0.030303	0.000000	0.000000	0.000000	0.021277	0.000000	0.000000	0.029851	0.014925	0.023041	0.000000
6	0.025000	0.023810	0.022989	0.022989	0.022989	0.000000	0.000000	0.023810	0.000000	0.000000	0.039216	0.000000	0.009091	0.000000
5	0.028571	0.093023	0.000000	0.012500	0.000000	0.000000	0.000000	0.000000	0.000000	0.015625	0.031250	0.031250	0.000000	0.000000
4	0.000000	0.054054	0.000000	0.000000	0.000000	0.021277	0.000000	0.000000	0.000000	0.000000	0.018868	0.000000	0.000000	0.000000
3	0.025000	0.000000	0.012195	0.000000	0.000000	0.000000	0.000000	0.000000	0.026316	0.048387	0.000000	0.016129	0.000000	0.000000
2	0.000000	0.000000	0.010753	0.010753	0.000000	0.022222	0.000000	0.052632	0.000000	0.043478	0.021739	0.000000	0.000000	0.000000
1	0.067797	0.058824	0.011905	0.023810	0.023810	0.016949	0.000000	0.029412	0.000000	0.044444	0.066667	0.000000	0.000000	0.000000
0	0.016949	0.080000	0.011628	0.011628	0.023256	0.000000	0.000000	0.080000	0.040000	0.019231	0.019231	0.038462	0.000000	0.000000
