# table produced by DamageProfiler
# using mapped file ToA008.ElandCommon_Human_nc.Target.rmdup.noMicro_BEST_019.bam
# Sample ID: ToA008.ElandCommon_Human_nc.Target.rmdup.noMicro_BEST_019.bam
Chr	End	Std	Pos	A	C	G	T	Total
	3p	+	1	1	6	6	5	18
	3p	+	2	5	9	4	0	18
	3p	+	3	3	4	9	2	18
	3p	+	4	4	8	5	1	18
	3p	+	5	3	6	8	1	18
	3p	+	6	1	7	9	1	18
	3p	+	7	3	5	7	3	18
	3p	+	8	3	5	8	2	18
	3p	+	9	4	4	9	1	18
	3p	+	10	2	9	4	3	18
	3p	+	11	3	2	10	3	18
	3p	+	12	1	7	10	0	18
	3p	+	13	4	3	8	3	18
	3p	+	14	4	4	7	3	18
	3p	+	15	5	4	7	2	18
	3p	+	16	1	10	6	1	18
	3p	+	17	1	6	9	2	18
	3p	+	18	4	7	4	3	18
	3p	+	19	1	9	6	2	18
	3p	+	20	3	5	8	2	18
	3p	+	21	1	6	7	4	18
	3p	+	22	1	6	5	6	18
	3p	+	23	1	9	6	2	18
	3p	+	24	0	7	9	2	18
	3p	+	25	1	11	3	3	18
	3p	+	26	3	2	11	2	18
	3p	+	27	2	6	9	1	18
	3p	+	28	0	7	7	4	18
	3p	+	29	1	8	7	2	18
	3p	+	30	1	4	11	2	18
	3p	+	31	0	3	3	0	6
	3p	+	32	1	0	2	1	4
	3p	+	33	0	1	1	1	3
	3p	+	34	0	1	0	1	2
	3p	+	35	0	0	1	0	1
	3p	+	36	0	0	0	1	1
	3p	+	37	0	0	1	0	1
	3p	+	38	0	0	0	1	1
	3p	+	39	0	0	1	0	1
	3p	+	40	0	0	0	1	1
	3p	+	41	0	0	1	0	1
	3p	+	42	0	0	0	1	1
	3p	+	43	0	0	0	0	0
	3p	+	44	0	0	0	0	0
	3p	+	45	0	0	0	0	0
	3p	+	46	0	0	0	0	0
	3p	+	47	0	0	0	0	0
	3p	+	48	0	0	0	0	0
	3p	+	49	0	0	0	0	0
	3p	+	50	0	0	0	0	0
	3p	+	51	0	0	0	0	0
	3p	+	52	0	0	0	0	0
	3p	+	53	0	0	0	0	0
	3p	+	54	0	0	0	0	0
	3p	+	55	0	0	0	0	0
	3p	+	56	0	0	0	0	0
	3p	+	57	0	0	0	0	0
	3p	+	58	0	0	0	0	0
	3p	+	59	0	0	0	0	0
	3p	+	60	0	0	0	0	0
	3p	+	61	0	0	0	0	0
	3p	+	62	0	0	0	0	0
	3p	+	63	0	0	0	0	0
	3p	+	64	0	0	0	0	0
	3p	+	65	0	0	0	0	0
	3p	+	66	0	0	0	0	0
	3p	+	67	0	0	0	0	0
	3p	+	68	0	0	0	0	0
	3p	+	69	0	0	0	0	0
	3p	+	70	0	0	0	0	0
	3p	+	71	0	0	0	0	0
	3p	+	72	0	0	0	0	0
	3p	+	73	0	0	0	0	0
	3p	+	74	0	0	0	0	0
	3p	+	75	0	0	0	0	0
	3p	+	76	0	0	0	0	0
	3p	+	77	0	0	0	0	0
	3p	+	78	0	0	0	0	0
	3p	+	79	0	0	0	0	0
	3p	+	80	0	0	0	0	0
	3p	+	81	0	0	0	0	0
	3p	+	82	0	0	0	0	0
	3p	+	83	0	0	0	0	0
	3p	+	84	0	0	0	0	0
	3p	+	85	0	0	0	0	0
	3p	+	86	0	0	0	0	0
	3p	+	87	0	0	0	0	0
	3p	+	88	0	0	0	0	0
	3p	+	89	0	0	0	0	0
	3p	+	90	0	0	0	0	0
	3p	+	91	0	0	0	0	0
	3p	+	92	0	0	0	0	0
	3p	+	93	0	0	0	0	0
	3p	+	94	0	0	0	0	0
	3p	+	95	0	0	0	0	0
	3p	+	96	0	0	0	0	0
	3p	+	97	0	0	0	0	0
	3p	+	98	0	0	0	0	0
	3p	+	99	0	0	0	0	0
	3p	+	100	0	0	0	0	0
	3p	-	1	0	7	11	2	20
	3p	-	2	3	6	9	2	20
	3p	-	3	4	7	8	1	20
	3p	-	4	3	5	9	3	20
	3p	-	5	1	6	11	2	20
	3p	-	6	2	5	9	4	20
	3p	-	7	2	9	7	2	20
	3p	-	8	2	7	7	4	20
	3p	-	9	3	7	6	4	20
	3p	-	10	1	6	11	2	20
	3p	-	11	1	7	8	4	20
	3p	-	12	2	5	10	3	20
	3p	-	13	0	10	8	2	20
	3p	-	14	1	10	6	3	20
	3p	-	15	4	8	6	2	20
	3p	-	16	3	9	7	1	20
	3p	-	17	3	8	9	0	20
	3p	-	18	1	8	9	2	20
	3p	-	19	3	5	9	3	20
	3p	-	20	6	5	6	3	20
	3p	-	21	2	10	6	2	20
	3p	-	22	2	6	11	1	20
	3p	-	23	4	6	9	1	20
	3p	-	24	3	5	9	3	20
	3p	-	25	1	6	10	3	20
	3p	-	26	1	8	8	3	20
	3p	-	27	2	8	9	1	20
	3p	-	28	3	11	4	2	20
	3p	-	29	2	6	6	6	20
	3p	-	30	0	10	7	3	20
	3p	-	31	2	4	5	0	11
	3p	-	32	0	0	2	1	3
	3p	-	33	2	0	0	0	2
	3p	-	34	0	1	0	0	1
	3p	-	35	0	0	1	0	1
	3p	-	36	0	0	0	1	1
	3p	-	37	0	1	0	0	1
	3p	-	38	0	1	0	0	1
	3p	-	39	0	0	0	1	1
	3p	-	40	1	0	0	0	1
	3p	-	41	0	1	0	0	1
	3p	-	42	0	0	1	0	1
	3p	-	43	1	0	0	0	1
	3p	-	44	0	1	0	0	1
	3p	-	45	0	0	0	1	1
	3p	-	46	0	0	0	1	1
	3p	-	47	0	1	0	0	1
	3p	-	48	0	0	0	1	1
	3p	-	49	0	0	0	1	1
	3p	-	50	0	0	0	1	1
	3p	-	51	0	0	0	1	1
	3p	-	52	0	0	0	1	1
	3p	-	53	1	0	0	0	1
	3p	-	54	0	1	0	0	1
	3p	-	55	0	1	0	0	1
	3p	-	56	0	0	0	1	1
	3p	-	57	0	0	0	1	1
	3p	-	58	1	0	0	0	1
	3p	-	59	0	1	0	0	1
	3p	-	60	0	0	1	0	1
	3p	-	61	0	0	1	0	1
	3p	-	62	1	0	0	0	1
	3p	-	63	1	0	0	0	1
	3p	-	64	0	1	0	0	1
	3p	-	65	0	1	0	0	1
	3p	-	66	1	0	0	0	1
	3p	-	67	1	0	0	0	1
	3p	-	68	0	0	1	0	1
	3p	-	69	1	0	0	0	1
	3p	-	70	0	1	0	0	1
	3p	-	71	0	1	0	0	1
	3p	-	72	0	0	0	1	1
	3p	-	73	0	0	1	0	1
	3p	-	74	0	0	0	1	1
	3p	-	75	0	0	0	1	1
	3p	-	76	1	0	0	0	1
	3p	-	77	0	0	0	1	1
	3p	-	78	0	0	1	0	1
	3p	-	79	1	0	0	0	1
	3p	-	80	0	1	0	0	1
	3p	-	81	0	0	0	1	1
	3p	-	82	0	0	0	1	1
	3p	-	83	0	1	0	0	1
	3p	-	84	0	0	1	0	1
	3p	-	85	1	0	0	0	1
	3p	-	86	0	1	0	0	1
	3p	-	87	0	0	0	1	1
	3p	-	88	1	0	0	0	1
	3p	-	89	1	0	0	0	1
	3p	-	90	0	0	0	1	1
	3p	-	91	0	0	0	1	1
	3p	-	92	0	0	1	0	1
	3p	-	93	0	0	0	1	1
	3p	-	94	0	1	0	0	1
	3p	-	95	0	0	0	1	1
	3p	-	96	1	0	0	0	1
	3p	-	97	1	0	0	0	1
	3p	-	98	1	0	0	0	1
	3p	-	99	0	0	1	0	1
	3p	-	100	0	0	1	0	1
	5p	+	1	0	7	10	1	18
	5p	+	2	2	9	5	2	18
	5p	+	3	0	6	9	3	18
	5p	+	4	3	6	9	0	18
	5p	+	5	2	2	9	5	18
	5p	+	6	1	10	4	3	18
	5p	+	7	0	7	9	2	18
	5p	+	8	1	9	6	2	18
	5p	+	9	0	5	7	6	18
	5p	+	10	0	6	9	3	18
	5p	+	11	4	4	6	4	18
	5p	+	12	1	9	6	2	18
	5p	+	13	4	7	4	3	18
	5p	+	14	1	9	6	2	18
	5p	+	15	0	9	7	2	18
	5p	+	16	3	4	11	0	18
	5p	+	17	5	5	4	4	18
	5p	+	18	3	3	10	2	18
	5p	+	19	1	8	8	1	18
	5p	+	20	4	3	8	3	18
	5p	+	21	1	7	5	5	18
	5p	+	22	6	2	9	1	18
	5p	+	23	3	7	7	1	18
	5p	+	24	2	5	8	3	18
	5p	+	25	2	7	8	1	18
	5p	+	26	4	6	7	1	18
	5p	+	27	3	6	7	2	18
	5p	+	28	3	5	8	2	18
	5p	+	29	6	6	6	0	18
	5p	+	30	1	7	8	2	18
	5p	+	31	1	4	1	0	6
	5p	+	32	1	0	2	1	4
	5p	+	33	0	0	1	2	3
	5p	+	34	0	1	1	0	2
	5p	+	35	0	0	0	1	1
	5p	+	36	0	0	1	0	1
	5p	+	37	0	0	1	0	1
	5p	+	38	0	0	0	1	1
	5p	+	39	0	0	1	0	1
	5p	+	40	0	0	0	1	1
	5p	+	41	0	0	1	0	1
	5p	+	42	0	0	0	1	1
	5p	+	43	0	0	0	0	0
	5p	+	44	0	0	0	0	0
	5p	+	45	0	0	0	0	0
	5p	+	46	0	0	0	0	0
	5p	+	47	0	0	0	0	0
	5p	+	48	0	0	0	0	0
	5p	+	49	0	0	0	0	0
	5p	+	50	0	0	0	0	0
	5p	+	51	0	0	0	0	0
	5p	+	52	0	0	0	0	0
	5p	+	53	0	0	0	0	0
	5p	+	54	0	0	0	0	0
	5p	+	55	0	0	0	0	0
	5p	+	56	0	0	0	0	0
	5p	+	57	0	0	0	0	0
	5p	+	58	0	0	0	0	0
	5p	+	59	0	0	0	0	0
	5p	+	60	0	0	0	0	0
	5p	+	61	0	0	0	0	0
	5p	+	62	0	0	0	0	0
	5p	+	63	0	0	0	0	0
	5p	+	64	0	0	0	0	0
	5p	+	65	0	0	0	0	0
	5p	+	66	0	0	0	0	0
	5p	+	67	0	0	0	0	0
	5p	+	68	0	0	0	0	0
	5p	+	69	0	0	0	0	0
	5p	+	70	0	0	0	0	0
	5p	+	71	0	0	0	0	0
	5p	+	72	0	0	0	0	0
	5p	+	73	0	0	0	0	0
	5p	+	74	0	0	0	0	0
	5p	+	75	0	0	0	0	0
	5p	+	76	0	0	0	0	0
	5p	+	77	0	0	0	0	0
	5p	+	78	0	0	0	0	0
	5p	+	79	0	0	0	0	0
	5p	+	80	0	0	0	0	0
	5p	+	81	0	0	0	0	0
	5p	+	82	0	0	0	0	0
	5p	+	83	0	0	0	0	0
	5p	+	84	0	0	0	0	0
	5p	+	85	0	0	0	0	0
	5p	+	86	0	0	0	0	0
	5p	+	87	0	0	0	0	0
	5p	+	88	0	0	0	0	0
	5p	+	89	0	0	0	0	0
	5p	+	90	0	0	0	0	0
	5p	+	91	0	0	0	0	0
	5p	+	92	0	0	0	0	0
	5p	+	93	0	0	0	0	0
	5p	+	94	0	0	0	0	0
	5p	+	95	0	0	0	0	0
	5p	+	96	0	0	0	0	0
	5p	+	97	0	0	0	0	0
	5p	+	98	0	0	0	0	0
	5p	+	99	0	0	0	0	0
	5p	+	100	0	0	0	0	0
	5p	-	1	2	7	10	1	20
	5p	-	2	1	9	6	4	20
	5p	-	3	2	11	5	2	20
	5p	-	4	2	6	9	3	20
	5p	-	5	2	9	8	1	20
	5p	-	6	3	7	7	3	20
	5p	-	7	2	5	11	2	20
	5p	-	8	4	3	11	2	20
	5p	-	9	3	8	6	3	20
	5p	-	10	1	4	12	3	20
	5p	-	11	5	9	6	0	20
	5p	-	12	4	7	6	3	20
	5p	-	13	2	8	8	2	20
	5p	-	14	1	8	9	2	20
	5p	-	15	4	6	9	1	20
	5p	-	16	4	8	7	1	20
	5p	-	17	2	10	6	2	20
	5p	-	18	2	10	7	1	20
	5p	-	19	1	7	8	4	20
	5p	-	20	2	6	11	1	20
	5p	-	21	0	8	8	4	20
	5p	-	22	2	7	8	3	20
	5p	-	23	1	6	8	5	20
	5p	-	24	3	9	7	1	20
	5p	-	25	4	5	10	1	20
	5p	-	26	0	6	10	4	20
	5p	-	27	3	6	9	2	20
	5p	-	28	4	4	10	2	20
	5p	-	29	5	7	6	2	20
	5p	-	30	0	7	10	3	20
	5p	-	31	0	3	7	1	11
	5p	-	32	0	2	1	0	3
	5p	-	33	0	1	1	0	2
	5p	-	34	1	0	0	0	1
	5p	-	35	0	0	1	0	1
	5p	-	36	1	0	0	0	1
	5p	-	37	1	0	0	0	1
	5p	-	38	0	1	0	0	1
	5p	-	39	0	1	0	0	1
	5p	-	40	1	0	0	0	1
	5p	-	41	1	0	0	0	1
	5p	-	42	0	0	1	0	1
	5p	-	43	0	0	1	0	1
	5p	-	44	0	1	0	0	1
	5p	-	45	1	0	0	0	1
	5p	-	46	0	0	0	1	1
	5p	-	47	0	0	0	1	1
	5p	-	48	0	1	0	0	1
	5p	-	49	0	1	0	0	1
	5p	-	50	1	0	0	0	1
	5p	-	51	0	0	0	1	1
	5p	-	52	0	0	0	1	1
	5p	-	53	0	0	0	1	1
	5p	-	54	0	0	0	1	1
	5p	-	55	0	0	0	1	1
	5p	-	56	0	1	0	0	1
	5p	-	57	0	0	0	1	1
	5p	-	58	0	0	0	1	1
	5p	-	59	0	1	0	0	1
	5p	-	60	1	0	0	0	1
	5p	-	61	0	0	1	0	1
	5p	-	62	0	1	0	0	1
	5p	-	63	1	0	0	0	1
	5p	-	64	0	0	0	1	1
	5p	-	65	0	1	0	0	1
	5p	-	66	0	1	0	0	1
	5p	-	67	0	0	0	1	1
	5p	-	68	0	0	1	0	1
	5p	-	69	0	1	0	0	1
	5p	-	70	1	0	0	0	1
	5p	-	71	0	0	0	1	1
	5p	-	72	1	0	0	0	1
	5p	-	73	0	0	0	1	1
	5p	-	74	0	0	0	1	1
	5p	-	75	1	0	0	0	1
	5p	-	76	0	0	1	0	1
	5p	-	77	0	0	0	1	1
	5p	-	78	0	1	0	0	1
	5p	-	79	0	0	0	1	1
	5p	-	80	1	0	0	0	1
	5p	-	81	0	1	0	0	1
	5p	-	82	0	1	0	0	1
	5p	-	83	0	0	0	1	1
	5p	-	84	0	0	0	1	1
	5p	-	85	0	0	0	1	1
	5p	-	86	0	1	0	0	1
	5p	-	87	1	0	0	0	1
	5p	-	88	0	0	0	1	1
	5p	-	89	0	0	0	1	1
	5p	-	90	0	1	0	0	1
	5p	-	91	0	0	0	1	1
	5p	-	92	0	0	0	1	1
	5p	-	93	0	0	0	1	1
	5p	-	94	1	0	0	0	1
	5p	-	95	0	0	0	1	1
	5p	-	96	0	1	0	0	1
	5p	-	97	0	0	0	1	1
	5p	-	98	0	0	0	1	1
	5p	-	99	0	0	0	1	1
	5p	-	100	0	1	0	0	1
