# table produced by DamageProfiler
# using mapped file PaA010.BuffaloCape_Human_nc.Target.rmdup.noMicro.bam
# Sample ID: PaA010.BuffaloCape_Human_nc.Target.rmdup.noMicro.bam
Chr	End	Std	Pos	A	C	G	T	Total
	3p	+	1	1041	666	593	571	2871
	3p	+	2	1006	712	522	631	2871
	3p	+	3	942	713	568	648	2871
	3p	+	4	958	638	536	739	2871
	3p	+	5	921	554	563	833	2871
	3p	+	6	958	586	570	757	2871
	3p	+	7	857	633	568	813	2871
	3p	+	8	937	606	515	813	2871
	3p	+	9	883	651	571	766	2871
	3p	+	10	854	649	571	797	2871
	3p	+	11	862	605	535	869	2871
	3p	+	12	848	608	578	837	2871
	3p	+	13	870	622	569	810	2871
	3p	+	14	855	646	562	808	2871
	3p	+	15	872	614	553	832	2871
	3p	+	16	850	621	567	833	2871
	3p	+	17	845	670	536	820	2871
	3p	+	18	913	609	589	760	2871
	3p	+	19	850	633	524	864	2871
	3p	+	20	868	659	531	813	2871
	3p	+	21	852	634	585	800	2871
	3p	+	22	834	686	554	797	2871
	3p	+	23	849	620	573	829	2871
	3p	+	24	856	681	508	826	2871
	3p	+	25	845	674	555	797	2871
	3p	+	26	835	643	563	830	2871
	3p	+	27	853	633	590	795	2871
	3p	+	28	863	655	560	793	2871
	3p	+	29	824	608	557	882	2871
	3p	+	30	807	680	542	842	2871
	3p	+	31	778	610	487	773	2648
	3p	+	32	756	537	477	732	2502
	3p	+	33	729	487	474	710	2400
	3p	+	34	702	497	450	676	2325
	3p	+	35	653	518	411	677	2259
	3p	+	36	633	456	430	676	2195
	3p	+	37	657	436	415	625	2133
	3p	+	38	614	425	380	642	2061
	3p	+	39	600	465	346	595	2006
	3p	+	40	575	435	355	579	1944
	3p	+	41	551	426	350	558	1885
	3p	+	42	565	372	348	541	1826
	3p	+	43	551	365	311	523	1750
	3p	+	44	511	358	319	484	1672
	3p	+	45	454	346	338	455	1593
	3p	+	46	487	340	283	421	1531
	3p	+	47	429	312	280	428	1449
	3p	+	48	402	321	253	410	1386
	3p	+	49	426	301	225	386	1338
	3p	+	50	376	248	267	380	1271
	3p	+	51	358	251	240	375	1224
	3p	+	52	372	266	219	324	1181
	3p	+	53	340	241	228	324	1133
	3p	+	54	337	217	220	317	1091
	3p	+	55	315	230	184	310	1039
	3p	+	56	280	211	186	317	994
	3p	+	57	264	200	169	307	940
	3p	+	58	311	190	168	237	906
	3p	+	59	296	167	134	268	865
	3p	+	60	273	164	148	234	819
	3p	+	61	252	148	155	230	785
	3p	+	62	246	161	131	212	750
	3p	+	63	225	156	126	217	724
	3p	+	64	193	158	127	221	699
	3p	+	65	199	145	132	186	662
	3p	+	66	190	116	109	213	628
	3p	+	67	180	127	129	170	606
	3p	+	68	176	117	105	182	580
	3p	+	69	145	142	105	160	552
	3p	+	70	142	124	104	158	528
	3p	+	71	140	116	94	154	504
	3p	+	72	125	90	92	169	476
	3p	+	73	135	90	96	132	453
	3p	+	74	131	76	83	131	421
	3p	+	75	129	78	75	120	402
	3p	+	76	127	87	67	104	385
	3p	+	77	112	94	49	112	367
	3p	+	78	111	79	63	98	351
	3p	+	79	96	92	49	95	332
	3p	+	80	92	66	60	101	319
	3p	+	81	68	68	63	105	304
	3p	+	82	97	62	48	86	293
	3p	+	83	93	60	58	70	281
	3p	+	84	81	50	51	91	273
	3p	+	85	87	54	53	71	265
	3p	+	86	82	63	44	68	257
	3p	+	87	67	57	57	66	247
	3p	+	88	70	47	46	79	242
	3p	+	89	62	65	50	54	231
	3p	+	90	71	39	37	72	219
	3p	+	91	58	46	42	67	213
	3p	+	92	60	59	31	54	204
	3p	+	93	50	47	44	56	197
	3p	+	94	63	33	36	53	185
	3p	+	95	56	41	29	57	183
	3p	+	96	42	39	35	53	169
	3p	+	97	50	29	33	48	160
	3p	+	98	46	35	28	45	154
	3p	+	99	50	23	28	45	146
	3p	+	100	51	34	21	32	138
	3p	-	1	1041	662	559	604	2866
	3p	-	2	961	710	539	656	2866
	3p	-	3	902	689	573	702	2866
	3p	-	4	944	642	556	724	2866
	3p	-	5	935	593	565	773	2866
	3p	-	6	925	568	614	759	2866
	3p	-	7	925	611	559	771	2866
	3p	-	8	912	617	562	775	2866
	3p	-	9	883	632	559	792	2866
	3p	-	10	902	623	558	783	2866
	3p	-	11	865	605	581	815	2866
	3p	-	12	843	641	576	806	2866
	3p	-	13	893	607	546	820	2866
	3p	-	14	876	628	549	813	2866
	3p	-	15	896	610	530	830	2866
	3p	-	16	868	607	574	817	2866
	3p	-	17	857	625	560	824	2866
	3p	-	18	865	604	588	809	2866
	3p	-	19	841	619	584	822	2866
	3p	-	20	873	612	553	828	2866
	3p	-	21	877	647	521	821	2866
	3p	-	22	853	651	563	799	2866
	3p	-	23	861	609	524	872	2866
	3p	-	24	847	652	520	847	2866
	3p	-	25	855	648	549	814	2866
	3p	-	26	862	667	547	790	2866
	3p	-	27	847	632	611	776	2866
	3p	-	28	838	638	564	826	2866
	3p	-	29	824	643	515	884	2866
	3p	-	30	816	662	563	825	2866
	3p	-	31	816	536	512	742	2606
	3p	-	32	724	518	441	783	2466
	3p	-	33	695	506	473	693	2367
	3p	-	34	714	476	459	645	2294
	3p	-	35	660	455	428	678	2221
	3p	-	36	649	471	412	628	2160
	3p	-	37	645	469	373	602	2089
	3p	-	38	650	414	393	576	2033
	3p	-	39	637	393	368	586	1984
	3p	-	40	564	415	367	588	1934
	3p	-	41	557	373	365	577	1872
	3p	-	42	558	372	353	540	1823
	3p	-	43	527	362	343	521	1753
	3p	-	44	552	361	286	486	1685
	3p	-	45	481	320	325	483	1609
	3p	-	46	480	289	284	487	1540
	3p	-	47	478	311	290	403	1482
	3p	-	48	421	288	245	457	1411
	3p	-	49	395	289	252	424	1360
	3p	-	50	401	281	256	370	1308
	3p	-	51	372	266	217	398	1253
	3p	-	52	357	257	212	380	1206
	3p	-	53	339	260	219	337	1155
	3p	-	54	340	217	206	346	1109
	3p	-	55	333	229	199	308	1069
	3p	-	56	306	199	197	312	1014
	3p	-	57	302	179	205	284	970
	3p	-	58	280	176	182	285	923
	3p	-	59	258	169	191	274	892
	3p	-	60	282	165	152	248	847
	3p	-	61	229	189	143	251	812
	3p	-	62	246	171	137	229	783
	3p	-	63	236	149	149	221	755
	3p	-	64	221	158	130	215	724
	3p	-	65	218	139	122	202	681
	3p	-	66	214	135	121	179	649
	3p	-	67	211	116	106	187	620
	3p	-	68	169	127	108	185	589
	3p	-	69	184	101	98	175	558
	3p	-	70	148	104	118	169	539
	3p	-	71	145	105	110	152	512
	3p	-	72	128	105	98	157	488
	3p	-	73	134	88	85	158	465
	3p	-	74	134	87	92	120	433
	3p	-	75	142	76	71	121	410
	3p	-	76	132	83	69	110	394
	3p	-	77	116	85	72	105	378
	3p	-	78	96	73	69	125	363
	3p	-	79	111	57	72	102	342
	3p	-	80	100	70	51	104	325
	3p	-	81	94	69	52	101	316
	3p	-	82	88	51	77	86	302
	3p	-	83	89	51	61	85	286
	3p	-	84	80	63	51	81	275
	3p	-	85	72	55	50	87	264
	3p	-	86	58	49	55	94	256
	3p	-	87	82	42	37	83	244
	3p	-	88	64	53	47	67	231
	3p	-	89	73	39	43	68	223
	3p	-	90	71	38	40	65	214
	3p	-	91	62	45	41	55	203
	3p	-	92	57	42	33	62	194
	3p	-	93	58	47	28	55	188
	3p	-	94	50	46	32	55	183
	3p	-	95	54	33	35	51	173
	3p	-	96	48	43	34	41	166
	3p	-	97	43	35	34	46	158
	3p	-	98	51	37	17	44	149
	3p	-	99	33	32	32	45	142
	3p	-	100	53	27	23	32	135
	5p	+	1	863	670	613	725	2871
	5p	+	2	828	647	524	872	2871
	5p	+	3	816	700	561	794	2871
	5p	+	4	850	657	588	776	2871
	5p	+	5	869	633	630	739	2871
	5p	+	6	814	663	582	812	2871
	5p	+	7	875	651	571	774	2871
	5p	+	8	855	638	542	836	2871
	5p	+	9	874	633	534	830	2871
	5p	+	10	827	631	550	863	2871
	5p	+	11	844	667	529	831	2871
	5p	+	12	879	645	532	815	2871
	5p	+	13	868	617	577	809	2871
	5p	+	14	839	632	562	838	2871
	5p	+	15	838	676	566	791	2871
	5p	+	16	873	644	561	793	2871
	5p	+	17	849	675	554	793	2871
	5p	+	18	833	643	588	807	2871
	5p	+	19	838	627	569	837	2871
	5p	+	20	838	657	581	795	2871
	5p	+	21	883	653	533	802	2871
	5p	+	22	820	679	560	812	2871
	5p	+	23	871	644	538	818	2871
	5p	+	24	891	648	550	782	2871
	5p	+	25	861	650	508	852	2871
	5p	+	26	847	642	575	807	2871
	5p	+	27	865	670	554	782	2871
	5p	+	28	878	643	533	817	2871
	5p	+	29	843	690	523	815	2871
	5p	+	30	908	643	552	768	2871
	5p	+	31	811	595	539	703	2648
	5p	+	32	810	498	482	712	2502
	5p	+	33	751	526	449	674	2400
	5p	+	34	711	499	477	638	2325
	5p	+	35	696	478	428	657	2259
	5p	+	36	685	437	408	665	2195
	5p	+	37	641	478	386	628	2133
	5p	+	38	660	440	365	596	2061
	5p	+	39	644	438	353	571	2006
	5p	+	40	611	386	361	586	1944
	5p	+	41	575	379	350	581	1885
	5p	+	42	582	405	369	470	1826
	5p	+	43	561	385	282	522	1750
	5p	+	44	505	352	292	523	1672
	5p	+	45	457	355	302	479	1593
	5p	+	46	470	341	287	433	1531
	5p	+	47	462	280	280	427	1449
	5p	+	48	402	313	262	409	1386
	5p	+	49	402	277	252	407	1338
	5p	+	50	380	259	231	401	1271
	5p	+	51	379	276	224	346	1225
	5p	+	52	379	261	204	337	1181
	5p	+	53	354	238	208	333	1133
	5p	+	54	319	264	207	301	1091
	5p	+	55	289	216	204	330	1039
	5p	+	56	315	187	188	304	994
	5p	+	57	282	212	187	259	940
	5p	+	58	310	175	157	264	906
	5p	+	59	294	182	156	233	865
	5p	+	60	264	161	148	246	819
	5p	+	61	225	156	154	250	785
	5p	+	62	240	156	137	217	750
	5p	+	63	234	150	135	205	724
	5p	+	64	245	130	131	193	699
	5p	+	65	198	147	126	191	662
	5p	+	66	202	120	123	183	628
	5p	+	67	202	94	109	201	606
	5p	+	68	186	105	117	172	580
	5p	+	69	185	108	99	160	552
	5p	+	70	168	112	114	134	528
	5p	+	71	158	105	82	159	504
	5p	+	72	148	104	73	151	476
	5p	+	73	127	102	79	145	453
	5p	+	74	121	82	99	119	421
	5p	+	75	123	80	58	141	402
	5p	+	76	117	83	71	114	385
	5p	+	77	120	65	70	112	367
	5p	+	78	116	62	64	109	351
	5p	+	79	96	68	69	99	332
	5p	+	80	96	64	61	98	319
	5p	+	81	101	65	56	82	304
	5p	+	82	93	57	59	84	293
	5p	+	83	87	52	63	79	281
	5p	+	84	100	49	54	70	273
	5p	+	85	81	49	50	85	265
	5p	+	86	93	57	32	75	257
	5p	+	87	86	39	44	78	247
	5p	+	88	68	56	53	65	242
	5p	+	89	72	43	51	65	231
	5p	+	90	74	53	37	55	219
	5p	+	91	66	44	36	67	213
	5p	+	92	58	53	44	49	204
	5p	+	93	53	43	32	69	197
	5p	+	94	54	40	40	51	185
	5p	+	95	55	49	35	44	183
	5p	+	96	63	27	30	49	169
	5p	+	97	62	30	28	40	160
	5p	+	98	41	39	36	38	154
	5p	+	99	53	24	26	43	146
	5p	+	100	34	31	23	50	138
	5p	-	1	826	673	640	727	2866
	5p	-	2	811	631	538	886	2866
	5p	-	3	832	668	546	820	2866
	5p	-	4	862	637	593	774	2866
	5p	-	5	822	653	613	778	2866
	5p	-	6	835	663	586	782	2866
	5p	-	7	870	628	571	797	2866
	5p	-	8	904	577	532	853	2866
	5p	-	9	832	630	579	825	2866
	5p	-	10	881	625	559	801	2866
	5p	-	11	842	621	593	810	2866
	5p	-	12	887	615	565	799	2866
	5p	-	13	863	635	566	802	2866
	5p	-	14	856	604	564	842	2866
	5p	-	15	870	628	553	815	2866
	5p	-	16	866	621	529	850	2866
	5p	-	17	851	656	558	801	2866
	5p	-	18	836	661	581	788	2866
	5p	-	19	884	636	532	814	2866
	5p	-	20	868	633	569	796	2866
	5p	-	21	869	625	556	816	2866
	5p	-	22	828	673	579	786	2866
	5p	-	23	856	664	540	806	2866
	5p	-	24	889	615	555	807	2866
	5p	-	25	855	625	570	816	2866
	5p	-	26	854	658	533	821	2866
	5p	-	27	846	650	576	794	2866
	5p	-	28	871	622	557	816	2866
	5p	-	29	866	676	579	745	2866
	5p	-	30	856	630	560	820	2866
	5p	-	31	797	572	515	722	2606
	5p	-	32	806	526	435	699	2466
	5p	-	33	767	467	437	696	2367
	5p	-	34	700	491	449	654	2294
	5p	-	35	704	457	404	656	2221
	5p	-	36	674	478	387	621	2160
	5p	-	37	653	420	417	599	2089
	5p	-	38	662	442	350	579	2033
	5p	-	39	638	399	382	565	1984
	5p	-	40	610	425	382	517	1934
	5p	-	41	587	376	344	565	1872
	5p	-	42	576	378	350	519	1823
	5p	-	43	533	390	329	501	1753
	5p	-	44	536	332	311	506	1685
	5p	-	45	514	321	305	469	1609
	5p	-	46	522	301	281	436	1540
	5p	-	47	477	298	297	410	1482
	5p	-	48	447	284	273	407	1411
	5p	-	49	422	254	250	434	1360
	5p	-	50	378	259	262	409	1308
	5p	-	51	413	232	243	365	1253
	5p	-	52	388	238	221	359	1206
	5p	-	53	390	219	208	338	1155
	5p	-	54	366	224	204	315	1109
	5p	-	55	317	233	187	332	1069
	5p	-	56	322	202	168	322	1014
	5p	-	57	284	200	199	287	970
	5p	-	58	300	194	154	275	923
	5p	-	59	299	162	173	258	892
	5p	-	60	246	193	165	243	847
	5p	-	61	269	162	142	239	812
	5p	-	62	249	173	136	225	783
	5p	-	63	245	149	142	219	755
	5p	-	64	231	135	131	227	724
	5p	-	65	204	152	132	193	681
	5p	-	66	234	128	111	176	649
	5p	-	67	180	148	120	172	620
	5p	-	68	198	126	99	166	589
	5p	-	69	170	95	107	186	558
	5p	-	70	172	113	93	161	539
	5p	-	71	162	99	85	166	512
	5p	-	72	147	99	103	139	488
	5p	-	73	140	102	83	140	465
	5p	-	74	142	65	79	147	433
	5p	-	75	121	78	65	146	410
	5p	-	76	145	71	73	105	394
	5p	-	77	117	89	74	98	378
	5p	-	78	120	77	46	120	363
	5p	-	79	109	68	65	100	342
	5p	-	80	117	53	56	99	325
	5p	-	81	103	59	59	95	316
	5p	-	82	89	64	55	94	302
	5p	-	83	77	67	56	86	286
	5p	-	84	79	56	55	85	275
	5p	-	85	74	52	58	80	264
	5p	-	86	89	46	42	79	256
	5p	-	87	76	58	39	71	244
	5p	-	88	75	41	41	74	231
	5p	-	89	75	45	42	61	223
	5p	-	90	76	44	33	61	214
	5p	-	91	63	45	35	60	203
	5p	-	92	56	36	37	65	194
	5p	-	93	54	40	39	55	188
	5p	-	94	58	41	31	53	183
	5p	-	95	56	42	28	47	173
	5p	-	96	58	25	28	55	166
	5p	-	97	41	30	39	48	158
	5p	-	98	48	36	31	34	149
	5p	-	99	46	31	24	41	142
	5p	-	100	43	25	24	43	135
