# table produced by DamageProfiler
# using mapped file PaA010.BuffaloCape_Human_nc.Target.rmdup.noMicro.bam
# Sample ID: PaA010.BuffaloCape_Human_nc.Target.rmdup.noMicro.bam
Chr	End	Std	Pos	A	C	G	T	Total	G>A	C>T	A>G	T>C	A>C	A>T	C>G	C>A	T>G	T>A	G>C	G>T	A>-	T>-	C>-	G>-	->A	->T	->C	->G	S
	3p	+	1	1047.0	655.0	585.0	584.0	2871.0	18.0	15.0	21.0	25.0	13.0	12.0	9.0	13.0	9.0	9.0	10.0	3.0	0.0	0.0	0.0	0.0	0.0	0.0	0.0	0.0	0.0
	3p	+	2	1001.0	703.0	530.0	637.0	2871.0	19.0	20.0	15.0	18.0	10.0	10.0	3.0	10.0	10.0	11.0	14.0	3.0	0.0	0.0	0.0	0.0	0.0	0.0	0.0	0.0	0.0
	3p	+	3	930.0	698.0	573.0	670.0	2871.0	24.0	8.0	14.0	24.0	10.0	6.0	7.0	11.0	11.0	7.0	7.0	6.0	0.0	0.0	0.0	0.0	0.0	0.0	0.0	0.0	0.0
	3p	+	4	946.0	644.0	557.0	724.0	2871.0	21.0	19.0	9.0	16.0	4.0	12.0	7.0	6.0	2.0	10.0	6.0	12.0	0.0	0.0	0.0	0.0	0.0	0.0	0.0	0.0	0.0
	3p	+	5	921.0	559.0	562.0	829.0	2871.0	16.0	26.0	17.0	22.0	6.0	10.0	5.0	8.0	11.0	9.0	6.0	10.0	0.0	0.0	0.0	0.0	0.0	0.0	0.0	0.0	0.0
	3p	+	6	959.0	590.0	555.0	756.0	2860.0	14.0	13.0	24.0	18.0	3.0	8.0	8.0	9.0	5.0	4.0	5.0	5.0	0.0	0.0	0.0	0.0	7.0	0.0	0.0	2.0	0.0
	3p	+	7	858.0	620.0	572.0	809.0	2859.0	21.0	16.0	21.0	14.0	9.0	9.0	4.0	3.0	7.0	10.0	8.0	8.0	0.0	0.0	0.0	0.0	4.0	0.0	5.0	1.0	0.0
	3p	+	8	931.0	587.0	521.0	814.0	2853.0	21.0	16.0	13.0	25.0	6.0	11.0	5.0	5.0	10.0	5.0	8.0	8.0	0.0	0.0	0.0	0.0	5.0	0.0	6.0	3.0	0.0
	3p	+	9	884.0	639.0	563.0	760.0	2846.0	18.0	9.0	20.0	11.0	11.0	10.0	6.0	10.0	8.0	5.0	8.0	7.0	0.0	0.0	0.0	0.0	7.0	0.0	7.0	7.0	0.0
	3p	+	10	844.0	624.0	576.0	799.0	2843.0	13.0	14.0	10.0	20.0	9.0	6.0	6.0	5.0	4.0	9.0	10.0	6.0	0.0	0.0	0.0	0.0	8.0	0.0	11.0	4.0	0.0
	3p	+	11	858.0	596.0	521.0	878.0	2853.0	16.0	20.0	23.0	20.0	7.0	6.0	5.0	7.0	8.0	16.0	3.0	4.0	0.0	0.0	0.0	0.0	1.0	0.0	11.0	1.0	0.0
	3p	+	12	834.0	595.0	578.0	838.0	2845.0	19.0	14.0	14.0	19.0	4.0	2.0	5.0	5.0	4.0	3.0	9.0	5.0	0.0	0.0	0.0	0.0	7.0	0.0	5.0	10.0	0.0
	3p	+	13	860.0	608.0	575.0	814.0	2857.0	23.0	14.0	19.0	22.0	4.0	5.0	1.0	6.0	3.0	8.0	6.0	6.0	0.0	0.0	0.0	0.0	1.0	0.0	3.0	6.0	0.0
	3p	+	14	851.0	632.0	564.0	806.0	2853.0	20.0	18.0	19.0	25.0	7.0	6.0	7.0	5.0	5.0	7.0	7.0	8.0	0.0	0.0	0.0	0.0	4.0	0.0	5.0	2.0	0.0
	3p	+	15	875.0	611.0	543.0	828.0	2857.0	13.0	16.0	17.0	15.0	7.0	7.0	5.0	5.0	7.0	5.0	7.0	4.0	0.0	0.0	0.0	0.0	5.0	0.0	0.0	5.0	0.0
	3p	+	16	829.0	627.0	574.0	823.0	2853.0	18.0	25.0	14.0	15.0	4.0	2.0	6.0	7.0	9.0	10.0	11.0	11.0	0.0	0.0	0.0	0.0	6.0	0.0	2.0	4.0	0.0
	3p	+	17	832.0	680.0	534.0	797.0	2843.0	19.0	25.0	14.0	16.0	5.0	6.0	8.0	7.0	5.0	4.0	4.0	10.0	0.0	0.0	0.0	0.0	8.0	0.0	5.0	8.0	0.0
	3p	+	18	909.0	610.0	571.0	763.0	2853.0	14.0	20.0	22.0	11.0	5.0	4.0	2.0	4.0	12.0	13.0	7.0	4.0	0.0	0.0	0.0	0.0	4.0	0.0	2.0	7.0	0.0
	3p	+	19	838.0	629.0	548.0	838.0	2853.0	22.0	21.0	18.0	17.0	7.0	5.0	4.0	10.0	2.0	5.0	13.0	16.0	0.0	0.0	0.0	0.0	5.0	0.0	2.0	3.0	0.0
	3p	+	20	864.0	649.0	530.0	814.0	2857.0	25.0	21.0	22.0	26.0	6.0	7.0	4.0	4.0	6.0	6.0	4.0	7.0	0.0	0.0	0.0	0.0	4.0	0.0	3.0	5.0	0.0
	3p	+	21	843.0	627.0	588.0	794.0	2852.0	22.0	24.0	20.0	29.0	4.0	6.0	6.0	7.0	5.0	5.0	8.0	7.0	0.0	0.0	0.0	0.0	5.0	0.0	3.0	3.0	0.0
	3p	+	22	843.0	682.0	541.0	793.0	2859.0	19.0	13.0	27.0	15.0	10.0	6.0	9.0	7.0	4.0	4.0	6.0	6.0	0.0	0.0	0.0	0.0	4.0	0.0	2.0	4.0	0.0
	3p	+	23	848.0	616.0	566.0	829.0	2859.0	21.0	19.0	22.0	20.0	7.0	9.0	9.0	8.0	8.0	7.0	9.0	6.0	0.0	0.0	0.0	0.0	3.0	0.0	4.0	4.0	0.0
	3p	+	24	848.0	673.0	507.0	822.0	2850.0	18.0	23.0	18.0	22.0	10.0	5.0	5.0	11.0	10.0	7.0	8.0	13.0	0.0	0.0	0.0	0.0	5.0	0.0	7.0	7.0	0.0
	3p	+	25	846.0	663.0	552.0	792.0	2853.0	16.0	21.0	15.0	26.0	5.0	9.0	7.0	7.0	5.0	2.0	10.0	3.0	0.0	0.0	0.0	0.0	3.0	0.0	5.0	5.0	0.0
	3p	+	26	830.0	641.0	568.0	809.0	2848.0	20.0	24.0	17.0	13.0	7.0	5.0	5.0	7.0	3.0	6.0	12.0	6.0	0.0	0.0	0.0	0.0	1.0	0.0	6.0	8.0	0.0
	3p	+	27	852.0	615.0	598.0	798.0	2863.0	23.0	18.0	16.0	22.0	11.0	4.0	3.0	5.0	8.0	2.0	8.0	6.0	0.0	0.0	0.0	0.0	2.0	0.0	3.0	2.0	0.0
	3p	+	28	854.0	640.0	567.0	804.0	2865.0	28.0	17.0	15.0	28.0	11.0	7.0	8.0	5.0	9.0	4.0	6.0	6.0	0.0	0.0	0.0	0.0	5.0	0.0	0.0	1.0	0.0
	3p	+	29	815.0	617.0	561.0	873.0	2866.0	22.0	30.0	13.0	22.0	7.0	6.0	10.0	4.0	7.0	7.0	6.0	8.0	0.0	0.0	0.0	0.0	2.0	0.0	0.0	2.0	0.0
	3p	+	30	804.0	677.0	555.0	826.0	2862.0	20.0	21.0	12.0	15.0	13.0	8.0	6.0	8.0	5.0	4.0	9.0	10.0	0.0	0.0	0.0	0.0	4.0	0.0	1.0	3.0	0.0
	3p	+	31	779.0	603.0	491.0	768.0	2641.0	24.0	18.0	20.0	21.0	10.0	10.0	4.0	6.0	5.0	6.0	2.0	7.0	0.0	0.0	0.0	0.0	3.0	0.0	2.0	0.0	0.0
	3p	+	32	756.0	530.0	486.0	728.0	2500.0	18.0	23.0	16.0	23.0	12.0	3.0	4.0	8.0	1.0	5.0	6.0	7.0	0.0	0.0	0.0	0.0	0.0	0.0	1.0	1.0	0.0
	3p	+	33	725.0	485.0	491.0	699.0	2400.0	20.0	15.0	11.0	13.0	6.0	7.0	7.0	4.0	2.0	4.0	9.0	8.0	0.0	0.0	0.0	0.0	0.0	0.0	0.0	0.0	0.0
	3p	+	34	697.0	486.0	457.0	684.0	2324.0	17.0	11.0	11.0	20.0	6.0	5.0	4.0	4.0	2.0	6.0	4.0	3.0	0.0	0.0	0.0	0.0	0.0	0.0	0.0	0.0	0.0
	3p	+	35	653.0	525.0	413.0	664.0	2255.0	14.0	29.0	15.0	12.0	4.0	4.0	2.0	1.0	4.0	8.0	6.0	3.0	0.0	0.0	0.0	0.0	0.0	0.0	3.0	0.0	0.0
	3p	+	36	628.0	461.0	428.0	676.0	2193.0	14.0	18.0	18.0	16.0	2.0	1.0	4.0	5.0	2.0	7.0	3.0	5.0	0.0	0.0	0.0	0.0	0.0	0.0	1.0	0.0	0.0
	3p	+	37	653.0	443.0	415.0	617.0	2128.0	11.0	19.0	10.0	15.0	5.0	4.0	2.0	9.0	3.0	3.0	2.0	2.0	0.0	0.0	0.0	0.0	0.0	0.0	1.0	0.0	0.0
	3p	+	38	614.0	427.0	376.0	638.0	2055.0	14.0	19.0	17.0	15.0	2.0	3.0	2.0	3.0	6.0	4.0	4.0	4.0	0.0	0.0	0.0	0.0	1.0	0.0	1.0	1.0	0.0
	3p	+	39	606.0	460.0	349.0	586.0	2001.0	15.0	14.0	14.0	11.0	8.0	6.0	2.0	2.0	2.0	2.0	4.0	3.0	0.0	0.0	0.0	0.0	3.0	0.0	0.0	1.0	0.0
	3p	+	40	563.0	433.0	363.0	579.0	1938.0	17.0	15.0	14.0	15.0	4.0	0.0	1.0	6.0	3.0	4.0	4.0	6.0	0.0	0.0	0.0	0.0	3.0	0.0	1.0	1.0	0.0
	3p	+	41	550.0	425.0	351.0	554.0	1880.0	14.0	17.0	10.0	16.0	6.0	7.0	1.0	5.0	3.0	5.0	0.0	2.0	0.0	0.0	0.0	0.0	0.0	0.0	2.0	1.0	0.0
	3p	+	42	553.0	380.0	347.0	542.0	1822.0	16.0	13.0	10.0	10.0	2.0	2.0	5.0	3.0	5.0	6.0	1.0	2.0	0.0	0.0	0.0	0.0	1.0	0.0	0.0	0.0	0.0
	3p	+	43	548.0	358.0	308.0	531.0	1745.0	16.0	9.0	12.0	19.0	1.0	5.0	3.0	2.0	5.0	2.0	1.0	2.0	0.0	0.0	0.0	0.0	1.0	0.0	0.0	2.0	0.0
	3p	+	44	512.0	355.0	316.0	487.0	1670.0	11.0	10.0	12.0	13.0	4.0	2.0	3.0	2.0	3.0	3.0	1.0	3.0	0.0	0.0	0.0	0.0	1.0	0.0	0.0	0.0	0.0
	3p	+	45	460.0	339.0	335.0	454.0	1588.0	12.0	8.0	13.0	12.0	5.0	1.0	4.0	0.0	0.0	0.0	2.0	1.0	0.0	0.0	0.0	0.0	1.0	0.0	0.0	1.0	0.0
	3p	+	46	483.0	337.0	289.0	417.0	1526.0	16.0	10.0	10.0	9.0	6.0	4.0	2.0	5.0	1.0	2.0	2.0	2.0	0.0	0.0	0.0	0.0	1.0	0.0	3.0	1.0	0.0
	3p	+	47	430.0	312.0	276.0	427.0	1445.0	12.0	8.0	11.0	11.0	4.0	4.0	4.0	3.0	4.0	1.0	0.0	3.0	0.0	0.0	0.0	0.0	2.0	0.0	0.0	0.0	0.0
	3p	+	48	399.0	323.0	259.0	401.0	1382.0	8.0	11.0	6.0	7.0	1.0	3.0	0.0	1.0	2.0	2.0	1.0	6.0	0.0	0.0	0.0	0.0	2.0	0.0	1.0	1.0	0.0
	3p	+	49	424.0	298.0	226.0	390.0	1338.0	8.0	8.0	6.0	8.0	6.0	2.0	1.0	4.0	3.0	4.0	2.0	1.0	0.0	0.0	0.0	0.0	0.0	0.0	0.0	0.0	0.0
	3p	+	50	381.0	254.0	260.0	373.0	1268.0	6.0	9.0	8.0	7.0	2.0	5.0	5.0	3.0	2.0	0.0	1.0	1.0	0.0	0.0	0.0	0.0	1.0	0.0	1.0	0.0	0.0
	3p	+	51	354.0	259.0	240.0	370.0	1223.0	9.0	8.0	6.0	4.0	2.0	4.0	3.0	3.0	2.0	3.0	0.0	1.0	0.0	0.0	0.0	0.0	1.0	0.0	0.0	0.0	0.0
	3p	+	52	370.0	267.0	220.0	324.0	1181.0	6.0	9.0	5.0	8.0	1.0	2.0	1.0	1.0	3.0	3.0	1.0	3.0	0.0	0.0	0.0	0.0	0.0	0.0	0.0	0.0	0.0
	3p	+	53	340.0	243.0	230.0	317.0	1130.0	8.0	10.0	6.0	3.0	8.0	2.0	3.0	3.0	0.0	3.0	3.0	0.0	0.0	0.0	0.0	0.0	2.0	0.0	0.0	0.0	0.0
	3p	+	54	345.0	219.0	216.0	309.0	1089.0	5.0	9.0	12.0	5.0	3.0	3.0	0.0	2.0	2.0	2.0	0.0	5.0	0.0	0.0	0.0	0.0	1.0	0.0	1.0	0.0	0.0
	3p	+	55	311.0	229.0	178.0	319.0	1037.0	7.0	7.0	8.0	11.0	3.0	1.0	5.0	2.0	3.0	6.0	0.0	3.0	0.0	0.0	0.0	0.0	1.0	0.0	1.0	0.0	0.0
	3p	+	56	280.0	209.0	184.0	319.0	992.0	5.0	4.0	7.0	4.0	3.0	1.0	0.0	2.0	2.0	3.0	1.0	1.0	0.0	0.0	0.0	0.0	1.0	0.0	0.0	0.0	0.0
	3p	+	57	260.0	195.0	170.0	314.0	939.0	5.0	5.0	5.0	10.0	0.0	1.0	0.0	1.0	2.0	3.0	1.0	2.0	0.0	0.0	0.0	0.0	1.0	0.0	0.0	0.0	0.0
	3p	+	58	310.0	187.0	168.0	241.0	906.0	9.0	1.0	9.0	6.0	1.0	1.0	1.0	3.0	1.0	0.0	1.0	1.0	0.0	0.0	0.0	0.0	0.0	0.0	0.0	0.0	0.0
	3p	+	59	286.0	172.0	138.0	268.0	864.0	10.0	7.0	4.0	6.0	0.0	1.0	0.0	4.0	2.0	1.0	0.0	1.0	0.0	0.0	0.0	0.0	0.0	0.0	0.0	1.0	0.0
	3p	+	60	263.0	163.0	157.0	234.0	817.0	13.0	4.0	3.0	6.0	1.0	0.0	3.0	0.0	0.0	1.0	1.0	2.0	0.0	0.0	0.0	0.0	0.0	0.0	0.0	1.0	0.0
	3p	+	61	248.0	145.0	159.0	233.0	785.0	8.0	3.0	5.0	7.0	2.0	1.0	2.0	2.0	0.0	2.0	1.0	2.0	0.0	0.0	0.0	0.0	0.0	0.0	0.0	0.0	0.0
	3p	+	62	245.0	159.0	129.0	217.0	750.0	5.0	1.0	4.0	5.0	1.0	0.0	2.0	1.0	3.0	0.0	0.0	2.0	0.0	0.0	0.0	0.0	0.0	0.0	0.0	0.0	0.0
	3p	+	63	227.0	152.0	126.0	218.0	723.0	4.0	5.0	6.0	7.0	1.0	1.0	0.0	0.0	1.0	1.0	1.0	2.0	0.0	0.0	0.0	0.0	1.0	0.0	0.0	0.0	0.0
	3p	+	64	196.0	157.0	125.0	221.0	699.0	5.0	4.0	6.0	5.0	3.0	0.0	3.0	0.0	0.0	1.0	0.0	2.0	0.0	0.0	0.0	0.0	0.0	0.0	0.0	0.0	0.0
	3p	+	65	203.0	142.0	128.0	189.0	662.0	3.0	3.0	7.0	7.0	0.0	0.0	1.0	0.0	1.0	0.0	0.0	2.0	0.0	0.0	0.0	0.0	0.0	0.0	0.0	0.0	0.0
	3p	+	66	188.0	115.0	110.0	215.0	628.0	3.0	4.0	3.0	4.0	1.0	1.0	0.0	1.0	2.0	3.0	1.0	2.0	0.0	0.0	0.0	0.0	0.0	0.0	0.0	0.0	0.0
	3p	+	67	185.0	124.0	127.0	165.0	601.0	4.0	3.0	5.0	2.0	2.0	3.0	0.0	0.0	1.0	1.0	0.0	1.0	0.0	0.0	0.0	0.0	0.0	0.0	2.0	1.0	0.0
	3p	+	68	180.0	116.0	102.0	182.0	580.0	0.0	1.0	4.0	5.0	0.0	2.0	2.0	1.0	0.0	1.0	0.0	3.0	0.0	0.0	0.0	0.0	0.0	0.0	0.0	0.0	0.0
	3p	+	69	144.0	140.0	106.0	162.0	552.0	6.0	4.0	4.0	5.0	1.0	0.0	0.0	0.0	3.0	0.0	0.0	2.0	0.0	0.0	0.0	0.0	0.0	0.0	0.0	0.0	0.0
	3p	+	70	143.0	122.0	105.0	158.0	528.0	2.0	1.0	2.0	4.0	0.0	3.0	1.0	1.0	1.0	1.0	1.0	2.0	0.0	0.0	0.0	0.0	0.0	0.0	0.0	0.0	0.0
	3p	+	71	140.0	116.0	95.0	153.0	504.0	3.0	4.0	4.0	5.0	1.0	0.0	2.0	1.0	0.0	1.0	1.0	3.0	0.0	0.0	0.0	0.0	0.0	0.0	0.0	0.0	0.0
	3p	+	72	124.0	84.0	93.0	174.0	475.0	2.0	4.0	1.0	8.0	0.0	1.0	1.0	0.0	1.0	1.0	2.0	0.0	0.0	0.0	0.0	0.0	0.0	0.0	1.0	0.0	0.0
	3p	+	73	137.0	95.0	96.0	124.0	452.0	1.0	7.0	2.0	1.0	2.0	1.0	1.0	2.0	1.0	0.0	2.0	2.0	0.0	0.0	0.0	0.0	0.0	0.0	0.0	1.0	0.0
	3p	+	74	124.0	74.0	85.0	137.0	420.0	2.0	2.0	0.0	5.0	0.0	0.0	0.0	1.0	1.0	3.0	0.0	1.0	0.0	0.0	0.0	0.0	1.0	0.0	0.0	0.0	0.0
	3p	+	75	130.0	76.0	72.0	124.0	402.0	3.0	1.0	6.0	6.0	0.0	1.0	0.0	3.0	0.0	0.0	0.0	0.0	0.0	0.0	0.0	0.0	0.0	0.0	0.0	0.0	0.0
	3p	+	76	128.0	87.0	66.0	104.0	385.0	3.0	2.0	3.0	2.0	2.0	1.0	1.0	2.0	1.0	0.0	1.0	0.0	0.0	0.0	0.0	0.0	0.0	0.0	0.0	0.0	0.0
	3p	+	77	113.0	90.0	46.0	118.0	367.0	1.0	1.0	1.0	7.0	1.0	1.0	3.0	0.0	0.0	1.0	0.0	0.0	0.0	0.0	0.0	0.0	0.0	0.0	0.0	0.0	0.0
	3p	+	78	114.0	76.0	61.0	99.0	350.0	2.0	1.0	5.0	2.0	1.0	0.0	0.0	0.0	0.0	0.0	1.0	0.0	0.0	0.0	0.0	0.0	1.0	0.0	0.0	0.0	0.0
	3p	+	79	98.0	92.0	51.0	91.0	332.0	1.0	2.0	3.0	2.0	0.0	1.0	0.0	1.0	0.0	0.0	1.0	3.0	0.0	0.0	0.0	0.0	0.0	0.0	0.0	0.0	0.0
	3p	+	80	92.0	69.0	59.0	99.0	319.0	1.0	3.0	2.0	1.0	1.0	0.0	0.0	2.0	2.0	0.0	0.0	2.0	0.0	0.0	0.0	0.0	0.0	0.0	0.0	0.0	0.0
	3p	+	81	64.0	72.0	68.0	100.0	304.0	4.0	6.0	0.0	2.0	1.0	0.0	0.0	1.0	0.0	0.0	0.0	1.0	0.0	0.0	0.0	0.0	0.0	0.0	0.0	0.0	0.0
	3p	+	82	96.0	67.0	47.0	83.0	293.0	2.0	3.0	2.0	0.0	0.0	0.0	1.0	1.0	1.0	0.0	0.0	1.0	0.0	0.0	0.0	0.0	0.0	0.0	0.0	0.0	0.0
	3p	+	83	91.0	64.0	62.0	64.0	281.0	2.0	3.0	0.0	0.0	0.0	1.0	0.0	1.0	1.0	0.0	0.0	3.0	0.0	0.0	0.0	0.0	0.0	0.0	0.0	0.0	0.0
	3p	+	84	82.0	51.0	51.0	89.0	273.0	3.0	0.0	3.0	0.0	0.0	1.0	1.0	0.0	0.0	0.0	0.0	1.0	0.0	0.0	0.0	0.0	0.0	0.0	0.0	0.0	0.0
	3p	+	85	86.0	52.0	53.0	74.0	265.0	1.0	0.0	1.0	2.0	0.0	0.0	0.0	0.0	1.0	1.0	0.0	1.0	0.0	0.0	0.0	0.0	0.0	0.0	0.0	0.0	0.0
	3p	+	86	80.0	64.0	46.0	67.0	257.0	2.0	0.0	0.0	0.0	0.0	1.0	1.0	0.0	0.0	1.0	0.0	1.0	0.0	0.0	0.0	0.0	0.0	0.0	0.0	0.0	0.0
	3p	+	87	68.0	54.0	55.0	69.0	246.0	1.0	3.0	3.0	5.0	1.0	0.0	0.0	0.0	1.0	1.0	0.0	1.0	0.0	0.0	0.0	0.0	1.0	0.0	0.0	0.0	0.0
	3p	+	88	70.0	49.0	43.0	80.0	242.0	0.0	2.0	0.0	1.0	0.0	0.0	1.0	0.0	2.0	0.0	0.0	0.0	0.0	0.0	0.0	0.0	0.0	0.0	0.0	0.0	0.0
	3p	+	89	63.0	67.0	49.0	52.0	231.0	1.0	4.0	2.0	2.0	0.0	0.0	1.0	0.0	0.0	0.0	1.0	0.0	0.0	0.0	0.0	0.0	0.0	0.0	0.0	0.0	0.0
	3p	+	90	71.0	39.0	38.0	70.0	218.0	0.0	1.0	1.0	1.0	0.0	0.0	0.0	0.0	0.0	0.0	0.0	2.0	0.0	0.0	0.0	0.0	1.0	0.0	0.0	0.0	0.0
	3p	+	91	56.0	47.0	43.0	66.0	212.0	0.0	1.0	0.0	0.0	0.0	0.0	0.0	1.0	0.0	0.0	1.0	0.0	0.0	0.0	0.0	0.0	1.0	0.0	0.0	0.0	0.0
	3p	+	92	59.0	58.0	33.0	54.0	204.0	1.0	1.0	0.0	2.0	0.0	0.0	0.0	0.0	0.0	0.0	0.0	1.0	0.0	0.0	0.0	0.0	0.0	0.0	0.0	0.0	0.0
	3p	+	93	50.0	44.0	45.0	58.0	197.0	1.0	1.0	1.0	1.0	2.0	1.0	0.0	0.0	0.0	3.0	1.0	0.0	0.0	0.0	0.0	0.0	0.0	0.0	0.0	0.0	0.0
	3p	+	94	66.0	32.0	34.0	53.0	185.0	0.0	1.0	2.0	1.0	1.0	0.0	0.0	0.0	0.0	0.0	0.0	0.0	0.0	0.0	0.0	0.0	0.0	0.0	0.0	0.0	0.0
	3p	+	95	55.0	35.0	30.0	63.0	183.0	1.0	0.0	1.0	5.0	0.0	0.0	0.0	0.0	0.0	1.0	1.0	0.0	0.0	0.0	0.0	0.0	0.0	0.0	0.0	0.0	0.0
	3p	+	96	43.0	40.0	33.0	53.0	169.0	0.0	3.0	1.0	2.0	0.0	0.0	0.0	0.0	1.0	0.0	0.0	0.0	0.0	0.0	0.0	0.0	0.0	0.0	0.0	0.0	0.0
	3p	+	97	49.0	29.0	32.0	50.0	160.0	1.0	1.0	1.0	2.0	0.0	0.0	1.0	0.0	0.0	1.0	0.0	0.0	0.0	0.0	0.0	0.0	0.0	0.0	0.0	0.0	0.0
	3p	+	98	45.0	37.0	28.0	43.0	153.0	2.0	2.0	1.0	0.0	0.0	1.0	0.0	0.0	1.0	1.0	0.0	1.0	0.0	0.0	0.0	0.0	0.0	0.0	0.0	1.0	0.0
	3p	+	99	50.0	23.0	29.0	44.0	146.0	1.0	1.0	0.0	1.0	0.0	1.0	0.0	0.0	1.0	0.0	0.0	1.0	0.0	0.0	0.0	0.0	0.0	0.0	0.0	0.0	0.0
	3p	+	100	48.0	35.0	23.0	32.0	138.0	3.0	1.0	1.0	0.0	0.0	0.0	0.0	0.0	0.0	1.0	0.0	0.0	0.0	0.0	0.0	0.0	0.0	0.0	0.0	0.0	0.0
	3p	-	1	1040.0	647.0	560.0	619.0	2866.0	23.0	19.0	20.0	21.0	18.0	4.0	6.0	10.0	11.0	10.0	11.0	4.00.0	0.0	0.0	0.0	0.0	0.0	0.0	0.0	0.0
	3p	-	2	956.0	703.0	540.0	667.0	2866.0	28.0	14.0	23.0	20.0	8.0	8.0	7.0	6.0	7.0	10.0	6.0	4.00.0	0.0	0.0	0.0	0.0	0.0	0.0	0.0	0.0
	3p	-	3	904.0	690.0	562.0	709.0	2865.0	17.0	23.0	19.0	27.0	7.0	9.0	11.0	9.0	10.0	7.0	7.0	5.00.0	0.0	0.0	0.0	0.0	0.0	1.0	0.0	0.0
	3p	-	4	939.0	638.0	551.0	737.0	2865.0	17.0	17.0	18.0	22.0	9.0	4.0	7.0	6.0	8.0	12.0	3.0	8.00.0	0.0	0.0	0.0	1.0	0.0	0.0	0.0	0.0
	3p	-	5	950.0	583.0	553.0	773.0	2859.0	11.0	15.0	27.0	23.0	6.0	5.0	6.0	6.0	6.0	5.0	7.0	12.00.0	0.0	0.0	0.0	1.0	0.0	1.0	3.0	0.0
	3p	-	6	915.0	575.0	611.0	754.0	2855.0	20.0	15.0	19.0	12.0	5.0	8.0	6.0	13.0	9.0	6.0	7.0	7.00.0	0.0	0.0	0.0	3.0	0.0	3.0	3.0	0.0
	3p	-	7	908.0	603.0	565.0	768.0	2844.0	22.0	21.0	19.0	18.0	7.0	6.0	4.0	7.0	6.0	11.0	12.0	6.00.0	0.0	0.0	0.0	9.0	0.0	3.0	5.0	0.0
	3p	-	8	908.0	609.0	550.0	780.0	2847.0	19.0	17.0	23.0	21.0	8.0	0.0	10.0	6.0	10.0	4.0	6.0	8.00.0	0.0	0.0	0.0	6.0	0.0	6.0	2.0	0.0
	3p	-	9	863.0	638.0	575.0	773.0	2849.0	25.0	27.0	14.0	18.0	5.0	6.0	2.0	10.0	3.0	5.0	4.0	9.00.0	0.0	0.0	0.0	5.0	0.0	6.0	3.0	0.0
	3p	-	10	899.0	630.0	558.0	756.0	2843.0	18.0	25.0	19.0	10.0	7.0	10.0	10.0	3.0	2.0	7.0	10.0	7.00.0	0.0	0.0	0.0	11.0	0.0	4.0	4.0	0.0
	3p	-	11	849.0	600.0	594.0	805.0	2848.0	29.0	17.0	13.0	16.0	9.0	6.0	4.0	6.0	7.0	3.0	4.0	5.00.0	0.0	0.0	0.0	6.0	0.0	3.0	1.0	0.0
	3p	-	12	841.0	632.0	582.0	793.0	2848.0	21.0	21.0	20.0	20.0	12.0	5.0	5.0	7.0	5.0	6.0	4.0	15.00.0	0.0	0.0	0.0	5.0	0.0	6.0	4.0	0.0
	3p	-	13	905.0	613.0	532.0	799.0	2849.0	13.0	25.0	22.0	16.0	5.0	12.0	7.0	3.0	4.0	4.0	5.0	4.00.0	0.0	0.0	0.0	7.0	0.0	3.0	3.0	0.0
	3p	-	14	878.0	612.0	546.0	809.0	2845.0	21.0	12.0	21.0	19.0	12.0	6.0	3.0	10.0	8.0	4.0	6.0	9.00.0	0.0	0.0	0.0	2.0	0.0	4.0	7.0	0.0
	3p	-	15	889.0	631.0	522.0	814.0	2856.0	16.0	26.0	20.0	13.0	7.0	4.0	9.0	14.0	5.0	4.0	6.0	5.00.0	0.0	0.0	0.0	4.0	0.0	2.0	1.0	0.0
	3p	-	16	870.0	603.0	555.0	814.0	2842.0	18.0	17.0	26.0	20.0	6.0	2.0	7.0	5.0	7.0	4.0	6.0	8.00.0	0.0	0.0	0.0	5.0	0.0	1.0	11.0	0.0
	3p	-	17	849.0	608.0	560.0	824.0	2841.0	20.0	17.0	13.0	33.0	6.0	12.0	8.0	5.0	5.0	6.0	6.0	8.00.0	0.0	0.0	0.0	8.0	0.0	2.0	8.0	0.0
	3p	-	18	860.0	593.0	590.0	808.0	2851.0	19.0	16.0	20.0	25.0	5.0	7.0	10.0	8.0	5.0	4.0	14.0	8.00.0	0.0	0.0	0.0	6.0	0.0	1.0	4.0	0.0
	3p	-	19	834.0	613.0	580.0	816.0	2843.0	18.0	18.0	15.0	18.0	9.0	8.0	5.0	11.0	11.0	6.0	6.0	11.00.0	0.0	0.0	0.0	4.0	0.0	7.0	8.0	0.0
	3p	-	20	870.0	615.0	539.0	827.0	2851.0	13.0	11.0	20.0	17.0	4.0	7.0	10.0	7.0	2.0	7.0	2.0	6.00.0	0.0	0.0	0.0	7.0	0.0	2.0	3.0	0.0
	3p	-	21	882.0	634.0	507.0	824.0	2847.0	11.0	24.0	16.0	21.0	10.0	3.0	6.0	4.0	11.0	5.0	8.0	5.00.0	0.0	0.0	0.0	4.0	0.0	8.0	5.0	0.0
	3p	-	22	836.0	662.0	558.0	791.0	2847.0	14.0	26.0	12.0	13.0	6.0	4.0	7.0	10.0	8.0	9.0	9.0	4.00.0	0.0	0.0	0.0	6.0	0.0	4.0	5.0	0.0
	3p	-	23	856.0	602.0	523.0	866.0	2847.0	8.0	15.0	12.0	15.0	2.0	6.0	5.0	10.0	2.0	5.0	12.0	5.00.0	0.0	0.0	0.0	2.0	0.0	8.0	7.0	0.0
	3p	-	24	834.0	650.0	533.0	830.0	2847.0	20.0	18.0	14.0	12.0	7.0	8.0	4.0	4.0	5.0	12.0	7.0	12.00.0	0.0	0.0	0.0	6.0	0.0	2.0	3.0	0.0
	3p	-	25	847.0	640.0	547.0	811.0	2845.0	25.0	15.0	20.0	18.0	6.0	6.0	5.0	5.0	6.0	5.0	4.0	2.00.0	0.0	0.0	0.0	5.0	0.0	5.0	2.0	0.0
	3p	-	26	848.0	654.0	552.0	795.0	2849.0	22.0	20.0	13.0	29.0	4.0	7.0	6.0	6.0	9.0	7.0	7.0	9.00.0	0.0	0.0	0.0	3.0	0.0	5.0	5.0	0.0
	3p	-	27	836.0	621.0	617.0	782.0	2856.0	24.0	20.0	17.0	28.0	8.0	7.0	8.0	8.0	6.0	9.0	7.0	7.00.0	0.0	0.0	0.0	2.0	0.0	4.0	1.0	0.0
	3p	-	28	831.0	628.0	568.0	830.0	2857.0	21.0	22.0	18.0	25.0	2.0	6.0	6.0	4.0	9.0	8.0	13.0	5.00.0	0.0	0.0	0.0	0.0	0.0	2.0	2.0	0.0
	3p	-	29	818.0	639.0	520.0	882.0	2859.0	14.0	18.0	9.0	19.0	8.0	5.0	7.0	8.0	12.0	4.0	9.0	10.00.0	0.0	0.0	0.0	2.0	0.0	1.0	0.0	0.0
	3p	-	30	819.0	664.0	551.0	823.0	2857.0	13.0	21.0	13.0	21.0	12.0	6.0	13.0	6.0	4.0	6.0	3.0	5.00.0	0.0	0.0	0.0	3.0	0.0	2.0	3.0	0.0
	3p	-	31	815.0	528.0	511.0	742.0	2596.0	13.0	20.0	13.0	20.0	7.0	4.0	2.0	6.0	9.0	3.0	6.0	6.00.0	0.0	0.0	0.0	3.0	0.0	3.0	2.0	0.0
	3p	-	32	719.0	522.0	447.0	773.0	2461.0	16.0	24.0	14.0	15.0	4.0	5.0	3.0	4.0	5.0	8.0	7.0	6.00.0	0.0	0.0	0.0	0.0	0.0	1.0	1.0	0.0
	3p	-	33	704.0	506.0	469.0	683.0	2362.0	14.0	17.0	20.0	15.0	5.0	6.0	9.0	3.0	4.0	5.0	6.0	9.00.0	0.0	0.0	0.0	0.0	0.0	3.0	0.0	0.0
	3p	-	34	709.0	467.0	462.0	652.0	2290.0	23.0	15.0	18.0	20.0	5.0	1.0	3.0	3.0	7.0	3.0	5.0	4.00.0	0.0	0.0	0.0	0.0	0.0	0.0	1.0	0.0
	3p	-	35	661.0	448.0	434.0	676.0	2219.0	15.0	16.0	13.0	15.0	9.0	3.0	2.0	4.0	1.0	5.0	3.0	4.00.0	0.0	0.0	0.0	0.0	0.0	2.0	0.0	0.0
	3p	-	36	661.0	462.0	404.0	630.0	2157.0	17.0	16.0	21.0	21.0	10.0	3.0	6.0	2.0	3.0	3.0	1.0	4.00.0	0.0	0.0	0.0	0.0	0.0	1.0	0.0	0.0
	3p	-	37	636.0	458.0	384.0	606.0	2084.0	14.0	12.0	7.0	15.0	6.0	2.0	3.0	1.0	3.0	5.0	6.0	4.00.0	0.0	0.0	0.0	4.0	0.0	0.0	0.0	0.0
	3p	-	38	648.0	417.0	397.0	570.0	2032.0	15.0	15.0	15.0	12.0	5.0	0.0	5.0	4.0	0.0	3.0	4.0	6.00.0	0.0	0.0	0.0	0.0	0.0	0.0	1.0	0.0
	3p	-	39	634.0	400.0	365.0	582.0	1981.0	14.0	13.0	16.0	11.0	5.0	3.0	9.0	7.0	3.0	4.0	6.0	5.00.0	0.0	0.0	0.0	2.0	0.0	0.0	0.0	0.0
	3p	-	40	557.0	403.0	375.0	595.0	1930.0	21.0	14.0	11.0	21.0	4.0	2.0	2.0	0.0	3.0	2.0	2.0	1.00.0	0.0	0.0	0.0	1.0	0.0	1.0	0.0	0.0
	3p	-	41	550.0	371.0	370.0	581.0	1872.0	15.0	14.0	7.0	16.0	5.0	4.0	6.0	2.0	3.0	6.0	3.0	3.00.0	0.0	0.0	0.0	0.0	0.0	0.0	0.0	0.0
	3p	-	42	551.0	371.0	355.0	542.0	1819.0	16.0	12.0	11.0	12.0	9.0	2.0	3.0	5.0	3.0	4.0	0.0	3.00.0	0.0	0.0	0.0	4.0	0.0	0.0	0.0	0.0
	3p	-	43	516.0	357.0	347.0	532.0	1752.0	11.0	5.0	7.0	11.0	1.0	0.0	3.0	1.0	4.0	7.0	1.0	6.00.0	0.0	0.0	0.0	0.0	0.0	1.0	0.0	0.0
	3p	-	44	546.0	361.0	296.0	479.0	1682.0	16.0	10.0	8.0	7.0	5.0	7.0	3.0	4.0	4.0	5.0	4.0	5.00.0	0.0	0.0	0.0	1.0	0.0	1.0	0.0	0.0
	3p	-	45	477.0	316.0	325.0	489.0	1607.0	10.0	11.0	10.0	15.0	5.0	4.0	0.0	6.0	3.0	6.0	1.0	2.00.0	0.0	0.0	0.0	1.0	0.0	0.0	0.0	0.0
	3p	-	46	481.0	286.0	284.0	488.0	1539.0	16.0	11.0	12.0	12.0	4.0	6.0	3.0	1.0	4.0	4.0	2.0	1.00.0	0.0	0.0	0.0	0.0	0.0	0.0	0.0	0.0
	3p	-	47	476.0	306.0	293.0	405.0	1480.0	16.0	4.0	14.0	13.0	5.0	5.0	3.0	6.0	2.0	4.0	0.0	6.00.0	0.0	0.0	0.0	0.0	0.0	0.0	0.0	0.0
	3p	-	48	421.0	285.0	249.0	455.0	1410.0	6.0	12.0	8.0	10.0	3.0	2.0	0.0	2.0	2.0	5.0	3.0	5.00.0	0.0	0.0	0.0	0.0	0.0	1.0	0.0	0.0
	3p	-	49	397.0	281.0	249.0	430.0	1357.0	6.0	4.0	8.0	15.0	3.0	4.0	2.0	6.0	5.0	1.0	1.0	6.00.0	0.0	0.0	0.0	0.0	0.0	1.0	1.0	0.0
	3p	-	50	399.0	271.0	263.0	373.0	1306.0	13.0	9.0	7.0	13.0	5.0	2.0	2.0	1.0	2.0	2.0	3.0	2.00.0	0.0	0.0	0.0	0.0	0.0	1.0	0.0	0.0
	3p	-	51	382.0	263.0	221.0	386.0	1252.0	9.0	13.0	11.0	9.0	4.0	5.0	0.0	1.0	1.0	0.0	4.0	3.00.0	0.0	0.0	0.0	0.0	0.0	0.0	0.0	0.0
	3p	-	52	357.0	255.0	212.0	381.0	1205.0	13.0	8.0	13.0	13.0	3.0	0.0	5.0	1.0	2.0	2.0	0.0	7.00.0	0.0	0.0	0.0	0.0	0.0	0.0	0.0	0.0
	3p	-	53	334.0	251.0	224.0	345.0	1154.0	9.0	4.0	3.0	9.0	2.0	3.0	1.0	0.0	4.0	4.0	2.0	2.00.0	0.0	0.0	0.0	0.0	0.0	1.0	0.0	0.0
	3p	-	54	336.0	222.0	209.0	342.0	1109.0	10.0	14.0	6.0	8.0	3.0	0.0	2.0	1.0	4.0	2.0	1.0	4.00.0	0.0	0.0	0.0	0.0	0.0	0.0	0.0	0.0
	3p	-	55	328.0	231.0	207.0	302.0	1068.0	11.0	5.0	5.0	5.0	2.0	2.0	2.0	3.0	1.0	0.0	0.0	5.00.0	0.0	0.0	0.0	0.0	0.0	1.0	0.0	0.0
	3p	-	56	309.0	199.0	194.0	310.0	1012.0	4.0	8.0	5.0	5.0	2.0	0.0	1.0	0.0	3.0	0.0	1.0	1.00.0	0.0	0.0	0.0	0.0	0.0	1.0	0.0	0.0
	3p	-	57	305.0	169.0	201.0	292.0	967.0	7.0	4.0	7.0	12.0	3.0	3.0	1.0	0.0	3.0	2.0	0.0	1.00.0	0.0	0.0	0.0	1.0	0.0	0.0	1.0	0.0
	3p	-	58	274.0	172.0	183.0	288.0	917.0	10.0	4.0	7.0	7.0	2.0	0.0	1.0	3.0	2.0	0.0	2.0	0.00.0	0.0	0.0	0.0	2.0	0.0	1.0	1.0	0.0
	3p	-	59	255.0	169.0	190.0	276.0	890.0	6.0	6.0	3.0	5.0	4.0	2.0	1.0	3.0	5.0	2.0	0.0	2.00.0	0.0	0.0	0.0	1.0	0.0	1.0	0.0	0.0
	3p	-	60	278.0	158.0	160.0	249.0	845.0	8.0	5.0	2.0	10.0	2.0	1.0	2.0	0.0	0.0	1.0	1.0	4.00.0	0.0	0.0	0.0	0.0	0.0	1.0	1.0	0.0
	3p	-	61	227.0	195.0	141.0	249.0	812.0	6.0	4.0	5.0	1.0	1.0	3.0	2.0	3.0	3.0	2.0	1.0	1.00.0	0.0	0.0	0.0	0.0	0.0	0.0	0.0	0.0
	3p	-	62	242.0	174.0	140.0	226.0	782.0	5.0	6.0	2.0	3.0	1.0	2.0	0.0	1.0	1.0	2.0	0.0	1.00.0	0.0	0.0	0.0	1.0	0.0	0.0	0.0	0.0
	3p	-	63	233.0	145.0	148.0	227.0	753.0	4.0	3.0	5.0	6.0	0.0	0.0	0.0	0.0	1.0	3.0	0.0	1.00.0	0.0	0.0	0.0	1.0	0.0	1.0	0.0	0.0
	3p	-	64	220.0	165.0	131.0	208.0	724.0	3.0	11.0	3.0	4.0	1.0	1.0	0.0	1.0	1.0	2.0	0.0	2.00.0	0.0	0.0	0.0	0.0	0.0	0.0	0.0	0.0
	3p	-	65	215.0	134.0	127.0	204.0	680.0	6.0	4.0	3.0	7.0	0.0	1.0	1.0	0.0	3.0	0.0	3.0	3.00.0	0.0	0.0	0.0	1.0	0.0	0.0	0.0	0.0
	3p	-	66	219.0	131.0	121.0	178.0	649.0	4.0	2.0	5.0	3.0	4.0	3.0	0.0	2.0	0.0	1.0	1.0	0.00.0	0.0	0.0	0.0	0.0	0.0	0.0	0.0	0.0
	3p	-	67	208.0	117.0	108.0	186.0	619.0	5.0	4.0	3.0	4.0	2.0	0.0	1.0	3.0	1.0	0.0	1.0	2.00.0	0.0	0.0	0.0	0.0	0.0	0.0	1.0	0.0
	3p	-	68	170.0	129.0	106.0	183.0	588.0	3.0	5.0	3.0	3.0	0.0	1.0	1.0	0.0	1.0	0.0	1.0	0.00.0	0.0	0.0	0.0	0.0	0.0	0.0	1.0	0.0
	3p	-	69	183.0	105.0	98.0	171.0	557.0	2.0	5.0	4.0	1.0	0.0	0.0	0.0	1.0	0.0	1.0	1.0	1.00.0	0.0	0.0	0.0	1.0	0.0	0.0	0.0	0.0
	3p	-	70	153.0	98.0	117.0	171.0	539.0	5.0	1.0	6.0	4.0	2.0	2.0	1.0	0.0	1.0	0.0	2.0	0.00.0	0.0	0.0	0.0	0.0	0.0	0.0	0.0	0.0
	3p	-	71	149.0	103.0	106.0	154.0	512.0	3.0	6.0	5.0	5.0	3.0	0.0	0.0	0.0	2.0	1.0	0.0	0.00.0	0.0	0.0	0.0	0.0	0.0	0.0	0.0	0.0
	3p	-	72	127.0	107.0	98.0	156.0	488.0	4.0	5.0	3.0	3.0	2.0	1.0	1.0	1.0	0.0	2.0	0.0	0.00.0	0.0	0.0	0.0	0.0	0.0	0.0	0.0	0.0
	3p	-	73	133.0	88.0	91.0	153.0	465.0	7.0	4.0	4.0	2.0	2.0	2.0	0.0	2.0	0.0	0.0	2.0	1.00.0	0.0	0.0	0.0	0.0	0.0	0.0	0.0	0.0
	3p	-	74	131.0	88.0	92.0	121.0	432.0	3.0	3.0	3.0	4.0	0.0	0.0	0.0	2.0	0.0	1.0	0.0	0.00.0	0.0	0.0	0.0	0.0	0.0	0.0	0.0	0.0
	3p	-	75	142.0	78.0	70.0	120.0	410.0	5.0	2.0	3.0	1.0	1.0	1.0	2.0	0.0	2.0	0.0	0.0	1.00.0	0.0	0.0	0.0	0.0	0.0	0.0	0.0	0.0
	3p	-	76	127.0	80.0	76.0	111.0	394.0	7.0	1.0	1.0	2.0	1.0	1.0	0.0	0.0	0.0	1.0	1.0	0.00.0	0.0	0.0	0.0	0.0	0.0	0.0	0.0	0.0
	3p	-	77	111.0	80.0	77.0	109.0	377.0	4.0	0.0	0.0	3.0	1.0	0.0	0.0	1.0	1.0	1.0	1.0	1.00.0	0.0	0.0	0.0	0.0	0.0	1.0	0.0	0.0
	3p	-	78	96.0	72.0	69.0	125.0	362.0	3.0	1.0	3.0	2.0	0.0	1.0	0.0	0.0	0.0	0.0	0.0	0.00.0	0.0	0.0	0.0	1.0	0.0	0.0	0.0	0.0
	3p	-	79	113.0	55.0	72.0	102.0	342.0	1.0	1.0	2.0	0.0	2.0	0.0	0.0	0.0	0.0	1.0	1.0	0.00.0	0.0	0.0	0.0	0.0	0.0	0.0	0.0	0.0
	3p	-	80	97.0	72.0	54.0	102.0	325.0	4.0	2.0	2.0	1.0	0.0	0.0	0.0	1.0	0.0	0.0	0.0	1.00.0	0.0	0.0	0.0	0.0	0.0	0.0	0.0	0.0
	3p	-	81	94.0	65.0	56.0	101.0	316.0	3.0	3.0	1.0	5.0	1.0	1.0	0.0	0.0	0.0	0.0	1.0	1.00.0	0.0	0.0	0.0	0.0	0.0	0.0	0.0	0.0
	3p	-	82	85.0	50.0	78.0	88.0	301.0	1.0	1.0	0.0	1.0	0.0	0.0	0.0	0.0	1.0	1.0	1.0	0.00.0	0.0	0.0	0.0	1.0	0.0	0.0	0.0	0.0
	3p	-	83	88.0	49.0	61.0	88.0	286.0	0.0	0.0	0.0	3.0	0.0	1.0	0.0	2.0	2.0	0.0	1.0	1.00.0	0.0	0.0	0.0	0.0	0.0	0.0	0.0	0.0
	3p	-	84	76.0	62.0	55.0	82.0	275.0	5.0	2.0	0.0	4.0	0.0	1.0	1.0	0.0	0.0	0.0	0.0	0.00.0	0.0	0.0	0.0	0.0	0.0	0.0	0.0	0.0
	3p	-	85	71.0	56.0	50.0	86.0	263.0	1.0	3.0	1.0	2.0	0.0	0.0	0.0	0.0	0.0	0.0	0.0	0.00.0	0.0	0.0	0.0	1.0	0.0	0.0	0.0	0.0
	3p	-	86	58.0	50.0	54.0	94.0	256.0	1.0	2.0	1.0	1.0	0.0	0.0	0.0	0.0	1.0	0.0	0.0	0.00.0	0.0	0.0	0.0	0.0	0.0	0.0	0.0	0.0
	3p	-	87	79.0	43.0	37.0	85.0	244.0	3.0	2.0	2.0	2.0	0.0	0.0	0.0	1.0	1.0	1.0	0.0	0.00.0	0.0	0.0	0.0	0.0	0.0	0.0	0.0	0.0
	3p	-	88	67.0	55.0	47.0	62.0	231.0	2.0	4.0	1.0	0.0	3.0	1.0	1.0	0.0	0.0	0.0	0.0	0.00.0	0.0	0.0	0.0	0.0	0.0	0.0	0.0	0.0
	3p	-	89	70.0	36.0	42.0	75.0	223.0	4.0	1.0	1.0	5.0	0.0	0.0	1.0	0.0	3.0	0.0	0.0	0.00.0	0.0	0.0	0.0	0.0	0.0	0.0	0.0	0.0
	3p	-	90	71.0	40.0	38.0	65.0	214.0	1.0	3.0	3.0	3.0	0.0	0.0	1.0	1.0	0.0	1.0	0.0	1.00.0	0.0	0.0	0.0	0.0	0.0	0.0	0.0	0.0
	3p	-	91	63.0	44.0	43.0	53.0	203.0	2.0	2.0	2.0	1.0	1.0	0.0	0.0	0.0	0.0	0.0	1.0	1.00.0	0.0	0.0	0.0	0.0	0.0	0.0	0.0	0.0
	3p	-	92	59.0	40.0	31.0	64.0	194.0	0.0	0.0	2.0	1.0	0.0	0.0	0.0	0.0	1.0	0.0	1.0	0.00.0	0.0	0.0	0.0	0.0	0.0	0.0	0.0	0.0
	3p	-	93	59.0	46.0	28.0	55.0	188.0	1.0	0.0	1.0	1.0	0.0	1.0	0.0	0.0	0.0	0.0	0.0	0.00.0	0.0	0.0	0.0	0.0	0.0	0.0	0.0	0.0
	3p	-	94	52.0	45.0	29.0	57.0	183.0	0.0	0.0	3.0	0.0	1.0	0.0	0.0	0.0	0.0	2.0	0.0	0.00.0	0.0	0.0	0.0	0.0	0.0	0.0	0.0	0.0
	3p	-	95	50.0	34.0	37.0	52.0	173.0	3.0	1.0	0.0	1.0	0.0	0.0	1.0	0.0	0.0	1.0	0.0	0.00.0	0.0	0.0	0.0	0.0	0.0	0.0	0.0	0.0
	3p	-	96	48.0	42.0	34.0	41.0	165.0	1.0	0.0	1.0	1.0	0.0	1.0	0.0	0.0	0.0	1.0	0.0	0.00.0	0.0	0.0	0.0	0.0	0.0	0.0	0.0	0.0
	3p	-	97	43.0	36.0	33.0	46.0	158.0	1.0	1.0	2.0	1.0	0.0	0.0	0.0	1.0	0.0	0.0	0.0	0.00.0	0.0	0.0	0.0	0.0	0.0	0.0	0.0	0.0
	3p	-	98	51.0	37.0	17.0	44.0	149.0	0.0	1.0	0.0	1.0	0.0	0.0	0.0	0.0	0.0	0.0	0.0	0.00.0	0.0	0.0	0.0	0.0	0.0	0.0	0.0	0.0
	3p	-	99	34.0	30.0	33.0	45.0	142.0	0.0	1.0	0.0	2.0	1.0	0.0	0.0	0.0	0.0	0.0	0.0	1.00.0	0.0	0.0	0.0	0.0	0.0	0.0	0.0	0.0
	3p	-	100	53.0	27.0	22.0	33.0	135.0	0.0	0.0	1.0	0.0	0.0	0.0	0.0	0.0	0.0	1.0	0.0	0.00.0	0.0	0.0	0.0	0.0	0.0	0.0	0.0	0.0
	5p	+	1	852.0	684.0	615.0	720.0	2871.0	28.0	28.0	26.0	13.0	15.0	7.0	10.0	12.0	7.0	19.0	8.0	9.00.0	0.0	0.0	0.0	0.0	0.0	0.0	0.0	0.0
	5p	+	2	814.0	648.0	542.0	864.0	2868.0	29.0	24.0	14.0	23.0	9.0	12.0	8.0	10.0	8.0	8.0	9.0	11.00.0	0.0	0.0	0.0	2.0	0.0	0.0	1.0	0.0
	5p	+	3	820.0	691.0	558.0	798.0	2867.0	22.0	22.0	26.0	22.0	14.0	8.0	6.0	8.0	7.0	12.0	8.0	6.00.0	0.0	0.0	0.0	2.0	0.0	1.0	0.0	0.0
	5p	+	4	853.0	646.0	585.0	785.0	2869.0	23.0	9.0	23.0	17.0	16.0	6.0	10.0	8.0	7.0	10.0	5.0	9.00.0	0.0	0.0	0.0	1.0	0.0	0.0	0.0	0.0
	5p	+	5	873.0	624.0	625.0	722.0	2844.0	22.0	23.0	22.0	19.0	8.0	8.0	5.0	3.0	4.0	4.0	3.0	6.00.0	0.0	0.0	0.0	5.0	0.0	10.0	5.0	0.0
	5p	+	6	828.0	651.0	575.0	805.0	2859.0	21.0	23.0	23.0	23.0	12.0	8.0	7.0	3.0	9.0	2.0	8.0	6.00.0	0.0	0.0	0.0	3.0	0.0	2.0	3.0	0.0
	5p	+	7	878.0	636.0	552.0	784.0	2850.0	14.0	12.0	31.0	26.0	7.0	3.0	6.0	14.0	7.0	6.0	9.0	8.00.0	0.0	0.0	0.0	4.0	0.0	5.0	6.0	0.0
	5p	+	8	852.0	618.0	537.0	846.0	2853.0	24.0	18.0	25.0	23.0	5.0	5.0	2.0	6.0	11.0	6.0	8.0	4.00.0	0.0	0.0	0.0	2.0	0.0	10.0	3.0	0.0
	5p	+	9	867.0	636.0	521.0	834.0	2858.0	13.0	22.0	17.0	20.0	8.0	4.0	6.0	7.0	6.0	12.0	3.0	5.00.0	0.0	0.0	0.0	4.0	0.0	1.0	5.0	0.0
	5p	+	10	827.0	637.0	540.0	841.0	2845.0	20.0	25.0	25.0	19.0	5.0	6.0	8.0	8.0	4.0	2.0	6.0	8.00.0	0.0	0.0	0.0	6.0	0.0	5.0	7.0	0.0
	5p	+	11	845.0	650.0	534.0	825.0	2854.0	18.0	21.0	18.0	23.0	10.0	4.0	1.0	5.0	5.0	2.0	6.0	7.00.0	0.0	0.0	0.0	6.0	0.0	5.0	2.0	0.0
	5p	+	12	872.0	643.0	530.0	807.0	2852.0	26.0	19.0	19.0	19.0	6.0	6.0	7.0	3.0	3.0	6.0	4.0	3.00.0	0.0	0.0	0.0	3.0	0.0	2.0	6.0	0.0
	5p	+	13	853.0	628.0	574.0	798.0	2853.0	25.0	27.0	17.0	17.0	5.0	10.0	6.0	9.0	8.0	10.0	5.0	4.00.0	0.0	0.0	0.0	3.0	0.0	4.0	6.0	0.0
	5p	+	14	832.0	619.0	561.0	836.0	2848.0	16.0	12.0	12.0	15.0	6.0	5.0	5.0	4.0	9.0	3.0	9.0	7.00.0	0.0	0.0	0.0	7.0	0.0	4.0	7.0	0.0
	5p	+	15	831.0	676.0	564.0	778.0	2849.0	15.0	20.0	12.0	22.0	4.0	7.0	10.0	6.0	5.0	5.0	7.0	11.00.0	0.0	0.0	0.0	4.0	0.0	3.0	8.0	0.0
	5p	+	16	864.0	640.0	556.0	798.0	2858.0	22.0	23.0	19.0	20.0	11.0	3.0	6.0	6.0	9.0	10.0	8.0	4.00.0	0.0	0.0	0.0	4.0	0.0	0.0	5.0	0.0
	5p	+	17	847.0	665.0	558.0	790.0	2860.0	17.0	17.0	18.0	15.0	8.0	9.0	6.0	5.0	6.0	11.0	12.0	6.00.0	0.0	0.0	0.0	4.0	0.0	3.0	1.0	0.0
	5p	+	18	826.0	642.0	582.0	805.0	2855.0	24.0	14.0	20.0	16.0	11.0	7.0	6.0	11.0	9.0	7.0	4.0	7.00.0	0.0	0.0	0.0	3.0	0.0	1.0	6.0	0.0
	5p	+	19	823.0	635.0	570.0	826.0	2854.0	18.0	21.0	12.0	9.0	3.0	5.0	5.0	4.0	4.0	8.0	5.0	5.00.0	0.0	0.0	0.0	5.0	0.0	5.0	6.0	0.0
	5p	+	20	846.0	647.0	563.0	796.0	2852.0	11.0	16.0	21.0	23.0	4.0	7.0	7.0	11.0	8.0	2.0	5.0	7.00.0	0.0	0.0	0.0	0.0	0.0	12.0	5.0	0.0
	5p	+	21	879.0	657.0	533.0	783.0	2852.0	19.0	26.0	16.0	17.0	9.0	7.0	9.0	6.0	1.0	7.0	4.0	6.00.0	0.0	0.0	0.0	4.0	0.0	7.0	3.0	0.0
	5p	+	22	825.0	655.0	557.0	807.0	2844.0	16.0	17.0	19.0	21.0	9.0	13.0	4.0	3.0	10.0	9.0	12.0	8.00.0	0.0	0.0	0.0	8.0	0.0	6.0	6.0	0.0
	5p	+	23	864.0	636.0	543.0	807.0	2850.0	23.0	26.0	14.0	22.0	6.0	8.0	6.0	3.0	9.0	6.0	6.0	8.00.0	0.0	0.0	0.0	3.0	0.0	9.0	3.0	0.0
	5p	+	24	872.0	638.0	551.0	788.0	2849.0	21.0	20.0	12.0	26.0	3.0	6.0	6.0	3.0	4.0	9.0	6.0	3.00.0	0.0	0.0	0.0	7.0	0.0	4.0	7.0	0.0
	5p	+	25	860.0	659.0	510.0	832.0	2861.0	11.0	24.0	9.0	15.0	10.0	6.0	11.0	8.0	3.0	4.0	5.0	12.00.0	0.0	0.0	0.0	3.0	0.0	4.0	3.0	0.0
	5p	+	26	844.0	640.0	570.0	807.0	2861.0	20.0	20.0	20.0	21.0	6.0	6.0	7.0	5.0	4.0	6.0	5.0	4.00.0	0.0	0.0	0.0	4.0	0.0	2.0	3.0	0.0
	5p	+	27	848.0	667.0	575.0	779.0	2869.0	25.0	18.0	12.0	23.0	7.0	5.0	7.0	9.0	3.0	6.0	7.0	12.00.0	0.0	0.0	0.0	1.0	0.0	0.0	1.0	0.0
	5p	+	28	892.0	624.0	526.0	823.0	2865.0	14.0	16.0	24.0	23.0	12.0	7.0	4.0	6.0	5.0	6.0	10.0	3.00.0	0.0	0.0	0.0	3.0	0.0	0.0	1.0	0.0
	5p	+	29	837.0	679.0	526.0	824.0	2866.0	17.0	16.0	9.0	23.0	7.0	6.0	2.0	5.0	12.0	6.0	3.0	6.00.0	0.0	0.0	0.0	0.0	0.0	1.0	0.0	0.0
	5p	+	30	896.0	651.0	551.0	768.0	2866.0	19.0	27.0	16.0	24.0	7.0	4.0	9.0	11.0	5.0	6.0	8.0	3.00.0	0.0	0.0	0.0	3.0	0.0	0.0	1.0	0.0
	5p	+	31	814.0	598.0	541.0	692.0	2645.0	23.0	14.0	26.0	12.0	3.0	7.0	4.0	7.0	6.0	3.0	6.0	10.00.0	0.0	0.0	0.0	0.0	0.0	1.0	1.0	0.0
	5p	+	32	816.0	495.0	488.0	699.0	2498.0	13.0	16.0	16.0	15.0	4.0	6.0	4.0	4.0	2.0	2.0	7.0	8.00.0	0.0	0.0	0.0	1.0	0.0	1.0	0.0	0.0
	5p	+	33	746.0	519.0	462.0	673.0	2400.0	15.0	12.0	13.0	13.0	3.0	2.0	3.0	2.0	2.0	6.0	8.0	8.00.0	0.0	0.0	0.0	0.0	0.0	0.0	0.0	0.0
	5p	+	34	707.0	500.0	473.0	637.0	2317.0	18.0	13.0	18.0	14.0	5.0	2.0	5.0	5.0	4.0	3.0	2.0	4.00.0	0.0	0.0	0.0	3.0	0.0	1.0	1.0	0.0
	5p	+	35	690.0	481.0	429.0	657.0	2257.0	18.0	14.0	15.0	13.0	2.0	5.0	3.0	6.0	6.0	4.0	3.0	4.00.0	0.0	0.0	0.0	0.0	0.0	2.0	0.0	0.0
	5p	+	36	683.0	434.0	405.0	671.0	2193.0	10.0	11.0	12.0	16.0	0.0	3.0	4.0	4.0	6.0	3.0	4.0	5.00.0	0.0	0.0	0.0	0.0	0.0	2.0	0.0	0.0
	5p	+	37	635.0	472.0	398.0	624.0	2129.0	17.0	15.0	10.0	17.0	5.0	7.0	1.0	2.0	2.0	8.0	2.0	6.00.0	0.0	0.0	0.0	1.0	0.0	0.0	0.0	0.0
	5p	+	38	658.0	430.0	363.0	608.0	2059.0	13.0	11.0	15.0	17.0	2.0	5.0	3.0	2.0	5.0	8.0	6.0	2.00.0	0.0	0.0	0.0	1.0	0.0	1.0	0.0	0.0
	5p	+	39	638.0	426.0	365.0	573.0	2002.0	15.0	14.0	9.0	21.0	3.0	2.0	0.0	2.0	4.0	1.0	4.0	6.00.0	0.0	0.0	0.0	2.0	0.0	0.0	0.0	0.0
	5p	+	40	605.0	387.0	367.0	583.0	1942.0	15.0	14.0	11.0	15.0	6.0	3.0	2.0	8.0	2.0	2.0	1.0	5.00.0	0.0	0.0	0.0	1.0	0.0	1.0	0.0	0.0
	5p	+	41	572.0	382.0	350.0	576.0	1880.0	15.0	18.0	9.0	13.0	6.0	6.0	5.0	2.0	4.0	5.0	2.0	2.00.0	0.0	0.0	0.0	2.0	0.0	1.0	1.0	0.0
	5p	+	42	573.0	399.0	373.0	476.0	1821.0	8.0	9.0	8.0	14.0	1.0	1.0	1.0	4.0	5.0	5.0	5.0	6.00.0	0.0	0.0	0.0	2.0	0.0	0.0	1.0	0.0
	5p	+	43	557.0	384.0	287.0	518.0	1746.0	9.0	10.0	9.0	12.0	2.0	5.0	3.0	4.0	2.0	5.0	3.0	8.00.0	0.0	0.0	0.0	2.0	0.0	1.0	1.0	0.0
	5p	+	44	508.0	350.0	291.0	520.0	1669.0	5.0	11.0	9.0	8.0	3.0	3.0	1.0	1.0	4.0	4.0	3.0	5.00.0	0.0	0.0	0.0	2.0	0.0	1.0	0.0	0.0
	5p	+	45	459.0	344.0	303.0	485.0	1591.0	13.0	7.0	11.0	13.0	5.0	4.0	1.0	3.0	4.0	2.0	3.0	2.00.0	0.0	0.0	0.0	0.0	0.0	1.0	1.0	0.0
	5p	+	46	465.0	335.0	293.0	432.0	1525.0	11.0	7.0	7.0	8.0	5.0	2.0	0.0	4.0	4.0	2.0	4.0	3.00.0	0.0	0.0	0.0	2.0	0.0	0.0	1.0	0.0
	5p	+	47	450.0	282.0	284.0	430.0	1446.0	11.0	15.0	3.0	13.0	4.0	3.0	1.0	4.0	7.0	5.0	1.0	3.00.0	0.0	0.0	0.0	2.0	0.0	0.0	0.0	0.0
	5p	+	48	398.0	309.0	272.0	406.0	1385.0	13.0	9.0	10.0	12.0	3.0	2.0	2.0	5.0	5.0	0.0	5.0	9.00.0	0.0	0.0	0.0	1.0	0.0	0.0	0.0	0.0
	5p	+	49	401.0	278.0	254.0	405.0	1338.0	6.0	7.0	8.0	9.0	1.0	1.0	0.0	4.0	0.0	1.0	0.0	4.00.0	0.0	0.0	0.0	0.0	0.0	0.0	0.0	0.0
	5p	+	50	384.0	264.0	232.0	389.0	1269.0	4.0	13.0	7.0	6.0	2.0	2.0	2.0	1.0	2.0	0.0	3.0	5.00.0	0.0	0.0	0.0	2.0	0.0	0.0	0.0	0.0
	5p	+	51	375.0	274.0	225.0	349.0	1223.0	10.0	7.0	9.0	10.0	4.0	1.0	3.0	5.0	0.0	2.0	3.0	0.00.0	0.0	0.0	0.0	1.0	0.0	0.0	0.0	0.0
	5p	+	52	374.0	253.0	208.0	343.0	1178.0	13.0	7.0	10.0	12.0	4.0	1.0	2.0	2.0	1.0	3.0	3.0	1.00.0	0.0	0.0	0.0	2.0	0.0	0.0	0.0	0.0
	5p	+	53	351.0	238.0	206.0	337.0	1132.0	8.0	10.0	5.0	9.0	3.0	0.0	2.0	0.0	2.0	3.0	0.0	0.00.0	0.0	0.0	0.0	0.0	0.0	0.0	1.0	0.0
	5p	+	54	332.0	253.0	207.0	299.0	1091.0	7.0	4.0	9.0	9.0	6.0	8.0	1.0	1.0	2.0	2.0	2.0	3.00.0	0.0	0.0	0.0	0.0	0.0	0.0	0.0	0.0
	5p	+	55	287.0	216.0	204.0	331.0	1038.0	7.0	7.0	7.0	7.0	0.0	2.0	0.0	1.0	1.0	3.0	1.0	1.00.0	0.0	0.0	0.0	0.0	0.0	0.0	1.0	0.0
	5p	+	56	318.0	188.0	191.0	297.0	994.0	4.0	8.0	5.0	8.0	3.0	3.0	2.0	3.0	0.0	1.0	1.0	5.00.0	0.0	0.0	0.0	0.0	0.0	0.0	0.0	0.0
	5p	+	57	273.0	208.0	199.0	259.0	939.0	16.0	5.0	5.0	5.0	3.0	0.0	3.0	0.0	1.0	1.0	3.0	2.00.0	0.0	0.0	0.0	0.0	0.0	1.0	0.0	0.0
	5p	+	58	312.0	164.0	158.0	270.0	904.0	5.0	2.0	4.0	10.0	2.0	3.0	0.0	0.0	3.0	1.0	0.0	3.00.0	0.0	0.0	0.0	1.0	0.0	1.0	0.0	0.0
	5p	+	59	287.0	181.0	164.0	233.0	865.0	14.0	5.0	5.0	6.0	4.0	1.0	2.0	3.0	1.0	0.0	1.0	1.00.0	0.0	0.0	0.0	0.0	0.0	0.0	0.0	0.0
	5p	+	60	256.0	166.0	152.0	245.0	819.0	6.0	7.0	3.0	7.0	0.0	1.0	2.0	3.0	1.0	3.0	0.0	4.00.0	0.0	0.0	0.0	0.0	0.0	0.0	0.0	0.0
	5p	+	61	228.0	162.0	149.0	246.0	785.0	5.0	6.0	9.0	2.0	0.0	1.0	2.0	1.0	1.0	1.0	1.0	1.00.0	0.0	0.0	0.0	0.0	0.0	0.0	0.0	0.0
	5p	+	62	238.0	156.0	139.0	217.0	750.0	6.0	3.0	5.0	4.0	1.0	0.0	1.0	1.0	0.0	1.0	0.0	2.00.0	0.0	0.0	0.0	0.0	0.0	0.0	0.0	0.0
	5p	+	63	229.0	146.0	137.0	212.0	724.0	8.0	5.0	4.0	8.0	2.0	1.0	0.0	2.0	3.0	2.0	1.0	0.00.0	0.0	0.0	0.0	0.0	0.0	0.0	0.0	0.0
	5p	+	64	238.0	130.0	130.0	200.0	698.0	6.0	4.0	5.0	7.0	0.0	2.0	2.0	3.0	4.0	5.0	2.0	2.00.0	0.0	0.0	0.0	0.0	0.0	0.0	0.0	0.0
	5p	+	65	197.0	141.0	129.0	194.0	661.0	5.0	3.0	2.0	7.0	2.0	2.0	1.0	1.0	1.0	0.0	2.0	0.00.0	0.0	0.0	0.0	1.0	0.0	0.0	0.0	0.0
	5p	+	66	201.0	115.0	125.0	186.0	627.0	6.0	4.0	4.0	6.0	2.0	2.0	0.0	1.0	2.0	2.0	2.0	0.00.0	0.0	0.0	0.0	0.0	0.0	0.0	0.0	0.0
	5p	+	67	200.0	92.0	110.0	203.0	605.0	6.0	2.0	4.0	3.0	2.0	0.0	1.0	1.0	2.0	1.0	1.0	1.00.0	0.0	0.0	0.0	0.0	0.0	0.0	0.0	0.0
	5p	+	68	184.0	107.0	120.0	168.0	579.0	4.0	5.0	2.0	1.0	3.0	1.0	0.0	2.0	1.0	1.0	1.0	1.00.0	0.0	0.0	0.0	1.0	0.0	0.0	0.0	0.0
	5p	+	69	187.0	110.0	98.0	156.0	551.0	3.0	5.0	5.0	3.0	0.0	2.0	0.0	1.0	1.0	0.0	1.0	1.00.0	0.0	0.0	0.0	1.0	0.0	0.0	0.0	0.0
	5p	+	70	167.0	111.0	114.0	136.0	528.0	3.0	3.0	4.0	6.0	1.0	2.0	0.0	3.0	1.0	2.0	0.0	2.00.0	0.0	0.0	0.0	0.0	0.0	0.0	0.0	0.0
	5p	+	71	159.0	104.0	82.0	158.0	503.0	2.0	4.0	3.0	4.0	1.0	2.0	0.0	1.0	0.0	1.0	1.0	0.00.0	0.0	0.0	0.0	1.0	0.0	0.0	0.0	0.0
	5p	+	72	148.0	103.0	74.0	149.0	474.0	2.0	2.0	1.0	3.0	0.0	1.0	1.0	0.0	1.0	0.0	1.0	2.00.0	0.0	0.0	0.0	0.0	0.0	0.0	1.0	0.0
	5p	+	73	122.0	104.0	80.0	146.0	452.0	3.0	5.0	2.0	5.0	0.0	1.0	1.0	2.0	1.0	2.0	1.0	1.00.0	0.0	0.0	0.0	1.0	0.0	0.0	0.0	0.0
	5p	+	74	119.0	84.0	98.0	119.0	420.0	3.0	6.0	4.0	5.0	1.0	0.0	2.0	1.0	0.0	2.0	1.0	1.00.0	0.0	0.0	0.0	1.0	0.0	0.0	0.0	0.0
	5p	+	75	121.0	85.0	57.0	138.0	401.0	3.0	4.0	3.0	1.0	0.0	1.0	0.0	2.0	1.0	0.0	0.0	0.00.0	0.0	0.0	0.0	1.0	0.0	0.0	0.0	0.0
	5p	+	76	117.0	86.0	71.0	111.0	385.0	2.0	2.0	1.0	0.0	1.0	1.0	1.0	1.0	0.0	0.0	0.0	0.00.0	0.0	0.0	0.0	0.0	0.0	0.0	0.0	0.0
	5p	+	77	121.0	66.0	70.0	110.0	367.0	1.0	3.0	1.0	2.0	0.0	1.0	1.0	0.0	0.0	0.0	1.0	0.00.0	0.0	0.0	0.0	0.0	0.0	0.0	0.0	0.0
	5p	+	78	115.0	64.0	60.0	112.0	351.0	0.0	1.0	3.0	0.0	1.0	0.0	1.0	1.0	1.0	4.0	0.0	1.00.0	0.0	0.0	0.0	0.0	0.0	0.0	0.0	0.0
	5p	+	79	97.0	68.0	69.0	97.0	331.0	0.0	1.0	0.0	1.0	1.0	2.0	1.0	1.0	0.0	0.0	1.0	0.00.0	0.0	0.0	0.0	1.0	0.0	0.0	0.0	0.0
	5p	+	80	93.0	64.0	63.0	99.0	319.0	2.0	2.0	1.0	2.0	0.0	0.0	0.0	0.0	0.0	2.0	0.0	1.00.0	0.0	0.0	0.0	0.0	0.0	0.0	0.0	0.0
	5p	+	81	102.0	64.0	56.0	82.0	304.0	0.0	0.0	1.0	1.0	0.0	1.0	1.0	1.0	0.0	0.0	2.0	0.00.0	0.0	0.0	0.0	0.0	0.0	0.0	0.0	0.0
	5p	+	82	97.0	58.0	55.0	83.0	293.0	0.0	3.0	4.0	2.0	0.0	0.0	1.0	0.0	0.0	0.0	1.0	0.00.0	0.0	0.0	0.0	0.0	0.0	0.0	0.0	0.0
	5p	+	83	86.0	54.0	60.0	81.0	281.0	1.0	1.0	1.0	2.0	0.0	0.0	3.0	0.0	0.0	1.0	0.0	0.00.0	0.0	0.0	0.0	0.0	0.0	0.0	0.0	0.0
	5p	+	84	99.0	44.0	58.0	72.0	273.0	2.0	1.0	0.0	4.0	2.0	0.0	0.0	0.0	0.0	1.0	0.0	2.00.0	0.0	0.0	0.0	0.0	0.0	0.0	0.0	0.0
	5p	+	85	83.0	49.0	49.0	84.0	265.0	0.0	2.0	0.0	1.0	1.0	2.0	0.0	0.0	1.0	1.0	0.0	0.00.0	0.0	0.0	0.0	0.0	0.0	0.0	0.0	0.0
	5p	+	86	92.0	61.0	32.0	72.0	257.0	0.0	3.0	0.0	1.0	0.0	1.0	0.0	2.0	0.0	0.0	0.0	0.00.0	0.0	0.0	0.0	0.0	0.0	0.0	0.0	0.0
	5p	+	87	80.0	42.0	47.0	78.0	247.0	4.0	2.0	1.0	2.0	0.0	0.0	0.0	3.0	0.0	0.0	0.0	0.00.0	0.0	0.0	0.0	0.0	0.0	0.0	0.0	0.0
	5p	+	88	68.0	57.0	51.0	66.0	242.0	2.0	1.0	3.0	1.0	0.0	0.0	1.0	0.0	0.0	1.0	0.0	0.00.0	0.0	0.0	0.0	0.0	0.0	0.0	0.0	0.0
	5p	+	89	77.0	45.0	46.0	63.0	231.0	0.0	2.0	5.0	1.0	0.0	0.0	1.0	0.0	0.0	0.0	0.0	1.00.0	0.0	0.0	0.0	0.0	0.0	0.0	0.0	0.0
	5p	+	90	75.0	52.0	37.0	55.0	219.0	1.0	1.0	1.0	2.0	0.0	2.0	0.0	0.0	0.0	1.0	0.0	0.00.0	0.0	0.0	0.0	0.0	0.0	0.0	0.0	0.0
	5p	+	91	68.0	41.0	34.0	70.0	213.0	1.0	0.0	3.0	2.0	1.0	1.0	0.0	1.0	1.0	1.0	1.0	0.00.0	0.0	0.0	0.0	0.0	0.0	0.0	0.0	0.0
	5p	+	92	58.0	52.0	44.0	50.0	204.0	1.0	0.0	1.0	1.0	0.0	0.0	1.0	0.0	0.0	0.0	1.0	0.00.0	0.0	0.0	0.0	0.0	0.0	0.0	0.0	0.0
	5p	+	93	54.0	45.0	30.0	68.0	197.0	1.0	4.0	2.0	3.0	0.0	0.0	1.0	0.0	1.0	0.0	0.0	1.00.0	0.0	0.0	0.0	0.0	0.0	0.0	0.0	0.0
	5p	+	94	52.0	41.0	40.0	52.0	185.0	1.0	1.0	0.0	1.0	0.0	1.0	0.0	1.0	1.0	1.0	0.0	0.00.0	0.0	0.0	0.0	0.0	0.0	0.0	0.0	0.0
	5p	+	95	58.0	48.0	32.0	44.0	182.0	0.0	1.0	3.0	1.0	1.0	0.0	0.0	0.0	0.0	0.0	0.0	0.00.0	0.0	0.0	0.0	1.0	0.0	0.0	0.0	0.0
	5p	+	96	67.0	28.0	29.0	45.0	169.0	2.0	0.0	3.0	0.0	0.0	4.0	0.0	1.0	0.0	0.0	0.0	0.00.0	0.0	0.0	0.0	0.0	0.0	0.0	0.0	0.0
	5p	+	97	63.0	31.0	28.0	38.0	160.0	1.0	3.0	1.0	0.0	1.0	0.0	0.0	0.0	1.0	0.0	1.0	0.00.0	0.0	0.0	0.0	0.0	0.0	0.0	0.0	0.0
	5p	+	98	40.0	36.0	39.0	39.0	154.0	1.0	1.0	0.0	3.0	0.0	0.0	0.0	0.0	0.0	0.0	1.0	1.00.0	0.0	0.0	0.0	0.0	0.0	0.0	0.0	0.0
	5p	+	99	54.0	23.0	26.0	43.0	146.0	1.0	0.0	0.0	0.0	2.0	0.0	1.0	0.0	0.0	0.0	0.0	0.00.0	0.0	0.0	0.0	0.0	0.0	0.0	0.0	0.0
	5p	+	100	33.0	29.0	24.0	52.0	138.0	0.0	0.0	0.0	1.0	0.0	0.0	0.0	0.0	0.0	1.0	1.0	0.00.0	0.0	0.0	0.0	0.0	0.0	0.0	0.0	0.0
	5p	-	1	833.0	669.0	642.0	722.0	2866.0	25.0	27.0	25.0	24.0	14.0	10.0	6.0	7.0	10.0	10.0	6.0	12.00.0	0.0	0.0	0.0	0.0	0.0	0.0	0.0	0.0
	5p	-	2	809.0	639.0	539.0	879.0	2866.0	18.0	35.0	22.0	24.0	10.0	7.0	7.0	12.0	10.0	11.0	12.0	10.00.0	0.0	0.0	0.0	0.0	0.0	0.0	0.0	0.0
	5p	-	3	827.0	660.0	553.0	826.0	2866.0	24.0	17.0	15.0	23.0	12.0	9.0	9.0	7.0	8.0	10.0	6.0	9.00.0	0.0	0.0	0.0	0.0	0.0	0.0	0.0	0.0
	5p	-	4	853.0	631.0	594.0	786.0	2864.0	29.0	10.0	20.0	15.0	12.0	6.0	10.0	9.0	6.0	9.0	7.0	2.00.0	0.0	0.0	0.0	0.0	0.0	1.0	1.0	0.0
	5p	-	5	813.0	633.0	620.0	783.0	2849.0	21.0	17.0	13.0	23.0	11.0	5.0	6.0	4.0	3.0	8.0	7.0	5.00.0	0.0	0.0	0.0	5.0	0.0	6.0	4.0	0.0
	5p	-	6	843.0	646.0	577.0	781.0	2847.0	24.0	17.0	29.0	23.0	9.0	4.0	8.0	2.0	6.0	4.0	6.0	7.00.0	0.0	0.0	0.0	4.0	0.0	6.0	3.0	0.0
	5p	-	7	866.0	615.0	574.0	792.0	2847.0	17.0	18.0	19.0	20.0	8.0	3.0	5.0	6.0	4.0	8.0	9.0	10.00.0	0.0	0.0	0.0	3.0	0.0	5.0	5.0	0.0
	5p	-	8	883.0	563.0	547.0	851.0	2844.0	26.0	14.0	11.0	16.0	10.0	4.0	7.0	9.0	6.0	9.0	11.0	9.00.0	0.0	0.0	0.0	2.0	0.0	7.0	7.0	0.0
	5p	-	9	824.0	629.0	569.0	825.0	2847.0	15.0	18.0	16.0	21.0	3.0	5.0	4.0	10.0	7.0	2.0	4.0	4.00.0	0.0	0.0	0.0	5.0	0.0	5.0	6.0	0.0
	5p	-	10	878.0	612.0	555.0	802.0	2847.0	16.0	20.0	16.0	24.0	6.0	5.0	5.0	2.0	7.0	7.0	4.0	7.00.0	0.0	0.0	0.0	5.0	0.0	6.0	3.0	0.0
	5p	-	11	842.0	612.0	586.0	810.0	2850.0	16.0	17.0	17.0	21.0	5.0	8.0	5.0	4.0	6.0	5.0	5.0	5.00.0	0.0	0.0	0.0	5.0	0.0	4.0	5.0	0.0
	5p	-	12	872.0	606.0	563.0	803.0	2844.0	18.0	12.0	14.0	16.0	7.0	8.0	6.0	8.0	8.0	12.0	7.0	8.00.0	0.0	0.0	0.0	6.0	0.0	5.0	7.0	0.0
	5p	-	13	857.0	631.0	568.0	796.0	2852.0	25.0	23.0	19.0	13.0	9.0	4.0	7.0	1.0	12.0	7.0	10.0	8.00.0	0.0	0.0	0.0	5.0	0.0	3.0	3.0	0.0
	5p	-	14	863.0	598.0	552.0	838.0	2851.0	16.0	16.0	21.0	23.0	8.0	8.0	11.0	8.0	7.0	4.0	8.0	7.00.0	0.0	0.0	0.0	2.0	0.0	2.0	4.0	0.0
	5p	-	15	869.0	619.0	552.0	805.0	2845.0	20.0	23.0	19.0	24.0	8.0	7.0	6.0	4.0	7.0	5.0	8.0	10.00.0	0.0	0.0	0.0	6.0	0.0	2.0	7.0	0.0
	5p	-	16	862.0	610.0	533.0	849.0	2854.0	18.0	15.0	14.0	17.0	9.0	3.0	3.0	6.0	8.0	2.0	8.0	6.00.0	0.0	0.0	0.0	4.0	0.0	1.0	3.0	0.0
	5p	-	17	849.0	642.0	543.0	810.0	2844.0	16.0	13.0	19.0	24.0	9.0	6.0	11.0	10.0	9.0	7.0	11.0	4.00.0	0.0	0.0	0.0	3.0	0.0	4.0	7.0	0.0
	5p	-	18	828.0	648.0	583.0	791.0	2850.0	17.0	19.0	16.0	21.0	6.0	5.0	4.0	7.0	7.0	6.0	12.0	5.00.0	0.0	0.0	0.0	5.0	0.0	4.0	5.0	0.0
	5p	-	19	889.0	632.0	520.0	806.0	2847.0	16.0	22.0	24.0	16.0	11.0	5.0	6.0	5.0	11.0	9.0	4.0	14.00.0	0.0	0.0	0.0	5.0	0.0	6.0	5.0	0.0
	5p	-	20	852.0	628.0	574.0	793.0	2847.0	26.0	19.0	17.0	27.0	8.0	8.0	11.0	9.0	7.0	6.0	6.0	10.00.0	0.0	0.0	0.0	8.0	0.0	3.0	2.0	0.0
	5p	-	21	853.0	617.0	572.0	800.0	2842.0	25.0	18.0	12.0	19.0	6.0	5.0	8.0	4.0	1.0	1.0	9.0	6.00.0	0.0	0.0	0.0	9.0	0.0	4.0	3.0	0.0
	5p	-	22	814.0	673.0	588.0	775.0	2850.0	23.0	23.0	13.0	18.0	10.0	3.0	8.0	5.0	6.0	6.0	5.0	11.00.0	0.0	0.0	0.0	6.0	0.0	3.0	3.0	0.0
	5p	-	23	849.0	653.0	536.0	814.0	2852.0	19.0	17.0	17.0	24.0	9.0	4.0	6.0	6.0	4.0	6.0	3.0	2.00.0	0.0	0.0	0.0	6.0	0.0	4.0	1.0	0.0
	5p	-	24	895.0	616.0	538.0	796.0	2845.0	17.0	25.0	27.0	17.0	9.0	6.0	6.0	7.0	4.0	9.0	4.0	5.00.0	0.0	0.0	0.0	3.0	0.0	7.0	6.0	0.0
	5p	-	25	835.0	624.0	572.0	817.0	2848.0	20.0	20.0	12.0	18.0	5.0	6.0	10.0	6.0	9.0	11.0	8.0	8.00.0	0.0	0.0	0.0	6.0	0.0	6.0	3.0	0.0
	5p	-	26	847.0	653.0	536.0	816.0	2852.0	23.0	19.0	18.0	21.0	7.0	8.0	2.0	9.0	9.0	4.0	6.0	7.00.0	0.0	0.0	0.0	4.0	0.0	1.0	4.0	0.0
	5p	-	27	847.0	644.0	573.0	798.0	2862.0	15.0	15.0	16.0	16.0	8.0	4.0	3.0	7.0	6.0	4.0	7.0	2.00.0	0.0	0.0	0.0	1.0	0.0	0.0	2.0	0.0
	5p	-	28	876.0	625.0	556.0	804.0	2861.0	18.0	26.0	18.0	17.0	9.0	6.0	5.0	4.0	6.0	5.0	6.0	6.00.0	0.0	0.0	0.0	1.0	0.0	0.0	2.0	0.0
	5p	-	29	865.0	676.0	576.0	742.0	2859.0	16.0	22.0	14.0	20.0	10.0	5.0	10.0	3.0	4.0	7.0	4.0	5.00.0	0.0	0.0	0.0	4.0	0.0	1.0	0.0	0.0
	5p	-	30	850.0	612.0	578.0	821.0	2861.0	22.0	17.0	12.0	21.0	10.0	5.0	7.0	6.0	5.0	4.0	15.0	6.00.0	0.0	0.0	0.0	1.0	0.0	2.0	1.0	0.0
	5p	-	31	786.0	572.0	521.0	723.0	2602.0	20.0	15.0	15.0	19.0	4.0	3.0	7.0	7.0	7.0	4.0	5.0	11.00.0	0.0	0.0	0.0	2.0	0.0	1.0	1.0	0.0
	5p	-	32	803.0	511.0	446.0	703.0	2463.0	20.0	10.0	12.0	18.0	9.0	3.0	5.0	2.0	4.0	5.0	5.0	8.00.0	0.0	0.0	0.0	0.0	0.0	0.0	1.0	0.0
	5p	-	33	766.0	465.0	437.0	695.0	2363.0	15.0	16.0	19.0	16.0	1.0	3.0	1.0	2.0	3.0	7.0	4.0	5.00.0	0.0	0.0	0.0	0.0	0.0	0.0	1.0	0.0
	5p	-	34	694.0	508.0	449.0	638.0	2289.0	16.0	24.0	13.0	9.0	4.0	5.0	3.0	9.0	7.0	2.0	4.0	4.00.0	0.0	0.0	0.0	1.0	0.0	2.0	1.0	0.0
	5p	-	35	709.0	459.0	394.0	653.0	2215.0	13.0	15.0	17.0	17.0	7.0	5.0	8.0	4.0	2.0	4.0	1.0	4.00.0	0.0	0.0	0.0	3.0	0.0	0.0	1.0	0.0
	5p	-	36	664.0	471.0	401.0	619.0	2155.0	14.0	13.0	6.0	15.0	4.0	8.0	1.0	4.0	3.0	6.0	5.0	5.00.0	0.0	0.0	0.0	4.0	0.0	1.0	0.0	0.0
	5p	-	37	659.0	409.0	418.0	600.0	2086.0	11.0	14.0	13.0	16.0	9.0	1.0	1.0	2.0	5.0	4.0	3.0	6.00.0	0.0	0.0	0.0	0.0	0.0	0.0	0.0	0.0
	5p	-	38	657.0	437.0	350.0	584.0	2028.0	12.0	9.0	10.0	14.0	5.0	6.0	4.0	6.0	4.0	6.0	5.0	2.00.0	0.0	0.0	0.0	2.0	0.0	0.0	1.0	0.0
	5p	-	39	625.0	407.0	387.0	557.0	1976.0	19.0	12.0	13.0	8.0	0.0	6.0	4.0	6.0	5.0	4.0	3.0	5.00.0	0.0	0.0	0.0	3.0	0.0	3.0	0.0	0.0
	5p	-	40	609.0	422.0	382.0	516.0	1929.0	14.0	11.0	14.0	13.0	4.0	4.0	3.0	2.0	1.0	4.0	2.0	3.00.0	0.0	0.0	0.0	3.0	0.0	0.0	1.0	0.0
	5p	-	41	588.0	362.0	336.0	582.0	1868.0	10.0	13.0	14.0	21.0	4.0	2.0	4.0	2.0	9.0	6.0	5.0	4.00.0	0.0	0.0	0.0	1.0	0.0	3.0	0.0	0.0
	5p	-	42	580.0	384.0	349.0	508.0	1821.0	12.0	15.0	11.0	9.0	6.0	3.0	4.0	2.0	3.0	2.0	0.0	5.00.0	0.0	0.0	0.0	0.0	0.0	0.0	0.0	0.0
	5p	-	43	537.0	388.0	333.0	491.0	1749.0	8.0	16.0	6.0	13.0	4.0	6.0	1.0	3.0	5.0	0.0	3.0	5.00.0	0.0	0.0	0.0	1.0	0.0	2.0	0.0	0.0
	5p	-	44	544.0	326.0	312.0	501.0	1683.0	10.0	11.0	17.0	11.0	2.0	2.0	2.0	1.0	2.0	2.0	6.0	6.00.0	0.0	0.0	0.0	0.0	0.0	1.0	0.0	0.0
	5p	-	45	508.0	322.0	310.0	468.0	1608.0	15.0	11.0	8.0	15.0	1.0	6.0	5.0	3.0	2.0	3.0	1.0	4.00.0	0.0	0.0	0.0	0.0	0.0	1.0	0.0	0.0
	5p	-	46	516.0	301.0	280.0	440.0	1537.0	13.0	12.0	13.0	13.0	1.0	2.0	3.0	4.0	4.0	5.0	3.0	3.00.0	0.0	0.0	0.0	0.0	0.0	2.0	0.0	0.0
	5p	-	47	480.0	301.0	289.0	409.0	1479.0	10.0	10.0	13.0	11.0	2.0	5.0	4.0	4.0	4.0	3.0	2.0	2.00.0	0.0	0.0	0.0	0.0	0.0	0.0	1.0	0.0
	5p	-	48	452.0	292.0	264.0	401.0	1409.0	9.0	10.0	12.0	7.0	5.0	6.0	6.0	4.0	1.0	4.0	0.0	1.00.0	0.0	0.0	0.0	1.0	0.0	0.0	0.0	0.0
	5p	-	49	433.0	262.0	239.0	424.0	1358.0	6.0	13.0	13.0	6.0	5.0	3.0	3.0	4.0	3.0	0.0	1.0	2.00.0	0.0	0.0	0.0	0.0	0.0	0.0	1.0	0.0
	5p	-	50	369.0	260.0	263.0	413.0	1305.0	9.0	9.0	7.0	12.0	2.0	0.0	3.0	4.0	3.0	3.0	0.0	5.00.0	0.0	0.0	0.0	2.0	0.0	1.0	0.0	0.0
	5p	-	51	409.0	228.0	244.0	370.0	1251.0	12.0	5.0	9.0	8.0	3.0	2.0	1.0	2.0	4.0	3.0	1.0	2.00.0	0.0	0.0	0.0	1.0	0.0	0.0	0.0	0.0
	5p	-	52	395.0	236.0	215.0	357.0	1203.0	5.0	8.0	11.0	8.0	5.0	3.0	1.0	5.0	3.0	1.0	2.0	2.00.0	0.0	0.0	0.0	1.0	0.0	1.0	0.0	0.0
	5p	-	53	384.0	206.0	212.0	353.0	1155.0	11.0	9.0	6.0	22.0	3.0	0.0	0.0	3.0	1.0	1.0	0.0	0.00.0	0.0	0.0	0.0	0.0	0.0	0.0	0.0	0.0
	5p	-	54	355.0	222.0	214.0	317.0	1108.0	11.0	4.0	3.0	9.0	0.0	3.0	1.0	4.0	1.0	1.0	2.0	2.00.0	0.0	0.0	0.0	1.0	0.0	0.0	0.0	0.0
	5p	-	55	316.0	229.0	191.0	332.0	1068.0	8.0	6.0	6.0	12.0	2.0	1.0	2.0	2.0	0.0	0.0	0.0	4.00.0	0.0	0.0	0.0	0.0	0.0	0.0	0.0	0.0
	5p	-	56	326.0	199.0	166.0	322.0	1013.0	4.0	3.0	8.0	6.0	2.0	3.0	1.0	4.0	1.0	1.0	2.0	2.00.0	0.0	0.0	0.0	0.0	0.0	1.0	0.0	0.0
	5p	-	57	282.0	198.0	202.0	286.0	968.0	9.0	4.0	7.0	6.0	3.0	2.0	1.0	3.0	1.0	2.0	1.0	2.00.0	0.0	0.0	0.0	0.0	0.0	0.0	0.0	0.0
	5p	-	58	304.0	199.0	154.0	266.0	923.0	4.0	8.0	4.0	2.0	4.0	2.0	1.0	2.0	1.0	0.0	0.0	2.00.0	0.0	0.0	0.0	0.0	0.0	0.0	0.0	0.0
	5p	-	59	300.0	161.0	170.0	261.0	892.0	7.0	8.0	10.0	8.0	0.0	0.0	1.0	0.0	2.0	2.0	2.0	1.00.0	0.0	0.0	0.0	0.0	0.0	0.0	0.0	0.0
	5p	-	60	246.0	190.0	161.0	249.0	846.0	3.0	6.0	6.0	9.0	3.0	0.0	2.0	1.0	1.0	4.0	0.0	2.00.0	0.0	0.0	0.0	1.0	0.0	0.0	0.0	0.0
	5p	-	61	261.0	161.0	148.0	240.0	810.0	5.0	4.0	1.0	8.0	0.0	2.0	2.0	2.0	1.0	4.0	0.0	5.00.0	0.0	0.0	0.0	0.0	0.0	1.0	0.0	0.0
	5p	-	62	246.0	165.0	138.0	232.0	781.0	4.0	4.0	2.0	10.0	3.0	0.0	1.0	1.0	1.0	1.0	1.0	1.00.0	0.0	0.0	0.0	2.0	0.0	0.0	0.0	0.0
	5p	-	63	242.0	144.0	141.0	226.0	753.0	7.0	4.0	6.0	9.0	0.0	0.0	1.0	1.0	2.0	0.0	1.0	0.00.0	0.0	0.0	0.0	1.0	0.0	1.0	0.0	0.0
	5p	-	64	227.0	137.0	132.0	226.0	722.0	11.0	6.0	7.0	6.0	1.0	2.0	2.0	1.0	1.0	1.0	0.0	0.00.0	0.0	0.0	0.0	1.0	0.0	0.0	0.0	0.0
	5p	-	65	206.0	150.0	130.0	193.0	679.0	3.0	4.0	5.0	3.0	4.0	0.0	1.0	1.0	1.0	2.0	1.0	1.00.0	0.0	0.0	0.0	1.0	0.0	0.0	0.0	0.0
	5p	-	66	225.0	128.0	119.0	177.0	649.0	8.0	5.0	1.0	4.0	0.0	1.0	0.0	0.0	2.0	3.0	1.0	2.00.0	0.0	0.0	0.0	0.0	0.0	0.0	0.0	0.0
	5p	-	67	179.0	147.0	120.0	173.0	619.0	4.0	2.0	5.0	1.0	1.0	0.0	0.0	2.0	2.0	1.0	3.0	0.00.0	0.0	0.0	0.0	0.0	0.0	0.0	0.0	0.0
	5p	-	68	199.0	129.0	101.0	158.0	587.0	5.0	6.0	5.0	2.0	1.0	1.0	0.0	0.0	0.0	1.0	0.0	3.00.0	0.0	0.0	0.0	0.0	0.0	0.0	1.0	0.0
	5p	-	69	168.0	99.0	108.0	182.0	557.0	3.0	5.0	2.0	2.0	0.0	2.0	0.0	2.0	2.0	0.0	1.0	1.00.0	0.0	0.0	0.0	1.0	0.0	0.0	0.0	0.0
	5p	-	70	170.0	116.0	94.0	158.0	538.0	3.0	3.0	3.0	2.0	0.0	0.0	2.0	1.0	1.0	0.0	1.0	3.00.0	0.0	0.0	0.0	1.0	0.0	0.0	0.0	0.0
	5p	-	71	161.0	102.0	88.0	160.0	511.0	4.0	5.0	2.0	2.0	2.0	1.0	2.0	1.0	0.0	0.0	1.0	2.00.0	0.0	0.0	0.0	1.0	0.0	0.0	0.0	0.0
	5p	-	72	139.0	103.0	109.0	136.0	487.0	7.0	5.0	0.0	1.0	0.0	0.0	0.0	1.0	1.0	0.0	1.0	0.00.0	0.0	0.0	0.0	0.0	0.0	0.0	1.0	0.0
	5p	-	73	141.0	104.0	84.0	135.0	464.0	2.0	5.0	2.0	1.0	0.0	2.0	1.0	0.0	1.0	1.0	3.0	0.00.0	0.0	0.0	0.0	0.0	0.0	0.0	0.0	0.0
	5p	-	74	141.0	64.0	79.0	149.0	433.0	5.0	3.0	4.0	4.0	0.0	0.0	0.0	0.0	1.0	0.0	0.0	0.00.0	0.0	0.0	0.0	0.0	0.0	0.0	0.0	0.0
	5p	-	75	121.0	77.0	65.0	147.0	410.0	2.0	5.0	1.0	4.0	2.0	1.0	1.0	0.0	1.0	2.0	1.0	0.00.0	0.0	0.0	0.0	0.0	0.0	0.0	0.0	0.0
	5p	-	76	141.0	73.0	72.0	108.0	394.0	3.0	3.0	2.0	2.0	0.0	1.0	0.0	1.0	2.0	3.0	0.0	0.00.0	0.0	0.0	0.0	0.0	0.0	0.0	0.0	0.0
	5p	-	77	118.0	89.0	73.0	97.0	377.0	3.0	5.0	3.0	4.0	0.0	1.0	0.0	0.0	1.0	0.0	1.0	0.00.0	0.0	0.0	0.0	0.0	0.0	0.0	1.0	0.0
	5p	-	78	113.0	78.0	55.0	117.0	363.0	6.0	1.0	0.0	2.0	0.0	1.0	0.0	2.0	0.0	0.0	0.0	3.00.0	0.0	0.0	0.0	0.0	0.0	0.0	0.0	0.0
	5p	-	79	105.0	70.0	66.0	101.0	342.0	3.0	2.0	0.0	3.0	0.0	2.0	1.0	2.0	2.0	1.0	0.0	1.00.0	0.0	0.0	0.0	0.0	0.0	0.0	0.0	0.0
	5p	-	80	109.0	62.0	57.0	97.0	325.0	6.0	4.0	4.0	1.0	0.0	0.0	0.0	6.0	1.0	0.0	0.0	0.00.0	0.0	0.0	0.0	0.0	0.0	0.0	0.0	0.0
	5p	-	81	103.0	61.0	56.0	96.0	316.0	3.0	2.0	3.0	3.0	0.0	0.0	3.0	0.0	0.0	0.0	0.0	0.00.0	0.0	0.0	0.0	0.0	0.0	0.0	0.0	0.0
	5p	-	82	87.0	64.0	55.0	96.0	302.0	1.0	1.0	0.0	3.0	1.0	0.0	2.0	1.0	0.0	1.0	0.0	1.00.0	0.0	0.0	0.0	0.0	0.0	0.0	0.0	0.0
	5p	-	83	80.0	67.0	53.0	86.0	286.0	1.0	2.0	4.0	2.0	0.0	0.0	0.0	0.0	0.0	0.0	0.0	0.00.0	0.0	0.0	0.0	0.0	0.0	0.0	0.0	0.0
	5p	-	84	77.0	55.0	58.0	85.0	275.0	3.0	0.0	1.0	0.0	0.0	0.0	0.0	0.0	0.0	0.0	1.0	0.00.0	0.0	0.0	0.0	0.0	0.0	0.0	0.0	0.0
	5p	-	85	74.0	56.0	58.0	76.0	264.0	1.0	4.0	2.0	1.0	0.0	0.0	0.0	1.0	0.0	0.0	0.0	1.00.0	0.0	0.0	0.0	0.0	0.0	0.0	0.0	0.0
	5p	-	86	86.0	43.0	45.0	82.0	256.0	2.0	0.0	0.0	3.0	0.0	0.0	0.0	1.0	0.0	0.0	1.0	0.00.0	0.0	0.0	0.0	0.0	0.0	0.0	0.0	0.0
	5p	-	87	74.0	56.0	43.0	71.0	244.0	3.0	1.0	1.0	1.0	1.0	1.0	0.0	0.0	0.0	2.0	1.0	1.00.0	0.0	0.0	0.0	0.0	0.0	0.0	0.0	0.0
	5p	-	88	75.0	42.0	43.0	70.0	230.0	1.0	2.0	1.0	1.0	0.0	1.0	0.0	0.0	0.0	1.0	0.0	2.00.0	0.0	0.0	0.0	0.0	0.0	0.0	0.0	0.0
	5p	-	89	75.0	46.0	43.0	59.0	223.0	1.0	1.0	1.0	0.0	0.0	0.0	0.0	0.0	0.0	0.0	0.0	1.00.0	0.0	0.0	0.0	0.0	0.0	0.0	0.0	0.0
	5p	-	90	76.0	46.0	32.0	60.0	214.0	1.0	2.0	2.0	1.0	0.0	0.0	1.0	1.0	0.0	0.0	1.0	0.00.0	0.0	0.0	0.0	0.0	0.0	0.0	0.0	0.0
	5p	-	91	61.0	45.0	38.0	59.0	203.0	1.0	0.0	0.0	0.0	1.0	0.0	1.0	2.0	0.0	0.0	2.0	1.00.0	0.0	0.0	0.0	0.0	0.0	0.0	0.0	0.0
	5p	-	92	56.0	36.0	36.0	66.0	194.0	0.0	2.0	0.0	2.0	0.0	1.0	0.0	0.0	2.0	1.0	0.0	1.00.0	0.0	0.0	0.0	0.0	0.0	0.0	0.0	0.0
	5p	-	93	57.0	41.0	37.0	53.0	188.0	2.0	2.0	3.0	1.0	0.0	2.0	0.0	0.0	1.0	0.0	0.0	0.00.0	0.0	0.0	0.0	0.0	0.0	0.0	0.0	0.0
	5p	-	94	60.0	43.0	26.0	53.0	182.0	0.0	1.0	2.0	0.0	0.0	1.0	1.0	0.0	2.0	0.0	0.0	0.00.0	0.0	0.0	0.0	1.0	0.0	0.0	0.0	0.0
	5p	-	95	54.0	45.0	28.0	45.0	172.0	0.0	2.0	0.0	0.0	0.0	1.0	0.0	1.0	0.0	2.0	0.0	0.00.0	0.0	0.0	0.0	0.0	0.0	0.0	0.0	0.0
	5p	-	96	57.0	25.0	31.0	53.0	166.0	1.0	0.0	0.0	0.0	0.0	1.0	0.0	0.0	0.0	1.0	0.0	2.00.0	0.0	0.0	0.0	0.0	0.0	0.0	0.0	0.0
	5p	-	97	41.0	30.0	40.0	47.0	158.0	1.0	1.0	0.0	0.0	1.0	0.0	0.0	0.0	0.0	0.0	0.0	0.00.0	0.0	0.0	0.0	0.0	0.0	0.0	0.0	0.0
	5p	-	98	52.0	34.0	29.0	34.0	149.0	0.0	1.0	1.0	2.0	2.0	1.0	1.0	0.0	0.0	0.0	0.0	0.00.0	0.0	0.0	0.0	0.0	0.0	0.0	0.0	0.0
	5p	-	99	47.0	32.0	21.0	42.0	142.0	0.0	0.0	1.0	0.0	0.0	0.0	1.0	0.0	1.0	0.0	0.0	0.00.0	0.0	0.0	0.0	0.0	0.0	0.0	0.0	0.0
	5p	-	100	43.0	25.0	25.0	42.0	135.0	2.0	1.0	1.0	1.0	0.0	1.0	0.0	0.0	0.0	0.0	0.0	0.00.0	0.0	0.0	0.0	0.0	0.0	0.0	0.0	0.0
