# table produced by DamageProfiler
# using mapped file ScA009.BuffaloCape_Human_nc.Target.rmdup.noMicro_SCR_008.bam
# Sample ID: ScA009.BuffaloCape_Human_nc.Target.rmdup.noMicro_SCR_008.bam
Pos	C>T	G>A	A>C	A>G	A>T	C>A	C>G	G>C	G>T	T>A	T>C	T>G	->ACGT	ACGT>-
24	0.023077	0.008130	0.030928	0.020619	0.020619	0.023077	0.023077	0.032520	0.000000	0.012500	0.050000	0.050000	0.041860	0.000000
23	0.013333	0.018692	0.000000	0.019802	0.009901	0.013333	0.026667	0.028037	0.018692	0.026316	0.078947	0.013158	0.029954	0.000000
22	0.027586	0.008772	0.008621	0.017241	0.008621	0.020690	0.006897	0.035088	0.017544	0.000000	0.016393	0.000000	0.025229	0.000000
21	0.006897	0.024793	0.033708	0.011236	0.011236	0.020690	0.020690	0.041322	0.008264	0.012821	0.012821	0.000000	0.034642	0.000000
20	0.027972	0.015038	0.030928	0.020619	0.000000	0.013986	0.013986	0.007519	0.015038	0.061538	0.015385	0.015385	0.027397	0.000000
19	0.006623	0.031496	0.023256	0.011628	0.023256	0.000000	0.013245	0.023622	0.031496	0.014706	0.000000	0.029412	0.037037	0.000000
18	0.013423	0.019231	0.009259	0.018519	0.018519	0.020134	0.000000	0.038462	0.009615	0.045455	0.015152	0.030303	0.044496	0.000000
17	0.022556	0.018182	0.020408	0.010204	0.000000	0.030075	0.015038	0.045455	0.000000	0.011364	0.034091	0.034091	0.037296	0.000000
16	0.018519	0.008621	0.023529	0.011765	0.000000	0.000000	0.024691	0.025862	0.008621	0.000000	0.014286	0.028571	0.034642	0.000000
15	0.014706	0.017391	0.034483	0.000000	0.011494	0.014706	0.036765	0.043478	0.008696	0.023256	0.023256	0.023256	0.058962	0.000000
14	0.006849	0.008696	0.020408	0.010204	0.000000	0.020548	0.013699	0.000000	0.008696	0.000000	0.042857	0.000000	0.044289	0.000000
13	0.006494	0.009009	0.011111	0.033333	0.011111	0.000000	0.038961	0.000000	0.018018	0.000000	0.000000	0.028169	0.044601	0.000000
12	0.000000	0.017391	0.021053	0.010526	0.021053	0.007576	0.015152	0.060870	0.008696	0.048780	0.000000	0.024390	0.044811	0.000000
11	0.018750	0.010000	0.010204	0.000000	0.010204	0.018750	0.018750	0.040000	0.010000	0.013889	0.027778	0.013889	0.037209	0.000000
10	0.043478	0.009174	0.010870	0.010870	0.010870	0.018634	0.018634	0.027523	0.009174	0.014706	0.044118	0.044118	0.046512	0.000000
9	0.000000	0.017857	0.009174	0.009174	0.018349	0.007407	0.044444	0.008929	0.026786	0.041667	0.041667	0.013889	0.044393	0.000000
8	0.021583	0.009434	0.045045	0.045045	0.018018	0.000000	0.000000	0.018868	0.000000	0.027397	0.000000	0.027397	0.048951	0.000000
7	0.027211	0.008403	0.011236	0.011236	0.000000	0.027211	0.013605	0.016807	0.016807	0.025974	0.051948	0.025974	0.041667	0.000000
6	0.013793	0.018018	0.020202	0.010101	0.010101	0.027586	0.041379	0.027027	0.045045	0.000000	0.051948	0.000000	0.039352	0.000000
5	0.006993	0.016949	0.010204	0.010204	0.010204	0.000000	0.020979	0.016949	0.016949	0.026667	0.013333	0.040000	0.029954	0.000000
4	0.006494	0.009009	0.025000	0.016667	0.008333	0.006494	0.032468	0.036036	0.009009	0.031746	0.031746	0.031746	0.006696	0.000000
3	0.006579	0.007813	0.009804	0.039216	0.019608	0.019737	0.019737	0.000000	0.007813	0.014493	0.043478	0.043478	0.000000	0.000000
2	0.013333	0.049645	0.010870	0.010870	0.000000	0.020000	0.026667	0.007092	0.014184	0.000000	0.030303	0.000000	0.004454	0.000000
1	0.000000	0.018519	0.016949	0.025424	0.000000	0.005988	0.023952	0.018519	0.018519	0.034483	0.051724	0.000000	0.000000	0.000000
0	0.015625	0.015625	0.015152	0.007576	0.007576	0.054688	0.015625	0.031250	0.015625	0.000000	0.000000	0.031746	0.000000	0.000000
