# table produced by DamageProfiler
# using mapped file ScA009.BuffaloCape_Human_nc.Target.rmdup.noMicro_SCR_008.bam
# Sample ID: ScA009.BuffaloCape_Human_nc.Target.rmdup.noMicro_SCR_008.bam
Pos	C>T	G>A	A>C	A>G	A>T	C>A	C>G	G>C	G>T	T>A	T>C	T>G	->ACGT	ACGT>-
0	0.007874	0.020548	0.025641	0.034188	0.034188	0.007874	0.023622	0.013699	0.000000	0.032787	0.032787	0.049180	0.000000	0.000000
1	0.006757	0.035714	0.032967	0.021978	0.000000	0.027027	0.006757	0.044643	0.000000	0.010101	0.020202	0.010101	0.002222	0.000000
2	0.005952	0.019802	0.018692	0.000000	0.018692	0.005952	0.023810	0.019802	0.009901	0.040541	0.013514	0.013514	0.002222	0.000000
3	0.019481	0.040323	0.043956	0.010989	0.010989	0.019481	0.006494	0.016129	0.016129	0.025316	0.050633	0.012658	0.006696	0.000000
4	0.015038	0.009259	0.010638	0.021277	0.010638	0.007519	0.007519	0.027778	0.000000	0.000000	0.020619	0.020619	0.023148	0.000000
5	0.015152	0.014599	0.054945	0.021978	0.021978	0.022727	0.015152	0.036496	0.000000	0.028986	0.057971	0.057971	0.020979	0.000000
6	0.019868	0.008929	0.000000	0.010204	0.000000	0.006623	0.033113	0.044643	0.008929	0.028571	0.057143	0.014286	0.027842	0.000000
7	0.000000	0.019048	0.008403	0.016807	0.008403	0.030534	0.000000	0.038095	0.019048	0.013158	0.026316	0.013158	0.027842	0.000000
8	0.018293	0.019048	0.022222	0.022222	0.011111	0.024390	0.024390	0.047619	0.009524	0.014085	0.028169	0.000000	0.025581	0.000000
9	0.027586	0.007692	0.021739	0.000000	0.021739	0.013793	0.013793	0.007692	0.015385	0.040541	0.040541	0.013514	0.013605	0.000000
10	0.015385	0.031746	0.039604	0.019802	0.009901	0.007692	0.007692	0.015873	0.023810	0.013333	0.000000	0.026667	0.025463	0.000000
11	0.018987	0.025641	0.021053	0.010526	0.031579	0.018987	0.000000	0.034188	0.008547	0.017857	0.000000	0.035714	0.025822	0.000000
12	0.014286	0.018519	0.000000	0.021978	0.000000	0.028571	0.021429	0.037037	0.009259	0.034884	0.023256	0.034884	0.032941	0.000000
13	0.020134	0.000000	0.022989	0.011494	0.000000	0.006711	0.006711	0.043860	0.008772	0.000000	0.036145	0.036145	0.025404	0.000000
14	0.014599	0.008475	0.043956	0.000000	0.000000	0.007299	0.021898	0.033898	0.016949	0.024691	0.012346	0.024691	0.025761	0.000000
15	0.006452	0.026316	0.019231	0.028846	0.009615	0.025806	0.025806	0.008772	0.017544	0.000000	0.017544	0.000000	0.016279	0.000000
16	0.006944	0.009346	0.028302	0.028302	0.009434	0.000000	0.034722	0.000000	0.018692	0.000000	0.000000	0.025974	0.023041	0.000000
17	0.000000	0.009615	0.010753	0.021505	0.010753	0.006944	0.013889	0.038462	0.000000	0.037037	0.024691	0.012346	0.028436	0.000000
18	0.006579	0.009524	0.010753	0.000000	0.010753	0.013158	0.026316	0.019048	0.000000	0.026316	0.026316	0.026316	0.025822	0.000000
19	0.041379	0.025641	0.021739	0.010870	0.021739	0.027586	0.020690	0.068376	0.008547	0.000000	0.028169	0.014085	0.037647	0.000000
20	0.012658	0.009009	0.010309	0.000000	0.010309	0.006329	0.044304	0.000000	0.027027	0.044118	0.014706	0.029412	0.025346	0.000000
21	0.021127	0.009615	0.042735	0.008547	0.008547	0.000000	0.007042	0.019231	0.009615	0.014286	0.057143	0.028571	0.030023	0.000000
22	0.006944	0.000000	0.000000	0.021053	0.010526	0.013889	0.006944	0.009901	0.009901	0.044444	0.011111	0.033333	0.027907	0.000000
23	0.021429	0.016807	0.010417	0.031250	0.000000	0.021429	0.021429	0.033613	0.033613	0.000000	0.057143	0.000000	0.035294	0.000000
24	0.013699	0.025210	0.010000	0.010000	0.010000	0.020548	0.034247	0.025210	0.033613	0.029412	0.029412	0.014706	0.016166	0.000000
