# table produced by DamageProfiler
# using mapped file ScA009.BuffaloCape_Human_nc.Target.rmdup.noMicro_SCR_008.bam
# Sample ID: ScA009.BuffaloCape_Human_nc.Target.rmdup.noMicro_SCR_008.bam
Chr	End	Std	Pos	A	C	G	T	Total
	3p	+	1	70	65	64	34	233
	3p	+	2	56	90	56	31	233
	3p	+	3	50	76	73	34	233
	3p	+	4	57	70	72	34	233
	3p	+	5	68	82	60	23	233
	3p	+	6	47	75	73	38	233
	3p	+	7	49	74	66	44	233
	3p	+	8	55	74	66	38	233
	3p	+	9	55	77	69	32	233
	3p	+	10	62	76	60	35	233
	3p	+	11	53	88	60	32	233
	3p	+	12	54	88	54	37	233
	3p	+	13	57	73	60	43	233
	3p	+	14	48	74	75	36	233
	3p	+	15	53	73	69	38	233
	3p	+	16	49	69	64	51	233
	3p	+	17	47	78	68	40	233
	3p	+	18	53	70	68	42	233
	3p	+	19	63	78	54	38	233
	3p	+	20	44	80	72	37	233
	3p	+	21	61	62	77	33	233
	3p	+	22	55	73	63	42	233
	3p	+	23	63	71	59	40	233
	3p	+	24	54	84	56	39	233
	3p	+	25	57	67	63	46	233
	3p	+	26	55	64	63	51	233
	3p	+	27	54	70	59	50	233
	3p	+	28	55	73	58	47	233
	3p	+	29	47	87	64	35	233
	3p	+	30	56	70	72	35	233
	3p	+	31	17	30	28	19	94
	3p	+	32	12	13	12	12	49
	3p	+	33	8	7	7	10	32
	3p	+	34	8	5	8	3	24
	3p	+	35	6	4	5	7	22
	3p	+	36	6	4	5	7	22
	3p	+	37	8	4	4	5	21
	3p	+	38	8	3	4	5	20
	3p	+	39	6	7	3	2	18
	3p	+	40	7	4	4	3	18
	3p	+	41	5	4	8	1	18
	3p	+	42	4	5	0	7	16
	3p	+	43	8	5	3	0	16
	3p	+	44	5	2	5	2	14
	3p	+	45	3	4	1	3	11
	3p	+	46	4	3	0	4	11
	3p	+	47	3	3	0	3	9
	3p	+	48	1	3	1	3	8
	3p	+	49	2	3	1	2	8
	3p	+	50	1	0	2	5	8
	3p	+	51	4	2	0	2	8
	3p	+	52	2	1	2	3	8
	3p	+	53	3	4	0	1	8
	3p	+	54	0	2	1	5	8
	3p	+	55	3	4	1	0	8
	3p	+	56	2	0	4	1	7
	3p	+	57	3	2	1	1	7
	3p	+	58	1	3	2	1	7
	3p	+	59	1	1	3	2	7
	3p	+	60	3	1	1	1	6
	3p	+	61	2	4	0	0	6
	3p	+	62	3	2	0	0	5
	3p	+	63	1	1	2	1	5
	3p	+	64	2	0	1	2	5
	3p	+	65	2	1	0	2	5
	3p	+	66	2	1	0	2	5
	3p	+	67	0	2	0	2	4
	3p	+	68	0	2	2	0	4
	3p	+	69	1	1	0	2	4
	3p	+	70	0	2	0	2	4
	3p	+	71	1	0	2	1	4
	3p	+	72	0	1	1	2	4
	3p	+	73	1	0	0	1	2
	3p	+	74	1	1	0	0	2
	3p	+	75	2	0	0	0	2
	3p	+	76	0	0	1	1	2
	3p	+	77	1	1	0	0	2
	3p	+	78	0	1	0	1	2
	3p	+	79	1	0	0	1	2
	3p	+	80	1	0	1	0	2
	3p	+	81	1	0	0	1	2
	3p	+	82	1	0	0	1	2
	3p	+	83	2	0	0	0	2
	3p	+	84	1	1	0	0	2
	3p	+	85	1	1	0	0	2
	3p	+	86	0	0	1	0	1
	3p	+	87	1	0	0	0	1
	3p	+	88	1	0	0	0	1
	3p	+	89	0	0	1	0	1
	3p	+	90	1	0	0	0	1
	3p	+	91	0	1	0	0	1
	3p	+	92	0	0	1	0	1
	3p	+	93	0	0	1	0	1
	3p	+	94	0	1	0	0	1
	3p	+	95	0	0	0	1	1
	3p	+	96	1	0	0	0	1
	3p	+	97	1	0	0	0	1
	3p	+	98	1	0	0	0	1
	3p	+	99	1	0	0	0	1
	3p	+	100	1	0	0	0	1
	3p	-	1	67	58	61	32	218
	3p	-	2	62	79	53	24	218
	3p	-	3	50	69	65	34	218
	3p	-	4	43	79	64	32	218
	3p	-	5	52	75	54	37	218
	3p	-	6	54	73	52	39	218
	3p	-	7	57	75	47	39	218
	3p	-	8	47	74	59	38	218
	3p	-	9	53	75	47	43	218
	3p	-	10	53	64	62	39	218
	3p	-	11	48	74	57	39	218
	3p	-	12	52	76	49	41	218
	3p	-	13	45	72	57	44	218
	3p	-	14	45	78	52	43	218
	3p	-	15	51	75	58	34	218
	3p	-	16	45	75	63	35	218
	3p	-	17	40	88	56	34	218
	3p	-	18	54	66	50	48	218
	3p	-	19	54	82	50	32	218
	3p	-	20	48	79	53	38	218
	3p	-	21	45	80	60	33	218
	3p	-	22	41	78	59	40	218
	3p	-	23	54	77	56	31	218
	3p	-	24	53	72	56	37	218
	3p	-	25	42	70	73	33	218
	3p	-	26	42	74	61	41	218
	3p	-	27	53	79	42	44	218
	3p	-	28	45	84	51	38	218
	3p	-	29	42	79	54	43	218
	3p	-	30	62	62	58	36	218
	3p	-	31	20	27	23	16	86
	3p	-	32	10	10	10	9	39
	3p	-	33	7	5	8	8	28
	3p	-	34	8	5	5	2	20
	3p	-	35	5	4	0	7	16
	3p	-	36	6	3	3	4	16
	3p	-	37	4	4	2	4	14
	3p	-	38	3	4	1	5	13
	3p	-	39	4	3	3	2	12
	3p	-	40	1	3	3	5	12
	3p	-	41	5	2	1	4	12
	3p	-	42	3	2	3	4	12
	3p	-	43	5	1	2	2	10
	3p	-	44	2	5	2	1	10
	3p	-	45	2	0	3	5	10
	3p	-	46	2	1	3	4	10
	3p	-	47	5	2	0	3	10
	3p	-	48	2	3	2	3	10
	3p	-	49	3	0	3	4	10
	3p	-	50	3	3	3	1	10
	3p	-	51	3	3	1	2	9
	3p	-	52	4	2	1	2	9
	3p	-	53	5	1	1	2	9
	3p	-	54	4	2	0	2	8
	3p	-	55	1	2	3	2	8
	3p	-	56	6	0	2	0	8
	3p	-	57	1	1	0	5	7
	3p	-	58	3	1	1	2	7
	3p	-	59	1	1	2	3	7
	3p	-	60	1	1	3	2	7
	3p	-	61	2	1	2	2	7
	3p	-	62	3	1	3	0	7
	3p	-	63	3	0	2	2	7
	3p	-	64	4	1	0	2	7
	3p	-	65	2	2	1	2	7
	3p	-	66	4	1	1	1	7
	3p	-	67	2	2	1	2	7
	3p	-	68	3	1	2	0	6
	3p	-	69	0	1	2	3	6
	3p	-	70	1	1	1	3	6
	3p	-	71	1	1	1	2	5
	3p	-	72	1	2	1	1	5
	3p	-	73	1	2	0	2	5
	3p	-	74	2	1	1	1	5
	3p	-	75	3	1	0	1	5
	3p	-	76	1	1	1	2	5
	3p	-	77	1	1	1	2	5
	3p	-	78	3	1	0	1	5
	3p	-	79	0	2	0	3	5
	3p	-	80	4	1	0	0	5
	3p	-	81	4	0	1	0	5
	3p	-	82	2	1	1	1	5
	3p	-	83	1	1	2	1	5
	3p	-	84	1	0	3	1	5
	3p	-	85	1	1	2	1	5
	3p	-	86	1	1	1	2	5
	3p	-	87	1	2	0	2	5
	3p	-	88	0	2	1	2	5
	3p	-	89	1	1	2	1	5
	3p	-	90	3	0	0	2	5
	3p	-	91	2	2	0	1	5
	3p	-	92	2	2	0	1	5
	3p	-	93	0	3	1	1	5
	3p	-	94	2	0	1	2	5
	3p	-	95	2	0	1	2	5
	3p	-	96	1	0	2	2	5
	3p	-	97	0	1	2	2	5
	3p	-	98	1	2	0	2	5
	3p	-	99	2	2	0	0	4
	3p	-	100	2	0	2	0	4
	5p	+	1	54	68	80	31	233
	5p	+	2	45	84	59	45	233
	5p	+	3	61	81	56	35	233
	5p	+	4	49	79	61	44	233
	5p	+	5	52	67	63	51	233
	5p	+	6	55	68	74	36	233
	5p	+	7	54	81	55	43	233
	5p	+	8	67	63	61	42	233
	5p	+	9	57	85	53	38	233
	5p	+	10	52	62	77	42	233
	5p	+	11	55	74	66	38	233
	5p	+	12	56	79	61	37	233
	5p	+	13	57	66	65	45	233
	5p	+	14	45	82	61	45	233
	5p	+	15	46	68	74	45	233
	5p	+	16	57	72	64	40	233
	5p	+	17	52	73	69	39	233
	5p	+	18	59	73	63	38	233
	5p	+	19	58	79	56	40	233
	5p	+	20	51	87	64	31	233
	5p	+	21	55	80	61	37	233
	5p	+	22	61	80	59	33	233
	5p	+	23	51	82	59	41	233
	5p	+	24	52	75	70	36	233
	5p	+	25	54	76	67	36	233
	5p	+	26	66	80	60	27	233
	5p	+	27	59	72	71	31	233
	5p	+	28	55	75	75	28	233
	5p	+	29	55	89	60	29	233
	5p	+	30	58	69	67	39	233
	5p	+	31	27	24	29	14	94
	5p	+	32	15	13	13	8	49
	5p	+	33	8	8	6	10	32
	5p	+	34	6	6	5	7	24
	5p	+	35	9	3	4	6	22
	5p	+	36	6	7	5	4	22
	5p	+	37	8	6	4	3	21
	5p	+	38	6	4	6	4	20
	5p	+	39	4	3	6	5	18
	5p	+	40	8	3	3	4	18
	5p	+	41	6	3	3	6	18
	5p	+	42	4	6	4	2	16
	5p	+	43	6	2	4	4	16
	5p	+	44	5	2	1	6	14
	5p	+	45	3	3	2	3	11
	5p	+	46	3	1	6	1	11
	5p	+	47	2	1	2	4	9
	5p	+	48	1	3	2	2	8
	5p	+	49	3	1	0	4	8
	5p	+	50	2	2	2	2	8
	5p	+	51	3	3	0	2	8
	5p	+	52	4	1	1	2	8
	5p	+	53	3	2	1	2	8
	5p	+	54	2	3	1	2	8
	5p	+	55	3	1	2	2	8
	5p	+	56	2	3	1	1	7
	5p	+	57	0	2	2	3	7
	5p	+	58	1	1	2	3	7
	5p	+	59	1	0	0	6	7
	5p	+	60	0	1	3	2	6
	5p	+	61	0	2	1	3	6
	5p	+	62	0	4	0	1	5
	5p	+	63	2	1	0	2	5
	5p	+	64	2	2	1	0	5
	5p	+	65	1	1	1	2	5
	5p	+	66	3	2	0	0	5
	5p	+	67	1	0	0	3	4
	5p	+	68	0	1	2	1	4
	5p	+	69	1	0	0	3	4
	5p	+	70	1	2	1	0	4
	5p	+	71	1	0	1	2	4
	5p	+	72	1	2	1	0	4
	5p	+	73	1	1	0	0	2
	5p	+	74	2	0	0	0	2
	5p	+	75	0	0	1	1	2
	5p	+	76	2	0	0	0	2
	5p	+	77	0	1	0	1	2
	5p	+	78	1	1	0	0	2
	5p	+	79	0	0	1	1	2
	5p	+	80	1	0	1	0	2
	5p	+	81	0	0	1	1	2
	5p	+	82	0	0	1	1	2
	5p	+	83	0	0	1	1	2
	5p	+	84	0	0	0	2	2
	5p	+	85	0	1	0	1	2
	5p	+	86	1	0	0	0	1
	5p	+	87	1	0	0	0	1
	5p	+	88	0	1	0	0	1
	5p	+	89	1	0	0	0	1
	5p	+	90	1	0	0	0	1
	5p	+	91	1	0	0	0	1
	5p	+	92	0	1	0	0	1
	5p	+	93	1	0	0	0	1
	5p	+	94	0	1	0	0	1
	5p	+	95	1	0	0	0	1
	5p	+	96	0	0	0	1	1
	5p	+	97	0	0	1	0	1
	5p	+	98	1	0	0	0	1
	5p	+	99	1	0	0	0	1
	5p	+	100	1	0	0	0	1
	5p	-	1	58	61	71	28	218
	5p	-	2	50	69	48	51	218
	5p	-	3	49	86	45	38	218
	5p	-	4	46	79	59	34	218
	5p	-	5	44	75	51	48	218
	5p	-	6	39	74	69	36	218
	5p	-	7	50	77	64	27	218
	5p	-	8	59	76	46	37	218
	5p	-	9	39	84	57	38	218
	5p	-	10	44	83	57	34	218
	5p	-	11	53	62	58	45	218
	5p	-	12	47	87	56	28	218
	5p	-	13	47	77	53	41	218
	5p	-	14	46	76	56	40	218
	5p	-	15	47	80	54	37	218
	5p	-	16	52	80	64	22	218
	5p	-	17	54	68	51	45	218
	5p	-	18	41	83	48	46	218
	5p	-	19	43	76	60	39	218
	5p	-	20	51	67	53	47	218
	5p	-	21	51	73	60	34	218
	5p	-	22	54	76	52	36	218
	5p	-	23	54	67	53	44	218
	5p	-	24	52	74	51	41	218
	5p	-	25	54	74	54	36	218
	5p	-	26	54	73	45	46	218
	5p	-	27	45	77	63	33	218
	5p	-	28	53	69	61	35	218
	5p	-	29	53	75	56	34	218
	5p	-	30	52	74	59	33	218
	5p	-	31	25	24	21	16	86
	5p	-	32	14	7	7	11	39
	5p	-	33	11	8	5	4	28
	5p	-	34	6	3	9	2	20
	5p	-	35	9	1	1	5	16
	5p	-	36	3	2	4	7	16
	5p	-	37	6	2	4	2	14
	5p	-	38	2	2	2	7	13
	5p	-	39	1	4	5	2	12
	5p	-	40	1	5	4	2	12
	5p	-	41	4	1	0	7	12
	5p	-	42	3	3	2	4	12
	5p	-	43	4	1	0	5	10
	5p	-	44	1	2	3	4	10
	5p	-	45	5	0	2	3	10
	5p	-	46	1	4	2	3	10
	5p	-	47	4	0	2	4	10
	5p	-	48	3	3	3	1	10
	5p	-	49	4	2	2	2	10
	5p	-	50	4	0	2	4	10
	5p	-	51	4	2	2	1	9
	5p	-	52	3	5	0	1	9
	5p	-	53	3	2	3	1	9
	5p	-	54	2	4	1	1	8
	5p	-	55	3	1	2	2	8
	5p	-	56	3	1	2	2	8
	5p	-	57	1	3	1	2	7
	5p	-	58	3	1	0	3	7
	5p	-	59	1	1	0	5	7
	5p	-	60	3	0	2	2	7
	5p	-	61	3	0	2	2	7
	5p	-	62	1	0	5	1	7
	5p	-	63	1	3	1	2	7
	5p	-	64	5	1	1	0	7
	5p	-	65	2	2	2	1	7
	5p	-	66	0	2	1	4	7
	5p	-	67	2	0	3	2	7
	5p	-	68	2	1	1	2	6
	5p	-	69	1	2	0	3	6
	5p	-	70	2	2	0	2	6
	5p	-	71	3	1	1	0	5
	5p	-	72	3	1	0	1	5
	5p	-	73	2	0	0	3	5
	5p	-	74	1	0	2	2	5
	5p	-	75	1	1	1	2	5
	5p	-	76	1	2	1	1	5
	5p	-	77	2	0	1	2	5
	5p	-	78	1	1	3	0	5
	5p	-	79	2	1	1	1	5
	5p	-	80	1	3	0	1	5
	5p	-	81	4	1	0	0	5
	5p	-	82	3	0	1	1	5
	5p	-	83	2	0	1	2	5
	5p	-	84	1	1	0	3	5
	5p	-	85	2	0	1	2	5
	5p	-	86	1	1	1	2	5
	5p	-	87	2	2	0	1	5
	5p	-	88	3	0	0	2	5
	5p	-	89	2	2	1	0	5
	5p	-	90	0	0	1	4	5
	5p	-	91	4	1	0	0	5
	5p	-	92	2	1	0	2	5
	5p	-	93	0	2	1	2	5
	5p	-	94	2	2	0	1	5
	5p	-	95	1	1	2	1	5
	5p	-	96	3	0	0	2	5
	5p	-	97	1	2	1	1	5
	5p	-	98	3	0	0	2	5
	5p	-	99	1	1	0	2	4
	5p	-	100	0	1	1	2	4
