# table produced by DamageProfiler
# using mapped file PaA025.BuffaloCape_Human_nc.Target.rmdup.noMicro.bam
# Sample ID: PaA025.BuffaloCape_Human_nc.Target.rmdup.noMicro.bam
Chr	End	Std	Pos	A	C	G	T	Total
	3p	+	1	219	90	65	177	551
	3p	+	2	194	127	85	145	551
	3p	+	3	204	119	86	142	551
	3p	+	4	186	124	101	140	551
	3p	+	5	195	115	80	161	551
	3p	+	6	195	120	95	141	551
	3p	+	7	190	118	96	147	551
	3p	+	8	195	99	108	149	551
	3p	+	9	195	111	99	146	551
	3p	+	10	167	108	121	155	551
	3p	+	11	164	127	100	160	551
	3p	+	12	171	110	116	154	551
	3p	+	13	192	107	108	144	551
	3p	+	14	163	129	95	164	551
	3p	+	15	160	104	113	174	551
	3p	+	16	181	118	94	158	551
	3p	+	17	166	125	103	157	551
	3p	+	18	171	117	110	153	551
	3p	+	19	175	125	104	147	551
	3p	+	20	179	109	96	167	551
	3p	+	21	185	115	113	138	551
	3p	+	22	179	108	103	161	551
	3p	+	23	175	108	123	145	551
	3p	+	24	168	115	108	160	551
	3p	+	25	163	113	133	142	551
	3p	+	26	172	112	98	169	551
	3p	+	27	179	116	102	154	551
	3p	+	28	168	106	114	163	551
	3p	+	29	170	118	111	152	551
	3p	+	30	179	107	112	153	551
	3p	+	31	91	45	48	58	242
	3p	+	32	37	21	14	45	117
	3p	+	33	20	8	12	18	58
	3p	+	34	17	6	4	13	40
	3p	+	35	14	4	3	8	29
	3p	+	36	8	2	4	10	24
	3p	+	37	9	1	5	5	20
	3p	+	38	7	4	2	3	16
	3p	+	39	7	3	2	3	15
	3p	+	40	3	3	1	2	9
	3p	+	41	4	2	1	1	8
	3p	+	42	3	1	3	1	8
	3p	+	43	3	0	1	3	7
	3p	+	44	4	0	0	1	5
	3p	+	45	0	0	2	2	4
	3p	+	46	1	1	0	1	3
	3p	+	47	2	0	0	0	2
	3p	+	48	0	0	1	1	2
	3p	+	49	2	0	0	0	2
	3p	+	50	0	0	1	0	1
	3p	+	51	0	0	0	0	0
	3p	+	52	0	0	0	0	0
	3p	+	53	0	0	0	0	0
	3p	+	54	0	0	0	0	0
	3p	+	55	0	0	0	0	0
	3p	+	56	0	0	0	0	0
	3p	+	57	0	0	0	0	0
	3p	+	58	0	0	0	0	0
	3p	+	59	0	0	0	0	0
	3p	+	60	0	0	0	0	0
	3p	+	61	0	0	0	0	0
	3p	+	62	0	0	0	0	0
	3p	+	63	0	0	0	0	0
	3p	+	64	0	0	0	0	0
	3p	+	65	0	0	0	0	0
	3p	+	66	0	0	0	0	0
	3p	+	67	0	0	0	0	0
	3p	+	68	0	0	0	0	0
	3p	+	69	0	0	0	0	0
	3p	+	70	0	0	0	0	0
	3p	+	71	0	0	0	0	0
	3p	+	72	0	0	0	0	0
	3p	+	73	0	0	0	0	0
	3p	+	74	0	0	0	0	0
	3p	+	75	0	0	0	0	0
	3p	+	76	0	0	0	0	0
	3p	+	77	0	0	0	0	0
	3p	+	78	0	0	0	0	0
	3p	+	79	0	0	0	0	0
	3p	+	80	0	0	0	0	0
	3p	+	81	0	0	0	0	0
	3p	+	82	0	0	0	0	0
	3p	+	83	0	0	0	0	0
	3p	+	84	0	0	0	0	0
	3p	+	85	0	0	0	0	0
	3p	+	86	0	0	0	0	0
	3p	+	87	0	0	0	0	0
	3p	+	88	0	0	0	0	0
	3p	+	89	0	0	0	0	0
	3p	+	90	0	0	0	0	0
	3p	+	91	0	0	0	0	0
	3p	+	92	0	0	0	0	0
	3p	+	93	0	0	0	0	0
	3p	+	94	0	0	0	0	0
	3p	+	95	0	0	0	0	0
	3p	+	96	0	0	0	0	0
	3p	+	97	0	0	0	0	0
	3p	+	98	0	0	0	0	0
	3p	+	99	0	0	0	0	0
	3p	+	100	0	0	0	0	0
	3p	-	1	210	71	83	168	532
	3p	-	2	166	135	86	145	532
	3p	-	3	185	124	79	144	532
	3p	-	4	164	112	105	151	532
	3p	-	5	181	96	95	160	532
	3p	-	6	205	108	91	128	532
	3p	-	7	186	107	105	134	532
	3p	-	8	178	111	116	127	532
	3p	-	9	185	101	108	138	532
	3p	-	10	184	113	87	148	532
	3p	-	11	182	109	101	140	532
	3p	-	12	181	120	86	145	532
	3p	-	13	167	122	97	146	532
	3p	-	14	178	106	101	147	532
	3p	-	15	157	117	105	153	532
	3p	-	16	176	109	105	142	532
	3p	-	17	160	119	89	164	532
	3p	-	18	173	123	96	140	532
	3p	-	19	168	105	106	153	532
	3p	-	20	164	126	103	139	532
	3p	-	21	169	121	93	149	532
	3p	-	22	175	116	92	149	532
	3p	-	23	179	97	104	152	532
	3p	-	24	162	112	102	156	532
	3p	-	25	149	104	124	155	532
	3p	-	26	146	120	119	147	532
	3p	-	27	164	109	97	162	532
	3p	-	28	155	114	105	158	532
	3p	-	29	146	122	119	145	532
	3p	-	30	168	105	94	165	532
	3p	-	31	76	49	36	63	224
	3p	-	32	30	20	13	29	92
	3p	-	33	14	11	7	16	48
	3p	-	34	12	5	3	10	30
	3p	-	35	6	5	2	9	22
	3p	-	36	5	6	1	6	18
	3p	-	37	5	7	1	2	15
	3p	-	38	5	1	4	5	15
	3p	-	39	4	1	4	4	13
	3p	-	40	7	0	1	3	11
	3p	-	41	3	3	1	4	11
	3p	-	42	5	1	1	3	10
	3p	-	43	3	2	1	2	8
	3p	-	44	4	2	0	1	7
	3p	-	45	1	1	1	1	4
	3p	-	46	3	0	0	1	4
	3p	-	47	2	1	0	1	4
	3p	-	48	1	1	1	0	3
	3p	-	49	1	0	1	1	3
	3p	-	50	1	1	0	1	3
	3p	-	51	1	1	0	0	2
	3p	-	52	1	0	0	1	2
	3p	-	53	1	1	0	0	2
	3p	-	54	1	0	1	0	2
	3p	-	55	0	1	0	1	2
	3p	-	56	0	1	0	1	2
	3p	-	57	1	1	0	0	2
	3p	-	58	0	0	1	1	2
	3p	-	59	0	1	1	0	2
	3p	-	60	0	0	2	0	2
	3p	-	61	0	0	0	2	2
	3p	-	62	0	2	0	0	2
	3p	-	63	0	1	1	0	2
	3p	-	64	0	0	1	1	2
	3p	-	65	0	0	0	2	2
	3p	-	66	0	1	0	1	2
	3p	-	67	1	0	0	0	1
	3p	-	68	0	0	0	1	1
	3p	-	69	0	1	0	0	1
	3p	-	70	0	1	0	0	1
	3p	-	71	0	0	1	0	1
	3p	-	72	0	0	0	1	1
	3p	-	73	0	0	1	0	1
	3p	-	74	1	0	0	0	1
	3p	-	75	0	0	0	0	0
	3p	-	76	0	0	0	0	0
	3p	-	77	0	0	0	0	0
	3p	-	78	0	0	0	0	0
	3p	-	79	0	0	0	0	0
	3p	-	80	0	0	0	0	0
	3p	-	81	0	0	0	0	0
	3p	-	82	0	0	0	0	0
	3p	-	83	0	0	0	0	0
	3p	-	84	0	0	0	0	0
	3p	-	85	0	0	0	0	0
	3p	-	86	0	0	0	0	0
	3p	-	87	0	0	0	0	0
	3p	-	88	0	0	0	0	0
	3p	-	89	0	0	0	0	0
	3p	-	90	0	0	0	0	0
	3p	-	91	0	0	0	0	0
	3p	-	92	0	0	0	0	0
	3p	-	93	0	0	0	0	0
	3p	-	94	0	0	0	0	0
	3p	-	95	0	0	0	0	0
	3p	-	96	0	0	0	0	0
	3p	-	97	0	0	0	0	0
	3p	-	98	0	0	0	0	0
	3p	-	99	0	0	0	0	0
	3p	-	100	0	0	0	0	0
	5p	+	1	177	109	108	157	551
	5p	+	2	180	111	115	145	551
	5p	+	3	178	106	104	163	551
	5p	+	4	177	103	109	162	551
	5p	+	5	174	118	95	164	551
	5p	+	6	162	113	124	152	551
	5p	+	7	169	108	114	160	551
	5p	+	8	174	117	119	141	551
	5p	+	9	187	99	108	157	551
	5p	+	10	173	120	125	133	551
	5p	+	11	176	124	86	165	551
	5p	+	12	171	122	101	157	551
	5p	+	13	175	95	119	162	551
	5p	+	14	146	134	105	166	551
	5p	+	15	179	121	99	152	551
	5p	+	16	173	102	109	167	551
	5p	+	17	167	125	99	160	551
	5p	+	18	186	110	105	150	551
	5p	+	19	171	110	122	148	551
	5p	+	20	172	121	110	148	551
	5p	+	21	161	119	111	160	551
	5p	+	22	188	107	102	154	551
	5p	+	23	197	100	106	148	551
	5p	+	24	173	121	102	155	551
	5p	+	25	217	106	90	138	551
	5p	+	26	200	108	90	153	551
	5p	+	27	183	121	104	143	551
	5p	+	28	199	122	88	142	551
	5p	+	29	195	133	78	145	551
	5p	+	30	208	104	77	162	551
	5p	+	31	99	35	34	74	242
	5p	+	32	41	16	17	43	117
	5p	+	33	26	12	6	14	58
	5p	+	34	14	9	4	13	40
	5p	+	35	14	4	3	8	29
	5p	+	36	11	7	2	4	24
	5p	+	37	7	3	1	9	20
	5p	+	38	8	4	1	3	16
	5p	+	39	6	5	1	3	15
	5p	+	40	3	3	2	1	9
	5p	+	41	4	1	0	3	8
	5p	+	42	2	5	1	0	8
	5p	+	43	2	3	0	2	7
	5p	+	44	2	1	0	2	5
	5p	+	45	1	2	0	1	4
	5p	+	46	2	1	0	0	3
	5p	+	47	1	0	0	1	2
	5p	+	48	0	1	0	1	2
	5p	+	49	1	0	0	1	2
	5p	+	50	0	0	0	1	1
	5p	+	51	0	0	0	0	0
	5p	+	52	0	0	0	0	0
	5p	+	53	0	0	0	0	0
	5p	+	54	0	0	0	0	0
	5p	+	55	0	0	0	0	0
	5p	+	56	0	0	0	0	0
	5p	+	57	0	0	0	0	0
	5p	+	58	0	0	0	0	0
	5p	+	59	0	0	0	0	0
	5p	+	60	0	0	0	0	0
	5p	+	61	0	0	0	0	0
	5p	+	62	0	0	0	0	0
	5p	+	63	0	0	0	0	0
	5p	+	64	0	0	0	0	0
	5p	+	65	0	0	0	0	0
	5p	+	66	0	0	0	0	0
	5p	+	67	0	0	0	0	0
	5p	+	68	0	0	0	0	0
	5p	+	69	0	0	0	0	0
	5p	+	70	0	0	0	0	0
	5p	+	71	0	0	0	0	0
	5p	+	72	0	0	0	0	0
	5p	+	73	0	0	0	0	0
	5p	+	74	0	0	0	0	0
	5p	+	75	0	0	0	0	0
	5p	+	76	0	0	0	0	0
	5p	+	77	0	0	0	0	0
	5p	+	78	0	0	0	0	0
	5p	+	79	0	0	0	0	0
	5p	+	80	0	0	0	0	0
	5p	+	81	0	0	0	0	0
	5p	+	82	0	0	0	0	0
	5p	+	83	0	0	0	0	0
	5p	+	84	0	0	0	0	0
	5p	+	85	0	0	0	0	0
	5p	+	86	0	0	0	0	0
	5p	+	87	0	0	0	0	0
	5p	+	88	0	0	0	0	0
	5p	+	89	0	0	0	0	0
	5p	+	90	0	0	0	0	0
	5p	+	91	0	0	0	0	0
	5p	+	92	0	0	0	0	0
	5p	+	93	0	0	0	0	0
	5p	+	94	0	0	0	0	0
	5p	+	95	0	0	0	0	0
	5p	+	96	0	0	0	0	0
	5p	+	97	0	0	0	0	0
	5p	+	98	0	0	0	0	0
	5p	+	99	0	0	0	0	0
	5p	+	100	0	0	0	0	0
	5p	-	1	166	117	92	157	532
	5p	-	2	157	103	116	156	532
	5p	-	3	163	110	120	139	532
	5p	-	4	153	128	85	166	532
	5p	-	5	153	119	109	151	532
	5p	-	6	137	108	123	164	532
	5p	-	7	150	108	111	163	532
	5p	-	8	175	101	117	139	532
	5p	-	9	177	103	90	162	532
	5p	-	10	181	127	93	131	532
	5p	-	11	159	128	95	150	532
	5p	-	12	168	115	98	151	532
	5p	-	13	168	130	93	141	532
	5p	-	14	169	103	104	156	532
	5p	-	15	173	110	105	144	532
	5p	-	16	163	124	89	156	532
	5p	-	17	162	88	110	172	532
	5p	-	18	166	134	95	137	532
	5p	-	19	182	116	95	139	532
	5p	-	20	185	110	100	137	532
	5p	-	21	189	113	82	148	532
	5p	-	22	174	99	110	149	532
	5p	-	23	178	115	116	123	532
	5p	-	24	180	123	95	134	532
	5p	-	25	211	97	91	133	532
	5p	-	26	191	98	99	144	532
	5p	-	27	164	116	96	156	532
	5p	-	28	172	116	106	138	532
	5p	-	29	185	115	82	150	532
	5p	-	30	196	101	75	160	532
	5p	-	31	83	37	33	71	224
	5p	-	32	30	17	17	28	92
	5p	-	33	17	9	6	16	48
	5p	-	34	14	6	3	7	30
	5p	-	35	8	6	3	5	22
	5p	-	36	7	3	3	5	18
	5p	-	37	7	4	4	0	15
	5p	-	38	6	4	3	2	15
	5p	-	39	4	3	1	5	13
	5p	-	40	2	2	2	5	11
	5p	-	41	3	2	1	5	11
	5p	-	42	4	4	1	1	10
	5p	-	43	2	3	0	3	8
	5p	-	44	2	2	0	3	7
	5p	-	45	2	0	0	2	4
	5p	-	46	0	1	0	3	4
	5p	-	47	1	0	0	3	4
	5p	-	48	3	0	0	0	3
	5p	-	49	0	1	1	1	3
	5p	-	50	0	0	2	1	3
	5p	-	51	1	0	0	1	2
	5p	-	52	1	1	0	0	2
	5p	-	53	2	0	0	0	2
	5p	-	54	1	1	0	0	2
	5p	-	55	0	0	1	1	2
	5p	-	56	0	0	1	1	2
	5p	-	57	1	0	1	0	2
	5p	-	58	1	0	0	1	2
	5p	-	59	1	0	1	0	2
	5p	-	60	0	1	1	0	2
	5p	-	61	0	0	0	2	2
	5p	-	62	0	0	0	2	2
	5p	-	63	0	0	0	2	2
	5p	-	64	1	0	0	1	2
	5p	-	65	1	1	0	0	2
	5p	-	66	2	0	0	0	2
	5p	-	67	0	0	1	0	1
	5p	-	68	1	0	0	0	1
	5p	-	69	1	0	0	0	1
	5p	-	70	0	0	1	0	1
	5p	-	71	0	0	1	0	1
	5p	-	72	1	0	0	0	1
	5p	-	73	1	0	0	0	1
	5p	-	74	0	0	0	1	1
	5p	-	75	0	0	0	0	0
	5p	-	76	0	0	0	0	0
	5p	-	77	0	0	0	0	0
	5p	-	78	0	0	0	0	0
	5p	-	79	0	0	0	0	0
	5p	-	80	0	0	0	0	0
	5p	-	81	0	0	0	0	0
	5p	-	82	0	0	0	0	0
	5p	-	83	0	0	0	0	0
	5p	-	84	0	0	0	0	0
	5p	-	85	0	0	0	0	0
	5p	-	86	0	0	0	0	0
	5p	-	87	0	0	0	0	0
	5p	-	88	0	0	0	0	0
	5p	-	89	0	0	0	0	0
	5p	-	90	0	0	0	0	0
	5p	-	91	0	0	0	0	0
	5p	-	92	0	0	0	0	0
	5p	-	93	0	0	0	0	0
	5p	-	94	0	0	0	0	0
	5p	-	95	0	0	0	0	0
	5p	-	96	0	0	0	0	0
	5p	-	97	0	0	0	0	0
	5p	-	98	0	0	0	0	0
	5p	-	99	0	0	0	0	0
	5p	-	100	0	0	0	0	0
