# table produced by DamageProfiler
# using mapped file ScA037.BuffaloCape_Human_nc.Target.rmdup.noMicro.bam
# Sample ID: ScA037.BuffaloCape_Human_nc.Target.rmdup.noMicro.bam
Pos	C>T	G>A	A>C	A>G	A>T	C>A	C>G	G>C	G>T	T>A	T>C	T>G	->ACGT	ACGT>-
0	0.147222	0.000000	0.001661	0.004983	0.006645	0.000000	0.002778	0.009091	0.022727	0.001126	0.001126	0.004505	0.000000	0.000000
1	0.010135	0.011940	0.001664	0.004992	0.000000	0.006757	0.010135	0.005970	0.005970	0.004779	0.000000	0.001195	0.000000	0.000000
2	0.010471	0.000000	0.006154	0.004615	0.000000	0.000000	0.002618	0.012780	0.006390	0.002762	0.006906	0.000000	0.000483	0.000000
3	0.011494	0.005405	0.004498	0.001499	0.001499	0.002874	0.002874	0.002703	0.008108	0.001464	0.005857	0.000000	0.000484	0.000000
4	0.002882	0.000000	0.001522	0.003044	0.004566	0.002882	0.002882	0.000000	0.000000	0.002899	0.001449	0.002899	0.000969	0.000000
5	0.005277	0.002611	0.001582	0.007911	0.001582	0.000000	0.005277	0.005222	0.010444	0.000000	0.000000	0.000000	0.002431	0.000000
6	0.011299	0.006042	0.002801	0.009804	0.000000	0.005650	0.002825	0.003021	0.012085	0.003026	0.007564	0.000000	0.002427	0.000000
7	0.000000	0.014006	0.002849	0.001425	0.004274	0.008547	0.000000	0.000000	0.005602	0.000000	0.001543	0.000000	0.002915	0.000000
8	0.006173	0.000000	0.001374	0.005495	0.000000	0.003086	0.003086	0.000000	0.005814	0.001513	0.001513	0.000000	0.003403	0.000000
9	0.005814	0.008287	0.004386	0.001462	0.001462	0.002907	0.000000	0.005525	0.005525	0.000000	0.004451	0.000000	0.001453	0.000000
10	0.008621	0.000000	0.001389	0.001389	0.004167	0.000000	0.002874	0.003106	0.006211	0.000000	0.002990	0.002990	0.002428	0.000000
11	0.002890	0.000000	0.002706	0.004060	0.002706	0.005780	0.002890	0.006116	0.003058	0.004630	0.001543	0.000000	0.001942	0.000000
12	0.002817	0.000000	0.000000	0.000000	0.002890	0.005634	0.005634	0.002825	0.008475	0.000000	0.004573	0.000000	0.001945	0.000000
13	0.002899	0.008772	0.002911	0.000000	0.004367	0.005797	0.000000	0.002924	0.008772	0.004360	0.002907	0.001453	0.002425	0.000000
14	0.007853	0.006079	0.004219	0.002813	0.002813	0.007853	0.000000	0.006079	0.003040	0.003125	0.003125	0.001563	0.001940	0.000000
15	0.005952	0.009585	0.000000	0.002703	0.004054	0.002976	0.005952	0.000000	0.015974	0.001502	0.003003	0.001502	0.003406	0.000000
16	0.009317	0.002841	0.001458	0.002915	0.002915	0.000000	0.006211	0.002841	0.005682	0.001429	0.000000	0.000000	0.003398	0.000000
17	0.000000	0.008621	0.000000	0.002857	0.004286	0.000000	0.003145	0.000000	0.005747	0.001447	0.001447	0.001447	0.003889	0.000000
18	0.006192	0.002933	0.004292	0.000000	0.000000	0.000000	0.006192	0.000000	0.005865	0.002886	0.007215	0.001443	0.002918	0.000000
19	0.005988	0.003077	0.001346	0.004038	0.001346	0.002994	0.002994	0.000000	0.003077	0.000000	0.001517	0.000000	0.001456	0.000000
20	0.005602	0.002924	0.000000	0.001401	0.001401	0.002801	0.000000	0.002924	0.005848	0.001546	0.003091	0.000000	0.000971	0.000000
21	0.016393	0.009404	0.000000	0.002825	0.004237	0.008197	0.000000	0.006270	0.006270	0.000000	0.000000	0.001506	0.002917	0.000000
22	0.002882	0.009174	0.001447	0.002894	0.004342	0.002882	0.005764	0.000000	0.006116	0.001435	0.001435	0.001435	0.001940	0.000000
23	0.008646	0.011628	0.000000	0.004104	0.001368	0.005764	0.011527	0.002907	0.000000	0.001575	0.004724	0.000000	0.001945	0.000000
24	0.007673	0.003257	0.000000	0.000000	0.002725	0.002558	0.005115	0.003257	0.009772	0.004754	0.004754	0.003170	0.000969	0.000000
