# table produced by DamageProfiler
# using mapped file ScA044.BuffaloCape_Human_nc.Target.rmdup.noMicro.bam
# Sample ID: ScA044.BuffaloCape_Human_nc.Target.rmdup.noMicro.bam
Pos	C>T	G>A	A>C	A>G	A>T	C>A	C>G	G>C	G>T	T>A	T>C	T>G	->ACGT	ACGT>-
24	0.004654	0.002698	0.000914	0.002872	0.000914	0.001619	0.000607	0.001245	0.003113	0.000673	0.002019	0.000942	0.000684	0.000000
23	0.006371	0.003932	0.000386	0.003091	0.000901	0.002548	0.001274	0.001656	0.002070	0.001194	0.003581	0.001857	0.000805	0.000000
22	0.005640	0.002808	0.000265	0.002119	0.001192	0.001462	0.001462	0.002407	0.002407	0.000399	0.003059	0.001064	0.000926	0.000000
21	0.006159	0.003791	0.000654	0.002486	0.000916	0.001848	0.001642	0.000632	0.001896	0.000264	0.003038	0.001189	0.001208	0.000000
20	0.005260	0.005616	0.000781	0.002474	0.001953	0.002225	0.001416	0.001296	0.001944	0.001186	0.002241	0.000659	0.001087	0.000000
19	0.004620	0.002751	0.001053	0.003289	0.000658	0.002411	0.001004	0.001481	0.002751	0.001061	0.002387	0.000796	0.000805	0.000000
18	0.005538	0.003118	0.000390	0.002341	0.001040	0.000615	0.000410	0.001247	0.002910	0.000937	0.003079	0.000535	0.000805	0.000000
17	0.006040	0.003356	0.001169	0.001819	0.001040	0.002083	0.000833	0.000839	0.003775	0.001055	0.001715	0.000791	0.000805	0.000000
16	0.005196	0.003744	0.000652	0.002087	0.000913	0.001663	0.001455	0.001456	0.003536	0.001190	0.002247	0.000925	0.000885	0.000000
15	0.005873	0.004730	0.001450	0.003163	0.001318	0.001823	0.001215	0.000206	0.003085	0.000134	0.002679	0.000536	0.000644	0.000000
14	0.004154	0.003129	0.001029	0.002959	0.001287	0.002285	0.001454	0.000417	0.003963	0.000938	0.002279	0.000938	0.001208	0.000000
13	0.006815	0.004121	0.000898	0.002180	0.001154	0.001859	0.000620	0.000618	0.003091	0.000951	0.001903	0.000680	0.000684	0.000000
12	0.008309	0.003830	0.000778	0.003240	0.001037	0.002285	0.000208	0.001064	0.003191	0.001443	0.002624	0.001181	0.000805	0.000000
11	0.003968	0.004923	0.001710	0.002893	0.001578	0.001880	0.001880	0.000410	0.003692	0.000659	0.002242	0.000923	0.000765	0.000000
10	0.006848	0.003294	0.001022	0.003703	0.001149	0.000623	0.001038	0.001647	0.002882	0.000681	0.003269	0.001362	0.000765	0.000000
9	0.005679	0.004403	0.001392	0.001898	0.001518	0.001893	0.000421	0.001468	0.003983	0.001078	0.002963	0.001347	0.000765	0.000000
8	0.004972	0.003333	0.001485	0.002599	0.001362	0.002378	0.002810	0.001458	0.002708	0.000817	0.001771	0.000817	0.000845	0.000000
7	0.007117	0.002727	0.001092	0.002668	0.001455	0.001779	0.001779	0.001888	0.002936	0.001089	0.001905	0.001361	0.000523	0.000000
6	0.007038	0.003252	0.000846	0.002055	0.002176	0.001706	0.001066	0.001951	0.002385	0.000687	0.002337	0.001512	0.000926	0.000000
5	0.007895	0.003986	0.001612	0.002188	0.001382	0.003509	0.001974	0.002436	0.003100	0.000845	0.001550	0.000704	0.000523	0.000000
4	0.006852	0.003893	0.001812	0.002379	0.001359	0.002653	0.001768	0.001374	0.003435	0.001958	0.002377	0.000699	0.000121	0.000000
3	0.006981	0.004532	0.001702	0.001816	0.001248	0.003173	0.001058	0.002385	0.002385	0.000840	0.003362	0.000840	0.000201	0.000000
2	0.009617	0.005128	0.001364	0.002160	0.002274	0.003345	0.001045	0.002198	0.003419	0.002222	0.002499	0.002499	0.000000	0.000000
1	0.065022	0.006575	0.001741	0.001741	0.001741	0.003251	0.001339	0.004110	0.003562	0.002204	0.001763	0.001469	0.000040	0.000000
0	0.229766	0.012393	0.000833	0.001563	0.002084	0.005557	0.002658	0.001907	0.006673	0.002628	0.002127	0.001502	0.000000	0.000000
