# table produced by DamageProfiler
# using mapped file PcA010.ReedbuckBh_Human_nc.Target.rmdup.noMicro.bam
# Sample ID: PcA010.ReedbuckBh_Human_nc.Target.rmdup.noMicro.bam
Pos	C>T	G>A	A>C	A>G	A>T	C>A	C>G	G>C	G>T	T>A	T>C	T>G	->ACGT	ACGT>-
24	0.020033	0.015411	0.002689	0.010208	0.002689	0.004529	0.003917	0.003476	0.005562	0.002679	0.009619	0.003623	0.000699	0.000000
23	0.018295	0.017504	0.003039	0.010780	0.002493	0.004787	0.003570	0.002729	0.007134	0.002426	0.008657	0.002988	0.000958	0.000000
22	0.018893	0.015837	0.003189	0.009519	0.002808	0.004904	0.003698	0.003268	0.006459	0.002690	0.009352	0.003382	0.000745	0.000000
21	0.019883	0.016034	0.002664	0.009769	0.002640	0.004751	0.003154	0.002756	0.006328	0.002581	0.009532	0.002964	0.000889	0.000000
20	0.018450	0.014927	0.003606	0.009783	0.002211	0.004923	0.003482	0.003024	0.005932	0.002295	0.009306	0.003111	0.000897	0.000000
19	0.019656	0.015781	0.003134	0.010072	0.002057	0.004695	0.003899	0.003398	0.006445	0.002994	0.008982	0.003071	0.000851	0.000000
18	0.018841	0.017500	0.002720	0.009772	0.002648	0.004138	0.003415	0.003933	0.005860	0.002793	0.009033	0.003045	0.000897	0.000000
17	0.018671	0.017134	0.003100	0.009991	0.002742	0.005370	0.004190	0.003364	0.006768	0.002353	0.009386	0.003061	0.000798	0.000000
16	0.020398	0.016673	0.002819	0.009698	0.002460	0.005464	0.003157	0.002811	0.007224	0.002535	0.009913	0.002789	0.000783	0.000000
15	0.021105	0.017144	0.002601	0.010048	0.002434	0.004365	0.003805	0.003074	0.007330	0.002718	0.008585	0.002642	0.000859	0.000000
14	0.019185	0.017343	0.003114	0.010056	0.002306	0.005196	0.004557	0.002891	0.005976	0.003107	0.008937	0.003056	0.000783	0.000000
13	0.018864	0.015500	0.003285	0.009021	0.002809	0.005407	0.004846	0.003622	0.006543	0.002566	0.010340	0.002771	0.000760	0.000000
12	0.018454	0.016699	0.002981	0.009606	0.003170	0.005301	0.003399	0.003058	0.006703	0.002351	0.009865	0.003041	0.000859	0.000000
11	0.020293	0.015851	0.002748	0.009942	0.002725	0.005154	0.003825	0.003741	0.006209	0.002460	0.010789	0.003126	0.000691	0.000000
10	0.018460	0.016931	0.002985	0.009073	0.003269	0.004917	0.004152	0.003675	0.006921	0.002768	0.009456	0.003101	0.000760	0.000000
9	0.018049	0.017464	0.003194	0.009065	0.002442	0.005650	0.004024	0.002937	0.007009	0.002723	0.009249	0.002878	0.000699	0.000000
8	0.020250	0.017324	0.003027	0.009057	0.002773	0.005556	0.003910	0.002690	0.006566	0.003353	0.009233	0.003146	0.000707	0.000000
7	0.018308	0.017222	0.002761	0.009858	0.003172	0.005865	0.003896	0.003508	0.006660	0.002826	0.008374	0.003137	0.000676	0.000000
6	0.020276	0.019240	0.003093	0.008292	0.002913	0.004786	0.004324	0.003880	0.006103	0.002885	0.009046	0.003275	0.000577	0.000000
5	0.019706	0.019741	0.003126	0.008765	0.003279	0.006027	0.004531	0.003892	0.006380	0.003297	0.009358	0.003270	0.000448	0.000000
4	0.020406	0.019756	0.002839	0.008584	0.003588	0.005661	0.004056	0.003585	0.006640	0.004072	0.010404	0.003757	0.000228	0.000000
3	0.021204	0.018751	0.003617	0.009773	0.003707	0.006777	0.004439	0.004667	0.009171	0.004607	0.011104	0.003408	0.000205	0.000000
2	0.021148	0.022400	0.003953	0.008378	0.004125	0.008710	0.004862	0.003950	0.009984	0.005525	0.010862	0.004270	0.000068	0.000000
1	0.058011	0.028777	0.004408	0.008638	0.005192	0.006654	0.003412	0.005803	0.008681	0.005827	0.012658	0.003307	0.000023	0.000000
0	0.179444	0.033767	0.003313	0.006720	0.005755	0.013872	0.005183	0.004801	0.012946	0.006582	0.008775	0.002792	0.000000	0.000000
