# table produced by DamageProfiler
# using mapped file PcA010.ReedbuckBh_Human_nc.Target.rmdup.noMicro.bam
# Sample ID: PcA010.ReedbuckBh_Human_nc.Target.rmdup.noMicro.bam
Chr	End	Std	Pos	A	C	G	T	Total	G>A	C>T	A>G	T>C	A>C	A>T	C>G	C>A	T>G	T>A	G>C	G>T	A>-	T>-	C>-	G>-	->A	->T	->C	->G	S
	3p	+	1	26496.0	10144.0	9273.0	20004.0	65917.0	325.0	1877.0	175.0	191.0	88.0	147.0	51.0	120.0	51.0	136.0	36.0	135.0	0.0	0.0	0.0	0.0	0.0	0.0	0.0	0.0	0.0
	3p	+	2	22416.0	14658.0	10504.0	18344.0	65922.0	289.0	816.0	184.0	241.0	95.0	124.0	57.0	92.0	67.0	107.0	61.0	98.0	0.0	0.0	0.0	0.0	0.0	0.0	0.0	0.0	0.0
	3p	+	3	23271.0	12341.0	11528.0	18786.0	65926.0	255.0	272.0	194.0	211.0	92.0	100.0	66.0	114.0	87.0	106.0	45.0	106.0	0.0	0.0	0.0	0.0	0.0	0.0	0.0	0.0	0.0
	3p	+	4	22423.0	12686.0	12245.0	18574.0	65928.0	245.0	258.0	221.0	212.0	83.0	80.0	68.0	100.0	67.0	70.0	58.0	114.0	0.0	0.0	0.0	0.0	0.0	0.0	1.0	0.0	0.0
	3p	+	5	22905.0	11803.0	12330.0	18884.0	65922.0	254.0	245.0	201.0	214.0	70.0	83.0	37.0	68.0	70.0	70.0	39.0	85.0	0.0	0.0	0.0	0.0	2.0	0.0	2.0	1.0	0.0
	3p	+	6	22982.0	11674.0	12608.0	18634.0	65898.0	256.0	239.0	194.0	172.0	77.0	81.0	49.0	72.0	59.0	61.0	45.0	80.0	0.0	0.0	0.0	0.0	11.0	0.0	5.0	8.0	0.0
	3p	+	7	22426.0	11880.0	12492.0	19101.0	65899.0	239.0	249.0	187.0	173.0	73.0	67.0	45.0	51.0	69.0	62.0	48.0	87.0	0.0	0.0	0.0	0.0	6.0	0.0	11.0	8.0	0.0
	3p	+	8	22011.0	11971.0	12786.0	19115.0	65883.0	233.0	216.0	232.0	163.0	67.0	74.0	45.0	65.0	58.0	53.0	46.0	81.0	0.0	0.0	0.0	0.0	17.0	0.0	10.0	11.0	0.0
	3p	+	9	21750.0	12109.0	12684.0	19352.0	65895.0	231.0	240.0	201.0	181.0	68.0	58.0	48.0	72.0	64.0	67.0	34.0	90.0	0.0	0.0	0.0	0.0	14.0	0.0	6.0	9.0	0.0
	3p	+	10	21329.0	12307.0	12850.0	19405.0	65891.0	232.0	242.0	199.0	178.0	67.0	54.0	45.0	60.0	56.0	60.0	36.0	87.0	0.0	0.0	0.0	0.0	18.0	0.0	8.0	12.0	0.0
	3p	+	11	21091.0	12409.0	12746.0	19630.0	65876.0	225.0	231.0	205.0	188.0	61.0	65.0	57.0	63.0	53.0	51.0	42.0	83.0	0.0	0.0	0.0	0.0	20.0	0.0	12.0	14.0	0.0
	3p	+	12	21005.0	12399.0	12959.0	19514.0	65877.0	215.0	249.0	198.0	222.0	58.0	52.0	50.0	67.0	60.0	47.0	59.0	89.0	0.0	0.0	0.0	0.0	24.0	0.0	9.0	9.0	0.0
	3p	+	13	21231.0	12319.0	12875.0	19450.0	65875.0	207.0	221.0	194.0	212.0	67.0	66.0	38.0	63.0	59.0	40.0	39.0	85.0	0.0	0.0	0.0	0.0	23.0	0.0	13.0	16.0	0.0
	3p	+	14	21047.0	12507.0	12832.0	19487.0	65873.0	196.0	237.0	176.0	184.0	76.0	58.0	55.0	67.0	51.0	48.0	39.0	99.0	0.0	0.0	0.0	0.0	24.0	0.0	16.0	13.0	0.0
	3p	+	15	21072.0	12532.0	12859.0	19401.0	65864.0	234.0	270.0	198.0	160.0	63.0	51.0	47.0	76.0	55.0	56.0	37.0	91.0	0.0	0.0	0.0	0.0	21.0	0.0	13.0	20.0	0.0
	3p	+	16	21010.0	12499.0	12639.0	19718.0	65866.0	208.0	266.0	208.0	158.0	53.0	47.0	51.0	54.0	51.0	48.0	42.0	106.0	0.0	0.0	0.0	0.0	34.0	0.0	10.0	11.0	0.0
	3p	+	17	21061.0	12383.0	12785.0	19640.0	65869.0	214.0	235.0	201.0	187.0	63.0	51.0	37.0	64.0	59.0	49.0	39.0	100.0	0.0	0.0	0.0	0.0	25.0	0.0	12.0	14.0	0.0
	3p	+	18	21109.0	12331.0	12768.0	19648.0	65856.0	207.0	225.0	221.0	190.0	69.0	71.0	46.0	72.0	58.0	55.0	32.0	78.0	0.0	0.0	0.0	0.0	30.0	0.0	15.0	15.0	0.0
	3p	+	19	20800.0	12489.0	12685.0	19891.0	65865.0	224.0	237.0	206.0	170.0	66.0	53.0	37.0	44.0	63.0	56.0	46.0	68.0	0.0	0.0	0.0	0.0	29.0	0.0	16.0	13.0	0.0
	3p	+	20	20908.0	12565.0	12836.0	19548.0	65857.0	206.0	237.0	214.0	170.0	67.0	42.0	48.0	52.0	59.0	62.0	49.0	86.0	0.0	0.0	0.0	0.0	28.0	0.0	12.0	16.0	0.0
	3p	+	21	20793.0	12491.0	12969.0	19615.0	65868.0	215.0	226.0	217.0	186.0	67.0	45.0	45.0	64.0	62.0	51.0	39.0	78.0	0.0	0.0	0.0	0.0	31.0	0.0	8.0	13.0	0.0
	3p	+	22	20976.0	12464.0	12896.0	19524.0	65860.0	204.0	251.0	189.0	194.0	40.0	54.0	35.0	57.0	55.0	52.0	35.0	82.0	0.0	0.0	0.0	0.0	21.0	0.0	17.0	20.0	0.0
	3p	+	23	21107.0	12386.0	12925.0	19446.0	65864.0	205.0	245.0	206.0	169.0	73.0	68.0	45.0	50.0	60.0	56.0	38.0	81.0	0.0	0.0	0.0	0.0	28.0	0.0	10.0	13.0	0.0
	3p	+	24	21102.0	12356.0	12886.0	19491.0	65835.0	234.0	235.0	224.0	170.0	65.0	49.0	42.0	66.0	59.0	46.0	36.0	101.0	0.0	0.0	0.0	0.0	35.0	0.0	14.0	16.0	0.0
	3p	+	25	21126.0	12200.0	13035.0	19502.0	65863.0	198.0	255.0	208.0	185.0	54.0	58.0	47.0	43.0	74.0	56.0	48.0	70.0	0.0	0.0	0.0	0.0	20.0	0.0	12.0	12.0	0.0
	3p	+	26	20910.0	12344.0	13124.0	19478.0	65856.0	209.0	242.0	215.0	180.0	49.0	71.0	38.0	65.0	63.0	45.0	41.0	84.0	0.0	0.0	0.0	0.0	28.0	0.0	8.0	18.0	0.0
	3p	+	27	20819.0	12454.0	13073.0	19517.0	65863.0	218.0	263.0	224.0	195.0	66.0	47.0	50.0	66.0	61.0	38.0	58.0	83.0	0.0	0.0	0.0	0.0	24.0	0.0	12.0	11.0	0.0
	3p	+	28	20909.0	12394.0	12958.0	19611.0	65872.0	198.0	246.0	187.0	218.0	69.0	53.0	34.0	52.0	47.0	51.0	58.0	98.0	0.0	0.0	0.0	0.0	25.0	0.0	13.0	11.0	0.0
	3p	+	29	20938.0	12488.0	12934.0	19510.0	65870.0	212.0	255.0	217.0	202.0	61.0	46.0	62.0	59.0	70.0	51.0	52.0	78.0	0.0	0.0	0.0	0.0	29.0	0.0	13.0	9.0	0.0
	3p	+	30	20843.0	12518.0	12973.0	19542.0	65876.0	211.0	238.0	211.0	168.0	67.0	54.0	60.0	54.0	59.0	52.0	47.0	88.0	0.0	0.0	0.0	0.0	17.0	0.0	4.0	23.0	0.0
	3p	+	31	20329.0	12167.0	12698.0	19126.0	64320.0	197.0	251.0	193.0	198.0	66.0	36.0	52.0	52.0	56.0	44.0	48.0	76.0	0.0	0.0	0.0	0.0	23.0	0.0	10.0	12.0	0.0
	3p	+	32	20099.0	11959.0	12429.0	18310.0	62797.0	203.0	221.0	178.0	169.0	54.0	46.0	41.0	74.0	61.0	48.0	48.0	79.0	0.0	0.0	0.0	0.0	30.0	0.0	5.0	8.0	0.0
	3p	+	33	19590.0	11495.0	12146.0	18031.0	61262.0	208.0	228.0	199.0	172.0	62.0	49.0	37.0	66.0	52.0	38.0	42.0	76.0	0.0	0.0	0.0	0.0	23.0	0.0	12.0	6.0	0.0
	3p	+	34	19121.0	10979.0	12096.0	17463.0	59659.0	200.0	226.0	194.0	173.0	52.0	50.0	42.0	55.0	36.0	41.0	40.0	65.0	0.0	0.0	0.0	0.0	25.0	0.0	6.0	1.0	0.0
	3p	+	35	18707.0	10841.0	11379.0	17137.0	58064.0	202.0	236.0	172.0	181.0	44.0	52.0	36.0	61.0	60.0	48.0	40.0	75.0	0.0	0.0	0.0	0.0	13.0	0.0	3.0	6.0	0.0
	3p	+	36	18377.0	10638.0	10931.0	16473.0	56419.0	200.0	216.0	197.0	162.0	51.0	54.0	35.0	52.0	52.0	42.0	33.0	62.0	0.0	0.0	0.0	0.0	19.0	0.0	7.0	7.0	0.0
	3p	+	37	17464.0	10357.0	10903.0	16010.0	54734.0	189.0	226.0	165.0	139.0	59.0	49.0	36.0	48.0	40.0	50.0	33.0	59.0	0.0	0.0	0.0	0.0	26.0	0.0	6.0	7.0	0.0
	3p	+	38	16825.0	10016.0	10375.0	15860.0	53076.0	183.0	206.0	160.0	136.0	47.0	45.0	31.0	57.0	56.0	35.0	26.0	59.0	0.0	0.0	0.0	0.0	19.0	0.0	8.0	5.0	0.0
	3p	+	39	16116.0	9732.0	9841.0	15569.0	51258.0	168.0	216.0	135.0	176.0	44.0	44.0	30.0	46.0	51.0	42.0	28.0	51.0	0.0	0.0	0.0	0.0	21.0	0.0	7.0	9.0	0.0
	3p	+	40	15495.0	9516.0	9697.0	14749.0	49457.0	154.0	195.0	147.0	146.0	43.0	36.0	25.0	50.0	45.0	44.0	39.0	74.0	0.0	0.0	0.0	0.0	29.0	0.0	5.0	11.0	0.0
	3p	+	41	15050.0	9029.0	9317.0	14202.0	47598.0	154.0	197.0	126.0	145.0	49.0	45.0	23.0	47.0	44.0	34.0	32.0	56.0	0.0	0.0	0.0	0.0	19.0	0.0	8.0	5.0	0.0
	3p	+	42	14454.0	8564.0	9156.0	13606.0	45780.0	150.0	172.0	139.0	115.0	50.0	40.0	21.0	47.0	42.0	51.0	34.0	66.0	0.0	0.0	0.0	0.0	9.0	0.0	3.0	6.0	0.0
	3p	+	43	13965.0	8198.0	8616.0	13213.0	43992.0	160.0	173.0	143.0	125.0	41.0	48.0	29.0	55.0	51.0	37.0	20.0	51.0	0.0	0.0	0.0	0.0	12.0	0.0	6.0	8.0	0.0
	3p	+	44	13423.0	7913.0	8296.0	12542.0	42174.0	132.0	154.0	149.0	115.0	49.0	36.0	24.0	46.0	37.0	43.0	20.0	37.0	0.0	0.0	0.0	0.0	19.0	0.0	4.0	4.0	0.0
	3p	+	45	13015.0	7522.0	8163.0	11725.0	40425.0	126.0	179.0	140.0	124.0	43.0	27.0	27.0	40.0	40.0	46.0	30.0	54.0	0.0	0.0	0.0	0.0	12.0	0.0	6.0	5.0	0.0
	3p	+	46	12242.0	7324.0	7682.0	11477.0	38725.0	122.0	175.0	133.0	136.0	26.0	36.0	38.0	38.0	54.0	37.0	22.0	48.0	0.0	0.0	0.0	0.0	14.0	0.0	9.0	5.0	0.0
	3p	+	47	11805.0	6922.0	7351.0	10959.0	37037.0	131.0	124.0	117.0	103.0	34.0	35.0	24.0	36.0	48.0	29.0	29.0	38.0	0.0	0.0	0.0	0.0	21.0	0.0	8.0	6.0	0.0
	3p	+	48	11270.0	6679.0	6924.0	10556.0	35429.0	120.0	148.0	101.0	117.0	40.0	29.0	28.0	27.0	33.0	29.0	29.0	42.0	0.0	0.0	0.0	0.0	18.0	0.0	4.0	5.0	0.0
	3p	+	49	10576.0	6571.0	6612.0	10093.0	33852.0	121.0	144.0	100.0	88.0	36.0	37.0	26.0	28.0	35.0	39.0	25.0	45.0	0.0	0.0	0.0	0.0	11.0	0.0	2.0	1.0	0.0
	3p	+	50	10074.0	6016.0	6444.0	9747.0	32281.0	107.0	154.0	101.0	103.0	34.0	23.0	14.0	33.0	34.0	22.0	37.0	49.0	0.0	0.0	0.0	0.0	7.0	0.0	3.0	3.0	0.0
	3p	+	51	9632.0	5782.0	6060.0	9191.0	30665.0	96.0	117.0	104.0	82.0	32.0	28.0	20.0	22.0	30.0	30.0	35.0	45.0	0.0	0.0	0.0	0.0	7.0	0.0	2.0	5.0	0.0
	3p	+	52	9164.0	5504.0	5805.0	8638.0	29111.0	105.0	105.0	85.0	71.0	29.0	18.0	19.0	28.0	39.0	19.0	24.0	43.0	0.0	0.0	0.0	0.0	9.0	0.0	5.0	0.0	0.0
	3p	+	53	8614.0	5235.0	5503.0	8337.0	27689.0	97.0	115.0	91.0	76.0	37.0	33.0	22.0	40.0	26.0	25.0	14.0	38.0	0.0	0.0	0.0	0.0	11.0	0.0	3.0	0.0	0.0
	3p	+	54	8224.0	4921.0	5201.0	7919.0	26265.0	100.0	96.0	69.0	85.0	22.0	30.0	19.0	25.0	31.0	30.0	15.0	38.0	0.0	0.0	0.0	0.0	9.0	0.0	4.0	3.0	0.0
	3p	+	55	7723.0	4759.0	4915.0	7525.0	24922.0	84.0	92.0	65.0	76.0	26.0	25.0	15.0	21.0	35.0	20.0	15.0	36.0	0.0	0.0	0.0	0.0	7.0	0.0	4.0	5.0	0.0
	3p	+	56	7339.0	4499.0	4742.0	7088.0	23668.0	75.0	111.0	81.0	66.0	26.0	26.0	15.0	27.0	16.0	23.0	17.0	38.0	0.0	0.0	0.0	0.0	6.0	0.0	2.0	2.0	0.0
	3p	+	57	7027.0	4371.0	4494.0	6611.0	22503.0	67.0	77.0	77.0	77.0	28.0	23.0	19.0	25.0	18.0	14.0	17.0	23.0	0.0	0.0	0.0	0.0	8.0	0.0	1.0	1.0	0.0
	3p	+	58	6585.0	4087.0	4278.0	6289.0	21239.0	68.0	84.0	60.0	70.0	26.0	21.0	17.0	25.0	23.0	29.0	15.0	31.0	0.0	0.0	0.0	0.0	6.0	0.0	0.0	3.0	0.0
	3p	+	59	6276.0	3859.0	4013.0	5964.0	20112.0	82.0	86.0	80.0	59.0	14.0	19.0	16.0	23.0	21.0	26.0	20.0	21.0	0.0	0.0	0.0	0.0	6.0	0.0	1.0	1.0	0.0
	3p	+	60	5945.0	3620.0	3711.0	5692.0	18968.0	47.0	74.0	68.0	63.0	25.0	14.0	16.0	21.0	19.0	22.0	17.0	20.0	0.0	0.0	0.0	0.0	7.0	0.0	2.0	1.0	0.0
	3p	+	61	5590.0	3399.0	3553.0	5342.0	17884.0	54.0	72.0	63.0	49.0	27.0	23.0	14.0	12.0	17.0	23.0	8.0	20.0	0.0	0.0	0.0	0.0	3.0	0.0	3.0	1.0	0.0
	3p	+	62	5176.0	3160.0	3469.0	5035.0	16840.0	54.0	69.0	54.0	50.0	21.0	25.0	7.0	20.0	35.0	24.0	16.0	25.0	0.0	0.0	0.0	0.0	5.0	0.0	1.0	1.0	0.0
	3p	+	63	4975.0	2975.0	3125.0	4751.0	15826.0	55.0	62.0	46.0	45.0	24.0	21.0	9.0	8.0	18.0	24.0	19.0	29.0	0.0	0.0	0.0	0.0	1.0	0.0	3.0	3.0	0.0
	3p	+	64	4640.0	2918.0	2908.0	4345.0	14811.0	52.0	53.0	44.0	46.0	13.0	7.0	13.0	11.0	15.0	15.0	16.0	18.0	0.0	0.0	0.0	0.0	3.0	0.0	0.0	1.0	0.0
	3p	+	65	4344.0	2647.0	2723.0	4198.0	13912.0	45.0	50.0	56.0	48.0	19.0	13.0	11.0	10.0	18.0	13.0	11.0	22.0	0.0	0.0	0.0	0.0	0.0	0.0	1.0	3.0	0.0
	3p	+	66	3993.0	2439.0	2690.0	3908.0	13030.0	45.0	61.0	44.0	41.0	20.0	13.0	11.0	14.0	5.0	13.0	8.0	12.0	0.0	0.0	0.0	0.0	3.0	0.0	0.0	1.0	0.0
	3p	+	67	3856.0	2328.0	2352.0	3659.0	12195.0	53.0	53.0	36.0	35.0	16.0	16.0	5.0	15.0	10.0	16.0	5.0	18.0	0.0	0.0	0.0	0.0	3.0	0.0	1.0	0.0	0.0
	3p	+	68	3484.0	2247.0	2295.0	3394.0	11420.0	28.0	38.0	28.0	29.0	15.0	11.0	13.0	9.0	23.0	11.0	7.0	14.0	0.0	0.0	0.0	0.0	1.0	0.0	0.0	1.0	0.0
	3p	+	69	3295.0	2050.0	2205.0	3092.0	10642.0	42.0	49.0	34.0	32.0	13.0	12.0	12.0	15.0	13.0	5.0	13.0	23.0	0.0	0.0	0.0	0.0	1.0	0.0	1.0	1.0	0.0
	3p	+	70	2990.0	1931.0	2002.0	2957.0	9880.0	37.0	40.0	28.0	31.0	16.0	9.0	7.0	7.0	10.0	12.0	9.0	18.0	0.0	0.0	0.0	0.0	2.0	0.0	0.0	1.0	0.0
	3p	+	71	2781.0	1779.0	1898.0	2733.0	9191.0	35.0	32.0	33.0	26.0	9.0	5.0	9.0	14.0	8.0	8.0	7.0	21.0	0.0	0.0	0.0	0.0	2.0	0.0	0.0	1.0	0.0
	3p	+	72	2644.0	1627.0	1703.0	2555.0	8529.0	25.0	33.0	38.0	22.0	12.0	14.0	8.0	11.0	6.0	13.0	3.0	11.0	0.0	0.0	0.0	0.0	1.0	0.0	0.0	0.0	0.0
	3p	+	73	2370.0	1514.0	1582.0	2366.0	7832.0	30.0	32.0	34.0	23.0	8.0	5.0	7.0	12.0	11.0	4.0	7.0	8.0	0.0	0.0	0.0	0.0	1.0	0.0	0.0	0.0	0.0
	3p	+	74	2198.0	1386.0	1519.0	2101.0	7204.0	23.0	29.0	28.0	22.0	10.0	3.0	6.0	7.0	5.0	6.0	4.0	16.0	0.0	0.0	0.0	0.0	2.0	0.0	0.0	0.0	0.0
	3p	+	75	2047.0	1312.0	1296.0	1975.0	6630.0	15.0	24.0	21.0	24.0	9.0	11.0	5.0	7.0	5.0	6.0	7.0	12.0	0.0	0.0	0.0	0.0	1.0	0.0	0.0	0.0	0.0
	3p	+	76	1834.0	1184.0	1225.0	1844.0	6087.0	20.0	21.0	22.0	16.0	3.0	5.0	7.0	9.0	7.0	5.0	8.0	12.0	0.0	0.0	0.0	0.0	0.0	0.0	1.0	0.0	0.0
	3p	+	77	1690.0	1027.0	1146.0	1706.0	5569.0	17.0	17.0	18.0	19.0	9.0	5.0	7.0	6.0	4.0	5.0	1.0	11.0	0.0	0.0	0.0	0.0	0.0	0.0	0.0	0.0	0.0
	3p	+	78	1551.0	981.0	1025.0	1521.0	5078.0	21.0	24.0	9.0	10.0	4.0	2.0	6.0	6.0	5.0	7.0	4.0	6.0	0.0	0.0	0.0	0.0	1.0	0.0	0.0	0.0	0.0
	3p	+	79	1355.0	863.0	920.0	1431.0	4569.0	10.0	16.0	11.0	15.0	5.0	3.0	4.0	3.0	5.0	6.0	2.0	1.0	0.0	0.0	0.0	0.0	1.0	0.0	0.0	0.0	0.0
	3p	+	80	1285.0	795.0	790.0	1249.0	4119.0	16.0	18.0	15.0	11.0	3.0	7.0	3.0	7.0	7.0	8.0	1.0	3.0	0.0	0.0	0.0	0.0	0.0	0.0	0.0	2.0	0.0
	3p	+	81	1171.0	760.0	695.0	1080.0	3706.0	9.0	13.0	8.0	7.0	3.0	2.0	1.0	3.0	5.0	8.0	6.0	8.0	0.0	0.0	0.0	0.0	1.0	0.0	0.0	0.0	0.0
	3p	+	82	1046.0	671.0	625.0	941.0	3283.0	11.0	14.0	17.0	11.0	1.0	6.0	2.0	7.0	2.0	5.0	7.0	6.0	0.0	0.0	0.0	0.0	0.0	0.0	0.0	0.0	0.0
	3p	+	83	844.0	552.0	579.0	834.0	2809.0	8.0	8.0	12.0	8.0	4.0	5.0	6.0	6.0	3.0	5.0	4.0	4.0	0.0	0.0	0.0	0.0	0.0	0.0	0.0	0.0	0.0
	3p	+	84	772.0	482.0	515.0	692.0	2461.0	8.0	6.0	11.0	8.0	4.0	5.0	0.0	3.0	4.0	2.0	3.0	6.0	0.0	0.0	0.0	0.0	0.0	0.0	0.0	0.0	0.0
	3p	+	85	677.0	407.0	410.0	625.0	2119.0	7.0	13.0	14.0	9.0	3.0	0.0	4.0	4.0	4.0	4.0	2.0	4.0	0.0	0.0	0.0	0.0	1.0	0.0	0.0	0.0	0.0
	3p	+	86	559.0	351.0	344.0	515.0	1769.0	10.0	7.0	4.0	5.0	3.0	2.0	2.0	2.0	2.0	3.0	0.0	1.0	0.0	0.0	0.0	0.0	0.0	0.0	0.0	0.0	0.0
	3p	+	87	465.0	281.0	288.0	419.0	1453.0	2.0	7.0	9.0	4.0	2.0	2.0	1.0	3.0	1.0	2.0	2.0	3.0	0.0	0.0	0.0	0.0	0.0	0.0	0.0	1.0	0.0
	3p	+	88	335.0	225.0	231.0	323.0	1114.0	5.0	10.0	4.0	3.0	0.0	1.0	0.0	3.0	2.0	2.0	2.0	0.0	0.0	0.0	0.0	0.0	0.0	0.0	0.0	0.0	0.0
	3p	+	89	238.0	180.0	155.0	243.0	816.0	1.0	7.0	1.0	0.0	0.0	1.0	0.0	1.0	2.0	3.0	1.0	1.0	0.0	0.0	0.0	0.0	0.0	0.0	0.0	0.0	0.0
	3p	+	90	164.0	115.0	100.0	161.0	540.0	1.0	7.0	1.0	1.0	1.0	2.0	0.0	1.0	1.0	0.0	0.0	0.0	0.0	0.0	0.0	0.0	0.0	0.0	0.0	0.0	0.0
	3p	+	91	90.0	50.0	48.0	84.0	272.0	1.0	2.0	1.0	0.0	1.0	0.0	0.0	0.0	2.0	0.0	0.0	0.0	0.0	0.0	0.0	0.0	0.0	0.0	0.0	0.0	0.0
	3p	+	92	0.0	0.0	0.0	0.0	0.0	0.0	0.0	0.0	0.0	0.0	0.0	0.0	0.0	0.0	0.0	0.0	0.0	0.0	0.0	0.0	0.0	0.0	0.0	0.0	0.0	0.0
	3p	+	93	0.0	0.0	0.0	0.0	0.0	0.0	0.0	0.0	0.0	0.0	0.0	0.0	0.0	0.0	0.0	0.0	0.0	0.0	0.0	0.0	0.0	0.0	0.0	0.0	0.0	0.0
	3p	+	94	0.0	0.0	0.0	0.0	0.0	0.0	0.0	0.0	0.0	0.0	0.0	0.0	0.0	0.0	0.0	0.0	0.0	0.0	0.0	0.0	0.0	0.0	0.0	0.0	0.0	0.0
	3p	+	95	0.0	0.0	0.0	0.0	0.0	0.0	0.0	0.0	0.0	0.0	0.0	0.0	0.0	0.0	0.0	0.0	0.0	0.0	0.0	0.0	0.0	0.0	0.0	0.0	0.0	0.0
	3p	+	96	0.0	0.0	0.0	0.0	0.0	0.0	0.0	0.0	0.0	0.0	0.0	0.0	0.0	0.0	0.0	0.0	0.0	0.0	0.0	0.0	0.0	0.0	0.0	0.0	0.0	0.0
	3p	+	97	0.0	0.0	0.0	0.0	0.0	0.0	0.0	0.0	0.0	0.0	0.0	0.0	0.0	0.0	0.0	0.0	0.0	0.0	0.0	0.0	0.0	0.0	0.0	0.0	0.0	0.0
	3p	+	98	0.0	0.0	0.0	0.0	0.0	0.0	0.0	0.0	0.0	0.0	0.0	0.0	0.0	0.0	0.0	0.0	0.0	0.0	0.0	0.0	0.0	0.0	0.0	0.0	0.0	0.0
	3p	+	99	0.0	0.0	0.0	0.0	0.0	0.0	0.0	0.0	0.0	0.0	0.0	0.0	0.0	0.0	0.0	0.0	0.0	0.0	0.0	0.0	0.0	0.0	0.0	0.0	0.0	0.0
	3p	+	100	0.0	0.0	0.0	0.0	0.0	0.0	0.0	0.0	0.0	0.0	0.0	0.0	0.0	0.0	0.0	0.0	0.0	0.0	0.0	0.0	0.0	0.0	0.0	0.0	0.0	0.0
	3p	-	1	26328.0	10113.0	9266.0	20108.0	65815.0	301.0	1758.0	180.0	161.0	87.0	157.0	54.0	161.0	61.0	128.0	53.0	105.00.0	0.0	0.0	0.0	0.0	0.0	0.0	0.0	0.0
	3p	-	2	22271.0	14647.0	10346.0	18551.0	65815.0	311.0	884.0	202.0	226.0	102.0	108.0	43.0	103.0	55.0	108.0	60.0	83.00.0	0.0	0.0	0.0	3.0	0.0	0.0	0.0	0.0
	3p	-	3	23279.0	12342.0	11508.0	18683.0	65812.0	261.0	250.0	196.0	196.0	92.0	92.0	54.0	101.0	73.0	101.0	46.0	124.00.0	0.0	0.0	0.0	8.0	0.0	1.0	0.0	0.0
	3p	-	4	22087.0	12545.0	12181.0	18981.0	65794.0	213.0	277.0	214.0	205.0	78.0	85.0	44.0	71.0	61.0	103.0	56.0	110.00.0	0.0	0.0	0.0	8.0	0.0	11.0	7.0	0.0
	3p	-	5	22527.0	11867.0	12220.0	19180.0	65794.0	231.0	238.0	189.0	182.0	59.0	80.0	59.0	66.0	73.0	85.0	49.0	78.00.0	0.0	0.0	0.0	16.0	0.0	2.0	7.0	0.0
	3p	-	6	22768.0	11720.0	12315.0	18980.0	65783.0	236.0	222.0	207.0	180.0	66.0	69.0	57.0	69.0	64.0	63.0	52.0	79.00.0	0.0	0.0	0.0	20.0	0.0	11.0	4.0	0.0
	3p	-	7	22198.0	11941.0	12248.0	19369.0	65756.0	237.0	234.0	183.0	175.0	65.0	63.0	58.0	63.0	57.0	49.0	48.0	64.00.0	0.0	0.0	0.0	28.0	0.0	15.0	8.0	0.0
	3p	-	8	21810.0	11898.0	12588.0	19457.0	65753.0	204.0	221.0	200.0	160.0	54.0	65.0	48.0	75.0	63.0	56.0	43.0	88.00.0	0.0	0.0	0.0	28.0	0.0	12.0	11.0	0.0
	3p	-	9	21530.0	12187.0	12599.0	19422.0	65738.0	207.0	252.0	191.0	177.0	63.0	62.0	47.0	63.0	58.0	63.0	34.0	76.00.0	0.0	0.0	0.0	31.0	0.0	11.0	22.0	0.0
	3p	-	10	21251.0	12293.0	12688.0	19517.0	65749.0	214.0	202.0	187.0	182.0	69.0	50.0	54.0	79.0	56.0	46.0	39.0	92.00.0	0.0	0.0	0.0	22.0	0.0	14.0	18.0	0.0
	3p	-	11	21123.0	12401.0	12829.0	19391.0	65744.0	208.0	227.0	178.0	181.0	65.0	73.0	46.0	59.0	68.0	57.0	52.0	94.00.0	0.0	0.0	0.0	26.0	0.0	14.0	14.0	0.0
	3p	-	12	20837.0	12437.0	12970.0	19509.0	65753.0	196.0	255.0	218.0	199.0	57.0	62.0	45.0	61.0	62.0	49.0	38.0	72.00.0	0.0	0.0	0.0	21.0	0.0	11.0	17.0	0.0
	3p	-	13	21035.0	12391.0	12636.0	19680.0	65742.0	219.0	235.0	212.0	174.0	59.0	68.0	46.0	68.0	60.0	52.0	39.0	86.00.0	0.0	0.0	0.0	31.0	0.0	11.0	19.0	0.0
	3p	-	14	20967.0	12461.0	12846.0	19487.0	65761.0	202.0	234.0	203.0	219.0	62.0	60.0	66.0	68.0	57.0	52.0	54.0	69.00.0	0.0	0.0	0.0	23.0	0.0	16.0	8.0	0.0
	3p	-	15	20991.0	12487.0	12742.0	19540.0	65760.0	210.0	210.0	225.0	188.0	68.0	46.0	67.0	54.0	64.0	65.0	37.0	62.00.0	0.0	0.0	0.0	25.0	0.0	13.0	11.0	0.0
	3p	-	16	20889.0	12471.0	12735.0	19652.0	65747.0	227.0	261.0	213.0	180.0	56.0	55.0	44.0	55.0	53.0	59.0	36.0	80.00.0	0.0	0.0	0.0	28.0	0.0	14.0	16.0	0.0
	3p	-	17	20802.0	12325.0	12825.0	19802.0	65754.0	213.0	269.0	205.0	204.0	55.0	52.0	41.0	71.0	51.0	51.0	33.0	85.00.0	0.0	0.0	0.0	26.0	0.0	14.0	12.0	0.0
	3p	-	18	20827.0	12252.0	12795.0	19878.0	65752.0	231.0	234.0	198.0	181.0	61.0	44.0	57.0	60.0	63.0	38.0	54.0	95.00.0	0.0	0.0	0.0	25.0	0.0	13.0	7.0	0.0
	3p	-	19	20748.0	12404.0	12743.0	19850.0	65745.0	221.0	232.0	200.0	189.0	47.0	57.0	48.0	59.0	58.0	55.0	54.0	81.00.0	0.0	0.0	0.0	29.0	0.0	12.0	19.0	0.0
	3p	-	20	20891.0	12567.0	12765.0	19530.0	65753.0	198.0	257.0	207.0	181.0	64.0	44.0	50.0	66.0	61.0	55.0	38.0	79.00.0	0.0	0.0	0.0	25.0	0.0	17.0	14.0	0.0
	3p	-	21	20810.0	12495.0	12823.0	19605.0	65733.0	170.0	235.0	190.0	179.0	83.0	47.0	42.0	59.0	60.0	39.0	39.0	75.00.0	0.0	0.0	0.0	33.0	0.0	15.0	18.0	0.0
	3p	-	22	20687.0	12582.0	12862.0	19609.0	65740.0	209.0	247.0	218.0	179.0	71.0	56.0	44.0	62.0	61.0	49.0	36.0	81.00.0	0.0	0.0	0.0	29.0	0.0	14.0	16.0	0.0
	3p	-	23	20914.0	12491.0	12775.0	19582.0	65762.0	202.0	225.0	194.0	196.0	61.0	50.0	47.0	72.0	72.0	49.0	46.0	85.00.0	0.0	0.0	0.0	23.0	0.0	8.0	16.0	0.0
	3p	-	24	21014.0	12295.0	12765.0	19668.0	65742.0	215.0	216.0	230.0	169.0	63.0	56.0	46.0	52.0	58.0	49.0	34.0	82.00.0	0.0	0.0	0.0	25.0	0.0	16.0	20.0	0.0
	3p	-	25	20900.0	12310.0	12855.0	19693.0	65758.0	201.0	236.0	221.0	192.0	59.0	55.0	49.0	68.0	68.0	49.0	42.0	74.00.0	0.0	0.0	0.0	24.0	0.0	14.0	10.0	0.0
	3p	-	26	20942.0	12411.0	13042.0	19371.0	65766.0	202.0	212.0	214.0	200.0	59.0	47.0	52.0	70.0	61.0	37.0	52.0	81.00.0	0.0	0.0	0.0	16.0	0.0	15.0	8.0	0.0
	3p	-	27	20928.0	12445.0	12843.0	19553.0	65769.0	208.0	223.0	224.0	193.0	68.0	57.0	49.0	68.0	56.0	48.0	41.0	81.00.0	0.0	0.0	0.0	20.0	0.0	11.0	12.0	0.0
	3p	-	28	20690.0	12557.0	13095.0	19428.0	65770.0	234.0	253.0	205.0	172.0	61.0	44.0	63.0	86.0	63.0	51.0	41.0	61.00.0	0.0	0.0	0.0	25.0	0.0	11.0	5.0	0.0
	3p	-	29	20877.0	12236.0	12921.0	19730.0	65764.0	209.0	240.0	207.0	180.0	56.0	63.0	50.0	65.0	58.0	46.0	43.0	82.00.0	0.0	0.0	0.0	25.0	0.0	12.0	8.0	0.0
	3p	-	30	20780.0	12516.0	12895.0	19574.0	65765.0	186.0	247.0	195.0	196.0	67.0	57.0	37.0	55.0	75.0	62.0	42.0	70.00.0	0.0	0.0	0.0	23.0	0.0	10.0	9.0	0.0
	3p	-	31	20054.0	12346.0	12708.0	19195.0	64303.0	259.0	240.0	203.0	208.0	89.0	53.0	41.0	70.0	62.0	38.0	40.0	64.00.0	0.0	0.0	0.0	22.0	0.0	7.0	6.0	0.0
	3p	-	32	19527.0	12063.0	12473.0	18661.0	62724.0	202.0	226.0	203.0	191.0	57.0	43.0	50.0	56.0	88.0	54.0	36.0	72.00.0	0.0	0.0	0.0	19.0	0.0	7.0	10.0	0.0
	3p	-	33	19207.0	11553.0	12205.0	18256.0	61221.0	201.0	223.0	175.0	174.0	61.0	53.0	35.0	64.0	99.0	44.0	36.0	78.00.0	0.0	0.0	0.0	25.0	0.0	4.0	14.0	0.0
	3p	-	34	18948.0	11193.0	11536.0	18003.0	59680.0	198.0	215.0	212.0	182.0	47.0	44.0	28.0	47.0	73.0	49.0	45.0	77.00.0	0.0	0.0	0.0	21.0	0.0	7.0	10.0	0.0
	3p	-	35	18492.0	10812.0	11398.0	17354.0	58056.0	192.0	219.0	174.0	167.0	47.0	42.0	38.0	44.0	58.0	36.0	38.0	72.00.0	0.0	0.0	0.0	14.0	0.0	7.0	3.0	0.0
	3p	-	36	18095.0	10466.0	11144.0	16679.0	56384.0	191.0	187.0	189.0	167.0	48.0	45.0	35.0	53.0	52.0	32.0	52.0	78.00.0	0.0	0.0	0.0	17.0	0.0	4.0	4.0	0.0
	3p	-	37	17272.0	10347.0	10640.0	16414.0	54673.0	207.0	203.0	179.0	167.0	58.0	39.0	34.0	53.0	60.0	27.0	43.0	57.00.0	0.0	0.0	0.0	10.0	0.0	4.0	8.0	0.0
	3p	-	38	16794.0	10052.0	10381.0	15685.0	52912.0	177.0	235.0	181.0	151.0	52.0	41.0	38.0	42.0	66.0	43.0	37.0	62.00.0	0.0	0.0	0.0	10.0	0.0	6.0	7.0	0.0
	3p	-	39	16045.0	9705.0	10029.0	15392.0	51171.0	175.0	200.0	161.0	133.0	41.0	35.0	24.0	47.0	58.0	49.0	31.0	58.00.0	0.0	0.0	0.0	10.0	0.0	4.0	13.0	0.0
	3p	-	40	15519.0	9376.0	9711.0	14804.0	49410.0	153.0	175.0	162.0	126.0	47.0	39.0	38.0	34.0	48.0	37.0	30.0	64.00.0	0.0	0.0	0.0	12.0	0.0	3.0	3.0	0.0
	3p	-	41	15085.0	9010.0	9388.0	14142.0	47625.0	183.0	198.0	150.0	128.0	48.0	41.0	30.0	46.0	53.0	53.0	33.0	55.00.0	0.0	0.0	0.0	15.0	0.0	10.0	4.0	0.0
	3p	-	42	14411.0	8647.0	8949.0	13753.0	45760.0	153.0	181.0	150.0	138.0	31.0	36.0	31.0	45.0	45.0	39.0	26.0	56.00.0	0.0	0.0	0.0	10.0	0.0	2.0	7.0	0.0
	3p	-	43	13891.0	8201.0	8601.0	13239.0	43932.0	166.0	172.0	138.0	109.0	39.0	29.0	34.0	53.0	43.0	36.0	26.0	56.00.0	0.0	0.0	0.0	7.0	0.0	4.0	7.0	0.0
	3p	-	44	13311.0	7921.0	8426.0	12541.0	42199.0	154.0	174.0	138.0	117.0	26.0	46.0	26.0	40.0	39.0	31.0	26.0	51.00.0	0.0	0.0	0.0	13.0	0.0	1.0	3.0	0.0
	3p	-	45	12718.0	7586.0	8105.0	12049.0	40458.0	151.0	156.0	124.0	124.0	46.0	36.0	36.0	39.0	27.0	30.0	37.0	50.00.0	0.0	0.0	0.0	6.0	0.0	3.0	4.0	0.0
	3p	-	46	12146.0	7361.0	7589.0	11674.0	38770.0	125.0	183.0	110.0	105.0	29.0	29.0	23.0	44.0	34.0	46.0	27.0	50.00.0	0.0	0.0	0.0	12.0	0.0	7.0	2.0	0.0
	3p	-	47	11713.0	7060.0	7297.0	11033.0	37103.0	129.0	146.0	117.0	111.0	37.0	34.0	20.0	39.0	36.0	38.0	32.0	42.00.0	0.0	0.0	0.0	7.0	0.0	5.0	8.0	0.0
	3p	-	48	11216.0	6625.0	7046.0	10622.0	35509.0	138.0	156.0	96.0	101.0	34.0	27.0	27.0	40.0	32.0	34.0	22.0	41.00.0	0.0	0.0	0.0	6.0	0.0	4.0	4.0	0.0
	3p	-	49	10555.0	6439.0	6786.0	10163.0	33943.0	116.0	118.0	116.0	96.0	33.0	26.0	24.0	30.0	30.0	32.0	23.0	34.00.0	0.0	0.0	0.0	10.0	0.0	3.0	1.0	0.0
	3p	-	50	10123.0	6136.0	6498.0	9670.0	32427.0	115.0	115.0	99.0	106.0	24.0	32.0	12.0	26.0	33.0	26.0	29.0	47.00.0	0.0	0.0	0.0	10.0	0.0	5.0	3.0	0.0
	3p	-	51	9591.0	5834.0	6239.0	9210.0	30874.0	103.0	128.0	102.0	95.0	40.0	26.0	24.0	19.0	24.0	25.0	26.0	45.00.0	0.0	0.0	0.0	5.0	0.0	4.0	1.0	0.0
	3p	-	52	9217.0	5660.0	5720.0	8718.0	29315.0	91.0	116.0	85.0	92.0	32.0	20.0	26.0	23.0	29.0	30.0	16.0	31.00.0	0.0	0.0	0.0	6.0	0.0	0.0	3.0	0.0
	3p	-	53	8528.0	5365.0	5583.0	8348.0	27824.0	89.0	118.0	98.0	81.0	21.0	27.0	22.0	33.0	33.0	25.0	23.0	40.00.0	0.0	0.0	0.0	7.0	0.0	2.0	0.0	0.0
	3p	-	54	8203.0	5128.0	5089.0	8008.0	26428.0	81.0	118.0	93.0	85.0	21.0	14.0	16.0	39.0	32.0	24.0	16.0	41.00.0	0.0	0.0	0.0	3.0	0.0	1.0	0.0	0.0
	3p	-	55	7752.0	4826.0	4925.0	7617.0	25120.0	95.0	96.0	79.0	76.0	17.0	27.0	14.0	18.0	23.0	28.0	17.0	34.00.0	0.0	0.0	0.0	2.0	0.0	2.0	1.0	0.0
	3p	-	56	7508.0	4534.0	4690.0	7088.0	23820.0	72.0	91.0	68.0	77.0	18.0	21.0	15.0	22.0	35.0	27.0	18.0	25.00.0	0.0	0.0	0.0	5.0	0.0	2.0	3.0	0.0
	3p	-	57	7001.0	4356.0	4469.0	6755.0	22581.0	69.0	104.0	76.0	70.0	25.0	21.0	15.0	29.0	26.0	18.0	12.0	22.00.0	0.0	0.0	0.0	5.0	0.0	1.0	2.0	0.0
	3p	-	58	6511.0	4229.0	4260.0	6412.0	21412.0	67.0	96.0	64.0	50.0	24.0	17.0	8.0	31.0	23.0	20.0	13.0	32.00.0	0.0	0.0	0.0	5.0	0.0	2.0	5.0	0.0
	3p	-	59	6202.0	3968.0	3992.0	6112.0	20274.0	59.0	93.0	64.0	71.0	19.0	21.0	15.0	32.0	33.0	29.0	18.0	25.00.0	0.0	0.0	0.0	6.0	0.0	2.0	3.0	0.0
	3p	-	60	5991.0	3703.0	3751.0	5741.0	19186.0	61.0	80.0	72.0	53.0	13.0	15.0	13.0	19.0	30.0	17.0	18.0	27.00.0	0.0	0.0	0.0	0.0	0.0	1.0	2.0	0.0
	3p	-	61	5516.0	3388.0	3623.0	5551.0	18078.0	65.0	79.0	59.0	61.0	19.0	13.0	14.0	18.0	21.0	31.0	13.0	17.00.0	0.0	0.0	0.0	2.0	0.0	2.0	2.0	0.0
	3p	-	62	5243.0	3291.0	3405.0	5091.0	17030.0	48.0	79.0	65.0	56.0	17.0	17.0	14.0	17.0	18.0	25.0	12.0	31.00.0	0.0	0.0	0.0	2.0	0.0	1.0	1.0	0.0
	3p	-	63	4990.0	3072.0	3190.0	4796.0	16048.0	55.0	60.0	40.0	41.0	15.0	11.0	14.0	15.0	21.0	24.0	7.0	25.00.0	0.0	0.0	0.0	1.0	0.0	0.0	0.0	0.0
	3p	-	64	4699.0	2933.0	2967.0	4500.0	15099.0	55.0	57.0	66.0	59.0	21.0	16.0	14.0	17.0	14.0	15.0	8.0	18.00.0	0.0	0.0	0.0	5.0	0.0	1.0	0.0	0.0
	3p	-	65	4412.0	2748.0	2812.0	4226.0	14198.0	43.0	47.0	41.0	45.0	25.0	12.0	13.0	26.0	16.0	19.0	15.0	22.00.0	0.0	0.0	0.0	2.0	0.0	1.0	2.0	0.0
	3p	-	66	4211.0	2547.0	2653.0	3931.0	13342.0	41.0	51.0	42.0	37.0	13.0	15.0	8.0	13.0	18.0	15.0	12.0	24.00.0	0.0	0.0	0.0	2.0	0.0	0.0	0.0	0.0
	3p	-	67	3917.0	2460.0	2458.0	3702.0	12537.0	52.0	50.0	43.0	25.0	14.0	19.0	9.0	15.0	12.0	12.0	8.0	15.00.0	0.0	0.0	0.0	0.0	0.0	1.0	0.0	0.0
	3p	-	68	3622.0	2208.0	2315.0	3581.0	11726.0	41.0	41.0	35.0	34.0	11.0	13.0	5.0	10.0	13.0	16.0	9.0	8.00.0	0.0	0.0	0.0	1.0	0.0	2.0	0.0	0.0
	3p	-	69	3425.0	2094.0	2125.0	3306.0	10950.0	29.0	44.0	44.0	32.0	6.0	8.0	5.0	15.0	17.0	20.0	12.0	15.00.0	0.0	0.0	0.0	0.0	0.0	2.0	2.0	0.0
	3p	-	70	3117.0	1993.0	1963.0	3105.0	10178.0	40.0	41.0	33.0	26.0	13.0	12.0	15.0	10.0	12.0	11.0	11.0	17.00.0	0.0	0.0	0.0	0.0	0.0	1.0	2.0	0.0
	3p	-	71	2873.0	1828.0	1938.0	2837.0	9476.0	28.0	43.0	25.0	31.0	19.0	12.0	8.0	8.0	11.0	10.0	10.0	17.00.0	0.0	0.0	0.0	2.0	0.0	1.0	0.0	0.0
	3p	-	72	2712.0	1658.0	1774.0	2681.0	8825.0	30.0	29.0	34.0	21.0	16.0	8.0	12.0	13.0	8.0	16.0	11.0	6.00.0	0.0	0.0	0.0	2.0	0.0	0.0	0.0	0.0
	3p	-	73	2518.0	1607.0	1607.0	2449.0	8181.0	29.0	28.0	27.0	26.0	4.0	7.0	5.0	4.0	14.0	11.0	7.0	6.00.0	0.0	0.0	0.0	0.0	0.0	0.0	0.0	0.0
	3p	-	74	2331.0	1424.0	1497.0	2298.0	7550.0	17.0	36.0	33.0	23.0	12.0	4.0	6.0	4.0	6.0	7.0	7.0	10.00.0	0.0	0.0	0.0	0.0	0.0	1.0	0.0	0.0
	3p	-	75	2130.0	1310.0	1396.0	2132.0	6968.0	34.0	36.0	23.0	29.0	11.0	6.0	8.0	6.0	11.0	5.0	7.0	8.00.0	0.0	0.0	0.0	0.0	0.0	1.0	0.0	0.0
	3p	-	76	1970.0	1230.0	1266.0	1937.0	6403.0	23.0	25.0	27.0	19.0	7.0	2.0	5.0	6.0	5.0	11.0	8.0	6.00.0	0.0	0.0	0.0	0.0	0.0	1.0	1.0	0.0
	3p	-	77	1804.0	1173.0	1146.0	1705.0	5828.0	24.0	22.0	14.0	16.0	17.0	6.0	4.0	3.0	3.0	7.0	2.0	8.00.0	0.0	0.0	0.0	0.0	0.0	0.0	0.0	0.0
	3p	-	78	1653.0	1033.0	1067.0	1533.0	5286.0	17.0	22.0	15.0	15.0	8.0	4.0	8.0	4.0	5.0	2.0	3.0	11.00.0	0.0	0.0	0.0	0.0	0.0	0.0	0.0	0.0
	3p	-	79	1428.0	965.0	912.0	1478.0	4783.0	16.0	19.0	6.0	14.0	8.0	4.0	7.0	6.0	2.0	6.0	6.0	7.00.0	0.0	0.0	0.0	0.0	0.0	0.0	0.0	0.0
	3p	-	80	1286.0	797.0	912.0	1307.0	4302.0	14.0	23.0	12.0	18.0	6.0	4.0	4.0	4.0	10.0	7.0	5.0	6.00.0	0.0	0.0	0.0	0.0	0.0	0.0	0.0	0.0
	3p	-	81	1171.0	770.0	726.0	1156.0	3823.0	16.0	32.0	17.0	10.0	6.0	7.0	2.0	5.0	1.0	5.0	1.0	5.00.0	0.0	0.0	0.0	2.0	0.0	0.0	0.0	0.0
	3p	-	82	1030.0	663.0	669.0	1015.0	3377.0	11.0	12.0	8.0	6.0	4.0	3.0	4.0	4.0	6.0	2.0	2.0	7.00.0	0.0	0.0	0.0	0.0	0.0	1.0	0.0	0.0
	3p	-	83	917.0	576.0	613.0	847.0	2953.0	9.0	12.0	8.0	7.0	4.0	2.0	0.0	6.0	0.0	1.0	2.0	4.00.0	0.0	0.0	0.0	0.0	0.0	0.0	0.0	0.0
	3p	-	84	783.0	468.0	514.0	767.0	2532.0	5.0	8.0	7.0	7.0	1.0	1.0	1.0	0.0	4.0	6.0	3.0	4.00.0	0.0	0.0	0.0	0.0	0.0	0.0	0.0	0.0
	3p	-	85	697.0	398.0	408.0	629.0	2132.0	6.0	13.0	8.0	10.0	5.0	3.0	0.0	3.0	1.0	2.0	1.0	4.00.0	0.0	0.0	0.0	1.0	0.0	0.0	0.0	0.0
	3p	-	86	586.0	353.0	353.0	531.0	1823.0	8.0	7.0	9.0	8.0	0.0	3.0	3.0	2.0	3.0	2.0	1.0	1.00.0	0.0	0.0	0.0	0.0	0.0	0.0	0.0	0.0
	3p	-	87	442.0	280.0	307.0	455.0	1484.0	4.0	8.0	5.0	4.0	1.0	2.0	0.0	4.0	2.0	2.0	3.0	2.00.0	0.0	0.0	0.0	0.0	0.0	0.0	0.0	0.0
	3p	-	88	366.0	202.0	244.0	345.0	1157.0	5.0	7.0	9.0	1.0	2.0	1.0	1.0	2.0	0.0	1.0	0.0	0.00.0	0.0	0.0	0.0	0.0	0.0	0.0	0.0	0.0
	3p	-	89	263.0	163.0	157.0	271.0	854.0	3.0	2.0	3.0	2.0	1.0	1.0	0.0	2.0	2.0	0.0	1.0	2.00.0	0.0	0.0	0.0	0.0	0.0	0.0	0.0	0.0
	3p	-	90	192.0	87.0	114.0	178.0	571.0	1.0	1.0	2.0	0.0	1.0	0.0	1.0	1.0	0.0	4.0	2.0	2.00.0	0.0	0.0	0.0	0.0	0.0	0.0	0.0	0.0
	3p	-	91	90.0	45.0	53.0	94.0	282.0	2.0	3.0	2.0	0.0	0.0	0.0	0.0	1.0	2.0	2.0	0.0	0.00.0	0.0	0.0	0.0	0.0	0.0	0.0	0.0	0.0
	3p	-	92	0.0	0.0	0.0	0.0	0.0	0.0	0.0	0.0	0.0	0.0	0.0	0.0	0.0	0.0	0.0	0.0	0.00.0	0.0	0.0	0.0	0.0	0.0	0.0	0.0	0.0
	3p	-	93	0.0	0.0	0.0	0.0	0.0	0.0	0.0	0.0	0.0	0.0	0.0	0.0	0.0	0.0	0.0	0.0	0.00.0	0.0	0.0	0.0	0.0	0.0	0.0	0.0	0.0
	3p	-	94	0.0	0.0	0.0	0.0	0.0	0.0	0.0	0.0	0.0	0.0	0.0	0.0	0.0	0.0	0.0	0.0	0.00.0	0.0	0.0	0.0	0.0	0.0	0.0	0.0	0.0
	3p	-	95	0.0	0.0	0.0	0.0	0.0	0.0	0.0	0.0	0.0	0.0	0.0	0.0	0.0	0.0	0.0	0.0	0.00.0	0.0	0.0	0.0	0.0	0.0	0.0	0.0	0.0
	3p	-	96	0.0	0.0	0.0	0.0	0.0	0.0	0.0	0.0	0.0	0.0	0.0	0.0	0.0	0.0	0.0	0.0	0.00.0	0.0	0.0	0.0	0.0	0.0	0.0	0.0	0.0
	3p	-	97	0.0	0.0	0.0	0.0	0.0	0.0	0.0	0.0	0.0	0.0	0.0	0.0	0.0	0.0	0.0	0.0	0.00.0	0.0	0.0	0.0	0.0	0.0	0.0	0.0	0.0
	3p	-	98	0.0	0.0	0.0	0.0	0.0	0.0	0.0	0.0	0.0	0.0	0.0	0.0	0.0	0.0	0.0	0.0	0.00.0	0.0	0.0	0.0	0.0	0.0	0.0	0.0	0.0
	3p	-	99	0.0	0.0	0.0	0.0	0.0	0.0	0.0	0.0	0.0	0.0	0.0	0.0	0.0	0.0	0.0	0.0	0.00.0	0.0	0.0	0.0	0.0	0.0	0.0	0.0	0.0
	3p	-	100	0.0	0.0	0.0	0.0	0.0	0.0	0.0	0.0	0.0	0.0	0.0	0.0	0.0	0.0	0.0	0.0	0.00.0	0.0	0.0	0.0	0.0	0.0	0.0	0.0	0.0
	5p	+	1	22699.0	12717.0	11226.0	19288.0	65930.0	301.0	499.0	229.0	228.0	99.0	126.0	66.0	120.0	84.0	117.0	64.0	92.00.0	0.0	0.0	0.0	0.0	0.0	0.0	0.0	0.0
	5p	+	2	20913.0	11317.0	14671.0	19019.0	65920.0	252.0	346.0	270.0	190.0	85.0	100.0	67.0	89.0	113.0	109.0	61.0	100.00.0	0.0	0.0	0.0	2.0	0.0	0.0	1.0	0.0
	5p	+	3	21019.0	12321.0	13236.0	19335.0	65911.0	249.0	306.0	203.0	210.0	73.0	88.0	49.0	83.0	83.0	98.0	63.0	100.00.0	0.0	0.0	0.0	3.0	0.0	5.0	5.0	0.0
	5p	+	4	21087.0	12375.0	13857.0	18587.0	65906.0	230.0	281.0	243.0	191.0	70.0	64.0	51.0	73.0	76.0	58.0	41.0	93.00.0	0.0	0.0	0.0	12.0	0.0	3.0	4.0	0.0
	5p	+	5	20492.0	12484.0	13504.0	19392.0	65872.0	225.0	273.0	233.0	189.0	66.0	62.0	50.0	86.0	76.0	68.0	46.0	74.00.0	0.0	0.0	0.0	22.0	0.0	12.0	8.0	0.0
	5p	+	6	20150.0	12628.0	13589.0	19510.0	65877.0	208.0	259.0	221.0	223.0	54.0	54.0	43.0	71.0	70.0	44.0	46.0	80.00.0	0.0	0.0	0.0	19.0	0.0	12.0	13.0	0.0
	5p	+	7	20884.0	12259.0	13742.0	19001.0	65886.0	202.0	216.0	213.0	169.0	53.0	48.0	43.0	57.0	63.0	61.0	41.0	97.00.0	0.0	0.0	0.0	23.0	0.0	5.0	10.0	0.0
	5p	+	8	21468.0	11962.0	13035.0	19414.0	65879.0	219.0	252.0	196.0	195.0	58.0	50.0	51.0	64.0	59.0	59.0	47.0	66.00.0	0.0	0.0	0.0	23.0	0.0	9.0	8.0	0.0
	5p	+	9	21319.0	12252.0	13179.0	19121.0	65871.0	230.0	241.0	193.0	180.0	50.0	59.0	37.0	66.0	60.0	55.0	53.0	72.00.0	0.0	0.0	0.0	29.0	0.0	7.0	14.0	0.0
	5p	+	10	21000.0	12382.0	13028.0	19463.0	65873.0	203.0	226.0	198.0	200.0	63.0	50.0	42.0	69.0	72.0	43.0	50.0	66.00.0	0.0	0.0	0.0	20.0	0.0	9.0	13.0	0.0
	5p	+	11	21005.0	12566.0	12674.0	19622.0	65867.0	232.0	242.0	184.0	190.0	47.0	58.0	52.0	50.0	53.0	52.0	44.0	96.00.0	0.0	0.0	0.0	24.0	0.0	13.0	10.0	0.0
	5p	+	12	20849.0	12702.0	13070.0	19249.0	65870.0	202.0	262.0	214.0	177.0	62.0	48.0	45.0	58.0	51.0	45.0	45.0	91.00.0	0.0	0.0	0.0	22.0	0.0	12.0	14.0	0.0
	5p	+	13	20953.0	12775.0	12706.0	19421.0	65855.0	191.0	234.0	229.0	188.0	76.0	50.0	40.0	55.0	53.0	39.0	51.0	72.00.0	0.0	0.0	0.0	35.0	0.0	10.0	16.0	0.0
	5p	+	14	21077.0	12612.0	12712.0	19457.0	65858.0	186.0	237.0	206.0	191.0	61.0	58.0	41.0	53.0	65.0	55.0	50.0	88.00.0	0.0	0.0	0.0	18.0	0.0	13.0	23.0	0.0
	5p	+	15	21054.0	12375.0	12987.0	19448.0	65864.0	205.0	217.0	171.0	185.0	55.0	53.0	36.0	54.0	68.0	58.0	39.0	86.00.0	0.0	0.0	0.0	28.0	0.0	11.0	11.0	0.0
	5p	+	16	20794.0	12647.0	12966.0	19460.0	65867.0	228.0	233.0	172.0	200.0	67.0	41.0	37.0	67.0	42.0	48.0	55.0	97.00.0	0.0	0.0	0.0	29.0	0.0	12.0	15.0	0.0
	5p	+	17	20963.0	12132.0	13214.0	19565.0	65874.0	228.0	218.0	217.0	185.0	56.0	55.0	32.0	59.0	56.0	55.0	44.0	93.00.0	0.0	0.0	0.0	25.0	0.0	9.0	9.0	0.0
	5p	+	18	20813.0	12342.0	13028.0	19680.0	65863.0	208.0	255.0	205.0	175.0	51.0	44.0	51.0	52.0	52.0	50.0	51.0	90.00.0	0.0	0.0	0.0	34.0	0.0	6.0	15.0	0.0
	5p	+	19	21105.0	12446.0	12961.0	19353.0	65865.0	228.0	259.0	213.0	225.0	63.0	49.0	33.0	64.0	61.0	53.0	38.0	79.00.0	0.0	0.0	0.0	27.0	0.0	14.0	12.0	0.0
	5p	+	20	20859.0	12273.0	13088.0	19639.0	65859.0	212.0	255.0	190.0	188.0	70.0	53.0	45.0	52.0	50.0	50.0	39.0	87.00.0	0.0	0.0	0.0	28.0	0.0	7.0	16.0	0.0
	5p	+	21	20904.0	12544.0	13087.0	19348.0	65883.0	207.0	243.0	198.0	186.0	67.0	53.0	48.0	71.0	59.0	31.0	40.0	73.00.0	0.0	0.0	0.0	18.0	0.0	13.0	7.0	0.0
	5p	+	22	20848.0	12464.0	13010.0	19547.0	65869.0	215.0	231.0	215.0	195.0	51.0	61.0	38.0	55.0	70.0	48.0	37.0	87.00.0	0.0	0.0	0.0	29.0	0.0	12.0	10.0	0.0
	5p	+	23	21121.0	12420.0	12666.0	19627.0	65834.0	207.0	253.0	196.0	189.0	47.0	47.0	56.0	61.0	66.0	58.0	57.0	73.00.0	0.0	0.0	0.0	41.0	0.0	12.0	20.0	0.0
	5p	+	24	21047.0	12498.0	12916.0	19392.0	65853.0	193.0	237.0	207.0	194.0	67.0	44.0	43.0	79.0	79.0	54.0	40.0	86.00.0	0.0	0.0	0.0	35.0	0.0	19.0	4.0	0.0
	5p	+	25	21125.0	12491.0	12797.0	19436.0	65849.0	215.0	242.0	212.0	183.0	56.0	54.0	38.0	61.0	77.0	57.0	50.0	96.00.0	0.0	0.0	0.0	32.0	0.0	17.0	17.0	0.0
	5p	+	26	21159.0	12523.0	12653.0	19548.0	65883.0	207.0	244.0	186.0	194.0	57.0	53.0	39.0	59.0	55.0	53.0	26.0	93.00.0	0.0	0.0	0.0	13.0	0.0	9.0	15.0	0.0
	5p	+	27	21182.0	12414.0	12804.0	19489.0	65889.0	207.0	244.0	226.0	161.0	62.0	50.0	44.0	54.0	76.0	55.0	44.0	60.00.0	0.0	0.0	0.0	19.0	0.0	11.0	8.0	0.0
	5p	+	28	21493.0	12320.0	12594.0	19473.0	65880.0	225.0	260.0	222.0	182.0	68.0	52.0	41.0	63.0	49.0	51.0	34.0	88.00.0	0.0	0.0	0.0	32.0	0.0	5.0	6.0	0.0
	5p	+	29	21334.0	12517.0	12759.0	19262.0	65872.0	225.0	232.0	200.0	156.0	72.0	53.0	54.0	59.0	62.0	54.0	33.0	65.00.0	0.0	0.0	0.0	33.0	0.0	8.0	9.0	0.0
	5p	+	30	21267.0	12663.0	12585.0	19366.0	65881.0	223.0	310.0	189.0	180.0	91.0	46.0	33.0	58.0	63.0	63.0	44.0	73.00.0	0.0	0.0	0.0	23.0	0.0	8.0	9.0	0.0
	5p	+	31	21022.0	12278.0	12213.0	18819.0	64332.0	219.0	281.0	166.0	196.0	66.0	53.0	50.0	60.0	53.0	59.0	39.0	73.00.0	0.0	0.0	0.0	19.0	0.0	11.0	4.0	0.0
	5p	+	32	20527.0	11701.0	12029.0	18541.0	62798.0	197.0	293.0	190.0	159.0	67.0	53.0	40.0	61.0	46.0	63.0	44.0	84.00.0	0.0	0.0	0.0	21.0	0.0	10.0	9.0	0.0
	5p	+	33	19890.0	11541.0	11945.0	17884.0	61260.0	219.0	259.0	201.0	192.0	66.0	45.0	34.0	52.0	58.0	55.0	48.0	67.00.0	0.0	0.0	0.0	17.0	0.0	10.0	13.0	0.0
	5p	+	34	19616.0	11004.0	11270.0	17763.0	59653.0	202.0	265.0	187.0	189.0	60.0	51.0	38.0	56.0	58.0	52.0	34.0	80.00.0	0.0	0.0	0.0	19.0	0.0	7.0	9.0	0.0
	5p	+	35	19053.0	10813.0	11002.0	17183.0	58051.0	201.0	287.0	190.0	164.0	69.0	55.0	38.0	56.0	43.0	49.0	36.0	71.00.0	0.0	0.0	0.0	15.0	0.0	9.0	8.0	0.0
	5p	+	36	18486.0	10435.0	10844.0	16666.0	56431.0	195.0	249.0	157.0	173.0	43.0	47.0	44.0	64.0	50.0	43.0	29.0	75.00.0	0.0	0.0	0.0	12.0	0.0	8.0	4.0	0.0
	5p	+	37	18112.0	10230.0	10459.0	15954.0	54755.0	192.0	244.0	169.0	172.0	50.0	50.0	27.0	61.0	47.0	48.0	39.0	54.00.0	0.0	0.0	0.0	10.0	0.0	4.0	7.0	0.0
	5p	+	38	17519.0	9818.0	9995.0	15752.0	53084.0	154.0	254.0	143.0	147.0	56.0	47.0	37.0	63.0	63.0	60.0	36.0	83.00.0	0.0	0.0	0.0	23.0	0.0	6.0	5.0	0.0
	5p	+	39	16897.0	9552.0	9794.0	15027.0	51270.0	171.0	232.0	143.0	126.0	58.0	44.0	43.0	43.0	41.0	40.0	32.0	77.00.0	0.0	0.0	0.0	15.0	0.0	5.0	8.0	0.0
	5p	+	40	16235.0	9271.0	9267.0	14703.0	49476.0	146.0	221.0	175.0	141.0	50.0	47.0	34.0	49.0	55.0	47.0	27.0	55.00.0	0.0	0.0	0.0	12.0	0.0	7.0	9.0	0.0
	5p	+	41	15456.0	8976.0	9083.0	14103.0	47618.0	166.0	258.0	133.0	121.0	42.0	41.0	33.0	39.0	36.0	39.0	24.0	69.00.0	0.0	0.0	0.0	14.0	0.0	4.0	6.0	0.0
	5p	+	42	15028.0	8584.0	8547.0	13620.0	45779.0	165.0	242.0	135.0	131.0	45.0	45.0	22.0	46.0	29.0	55.0	38.0	57.00.0	0.0	0.0	0.0	8.0	0.0	6.0	5.0	0.0
	5p	+	43	14430.0	8162.0	8277.0	13124.0	43993.0	165.0	213.0	148.0	142.0	43.0	33.0	28.0	42.0	28.0	37.0	31.0	58.00.0	0.0	0.0	0.0	13.0	0.0	6.0	6.0	0.0
	5p	+	44	13775.0	7876.0	7938.0	12589.0	42178.0	133.0	211.0	128.0	104.0	33.0	40.0	42.0	44.0	35.0	36.0	28.0	51.00.0	0.0	0.0	0.0	11.0	0.0	3.0	6.0	0.0
	5p	+	45	13226.0	7372.0	7662.0	12174.0	40434.0	150.0	174.0	125.0	121.0	45.0	39.0	37.0	47.0	38.0	44.0	17.0	51.00.0	0.0	0.0	0.0	8.0	0.0	5.0	10.0	0.0
	5p	+	46	12805.0	7170.0	7273.0	11484.0	38732.0	126.0	231.0	108.0	90.0	46.0	30.0	26.0	37.0	35.0	37.0	22.0	63.00.0	0.0	0.0	0.0	18.0	0.0	0.0	4.0	0.0
	5p	+	47	12210.0	6838.0	7035.0	10972.0	37055.0	138.0	186.0	118.0	101.0	40.0	31.0	28.0	34.0	31.0	33.0	24.0	54.00.0	0.0	0.0	0.0	13.0	0.0	3.0	7.0	0.0
	5p	+	48	11669.0	6588.0	6691.0	10498.0	35446.0	133.0	190.0	122.0	99.0	27.0	32.0	27.0	44.0	31.0	29.0	25.0	62.00.0	0.0	0.0	0.0	6.0	0.0	2.0	1.0	0.0
	5p	+	49	11103.0	6307.0	6422.0	10016.0	33848.0	123.0	184.0	98.0	102.0	33.0	31.0	22.0	44.0	37.0	25.0	23.0	31.00.0	0.0	0.0	0.0	9.0	0.0	4.0	1.0	0.0
	5p	+	50	10406.0	6080.0	6153.0	9638.0	32277.0	100.0	163.0	97.0	98.0	36.0	23.0	15.0	25.0	27.0	25.0	22.0	50.00.0	0.0	0.0	0.0	10.0	0.0	2.0	2.0	0.0
	5p	+	51	9817.0	5904.0	5834.0	9101.0	30656.0	123.0	168.0	118.0	86.0	28.0	31.0	17.0	31.0	22.0	31.0	27.0	43.00.0	0.0	0.0	0.0	17.0	0.0	5.0	2.0	0.0
	5p	+	52	9539.0	5529.0	5367.0	8665.0	29100.0	94.0	161.0	86.0	67.0	38.0	43.0	14.0	40.0	25.0	25.0	19.0	45.00.0	0.0	0.0	0.0	8.0	0.0	4.0	2.0	0.0
	5p	+	53	9078.0	5296.0	5164.0	8152.0	27690.0	96.0	152.0	74.0	67.0	38.0	26.0	19.0	28.0	34.0	27.0	14.0	43.00.0	0.0	0.0	0.0	2.0	0.0	5.0	3.0	0.0
	5p	+	54	8595.0	4980.0	4886.0	7809.0	26270.0	103.0	117.0	86.0	92.0	32.0	48.0	19.0	21.0	29.0	16.0	16.0	43.00.0	0.0	0.0	0.0	4.0	0.0	3.0	3.0	0.0
	5p	+	55	8078.0	4665.0	4672.0	7508.0	24923.0	83.0	137.0	79.0	79.0	24.0	39.0	21.0	19.0	22.0	20.0	19.0	25.00.0	0.0	0.0	0.0	4.0	0.0	3.0	2.0	0.0
	5p	+	56	7749.0	4493.0	4466.0	6961.0	23669.0	59.0	141.0	90.0	56.0	25.0	34.0	20.0	29.0	26.0	18.0	21.0	40.00.0	0.0	0.0	0.0	7.0	0.0	2.0	2.0	0.0
	5p	+	57	7373.0	4151.0	4287.0	6700.0	22511.0	89.0	123.0	65.0	63.0	29.0	32.0	18.0	20.0	27.0	19.0	14.0	31.00.0	0.0	0.0	0.0	5.0	0.0	1.0	1.0	0.0
	5p	+	58	6762.0	4189.0	4009.0	6276.0	21236.0	88.0	113.0	73.0	60.0	21.0	24.0	21.0	19.0	17.0	21.0	14.0	32.00.0	0.0	0.0	0.0	4.0	0.0	1.0	5.0	0.0
	5p	+	59	6528.0	3808.0	3703.0	6076.0	20115.0	64.0	114.0	60.0	61.0	27.0	29.0	18.0	24.0	18.0	23.0	17.0	34.00.0	0.0	0.0	0.0	3.0	0.0	0.0	1.0	0.0
	5p	+	60	6123.0	3721.0	3515.0	5611.0	18970.0	54.0	98.0	65.0	47.0	24.0	26.0	25.0	18.0	11.0	21.0	12.0	38.00.0	0.0	0.0	0.0	3.0	0.0	3.0	4.0	0.0
	5p	+	61	5762.0	3371.0	3300.0	5455.0	17888.0	63.0	102.0	44.0	57.0	19.0	24.0	8.0	29.0	18.0	16.0	10.0	29.00.0	0.0	0.0	0.0	1.0	0.0	2.0	3.0	0.0
	5p	+	62	5384.0	3201.0	3216.0	5051.0	16852.0	71.0	106.0	57.0	42.0	32.0	38.0	15.0	17.0	17.0	19.0	14.0	21.00.0	0.0	0.0	0.0	1.0	0.0	0.0	1.0	0.0
	5p	+	63	5159.0	2941.0	2969.0	4755.0	15824.0	67.0	88.0	55.0	53.0	21.0	25.0	9.0	12.0	13.0	19.0	16.0	23.00.0	0.0	0.0	0.0	3.0	0.0	3.0	1.0	0.0
	5p	+	64	4808.0	2798.0	2773.0	4427.0	14806.0	50.0	93.0	42.0	40.0	29.0	23.0	21.0	18.0	18.0	18.0	17.0	23.00.0	0.0	0.0	0.0	2.0	0.0	2.0	0.0	0.0
	5p	+	65	4444.0	2624.0	2601.0	4239.0	13908.0	65.0	80.0	47.0	40.0	23.0	22.0	13.0	14.0	15.0	15.0	10.0	29.00.0	0.0	0.0	0.0	3.0	0.0	0.0	4.0	0.0
	5p	+	66	4186.0	2476.0	2489.0	3879.0	13030.0	57.0	83.0	38.0	35.0	18.0	20.0	9.0	23.0	14.0	14.0	8.0	21.00.0	0.0	0.0	0.0	4.0	0.0	1.0	1.0	0.0
	5p	+	67	3871.0	2367.0	2231.0	3724.0	12193.0	50.0	77.0	35.0	43.0	18.0	26.0	7.0	17.0	16.0	17.0	14.0	22.00.0	0.0	0.0	0.0	4.0	0.0	1.0	2.0	0.0
	5p	+	68	3670.0	2158.0	2169.0	3422.0	11419.0	46.0	60.0	36.0	41.0	21.0	16.0	15.0	12.0	17.0	10.0	9.0	20.00.0	0.0	0.0	0.0	3.0	0.0	1.0	1.0	0.0
	5p	+	69	3410.0	2044.0	1966.0	3222.0	10642.0	29.0	76.0	28.0	36.0	16.0	16.0	15.0	13.0	14.0	13.0	8.0	20.00.0	0.0	0.0	0.0	2.0	0.0	3.0	1.0	0.0
	5p	+	70	3179.0	1902.0	1885.0	2913.0	9879.0	39.0	72.0	27.0	26.0	18.0	14.0	10.0	16.0	7.0	13.0	4.0	14.00.0	0.0	0.0	0.0	2.0	0.0	2.0	0.0	0.0
	5p	+	71	2946.0	1837.0	1692.0	2715.0	9190.0	38.0	50.0	23.0	22.0	15.0	10.0	8.0	18.0	8.0	9.0	6.0	16.00.0	0.0	0.0	0.0	3.0	0.0	1.0	1.0	0.0
	5p	+	72	2767.0	1634.0	1566.0	2558.0	8525.0	31.0	64.0	20.0	27.0	11.0	13.0	15.0	14.0	11.0	14.0	10.0	19.00.0	0.0	0.0	0.0	2.0	0.0	1.0	2.0	0.0
	5p	+	73	2531.0	1553.0	1424.0	2322.0	7830.0	31.0	61.0	29.0	24.0	10.0	14.0	9.0	12.0	6.0	8.0	3.0	17.00.0	0.0	0.0	0.0	0.0	0.0	0.0	3.0	0.0
	5p	+	74	2328.0	1338.0	1329.0	2209.0	7204.0	30.0	48.0	20.0	27.0	9.0	9.0	11.0	12.0	6.0	12.0	5.0	8.00.0	0.0	0.0	0.0	0.0	0.0	0.0	2.0	0.0
	5p	+	75	2199.0	1244.0	1198.0	1990.0	6631.0	28.0	42.0	11.0	25.0	7.0	16.0	4.0	10.0	7.0	6.0	9.0	10.00.0	0.0	0.0	0.0	0.0	0.0	0.0	0.0	0.0
	5p	+	76	1980.0	1155.0	1132.0	1820.0	6087.0	24.0	33.0	18.0	18.0	8.0	9.0	3.0	4.0	6.0	5.0	7.0	10.00.0	0.0	0.0	0.0	0.0	0.0	0.0	1.0	0.0
	5p	+	77	1838.0	1046.0	1025.0	1657.0	5566.0	18.0	31.0	13.0	22.0	7.0	12.0	6.0	3.0	6.0	6.0	3.0	12.00.0	0.0	0.0	0.0	2.0	0.0	0.0	0.0	0.0
	5p	+	78	1677.0	942.0	920.0	1537.0	5076.0	18.0	40.0	17.0	15.0	7.0	8.0	8.0	2.0	3.0	5.0	2.0	5.00.0	0.0	0.0	0.0	2.0	0.0	0.0	0.0	0.0
	5p	+	79	1492.0	860.0	789.0	1428.0	4569.0	11.0	32.0	13.0	11.0	6.0	6.0	7.0	7.0	1.0	5.0	5.0	11.00.0	0.0	0.0	0.0	0.0	0.0	0.0	0.0	0.0
	5p	+	80	1333.0	805.0	756.0	1227.0	4121.0	18.0	27.0	13.0	13.0	8.0	8.0	4.0	5.0	4.0	3.0	3.0	2.00.0	0.0	0.0	0.0	0.0	0.0	0.0	0.0	0.0
	5p	+	81	1205.0	688.0	703.0	1111.0	3707.0	17.0	20.0	12.0	19.0	2.0	4.0	2.0	4.0	3.0	3.0	6.0	4.00.0	0.0	0.0	0.0	0.0	0.0	0.0	0.0	0.0
	5p	+	82	1092.0	595.0	620.0	976.0	3283.0	11.0	30.0	5.0	9.0	1.0	7.0	1.0	4.0	1.0	4.0	4.0	4.00.0	0.0	0.0	0.0	0.0	0.0	0.0	0.0	0.0
	5p	+	83	918.0	526.0	532.0	834.0	2810.0	16.0	10.0	4.0	7.0	4.0	6.0	5.0	7.0	5.0	5.0	3.0	5.00.0	0.0	0.0	0.0	0.0	0.0	0.0	0.0	0.0
	5p	+	84	823.0	485.0	425.0	726.0	2459.0	6.0	19.0	7.0	11.0	1.0	4.0	2.0	1.0	4.0	7.0	3.0	7.00.0	0.0	0.0	0.0	1.0	0.0	0.0	0.0	0.0
	5p	+	85	739.0	376.0	367.0	640.0	2122.0	14.0	17.0	8.0	10.0	2.0	5.0	1.0	5.0	4.0	2.0	3.0	5.00.0	0.0	0.0	0.0	0.0	0.0	0.0	0.0	0.0
	5p	+	86	591.0	317.0	320.0	542.0	1770.0	11.0	14.0	5.0	7.0	4.0	6.0	0.0	2.0	2.0	3.0	1.0	0.00.0	0.0	0.0	0.0	0.0	0.0	0.0	0.0	0.0
	5p	+	87	487.0	274.0	241.0	452.0	1454.0	7.0	20.0	6.0	4.0	2.0	3.0	0.0	0.0	3.0	4.0	1.0	0.00.0	0.0	0.0	0.0	0.0	0.0	0.0	0.0	0.0
	5p	+	88	378.0	213.0	193.0	330.0	1114.0	6.0	15.0	3.0	9.0	2.0	2.0	0.0	2.0	1.0	2.0	1.0	6.00.0	0.0	0.0	0.0	0.0	0.0	0.0	0.0	0.0
	5p	+	89	279.0	151.0	138.0	248.0	816.0	2.0	12.0	2.0	3.0	0.0	1.0	0.0	1.0	0.0	0.0	1.0	0.00.0	0.0	0.0	0.0	0.0	0.0	0.0	0.0	0.0
	5p	+	90	185.0	101.0	91.0	163.0	540.0	1.0	9.0	2.0	1.0	1.0	0.0	1.0	0.0	0.0	1.0	1.0	3.00.0	0.0	0.0	0.0	0.0	0.0	0.0	0.0	0.0
	5p	+	91	100.0	37.0	45.0	90.0	272.0	1.0	4.0	0.0	0.0	1.0	0.0	1.0	1.0	1.0	1.0	0.0	1.00.0	0.0	0.0	0.0	0.0	0.0	0.0	0.0	0.0
	5p	+	92	0.0	0.0	0.0	0.0	0.0	0.0	0.0	0.0	0.0	0.0	0.0	0.0	0.0	0.0	0.0	0.0	0.00.0	0.0	0.0	0.0	0.0	0.0	0.0	0.0	0.0
	5p	+	93	0.0	0.0	0.0	0.0	0.0	0.0	0.0	0.0	0.0	0.0	0.0	0.0	0.0	0.0	0.0	0.0	0.00.0	0.0	0.0	0.0	0.0	0.0	0.0	0.0	0.0
	5p	+	94	0.0	0.0	0.0	0.0	0.0	0.0	0.0	0.0	0.0	0.0	0.0	0.0	0.0	0.0	0.0	0.0	0.00.0	0.0	0.0	0.0	0.0	0.0	0.0	0.0	0.0
	5p	+	95	0.0	0.0	0.0	0.0	0.0	0.0	0.0	0.0	0.0	0.0	0.0	0.0	0.0	0.0	0.0	0.0	0.00.0	0.0	0.0	0.0	0.0	0.0	0.0	0.0	0.0
	5p	+	96	0.0	0.0	0.0	0.0	0.0	0.0	0.0	0.0	0.0	0.0	0.0	0.0	0.0	0.0	0.0	0.0	0.00.0	0.0	0.0	0.0	0.0	0.0	0.0	0.0	0.0
	5p	+	97	0.0	0.0	0.0	0.0	0.0	0.0	0.0	0.0	0.0	0.0	0.0	0.0	0.0	0.0	0.0	0.0	0.00.0	0.0	0.0	0.0	0.0	0.0	0.0	0.0	0.0
	5p	+	98	0.0	0.0	0.0	0.0	0.0	0.0	0.0	0.0	0.0	0.0	0.0	0.0	0.0	0.0	0.0	0.0	0.00.0	0.0	0.0	0.0	0.0	0.0	0.0	0.0	0.0
	5p	+	99	0.0	0.0	0.0	0.0	0.0	0.0	0.0	0.0	0.0	0.0	0.0	0.0	0.0	0.0	0.0	0.0	0.00.0	0.0	0.0	0.0	0.0	0.0	0.0	0.0	0.0
	5p	+	100	0.0	0.0	0.0	0.0	0.0	0.0	0.0	0.0	0.0	0.0	0.0	0.0	0.0	0.0	0.0	0.0	0.00.0	0.0	0.0	0.0	0.0	0.0	0.0	0.0	0.0
	5p	-	1	22458.0	12803.0	11136.0	19409.0	65806.0	325.0	489.0	251.0	197.0	105.0	110.0	61.0	119.0	63.0	117.0	61.0	101.00.0	0.0	0.0	0.0	0.0	0.0	0.0	0.0	0.0
	5p	-	2	20785.0	11351.0	14365.0	19304.0	65805.0	274.0	317.0	269.0	172.0	76.0	103.0	70.0	88.0	93.0	92.0	53.0	117.00.0	0.0	0.0	0.0	0.0	0.0	0.0	0.0	0.0
	5p	-	3	20629.0	12597.0	13173.0	19412.0	65811.0	222.0	316.0	234.0	233.0	81.0	71.0	54.0	97.0	67.0	73.0	62.0	83.00.0	0.0	0.0	0.0	1.0	0.0	0.0	0.0	0.0
	5p	-	4	20712.0	12408.0	13909.0	18776.0	65805.0	235.0	263.0	208.0	193.0	65.0	52.0	56.0	81.0	69.0	80.0	55.0	70.00.0	0.0	0.0	0.0	3.0	0.0	1.0	0.0	0.0
	5p	-	5	20374.0	12459.0	13633.0	19310.0	65776.0	218.0	266.0	209.0	184.0	82.0	54.0	44.0	70.0	63.0	72.0	40.0	97.00.0	0.0	0.0	0.0	7.0	0.0	10.0	9.0	0.0
	5p	-	6	20006.0	12518.0	13872.0	19383.0	65779.0	220.0	260.0	236.0	194.0	71.0	47.0	48.0	57.0	65.0	54.0	43.0	71.00.0	0.0	0.0	0.0	9.0	0.0	8.0	11.0	0.0
	5p	-	7	20585.0	12196.0	13711.0	19299.0	65791.0	221.0	245.0	237.0	181.0	53.0	54.0	40.0	63.0	60.0	62.0	55.0	65.00.0	0.0	0.0	0.0	6.0	0.0	8.0	11.0	0.0
	5p	-	8	21439.0	11983.0	13097.0	19266.0	65785.0	220.0	242.0	198.0	201.0	65.0	40.0	50.0	77.0	69.0	71.0	45.0	66.00.0	0.0	0.0	0.0	16.0	0.0	9.0	10.0	0.0
	5p	-	9	21105.0	12141.0	13135.0	19399.0	65780.0	218.0	261.0	218.0	187.0	50.0	30.0	41.0	60.0	52.0	58.0	46.0	80.00.0	0.0	0.0	0.0	18.0	0.0	11.0	10.0	0.0
	5p	-	10	20984.0	12440.0	12986.0	19369.0	65779.0	216.0	271.0	209.0	187.0	52.0	50.0	33.0	65.0	69.0	62.0	46.0	61.00.0	0.0	0.0	0.0	16.0	0.0	9.0	11.0	0.0
	5p	-	11	20857.0	12530.0	12697.0	19688.0	65772.0	197.0	239.0	207.0	184.0	56.0	51.0	40.0	54.0	63.0	53.0	46.0	72.00.0	0.0	0.0	0.0	17.0	0.0	5.0	15.0	0.0
	5p	-	12	20575.0	12602.0	12874.0	19706.0	65757.0	215.0	245.0	228.0	175.0	69.0	57.0	51.0	67.0	79.0	44.0	50.0	93.00.0	0.0	0.0	0.0	15.0	0.0	18.0	15.0	0.0
	5p	-	13	20741.0	12658.0	12912.0	19439.0	65750.0	246.0	232.0	210.0	198.0	63.0	42.0	42.0	56.0	72.0	44.0	51.0	80.00.0	0.0	0.0	0.0	32.0	0.0	14.0	11.0	0.0
	5p	-	14	20809.0	12434.0	12848.0	19665.0	65756.0	186.0	265.0	196.0	175.0	58.0	44.0	34.0	51.0	64.0	47.0	41.0	80.00.0	0.0	0.0	0.0	33.0	0.0	9.0	13.0	0.0
	5p	-	15	20654.0	12499.0	12942.0	19668.0	65763.0	204.0	248.0	182.0	204.0	55.0	50.0	34.0	62.0	73.0	59.0	44.0	90.00.0	0.0	0.0	0.0	23.0	0.0	8.0	13.0	0.0
	5p	-	16	20705.0	12542.0	13002.0	19506.0	65755.0	229.0	244.0	209.0	209.0	64.0	48.0	48.0	64.0	71.0	47.0	31.0	65.00.0	0.0	0.0	0.0	16.0	0.0	16.0	15.0	0.0
	5p	-	17	20829.0	12526.0	12855.0	19548.0	65758.0	229.0	246.0	207.0	216.0	64.0	52.0	47.0	59.0	59.0	54.0	44.0	80.00.0	0.0	0.0	0.0	22.0	0.0	16.0	7.0	0.0
	5p	-	18	20781.0	12367.0	12901.0	19711.0	65760.0	210.0	248.0	200.0	179.0	58.0	53.0	38.0	58.0	55.0	53.0	39.0	84.00.0	0.0	0.0	0.0	20.0	0.0	14.0	15.0	0.0
	5p	-	19	20688.0	12377.0	13116.0	19577.0	65758.0	211.0	230.0	185.0	212.0	57.0	58.0	42.0	67.0	65.0	57.0	54.0	76.00.0	0.0	0.0	0.0	20.0	0.0	15.0	13.0	0.0
	5p	-	20	20630.0	12560.0	12952.0	19620.0	65762.0	211.0	217.0	203.0	205.0	61.0	45.0	51.0	55.0	62.0	37.0	52.0	89.00.0	0.0	0.0	0.0	16.0	0.0	11.0	16.0	0.0
	5p	-	21	20716.0	12520.0	12945.0	19572.0	65753.0	211.0	244.0	199.0	208.0	59.0	50.0	54.0	60.0	63.0	42.0	44.0	101.00.0	0.0	0.0	0.0	17.0	0.0	13.0	20.0	0.0
	5p	-	22	20960.0	12343.0	12849.0	19601.0	65753.0	246.0	214.0	210.0	175.0	47.0	49.0	49.0	68.0	55.0	45.0	38.0	75.00.0	0.0	0.0	0.0	23.0	0.0	11.0	16.0	0.0
	5p	-	23	20606.0	12582.0	12829.0	19749.0	65766.0	194.0	223.0	194.0	193.0	53.0	47.0	47.0	55.0	79.0	62.0	27.0	91.00.0	0.0	0.0	0.0	22.0	0.0	9.0	14.0	0.0
	5p	-	24	20696.0	12376.0	12850.0	19833.0	65755.0	178.0	243.0	198.0	156.0	62.0	50.0	44.0	81.0	68.0	50.0	47.0	71.00.0	0.0	0.0	0.0	28.0	0.0	20.0	8.0	0.0
	5p	-	25	20875.0	12778.0	12621.0	19472.0	65746.0	225.0	206.0	204.0	199.0	63.0	61.0	49.0	52.0	66.0	45.0	44.0	86.00.0	0.0	0.0	0.0	32.0	0.0	15.0	14.0	0.0
	5p	-	26	21438.0	12433.0	12472.0	19416.0	65759.0	218.0	227.0	207.0	179.0	68.0	59.0	52.0	61.0	56.0	59.0	40.0	74.00.0	0.0	0.0	0.0	23.0	0.0	12.0	17.0	0.0
	5p	-	27	21039.0	12492.0	12876.0	19355.0	65762.0	205.0	233.0	203.0	230.0	65.0	50.0	42.0	48.0	73.0	58.0	51.0	76.00.0	0.0	0.0	0.0	22.0	0.0	10.0	9.0	0.0
	5p	-	28	21184.0	12323.0	12849.0	19397.0	65753.0	208.0	224.0	194.0	198.0	52.0	55.0	41.0	59.0	67.0	56.0	48.0	83.00.0	0.0	0.0	0.0	37.0	0.0	14.0	5.0	0.0
	5p	-	29	21102.0	12592.0	12761.0	19314.0	65769.0	202.0	234.0	207.0	164.0	55.0	51.0	40.0	69.0	81.0	61.0	36.0	79.00.0	0.0	0.0	0.0	29.0	0.0	8.0	6.0	0.0
	5p	-	30	21456.0	12422.0	12479.0	19410.0	65767.0	219.0	274.0	199.0	191.0	37.0	61.0	46.0	75.0	66.0	58.0	47.0	83.00.0	0.0	0.0	0.0	24.0	0.0	6.0	10.0	0.0
	5p	-	31	20792.0	12135.0	12347.0	19032.0	64306.0	230.0	285.0	207.0	164.0	51.0	58.0	48.0	59.0	59.0	54.0	42.0	66.00.0	0.0	0.0	0.0	27.0	0.0	3.0	10.0	0.0
	5p	-	32	20278.0	11905.0	11762.0	18772.0	62717.0	193.0	279.0	172.0	164.0	56.0	54.0	41.0	64.0	61.0	48.0	44.0	64.00.0	0.0	0.0	0.0	31.0	0.0	7.0	7.0	0.0
	5p	-	33	19702.0	11456.0	11639.0	18428.0	61225.0	204.0	256.0	193.0	150.0	54.0	46.0	35.0	60.0	67.0	43.0	35.0	86.00.0	0.0	0.0	0.0	21.0	0.0	7.0	10.0	0.0
	5p	-	34	19402.0	11188.0	11200.0	17893.0	59683.0	208.0	248.0	199.0	163.0	65.0	58.0	44.0	61.0	72.0	59.0	47.0	63.00.0	0.0	0.0	0.0	18.0	0.0	7.0	7.0	0.0
	5p	-	35	18918.0	10995.0	10878.0	17242.0	58033.0	193.0	256.0	175.0	169.0	55.0	48.0	43.0	66.0	56.0	58.0	36.0	69.00.0	0.0	0.0	0.0	16.0	0.0	11.0	10.0	0.0
	5p	-	36	18583.0	10605.0	10546.0	16635.0	56369.0	177.0	280.0	196.0	142.0	53.0	47.0	43.0	63.0	65.0	48.0	33.0	63.00.0	0.0	0.0	0.0	25.0	0.0	8.0	9.0	0.0
	5p	-	37	17948.0	10257.0	10344.0	16109.0	54658.0	191.0	257.0	204.0	158.0	55.0	47.0	44.0	56.0	50.0	44.0	32.0	68.00.0	0.0	0.0	0.0	17.0	0.0	2.0	8.0	0.0
	5p	-	38	17317.0	9837.0	10027.0	15731.0	52912.0	175.0	267.0	153.0	139.0	38.0	51.0	45.0	49.0	56.0	42.0	37.0	60.00.0	0.0	0.0	0.0	16.0	0.0	4.0	5.0	0.0
	5p	-	39	16816.0	9418.0	9743.0	15194.0	51171.0	196.0	210.0	142.0	157.0	55.0	37.0	27.0	46.0	46.0	42.0	22.0	74.00.0	0.0	0.0	0.0	14.0	0.0	7.0	10.0	0.0
	5p	-	40	16188.0	9220.0	9302.0	14682.0	49392.0	181.0	232.0	154.0	119.0	50.0	39.0	27.0	53.0	44.0	49.0	26.0	84.00.0	0.0	0.0	0.0	15.0	0.0	6.0	11.0	0.0
	5p	-	41	15321.0	9085.0	8823.0	14398.0	47627.0	155.0	228.0	143.0	152.0	46.0	35.0	38.0	38.0	51.0	40.0	33.0	62.00.0	0.0	0.0	0.0	22.0	0.0	5.0	5.0	0.0
	5p	-	42	14841.0	8609.0	8490.0	13816.0	45756.0	165.0	224.0	138.0	129.0	48.0	41.0	37.0	58.0	41.0	45.0	35.0	45.00.0	0.0	0.0	0.0	13.0	0.0	7.0	6.0	0.0
	5p	-	43	14298.0	8268.0	8242.0	13110.0	43918.0	156.0	202.0	144.0	124.0	44.0	33.0	30.0	44.0	41.0	41.0	21.0	52.00.0	0.0	0.0	0.0	10.0	0.0	9.0	7.0	0.0
	5p	-	44	13900.0	7775.0	7926.0	12584.0	42185.0	152.0	199.0	138.0	114.0	47.0	38.0	26.0	56.0	44.0	30.0	23.0	51.00.0	0.0	0.0	0.0	20.0	0.0	5.0	3.0	0.0
	5p	-	45	13170.0	7578.0	7540.0	12159.0	40447.0	132.0	215.0	140.0	130.0	42.0	46.0	30.0	35.0	37.0	37.0	21.0	39.00.0	0.0	0.0	0.0	14.0	0.0	4.0	7.0	0.0
	5p	-	46	12720.0	7130.0	7239.0	11680.0	38769.0	150.0	178.0	113.0	121.0	42.0	34.0	22.0	50.0	31.0	40.0	21.0	45.00.0	0.0	0.0	0.0	11.0	0.0	6.0	4.0	0.0
	5p	-	47	12144.0	6935.0	6884.0	11144.0	37107.0	114.0	175.0	131.0	109.0	51.0	52.0	26.0	38.0	35.0	43.0	20.0	45.00.0	0.0	0.0	0.0	11.0	0.0	2.0	1.0	0.0
	5p	-	48	11746.0	6569.0	6537.0	10655.0	35507.0	112.0	176.0	113.0	107.0	46.0	28.0	21.0	39.0	29.0	42.0	24.0	47.00.0	0.0	0.0	0.0	13.0	0.0	2.0	3.0	0.0
	5p	-	49	10861.0	6510.0	6392.0	10180.0	33943.0	129.0	178.0	100.0	82.0	33.0	35.0	23.0	38.0	46.0	36.0	29.0	40.00.0	0.0	0.0	0.0	15.0	0.0	3.0	5.0	0.0
	5p	-	50	10639.0	5990.0	6140.0	9658.0	32427.0	113.0	177.0	87.0	88.0	35.0	28.0	29.0	32.0	37.0	29.0	29.0	39.00.0	0.0	0.0	0.0	6.0	0.0	3.0	2.0	0.0
	5p	-	51	9950.0	5858.0	5754.0	9302.0	30864.0	92.0	158.0	68.0	92.0	34.0	35.0	20.0	30.0	27.0	28.0	23.0	55.00.0	0.0	0.0	0.0	8.0	0.0	8.0	4.0	0.0
	5p	-	52	9404.0	5541.0	5472.0	8886.0	29303.0	108.0	152.0	75.0	92.0	30.0	45.0	26.0	35.0	34.0	33.0	15.0	36.00.0	0.0	0.0	0.0	12.0	0.0	4.0	4.0	0.0
	5p	-	53	9104.0	5291.0	5209.0	8212.0	27816.0	99.0	147.0	75.0	62.0	38.0	37.0	25.0	26.0	34.0	28.0	26.0	51.00.0	0.0	0.0	0.0	9.0	0.0	4.0	0.0	0.0
	5p	-	54	8508.0	5060.0	4860.0	7989.0	26417.0	91.0	132.0	86.0	87.0	36.0	26.0	26.0	23.0	23.0	32.0	22.0	36.00.0	0.0	0.0	0.0	7.0	0.0	4.0	5.0	0.0
	5p	-	55	7969.0	4788.0	4684.0	7671.0	25112.0	75.0	133.0	69.0	85.0	26.0	21.0	15.0	37.0	22.0	20.0	18.0	38.00.0	0.0	0.0	0.0	8.0	0.0	3.0	4.0	0.0
	5p	-	56	7742.0	4386.0	4446.0	7246.0	23820.0	89.0	132.0	72.0	67.0	29.0	34.0	27.0	20.0	16.0	18.0	21.0	33.00.0	0.0	0.0	0.0	8.0	0.0	1.0	0.0	0.0
	5p	-	57	7336.0	4238.0	4228.0	6775.0	22577.0	79.0	108.0	53.0	67.0	32.0	29.0	21.0	29.0	21.0	25.0	14.0	37.00.0	0.0	0.0	0.0	2.0	0.0	4.0	3.0	0.0
	5p	-	58	7011.0	4001.0	3961.0	6442.0	21415.0	65.0	140.0	73.0	52.0	35.0	27.0	20.0	28.0	26.0	21.0	24.0	31.00.0	0.0	0.0	0.0	4.0	0.0	2.0	3.0	0.0
	5p	-	59	6596.0	3817.0	3810.0	6056.0	20279.0	63.0	100.0	62.0	42.0	28.0	35.0	22.0	21.0	10.0	21.0	13.0	23.00.0	0.0	0.0	0.0	2.0	0.0	1.0	3.0	0.0
	5p	-	60	6307.0	3592.0	3569.0	5713.0	19181.0	47.0	123.0	66.0	64.0	17.0	20.0	15.0	28.0	15.0	13.0	18.0	30.00.0	0.0	0.0	0.0	3.0	0.0	1.0	0.0	0.0
	5p	-	61	5720.0	3507.0	3434.0	5410.0	18071.0	70.0	109.0	47.0	46.0	14.0	17.0	15.0	15.0	22.0	13.0	10.0	31.00.0	0.0	0.0	0.0	4.0	0.0	5.0	1.0	0.0
	5p	-	62	5435.0	3280.0	3150.0	5166.0	17031.0	48.0	95.0	42.0	52.0	20.0	25.0	24.0	21.0	9.0	13.0	13.0	22.00.0	0.0	0.0	0.0	2.0	0.0	3.0	1.0	0.0
	5p	-	63	5182.0	3015.0	2957.0	4885.0	16039.0	50.0	93.0	37.0	43.0	13.0	19.0	13.0	18.0	14.0	16.0	11.0	19.00.0	0.0	0.0	0.0	5.0	0.0	2.0	1.0	0.0
	5p	-	64	4920.0	2860.0	2804.0	4513.0	15097.0	52.0	98.0	40.0	36.0	19.0	14.0	16.0	17.0	21.0	17.0	6.0	15.00.0	0.0	0.0	0.0	2.0	0.0	1.0	1.0	0.0
	5p	-	65	4607.0	2712.0	2647.0	4226.0	14192.0	51.0	96.0	43.0	42.0	7.0	21.0	10.0	16.0	14.0	21.0	14.0	24.00.0	0.0	0.0	0.0	2.0	0.0	1.0	3.0	0.0
	5p	-	66	4275.0	2519.0	2501.0	4045.0	13340.0	48.0	69.0	39.0	41.0	16.0	16.0	5.0	22.0	14.0	12.0	4.0	19.00.0	0.0	0.0	0.0	2.0	0.0	0.0	1.0	0.0
	5p	-	67	4085.0	2420.0	2311.0	3723.0	12539.0	41.0	70.0	47.0	25.0	13.0	15.0	14.0	20.0	12.0	11.0	12.0	21.00.0	0.0	0.0	0.0	0.0	0.0	1.0	0.0	0.0
	5p	-	68	3799.0	2176.0	2135.0	3615.0	11725.0	44.0	83.0	38.0	56.0	11.0	18.0	8.0	9.0	13.0	16.0	10.0	11.00.0	0.0	0.0	0.0	2.0	0.0	3.0	0.0	0.0
	5p	-	69	3493.0	2120.0	2108.0	3227.0	10948.0	38.0	68.0	38.0	18.0	16.0	16.0	11.0	4.0	14.0	7.0	13.0	15.00.0	0.0	0.0	0.0	3.0	0.0	2.0	2.0	0.0
	5p	-	70	3341.0	1914.0	1837.0	3086.0	10178.0	29.0	55.0	41.0	29.0	15.0	18.0	9.0	6.0	9.0	8.0	8.0	10.00.0	0.0	0.0	0.0	3.0	0.0	0.0	1.0	0.0
	5p	-	71	3077.0	1849.0	1739.0	2809.0	9474.0	33.0	55.0	20.0	22.0	6.0	9.0	7.0	8.0	9.0	9.0	8.0	8.00.0	0.0	0.0	0.0	4.0	0.0	3.0	2.0	0.0
	5p	-	72	2872.0	1709.0	1652.0	2592.0	8825.0	28.0	55.0	27.0	24.0	12.0	14.0	3.0	15.0	6.0	6.0	6.0	11.00.0	0.0	0.0	0.0	3.0	0.0	0.0	1.0	0.0
	5p	-	73	2583.0	1597.0	1449.0	2551.0	8180.0	33.0	55.0	24.0	18.0	10.0	11.0	10.0	13.0	10.0	8.0	10.0	8.00.0	0.0	0.0	0.0	4.0	0.0	2.0	0.0	0.0
	5p	-	74	2449.0	1390.0	1448.0	2261.0	7548.0	22.0	43.0	27.0	20.0	6.0	13.0	3.0	15.0	5.0	14.0	8.0	9.00.0	0.0	0.0	0.0	2.0	0.0	1.0	0.0	0.0
	5p	-	75	2250.0	1378.0	1235.0	2103.0	6966.0	19.0	65.0	19.0	22.0	12.0	12.0	4.0	10.0	7.0	11.0	5.0	6.00.0	0.0	0.0	0.0	2.0	0.0	2.0	1.0	0.0
	5p	-	76	2064.0	1258.0	1129.0	1949.0	6400.0	18.0	40.0	24.0	26.0	9.0	7.0	8.0	6.0	6.0	4.0	3.0	10.00.0	0.0	0.0	0.0	1.0	0.0	1.0	0.0	0.0
	5p	-	77	1920.0	1134.0	1043.0	1725.0	5822.0	22.0	39.0	18.0	17.0	8.0	10.0	6.0	9.0	7.0	9.0	10.0	9.00.0	0.0	0.0	0.0	1.0	0.0	0.0	1.0	0.0
	5p	-	78	1716.0	1008.0	992.0	1569.0	5285.0	15.0	40.0	19.0	23.0	12.0	7.0	8.0	10.0	4.0	11.0	5.0	5.00.0	0.0	0.0	0.0	1.0	0.0	0.0	0.0	0.0
	5p	-	79	1540.0	879.0	869.0	1493.0	4781.0	24.0	38.0	13.0	20.0	4.0	7.0	6.0	2.0	8.0	9.0	3.0	10.00.0	0.0	0.0	0.0	0.0	0.0	0.0	0.0	0.0
	5p	-	80	1422.0	791.0	773.0	1316.0	4302.0	16.0	21.0	18.0	11.0	3.0	9.0	5.0	4.0	5.0	5.0	5.0	8.00.0	0.0	0.0	0.0	0.0	0.0	0.0	0.0	0.0
	5p	-	81	1258.0	695.0	714.0	1156.0	3823.0	13.0	21.0	16.0	12.0	3.0	7.0	1.0	6.0	3.0	2.0	3.0	4.00.0	0.0	0.0	0.0	0.0	0.0	0.0	1.0	0.0
	5p	-	82	1091.0	680.0	602.0	1004.0	3377.0	11.0	30.0	5.0	11.0	3.0	10.0	3.0	3.0	2.0	6.0	4.0	4.00.0	0.0	0.0	0.0	0.0	0.0	0.0	0.0	0.0
	5p	-	83	1027.0	542.0	496.0	889.0	2954.0	10.0	15.0	18.0	8.0	6.0	0.0	6.0	4.0	4.0	5.0	2.0	5.00.0	0.0	0.0	0.0	0.0	0.0	0.0	0.0	0.0
	5p	-	84	837.0	457.0	447.0	792.0	2533.0	7.0	24.0	9.0	5.0	6.0	3.0	2.0	4.0	1.0	3.0	3.0	2.00.0	0.0	0.0	0.0	0.0	0.0	0.0	0.0	0.0
	5p	-	85	706.0	394.0	372.0	661.0	2133.0	6.0	13.0	11.0	13.0	0.0	2.0	2.0	1.0	1.0	1.0	3.0	3.00.0	0.0	0.0	0.0	0.0	0.0	0.0	0.0	0.0
	5p	-	86	586.0	353.0	323.0	560.0	1822.0	8.0	18.0	4.0	1.0	4.0	4.0	1.0	4.0	2.0	4.0	2.0	2.00.0	0.0	0.0	0.0	0.0	0.0	1.0	0.0	0.0
	5p	-	87	511.0	281.0	252.0	440.0	1484.0	8.0	10.0	6.0	5.0	0.0	3.0	2.0	2.0	2.0	2.0	0.0	2.00.0	0.0	0.0	0.0	0.0	0.0	0.0	0.0	0.0
	5p	-	88	416.0	221.0	196.0	324.0	1157.0	2.0	20.0	1.0	8.0	2.0	0.0	0.0	1.0	1.0	2.0	0.0	1.00.0	0.0	0.0	0.0	0.0	0.0	0.0	0.0	0.0
	5p	-	89	319.0	165.0	131.0	239.0	854.0	0.0	19.0	2.0	2.0	0.0	4.0	1.0	2.0	3.0	2.0	1.0	1.00.0	0.0	0.0	0.0	0.0	0.0	0.0	0.0	0.0
	5p	-	90	188.0	111.0	102.0	170.0	571.0	5.0	10.0	1.0	2.0	1.0	0.0	1.0	1.0	0.0	0.0	0.0	1.00.0	0.0	0.0	0.0	0.0	0.0	0.0	0.0	0.0
	5p	-	91	103.0	49.0	44.0	85.0	281.0	1.0	5.0	0.0	2.0	0.0	0.0	1.0	2.0	1.0	0.0	0.0	1.00.0	0.0	0.0	0.0	0.0	0.0	0.0	0.0	0.0
	5p	-	92	0.0	0.0	0.0	0.0	0.0	0.0	0.0	0.0	0.0	0.0	0.0	0.0	0.0	0.0	0.0	0.0	0.00.0	0.0	0.0	0.0	0.0	0.0	0.0	0.0	0.0
	5p	-	93	0.0	0.0	0.0	0.0	0.0	0.0	0.0	0.0	0.0	0.0	0.0	0.0	0.0	0.0	0.0	0.0	0.00.0	0.0	0.0	0.0	0.0	0.0	0.0	0.0	0.0
	5p	-	94	0.0	0.0	0.0	0.0	0.0	0.0	0.0	0.0	0.0	0.0	0.0	0.0	0.0	0.0	0.0	0.0	0.00.0	0.0	0.0	0.0	0.0	0.0	0.0	0.0	0.0
	5p	-	95	0.0	0.0	0.0	0.0	0.0	0.0	0.0	0.0	0.0	0.0	0.0	0.0	0.0	0.0	0.0	0.0	0.00.0	0.0	0.0	0.0	0.0	0.0	0.0	0.0	0.0
	5p	-	96	0.0	0.0	0.0	0.0	0.0	0.0	0.0	0.0	0.0	0.0	0.0	0.0	0.0	0.0	0.0	0.0	0.00.0	0.0	0.0	0.0	0.0	0.0	0.0	0.0	0.0
	5p	-	97	0.0	0.0	0.0	0.0	0.0	0.0	0.0	0.0	0.0	0.0	0.0	0.0	0.0	0.0	0.0	0.0	0.00.0	0.0	0.0	0.0	0.0	0.0	0.0	0.0	0.0
	5p	-	98	0.0	0.0	0.0	0.0	0.0	0.0	0.0	0.0	0.0	0.0	0.0	0.0	0.0	0.0	0.0	0.0	0.00.0	0.0	0.0	0.0	0.0	0.0	0.0	0.0	0.0
	5p	-	99	0.0	0.0	0.0	0.0	0.0	0.0	0.0	0.0	0.0	0.0	0.0	0.0	0.0	0.0	0.0	0.0	0.00.0	0.0	0.0	0.0	0.0	0.0	0.0	0.0	0.0
	5p	-	100	0.0	0.0	0.0	0.0	0.0	0.0	0.0	0.0	0.0	0.0	0.0	0.0	0.0	0.0	0.0	0.0	0.00.0	0.0	0.0	0.0	0.0	0.0	0.0	0.0	0.0
