# table produced by DamageProfiler
# using mapped file RxA005.ReedbuckBh_Human_nc.Target.rmdup.noMicro.bam
# Sample ID: RxA005.ReedbuckBh_Human_nc.Target.rmdup.noMicro.bam
Pos	C>T	G>A	A>C	A>G	A>T	C>A	C>G	G>C	G>T	T>A	T>C	T>G	->ACGT	ACGT>-
24	0.017241	0.057143	0.000000	0.014493	0.000000	0.017241	0.017241	0.000000	0.057143	0.000000	0.016667	0.016667	0.022523	0.000000
23	0.000000	0.028571	0.000000	0.025000	0.012500	0.039216	0.039216	0.000000	0.000000	0.000000	0.034483	0.000000	0.008929	0.000000
22	0.000000	0.000000	0.013889	0.013889	0.000000	0.000000	0.046512	0.000000	0.023256	0.016129	0.000000	0.016129	0.027273	0.000000
21	0.032258	0.027027	0.046154	0.030769	0.030769	0.016129	0.032258	0.000000	0.027027	0.000000	0.016667	0.000000	0.008929	0.000000
20	0.040816	0.025000	0.014706	0.014706	0.014706	0.000000	0.040816	0.000000	0.025000	0.043478	0.014493	0.014493	0.004425	0.000000
19	0.053571	0.000000	0.000000	0.039474	0.013158	0.000000	0.017857	0.029412	0.058824	0.000000	0.016667	0.000000	0.004425	0.000000
18	0.018182	0.048780	0.013514	0.040541	0.000000	0.000000	0.018182	0.000000	0.000000	0.000000	0.018182	0.018182	0.008889	0.000000
17	0.017857	0.050000	0.000000	0.000000	0.013889	0.000000	0.000000	0.000000	0.025000	0.016949	0.016949	0.000000	0.000000	0.000000
16	0.000000	0.046512	0.000000	0.038961	0.012987	0.019608	0.000000	0.000000	0.023256	0.000000	0.018868	0.000000	0.013393	0.000000
15	0.000000	0.028571	0.000000	0.013699	0.013699	0.020833	0.000000	0.000000	0.028571	0.000000	0.043478	0.028986	0.004444	0.000000
14	0.036364	0.027778	0.027778	0.000000	0.000000	0.000000	0.000000	0.000000	0.000000	0.000000	0.016393	0.016393	0.008929	0.000000
13	0.069767	0.051282	0.031746	0.015873	0.015873	0.000000	0.000000	0.000000	0.000000	0.000000	0.037975	0.037975	0.008929	0.000000
12	0.035088	0.043478	0.016393	0.016393	0.000000	0.035088	0.052632	0.000000	0.000000	0.000000	0.000000	0.000000	0.027273	0.000000
11	0.017544	0.026316	0.013699	0.013699	0.000000	0.017544	0.017544	0.000000	0.000000	0.000000	0.000000	0.016949	0.000000	0.000000
10	0.020833	0.096774	0.000000	0.028169	0.028169	0.000000	0.020833	0.032258	0.000000	0.014085	0.014085	0.028169	0.013575	0.000000
9	0.030303	0.020408	0.013333	0.000000	0.000000	0.000000	0.000000	0.000000	0.000000	0.000000	0.000000	0.000000	0.004444	0.000000
8	0.000000	0.000000	0.000000	0.000000	0.000000	0.000000	0.000000	0.000000	0.047619	0.000000	0.029412	0.044118	0.022523	0.000000
7	0.018868	0.000000	0.014085	0.042254	0.014085	0.018868	0.000000	0.000000	0.023810	0.034483	0.017241	0.017241	0.013393	0.000000
6	0.038462	0.032258	0.000000	0.013333	0.013333	0.019231	0.000000	0.032258	0.000000	0.014493	0.043478	0.014493	0.000000	0.000000
5	0.023256	0.027027	0.011494	0.011494	0.011494	0.000000	0.023256	0.054054	0.027027	0.034483	0.017241	0.000000	0.008889	0.000000
4	0.053571	0.027778	0.015385	0.015385	0.015385	0.035714	0.000000	0.000000	0.000000	0.000000	0.014493	0.000000	0.004425	0.000000
3	0.050000	0.000000	0.012048	0.024096	0.024096	0.016667	0.000000	0.000000	0.026316	0.000000	0.043478	0.000000	0.000000	0.000000
2	0.016129	0.047619	0.014493	0.043478	0.028986	0.016129	0.000000	0.000000	0.000000	0.037037	0.000000	0.000000	0.000000	0.000000
1	0.033333	0.062500	0.011905	0.023810	0.000000	0.016667	0.000000	0.062500	0.000000	0.019608	0.000000	0.019608	0.000000	0.000000
0	0.037736	0.039216	0.025641	0.051282	0.038462	0.018868	0.018868	0.078431	0.000000	0.000000	0.044444	0.000000	0.000000	0.000000
