# table produced by DamageProfiler
# using mapped file RxA005.ReedbuckBh_Human_nc.Target.rmdup.noMicro.bam
# Sample ID: RxA005.ReedbuckBh_Human_nc.Target.rmdup.noMicro.bam
Pos	C>T	G>A	A>C	A>G	A>T	C>A	C>G	G>C	G>T	T>A	T>C	T>G	->ACGT	ACGT>-
0	0.086207	0.071429	0.014286	0.028571	0.014286	0.068966	0.017241	0.035714	0.000000	0.014085	0.014085	0.028169	0.000000	0.000000
1	0.000000	0.054054	0.012987	0.051948	0.025974	0.016393	0.032787	0.054054	0.000000	0.057692	0.019231	0.000000	0.000000	0.000000
2	0.018868	0.029412	0.035714	0.011905	0.000000	0.056604	0.000000	0.029412	0.000000	0.017857	0.035714	0.000000	0.000000	0.000000
3	0.042553	0.018182	0.025000	0.025000	0.000000	0.042553	0.000000	0.018182	0.036364	0.000000	0.044444	0.044444	0.000000	0.000000
4	0.023810	0.000000	0.000000	0.028986	0.000000	0.047619	0.000000	0.058824	0.019608	0.032258	0.048387	0.016129	0.008929	0.000000
5	0.031250	0.000000	0.000000	0.000000	0.015385	0.031250	0.015625	0.000000	0.023810	0.037736	0.018868	0.018868	0.013393	0.000000
6	0.000000	0.000000	0.000000	0.013514	0.013514	0.063830	0.063830	0.022727	0.000000	0.000000	0.067797	0.000000	0.004464	0.000000
7	0.043478	0.000000	0.000000	0.014493	0.014493	0.000000	0.021739	0.000000	0.000000	0.000000	0.047619	0.000000	0.013575	0.000000
8	0.042553	0.000000	0.014706	0.044118	0.029412	0.021277	0.021277	0.000000	0.023810	0.015152	0.000000	0.015152	0.013453	0.000000
9	0.021739	0.000000	0.000000	0.000000	0.016949	0.000000	0.000000	0.000000	0.040816	0.043478	0.028986	0.014493	0.008969	0.000000
10	0.017857	0.000000	0.013333	0.040000	0.013333	0.000000	0.017857	0.000000	0.024390	0.000000	0.018868	0.018868	0.004444	0.000000
11	0.000000	0.022727	0.054795	0.013699	0.000000	0.022222	0.022222	0.000000	0.022727	0.000000	0.015625	0.000000	0.000000	0.000000
12	0.062500	0.088889	0.014493	0.028986	0.000000	0.000000	0.000000	0.044444	0.022222	0.000000	0.015625	0.000000	0.004425	0.000000
13	0.000000	0.025641	0.014085	0.000000	0.000000	0.018868	0.000000	0.000000	0.000000	0.000000	0.032258	0.000000	0.004444	0.000000
14	0.000000	0.057143	0.000000	0.038462	0.000000	0.017241	0.000000	0.000000	0.028571	0.000000	0.037736	0.037736	0.004464	0.000000
15	0.065217	0.000000	0.014925	0.000000	0.000000	0.021739	0.021739	0.000000	0.000000	0.014286	0.042857	0.014286	0.008889	0.000000
16	0.036364	0.000000	0.000000	0.000000	0.000000	0.018182	0.000000	0.000000	0.027778	0.000000	0.031746	0.000000	0.000000	0.000000
17	0.036364	0.000000	0.016129	0.000000	0.016129	0.000000	0.036364	0.000000	0.000000	0.000000	0.000000	0.014925	0.008929	0.000000
18	0.040000	0.025000	0.028571	0.014286	0.000000	0.020000	0.040000	0.025000	0.000000	0.000000	0.000000	0.015625	0.008929	0.000000
19	0.021739	0.026316	0.027027	0.040541	0.013514	0.021739	0.021739	0.026316	0.000000	0.000000	0.000000	0.015152	0.008929	0.000000
20	0.037736	0.050000	0.000000	0.014706	0.000000	0.018868	0.000000	0.000000	0.025000	0.000000	0.048387	0.032258	0.004484	0.000000
21	0.000000	0.043478	0.013514	0.000000	0.000000	0.000000	0.000000	0.000000	0.065217	0.000000	0.017857	0.035714	0.008969	0.000000
22	0.000000	0.023810	0.000000	0.015625	0.015625	0.018519	0.000000	0.023810	0.000000	0.016129	0.016129	0.032258	0.013514	0.000000
23	0.028571	0.051282	0.033333	0.016667	0.000000	0.000000	0.000000	0.025641	0.025641	0.000000	0.017857	0.000000	0.000000	0.000000
24	0.000000	0.027778	0.013699	0.013699	0.000000	0.000000	0.000000	0.055556	0.027778	0.000000	0.042254	0.014085	0.004425	0.000000
