# table produced by DamageProfiler
# using mapped file RxA005.ReedbuckBh_Human_nc.Target.rmdup.noMicro.bam
# Sample ID: RxA005.ReedbuckBh_Human_nc.Target.rmdup.noMicro.bam
Chr	End	Std	Pos	A	C	G	T	Total
	3p	+	1	37	30	23	25	115
	3p	+	2	48	33	15	19	115
	3p	+	3	36	32	21	26	115
	3p	+	4	44	35	18	18	115
	3p	+	5	31	29	18	37	115
	3p	+	6	46	19	19	31	115
	3p	+	7	37	28	16	34	115
	3p	+	8	39	28	21	27	115
	3p	+	9	43	22	16	34	115
	3p	+	10	36	18	30	31	115
	3p	+	11	42	22	17	34	115
	3p	+	12	39	21	17	38	115
	3p	+	13	34	31	27	23	115
	3p	+	14	36	19	20	40	115
	3p	+	15	40	24	21	30	115
	3p	+	16	39	25	16	35	115
	3p	+	17	39	24	22	30	115
	3p	+	18	41	22	15	37	115
	3p	+	19	37	25	25	28	115
	3p	+	20	37	24	16	38	115
	3p	+	21	35	22	24	34	115
	3p	+	22	34	31	21	29	115
	3p	+	23	38	24	25	28	115
	3p	+	24	41	24	19	31	115
	3p	+	25	37	28	13	37	115
	3p	+	26	34	31	25	25	115
	3p	+	27	35	22	31	27	115
	3p	+	28	52	23	17	23	115
	3p	+	29	28	30	26	31	115
	3p	+	30	34	28	20	33	115
	3p	+	31	29	21	12	26	88
	3p	+	32	21	20	14	25	80
	3p	+	33	23	15	20	16	74
	3p	+	34	20	15	13	25	73
	3p	+	35	21	10	20	19	70
	3p	+	36	26	13	5	23	67
	3p	+	37	22	19	7	18	66
	3p	+	38	18	20	9	16	63
	3p	+	39	17	20	10	11	58
	3p	+	40	19	13	9	16	57
	3p	+	41	18	14	3	21	56
	3p	+	42	17	13	10	14	54
	3p	+	43	14	15	11	11	51
	3p	+	44	15	7	6	20	48
	3p	+	45	14	9	11	10	44
	3p	+	46	17	8	6	11	42
	3p	+	47	10	10	7	14	41
	3p	+	48	12	7	9	8	36
	3p	+	49	9	8	5	13	35
	3p	+	50	7	7	6	11	31
	3p	+	51	9	6	5	10	30
	3p	+	52	9	4	8	7	28
	3p	+	53	10	1	10	7	28
	3p	+	54	8	6	5	6	25
	3p	+	55	3	7	5	10	25
	3p	+	56	5	4	9	5	23
	3p	+	57	7	1	4	10	22
	3p	+	58	5	4	3	9	21
	3p	+	59	5	3	6	6	20
	3p	+	60	7	4	2	7	20
	3p	+	61	5	5	3	7	20
	3p	+	62	9	1	1	9	20
	3p	+	63	5	3	6	5	19
	3p	+	64	7	1	2	9	19
	3p	+	65	4	3	5	6	18
	3p	+	66	3	3	3	8	17
	3p	+	67	6	3	3	4	16
	3p	+	68	6	3	3	4	16
	3p	+	69	6	4	0	6	16
	3p	+	70	8	2	1	5	16
	3p	+	71	5	3	2	6	16
	3p	+	72	2	4	2	8	16
	3p	+	73	8	2	3	2	15
	3p	+	74	4	4	0	5	13
	3p	+	75	2	4	4	3	13
	3p	+	76	3	2	1	7	13
	3p	+	77	3	2	3	5	13
	3p	+	78	3	2	1	6	12
	3p	+	79	4	2	2	3	11
	3p	+	80	3	0	3	5	11
	3p	+	81	5	0	2	4	11
	3p	+	82	3	4	0	4	11
	3p	+	83	3	0	2	4	9
	3p	+	84	2	0	4	3	9
	3p	+	85	4	0	2	3	9
	3p	+	86	1	2	4	2	9
	3p	+	87	3	2	1	3	9
	3p	+	88	3	1	0	3	7
	3p	+	89	1	1	1	3	6
	3p	+	90	3	1	0	1	5
	3p	+	91	3	0	0	2	5
	3p	+	92	2	0	1	2	5
	3p	+	93	3	0	0	2	5
	3p	+	94	2	0	1	2	5
	3p	+	95	2	0	2	1	5
	3p	+	96	4	0	0	1	5
	3p	+	97	2	1	1	1	5
	3p	+	98	1	1	1	2	5
	3p	+	99	2	1	1	1	5
	3p	+	100	0	2	0	2	4
	3p	-	1	35	27	27	23	112
	3p	-	2	37	27	16	32	112
	3p	-	3	32	29	22	29	112
	3p	-	4	35	24	21	32	112
	3p	-	5	34	25	18	35	112
	3p	-	6	41	27	17	27	112
	3p	-	7	39	25	15	33	112
	3p	-	8	30	27	25	30	112
	3p	-	9	25	29	27	31	112
	3p	-	10	39	16	18	39	112
	3p	-	11	30	26	17	39	112
	3p	-	12	34	34	23	21	112
	3p	-	13	32	22	22	36	112
	3p	-	14	25	26	23	38	112
	3p	-	15	31	34	15	32	112
	3p	-	16	34	26	20	32	112
	3p	-	17	37	30	21	24	112
	3p	-	18	33	34	22	23	112
	3p	-	19	36	30	20	26	112
	3p	-	20	36	30	19	27	112
	3p	-	21	34	25	19	34	112
	3p	-	22	26	31	19	36	112
	3p	-	23	35	21	22	34	112
	3p	-	24	40	26	19	27	112
	3p	-	25	37	29	22	24	112
	3p	-	26	29	24	20	39	112
	3p	-	27	40	29	18	25	112
	3p	-	28	35	34	18	25	112
	3p	-	29	45	18	19	30	112
	3p	-	30	30	23	21	38	112
	3p	-	31	29	22	15	26	92
	3p	-	32	22	17	13	27	79
	3p	-	33	20	25	11	18	74
	3p	-	34	25	19	8	19	71
	3p	-	35	20	14	15	21	70
	3p	-	36	16	18	10	24	68
	3p	-	37	21	11	13	19	64
	3p	-	38	24	12	8	20	64
	3p	-	39	22	10	9	20	61
	3p	-	40	19	15	11	14	59
	3p	-	41	18	9	11	18	56
	3p	-	42	19	11	10	13	53
	3p	-	43	18	9	16	9	52
	3p	-	44	19	12	9	12	52
	3p	-	45	19	13	11	6	49
	3p	-	46	10	10	14	8	42
	3p	-	47	12	8	9	11	40
	3p	-	48	14	7	10	7	38
	3p	-	49	10	8	8	11	37
	3p	-	50	10	8	5	11	34
	3p	-	51	10	8	7	6	31
	3p	-	52	10	5	6	10	31
	3p	-	53	10	6	4	10	30
	3p	-	54	5	9	6	9	29
	3p	-	55	6	5	6	11	28
	3p	-	56	6	4	6	11	27
	3p	-	57	5	8	5	7	25
	3p	-	58	10	5	3	4	22
	3p	-	59	4	7	5	4	20
	3p	-	60	7	3	4	5	19
	3p	-	61	6	3	3	6	18
	3p	-	62	5	7	2	2	16
	3p	-	63	1	4	6	5	16
	3p	-	64	5	3	4	4	16
	3p	-	65	2	5	4	5	16
	3p	-	66	3	2	2	7	14
	3p	-	67	3	4	2	5	14
	3p	-	68	4	4	3	3	14
	3p	-	69	6	5	1	1	13
	3p	-	70	4	4	3	1	12
	3p	-	71	3	0	4	5	12
	3p	-	72	4	3	1	3	11
	3p	-	73	1	4	2	3	10
	3p	-	74	3	3	2	2	10
	3p	-	75	3	2	2	2	9
	3p	-	76	0	1	4	2	7
	3p	-	77	3	1	2	1	7
	3p	-	78	2	2	2	1	7
	3p	-	79	3	1	2	0	6
	3p	-	80	3	0	1	2	6
	3p	-	81	2	2	1	1	6
	3p	-	82	1	0	4	0	5
	3p	-	83	3	1	1	0	5
	3p	-	84	2	0	2	0	4
	3p	-	85	2	0	1	1	4
	3p	-	86	1	0	2	1	4
	3p	-	87	1	0	3	0	4
	3p	-	88	1	0	3	0	4
	3p	-	89	1	0	2	1	4
	3p	-	90	2	2	0	0	4
	3p	-	91	0	2	1	1	4
	3p	-	92	0	1	1	2	4
	3p	-	93	1	0	0	3	4
	3p	-	94	0	1	1	1	3
	3p	-	95	2	0	0	1	3
	3p	-	96	1	1	1	0	3
	3p	-	97	2	0	0	1	3
	3p	-	98	1	0	2	0	3
	3p	-	99	1	1	1	0	3
	3p	-	100	1	1	0	1	3
	5p	+	1	42	20	13	40	115
	5p	+	2	35	30	24	26	115
	5p	+	3	37	30	21	27	115
	5p	+	4	42	18	30	25	115
	5p	+	5	34	25	28	28	115
	5p	+	6	34	29	21	31	115
	5p	+	7	33	29	21	32	115
	5p	+	8	33	23	23	36	115
	5p	+	9	29	26	25	35	115
	5p	+	10	37	21	28	29	115
	5p	+	11	40	29	14	32	115
	5p	+	12	35	20	26	34	115
	5p	+	13	36	24	21	34	115
	5p	+	14	37	27	17	34	115
	5p	+	15	40	29	18	28	115
	5p	+	16	39	25	17	34	115
	5p	+	17	35	25	21	34	115
	5p	+	18	34	28	18	35	115
	5p	+	19	36	21	22	36	115
	5p	+	20	37	19	19	40	115
	5p	+	21	40	23	21	31	115
	5p	+	22	36	26	23	30	115
	5p	+	23	33	25	26	31	115
	5p	+	24	41	35	14	25	115
	5p	+	25	38	24	19	34	115
	5p	+	26	32	28	24	31	115
	5p	+	27	32	28	16	39	115
	5p	+	28	39	25	21	30	115
	5p	+	29	33	30	23	29	115
	5p	+	30	42	30	15	28	115
	5p	+	31	27	19	15	27	88
	5p	+	32	24	15	16	25	80
	5p	+	33	22	21	13	18	74
	5p	+	34	27	9	13	24	73
	5p	+	35	25	17	14	14	70
	5p	+	36	24	15	14	14	67
	5p	+	37	26	11	5	24	66
	5p	+	38	17	14	11	21	63
	5p	+	39	17	13	8	20	58
	5p	+	40	18	23	5	11	57
	5p	+	41	14	13	10	19	56
	5p	+	42	23	7	9	15	54
	5p	+	43	16	9	11	15	51
	5p	+	44	14	11	8	15	48
	5p	+	45	17	12	7	8	44
	5p	+	46	16	7	8	11	42
	5p	+	47	12	13	7	9	41
	5p	+	48	12	6	8	10	36
	5p	+	49	8	8	7	12	35
	5p	+	50	13	4	5	9	31
	5p	+	51	8	7	4	11	30
	5p	+	52	6	6	4	12	28
	5p	+	53	8	2	5	13	28
	5p	+	54	8	6	5	6	25
	5p	+	55	10	7	4	4	25
	5p	+	56	9	5	3	6	23
	5p	+	57	7	4	5	6	22
	5p	+	58	12	3	3	3	21
	5p	+	59	7	1	3	9	20
	5p	+	60	3	3	5	9	20
	5p	+	61	10	4	1	5	20
	5p	+	62	7	5	2	6	20
	5p	+	63	5	4	2	8	19
	5p	+	64	4	3	3	9	19
	5p	+	65	5	1	6	6	18
	5p	+	66	7	4	1	5	17
	5p	+	67	7	2	2	5	16
	5p	+	68	6	1	3	6	16
	5p	+	69	1	4	5	6	16
	5p	+	70	6	3	2	5	16
	5p	+	71	8	3	1	4	16
	5p	+	72	7	5	1	3	16
	5p	+	73	5	3	2	5	15
	5p	+	74	5	1	2	5	13
	5p	+	75	6	1	3	3	13
	5p	+	76	3	4	0	6	13
	5p	+	77	6	2	0	5	13
	5p	+	78	3	2	4	3	12
	5p	+	79	3	3	3	2	11
	5p	+	80	6	0	2	3	11
	5p	+	81	7	0	2	2	11
	5p	+	82	5	1	2	3	11
	5p	+	83	4	2	2	1	9
	5p	+	84	3	2	3	1	9
	5p	+	85	3	4	1	1	9
	5p	+	86	4	4	1	0	9
	5p	+	87	3	1	1	4	9
	5p	+	88	1	2	2	2	7
	5p	+	89	4	1	0	1	6
	5p	+	90	4	1	0	0	5
	5p	+	91	3	1	0	1	5
	5p	+	92	2	0	3	0	5
	5p	+	93	2	1	1	1	5
	5p	+	94	1	2	0	2	5
	5p	+	95	2	0	2	1	5
	5p	+	96	1	1	2	1	5
	5p	+	97	3	0	1	1	5
	5p	+	98	3	1	1	0	5
	5p	+	99	1	2	1	1	5
	5p	+	100	1	1	1	1	4
	5p	-	1	31	31	17	33	112
	5p	-	2	41	32	15	24	112
	5p	-	3	48	25	12	27	112
	5p	-	4	37	30	25	20	112
	5p	-	5	38	21	23	30	112
	5p	-	6	37	31	22	22	112
	5p	-	7	43	17	27	25	112
	5p	-	8	35	26	23	28	112
	5p	-	9	35	21	22	34	112
	5p	-	10	26	26	21	39	112
	5p	-	11	32	27	31	22	112
	5p	-	12	35	28	19	30	112
	5p	-	13	35	25	19	33	112
	5p	-	14	35	30	21	26	112
	5p	-	15	38	32	19	23	112
	5p	-	16	29	22	27	34	112
	5p	-	17	36	29	16	31	112
	5p	-	18	28	24	25	35	112
	5p	-	19	34	28	21	29	112
	5p	-	20	34	27	23	28	112
	5p	-	21	30	31	19	32	112
	5p	-	22	41	23	21	27	112
	5p	-	23	34	32	18	28	112
	5p	-	24	18	39	22	33	112
	5p	-	25	34	28	16	34	112
	5p	-	26	36	25	16	35	112
	5p	-	27	33	26	23	30	112
	5p	-	28	32	25	19	36	112
	5p	-	29	30	29	22	31	112
	5p	-	30	35	30	17	30	112
	5p	-	31	25	27	16	24	92
	5p	-	32	28	17	9	25	79
	5p	-	33	18	17	13	26	74
	5p	-	34	24	9	16	22	71
	5p	-	35	21	15	16	18	70
	5p	-	36	19	14	20	15	68
	5p	-	37	16	15	14	19	64
	5p	-	38	18	15	12	19	64
	5p	-	39	19	17	13	12	61
	5p	-	40	19	13	11	16	59
	5p	-	41	14	10	10	22	56
	5p	-	42	19	8	9	17	53
	5p	-	43	16	10	8	18	52
	5p	-	44	22	12	7	11	52
	5p	-	45	18	10	9	12	49
	5p	-	46	10	15	9	8	42
	5p	-	47	9	13	7	11	40
	5p	-	48	12	8	10	8	38
	5p	-	49	10	3	9	15	37
	5p	-	50	9	7	3	15	34
	5p	-	51	11	7	4	9	31
	5p	-	52	8	6	10	7	31
	5p	-	53	10	6	5	9	30
	5p	-	54	12	7	2	8	29
	5p	-	55	13	7	1	7	28
	5p	-	56	13	1	4	9	27
	5p	-	57	8	4	8	5	25
	5p	-	58	5	6	2	9	22
	5p	-	59	8	2	2	8	20
	5p	-	60	3	5	5	6	19
	5p	-	61	7	5	3	3	18
	5p	-	62	7	1	2	6	16
	5p	-	63	2	5	1	8	16
	5p	-	64	2	6	2	6	16
	5p	-	65	7	2	4	3	16
	5p	-	66	3	3	6	2	14
	5p	-	67	5	3	5	1	14
	5p	-	68	7	2	2	3	14
	5p	-	69	3	1	4	5	13
	5p	-	70	4	1	4	3	12
	5p	-	71	4	0	4	4	12
	5p	-	72	3	3	3	2	11
	5p	-	73	4	1	4	1	10
	5p	-	74	2	4	2	2	10
	5p	-	75	1	2	2	4	9
	5p	-	76	2	0	3	2	7
	5p	-	77	5	0	2	0	7
	5p	-	78	3	1	2	1	7
	5p	-	79	1	1	2	2	6
	5p	-	80	2	1	2	1	6
	5p	-	81	0	3	2	1	6
	5p	-	82	2	1	0	2	5
	5p	-	83	1	2	1	1	5
	5p	-	84	2	0	0	2	4
	5p	-	85	0	2	2	0	4
	5p	-	86	0	3	0	1	4
	5p	-	87	0	1	1	2	4
	5p	-	88	0	1	2	1	4
	5p	-	89	0	4	0	0	4
	5p	-	90	3	1	0	0	4
	5p	-	91	0	0	3	1	4
	5p	-	92	2	0	1	1	4
	5p	-	93	1	1	1	1	4
	5p	-	94	0	1	1	1	3
	5p	-	95	1	1	0	1	3
	5p	-	96	1	1	0	1	3
	5p	-	97	1	1	0	1	3
	5p	-	98	1	1	0	1	3
	5p	-	99	0	2	0	1	3
	5p	-	100	1	0	1	1	3
