# table produced by DamageProfiler
# using mapped file PaA007.BuffaloCape_Human_nc.Target.rmdup.noMicro.bam
# Sample ID: PaA007.BuffaloCape_Human_nc.Target.rmdup.noMicro.bam
Pos	C>T	G>A	A>C	A>G	A>T	C>A	C>G	G>C	G>T	T>A	T>C	T>G	->ACGT	ACGT>-
24	0.024096	0.032258	0.000000	0.008850	0.017699	0.000000	0.024096	0.016129	0.016129	0.020408	0.020408	0.020408	0.011236	0.000000
23	0.056338	0.037500	0.044248	0.035398	0.017699	0.000000	0.000000	0.000000	0.000000	0.000000	0.064516	0.010753	0.014006	0.000000
22	0.000000	0.032258	0.009009	0.027027	0.009009	0.013333	0.013333	0.016129	0.032258	0.018018	0.027027	0.009009	0.008357	0.000000
21	0.078947	0.014085	0.018182	0.027273	0.027273	0.013158	0.000000	0.028169	0.056338	0.009804	0.009804	0.039216	0.002786	0.000000
20	0.012658	0.027778	0.018182	0.018182	0.000000	0.000000	0.025316	0.013889	0.000000	0.010526	0.010526	0.010526	0.016854	0.000000
19	0.000000	0.031250	0.008696	0.026087	0.008696	0.012195	0.024390	0.015625	0.031250	0.021053	0.042105	0.010526	0.011236	0.000000
18	0.024096	0.000000	0.018868	0.037736	0.037736	0.000000	0.024096	0.000000	0.000000	0.009901	0.019802	0.000000	0.028571	0.000000
17	0.045455	0.016129	0.008130	0.040650	0.040650	0.015152	0.015152	0.000000	0.016129	0.000000	0.009709	0.009709	0.011299	0.000000
16	0.025974	0.037037	0.025210	0.016807	0.000000	0.025974	0.000000	0.000000	0.037037	0.019417	0.029126	0.009709	0.022663	0.000000
15	0.056338	0.053333	0.016807	0.025210	0.025210	0.014085	0.014085	0.013333	0.040000	0.000000	0.010753	0.010753	0.011173	0.000000
14	0.000000	0.012987	0.017241	0.008621	0.000000	0.014085	0.014085	0.000000	0.025974	0.000000	0.010870	0.000000	0.014045	0.000000
13	0.014706	0.061728	0.008547	0.025641	0.025641	0.029412	0.000000	0.024691	0.000000	0.000000	0.022989	0.022989	0.022663	0.000000
12	0.011765	0.016667	0.008621	0.017241	0.000000	0.011765	0.011765	0.033333	0.000000	0.010204	0.010204	0.000000	0.005571	0.000000
11	0.023810	0.025974	0.000000	0.009434	0.009434	0.000000	0.023810	0.000000	0.012987	0.011494	0.011494	0.034483	0.014124	0.000000
10	0.057143	0.017544	0.000000	0.000000	0.007874	0.042857	0.000000	0.035088	0.000000	0.010309	0.010309	0.020619	0.019943	0.000000
9	0.013333	0.030303	0.008065	0.008065	0.016129	0.000000	0.026667	0.000000	0.045455	0.011236	0.022472	0.011236	0.014124	0.000000
8	0.000000	0.014286	0.007752	0.031008	0.000000	0.017241	0.034483	0.014286	0.014286	0.010753	0.010753	0.032258	0.025714	0.000000
7	0.065789	0.016393	0.033898	0.008475	0.000000	0.026316	0.026316	0.032787	0.000000	0.019802	0.019802	0.009901	0.011236	0.000000
6	0.068493	0.040541	0.000000	0.018018	0.027027	0.013699	0.000000	0.027027	0.013514	0.010204	0.030612	0.020408	0.011236	0.000000
5	0.000000	0.012048	0.000000	0.046154	0.015385	0.000000	0.017241	0.000000	0.000000	0.000000	0.044944	0.000000	0.005556	0.000000
4	0.012195	0.030303	0.026549	0.000000	0.008850	0.024390	0.024390	0.000000	0.000000	0.020000	0.010000	0.000000	0.002770	0.000000
3	0.012195	0.050847	0.016667	0.016667	0.008333	0.000000	0.012195	0.016949	0.000000	0.019802	0.009901	0.009901	0.000000	0.000000
2	0.012658	0.013889	0.008000	0.016000	0.016000	0.000000	0.012658	0.013889	0.027778	0.000000	0.023256	0.000000	0.000000	0.000000
1	0.051020	0.016129	0.000000	0.025862	0.008621	0.020408	0.010204	0.016129	0.000000	0.046512	0.058140	0.023256	0.000000	0.000000
0	0.039474	0.017241	0.018293	0.018293	0.000000	0.013158	0.000000	0.000000	0.051724	0.062500	0.031250	0.031250	0.000000	0.000000
