# table produced by DamageProfiler
# using mapped file PaA007.BuffaloCape_Human_nc.Target.rmdup.noMicro.bam
# Sample ID: PaA007.BuffaloCape_Human_nc.Target.rmdup.noMicro.bam
Chr	End	Std	Pos	A	C	G	T	Total
	3p	+	1	82	42	28	36	188
	3p	+	2	60	54	32	42	188
	3p	+	3	62	36	36	54	188
	3p	+	4	61	46	24	57	188
	3p	+	5	57	40	32	59	188
	3p	+	6	67	29	49	43	188
	3p	+	7	61	36	34	57	188
	3p	+	8	61	36	32	59	188
	3p	+	9	73	30	38	47	188
	3p	+	10	57	43	34	54	188
	3p	+	11	72	38	24	54	188
	3p	+	12	48	47	46	47	188
	3p	+	13	60	50	27	51	188
	3p	+	14	64	36	46	42	188
	3p	+	15	65	39	42	42	188
	3p	+	16	61	39	40	48	188
	3p	+	17	72	43	25	48	188
	3p	+	18	54	32	44	58	188
	3p	+	19	55	46	35	52	188
	3p	+	20	62	45	33	48	188
	3p	+	21	53	40	43	52	188
	3p	+	22	51	45	29	63	188
	3p	+	23	58	37	34	59	188
	3p	+	24	49	43	48	48	188
	3p	+	25	61	47	33	47	188
	3p	+	26	64	45	32	47	188
	3p	+	27	55	37	40	56	188
	3p	+	28	58	44	41	45	188
	3p	+	29	57	31	35	65	188
	3p	+	30	63	42	34	49	188
	3p	+	31	42	35	23	35	135
	3p	+	32	38	25	17	34	114
	3p	+	33	33	28	14	31	106
	3p	+	34	35	16	20	27	98
	3p	+	35	36	15	19	23	93
	3p	+	36	25	22	19	23	89
	3p	+	37	25	25	15	24	89
	3p	+	38	28	21	16	17	82
	3p	+	39	23	10	26	20	79
	3p	+	40	22	13	19	25	79
	3p	+	41	29	17	12	20	78
	3p	+	42	25	17	16	18	76
	3p	+	43	25	12	18	20	75
	3p	+	44	30	11	13	17	71
	3p	+	45	29	8	11	23	71
	3p	+	46	20	13	16	21	70
	3p	+	47	25	10	9	22	66
	3p	+	48	19	10	14	23	66
	3p	+	49	10	18	17	20	65
	3p	+	50	21	9	16	18	64
	3p	+	51	18	14	13	18	63
	3p	+	52	21	15	11	11	58
	3p	+	53	19	8	11	20	58
	3p	+	54	24	12	6	13	55
	3p	+	55	10	11	12	18	51
	3p	+	56	22	6	8	13	49
	3p	+	57	16	8	12	11	47
	3p	+	58	10	12	12	11	45
	3p	+	59	15	7	11	11	44
	3p	+	60	13	12	7	9	41
	3p	+	61	11	12	4	14	41
	3p	+	62	13	7	10	11	41
	3p	+	63	12	4	10	14	40
	3p	+	64	10	8	7	13	38
	3p	+	65	11	10	9	7	37
	3p	+	66	13	8	8	6	35
	3p	+	67	10	9	6	9	34
	3p	+	68	10	5	9	10	34
	3p	+	69	8	5	8	12	33
	3p	+	70	12	5	4	12	33
	3p	+	71	10	8	8	7	33
	3p	+	72	9	4	5	13	31
	3p	+	73	8	7	7	6	28
	3p	+	74	10	2	7	8	27
	3p	+	75	9	4	6	7	26
	3p	+	76	6	8	6	6	26
	3p	+	77	11	5	3	7	26
	3p	+	78	9	4	6	6	25
	3p	+	79	7	3	4	10	24
	3p	+	80	9	7	5	3	24
	3p	+	81	8	4	3	9	24
	3p	+	82	5	4	4	10	23
	3p	+	83	7	4	6	6	23
	3p	+	84	6	7	4	6	23
	3p	+	85	7	7	3	5	22
	3p	+	86	4	6	5	6	21
	3p	+	87	8	4	3	6	21
	3p	+	88	9	4	4	4	21
	3p	+	89	6	5	4	3	18
	3p	+	90	3	3	8	3	17
	3p	+	91	6	2	5	4	17
	3p	+	92	7	5	1	3	16
	3p	+	93	4	2	3	7	16
	3p	+	94	3	3	4	6	16
	3p	+	95	4	2	7	3	16
	3p	+	96	5	2	7	2	16
	3p	+	97	4	4	4	4	16
	3p	+	98	4	7	1	4	16
	3p	+	99	5	5	1	5	16
	3p	+	100	3	4	6	3	16
	3p	-	1	82	35	31	26	174
	3p	-	2	59	42	34	39	174
	3p	-	3	59	45	35	35	174
	3p	-	4	59	38	35	42	174
	3p	-	5	58	41	35	40	174
	3p	-	6	57	33	40	44	174
	3p	-	7	52	38	38	46	174
	3p	-	8	57	39	34	44	174
	3p	-	9	56	32	41	45	174
	3p	-	10	67	35	32	40	174
	3p	-	11	60	32	34	48	174
	3p	-	12	59	36	37	42	174
	3p	-	13	56	36	35	47	174
	3p	-	14	55	36	37	46	174
	3p	-	15	52	34	36	52	174
	3p	-	16	57	31	33	53	174
	3p	-	17	51	38	31	54	174
	3p	-	18	61	33	24	56	174
	3p	-	19	44	41	35	54	174
	3p	-	20	54	42	33	45	174
	3p	-	21	57	42	34	41	174
	3p	-	22	55	29	42	48	174
	3p	-	23	53	42	30	49	174
	3p	-	24	58	36	36	44	174
	3p	-	25	53	37	32	52	174
	3p	-	26	48	37	39	50	174
	3p	-	27	59	35	22	58	174
	3p	-	28	61	32	32	49	174
	3p	-	29	55	45	32	42	174
	3p	-	30	58	30	33	53	174
	3p	-	31	34	29	26	36	125
	3p	-	32	34	19	17	37	107
	3p	-	33	28	21	15	28	92
	3p	-	34	28	20	14	26	88
	3p	-	35	25	18	18	25	86
	3p	-	36	31	17	18	19	85
	3p	-	37	21	17	17	28	83
	3p	-	38	24	14	19	21	78
	3p	-	39	21	16	14	25	76
	3p	-	40	21	19	13	23	76
	3p	-	41	25	24	13	12	74
	3p	-	42	28	17	13	15	73
	3p	-	43	23	18	15	15	71
	3p	-	44	30	12	13	15	70
	3p	-	45	20	14	14	22	70
	3p	-	46	28	11	15	15	69
	3p	-	47	24	15	13	17	69
	3p	-	48	24	17	9	18	68
	3p	-	49	23	12	12	19	66
	3p	-	50	18	16	11	18	63
	3p	-	51	20	10	16	16	62
	3p	-	52	24	10	11	15	60
	3p	-	53	22	13	11	11	57
	3p	-	54	13	9	15	20	57
	3p	-	55	17	11	10	17	55
	3p	-	56	14	12	9	15	50
	3p	-	57	14	8	11	17	50
	3p	-	58	16	12	14	8	50
	3p	-	59	15	11	11	12	49
	3p	-	60	16	10	9	12	47
	3p	-	61	13	14	12	7	46
	3p	-	62	15	11	5	14	45
	3p	-	63	13	14	6	11	44
	3p	-	64	14	8	10	10	42
	3p	-	65	14	11	7	10	42
	3p	-	66	15	11	8	8	42
	3p	-	67	9	11	9	10	39
	3p	-	68	11	7	8	13	39
	3p	-	69	10	14	5	10	39
	3p	-	70	12	6	9	9	36
	3p	-	71	13	3	5	14	35
	3p	-	72	8	10	10	7	35
	3p	-	73	6	6	8	13	33
	3p	-	74	6	7	6	14	33
	3p	-	75	11	9	3	10	33
	3p	-	76	10	7	6	10	33
	3p	-	77	7	5	5	15	32
	3p	-	78	7	7	11	6	31
	3p	-	79	11	3	5	10	29
	3p	-	80	6	9	4	10	29
	3p	-	81	7	7	8	5	27
	3p	-	82	9	9	3	6	27
	3p	-	83	9	2	4	12	27
	3p	-	84	7	4	8	7	26
	3p	-	85	13	3	2	7	25
	3p	-	86	10	6	4	4	24
	3p	-	87	8	7	5	4	24
	3p	-	88	7	3	1	11	22
	3p	-	89	11	5	4	1	21
	3p	-	90	10	3	2	5	20
	3p	-	91	8	1	4	7	20
	3p	-	92	9	4	5	1	19
	3p	-	93	7	6	2	4	19
	3p	-	94	7	1	3	8	19
	3p	-	95	4	4	5	5	18
	3p	-	96	9	0	3	6	18
	3p	-	97	10	3	3	1	17
	3p	-	98	4	1	5	6	16
	3p	-	99	4	4	3	5	16
	3p	-	100	7	3	4	2	16
	5p	+	1	71	40	33	44	188
	5p	+	2	61	38	28	61	188
	5p	+	3	64	35	42	47	188
	5p	+	4	63	41	35	49	188
	5p	+	5	60	40	33	55	188
	5p	+	6	55	43	33	57	188
	5p	+	7	55	51	35	47	188
	5p	+	8	61	34	35	58	188
	5p	+	9	47	51	43	47	188
	5p	+	10	70	37	30	51	188
	5p	+	11	54	46	35	53	188
	5p	+	12	62	36	43	47	188
	5p	+	13	58	41	38	51	188
	5p	+	14	69	45	28	46	188
	5p	+	15	69	40	32	47	188
	5p	+	16	69	32	39	48	188
	5p	+	17	59	34	36	59	188
	5p	+	18	59	32	43	54	188
	5p	+	19	63	43	39	43	188
	5p	+	20	65	34	38	51	188
	5p	+	21	65	46	32	45	188
	5p	+	22	75	30	34	49	188
	5p	+	23	66	42	31	49	188
	5p	+	24	60	40	37	51	188
	5p	+	25	63	37	40	48	188
	5p	+	26	66	33	37	52	188
	5p	+	27	61	49	32	46	188
	5p	+	28	57	38	31	62	188
	5p	+	29	64	50	28	46	188
	5p	+	30	62	38	36	52	188
	5p	+	31	49	27	19	40	135
	5p	+	32	40	19	22	33	114
	5p	+	33	37	20	24	25	106
	5p	+	34	27	14	27	30	98
	5p	+	35	26	15	22	30	93
	5p	+	36	19	23	17	30	89
	5p	+	37	29	21	13	26	89
	5p	+	38	25	19	20	18	82
	5p	+	39	20	17	19	23	79
	5p	+	40	32	16	12	19	79
	5p	+	41	26	12	17	23	78
	5p	+	42	24	17	10	25	76
	5p	+	43	24	13	15	23	75
	5p	+	44	21	14	13	23	71
	5p	+	45	21	14	17	19	71
	5p	+	46	26	12	11	21	70
	5p	+	47	14	22	14	16	66
	5p	+	48	23	11	10	22	66
	5p	+	49	17	9	18	21	65
	5p	+	50	14	14	18	18	64
	5p	+	51	28	12	10	13	63
	5p	+	52	18	15	13	12	58
	5p	+	53	14	12	17	15	58
	5p	+	54	15	15	13	12	55
	5p	+	55	15	12	8	16	51
	5p	+	56	13	13	8	15	49
	5p	+	57	20	12	7	8	47
	5p	+	58	13	12	9	11	45
	5p	+	59	6	14	12	12	44
	5p	+	60	15	6	11	9	41
	5p	+	61	10	16	8	7	41
	5p	+	62	13	12	7	9	41
	5p	+	63	11	11	6	12	40
	5p	+	64	14	8	10	6	38
	5p	+	65	10	10	8	9	37
	5p	+	66	9	9	10	7	35
	5p	+	67	16	5	7	6	34
	5p	+	68	13	1	9	11	34
	5p	+	69	7	10	5	11	33
	5p	+	70	7	9	4	13	33
	5p	+	71	9	6	6	12	33
	5p	+	72	11	4	10	6	31
	5p	+	73	5	4	9	10	28
	5p	+	74	5	7	6	9	27
	5p	+	75	4	4	10	8	26
	5p	+	76	6	9	3	8	26
	5p	+	77	6	9	6	5	26
	5p	+	78	10	4	7	4	25
	5p	+	79	7	3	7	7	24
	5p	+	80	5	5	6	8	24
	5p	+	81	8	4	4	8	24
	5p	+	82	5	6	4	8	23
	5p	+	83	5	8	6	4	23
	5p	+	84	5	7	4	7	23
	5p	+	85	9	5	3	5	22
	5p	+	86	7	3	5	6	21
	5p	+	87	7	4	6	4	21
	5p	+	88	9	2	3	7	21
	5p	+	89	9	4	1	4	18
	5p	+	90	5	4	3	5	17
	5p	+	91	6	6	3	2	17
	5p	+	92	4	4	5	3	16
	5p	+	93	3	2	6	5	16
	5p	+	94	3	3	6	4	16
	5p	+	95	5	2	3	6	16
	5p	+	96	6	3	3	4	16
	5p	+	97	3	3	2	8	16
	5p	+	98	6	2	3	5	16
	5p	+	99	4	4	6	2	16
	5p	+	100	8	3	0	5	16
	5p	-	1	48	37	45	44	174
	5p	-	2	60	39	29	46	174
	5p	-	3	55	41	28	50	174
	5p	-	4	55	39	30	50	174
	5p	-	5	47	39	44	44	174
	5p	-	6	49	38	38	49	174
	5p	-	7	54	38	35	47	174
	5p	-	8	58	40	27	49	174
	5p	-	9	44	42	42	46	174
	5p	-	10	56	46	32	40	174
	5p	-	11	62	25	31	56	174
	5p	-	12	52	37	44	41	174
	5p	-	13	58	41	29	46	174
	5p	-	14	61	43	23	47	174
	5p	-	15	58	40	29	47	174
	5p	-	16	53	30	42	49	174
	5p	-	17	51	30	38	55	174
	5p	-	18	62	30	40	42	174
	5p	-	19	56	36	39	43	174
	5p	-	20	68	31	25	50	174
	5p	-	21	60	36	30	48	174
	5p	-	22	57	37	32	48	174
	5p	-	23	48	39	29	58	174
	5p	-	24	55	47	28	44	174
	5p	-	25	54	37	33	50	174
	5p	-	26	58	46	28	42	174
	5p	-	27	55	42	32	45	174
	5p	-	28	63	37	42	32	174
	5p	-	29	52	39	44	39	174
	5p	-	30	60	47	27	40	174
	5p	-	31	45	24	28	28	125
	5p	-	32	34	20	21	32	107
	5p	-	33	27	16	27	22	92
	5p	-	34	24	27	18	19	88
	5p	-	35	24	13	21	28	86
	5p	-	36	23	16	17	29	85
	5p	-	37	26	19	18	20	83
	5p	-	38	21	17	12	28	78
	5p	-	39	21	17	19	19	76
	5p	-	40	26	15	15	20	76
	5p	-	41	19	18	14	23	74
	5p	-	42	16	20	16	21	73
	5p	-	43	21	11	17	22	71
	5p	-	44	26	15	9	20	70
	5p	-	45	24	17	13	16	70
	5p	-	46	23	16	11	19	69
	5p	-	47	21	20	8	20	69
	5p	-	48	27	12	15	14	68
	5p	-	49	24	14	10	18	66
	5p	-	50	24	16	14	9	63
	5p	-	51	23	13	11	15	62
	5p	-	52	21	12	14	13	60
	5p	-	53	16	12	15	14	57
	5p	-	54	23	12	6	16	57
	5p	-	55	22	12	9	12	55
	5p	-	56	13	13	9	15	50
	5p	-	57	14	14	7	15	50
	5p	-	58	15	5	8	22	50
	5p	-	59	17	10	11	11	49
	5p	-	60	14	18	7	8	47
	5p	-	61	17	13	4	12	46
	5p	-	62	16	5	7	17	45
	5p	-	63	17	5	9	13	44
	5p	-	64	11	13	9	9	42
	5p	-	65	11	11	5	15	42
	5p	-	66	6	18	8	10	42
	5p	-	67	13	7	10	9	39
	5p	-	68	15	4	12	8	39
	5p	-	69	13	9	7	10	39
	5p	-	70	12	3	9	12	36
	5p	-	71	12	6	8	9	35
	5p	-	72	13	10	4	8	35
	5p	-	73	13	3	5	12	33
	5p	-	74	9	7	7	10	33
	5p	-	75	15	10	3	5	33
	5p	-	76	13	8	4	8	33
	5p	-	77	14	3	8	7	32
	5p	-	78	10	7	8	6	31
	5p	-	79	12	2	8	7	29
	5p	-	80	8	6	9	6	29
	5p	-	81	8	9	3	7	27
	5p	-	82	8	6	4	9	27
	5p	-	83	7	7	5	8	27
	5p	-	84	10	2	1	13	26
	5p	-	85	12	6	1	6	25
	5p	-	86	10	10	1	3	24
	5p	-	87	10	3	4	7	24
	5p	-	88	5	2	5	10	22
	5p	-	89	7	8	4	2	21
	5p	-	90	7	7	1	5	20
	5p	-	91	5	3	2	10	20
	5p	-	92	3	3	5	8	19
	5p	-	93	6	4	3	6	19
	5p	-	94	7	5	6	1	19
	5p	-	95	9	1	2	6	18
	5p	-	96	4	3	7	4	18
	5p	-	97	5	2	5	5	17
	5p	-	98	5	2	2	7	16
	5p	-	99	4	1	6	5	16
	5p	-	100	5	3	3	5	16
