# table produced by DamageProfiler
# using mapped file ToA008.ElandCommon_Human_nc.Target.rmdup.noMicro.bam
# Sample ID: ToA008.ElandCommon_Human_nc.Target.rmdup.noMicro.bam
Pos	C>T	G>A	A>C	A>G	A>T	C>A	C>G	G>C	G>T	T>A	T>C	T>G	->ACGT	ACGT>-
0	0.000000	0.000000	0.054054	0.013514	0.013514	0.034483	0.034483	0.049180	0.016393	0.093750	0.000000	0.031250	0.000000	0.000000
1	0.014925	0.000000	0.014286	0.014286	0.014286	0.044776	0.014925	0.018182	0.018182	0.030303	0.030303	0.000000	0.000000	0.000000
2	0.013514	0.000000	0.031746	0.000000	0.015873	0.013514	0.013514	0.021739	0.021739	0.023810	0.071429	0.023810	0.000000	0.000000
3	0.000000	0.000000	0.014493	0.000000	0.000000	0.000000	0.017241	0.000000	0.035714	0.024390	0.097561	0.000000	0.004464	0.000000
4	0.025974	0.020000	0.041667	0.020833	0.000000	0.012987	0.038961	0.040000	0.000000	0.075000	0.000000	0.000000	0.032558	0.000000
5	0.000000	0.000000	0.052632	0.017544	0.000000	0.000000	0.016667	0.021277	0.000000	0.020833	0.041667	0.000000	0.042453	0.000000
6	0.000000	0.018519	0.046875	0.015625	0.000000	0.016393	0.016393	0.018519	0.018519	0.000000	0.000000	0.027778	0.027907	0.000000
7	0.000000	0.014706	0.020833	0.020833	0.020833	0.049180	0.032787	0.029412	0.014706	0.027027	0.000000	0.000000	0.023364	0.000000
8	0.000000	0.021277	0.030769	0.000000	0.000000	0.000000	0.032787	0.000000	0.021277	0.000000	0.000000	0.045455	0.013825	0.000000
9	0.000000	0.000000	0.030769	0.015385	0.000000	0.031746	0.000000	0.016667	0.000000	0.032258	0.000000	0.000000	0.004566	0.000000
10	0.032787	0.000000	0.029851	0.000000	0.014925	0.032787	0.032787	0.038462	0.000000	0.000000	0.000000	0.026316	0.022936	0.000000
11	0.000000	0.000000	0.030769	0.015385	0.015385	0.044776	0.000000	0.040816	0.020408	0.000000	0.000000	0.000000	0.013889	0.000000
12	0.000000	0.000000	0.031250	0.015625	0.000000	0.000000	0.014706	0.019608	0.000000	0.028571	0.000000	0.000000	0.032110	0.000000
13	0.013514	0.021739	0.031250	0.015625	0.015625	0.013514	0.013514	0.000000	0.000000	0.000000	0.000000	0.029412	0.013761	0.000000
14	0.031746	0.000000	0.000000	0.033898	0.000000	0.031746	0.047619	0.019608	0.000000	0.000000	0.000000	0.025641	0.018868	0.000000
15	0.000000	0.017241	0.016667	0.050000	0.000000	0.000000	0.067797	0.000000	0.017241	0.026316	0.026316	0.026316	0.032558	0.000000
16	0.017241	0.050000	0.000000	0.000000	0.000000	0.000000	0.034483	0.016667	0.000000	0.025000	0.075000	0.025000	0.023585	0.000000
17	0.000000	0.000000	0.014706	0.014706	0.014706	0.000000	0.044118	0.000000	0.000000	0.032258	0.000000	0.000000	0.028037	0.000000
18	0.000000	0.018868	0.000000	0.020000	0.040000	0.000000	0.050000	0.018868	0.018868	0.000000	0.021739	0.043478	0.033493	0.000000
19	0.018868	0.000000	0.017241	0.000000	0.000000	0.037736	0.037736	0.029412	0.014706	0.000000	0.000000	0.025641	0.018349	0.000000
20	0.030303	0.000000	0.014706	0.014706	0.000000	0.015152	0.045455	0.021277	0.063830	0.027778	0.000000	0.000000	0.009217	0.000000
21	0.018182	0.000000	0.011765	0.011765	0.011765	0.000000	0.054545	0.000000	0.020408	0.000000	0.034483	0.034483	0.009174	0.000000
22	0.018182	0.017544	0.027778	0.013889	0.013889	0.000000	0.036364	0.035088	0.000000	0.000000	0.033333	0.033333	0.018692	0.000000
23	0.033898	0.045455	0.013333	0.026667	0.013333	0.016949	0.033898	0.045455	0.000000	0.054054	0.027027	0.027027	0.027907	0.000000
24	0.033333	0.043478	0.000000	0.000000	0.014085	0.066667	0.016667	0.021739	0.021739	0.000000	0.028571	0.028571	0.028302	0.000000
