# table produced by DamageProfiler
# using mapped file ToA008.ElandCommon_Human_nc.Target.rmdup.noMicro.bam
# Sample ID: ToA008.ElandCommon_Human_nc.Target.rmdup.noMicro.bam
Chr	End	Std	Pos	A	C	G	T	Total
	3p	+	1	48	31	22	18	119
	3p	+	2	48	33	20	18	119
	3p	+	3	40	39	32	8	119
	3p	+	4	51	33	21	14	119
	3p	+	5	46	23	32	18	119
	3p	+	6	42	28	35	14	119
	3p	+	7	41	34	25	19	119
	3p	+	8	46	25	26	22	119
	3p	+	9	42	29	25	23	119
	3p	+	10	43	38	21	17	119
	3p	+	11	40	26	35	18	119
	3p	+	12	33	35	29	22	119
	3p	+	13	42	37	23	17	119
	3p	+	14	35	35	26	23	119
	3p	+	15	34	28	36	21	119
	3p	+	16	38	29	36	16	119
	3p	+	17	41	30	21	27	119
	3p	+	18	40	40	24	15	119
	3p	+	19	36	35	26	22	119
	3p	+	20	38	33	27	21	119
	3p	+	21	34	37	31	17	119
	3p	+	22	43	34	25	17	119
	3p	+	23	34	37	31	17	119
	3p	+	24	34	31	30	24	119
	3p	+	25	39	38	20	22	119
	3p	+	26	37	30	34	18	119
	3p	+	27	35	30	34	20	119
	3p	+	28	36	38	21	24	119
	3p	+	29	35	36	30	18	119
	3p	+	30	43	23	34	19	119
	3p	+	31	21	18	10	6	55
	3p	+	32	16	5	3	6	30
	3p	+	33	8	10	5	2	25
	3p	+	34	3	5	2	7	17
	3p	+	35	6	2	4	4	16
	3p	+	36	7	2	3	4	16
	3p	+	37	5	2	5	3	15
	3p	+	38	6	2	1	4	13
	3p	+	39	5	5	2	1	13
	3p	+	40	4	5	3	1	13
	3p	+	41	1	3	3	5	12
	3p	+	42	3	3	1	4	11
	3p	+	43	3	2	2	3	10
	3p	+	44	6	2	0	2	10
	3p	+	45	4	1	3	1	9
	3p	+	46	4	1	1	2	8
	3p	+	47	5	1	2	0	8
	3p	+	48	2	3	1	1	7
	3p	+	49	2	0	2	2	6
	3p	+	50	2	1	1	1	5
	3p	+	51	1	1	3	0	5
	3p	+	52	2	1	1	1	5
	3p	+	53	3	1	1	0	5
	3p	+	54	1	3	0	1	5
	3p	+	55	0	2	2	1	5
	3p	+	56	3	0	1	1	5
	3p	+	57	2	3	0	0	5
	3p	+	58	2	1	2	0	5
	3p	+	59	3	1	1	0	5
	3p	+	60	0	1	1	3	5
	3p	+	61	3	1	1	0	5
	3p	+	62	1	1	0	2	4
	3p	+	63	1	1	0	2	4
	3p	+	64	2	2	0	0	4
	3p	+	65	1	2	0	1	4
	3p	+	66	0	1	2	1	4
	3p	+	67	0	1	2	1	4
	3p	+	68	2	0	1	1	4
	3p	+	69	0	1	2	1	4
	3p	+	70	1	1	1	1	4
	3p	+	71	0	1	1	1	3
	3p	+	72	1	0	0	2	3
	3p	+	73	1	1	0	1	3
	3p	+	74	0	0	1	2	3
	3p	+	75	1	0	1	1	3
	3p	+	76	2	0	1	0	3
	3p	+	77	1	0	1	1	3
	3p	+	78	0	1	1	1	3
	3p	+	79	0	1	0	2	3
	3p	+	80	0	0	2	0	2
	3p	+	81	0	0	0	1	1
	3p	+	82	0	1	0	0	1
	3p	+	83	0	0	1	0	1
	3p	+	84	0	0	0	1	1
	3p	+	85	1	0	0	0	1
	3p	+	86	0	1	0	0	1
	3p	+	87	0	0	1	0	1
	3p	+	88	1	0	0	0	1
	3p	+	89	0	0	0	1	1
	3p	+	90	0	0	0	1	1
	3p	+	91	0	0	0	1	1
	3p	+	92	0	0	0	1	1
	3p	+	93	0	0	0	1	1
	3p	+	94	0	1	0	0	1
	3p	+	95	0	0	1	0	1
	3p	+	96	0	0	0	1	1
	3p	+	97	0	1	0	0	1
	3p	+	98	0	0	0	1	1
	3p	+	99	0	1	0	0	1
	3p	+	100	0	0	0	1	1
	3p	-	1	36	34	25	14	109
	3p	-	2	28	36	27	18	109
	3p	-	3	35	36	23	15	109
	3p	-	4	29	31	31	18	109
	3p	-	5	30	24	31	24	109
	3p	-	6	42	26	21	20	109
	3p	-	7	29	33	29	18	109
	3p	-	8	34	29	27	19	109
	3p	-	9	30	33	29	17	109
	3p	-	10	29	30	32	18	109
	3p	-	11	28	25	34	22	109
	3p	-	12	24	35	28	22	109
	3p	-	13	25	40	27	17	109
	3p	-	14	28	29	34	18	109
	3p	-	15	31	36	28	14	109
	3p	-	16	23	29	34	23	109
	3p	-	17	27	36	32	14	109
	3p	-	18	29	33	31	16	109
	3p	-	19	24	38	19	28	109
	3p	-	20	39	24	28	18	109
	3p	-	21	26	35	29	19	109
	3p	-	22	28	29	30	22	109
	3p	-	23	22	28	39	20	109
	3p	-	24	36	28	26	19	109
	3p	-	25	17	43	33	16	109
	3p	-	26	22	37	27	23	109
	3p	-	27	23	41	23	22	109
	3p	-	28	35	35	22	17	109
	3p	-	29	28	30	30	21	109
	3p	-	30	31	32	28	18	109
	3p	-	31	21	17	12	10	60
	3p	-	32	4	6	6	4	20
	3p	-	33	4	4	3	2	13
	3p	-	34	4	2	2	2	10
	3p	-	35	2	2	2	3	9
	3p	-	36	4	2	1	2	9
	3p	-	37	3	3	3	0	9
	3p	-	38	3	2	3	0	8
	3p	-	39	3	1	0	4	8
	3p	-	40	4	1	2	1	8
	3p	-	41	1	4	2	1	8
	3p	-	42	1	2	4	1	8
	3p	-	43	3	1	2	2	8
	3p	-	44	2	2	2	1	7
	3p	-	45	1	1	2	3	7
	3p	-	46	2	1	0	4	7
	3p	-	47	1	2	3	1	7
	3p	-	48	2	0	2	3	7
	3p	-	49	1	2	2	2	7
	3p	-	50	1	2	1	3	7
	3p	-	51	1	2	0	4	7
	3p	-	52	2	1	1	3	7
	3p	-	53	1	3	2	1	7
	3p	-	54	4	1	1	1	7
	3p	-	55	1	2	2	1	6
	3p	-	56	2	0	3	1	6
	3p	-	57	1	1	3	1	6
	3p	-	58	5	0	0	1	6
	3p	-	59	1	3	2	0	6
	3p	-	60	4	0	1	1	6
	3p	-	61	0	2	3	0	5
	3p	-	62	3	0	2	0	5
	3p	-	63	2	1	1	0	4
	3p	-	64	2	1	1	0	4
	3p	-	65	0	1	2	0	3
	3p	-	66	2	0	0	1	3
	3p	-	67	1	1	1	0	3
	3p	-	68	1	1	1	0	3
	3p	-	69	1	2	0	0	3
	3p	-	70	0	1	1	0	2
	3p	-	71	0	1	1	0	2
	3p	-	72	0	0	0	2	2
	3p	-	73	0	0	2	0	2
	3p	-	74	0	0	0	2	2
	3p	-	75	0	1	0	1	2
	3p	-	76	1	1	0	0	2
	3p	-	77	0	1	0	1	2
	3p	-	78	0	0	1	1	2
	3p	-	79	1	0	1	0	2
	3p	-	80	0	1	1	0	2
	3p	-	81	1	0	0	1	2
	3p	-	82	0	0	0	2	2
	3p	-	83	0	2	0	0	2
	3p	-	84	0	0	1	1	2
	3p	-	85	1	0	0	1	2
	3p	-	86	0	1	1	0	2
	3p	-	87	0	0	0	2	2
	3p	-	88	1	1	0	0	2
	3p	-	89	1	1	0	0	2
	3p	-	90	0	0	0	2	2
	3p	-	91	0	0	0	2	2
	3p	-	92	1	0	1	0	2
	3p	-	93	0	1	0	1	2
	3p	-	94	0	2	0	0	2
	3p	-	95	1	0	0	1	2
	3p	-	96	1	1	0	0	2
	3p	-	97	2	0	0	0	2
	3p	-	98	1	0	1	0	2
	3p	-	99	0	0	1	0	1
	3p	-	100	0	0	1	0	1
	5p	+	1	41	31	35	12	119
	5p	+	2	42	31	27	19	119
	5p	+	3	38	36	22	23	119
	5p	+	4	34	36	30	19	119
	5p	+	5	28	33	36	22	119
	5p	+	6	36	36	19	28	119
	5p	+	7	36	33	30	20	119
	5p	+	8	27	41	30	21	119
	5p	+	9	39	32	25	23	119
	5p	+	10	40	37	30	12	119
	5p	+	11	37	26	31	25	119
	5p	+	12	34	39	26	20	119
	5p	+	13	35	38	34	12	119
	5p	+	14	41	40	19	19	119
	5p	+	15	37	26	29	27	119
	5p	+	16	36	31	35	17	119
	5p	+	17	41	28	27	23	119
	5p	+	18	33	38	24	24	119
	5p	+	19	28	35	32	24	119
	5p	+	20	42	25	32	20	119
	5p	+	21	40	36	20	23	119
	5p	+	22	49	29	27	14	119
	5p	+	23	46	29	28	16	119
	5p	+	24	46	30	21	22	119
	5p	+	25	43	29	28	19	119
	5p	+	26	50	24	30	15	119
	5p	+	27	44	30	28	17	119
	5p	+	28	44	38	32	5	119
	5p	+	29	47	32	24	16	119
	5p	+	30	44	32	29	14	119
	5p	+	31	22	18	7	8	55
	5p	+	32	14	3	5	8	30
	5p	+	33	6	7	4	8	25
	5p	+	34	9	3	3	2	17
	5p	+	35	9	2	3	2	16
	5p	+	36	5	4	6	1	16
	5p	+	37	7	3	1	4	15
	5p	+	38	1	6	5	1	13
	5p	+	39	4	1	3	5	13
	5p	+	40	3	4	3	3	13
	5p	+	41	7	2	2	1	12
	5p	+	42	1	5	1	4	11
	5p	+	43	6	1	2	1	10
	5p	+	44	4	2	2	2	10
	5p	+	45	1	5	1	2	9
	5p	+	46	3	0	1	4	8
	5p	+	47	2	2	3	1	8
	5p	+	48	3	1	2	1	7
	5p	+	49	3	0	1	2	6
	5p	+	50	2	1	2	0	5
	5p	+	51	1	0	1	3	5
	5p	+	52	0	1	2	2	5
	5p	+	53	1	2	1	1	5
	5p	+	54	3	0	0	2	5
	5p	+	55	3	0	1	1	5
	5p	+	56	2	0	3	0	5
	5p	+	57	1	2	1	1	5
	5p	+	58	3	1	1	0	5
	5p	+	59	2	1	2	0	5
	5p	+	60	0	4	0	1	5
	5p	+	61	3	1	0	1	5
	5p	+	62	1	0	1	2	4
	5p	+	63	1	0	0	3	4
	5p	+	64	3	1	0	0	4
	5p	+	65	2	0	2	0	4
	5p	+	66	1	1	0	2	4
	5p	+	67	0	1	1	2	4
	5p	+	68	2	1	0	1	4
	5p	+	69	1	2	1	0	4
	5p	+	70	1	1	0	2	4
	5p	+	71	1	1	0	1	3
	5p	+	72	2	0	1	0	3
	5p	+	73	3	0	0	0	3
	5p	+	74	0	1	2	0	3
	5p	+	75	2	1	0	0	3
	5p	+	76	3	0	0	0	3
	5p	+	77	1	1	1	0	3
	5p	+	78	2	0	0	1	3
	5p	+	79	2	1	0	0	3
	5p	+	80	0	0	0	2	2
	5p	+	81	0	0	1	0	1
	5p	+	82	0	0	1	0	1
	5p	+	83	1	0	0	0	1
	5p	+	84	1	0	0	0	1
	5p	+	85	1	0	0	0	1
	5p	+	86	0	0	1	0	1
	5p	+	87	1	0	0	0	1
	5p	+	88	1	0	0	0	1
	5p	+	89	0	0	0	1	1
	5p	+	90	1	0	0	0	1
	5p	+	91	1	0	0	0	1
	5p	+	92	0	1	0	0	1
	5p	+	93	0	0	0	1	1
	5p	+	94	0	1	0	0	1
	5p	+	95	1	0	0	0	1
	5p	+	96	0	0	0	1	1
	5p	+	97	0	0	0	1	1
	5p	+	98	0	0	0	1	1
	5p	+	99	0	1	0	0	1
	5p	+	100	0	0	0	1	1
	5p	-	1	33	31	26	19	109
	5p	-	2	29	36	29	15	109
	5p	-	3	26	41	25	17	109
	5p	-	4	35	27	27	20	109
	5p	-	5	22	45	22	20	109
	5p	-	6	23	33	34	19	109
	5p	-	7	29	36	27	17	109
	5p	-	8	25	24	42	18	109
	5p	-	9	28	31	28	22	109
	5p	-	10	26	30	32	21	109
	5p	-	11	33	35	26	15	109
	5p	-	12	30	33	26	20	109
	5p	-	13	31	33	22	23	109
	5p	-	14	23	36	33	17	109
	5p	-	15	26	31	31	21	109
	5p	-	16	25	31	33	20	109
	5p	-	17	21	35	35	18	109
	5p	-	18	37	33	28	11	109
	5p	-	19	23	30	30	26	109
	5p	-	20	19	30	39	21	109
	5p	-	21	29	28	30	22	109
	5p	-	22	34	28	28	19	109
	5p	-	23	26	32	33	18	109
	5p	-	24	33	34	26	16	109
	5p	-	25	39	29	21	20	109
	5p	-	26	29	24	35	21	109
	5p	-	27	34	29	28	18	109
	5p	-	28	30	30	30	19	109
	5p	-	29	34	33	25	17	109
	5p	-	30	29	38	22	20	109
	5p	-	31	22	17	12	9	60
	5p	-	32	6	6	6	2	20
	5p	-	33	3	3	3	4	13
	5p	-	34	5	1	3	1	10
	5p	-	35	2	2	3	2	9
	5p	-	36	6	1	1	1	9
	5p	-	37	4	2	2	1	9
	5p	-	38	4	2	1	1	8
	5p	-	39	2	3	1	2	8
	5p	-	40	4	1	1	2	8
	5p	-	41	3	2	3	0	8
	5p	-	42	3	1	2	2	8
	5p	-	43	2	1	5	0	8
	5p	-	44	1	2	1	3	7
	5p	-	45	3	1	2	1	7
	5p	-	46	1	2	1	3	7
	5p	-	47	1	3	1	2	7
	5p	-	48	2	3	1	1	7
	5p	-	49	1	2	2	2	7
	5p	-	50	2	2	1	2	7
	5p	-	51	0	2	3	2	7
	5p	-	52	1	1	2	3	7
	5p	-	53	1	3	1	2	7
	5p	-	54	3	1	1	2	7
	5p	-	55	1	3	1	1	6
	5p	-	56	3	2	0	1	6
	5p	-	57	0	1	3	2	6
	5p	-	58	1	0	3	2	6
	5p	-	59	2	3	0	1	6
	5p	-	60	4	0	2	0	6
	5p	-	61	1	3	1	0	5
	5p	-	62	3	1	1	0	5
	5p	-	63	2	2	0	0	4
	5p	-	64	1	1	0	2	4
	5p	-	65	1	2	0	0	3
	5p	-	66	1	1	1	0	3
	5p	-	67	0	1	1	1	3
	5p	-	68	1	1	1	0	3
	5p	-	69	0	2	0	1	3
	5p	-	70	1	1	0	0	2
	5p	-	71	0	1	0	1	2
	5p	-	72	1	1	0	0	2
	5p	-	73	0	0	0	2	2
	5p	-	74	0	0	0	2	2
	5p	-	75	2	0	0	0	2
	5p	-	76	0	0	1	1	2
	5p	-	77	0	0	0	2	2
	5p	-	78	0	2	0	0	2
	5p	-	79	0	0	0	2	2
	5p	-	80	1	1	0	0	2
	5p	-	81	1	1	0	0	2
	5p	-	82	0	2	0	0	2
	5p	-	83	0	1	0	1	2
	5p	-	84	1	0	0	1	2
	5p	-	85	1	0	0	1	2
	5p	-	86	1	1	0	0	2
	5p	-	87	1	1	0	0	2
	5p	-	88	0	0	0	2	2
	5p	-	89	0	1	0	1	2
	5p	-	90	1	1	0	0	2
	5p	-	91	0	0	1	1	2
	5p	-	92	0	0	1	1	2
	5p	-	93	1	0	0	1	2
	5p	-	94	2	0	0	0	2
	5p	-	95	1	0	0	1	2
	5p	-	96	0	1	1	0	2
	5p	-	97	1	0	0	1	2
	5p	-	98	1	0	0	1	2
	5p	-	99	0	0	0	1	1
	5p	-	100	0	1	0	0	1
