# table produced by DamageProfiler
# using mapped file RxA007_SCR_002.ReedbuckBh_Human_nc.Target.rmdup.noMicro.bam
# Sample ID: RxA007_SCR_002.ReedbuckBh_Human_nc.Target.rmdup.noMicro.bam
Chr	End	Std	Pos	A	C	G	T	Total
	3p	+	1	55250	19335	24176	24739	123500
	3p	+	2	48042	23664	23371	28423	123500
	3p	+	3	45383	23120	26487	28510	123500
	3p	+	4	46118	20477	25602	31303	123500
	3p	+	5	46180	19263	26344	31713	123500
	3p	+	6	46885	18603	27186	30826	123500
	3p	+	7	44736	20454	25607	32703	123500
	3p	+	8	45066	20310	24685	33439	123500
	3p	+	9	43634	21185	24725	33956	123500
	3p	+	10	42805	21503	24900	34292	123500
	3p	+	11	42313	21782	24901	34504	123500
	3p	+	12	41944	22078	25047	34431	123500
	3p	+	13	41946	21869	24872	34813	123500
	3p	+	14	41774	22111	25110	34505	123500
	3p	+	15	41432	22544	25094	34430	123500
	3p	+	16	41395	22296	25105	34704	123500
	3p	+	17	41076	22751	24885	34788	123500
	3p	+	18	41265	22743	25038	34454	123500
	3p	+	19	41470	22476	25172	34382	123500
	3p	+	20	41252	22640	25077	34531	123500
	3p	+	21	41182	22823	24764	34731	123500
	3p	+	22	41135	22724	25088	34553	123500
	3p	+	23	41514	22493	25008	34485	123500
	3p	+	24	41461	22520	25191	34328	123500
	3p	+	25	41275	22741	25191	34293	123500
	3p	+	26	41238	22936	25381	33945	123500
	3p	+	27	41064	22741	25834	33861	123500
	3p	+	28	40825	23108	25652	33915	123500
	3p	+	29	40964	22801	25939	33796	123500
	3p	+	30	41444	22802	25652	33602	123500
	3p	+	31	39267	21663	24270	31815	117015
	3p	+	32	36958	20286	23058	30069	110371
	3p	+	33	35000	19243	21526	28424	104193
	3p	+	34	33013	17979	20310	26737	98039
	3p	+	35	30922	16865	19044	25255	92086
	3p	+	36	29157	15752	17921	23565	86395
	3p	+	37	27161	14600	16630	22562	80953
	3p	+	38	25348	13704	15729	21079	75860
	3p	+	39	23641	12864	14542	19887	70934
	3p	+	40	22088	12184	13655	18377	66304
	3p	+	41	20595	11219	12847	17185	61846
	3p	+	42	19119	10445	11866	16236	57666
	3p	+	43	18016	9951	10883	14843	53693
	3p	+	44	16573	8992	10286	14038	49889
	3p	+	45	15533	8464	9314	13018	46329
	3p	+	46	14217	7849	8627	12391	43084
	3p	+	47	13408	7242	8078	11228	39956
	3p	+	48	12395	6772	7462	10443	37072
	3p	+	49	11341	6373	6959	9729	34402
	3p	+	50	10611	5841	6432	8939	31823
	3p	+	51	9692	5371	5992	8375	29430
	3p	+	52	9163	4901	5578	7624	27266
	3p	+	53	8497	4603	5089	7083	25272
	3p	+	54	7681	4317	4688	6717	23403
	3p	+	55	7059	3914	4335	6281	21589
	3p	+	56	6523	3621	4068	5792	20004
	3p	+	57	6180	3436	3631	5316	18563
	3p	+	58	5604	3181	3498	4921	17204
	3p	+	59	5187	2922	3158	4673	15940
	3p	+	60	4820	2685	3061	4234	14800
	3p	+	61	4457	2502	2734	4059	13752
	3p	+	62	4196	2381	2524	3636	12737
	3p	+	63	3875	2232	2380	3362	11849
	3p	+	64	3674	2026	2192	3101	10993
	3p	+	65	3273	1955	1988	2941	10157
	3p	+	66	3030	1802	1865	2725	9422
	3p	+	67	2807	1662	1697	2550	8716
	3p	+	68	2620	1551	1579	2384	8134
	3p	+	69	2413	1502	1496	2183	7594
	3p	+	70	2214	1339	1410	2114	7077
	3p	+	71	2102	1265	1295	1938	6600
	3p	+	72	1964	1188	1183	1798	6133
	3p	+	73	1835	1091	1135	1680	5741
	3p	+	74	1743	1002	1048	1546	5339
	3p	+	75	1637	920	927	1483	4967
	3p	+	76	1541	868	904	1307	4620
	3p	+	77	1349	806	880	1252	4287
	3p	+	78	1321	773	749	1180	4023
	3p	+	79	1203	756	733	1068	3760
	3p	+	80	1109	667	669	1044	3489
	3p	+	81	1028	648	647	955	3278
	3p	+	82	1032	579	551	920	3082
	3p	+	83	942	543	554	833	2872
	3p	+	84	879	521	481	794	2675
	3p	+	85	769	535	471	728	2503
	3p	+	86	757	432	474	689	2352
	3p	+	87	707	378	426	699	2210
	3p	+	88	660	409	387	623	2079
	3p	+	89	631	372	371	592	1966
	3p	+	90	614	370	324	536	1844
	3p	+	91	551	364	336	487	1738
	3p	+	92	533	324	310	475	1642
	3p	+	93	494	292	278	487	1551
	3p	+	94	428	311	286	439	1464
	3p	+	95	466	262	261	390	1379
	3p	+	96	416	267	226	404	1313
	3p	+	97	404	251	246	331	1232
	3p	+	98	363	233	239	332	1167
	3p	+	99	354	239	186	309	1088
	3p	+	100	305	236	205	282	1028
	3p	-	1	53871	19183	24314	24766	122134
	3p	-	2	47597	23341	22883	28313	122134
	3p	-	3	44883	22844	26321	28086	122134
	3p	-	4	45054	20381	25323	31376	122134
	3p	-	5	45686	18775	25804	31869	122134
	3p	-	6	46072	18414	26958	30690	122134
	3p	-	7	44263	20016	25262	32593	122134
	3p	-	8	43769	20321	24560	33484	122134
	3p	-	9	42943	20911	24289	33991	122134
	3p	-	10	41982	21321	24604	34227	122134
	3p	-	11	41445	21662	24731	34296	122134
	3p	-	12	41093	21576	25147	34318	122134
	3p	-	13	40935	22010	24653	34536	122134
	3p	-	14	40812	22140	24688	34494	122134
	3p	-	15	40717	22326	24576	34515	122134
	3p	-	16	40777	22135	24703	34519	122134
	3p	-	17	40533	22347	24752	34502	122134
	3p	-	18	40687	22245	24622	34580	122134
	3p	-	19	40217	22422	24866	34629	122134
	3p	-	20	40552	22394	24952	34236	122134
	3p	-	21	40613	22111	24837	34573	122134
	3p	-	22	40411	22517	24989	34217	122134
	3p	-	23	40532	22139	25016	34447	122134
	3p	-	24	40398	22290	25277	34169	122134
	3p	-	25	40294	22473	25137	34230	122134
	3p	-	26	40176	22452	25565	33941	122134
	3p	-	27	40120	22772	25254	33988	122134
	3p	-	28	40288	22974	25416	33456	122134
	3p	-	29	40439	22517	25360	33818	122134
	3p	-	30	40669	22538	25319	33608	122134
	3p	-	31	38412	21391	23947	31960	115710
	3p	-	32	36263	20262	22706	30048	109279
	3p	-	33	34224	18972	21406	28409	103011
	3p	-	34	32337	17668	20155	26770	96930
	3p	-	35	30182	16686	18798	25412	91078
	3p	-	36	28419	15474	17528	23987	85408
	3p	-	37	26537	14547	16653	22287	80024
	3p	-	38	24663	13568	15663	21124	75018
	3p	-	39	23152	12805	14407	19820	70184
	3p	-	40	21606	11740	13581	18690	65617
	3p	-	41	20411	11302	12467	17224	61404
	3p	-	42	18876	10328	11991	16086	57281
	3p	-	43	17546	9662	11005	15102	53315
	3p	-	44	16536	9040	9985	13990	49551
	3p	-	45	15322	8302	9391	13069	46084
	3p	-	46	14229	7683	8643	12233	42788
	3p	-	47	13239	7246	8117	11160	39762
	3p	-	48	11960	6787	7602	10543	36892
	3p	-	49	11117	6220	7066	9823	34226
	3p	-	50	10395	5830	6479	8992	31696
	3p	-	51	9597	5331	6003	8442	29373
	3p	-	52	9029	4883	5567	7800	27279
	3p	-	53	8218	4668	5080	7270	25236
	3p	-	54	7686	4384	4833	6511	23414
	3p	-	55	7076	3870	4381	6329	21656
	3p	-	56	6580	3641	4061	5787	20069
	3p	-	57	6098	3510	3772	5286	18666
	3p	-	58	5613	3243	3431	5013	17300
	3p	-	59	5263	2964	3185	4580	15992
	3p	-	60	4872	2731	2926	4290	14819
	3p	-	61	4522	2520	2729	3931	13702
	3p	-	62	4138	2413	2402	3748	12701
	3p	-	63	3849	2151	2324	3440	11764
	3p	-	64	3623	1979	2101	3179	10882
	3p	-	65	3224	1878	1975	3017	10094
	3p	-	66	2979	1715	1937	2750	9381
	3p	-	67	2794	1597	1709	2615	8715
	3p	-	68	2581	1538	1652	2326	8097
	3p	-	69	2477	1378	1500	2223	7578
	3p	-	70	2288	1379	1333	2076	7076
	3p	-	71	2149	1240	1305	1884	6578
	3p	-	72	1975	1205	1197	1755	6132
	3p	-	73	1869	1058	1155	1624	5706
	3p	-	74	1756	978	1045	1520	5299
	3p	-	75	1608	907	997	1397	4909
	3p	-	76	1489	866	869	1347	4571
	3p	-	77	1408	823	831	1186	4248
	3p	-	78	1269	749	770	1174	3962
	3p	-	79	1151	746	727	1088	3712
	3p	-	80	1071	702	679	1016	3468
	3p	-	81	1089	616	591	931	3227
	3p	-	82	984	557	603	865	3009
	3p	-	83	873	521	528	884	2806
	3p	-	84	848	491	558	746	2643
	3p	-	85	764	465	513	736	2478
	3p	-	86	753	449	453	680	2335
	3p	-	87	699	411	428	641	2179
	3p	-	88	655	394	385	608	2042
	3p	-	89	608	383	366	538	1895
	3p	-	90	530	361	348	532	1771
	3p	-	91	517	331	351	450	1649
	3p	-	92	509	279	315	451	1554
	3p	-	93	453	282	281	439	1455
	3p	-	94	459	243	277	396	1375
	3p	-	95	424	239	235	388	1286
	3p	-	96	410	220	228	348	1206
	3p	-	97	355	222	233	326	1136
	3p	-	98	336	227	206	297	1066
	3p	-	99	323	220	192	272	1007
	3p	-	100	303	170	199	268	940
	5p	+	1	49235	22173	22187	29905	123500
	5p	+	2	43009	21114	26683	32694	123500
	5p	+	3	41605	24231	25984	31680	123500
	5p	+	4	40768	24622	27717	30393	123500
	5p	+	5	39132	24662	27899	31807	123500
	5p	+	6	37263	24928	27751	33558	123500
	5p	+	7	40561	23271	26599	33069	123500
	5p	+	8	42496	22132	25824	33048	123500
	5p	+	9	42744	22045	25728	32983	123500
	5p	+	10	42122	22091	25971	33316	123500
	5p	+	11	41603	22479	25659	33759	123500
	5p	+	12	41828	22407	25121	34144	123500
	5p	+	13	42040	22539	24729	34192	123500
	5p	+	14	41685	22635	24961	34219	123500
	5p	+	15	41789	22426	25068	34217	123500
	5p	+	16	41143	22773	25148	34436	123500
	5p	+	17	41587	22679	24740	34494	123500
	5p	+	18	41116	23110	25005	34269	123500
	5p	+	19	41383	22854	24912	34351	123500
	5p	+	20	41255	22719	24922	34604	123500
	5p	+	21	41183	22841	25132	34344	123500
	5p	+	22	41613	22462	24756	34669	123500
	5p	+	23	41826	22264	25069	34341	123500
	5p	+	24	41911	22174	25148	34267	123500
	5p	+	25	42193	22123	25080	34104	123500
	5p	+	26	42817	21531	25084	34068	123500
	5p	+	27	42544	21647	25306	34003	123500
	5p	+	28	43027	21811	25319	33343	123500
	5p	+	29	43000	22033	25158	33309	123500
	5p	+	30	43948	21858	24939	32755	123500
	5p	+	31	41684	20484	23692	31155	117015
	5p	+	32	39476	18928	22536	29431	110371
	5p	+	33	36902	17987	21188	28116	104193
	5p	+	34	34752	16883	19917	26487	98039
	5p	+	35	32506	16019	18666	24895	92086
	5p	+	36	30644	14865	17604	23282	86395
	5p	+	37	28882	13772	16447	21852	80953
	5p	+	38	26984	12864	15582	20430	75860
	5p	+	39	25215	12060	14516	19143	70934
	5p	+	40	23399	11444	13274	18187	66304
	5p	+	41	21788	10586	12540	16932	61846
	5p	+	42	20449	9799	11470	15948	57666
	5p	+	43	18925	9108	10975	14685	53693
	5p	+	44	17674	8540	9963	13712	49889
	5p	+	45	16282	7931	9214	12902	46329
	5p	+	46	15159	7329	8635	11961	43084
	5p	+	47	13990	6925	7985	11056	39956
	5p	+	48	13025	6311	7368	10368	37072
	5p	+	49	11888	6007	6934	9573	34402
	5p	+	50	11111	5420	6370	8922	31823
	5p	+	51	10438	5101	5777	8114	29430
	5p	+	52	9546	4705	5419	7596	27266
	5p	+	53	8897	4299	5022	7054	25272
	5p	+	54	8066	4085	4731	6521	23403
	5p	+	55	7603	3663	4216	6107	21589
	5p	+	56	7027	3458	3902	5617	20004
	5p	+	57	6411	3187	3607	5358	18563
	5p	+	58	5949	2986	3379	4890	17204
	5p	+	59	5516	2718	3163	4543	15940
	5p	+	60	5087	2539	2895	4279	14800
	5p	+	61	4719	2360	2676	3997	13752
	5p	+	62	4356	2266	2508	3607	12737
	5p	+	63	3984	2133	2316	3416	11849
	5p	+	64	3732	1973	2130	3158	10993
	5p	+	65	3425	1797	1898	3037	10157
	5p	+	66	3188	1672	1826	2736	9422
	5p	+	67	2968	1559	1703	2486	8716
	5p	+	68	2780	1405	1522	2427	8134
	5p	+	69	2632	1265	1466	2231	7594
	5p	+	70	2416	1251	1375	2035	7077
	5p	+	71	2205	1186	1224	1985	6600
	5p	+	72	2050	1072	1181	1830	6133
	5p	+	73	2001	1039	1088	1613	5741
	5p	+	74	1785	934	1014	1606	5339
	5p	+	75	1726	914	879	1448	4967
	5p	+	76	1643	802	814	1361	4620
	5p	+	77	1489	764	793	1241	4287
	5p	+	78	1379	681	768	1195	4023
	5p	+	79	1280	661	724	1095	3760
	5p	+	80	1159	620	679	1031	3489
	5p	+	81	1126	605	610	937	3278
	5p	+	82	1006	608	559	909	3082
	5p	+	83	958	510	550	854	2872
	5p	+	84	884	483	520	788	2675
	5p	+	85	826	483	471	723	2503
	5p	+	86	802	450	453	647	2352
	5p	+	87	718	413	400	679	2210
	5p	+	88	676	377	415	611	2079
	5p	+	89	666	358	354	588	1966
	5p	+	90	643	310	343	548	1844
	5p	+	91	599	317	301	521	1738
	5p	+	92	566	323	267	486	1642
	5p	+	93	525	269	289	468	1551
	5p	+	94	480	259	290	435	1464
	5p	+	95	447	263	264	405	1379
	5p	+	96	422	268	224	399	1313
	5p	+	97	445	216	225	346	1232
	5p	+	98	379	210	214	364	1167
	5p	+	99	350	187	222	329	1088
	5p	+	100	326	205	200	297	1028
	5p	-	1	48705	21767	22008	29654	122134
	5p	-	2	42419	21132	26359	32224	122134
	5p	-	3	40605	24005	25683	31841	122134
	5p	-	4	39698	24552	27218	30666	122134
	5p	-	5	38594	24433	27196	31911	122134
	5p	-	6	36649	24485	27680	33320	122134
	5p	-	7	39987	23212	26162	32773	122134
	5p	-	8	41470	21896	25723	33045	122134
	5p	-	9	41710	22174	25467	32783	122134
	5p	-	10	41227	21957	25524	33426	122134
	5p	-	11	41017	22276	25386	33455	122134
	5p	-	12	40928	22283	25109	33814	122134
	5p	-	13	40826	22380	25083	33845	122134
	5p	-	14	40720	22479	24819	34116	122134
	5p	-	15	40713	22116	24824	34481	122134
	5p	-	16	40653	22388	24906	34187	122134
	5p	-	17	40585	22770	24800	33979	122134
	5p	-	18	40251	22708	24689	34486	122134
	5p	-	19	40422	22536	24815	34361	122134
	5p	-	20	40417	22430	24909	34378	122134
	5p	-	21	40609	22223	24805	34497	122134
	5p	-	22	40821	22190	24672	34451	122134
	5p	-	23	41139	22285	24694	34016	122134
	5p	-	24	41242	22113	24668	34111	122134
	5p	-	25	41533	21649	24974	33978	122134
	5p	-	26	41795	21674	24915	33750	122134
	5p	-	27	41807	21496	25021	33810	122134
	5p	-	28	41812	21357	25085	33880	122134
	5p	-	29	42167	21729	24772	33466	122134
	5p	-	30	42974	21384	24952	32824	122134
	5p	-	31	40815	20128	23677	31090	115710
	5p	-	32	38427	18885	22324	29643	109279
	5p	-	33	36575	17698	21096	27642	103011
	5p	-	34	34036	16679	19863	26352	96930
	5p	-	35	32478	15338	18407	24855	91078
	5p	-	36	30193	14558	17374	23283	85408
	5p	-	37	28181	13569	16355	21919	80024
	5p	-	38	26352	13003	15160	20503	75018
	5p	-	39	24791	11873	14255	19265	70184
	5p	-	40	23052	11116	13196	18253	65617
	5p	-	41	21557	10629	12275	16943	61404
	5p	-	42	20211	9671	11569	15830	57281
	5p	-	43	18677	9031	10755	14852	53315
	5p	-	44	17225	8376	9920	14030	49551
	5p	-	45	16083	7812	9254	12935	46084
	5p	-	46	14909	7390	8437	12052	42788
	5p	-	47	13926	6573	8007	11256	39762
	5p	-	48	12655	6342	7425	10470	36892
	5p	-	49	12037	5721	6803	9665	34226
	5p	-	50	10902	5485	6390	8919	31696
	5p	-	51	10240	5012	5816	8305	29373
	5p	-	52	9306	4684	5456	7833	27279
	5p	-	53	8813	4365	4930	7128	25236
	5p	-	54	7982	3999	4712	6721	23414
	5p	-	55	7406	3767	4276	6207	21656
	5p	-	56	6946	3466	4028	5629	20069
	5p	-	57	6440	3129	3683	5414	18666
	5p	-	58	5927	2960	3474	4939	17300
	5p	-	59	5477	2780	3154	4581	15992
	5p	-	60	5100	2569	2880	4270	14819
	5p	-	61	4703	2402	2740	3857	13702
	5p	-	62	4348	2209	2476	3668	12701
	5p	-	63	3977	2046	2324	3417	11764
	5p	-	64	3712	1890	2044	3236	10882
	5p	-	65	3440	1801	1945	2908	10094
	5p	-	66	3246	1642	1758	2735	9381
	5p	-	67	2963	1440	1681	2631	8715
	5p	-	68	2798	1430	1494	2375	8097
	5p	-	69	2574	1334	1459	2211	7578
	5p	-	70	2385	1253	1389	2049	7076
	5p	-	71	2258	1179	1268	1873	6578
	5p	-	72	2057	1026	1192	1857	6132
	5p	-	73	1914	1054	1098	1640	5706
	5p	-	74	1807	954	974	1564	5299
	5p	-	75	1699	838	934	1438	4909
	5p	-	76	1518	779	877	1397	4571
	5p	-	77	1411	730	838	1269	4248
	5p	-	78	1300	702	785	1175	3962
	5p	-	79	1289	658	685	1080	3712
	5p	-	80	1151	628	664	1025	3468
	5p	-	81	1083	598	607	939	3227
	5p	-	82	988	524	578	919	3009
	5p	-	83	950	515	523	818	2806
	5p	-	84	901	458	516	768	2643
	5p	-	85	852	455	463	708	2478
	5p	-	86	795	377	489	674	2335
	5p	-	87	704	403	436	636	2179
	5p	-	88	681	345	398	618	2042
	5p	-	89	646	358	348	543	1895
	5p	-	90	591	314	353	513	1771
	5p	-	91	560	319	321	449	1649
	5p	-	92	530	270	305	449	1554
	5p	-	93	494	248	284	429	1455
	5p	-	94	457	247	275	396	1375
	5p	-	95	424	224	249	389	1286
	5p	-	96	368	232	238	368	1206
	5p	-	97	355	238	208	335	1136
	5p	-	98	360	186	185	335	1066
	5p	-	99	335	174	195	303	1007
	5p	-	100	324	160	180	276	940
