# table produced by DamageProfiler
# using mapped file RxA007_SCR_002.ReedbuckBh_Human_nc.Target.rmdup.noMicro.bam
# Sample ID: RxA007_SCR_002.ReedbuckBh_Human_nc.Target.rmdup.noMicro.bam
Chr	End	Std	Pos	A	C	G	T	Total	G>A	C>T	A>G	T>C	A>C	A>T	C>G	C>A	T>G	T>A	G>C	G>T	A>-	T>-	C>-	G>-	->A	->T	->C	->G	S
	3p	+	1	54891.0	21638.0	24323.0	22623.0	123475.0	683.0	2611.0	472.0	397.0	173.0	187.0	92.0	263.0	158.0	236.0	89.0	105.0	0.0	0.0	0.0	0.0	0.0	0.0	0.0	0.0	0.0
	3p	+	2	47939.0	24313.0	23459.0	27766.0	123477.0	524.0	1038.0	441.0	384.0	171.0	169.0	85.0	188.0	127.0	166.0	103.0	122.0	0.0	0.0	0.0	0.0	0.0	0.0	0.0	0.0	0.0
	3p	+	3	45319.0	23148.0	26465.0	28555.0	123487.0	490.0	410.0	495.0	405.0	141.0	114.0	92.0	167.0	120.0	153.0	93.0	106.0	0.0	0.0	0.0	0.0	1.0	0.0	0.0	0.0	0.0
	3p	+	4	46051.0	20598.0	25624.0	31209.0	123482.0	477.0	424.0	469.0	328.0	115.0	106.0	74.0	138.0	112.0	138.0	68.0	137.0	0.0	0.0	0.0	0.0	1.0	0.0	1.0	3.0	0.0
	3p	+	5	46134.0	19406.0	26320.0	31624.0	123484.0	453.0	419.0	472.0	332.0	101.0	111.0	91.0	139.0	101.0	135.0	70.0	121.0	0.0	0.0	0.0	0.0	1.0	0.0	2.0	2.0	0.0
	3p	+	6	46756.0	18763.0	27176.0	30753.0	123448.0	490.0	412.0	467.0	297.0	89.0	80.0	90.0	126.0	123.0	132.0	75.0	122.0	0.0	0.0	0.0	0.0	14.0	0.0	7.0	16.0	0.0
	3p	+	7	44730.0	20524.0	25600.0	32589.0	123443.0	469.0	405.0	479.0	342.0	112.0	88.0	84.0	106.0	89.0	89.0	63.0	126.0	0.0	0.0	0.0	0.0	19.0	0.0	8.0	12.0	0.0
	3p	+	8	44875.0	20439.0	24772.0	33335.0	123421.0	472.0	430.0	386.0	322.0	81.0	81.0	60.0	132.0	105.0	112.0	77.0	113.0	0.0	0.0	0.0	0.0	22.0	0.0	11.0	24.0	0.0
	3p	+	9	43520.0	21276.0	24760.0	33862.0	123418.0	480.0	397.0	430.0	324.0	83.0	86.0	75.0	109.0	93.0	89.0	75.0	99.0	0.0	0.0	0.0	0.0	33.0	0.0	7.0	21.0	0.0
	3p	+	10	42765.0	21637.0	24860.0	34154.0	123416.0	400.0	443.0	426.0	339.0	91.0	79.0	83.0	117.0	95.0	85.0	65.0	114.0	0.0	0.0	0.0	0.0	34.0	0.0	14.0	14.0	0.0
	3p	+	11	42320.0	21830.0	24855.0	34402.0	123407.0	412.0	384.0	444.0	327.0	100.0	84.0	81.0	95.0	103.0	74.0	73.0	110.0	0.0	0.0	0.0	0.0	39.0	0.0	11.0	13.0	0.0
	3p	+	12	41869.0	22127.0	25056.0	34320.0	123372.0	440.0	393.0	420.0	324.0	110.0	77.0	70.0	116.0	112.0	73.0	76.0	113.0	0.0	0.0	0.0	0.0	52.0	0.0	20.0	18.0	0.0
	3p	+	13	41907.0	21908.0	24809.0	34749.0	123373.0	413.0	409.0	435.0	365.0	98.0	70.0	72.0	98.0	103.0	79.0	60.0	98.0	0.0	0.0	0.0	0.0	52.0	0.0	17.0	24.0	0.0
	3p	+	14	41765.0	22156.0	25026.0	34418.0	123365.0	394.0	412.0	450.0	362.0	107.0	75.0	81.0	101.0	98.0	80.0	63.0	99.0	0.0	0.0	0.0	0.0	66.0	0.0	17.0	11.0	0.0
	3p	+	15	41430.0	22516.0	25063.0	34358.0	123367.0	382.0	385.0	427.0	368.0	123.0	89.0	77.0	103.0	84.0	98.0	74.0	123.0	0.0	0.0	0.0	0.0	58.0	0.0	28.0	22.0	0.0
	3p	+	16	41378.0	22386.0	25048.0	34559.0	123371.0	407.0	432.0	462.0	333.0	85.0	82.0	76.0	101.0	105.0	84.0	82.0	118.0	0.0	0.0	0.0	0.0	54.0	0.0	19.0	21.0	0.0
	3p	+	17	41019.0	22756.0	24876.0	34703.0	123354.0	425.0	421.0	411.0	378.0	117.0	81.0	98.0	85.0	105.0	92.0	80.0	123.0	0.0	0.0	0.0	0.0	64.0	0.0	24.0	23.0	0.0
	3p	+	18	41210.0	22825.0	25007.0	34310.0	123352.0	413.0	421.0	446.0	347.0	99.0	83.0	81.0	121.0	94.0	81.0	84.0	116.0	0.0	0.0	0.0	0.0	67.0	0.0	11.0	23.0	0.0
	3p	+	19	41340.0	22530.0	25209.0	34263.0	123342.0	462.0	436.0	427.0	367.0	93.0	86.0	72.0	104.0	86.0	94.0	81.0	103.0	0.0	0.0	0.0	0.0	76.0	0.0	17.0	23.0	0.0
	3p	+	20	41204.0	22698.0	25021.0	34423.0	123346.0	380.0	431.0	423.0	386.0	95.0	85.0	70.0	110.0	92.0	92.0	54.0	118.0	0.0	0.0	0.0	0.0	67.0	0.0	18.0	23.0	0.0
	3p	+	21	41120.0	22885.0	24784.0	34568.0	123357.0	421.0	426.0	400.0	338.0	114.0	89.0	78.0	109.0	98.0	73.0	77.0	118.0	0.0	0.0	0.0	0.0	62.0	0.0	22.0	20.0	0.0
	3p	+	22	41051.0	22783.0	25106.0	34409.0	123349.0	435.0	416.0	423.0	357.0	102.0	82.0	71.0	120.0	83.0	79.0	64.0	114.0	0.0	0.0	0.0	0.0	57.0	0.0	25.0	18.0	0.0
	3p	+	23	41494.0	22498.0	24977.0	34383.0	123352.0	389.0	413.0	460.0	368.0	110.0	77.0	63.0	112.0	88.0	106.0	81.0	126.0	0.0	0.0	0.0	0.0	60.0	0.0	23.0	16.0	0.0
	3p	+	24	41401.0	22585.0	25172.0	34194.0	123352.0	401.0	420.0	423.0	332.0	117.0	78.0	69.0	118.0	106.0	83.0	82.0	119.0	0.0	0.0	0.0	0.0	76.0	0.0	11.0	23.0	0.0
	3p	+	25	41282.0	22706.0	25136.0	34233.0	123357.0	363.0	374.0	410.0	379.0	112.0	102.0	74.0	91.0	108.0	86.0	71.0	117.0	0.0	0.0	0.0	0.0	77.0	0.0	12.0	14.0	0.0
	3p	+	26	41261.0	23023.0	25268.0	33813.0	123365.0	380.0	443.0	462.0	348.0	102.0	84.0	90.0	102.0	104.0	90.0	66.0	117.0	0.0	0.0	0.0	0.0	53.0	0.0	32.0	20.0	0.0
	3p	+	27	41079.0	22818.0	25794.0	33667.0	123358.0	422.0	462.0	463.0	366.0	109.0	98.0	86.0	98.0	85.0	77.0	75.0	122.0	0.0	0.0	0.0	0.0	58.0	0.0	19.0	24.0	0.0
	3p	+	28	40789.0	23109.0	25646.0	33807.0	123351.0	450.0	440.0	445.0	393.0	106.0	82.0	79.0	86.0	101.0	77.0	82.0	112.0	0.0	0.0	0.0	0.0	56.0	0.0	23.0	25.0	0.0
	3p	+	29	40909.0	22905.0	25952.0	33590.0	123356.0	458.0	484.0	437.0	358.0	124.0	130.0	88.0	119.0	104.0	107.0	85.0	118.0	0.0	0.0	0.0	0.0	62.0	0.0	20.0	18.0	0.0
	3p	+	30	41442.0	22896.0	25588.0	33448.0	123374.0	445.0	458.0	501.0	367.0	152.0	168.0	104.0	150.0	117.0	158.0	87.0	141.0	0.0	0.0	0.0	0.0	69.0	0.0	12.0	15.0	0.0
	3p	+	31	39297.0	21746.0	24196.0	31662.0	116901.0	452.0	449.0	522.0	355.0	128.0	163.0	82.0	126.0	119.0	158.0	80.0	142.0	0.0	0.0	0.0	0.0	46.0	0.0	11.0	25.0	0.0
	3p	+	32	37014.0	20379.0	22959.0	29902.0	110254.0	395.0	412.0	496.0	313.0	125.0	164.0	74.0	127.0	112.0	158.0	73.0	140.0	0.0	0.0	0.0	0.0	46.0	0.0	8.0	25.0	0.0
	3p	+	33	35075.0	19307.0	21488.0	28228.0	104098.0	379.0	424.0	457.0	346.0	122.0	166.0	71.0	124.0	80.0	122.0	76.0	123.0	0.0	0.0	0.0	0.0	45.0	0.0	10.0	8.0	0.0
	3p	+	34	33000.0	18093.0	20270.0	26576.0	97939.0	401.0	386.0	410.0	280.0	115.0	128.0	87.0	108.0	106.0	122.0	63.0	118.0	0.0	0.0	0.0	0.0	34.0	0.0	8.0	19.0	0.0
	3p	+	35	30941.0	16982.0	18981.0	25085.0	91989.0	339.0	370.0	399.0	292.0	95.0	151.0	80.0	118.0	79.0	130.0	50.0	117.0	0.0	0.0	0.0	0.0	38.0	0.0	14.0	11.0	0.0
	3p	+	36	29186.0	15838.0	17867.0	23430.0	86321.0	319.0	366.0	366.0	289.0	92.0	129.0	63.0	95.0	84.0	108.0	49.0	108.0	0.0	0.0	0.0	0.0	34.0	0.0	8.0	17.0	0.0
	3p	+	37	27176.0	14704.0	16624.0	22382.0	80886.0	296.0	350.0	319.0	240.0	102.0	117.0	53.0	110.0	87.0	93.0	59.0	112.0	0.0	0.0	0.0	0.0	24.0	0.0	8.0	13.0	0.0
	3p	+	38	25373.0	13812.0	15666.0	20931.0	75782.0	264.0	328.0	328.0	236.0	91.0	125.0	84.0	86.0	63.0	133.0	51.0	105.0	0.0	0.0	0.0	0.0	36.0	0.0	12.0	7.0	0.0
	3p	+	39	23662.0	12988.0	14483.0	19728.0	70861.0	265.0	293.0	329.0	186.0	69.0	121.0	54.0	98.0	72.0	100.0	60.0	81.0	0.0	0.0	0.0	0.0	34.0	0.0	6.0	10.0	0.0
	3p	+	40	22107.0	12253.0	13621.0	18261.0	66242.0	254.0	258.0	291.0	188.0	80.0	103.0	48.0	79.0	59.0	103.0	37.0	84.0	0.0	0.0	0.0	0.0	17.0	0.0	10.0	11.0	0.0
	3p	+	41	20581.0	11315.0	12821.0	17068.0	61785.0	234.0	273.0	269.0	176.0	73.0	87.0	44.0	83.0	75.0	103.0	49.0	87.0	0.0	0.0	0.0	0.0	22.0	0.0	6.0	8.0	0.0
	3p	+	42	19109.0	10481.0	11857.0	16166.0	57613.0	235.0	239.0	259.0	204.0	72.0	79.0	47.0	66.0	48.0	99.0	35.0	88.0	0.0	0.0	0.0	0.0	20.0	0.0	4.0	11.0	0.0
	3p	+	43	18027.0	10064.0	10845.0	14711.0	53647.0	188.0	236.0	220.0	149.0	52.0	93.0	47.0	62.0	53.0	81.0	26.0	70.0	0.0	0.0	0.0	0.0	20.0	0.0	5.0	2.0	0.0
	3p	+	44	16581.0	9039.0	10275.0	13943.0	49838.0	184.0	192.0	217.0	140.0	55.0	82.0	43.0	54.0	51.0	82.0	40.0	83.0	0.0	0.0	0.0	0.0	24.0	0.0	7.0	7.0	0.0
	3p	+	45	15540.0	8501.0	9298.0	12949.0	46288.0	165.0	171.0	203.0	151.0	50.0	89.0	32.0	77.0	37.0	79.0	34.0	63.0	0.0	0.0	0.0	0.0	11.0	0.0	8.0	5.0	0.0
	3p	+	46	14211.0	7912.0	8603.0	12312.0	43038.0	175.0	175.0	194.0	135.0	48.0	83.0	38.0	73.0	42.0	65.0	37.0	49.0	0.0	0.0	0.0	0.0	17.0	0.0	3.0	9.0	0.0
	3p	+	47	13438.0	7327.0	8056.0	11094.0	39915.0	160.0	166.0	169.0	93.0	50.0	95.0	45.0	49.0	45.0	56.0	27.0	56.0	0.0	0.0	0.0	0.0	17.0	0.0	4.0	5.0	0.0
	3p	+	48	12389.0	6829.0	7431.0	10396.0	37045.0	138.0	160.0	153.0	124.0	32.0	64.0	33.0	50.0	52.0	59.0	26.0	46.0	0.0	0.0	0.0	0.0	8.0	0.0	3.0	3.0	0.0
	3p	+	49	11352.0	6424.0	6930.0	9674.0	34380.0	131.0	156.0	151.0	112.0	38.0	58.0	36.0	36.0	35.0	60.0	24.0	40.0	0.0	0.0	0.0	0.0	9.0	0.0	3.0	2.0	0.0
	3p	+	50	10620.0	5891.0	6424.0	8869.0	31804.0	123.0	145.0	139.0	111.0	32.0	49.0	24.0	45.0	29.0	39.0	17.0	46.0	0.0	0.0	0.0	0.0	4.0	0.0	4.0	2.0	0.0
	3p	+	51	9695.0	5422.0	5984.0	8306.0	29407.0	113.0	127.0	130.0	85.0	35.0	51.0	26.0	41.0	26.0	48.0	20.0	42.0	0.0	0.0	0.0	0.0	11.0	0.0	3.0	1.0	0.0
	3p	+	52	9187.0	4903.0	5590.0	7561.0	27241.0	114.0	111.0	118.0	88.0	40.0	49.0	23.0	24.0	21.0	39.0	21.0	43.0	0.0	0.0	0.0	0.0	6.0	0.0	7.0	4.0	0.0
	3p	+	53	8455.0	4637.0	5117.0	7033.0	25242.0	112.0	93.0	93.0	68.0	22.0	35.0	25.0	28.0	22.0	40.0	20.0	39.0	0.0	0.0	0.0	0.0	12.0	0.0	2.0	3.0	0.0
	3p	+	54	7679.0	4347.0	4687.0	6669.0	23382.0	94.0	118.0	96.0	89.0	23.0	44.0	15.0	24.0	29.0	39.0	14.0	34.0	0.0	0.0	0.0	0.0	8.0	0.0	1.0	2.0	0.0
	3p	+	55	7084.0	3942.0	4314.0	6234.0	21574.0	80.0	94.0	93.0	75.0	16.0	50.0	26.0	19.0	25.0	30.0	16.0	29.0	0.0	0.0	0.0	0.0	5.0	0.0	4.0	2.0	0.0
	3p	+	56	6509.0	3658.0	4062.0	5763.0	19992.0	87.0	80.0	82.0	51.0	27.0	30.0	22.0	25.0	23.0	38.0	11.0	25.0	0.0	0.0	0.0	0.0	2.0	0.0	1.0	2.0	0.0
	3p	+	57	6164.0	3469.0	3647.0	5267.0	18547.0	90.0	84.0	83.0	54.0	18.0	33.0	19.0	20.0	23.0	35.0	15.0	37.0	0.0	0.0	0.0	0.0	5.0	0.0	2.0	1.0	0.0
	3p	+	58	5602.0	3215.0	3481.0	4888.0	17186.0	56.0	86.0	72.0	50.0	17.0	20.0	11.0	19.0	18.0	31.0	13.0	16.0	0.0	0.0	0.0	0.0	5.0	0.0	2.0	1.0	0.0
	3p	+	59	5203.0	2954.0	3159.0	4611.0	15927.0	62.0	66.0	70.0	42.0	19.0	37.0	14.0	26.0	9.0	18.0	12.0	23.0	0.0	0.0	0.0	0.0	4.0	0.0	1.0	2.0	0.0
	3p	+	60	4843.0	2698.0	3049.0	4198.0	14788.0	43.0	57.0	62.0	39.0	16.0	25.0	12.0	13.0	11.0	22.0	12.0	24.0	0.0	0.0	0.0	0.0	2.0	0.0	2.0	5.0	0.0
	3p	+	61	4459.0	2520.0	2732.0	4028.0	13739.0	52.0	62.0	58.0	43.0	15.0	30.0	9.0	16.0	13.0	30.0	11.0	19.0	0.0	0.0	0.0	0.0	3.0	0.0	0.0	4.0	0.0
	3p	+	62	4186.0	2396.0	2516.0	3628.0	12726.0	58.0	56.0	65.0	41.0	13.0	14.0	13.0	18.0	16.0	22.0	15.0	13.0	0.0	0.0	0.0	0.0	4.0	0.0	3.0	0.0	0.0
	3p	+	63	3850.0	2243.0	2379.0	3368.0	11840.0	44.0	44.0	39.0	40.0	7.0	15.0	12.0	15.0	14.0	26.0	10.0	10.0	0.0	0.0	0.0	0.0	1.0	0.0	3.0	0.0	0.0
	3p	+	64	3674.0	2040.0	2185.0	3087.0	10986.0	36.0	46.0	44.0	30.0	10.0	12.0	9.0	12.0	17.0	17.0	12.0	16.0	0.0	0.0	0.0	0.0	1.0	0.0	1.0	1.0	0.0
	3p	+	65	3276.0	1955.0	1997.0	2924.0	10152.0	43.0	42.0	39.0	38.0	11.0	19.0	10.0	8.0	6.0	15.0	11.0	12.0	0.0	0.0	0.0	0.0	0.0	0.0	0.0	1.0	0.0
	3p	+	66	3055.0	1808.0	1850.0	2703.0	9416.0	31.0	44.0	46.0	39.0	8.0	22.0	4.0	11.0	12.0	6.0	5.0	11.0	0.0	0.0	0.0	0.0	3.0	0.0	1.0	0.0	0.0
	3p	+	67	2815.0	1662.0	1693.0	2539.0	8709.0	28.0	32.0	36.0	30.0	14.0	12.0	7.0	9.0	8.0	14.0	2.0	18.0	0.0	0.0	0.0	0.0	3.0	0.0	1.0	1.0	0.0
	3p	+	68	2620.0	1563.0	1570.0	2376.0	8129.0	30.0	32.0	33.0	27.0	7.0	13.0	8.0	10.0	8.0	9.0	4.0	6.0	0.0	0.0	0.0	0.0	3.0	0.0	0.0	0.0	0.0
	3p	+	69	2422.0	1508.0	1492.0	2167.0	7589.0	28.0	30.0	34.0	23.0	11.0	12.0	3.0	12.0	8.0	7.0	4.0	9.0	0.0	0.0	0.0	0.0	1.0	0.0	0.0	0.0	0.0
	3p	+	70	2195.0	1350.0	1415.0	2110.0	7070.0	37.0	41.0	23.0	30.0	8.0	9.0	6.0	7.0	14.0	13.0	4.0	10.0	0.0	0.0	0.0	0.0	2.0	0.0	1.0	3.0	0.0
	3p	+	71	2104.0	1269.0	1289.0	1928.0	6590.0	22.0	28.0	26.0	17.0	10.0	12.0	2.0	7.0	7.0	14.0	3.0	5.0	0.0	0.0	0.0	0.0	3.0	0.0	3.0	1.0	0.0
	3p	+	72	1965.0	1191.0	1184.0	1787.0	6127.0	22.0	19.0	20.0	20.0	7.0	13.0	6.0	10.0	7.0	6.0	3.0	11.0	0.0	0.0	0.0	0.0	1.0	0.0	2.0	2.0	0.0
	3p	+	73	1830.0	1088.0	1134.0	1686.0	5738.0	22.0	19.0	21.0	25.0	6.0	6.0	5.0	6.0	5.0	9.0	2.0	6.0	0.0	0.0	0.0	0.0	1.0	0.0	0.0	0.0	0.0
	3p	+	74	1730.0	1020.0	1060.0	1527.0	5337.0	29.0	28.0	18.0	13.0	1.0	8.0	3.0	4.0	5.0	7.0	3.0	6.0	0.0	0.0	0.0	0.0	0.0	0.0	0.0	0.0	0.0
	3p	+	75	1630.0	936.0	922.0	1474.0	4962.0	20.0	28.0	26.0	20.0	3.0	7.0	3.0	12.0	3.0	11.0	3.0	5.0	0.0	0.0	0.0	0.0	0.0	0.0	1.0	1.0	0.0
	3p	+	76	1530.0	879.0	907.0	1302.0	4618.0	21.0	20.0	15.0	14.0	3.0	5.0	7.0	3.0	6.0	8.0	2.0	8.0	0.0	0.0	0.0	0.0	1.0	0.0	0.0	0.0	0.0
	3p	+	77	1351.0	819.0	890.0	1225.0	4285.0	19.0	28.0	15.0	12.0	8.0	7.0	7.0	4.0	2.0	4.0	6.0	9.0	0.0	0.0	0.0	0.0	1.0	0.0	0.0	0.0	0.0
	3p	+	78	1324.0	784.0	734.0	1178.0	4020.0	9.0	19.0	15.0	10.0	5.0	7.0	4.0	7.0	11.0	7.0	3.0	3.0	0.0	0.0	0.0	0.0	1.0	0.0	1.0	0.0	0.0
	3p	+	79	1196.0	761.0	733.0	1070.0	3760.0	18.0	14.0	12.0	15.0	3.0	4.0	6.0	4.0	5.0	4.0	1.0	4.0	0.0	0.0	0.0	0.0	0.0	0.0	0.0	0.0	0.0
	3p	+	80	1106.0	668.0	682.0	1032.0	3488.0	20.0	13.0	15.0	10.0	7.0	4.0	3.0	7.0	2.0	2.0	5.0	8.0	0.0	0.0	0.0	0.0	0.0	0.0	0.0	0.0	0.0
	3p	+	81	1032.0	649.0	645.0	951.0	3277.0	9.0	11.0	13.0	8.0	3.0	6.0	0.0	4.0	4.0	5.0	2.0	4.0	0.0	0.0	0.0	0.0	0.0	0.0	1.0	0.0	0.0
	3p	+	82	1030.0	579.0	551.0	920.0	3080.0	11.0	8.0	10.0	7.0	6.0	3.0	4.0	4.0	4.0	6.0	2.0	5.0	0.0	0.0	0.0	0.0	0.0	0.0	1.0	0.0	0.0
	3p	+	83	936.0	563.0	556.0	816.0	2871.0	8.0	21.0	6.0	2.0	2.0	4.0	0.0	4.0	2.0	6.0	0.0	2.0	0.0	0.0	0.0	0.0	0.0	0.0	1.0	0.0	0.0
	3p	+	84	882.0	527.0	478.0	788.0	2675.0	12.0	13.0	17.0	5.0	2.0	3.0	0.0	2.0	2.0	5.0	2.0	2.0	0.0	0.0	0.0	0.0	0.0	0.0	0.0	0.0	0.0
	3p	+	85	771.0	541.0	472.0	718.0	2502.0	6.0	12.0	6.0	6.0	1.0	3.0	3.0	2.0	5.0	0.0	3.0	6.0	0.0	0.0	0.0	0.0	0.0	0.0	0.0	0.0	0.0
	3p	+	86	756.0	436.0	469.0	690.0	2351.0	6.0	7.0	6.0	8.0	1.0	2.0	3.0	3.0	3.0	1.0	0.0	2.0	0.0	0.0	0.0	0.0	0.0	0.0	0.0	0.0	0.0
	3p	+	87	702.0	391.0	429.0	687.0	2209.0	16.0	12.0	11.0	2.0	1.0	7.0	1.0	3.0	1.0	5.0	0.0	1.0	0.0	0.0	0.0	0.0	0.0	0.0	0.0	0.0	0.0
	3p	+	88	668.0	407.0	388.0	615.0	2078.0	5.0	10.0	7.0	5.0	8.0	3.0	0.0	2.0	2.0	3.0	1.0	4.0	0.0	0.0	0.0	0.0	0.0	0.0	0.0	0.0	0.0
	3p	+	89	633.0	377.0	366.0	588.0	1964.0	5.0	9.0	10.0	8.0	0.0	4.0	3.0	3.0	1.0	3.0	2.0	3.0	0.0	0.0	0.0	0.0	1.0	0.0	0.0	0.0	0.0
	3p	+	90	617.0	375.0	321.0	530.0	1843.0	3.0	5.0	8.0	3.0	0.0	4.0	1.0	3.0	1.0	3.0	0.0	4.0	0.0	0.0	0.0	0.0	0.0	0.0	0.0	0.0	0.0
	3p	+	91	558.0	366.0	321.0	491.0	1736.0	4.0	11.0	15.0	9.0	3.0	0.0	2.0	1.0	3.0	6.0	0.0	1.0	0.0	0.0	0.0	0.0	0.0	0.0	0.0	0.0	0.0
	3p	+	92	535.0	324.0	311.0	471.0	1641.0	6.0	7.0	6.0	5.0	2.0	4.0	0.0	2.0	1.0	2.0	2.0	1.0	0.0	0.0	0.0	0.0	0.0	0.0	0.0	1.0	0.0
	3p	+	93	494.0	293.0	284.0	479.0	1550.0	7.0	4.0	3.0	2.0	3.0	3.0	0.0	2.0	0.0	0.0	0.0	2.0	0.0	0.0	0.0	0.0	0.0	0.0	0.0	0.0	0.0
	3p	+	94	425.0	306.0	287.0	444.0	1462.0	9.0	5.0	5.0	7.0	3.0	4.0	0.0	0.0	5.0	5.0	0.0	2.0	0.0	0.0	0.0	0.0	1.0	0.0	0.0	0.0	0.0
	3p	+	95	466.0	263.0	262.0	388.0	1379.0	5.0	5.0	5.0	3.0	0.0	2.0	0.0	0.0	1.0	2.0	1.0	1.0	0.0	0.0	0.0	0.0	0.0	0.0	0.0	0.0	0.0
	3p	+	96	413.0	268.0	225.0	407.0	1313.0	6.0	4.0	4.0	3.0	3.0	1.0	2.0	1.0	1.0	4.0	0.0	0.0	0.0	0.0	0.0	0.0	0.0	0.0	0.0	0.0	0.0
	3p	+	97	401.0	251.0	249.0	331.0	1232.0	7.0	3.0	5.0	1.0	1.0	0.0	0.0	0.0	2.0	2.0	1.0	2.0	0.0	0.0	0.0	0.0	0.0	0.0	0.0	0.0	0.0
	3p	+	98	365.0	232.0	239.0	331.0	1167.0	2.0	2.0	4.0	5.0	0.0	2.0	3.0	1.0	1.0	1.0	2.0	4.0	0.0	0.0	0.0	0.0	0.0	0.0	0.0	0.0	0.0
	3p	+	99	353.0	234.0	191.0	309.0	1087.0	7.0	3.0	3.0	4.0	2.0	3.0	0.0	0.0	0.0	2.0	1.0	0.0	0.0	0.0	0.0	0.0	0.0	0.0	1.0	0.0	0.0
	3p	+	100	303.0	239.0	206.0	279.0	1027.0	5.0	5.0	3.0	2.0	2.0	2.0	2.0	0.0	1.0	4.0	0.0	2.0	0.0	0.0	0.0	0.0	0.0	0.0	0.0	0.0	0.0
	3p	-	1	53718.0	21305.0	24380.0	22719.0	122122.0	615.0	2510.0	530.0	410.0	180.0	202.0	96.0	208.0	142.0	235.0	100.0	120.00.0	0.0	0.0	0.0	0.0	0.0	0.0	0.0	0.0
	3p	-	2	47509.0	24012.0	22967.0	27630.0	122118.0	508.0	1066.0	430.0	402.0	187.0	174.0	100.0	194.0	113.0	169.0	98.0	125.00.0	0.0	0.0	0.0	4.0	0.0	0.0	1.0	0.0
	3p	-	3	44839.0	22931.0	26315.0	28013.0	122098.0	469.0	412.0	484.0	338.0	139.0	128.0	83.0	164.0	121.0	144.0	88.0	130.00.0	0.0	0.0	0.0	13.0	0.0	4.0	3.0	0.0
	3p	-	4	45054.0	20469.0	25313.0	31234.0	122070.0	439.0	442.0	476.0	351.0	127.0	120.0	79.0	124.0	99.0	122.0	71.0	137.00.0	0.0	0.0	0.0	34.0	0.0	8.0	2.0	0.0
	3p	-	5	45590.0	18950.0	25832.0	31682.0	122054.0	468.0	459.0	448.0	297.0	105.0	104.0	72.0	122.0	90.0	127.0	64.0	117.00.0	0.0	0.0	0.0	34.0	0.0	10.0	11.0	0.0
	3p	-	6	45931.0	18536.0	26987.0	30570.0	122024.0	465.0	383.0	438.0	276.0	87.0	78.0	69.0	118.0	107.0	115.0	76.0	127.00.0	0.0	0.0	0.0	45.0	0.0	8.0	24.0	0.0
	3p	-	7	44180.0	20105.0	25292.0	32435.0	122012.0	433.0	443.0	432.0	327.0	103.0	89.0	76.0	103.0	89.0	110.0	88.0	120.00.0	0.0	0.0	0.0	60.0	0.0	14.0	14.0	0.0
	3p	-	8	43648.0	20455.0	24585.0	33310.0	121998.0	426.0	420.0	396.0	284.0	108.0	83.0	72.0	114.0	79.0	102.0	65.0	98.00.0	0.0	0.0	0.0	64.0	0.0	15.0	16.0	0.0
	3p	-	9	42834.0	20996.0	24324.0	33848.0	122002.0	454.0	390.0	400.0	307.0	113.0	84.0	85.0	109.0	96.0	77.0	62.0	118.00.0	0.0	0.0	0.0	66.0	0.0	16.0	17.0	0.0
	3p	-	10	41891.0	21370.0	24637.0	34089.0	121987.0	444.0	410.0	419.0	339.0	112.0	77.0	74.0	104.0	85.0	90.0	67.0	122.00.0	0.0	0.0	0.0	61.0	0.0	21.0	22.0	0.0
	3p	-	11	41415.0	21720.0	24707.0	34134.0	121976.0	402.0	425.0	438.0	337.0	114.0	83.0	71.0	98.0	86.0	96.0	70.0	132.00.0	0.0	0.0	0.0	69.0	0.0	15.0	33.0	0.0
	3p	-	12	41018.0	21610.0	25141.0	34209.0	121978.0	451.0	391.0	452.0	340.0	95.0	79.0	82.0	89.0	106.0	84.0	79.0	129.00.0	0.0	0.0	0.0	77.0	0.0	14.0	25.0	0.0
	3p	-	13	40841.0	22118.0	24637.0	34388.0	121984.0	395.0	440.0	384.0	336.0	96.0	93.0	73.0	116.0	95.0	89.0	64.0	100.00.0	0.0	0.0	0.0	66.0	0.0	25.0	23.0	0.0
	3p	-	14	40793.0	22184.0	24600.0	34400.0	121977.0	392.0	437.0	452.0	362.0	103.0	76.0	61.0	101.0	121.0	89.0	68.0	109.00.0	0.0	0.0	0.0	67.0	0.0	22.0	23.0	0.0
	3p	-	15	40616.0	22325.0	24577.0	34462.0	121980.0	415.0	406.0	400.0	374.0	97.0	75.0	75.0	95.0	105.0	102.0	83.0	105.00.0	0.0	0.0	0.0	61.0	0.0	22.0	22.0	0.0
	3p	-	16	40775.0	22203.0	24643.0	34364.0	121985.0	372.0	452.0	423.0	365.0	99.0	84.0	76.0	102.0	87.0	76.0	79.0	106.00.0	0.0	0.0	0.0	57.0	0.0	19.0	31.0	0.0
	3p	-	17	40534.0	22448.0	24684.0	34339.0	122005.0	395.0	453.0	462.0	363.0	98.0	80.0	101.0	104.0	86.0	89.0	83.0	128.00.0	0.0	0.0	0.0	50.0	0.0	13.0	25.0	0.0
	3p	-	18	40597.0	22316.0	24628.0	34463.0	122004.0	401.0	404.0	386.0	342.0	88.0	69.0	82.0	105.0	98.0	76.0	73.0	114.00.0	0.0	0.0	0.0	51.0	0.0	17.0	16.0	0.0
	3p	-	19	40163.0	22488.0	24851.0	34503.0	122005.0	383.0	436.0	409.0	351.0	94.0	87.0	74.0	94.0	89.0	112.0	76.0	116.00.0	0.0	0.0	0.0	55.0	0.0	17.0	18.0	0.0
	3p	-	20	40495.0	22452.0	24935.0	34134.0	122016.0	403.0	415.0	422.0	389.0	91.0	88.0	74.0	122.0	75.0	85.0	60.0	115.00.0	0.0	0.0	0.0	48.0	0.0	13.0	24.0	0.0
	3p	-	21	40648.0	22209.0	24742.0	34403.0	122002.0	372.0	439.0	444.0	345.0	112.0	77.0	94.0	105.0	100.0	66.0	67.0	127.00.0	0.0	0.0	0.0	55.0	0.0	15.0	23.0	0.0
	3p	-	22	40389.0	22595.0	24940.0	34078.0	122002.0	369.0	421.0	407.0	356.0	94.0	83.0	83.0	106.0	91.0	80.0	69.0	118.00.0	0.0	0.0	0.0	51.0	0.0	13.0	24.0	0.0
	3p	-	23	40484.0	22238.0	24908.0	34378.0	122008.0	415.0	424.0	445.0	358.0	78.0	67.0	88.0	100.0	129.0	74.0	59.0	103.00.0	0.0	0.0	0.0	49.0	0.0	17.0	23.0	0.0
	3p	-	24	40353.0	22361.0	25241.0	34056.0	122011.0	414.0	411.0	431.0	357.0	92.0	87.0	83.0	118.0	98.0	80.0	71.0	114.00.0	0.0	0.0	0.0	43.0	0.0	20.0	23.0	0.0
	3p	-	25	40211.0	22555.0	25122.0	34117.0	122005.0	405.0	423.0	392.0	329.0	111.0	78.0	75.0	105.0	108.0	97.0	69.0	107.00.0	0.0	0.0	0.0	56.0	0.0	12.0	21.0	0.0
	3p	-	26	40192.0	22464.0	25529.0	33826.0	122011.0	411.0	413.0	467.0	353.0	92.0	74.0	69.0	87.0	95.0	79.0	91.0	111.00.0	0.0	0.0	0.0	40.0	0.0	21.0	18.0	0.0
	3p	-	27	40126.0	22849.0	25221.0	33838.0	122034.0	393.0	463.0	422.0	356.0	91.0	87.0	80.0	77.0	118.0	82.0	85.0	131.00.0	0.0	0.0	0.0	42.0	0.0	10.0	22.0	0.0
	3p	-	28	40286.0	22979.0	25376.0	33392.0	122033.0	394.0	402.0	419.0	389.0	116.0	101.0	87.0	115.0	115.0	92.0	85.0	120.00.0	0.0	0.0	0.0	36.0	0.0	9.0	17.0	0.0
	3p	-	29	40443.0	22619.0	25295.0	33671.0	122028.0	421.0	461.0	473.0	348.0	124.0	92.0	103.0	102.0	116.0	115.0	80.0	142.00.0	0.0	0.0	0.0	47.0	0.0	12.0	16.0	0.0
	3p	-	30	40692.0	22669.0	25268.0	33403.0	122032.0	470.0	485.0	509.0	361.0	140.0	177.0	102.0	132.0	131.0	153.0	76.0	161.00.0	0.0	0.0	0.0	47.0	0.0	11.0	16.0	0.0
	3p	-	31	38408.0	21521.0	23901.0	31785.0	115615.0	436.0	466.0	500.0	375.0	112.0	169.0	93.0	155.0	97.0	159.0	80.0	140.00.0	0.0	0.0	0.0	35.0	0.0	17.0	10.0	0.0
	3p	-	32	36257.0	20373.0	22690.0	29868.0	109188.0	409.0	427.0	464.0	342.0	104.0	146.0	87.0	135.0	87.0	142.0	80.0	147.00.0	0.0	0.0	0.0	31.0	0.0	11.0	14.0	0.0
	3p	-	33	34203.0	19071.0	21410.0	28253.0	102937.0	416.0	418.0	441.0	330.0	117.0	135.0	89.0	127.0	96.0	149.0	77.0	151.00.0	0.0	0.0	0.0	22.0	0.0	11.0	13.0	0.0
	3p	-	34	32304.0	17778.0	20217.0	26572.0	96871.0	391.0	402.0	390.0	292.0	91.0	129.0	65.0	107.0	77.0	125.0	73.0	140.00.0	0.0	0.0	0.0	20.0	0.0	8.0	9.0	0.0
	3p	-	35	30272.0	16801.0	18732.0	25208.0	91013.0	316.0	395.0	413.0	273.0	99.0	146.0	61.0	113.0	98.0	115.0	72.0	129.00.0	0.0	0.0	0.0	24.0	0.0	10.0	11.0	0.0
	3p	-	36	28444.0	15588.0	17502.0	23813.0	85347.0	334.0	363.0	358.0	250.0	91.0	124.0	63.0	92.0	87.0	105.0	46.0	111.00.0	0.0	0.0	0.0	17.0	0.0	16.0	8.0	0.0
	3p	-	37	26552.0	14651.0	16639.0	22133.0	79975.0	302.0	306.0	327.0	218.0	85.0	125.0	76.0	97.0	83.0	98.0	65.0	106.00.0	0.0	0.0	0.0	24.0	0.0	6.0	0.0	0.0
	3p	-	38	24629.0	13685.0	15689.0	20972.0	74975.0	311.0	334.0	296.0	239.0	76.0	110.0	65.0	90.0	74.0	97.0	54.0	105.00.0	0.0	0.0	0.0	17.0	0.0	3.0	8.0	0.0
	3p	-	39	23191.0	12915.0	14345.0	19688.0	70139.0	244.0	317.0	310.0	210.0	65.0	112.0	53.0	72.0	79.0	111.0	52.0	91.00.0	0.0	0.0	0.0	19.0	0.0	5.0	6.0	0.0
	3p	-	40	21622.0	11809.0	13579.0	18568.0	65578.0	293.0	275.0	293.0	196.0	78.0	105.0	53.0	72.0	70.0	84.0	50.0	79.00.0	0.0	0.0	0.0	10.0	0.0	7.0	6.0	0.0
	3p	-	41	20451.0	11345.0	12436.0	17130.0	61362.0	218.0	233.0	263.0	182.0	73.0	106.0	53.0	69.0	64.0	97.0	51.0	86.00.0	0.0	0.0	0.0	17.0	0.0	3.0	5.0	0.0
	3p	-	42	18877.0	10414.0	11969.0	15981.0	57241.0	264.0	230.0	278.0	173.0	64.0	95.0	57.0	82.0	64.0	75.0	41.0	81.00.0	0.0	0.0	0.0	14.0	0.0	3.0	6.0	0.0
	3p	-	43	17622.0	9714.0	10971.0	14973.0	53280.0	198.0	246.0	273.0	172.0	58.0	98.0	36.0	58.0	59.0	86.0	52.0	92.00.0	0.0	0.0	0.0	11.0	0.0	5.0	8.0	0.0
	3p	-	44	16526.0	9130.0	9974.0	13894.0	49524.0	192.0	215.0	217.0	143.0	57.0	68.0	36.0	73.0	49.0	80.0	32.0	73.00.0	0.0	0.0	0.0	7.0	0.0	1.0	6.0	0.0
	3p	-	45	15293.0	8379.0	9406.0	12980.0	46058.0	208.0	189.0	194.0	120.0	46.0	76.0	32.0	61.0	60.0	66.0	34.0	65.00.0	0.0	0.0	0.0	10.0	0.0	4.0	6.0	0.0
	3p	-	46	14219.0	7735.0	8654.0	12153.0	42761.0	182.0	197.0	175.0	138.0	57.0	65.0	32.0	47.0	51.0	63.0	26.0	65.00.0	0.0	0.0	0.0	14.0	0.0	3.0	3.0	0.0
	3p	-	47	13281.0	7301.0	8064.0	11090.0	39736.0	145.0	195.0	197.0	123.0	52.0	53.0	25.0	40.0	54.0	64.0	25.0	57.00.0	0.0	0.0	0.0	11.0	0.0	5.0	4.0	0.0
	3p	-	48	11986.0	6849.0	7582.0	10455.0	36872.0	151.0	155.0	171.0	105.0	42.0	72.0	30.0	47.0	33.0	56.0	20.0	50.00.0	0.0	0.0	0.0	4.0	0.0	3.0	7.0	0.0
	3p	-	49	11155.0	6247.0	7054.0	9746.0	34202.0	142.0	151.0	157.0	108.0	51.0	67.0	20.0	45.0	43.0	44.0	21.0	49.00.0	0.0	0.0	0.0	5.0	0.0	9.0	4.0	0.0
	3p	-	50	10415.0	5897.0	6454.0	8917.0	31683.0	113.0	157.0	147.0	105.0	34.0	45.0	31.0	46.0	34.0	45.0	24.0	55.00.0	0.0	0.0	0.0	2.0	0.0	4.0	4.0	0.0
	3p	-	51	9596.0	5364.0	6028.0	8374.0	29362.0	135.0	141.0	129.0	91.0	35.0	40.0	20.0	27.0	31.0	41.0	28.0	46.00.0	0.0	0.0	0.0	1.0	0.0	1.0	4.0	0.0
	3p	-	52	8981.0	4908.0	5606.0	7771.0	27266.0	132.0	110.0	105.0	87.0	33.0	44.0	23.0	41.0	29.0	53.0	28.0	39.00.0	0.0	0.0	0.0	4.0	0.0	1.0	3.0	0.0
	3p	-	53	8247.0	4652.0	5078.0	7245.0	25222.0	105.0	99.0	111.0	97.0	32.0	50.0	20.0	16.0	22.0	41.0	20.0	30.00.0	0.0	0.0	0.0	2.0	0.0	2.0	4.0	0.0
	3p	-	54	7687.0	4414.0	4820.0	6477.0	23398.0	93.0	103.0	94.0	83.0	28.0	32.0	26.0	30.0	33.0	23.0	15.0	34.00.0	0.0	0.0	0.0	7.0	0.0	3.0	2.0	0.0
	3p	-	55	7084.0	3900.0	4363.0	6296.0	21643.0	83.0	101.0	101.0	74.0	23.0	30.0	24.0	25.0	19.0	32.0	22.0	26.00.0	0.0	0.0	0.0	6.0	0.0	1.0	5.0	0.0
	3p	-	56	6618.0	3663.0	4048.0	5728.0	20057.0	81.0	86.0	100.0	62.0	29.0	46.0	17.0	29.0	15.0	26.0	16.0	26.00.0	0.0	0.0	0.0	1.0	0.0	3.0	4.0	0.0
	3p	-	57	6122.0	3520.0	3754.0	5253.0	18649.0	73.0	74.0	104.0	65.0	19.0	38.0	12.0	28.0	20.0	31.0	20.0	30.00.0	0.0	0.0	0.0	5.0	0.0	0.0	4.0	0.0
	3p	-	58	5607.0	3270.0	3422.0	4989.0	17288.0	74.0	81.0	83.0	52.0	26.0	27.0	21.0	19.0	8.0	44.0	14.0	16.00.0	0.0	0.0	0.0	4.0	0.0	1.0	1.0	0.0
	3p	-	59	5237.0	2998.0	3187.0	4557.0	15979.0	61.0	68.0	55.0	56.0	10.0	31.0	18.0	27.0	16.0	30.0	10.0	20.00.0	0.0	0.0	0.0	3.0	0.0	3.0	0.0	0.0
	3p	-	60	4876.0	2758.0	2902.0	4279.0	14815.0	53.0	75.0	72.0	57.0	14.0	21.0	13.0	25.0	16.0	24.0	15.0	11.00.0	0.0	0.0	0.0	0.0	0.0	0.0	2.0	0.0
	3p	-	61	4525.0	2534.0	2702.0	3937.0	13698.0	48.0	51.0	65.0	48.0	16.0	19.0	11.0	24.0	20.0	25.0	8.0	17.00.0	0.0	0.0	0.0	0.0	0.0	0.0	4.0	0.0
	3p	-	62	4121.0	2447.0	2413.0	3715.0	12696.0	50.0	63.0	37.0	35.0	19.0	16.0	12.0	22.0	13.0	15.0	8.0	16.00.0	0.0	0.0	0.0	2.0	0.0	1.0	1.0	0.0
	3p	-	63	3842.0	2164.0	2335.0	3417.0	11758.0	51.0	53.0	39.0	41.0	19.0	18.0	11.0	15.0	11.0	15.0	6.0	16.00.0	0.0	0.0	0.0	2.0	0.0	0.0	1.0	0.0
	3p	-	64	3622.0	1981.0	2099.0	3171.0	10873.0	43.0	46.0	46.0	31.0	19.0	8.0	9.0	11.0	12.0	17.0	12.0	11.00.0	0.0	0.0	0.0	3.0	0.0	1.0	0.0	0.0
	3p	-	65	3219.0	1906.0	1982.0	2980.0	10087.0	37.0	52.0	41.0	27.0	12.0	18.0	9.0	15.0	7.0	19.0	8.0	19.00.0	0.0	0.0	0.0	5.0	0.0	1.0	0.0	0.0
	3p	-	66	2965.0	1719.0	1936.0	2758.0	9378.0	37.0	36.0	33.0	38.0	9.0	10.0	9.0	14.0	10.0	14.0	8.0	6.00.0	0.0	0.0	0.0	1.0	0.0	0.0	0.0	0.0
	3p	-	67	2815.0	1606.0	1686.0	2607.0	8714.0	32.0	32.0	47.0	26.0	13.0	15.0	9.0	10.0	12.0	12.0	3.0	10.00.0	0.0	0.0	0.0	0.0	0.0	0.0	0.0	0.0
	3p	-	68	2587.0	1533.0	1641.0	2334.0	8095.0	28.0	27.0	32.0	32.0	14.0	14.0	10.0	11.0	13.0	15.0	6.0	11.00.0	0.0	0.0	0.0	0.0	0.0	1.0	1.0	0.0
	3p	-	69	2475.0	1393.0	1483.0	2227.0	7578.0	24.0	37.0	36.0	31.0	9.0	9.0	10.0	11.0	6.0	21.0	3.0	8.00.0	0.0	0.0	0.0	0.0	0.0	0.0	0.0	0.0
	3p	-	70	2283.0	1411.0	1338.0	2042.0	7074.0	30.0	44.0	20.0	13.0	14.0	14.0	11.0	8.0	11.0	14.0	4.0	14.00.0	0.0	0.0	0.0	1.0	0.0	0.0	1.0	0.0
	3p	-	71	2154.0	1250.0	1306.0	1865.0	6575.0	26.0	27.0	32.0	17.0	7.0	11.0	2.0	13.0	8.0	6.0	8.0	9.00.0	0.0	0.0	0.0	0.0	0.0	0.0	0.0	0.0
	3p	-	72	1982.0	1218.0	1188.0	1743.0	6131.0	22.0	27.0	30.0	14.0	7.0	8.0	3.0	8.0	6.0	8.0	4.0	4.00.0	0.0	0.0	0.0	0.0	0.0	0.0	0.0	0.0
	3p	-	73	1869.0	1071.0	1156.0	1609.0	5705.0	17.0	29.0	17.0	18.0	8.0	10.0	5.0	9.0	6.0	8.0	4.0	8.00.0	0.0	0.0	0.0	1.0	0.0	0.0	0.0	0.0
	3p	-	74	1755.0	981.0	1037.0	1525.0	5298.0	17.0	22.0	25.0	19.0	8.0	8.0	4.0	8.0	8.0	17.0	4.0	8.00.0	0.0	0.0	0.0	0.0	0.0	0.0	0.0	0.0
	3p	-	75	1605.0	917.0	994.0	1389.0	4905.0	28.0	20.0	19.0	15.0	3.0	16.0	4.0	7.0	14.0	6.0	3.0	5.00.0	0.0	0.0	0.0	0.0	0.0	0.0	2.0	0.0
	3p	-	76	1486.0	881.0	876.0	1327.0	4570.0	19.0	16.0	18.0	11.0	1.0	8.0	6.0	7.0	0.0	3.0	2.0	10.00.0	0.0	0.0	0.0	1.0	0.0	0.0	0.0	0.0
	3p	-	77	1407.0	819.0	841.0	1180.0	4247.0	17.0	19.0	19.0	16.0	7.0	6.0	1.0	6.0	2.0	10.0	7.0	8.00.0	0.0	0.0	0.0	0.0	0.0	0.0	0.0	0.0
	3p	-	78	1282.0	755.0	763.0	1161.0	3961.0	11.0	23.0	18.0	16.0	5.0	6.0	4.0	2.0	3.0	3.0	2.0	5.00.0	0.0	0.0	0.0	0.0	0.0	0.0	0.0	0.0
	3p	-	79	1166.0	741.0	727.0	1077.0	3711.0	11.0	9.0	17.0	12.0	8.0	6.0	4.0	4.0	1.0	1.0	2.0	9.00.0	0.0	0.0	0.0	0.0	0.0	0.0	0.0	0.0
	3p	-	80	1066.0	705.0	681.0	1015.0	3467.0	19.0	15.0	12.0	10.0	8.0	2.0	3.0	3.0	6.0	4.0	0.0	4.00.0	0.0	0.0	0.0	1.0	0.0	0.0	0.0	0.0
	3p	-	81	1092.0	613.0	596.0	926.0	3227.0	18.0	8.0	19.0	6.0	3.0	5.0	1.0	2.0	4.0	4.0	5.0	6.00.0	0.0	0.0	0.0	0.0	0.0	0.0	0.0	0.0
	3p	-	82	983.0	560.0	605.0	861.0	3009.0	12.0	13.0	11.0	8.0	4.0	1.0	1.0	2.0	2.0	3.0	1.0	3.00.0	0.0	0.0	0.0	0.0	0.0	0.0	0.0	0.0
	3p	-	83	886.0	523.0	522.0	875.0	2806.0	5.0	10.0	19.0	6.0	1.0	6.0	0.0	5.0	3.0	3.0	6.0	5.00.0	0.0	0.0	0.0	0.0	0.0	0.0	0.0	0.0
	3p	-	84	846.0	484.0	570.0	743.0	2643.0	13.0	10.0	7.0	10.0	6.0	1.0	1.0	1.0	2.0	2.0	3.0	6.00.0	0.0	0.0	0.0	0.0	0.0	0.0	0.0	0.0
	3p	-	85	761.0	469.0	516.0	731.0	2477.0	12.0	9.0	7.0	7.0	1.0	5.0	3.0	1.0	3.0	3.0	1.0	3.00.0	0.0	0.0	0.0	0.0	0.0	0.0	0.0	0.0
	3p	-	86	753.0	447.0	451.0	684.0	2335.0	5.0	10.0	10.0	12.0	1.0	2.0	2.0	2.0	4.0	6.0	3.0	6.00.0	0.0	0.0	0.0	0.0	0.0	0.0	0.0	0.0
	3p	-	87	699.0	410.0	426.0	643.0	2178.0	6.0	8.0	5.0	8.0	4.0	2.0	4.0	1.0	4.0	4.0	2.0	4.00.0	0.0	0.0	0.0	0.0	0.0	0.0	1.0	0.0
	3p	-	88	646.0	405.0	389.0	602.0	2042.0	12.0	12.0	6.0	6.0	0.0	4.0	3.0	3.0	2.0	4.0	1.0	2.00.0	0.0	0.0	0.0	0.0	0.0	0.0	0.0	0.0
	3p	-	89	610.0	390.0	370.0	525.0	1895.0	5.0	12.0	9.0	8.0	0.0	1.0	1.0	3.0	0.0	0.0	1.0	8.00.0	0.0	0.0	0.0	0.0	0.0	0.0	0.0	0.0
	3p	-	90	522.0	356.0	354.0	539.0	1771.0	9.0	6.0	3.0	10.0	2.0	3.0	0.0	3.0	4.0	4.0	2.0	2.00.0	0.0	0.0	0.0	0.0	0.0	0.0	0.0	0.0
	3p	-	91	516.0	336.0	350.0	447.0	1649.0	6.0	8.0	9.0	6.0	2.0	1.0	2.0	5.0	1.0	2.0	2.0	3.00.0	0.0	0.0	0.0	0.0	0.0	0.0	0.0	0.0
	3p	-	92	511.0	283.0	311.0	448.0	1553.0	5.0	8.0	9.0	5.0	2.0	4.0	1.0	3.0	1.0	5.0	1.0	2.00.0	0.0	0.0	0.0	0.0	0.0	0.0	0.0	0.0
	3p	-	93	454.0	286.0	281.0	433.0	1454.0	5.0	6.0	6.0	2.0	0.0	2.0	0.0	1.0	1.0	1.0	1.0	1.00.0	0.0	0.0	0.0	0.0	0.0	0.0	0.0	0.0
	3p	-	94	456.0	247.0	279.0	392.0	1374.0	3.0	4.0	2.0	2.0	2.0	2.0	0.0	4.0	1.0	2.0	0.0	2.00.0	0.0	0.0	0.0	0.0	0.0	0.0	0.0	0.0
	3p	-	95	428.0	240.0	236.0	381.0	1285.0	3.0	8.0	1.0	4.0	4.0	3.0	1.0	0.0	1.0	0.0	0.0	1.00.0	0.0	0.0	0.0	0.0	0.0	0.0	0.0	0.0
	3p	-	96	406.0	222.0	228.0	349.0	1205.0	5.0	5.0	3.0	1.0	3.0	1.0	1.0	1.0	2.0	4.0	1.0	0.00.0	0.0	0.0	0.0	0.0	0.0	0.0	0.0	0.0
	3p	-	97	357.0	216.0	232.0	330.0	1135.0	3.0	1.0	3.0	4.0	3.0	1.0	0.0	1.0	2.0	0.0	1.0	0.00.0	0.0	0.0	0.0	1.0	0.0	0.0	0.0	0.0
	3p	-	98	331.0	228.0	212.0	295.0	1066.0	6.0	6.0	2.0	5.0	1.0	1.0	0.0	1.0	0.0	2.0	0.0	2.00.0	0.0	0.0	0.0	0.0	0.0	0.0	0.0	0.0
	3p	-	99	325.0	221.0	192.0	268.0	1006.0	3.0	3.0	5.0	0.0	1.0	1.0	0.0	0.0	0.0	1.0	1.0	1.00.0	0.0	0.0	0.0	1.0	0.0	0.0	0.0	0.0
	3p	-	100	301.0	171.0	200.0	268.0	940.0	4.0	3.0	3.0	1.0	1.0	0.0	0.0	0.0	1.0	2.0	0.0	1.00.0	0.0	0.0	0.0	0.0	0.0	0.0	0.0	0.0
	5p	+	1	49632.0	23144.0	21860.0	28841.0	123477.0	972.0	1103.0	1414.0	482.0	373.0	1163.0	257.0	595.0	247.0	980.0	125.0	499.00.0	0.0	0.0	0.0	0.0	0.0	0.0	0.0	0.0
	5p	+	2	43006.0	21541.0	26740.0	32190.0	123477.0	783.0	739.0	809.0	409.0	248.0	488.0	187.0	261.0	215.0	495.0	100.0	388.00.0	0.0	0.0	0.0	1.0	0.0	1.0	1.0	0.0
	5p	+	3	41601.0	24392.0	25988.0	31489.0	123470.0	522.0	583.0	552.0	423.0	184.0	226.0	104.0	190.0	170.0	246.0	101.0	209.00.0	0.0	0.0	0.0	4.0	0.0	5.0	2.0	0.0
	5p	+	4	40780.0	24710.0	27630.0	30327.0	123447.0	458.0	444.0	503.0	410.0	126.0	132.0	111.0	151.0	131.0	118.0	78.0	136.00.0	0.0	0.0	0.0	18.0	0.0	4.0	12.0	0.0
	5p	+	5	39141.0	24638.0	27831.0	31774.0	123384.0	450.0	458.0	491.0	437.0	134.0	112.0	98.0	127.0	109.0	113.0	111.0	97.00.0	0.0	0.0	0.0	37.0	0.0	24.0	24.0	0.0
	5p	+	6	37381.0	24970.0	27600.0	33417.0	123368.0	372.0	441.0	486.0	360.0	117.0	100.0	95.0	92.0	109.0	76.0	84.0	114.00.0	0.0	0.0	0.0	44.0	0.0	24.0	28.0	0.0
	5p	+	7	40532.0	23301.0	26551.0	32981.0	123365.0	434.0	404.0	480.0	348.0	107.0	76.0	69.0	121.0	112.0	78.0	87.0	110.00.0	0.0	0.0	0.0	59.0	0.0	21.0	17.0	0.0
	5p	+	8	42508.0	22232.0	25760.0	32866.0	123366.0	413.0	459.0	462.0	338.0	103.0	89.0	79.0	90.0	104.0	74.0	71.0	114.00.0	0.0	0.0	0.0	65.0	0.0	15.0	17.0	0.0
	5p	+	9	42713.0	22169.0	25658.0	32837.0	123377.0	384.0	438.0	452.0	329.0	101.0	75.0	89.0	117.0	85.0	96.0	79.0	104.00.0	0.0	0.0	0.0	61.0	0.0	11.0	11.0	0.0
	5p	+	10	42111.0	22154.0	25920.0	33196.0	123381.0	409.0	456.0	426.0	372.0	118.0	92.0	90.0	111.0	106.0	78.0	77.0	111.00.0	0.0	0.0	0.0	49.0	0.0	27.0	26.0	0.0
	5p	+	11	41530.0	22525.0	25629.0	33667.0	123351.0	412.0	405.0	429.0	356.0	92.0	72.0	91.0	103.0	94.0	83.0	85.0	104.00.0	0.0	0.0	0.0	67.0	0.0	20.0	17.0	0.0
	5p	+	12	41800.0	22427.0	25122.0	34011.0	123360.0	401.0	433.0	438.0	354.0	92.0	73.0	63.0	88.0	91.0	89.0	94.0	121.00.0	0.0	0.0	0.0	52.0	0.0	24.0	23.0	0.0
	5p	+	13	42045.0	22612.0	24688.0	34032.0	123377.0	386.0	428.0	413.0	338.0	109.0	81.0	85.0	91.0	96.0	67.0	71.0	111.00.0	0.0	0.0	0.0	54.0	0.0	13.0	15.0	0.0
	5p	+	14	41652.0	22650.0	24947.0	34107.0	123356.0	410.0	400.0	421.0	366.0	100.0	85.0	76.0	90.0	94.0	67.0	67.0	115.00.0	0.0	0.0	0.0	72.0	0.0	18.0	15.0	0.0
	5p	+	15	41793.0	22477.0	24990.0	34074.0	123334.0	389.0	426.0	446.0	358.0	113.0	86.0	77.0	106.0	102.0	78.0	66.0	120.00.0	0.0	0.0	0.0	68.0	0.0	21.0	28.0	0.0
	5p	+	16	41136.0	22859.0	25087.0	34256.0	123338.0	399.0	458.0	451.0	341.0	106.0	86.0	74.0	98.0	105.0	83.0	81.0	114.00.0	0.0	0.0	0.0	70.0	0.0	16.0	25.0	0.0
	5p	+	17	41549.0	22715.0	24709.0	34378.0	123351.0	392.0	392.0	418.0	342.0	92.0	92.0	70.0	97.0	79.0	93.0	63.0	100.00.0	0.0	0.0	0.0	57.0	0.0	26.0	19.0	0.0
	5p	+	18	41086.0	23205.0	24982.0	34095.0	123368.0	412.0	454.0	451.0	358.0	92.0	86.0	80.0	99.0	69.0	85.0	75.0	106.00.0	0.0	0.0	0.0	63.0	0.0	13.0	16.0	0.0
	5p	+	19	41354.0	22934.0	24862.0	34233.0	123383.0	411.0	414.0	451.0	327.0	98.0	80.0	78.0	109.0	99.0	82.0	82.0	104.00.0	0.0	0.0	0.0	55.0	0.0	14.0	19.0	0.0
	5p	+	20	41228.0	22759.0	24891.0	34489.0	123367.0	391.0	432.0	422.0	377.0	102.0	82.0	78.0	103.0	82.0	81.0	74.0	108.00.0	0.0	0.0	0.0	57.0	0.0	20.0	22.0	0.0
	5p	+	21	41176.0	22905.0	25079.0	34191.0	123351.0	398.0	395.0	440.0	338.0	94.0	76.0	87.0	100.0	105.0	56.0	75.0	128.00.0	0.0	0.0	0.0	62.0	0.0	11.0	22.0	0.0
	5p	+	22	41553.0	22565.0	24709.0	34512.0	123339.0	387.0	443.0	420.0	333.0	93.0	72.0	80.0	100.0	95.0	88.0	71.0	115.00.0	0.0	0.0	0.0	70.0	0.0	22.0	25.0	0.0
	5p	+	23	41735.0	22292.0	25075.0	34257.0	123359.0	419.0	422.0	376.0	396.0	99.0	84.0	79.0	100.0	102.0	74.0	62.0	108.00.0	0.0	0.0	0.0	56.0	0.0	14.0	26.0	0.0
	5p	+	24	41901.0	22182.0	25115.0	34166.0	123364.0	421.0	387.0	443.0	341.0	121.0	91.0	84.0	100.0	104.0	94.0	81.0	123.00.0	0.0	0.0	0.0	49.0	0.0	20.0	26.0	0.0
	5p	+	25	42079.0	22187.0	25134.0	33954.0	123354.0	449.0	426.0	429.0	342.0	93.0	82.0	67.0	107.0	89.0	88.0	84.0	122.00.0	0.0	0.0	0.0	71.0	0.0	17.0	16.0	0.0
	5p	+	26	42762.0	21562.0	25086.0	33966.0	123376.0	444.0	421.0	433.0	350.0	117.0	86.0	71.0	101.0	106.0	95.0	77.0	116.00.0	0.0	0.0	0.0	50.0	0.0	17.0	25.0	0.0
	5p	+	27	42510.0	21680.0	25297.0	33919.0	123406.0	413.0	415.0	429.0	377.0	89.0	94.0	77.0	101.0	102.0	95.0	78.0	124.00.0	0.0	0.0	0.0	37.0	0.0	15.0	15.0	0.0
	5p	+	28	42999.0	21834.0	25295.0	33291.0	123419.0	388.0	395.0	400.0	361.0	121.0	84.0	84.0	118.0	82.0	92.0	80.0	86.00.0	0.0	0.0	0.0	34.0	0.0	12.0	11.0	0.0
	5p	+	29	42920.0	22092.0	25189.0	33202.0	123403.0	456.0	419.0	439.0	347.0	103.0	84.0	66.0	118.0	112.0	94.0	83.0	123.00.0	0.0	0.0	0.0	37.0	0.0	11.0	14.0	0.0
	5p	+	30	43851.0	22051.0	24959.0	32546.0	123407.0	451.0	562.0	432.0	372.0	104.0	90.0	81.0	115.0	100.0	115.0	81.0	115.00.0	0.0	0.0	0.0	41.0	0.0	8.0	14.0	0.0
	5p	+	31	41594.0	20648.0	23701.0	30976.0	116919.0	454.0	505.0	419.0	350.0	107.0	95.0	80.0	124.0	107.0	95.0	77.0	102.00.0	0.0	0.0	0.0	37.0	0.0	11.0	16.0	0.0
	5p	+	32	39431.0	19166.0	22435.0	29259.0	110291.0	359.0	494.0	409.0	301.0	89.0	81.0	78.0	133.0	117.0	93.0	64.0	88.00.0	0.0	0.0	0.0	36.0	0.0	12.0	5.0	0.0
	5p	+	33	36867.0	18143.0	21175.0	27930.0	104115.0	400.0	428.0	385.0	259.0	114.0	85.0	62.0	95.0	90.0	91.0	47.0	92.00.0	0.0	0.0	0.0	30.0	0.0	9.0	13.0	0.0
	5p	+	34	34700.0	17023.0	19916.0	26319.0	97958.0	345.0	436.0	335.0	298.0	80.0	80.0	63.0	91.0	86.0	79.0	60.0	91.00.0	0.0	0.0	0.0	31.0	0.0	12.0	10.0	0.0
	5p	+	35	32425.0	16149.0	18683.0	24762.0	92019.0	343.0	408.0	321.0	280.0	75.0	71.0	51.0	96.0	77.0	89.0	55.0	78.00.0	0.0	0.0	0.0	20.0	0.0	14.0	9.0	0.0
	5p	+	36	30613.0	15072.0	17536.0	23101.0	86322.0	276.0	410.0	315.0	225.0	83.0	67.0	59.0	96.0	77.0	89.0	44.0	71.00.0	0.0	0.0	0.0	34.0	0.0	6.0	8.0	0.0
	5p	+	37	28779.0	13966.0	16486.0	21649.0	80880.0	324.0	409.0	273.0	214.0	66.0	54.0	42.0	76.0	69.0	76.0	44.0	72.00.0	0.0	0.0	0.0	20.0	0.0	9.0	17.0	0.0
	5p	+	38	26963.0	13023.0	15526.0	20283.0	75795.0	247.0	369.0	284.0	226.0	68.0	62.0	49.0	87.0	74.0	76.0	42.0	73.00.0	0.0	0.0	0.0	25.0	0.0	10.0	10.0	0.0
	5p	+	39	25182.0	12238.0	14515.0	18948.0	70883.0	256.0	374.0	261.0	192.0	80.0	53.0	28.0	87.0	57.0	69.0	35.0	65.00.0	0.0	0.0	0.0	14.0	0.0	3.0	11.0	0.0
	5p	+	40	23353.0	11614.0	13307.0	17977.0	66251.0	256.0	338.0	237.0	171.0	56.0	67.0	43.0	67.0	44.0	57.0	43.0	63.00.0	0.0	0.0	0.0	26.0	0.0	8.0	4.0	0.0
	5p	+	41	21743.0	10723.0	12532.0	16806.0	61804.0	249.0	304.0	241.0	175.0	53.0	51.0	44.0	61.0	53.0	65.0	36.0	53.00.0	0.0	0.0	0.0	15.0	0.0	8.0	8.0	0.0
	5p	+	42	20393.0	9946.0	11483.0	15802.0	57624.0	235.0	302.0	218.0	157.0	69.0	36.0	38.0	70.0	50.0	57.0	31.0	60.00.0	0.0	0.0	0.0	16.0	0.0	6.0	7.0	0.0
	5p	+	43	18859.0	9216.0	11013.0	14570.0	53658.0	217.0	246.0	171.0	157.0	48.0	59.0	40.0	58.0	45.0	57.0	31.0	56.00.0	0.0	0.0	0.0	11.0	0.0	0.0	9.0	0.0
	5p	+	44	17657.0	8679.0	9974.0	13546.0	49856.0	180.0	282.0	177.0	146.0	57.0	48.0	36.0	53.0	32.0	50.0	25.0	53.00.0	0.0	0.0	0.0	14.0	0.0	4.0	2.0	0.0
	5p	+	45	16259.0	8035.0	9205.0	12797.0	46296.0	172.0	246.0	166.0	148.0	55.0	45.0	33.0	53.0	41.0	48.0	22.0	44.00.0	0.0	0.0	0.0	15.0	0.0	3.0	6.0	0.0
	5p	+	46	15141.0	7437.0	8629.0	11844.0	43051.0	163.0	218.0	163.0	111.0	44.0	42.0	34.0	46.0	38.0	46.0	33.0	38.00.0	0.0	0.0	0.0	11.0	0.0	2.0	4.0	0.0
	5p	+	47	13933.0	6989.0	8023.0	10973.0	39918.0	148.0	201.0	108.0	128.0	41.0	38.0	16.0	40.0	50.0	40.0	22.0	48.00.0	0.0	0.0	0.0	15.0	0.0	2.0	6.0	0.0
	5p	+	48	13031.0	6404.0	7373.0	10239.0	37047.0	134.0	198.0	140.0	95.0	43.0	32.0	20.0	43.0	31.0	27.0	25.0	42.00.0	0.0	0.0	0.0	5.0	0.0	5.0	5.0	0.0
	5p	+	49	11855.0	6097.0	6958.0	9464.0	34374.0	131.0	200.0	108.0	102.0	39.0	31.0	23.0	33.0	27.0	34.0	23.0	35.00.0	0.0	0.0	0.0	12.0	0.0	1.0	7.0	0.0
	5p	+	50	11095.0	5492.0	6374.0	8846.0	31807.0	135.0	154.0	134.0	81.0	29.0	32.0	24.0	28.0	34.0	41.0	21.0	42.00.0	0.0	0.0	0.0	6.0	0.0	2.0	1.0	0.0
	5p	+	51	10409.0	5168.0	5777.0	8056.0	29410.0	115.0	140.0	101.0	85.0	25.0	23.0	25.0	31.0	29.0	25.0	17.0	27.00.0	0.0	0.0	0.0	7.0	0.0	1.0	3.0	0.0
	5p	+	52	9520.0	4790.0	5421.0	7516.0	27247.0	94.0	144.0	89.0	71.0	20.0	17.0	21.0	28.0	19.0	24.0	15.0	27.00.0	0.0	0.0	0.0	5.0	0.0	2.0	4.0	0.0
	5p	+	53	8874.0	4378.0	5026.0	6978.0	25256.0	88.0	138.0	81.0	72.0	22.0	23.0	24.0	27.0	17.0	26.0	14.0	24.00.0	0.0	0.0	0.0	8.0	0.0	2.0	0.0	0.0
	5p	+	54	8042.0	4145.0	4730.0	6472.0	23389.0	86.0	122.0	84.0	66.0	17.0	15.0	10.0	25.0	22.0	21.0	13.0	21.00.0	0.0	0.0	0.0	8.0	0.0	1.0	5.0	0.0
	5p	+	55	7594.0	3720.0	4226.0	6035.0	21575.0	75.0	117.0	72.0	57.0	21.0	26.0	8.0	24.0	12.0	23.0	12.0	16.00.0	0.0	0.0	0.0	6.0	0.0	2.0	1.0	0.0
	5p	+	56	6997.0	3505.0	3925.0	5566.0	19993.0	80.0	97.0	65.0	59.0	13.0	20.0	11.0	26.0	20.0	17.0	14.0	26.00.0	0.0	0.0	0.0	5.0	0.0	1.0	1.0	0.0
	5p	+	57	6409.0	3240.0	3614.0	5291.0	18554.0	80.0	111.0	78.0	54.0	20.0	20.0	9.0	21.0	13.0	17.0	14.0	15.00.0	0.0	0.0	0.0	2.0	0.0	0.0	2.0	0.0
	5p	+	58	5934.0	3017.0	3379.0	4868.0	17198.0	61.0	87.0	51.0	56.0	18.0	17.0	10.0	16.0	16.0	21.0	8.0	10.00.0	0.0	0.0	0.0	3.0	0.0	0.0	2.0	0.0
	5p	+	59	5503.0	2776.0	3175.0	4480.0	15934.0	66.0	97.0	58.0	42.0	10.0	14.0	8.0	15.0	14.0	13.0	9.0	19.00.0	0.0	0.0	0.0	1.0	0.0	1.0	1.0	0.0
	5p	+	60	5063.0	2567.0	2922.0	4242.0	14794.0	59.0	70.0	42.0	39.0	15.0	10.0	8.0	20.0	12.0	11.0	14.0	18.00.0	0.0	0.0	0.0	1.0	0.0	2.0	1.0	0.0
	5p	+	61	4718.0	2385.0	2683.0	3956.0	13742.0	47.0	82.0	47.0	47.0	16.0	11.0	3.0	14.0	9.0	8.0	10.0	10.00.0	0.0	0.0	0.0	6.0	0.0	0.0	1.0	0.0
	5p	+	62	4350.0	2285.0	2510.0	3579.0	12724.0	43.0	60.0	43.0	39.0	12.0	10.0	7.0	12.0	11.0	8.0	7.0	14.00.0	0.0	0.0	0.0	7.0	0.0	1.0	1.0	0.0
	5p	+	63	3983.0	2153.0	2316.0	3391.0	11843.0	47.0	60.0	44.0	35.0	10.0	12.0	6.0	7.0	10.0	10.0	7.0	7.00.0	0.0	0.0	0.0	2.0	0.0	0.0	1.0	0.0
	5p	+	64	3752.0	2009.0	2110.0	3117.0	10988.0	34.0	61.0	48.0	26.0	10.0	16.0	9.0	9.0	12.0	9.0	7.0	10.00.0	0.0	0.0	0.0	1.0	0.0	0.0	1.0	0.0
	5p	+	65	3421.0	1811.0	1911.0	3007.0	10150.0	28.0	56.0	25.0	34.0	10.0	11.0	2.0	10.0	5.0	10.0	8.0	11.00.0	0.0	0.0	0.0	2.0	0.0	2.0	1.0	0.0
	5p	+	66	3183.0	1695.0	1830.0	2709.0	9417.0	33.0	55.0	33.0	28.0	11.0	11.0	3.0	14.0	10.0	13.0	9.0	9.00.0	0.0	0.0	0.0	0.0	0.0	1.0	1.0	0.0
	5p	+	67	2958.0	1584.0	1704.0	2467.0	8713.0	29.0	43.0	26.0	27.0	9.0	2.0	10.0	10.0	9.0	6.0	2.0	15.00.0	0.0	0.0	0.0	2.0	0.0	0.0	0.0	0.0
	5p	+	68	2791.0	1416.0	1513.0	2406.0	8126.0	32.0	40.0	33.0	29.0	6.0	18.0	3.0	7.0	11.0	4.0	4.0	4.00.0	0.0	0.0	0.0	3.0	0.0	0.0	2.0	0.0
	5p	+	69	2617.0	1302.0	1456.0	2210.0	7585.0	27.0	57.0	24.0	28.0	8.0	6.0	6.0	13.0	11.0	10.0	1.0	4.00.0	0.0	0.0	0.0	3.0	0.0	2.0	1.0	0.0
	5p	+	70	2402.0	1262.0	1383.0	2021.0	7068.0	29.0	33.0	18.0	28.0	3.0	7.0	6.0	6.0	7.0	4.0	3.0	8.00.0	0.0	0.0	0.0	3.0	0.0	0.0	1.0	0.0
	5p	+	71	2206.0	1197.0	1228.0	1962.0	6593.0	18.0	31.0	17.0	14.0	4.0	9.0	1.0	4.0	6.0	4.0	6.0	6.00.0	0.0	0.0	0.0	3.0	0.0	0.0	2.0	0.0
	5p	+	72	2042.0	1085.0	1185.0	1814.0	6126.0	22.0	30.0	25.0	14.0	7.0	3.0	3.0	8.0	3.0	11.0	6.0	8.00.0	0.0	0.0	0.0	2.0	0.0	1.0	1.0	0.0
	5p	+	73	1991.0	1066.0	1083.0	1591.0	5731.0	18.0	38.0	20.0	18.0	4.0	9.0	4.0	12.0	6.0	10.0	4.0	4.00.0	0.0	0.0	0.0	3.0	0.0	1.0	1.0	0.0
	5p	+	74	1774.0	946.0	1014.0	1598.0	5332.0	16.0	28.0	14.0	18.0	8.0	5.0	6.0	8.0	6.0	11.0	3.0	7.00.0	0.0	0.0	0.0	3.0	0.0	1.0	0.0	0.0
	5p	+	75	1725.0	921.0	884.0	1430.0	4960.0	19.0	30.0	17.0	18.0	4.0	4.0	3.0	3.0	5.0	4.0	4.0	7.00.0	0.0	0.0	0.0	0.0	0.0	3.0	0.0	0.0
	5p	+	76	1630.0	819.0	827.0	1343.0	4619.0	18.0	35.0	9.0	17.0	3.0	1.0	0.0	5.0	5.0	2.0	3.0	6.00.0	0.0	0.0	0.0	1.0	0.0	0.0	0.0	0.0
	5p	+	77	1481.0	766.0	794.0	1243.0	4284.0	12.0	19.0	7.0	14.0	6.0	6.0	5.0	5.0	5.0	8.0	6.0	0.00.0	0.0	0.0	0.0	2.0	0.0	1.0	0.0	0.0
	5p	+	78	1374.0	694.0	771.0	1182.0	4021.0	20.0	20.0	19.0	10.0	4.0	2.0	1.0	7.0	4.0	1.0	1.0	6.00.0	0.0	0.0	0.0	2.0	0.0	0.0	0.0	0.0
	5p	+	79	1285.0	658.0	727.0	1090.0	3760.0	13.0	13.0	18.0	14.0	3.0	3.0	2.0	4.0	3.0	2.0	5.0	8.00.0	0.0	0.0	0.0	0.0	0.0	0.0	0.0	0.0
	5p	+	80	1161.0	624.0	675.0	1028.0	3488.0	10.0	20.0	13.0	14.0	4.0	3.0	1.0	4.0	4.0	3.0	3.0	1.00.0	0.0	0.0	0.0	1.0	0.0	0.0	0.0	0.0
	5p	+	81	1121.0	604.0	614.0	938.0	3277.0	7.0	10.0	10.0	11.0	1.0	1.0	0.0	5.0	1.0	5.0	3.0	5.00.0	0.0	0.0	0.0	0.0	0.0	1.0	0.0	0.0
	5p	+	82	1009.0	620.0	550.0	899.0	3078.0	8.0	15.0	14.0	6.0	2.0	0.0	5.0	2.0	2.0	3.0	1.0	3.00.0	0.0	0.0	0.0	0.0	0.0	1.0	0.0	0.0
	5p	+	83	951.0	524.0	550.0	844.0	2869.0	11.0	19.0	9.0	10.0	1.0	3.0	4.0	4.0	1.0	4.0	2.0	2.00.0	0.0	0.0	0.0	1.0	0.0	0.0	1.0	0.0
	5p	+	84	882.0	494.0	523.0	774.0	2673.0	11.0	19.0	8.0	8.0	4.0	3.0	2.0	3.0	1.0	3.0	1.0	3.00.0	0.0	0.0	0.0	0.0	0.0	0.0	0.0	0.0
	5p	+	85	824.0	489.0	468.0	721.0	2502.0	9.0	14.0	7.0	8.0	4.0	0.0	4.0	1.0	2.0	3.0	1.0	1.00.0	0.0	0.0	0.0	0.0	0.0	0.0	0.0	0.0
	5p	+	86	799.0	464.0	456.0	632.0	2351.0	8.0	16.0	5.0	5.0	0.0	3.0	1.0	3.0	1.0	0.0	0.0	2.00.0	0.0	0.0	0.0	0.0	0.0	0.0	0.0	0.0
	5p	+	87	716.0	421.0	401.0	670.0	2208.0	7.0	15.0	5.0	6.0	2.0	2.0	1.0	2.0	3.0	1.0	1.0	2.00.0	0.0	0.0	0.0	1.0	0.0	0.0	0.0	0.0
	5p	+	88	673.0	384.0	411.0	610.0	2078.0	8.0	11.0	7.0	4.0	3.0	0.0	1.0	3.0	5.0	2.0	0.0	1.00.0	0.0	0.0	0.0	0.0	0.0	0.0	0.0	0.0
	5p	+	89	657.0	365.0	359.0	584.0	1965.0	8.0	9.0	4.0	5.0	0.0	2.0	1.0	4.0	2.0	3.0	2.0	2.00.0	0.0	0.0	0.0	0.0	0.0	0.0	0.0	0.0
	5p	+	90	643.0	317.0	342.0	542.0	1844.0	3.0	10.0	3.0	3.0	1.0	1.0	1.0	1.0	3.0	1.0	1.0	2.00.0	0.0	0.0	0.0	0.0	0.0	0.0	0.0	0.0
	5p	+	91	603.0	320.0	299.0	515.0	1737.0	5.0	9.0	7.0	4.0	2.0	2.0	1.0	1.0	2.0	1.0	2.0	1.00.0	0.0	0.0	0.0	0.0	0.0	0.0	0.0	0.0
	5p	+	92	571.0	319.0	267.0	485.0	1642.0	4.0	4.0	4.0	6.0	3.0	4.0	0.0	1.0	1.0	1.0	0.0	1.00.0	0.0	0.0	0.0	0.0	0.0	0.0	0.0	0.0
	5p	+	93	527.0	278.0	287.0	458.0	1550.0	6.0	11.0	7.0	4.0	1.0	4.0	2.0	2.0	1.0	1.0	1.0	1.00.0	0.0	0.0	0.0	1.0	0.0	0.0	0.0	0.0
	5p	+	94	471.0	262.0	299.0	431.0	1463.0	10.0	5.0	1.0	3.0	0.0	2.0	2.0	0.0	2.0	2.0	1.0	3.00.0	0.0	0.0	0.0	0.0	0.0	0.0	0.0	0.0
	5p	+	95	444.0	270.0	262.0	402.0	1378.0	2.0	7.0	1.0	4.0	0.0	2.0	3.0	1.0	0.0	3.0	0.0	0.00.0	0.0	0.0	0.0	0.0	0.0	0.0	0.0	0.0
	5p	+	96	424.0	268.0	226.0	394.0	1312.0	6.0	9.0	7.0	5.0	1.0	2.0	0.0	0.0	1.0	2.0	2.0	2.00.0	0.0	0.0	0.0	0.0	0.0	1.0	0.0	0.0
	5p	+	97	446.0	215.0	221.0	350.0	1232.0	3.0	4.0	6.0	5.0	2.0	0.0	0.0	2.0	1.0	2.0	0.0	0.00.0	0.0	0.0	0.0	0.0	0.0	0.0	0.0	0.0
	5p	+	98	379.0	211.0	215.0	362.0	1167.0	5.0	7.0	4.0	5.0	0.0	1.0	0.0	0.0	2.0	0.0	1.0	1.00.0	0.0	0.0	0.0	0.0	0.0	0.0	0.0	0.0
	5p	+	99	349.0	188.0	223.0	328.0	1088.0	6.0	3.0	4.0	2.0	2.0	0.0	1.0	1.0	0.0	0.0	0.0	0.00.0	0.0	0.0	0.0	0.0	0.0	0.0	0.0	0.0
	5p	+	100	326.0	207.0	197.0	298.0	1028.0	6.0	5.0	3.0	3.0	2.0	1.0	2.0	0.0	4.0	0.0	0.0	0.00.0	0.0	0.0	0.0	0.0	0.0	0.0	0.0	0.0
	5p	-	1	49137.0	22757.0	21693.0	28526.0	122113.0	948.0	1145.0	1400.0	455.0	391.0	1119.0	235.0	588.0	265.0	935.0	129.0	512.00.0	0.0	0.0	0.0	0.0	0.0	0.0	0.0	0.0
	5p	-	2	42455.0	21452.0	26498.0	31711.0	122116.0	789.0	752.0	827.0	444.0	281.0	492.0	167.0	258.0	193.0	514.0	128.0	415.00.0	0.0	0.0	0.0	0.0	0.0	0.0	1.0	0.0
	5p	-	3	40663.0	24154.0	25626.0	31675.0	122118.0	520.0	541.0	587.0	405.0	166.0	223.0	122.0	173.0	182.0	223.0	113.0	206.00.0	0.0	0.0	0.0	0.0	0.0	1.0	1.0	0.0
	5p	-	4	39782.0	24546.0	27172.0	30607.0	122107.0	457.0	495.0	534.0	455.0	152.0	130.0	95.0	133.0	129.0	133.0	116.0	144.00.0	0.0	0.0	0.0	6.0	0.0	4.0	3.0	0.0
	5p	-	5	38661.0	24419.0	27105.0	31895.0	122080.0	450.0	439.0	505.0	409.0	137.0	105.0	89.0	109.0	132.0	111.0	92.0	110.00.0	0.0	0.0	0.0	9.0	0.0	12.0	13.0	0.0
	5p	-	6	36733.0	24501.0	27605.0	33230.0	122069.0	390.0	482.0	470.0	414.0	112.0	92.0	81.0	92.0	119.0	88.0	98.0	119.00.0	0.0	0.0	0.0	17.0	0.0	13.0	12.0	0.0
	5p	-	7	40012.0	23207.0	26157.0	32685.0	122061.0	447.0	424.0	464.0	381.0	109.0	86.0	84.0	88.0	87.0	76.0	98.0	99.00.0	0.0	0.0	0.0	22.0	0.0	13.0	14.0	0.0
	5p	-	8	41443.0	21996.0	25707.0	32899.0	122045.0	440.0	435.0	458.0	332.0	95.0	78.0	71.0	108.0	97.0	81.0	77.0	118.00.0	0.0	0.0	0.0	27.0	0.0	10.0	25.0	0.0
	5p	-	9	41683.0	22228.0	25468.0	32685.0	122064.0	398.0	414.0	406.0	338.0	88.0	86.0	68.0	99.0	109.0	83.0	90.0	108.00.0	0.0	0.0	0.0	27.0	0.0	10.0	12.0	0.0
	5p	-	10	41180.0	22046.0	25539.0	33289.0	122054.0	434.0	434.0	419.0	348.0	97.0	77.0	75.0	108.0	98.0	76.0	67.0	126.00.0	0.0	0.0	0.0	22.0	0.0	15.0	20.0	0.0
	5p	-	11	41056.0	22341.0	25281.0	33385.0	122063.0	381.0	434.0	436.0	375.0	105.0	84.0	98.0	100.0	104.0	89.0	72.0	98.00.0	0.0	0.0	0.0	16.0	0.0	15.0	18.0	0.0
	5p	-	12	40947.0	22332.0	25034.0	33742.0	122055.0	392.0	436.0	430.0	370.0	107.0	77.0	81.0	94.0	106.0	78.0	71.0	101.00.0	0.0	0.0	0.0	31.0	0.0	13.0	22.0	0.0
	5p	-	13	40835.0	22511.0	24998.0	33699.0	122043.0	366.0	449.0	426.0	333.0	103.0	70.0	98.0	97.0	91.0	79.0	63.0	112.00.0	0.0	0.0	0.0	48.0	0.0	14.0	11.0	0.0
	5p	-	14	40648.0	22609.0	24846.0	33922.0	122025.0	415.0	468.0	393.0	347.0	105.0	74.0	80.0	118.0	93.0	63.0	68.0	129.00.0	0.0	0.0	0.0	48.0	0.0	16.0	19.0	0.0
	5p	-	15	40694.0	22174.0	24785.0	34377.0	122030.0	392.0	435.0	417.0	374.0	94.0	81.0	77.0	100.0	110.0	80.0	74.0	120.00.0	0.0	0.0	0.0	39.0	0.0	12.0	21.0	0.0
	5p	-	16	40610.0	22458.0	24911.0	34045.0	122024.0	431.0	425.0	431.0	360.0	111.0	83.0	79.0	113.0	91.0	77.0	65.0	134.00.0	0.0	0.0	0.0	47.0	0.0	11.0	24.0	0.0
	5p	-	17	40508.0	22821.0	24785.0	33905.0	122019.0	404.0	430.0	402.0	377.0	95.0	67.0	82.0	109.0	96.0	90.0	81.0	104.00.0	0.0	0.0	0.0	38.0	0.0	17.0	24.0	0.0
	5p	-	18	40244.0	22772.0	24593.0	34399.0	122008.0	393.0	420.0	446.0	352.0	97.0	79.0	90.0	98.0	108.0	82.0	75.0	101.00.0	0.0	0.0	0.0	56.0	0.0	20.0	21.0	0.0
	5p	-	19	40365.0	22526.0	24811.0	34321.0	122023.0	422.0	407.0	406.0	392.0	105.0	72.0	79.0	84.0	112.0	86.0	74.0	118.00.0	0.0	0.0	0.0	48.0	0.0	9.0	21.0	0.0
	5p	-	20	40402.0	22448.0	24875.0	34286.0	122011.0	400.0	387.0	429.0	341.0	90.0	80.0	79.0	82.0	104.0	73.0	85.0	111.00.0	0.0	0.0	0.0	59.0	0.0	14.0	18.0	0.0
	5p	-	21	40564.0	22282.0	24789.0	34356.0	121991.0	398.0	414.0	408.0	354.0	96.0	84.0	82.0	95.0	95.0	79.0	67.0	126.00.0	0.0	0.0	0.0	61.0	0.0	15.0	22.0	0.0
	5p	-	22	40745.0	22276.0	24648.0	34318.0	121987.0	408.0	412.0	423.0	339.0	91.0	81.0	90.0	103.0	101.0	100.0	71.0	135.00.0	0.0	0.0	0.0	60.0	0.0	18.0	24.0	0.0
	5p	-	23	41073.0	22324.0	24709.0	33871.0	121977.0	398.0	393.0	401.0	340.0	90.0	87.0	76.0	93.0	78.0	83.0	83.0	119.00.0	0.0	0.0	0.0	70.0	0.0	10.0	30.0	0.0
	5p	-	24	41186.0	22176.0	24644.0	33999.0	122005.0	428.0	448.0	450.0	375.0	110.0	73.0	82.0	101.0	92.0	100.0	70.0	121.00.0	0.0	0.0	0.0	60.0	0.0	13.0	19.0	0.0
	5p	-	25	41486.0	21657.0	24923.0	33925.0	121991.0	406.0	385.0	454.0	370.0	83.0	77.0	69.0	105.0	114.0	93.0	74.0	125.00.0	0.0	0.0	0.0	57.0	0.0	24.0	19.0	0.0
	5p	-	26	41695.0	21756.0	24915.0	33639.0	122005.0	411.0	421.0	394.0	338.0	100.0	75.0	70.0	109.0	97.0	92.0	67.0	108.00.0	0.0	0.0	0.0	57.0	0.0	12.0	25.0	0.0
	5p	-	27	41744.0	21546.0	24987.0	33713.0	121990.0	411.0	418.0	426.0	356.0	103.0	78.0	72.0	118.0	107.0	78.0	78.0	100.00.0	0.0	0.0	0.0	63.0	0.0	21.0	17.0	0.0
	5p	-	28	41766.0	21491.0	25050.0	33703.0	122010.0	417.0	440.0	455.0	322.0	95.0	80.0	73.0	125.0	86.0	84.0	68.0	110.00.0	0.0	0.0	0.0	50.0	0.0	18.0	15.0	0.0
	5p	-	29	42105.0	21831.0	24783.0	33298.0	122017.0	415.0	436.0	406.0	308.0	118.0	78.0	83.0	103.0	86.0	90.0	79.0	106.00.0	0.0	0.0	0.0	55.0	0.0	14.0	14.0	0.0
	5p	-	30	42897.0	21572.0	24931.0	32624.0	122024.0	430.0	545.0	439.0	361.0	105.0	90.0	82.0	118.0	100.0	118.0	74.0	106.00.0	0.0	0.0	0.0	43.0	0.0	16.0	10.0	0.0
	5p	-	31	40715.0	20306.0	23718.0	30845.0	115584.0	401.0	522.0	375.0	323.0	96.0	86.0	63.0	97.0	88.0	97.0	74.0	105.00.0	0.0	0.0	0.0	60.0	0.0	11.0	12.0	0.0
	5p	-	32	38392.0	19091.0	22293.0	29393.0	109169.0	361.0	499.0	393.0	305.0	87.0	94.0	62.0	114.0	84.0	98.0	61.0	100.00.0	0.0	0.0	0.0	36.0	0.0	16.0	13.0	0.0
	5p	-	33	36542.0	17867.0	21083.0	27432.0	102924.0	358.0	449.0	382.0	266.0	104.0	79.0	72.0	96.0	76.0	103.0	65.0	105.00.0	0.0	0.0	0.0	41.0	0.0	12.0	10.0	0.0
	5p	-	34	33991.0	16890.0	19861.0	26093.0	96835.0	356.0	471.0	355.0	264.0	82.0	81.0	78.0	96.0	81.0	66.0	77.0	86.00.0	0.0	0.0	0.0	44.0	0.0	10.0	7.0	0.0
	5p	-	35	32362.0	15488.0	18460.0	24683.0	90993.0	350.0	401.0	290.0	230.0	88.0	62.0	50.0	88.0	74.0	89.0	59.0	70.00.0	0.0	0.0	0.0	29.0	0.0	11.0	12.0	0.0
	5p	-	36	30157.0	14753.0	17365.0	23048.0	85323.0	305.0	409.0	287.0	231.0	80.0	86.0	62.0	84.0	85.0	58.0	46.0	91.00.0	0.0	0.0	0.0	39.0	0.0	3.0	16.0	0.0
	5p	-	37	28109.0	13754.0	16345.0	21734.0	79942.0	284.0	417.0	280.0	241.0	69.0	53.0	57.0	76.0	67.0	68.0	52.0	69.00.0	0.0	0.0	0.0	44.0	0.0	3.0	11.0	0.0
	5p	-	38	26331.0	13166.0	15147.0	20313.0	74957.0	267.0	367.0	286.0	218.0	58.0	52.0	50.0	79.0	66.0	48.0	50.0	84.00.0	0.0	0.0	0.0	22.0	0.0	7.0	12.0	0.0
	5p	-	39	24786.0	12053.0	14239.0	19044.0	70122.0	236.0	364.0	254.0	181.0	68.0	56.0	39.0	72.0	53.0	53.0	41.0	64.00.0	0.0	0.0	0.0	21.0	0.0	5.0	11.0	0.0
	5p	-	40	23043.0	11274.0	13186.0	18052.0	65555.0	235.0	341.0	237.0	170.0	67.0	61.0	42.0	63.0	73.0	50.0	42.0	76.00.0	0.0	0.0	0.0	25.0	0.0	9.0	11.0	0.0
	5p	-	41	21521.0	10775.0	12295.0	16741.0	61332.0	203.0	330.0	187.0	177.0	62.0	71.0	34.0	63.0	44.0	58.0	35.0	63.00.0	0.0	0.0	0.0	32.0	0.0	7.0	16.0	0.0
	5p	-	42	20213.0	9807.0	11530.0	15681.0	57231.0	192.0	263.0	226.0	153.0	49.0	50.0	44.0	66.0	42.0	47.0	27.0	62.00.0	0.0	0.0	0.0	17.0	0.0	7.0	8.0	0.0
	5p	-	43	18610.0	9167.0	10759.0	14733.0	53269.0	201.0	267.0	183.0	142.0	60.0	34.0	38.0	66.0	43.0	58.0	28.0	46.00.0	0.0	0.0	0.0	19.0	0.0	5.0	7.0	0.0
	5p	-	44	17154.0	8494.0	9974.0	13884.0	49506.0	193.0	259.0	157.0	137.0	44.0	38.0	37.0	47.0	38.0	46.0	39.0	58.00.0	0.0	0.0	0.0	23.0	0.0	5.0	4.0	0.0
	5p	-	45	16041.0	7931.0	9249.0	12822.0	46043.0	169.0	230.0	164.0	126.0	41.0	42.0	28.0	47.0	37.0	53.0	13.0	48.00.0	0.0	0.0	0.0	19.0	0.0	5.0	6.0	0.0
	5p	-	46	14852.0	7528.0	8448.0	11923.0	42751.0	152.0	226.0	133.0	112.0	25.0	42.0	31.0	48.0	44.0	43.0	27.0	50.00.0	0.0	0.0	0.0	13.0	0.0	3.0	10.0	0.0
	5p	-	47	13902.0	6659.0	7998.0	11167.0	39726.0	143.0	187.0	147.0	103.0	44.0	33.0	34.0	42.0	31.0	48.0	25.0	40.00.0	0.0	0.0	0.0	14.0	0.0	4.0	5.0	0.0
	5p	-	48	12597.0	6444.0	7450.0	10361.0	36852.0	148.0	202.0	121.0	104.0	36.0	35.0	27.0	39.0	30.0	45.0	20.0	41.00.0	0.0	0.0	0.0	18.0	0.0	6.0	4.0	0.0
	5p	-	49	11993.0	5813.0	6822.0	9549.0	34177.0	139.0	183.0	126.0	84.0	31.0	36.0	16.0	25.0	23.0	40.0	14.0	36.00.0	0.0	0.0	0.0	32.0	0.0	3.0	5.0	0.0
	5p	-	50	10900.0	5578.0	6381.0	8800.0	31659.0	113.0	189.0	120.0	76.0	29.0	27.0	25.0	19.0	27.0	28.0	28.0	27.00.0	0.0	0.0	0.0	17.0	0.0	7.0	5.0	0.0
	5p	-	51	10251.0	5058.0	5811.0	8224.0	29344.0	112.0	151.0	107.0	100.0	33.0	40.0	13.0	24.0	33.0	19.0	7.0	34.00.0	0.0	0.0	0.0	14.0	0.0	2.0	5.0	0.0
	5p	-	52	9267.0	4759.0	5482.0	7746.0	27254.0	109.0	150.0	84.0	77.0	33.0	19.0	16.0	41.0	26.0	18.0	19.0	29.00.0	0.0	0.0	0.0	6.0	0.0	3.0	5.0	0.0
	5p	-	53	8814.0	4411.0	4947.0	7040.0	25212.0	94.0	145.0	88.0	82.0	27.0	29.0	15.0	17.0	22.0	23.0	21.0	33.00.0	0.0	0.0	0.0	9.0	0.0	1.0	6.0	0.0
	5p	-	54	7987.0	4106.0	4682.0	6613.0	23388.0	78.0	146.0	99.0	47.0	18.0	20.0	20.0	23.0	16.0	23.0	13.0	22.00.0	0.0	0.0	0.0	7.0	0.0	4.0	7.0	0.0
	5p	-	55	7387.0	3854.0	4265.0	6130.0	21636.0	65.0	125.0	62.0	57.0	21.0	16.0	21.0	31.0	22.0	14.0	12.0	23.00.0	0.0	0.0	0.0	7.0	0.0	0.0	6.0	0.0
	5p	-	56	6942.0	3509.0	4002.0	5595.0	20048.0	59.0	99.0	77.0	68.0	11.0	16.0	15.0	23.0	25.0	18.0	11.0	22.00.0	0.0	0.0	0.0	7.0	0.0	3.0	1.0	0.0
	5p	-	57	6420.0	3184.0	3702.0	5340.0	18646.0	69.0	111.0	65.0	55.0	13.0	22.0	6.0	25.0	13.0	19.0	15.0	22.00.0	0.0	0.0	0.0	6.0	0.0	4.0	3.0	0.0
	5p	-	58	5925.0	3002.0	3458.0	4905.0	17290.0	66.0	85.0	75.0	48.0	13.0	16.0	13.0	16.0	15.0	20.0	8.0	13.00.0	0.0	0.0	0.0	3.0	0.0	3.0	0.0	0.0
	5p	-	59	5462.0	2835.0	3153.0	4528.0	15978.0	58.0	89.0	52.0	35.0	18.0	16.0	13.0	17.0	14.0	21.0	9.0	13.00.0	0.0	0.0	0.0	4.0	0.0	2.0	2.0	0.0
	5p	-	60	5076.0	2629.0	2885.0	4213.0	14803.0	51.0	91.0	47.0	38.0	15.0	11.0	8.0	22.0	8.0	19.0	6.0	13.00.0	0.0	0.0	0.0	4.0	0.0	2.0	2.0	0.0
	5p	-	61	4694.0	2432.0	2737.0	3832.0	13695.0	56.0	72.0	54.0	47.0	15.0	16.0	12.0	20.0	11.0	15.0	11.0	8.00.0	0.0	0.0	0.0	3.0	0.0	1.0	1.0	0.0
	5p	-	62	4333.0	2238.0	2485.0	3636.0	12692.0	44.0	63.0	41.0	36.0	11.0	11.0	10.0	17.0	15.0	10.0	14.0	17.00.0	0.0	0.0	0.0	7.0	0.0	0.0	0.0	0.0
	5p	-	63	3972.0	2086.0	2328.0	3369.0	11755.0	44.0	74.0	42.0	32.0	14.0	10.0	8.0	12.0	12.0	12.0	7.0	17.00.0	0.0	0.0	0.0	3.0	0.0	1.0	2.0	0.0
	5p	-	64	3699.0	1918.0	2055.0	3203.0	10875.0	54.0	58.0	41.0	31.0	12.0	9.0	8.0	11.0	15.0	8.0	6.0	16.00.0	0.0	0.0	0.0	2.0	0.0	0.0	1.0	0.0
	5p	-	65	3442.0	1811.0	1945.0	2888.0	10086.0	40.0	46.0	39.0	30.0	9.0	10.0	10.0	7.0	10.0	7.0	13.0	8.00.0	0.0	0.0	0.0	2.0	0.0	1.0	2.0	0.0
	5p	-	66	3247.0	1659.0	1764.0	2706.0	9376.0	35.0	44.0	37.0	25.0	12.0	10.0	1.0	13.0	2.0	10.0	3.0	9.00.0	0.0	0.0	0.0	0.0	0.0	1.0	1.0	0.0
	5p	-	67	2960.0	1454.0	1698.0	2599.0	8711.0	38.0	45.0	31.0	23.0	10.0	15.0	4.0	10.0	5.0	9.0	10.0	9.00.0	0.0	0.0	0.0	2.0	0.0	2.0	0.0	0.0
	5p	-	68	2789.0	1451.0	1496.0	2356.0	8092.0	36.0	44.0	31.0	25.0	6.0	7.0	7.0	9.0	7.0	7.0	7.0	4.00.0	0.0	0.0	0.0	1.0	0.0	1.0	0.0	0.0
	5p	-	69	2560.0	1339.0	1475.0	2197.0	7571.0	34.0	33.0	26.0	24.0	8.0	7.0	4.0	6.0	4.0	11.0	6.0	10.00.0	0.0	0.0	0.0	4.0	0.0	0.0	0.0	0.0
	5p	-	70	2379.0	1283.0	1393.0	2014.0	7069.0	27.0	46.0	21.0	15.0	7.0	6.0	4.0	8.0	6.0	3.0	3.0	5.00.0	0.0	0.0	0.0	2.0	0.0	2.0	0.0	0.0
	5p	-	71	2257.0	1185.0	1268.0	1860.0	6570.0	21.0	37.0	25.0	25.0	4.0	3.0	4.0	1.0	2.0	9.0	4.0	7.00.0	0.0	0.0	0.0	2.0	0.0	2.0	0.0	0.0
	5p	-	72	2060.0	1025.0	1198.0	1838.0	6121.0	23.0	25.0	21.0	21.0	9.0	10.0	5.0	6.0	3.0	6.0	7.0	7.00.0	0.0	0.0	0.0	2.0	0.0	0.0	2.0	0.0
	5p	-	73	1912.0	1054.0	1102.0	1632.0	5700.0	19.0	28.0	22.0	17.0	11.0	5.0	1.0	7.0	4.0	11.0	6.0	7.00.0	0.0	0.0	0.0	3.0	0.0	2.0	0.0	0.0
	5p	-	74	1799.0	966.0	978.0	1553.0	5296.0	19.0	28.0	19.0	20.0	1.0	6.0	2.0	7.0	6.0	6.0	4.0	9.00.0	0.0	0.0	0.0	1.0	0.0	0.0	1.0	0.0
	5p	-	75	1697.0	839.0	941.0	1427.0	4904.0	15.0	20.0	9.0	14.0	4.0	7.0	3.0	3.0	9.0	3.0	6.0	8.00.0	0.0	0.0	0.0	1.0	0.0	1.0	1.0	0.0
	5p	-	76	1514.0	789.0	886.0	1379.0	4568.0	21.0	27.0	18.0	10.0	6.0	5.0	2.0	3.0	5.0	9.0	5.0	9.00.0	0.0	0.0	0.0	0.0	0.0	1.0	1.0	0.0
	5p	-	77	1403.0	752.0	840.0	1248.0	4243.0	16.0	29.0	14.0	11.0	1.0	4.0	4.0	4.0	4.0	5.0	3.0	5.00.0	0.0	0.0	0.0	2.0	0.0	0.0	0.0	0.0
	5p	-	78	1312.0	714.0	771.0	1163.0	3960.0	7.0	23.0	20.0	8.0	2.0	3.0	1.0	1.0	3.0	5.0	2.0	1.00.0	0.0	0.0	0.0	0.0	0.0	1.0	0.0	0.0
	5p	-	79	1287.0	673.0	688.0	1060.0	3708.0	11.0	19.0	9.0	6.0	5.0	5.0	3.0	5.0	4.0	4.0	1.0	7.00.0	0.0	0.0	0.0	1.0	0.0	0.0	0.0	0.0
	5p	-	80	1149.0	647.0	669.0	1003.0	3468.0	15.0	23.0	9.0	6.0	3.0	6.0	2.0	4.0	4.0	1.0	1.0	4.00.0	0.0	0.0	0.0	0.0	0.0	0.0	0.0	0.0
	5p	-	81	1077.0	603.0	608.0	937.0	3225.0	9.0	16.0	8.0	8.0	2.0	1.0	0.0	4.0	5.0	4.0	4.0	1.00.0	0.0	0.0	0.0	0.0	0.0	1.0	0.0	0.0
	5p	-	82	984.0	541.0	577.0	905.0	3007.0	10.0	19.0	10.0	5.0	2.0	2.0	3.0	3.0	4.0	3.0	1.0	5.00.0	0.0	0.0	0.0	2.0	0.0	0.0	0.0	0.0
	5p	-	83	940.0	519.0	534.0	811.0	2804.0	15.0	14.0	4.0	10.0	2.0	2.0	2.0	2.0	4.0	0.0	1.0	5.00.0	0.0	0.0	0.0	1.0	0.0	1.0	0.0	0.0
	5p	-	84	904.0	469.0	513.0	754.0	2640.0	7.0	18.0	12.0	7.0	3.0	0.0	3.0	2.0	1.0	2.0	1.0	5.00.0	0.0	0.0	0.0	1.0	0.0	1.0	0.0	0.0
	5p	-	85	845.0	452.0	468.0	712.0	2477.0	8.0	9.0	6.0	9.0	2.0	0.0	0.0	3.0	1.0	3.0	4.0	0.00.0	0.0	0.0	0.0	1.0	0.0	0.0	0.0	0.0
	5p	-	86	788.0	383.0	498.0	665.0	2334.0	12.0	13.0	8.0	8.0	1.0	2.0	1.0	3.0	2.0	3.0	1.0	7.00.0	0.0	0.0	0.0	0.0	0.0	1.0	0.0	0.0
	5p	-	87	699.0	410.0	440.0	629.0	2178.0	10.0	13.0	6.0	7.0	2.0	2.0	1.0	2.0	3.0	2.0	0.0	4.00.0	0.0	0.0	0.0	1.0	0.0	0.0	0.0	0.0
	5p	-	88	675.0	355.0	397.0	613.0	2040.0	8.0	13.0	10.0	6.0	1.0	0.0	1.0	5.0	1.0	3.0	2.0	2.00.0	0.0	0.0	0.0	1.0	0.0	0.0	1.0	0.0
	5p	-	89	642.0	356.0	353.0	543.0	1894.0	5.0	6.0	6.0	6.0	1.0	2.0	1.0	3.0	1.0	5.0	4.0	4.00.0	0.0	0.0	0.0	0.0	0.0	1.0	0.0	0.0
	5p	-	90	594.0	321.0	356.0	500.0	1771.0	3.0	11.0	5.0	2.0	3.0	2.0	1.0	2.0	0.0	2.0	2.0	4.00.0	0.0	0.0	0.0	0.0	0.0	0.0	0.0	0.0
	5p	-	91	564.0	324.0	316.0	445.0	1649.0	3.0	7.0	6.0	4.0	0.0	2.0	3.0	0.0	2.0	1.0	1.0	2.00.0	0.0	0.0	0.0	0.0	0.0	0.0	0.0	0.0
	5p	-	92	533.0	275.0	307.0	439.0	1554.0	4.0	10.0	5.0	2.0	1.0	2.0	1.0	0.0	0.0	1.0	3.0	1.00.0	0.0	0.0	0.0	0.0	0.0	0.0	0.0	0.0
	5p	-	93	493.0	255.0	279.0	428.0	1455.0	5.0	7.0	7.0	2.0	5.0	1.0	1.0	6.0	2.0	3.0	0.0	0.00.0	0.0	0.0	0.0	0.0	0.0	0.0	0.0	0.0
	5p	-	94	454.0	244.0	280.0	397.0	1375.0	6.0	2.0	4.0	5.0	1.0	1.0	0.0	3.0	1.0	0.0	2.0	2.00.0	0.0	0.0	0.0	0.0	0.0	0.0	0.0	0.0
	5p	-	95	428.0	230.0	244.0	382.0	1284.0	2.0	9.0	5.0	3.0	1.0	1.0	2.0	0.0	3.0	1.0	1.0	2.00.0	0.0	0.0	0.0	0.0	0.0	0.0	0.0	0.0
	5p	-	96	369.0	232.0	236.0	368.0	1205.0	2.0	5.0	4.0	6.0	0.0	1.0	0.0	1.0	2.0	1.0	0.0	2.00.0	0.0	0.0	0.0	0.0	0.0	0.0	0.0	0.0
	5p	-	97	358.0	241.0	208.0	326.0	1133.0	4.0	9.0	6.0	3.0	1.0	1.0	0.0	0.0	1.0	0.0	1.0	2.00.0	0.0	0.0	0.0	1.0	0.0	1.0	0.0	0.0
	5p	-	98	358.0	190.0	187.0	329.0	1064.0	4.0	6.0	3.0	1.0	0.0	0.0	0.0	1.0	1.0	0.0	1.0	1.00.0	0.0	0.0	0.0	0.0	0.0	1.0	0.0	0.0
	5p	-	99	334.0	178.0	197.0	298.0	1007.0	3.0	6.0	3.0	4.0	1.0	0.0	1.0	2.0	0.0	0.0	0.0	3.00.0	0.0	0.0	0.0	0.0	0.0	0.0	0.0	0.0
	5p	-	100	325.0	166.0	182.0	267.0	940.0	5.0	6.0	5.0	1.0	1.0	2.0	1.0	2.0	2.0	0.0	1.0	4.00.0	0.0	0.0	0.0	0.0	0.0	0.0	0.0	0.0
