# table produced by DamageProfiler
# using mapped file ScA043.BuffaloCape_Human_nc.Target.rmdup.noMicro.bam
# Sample ID: ScA043.BuffaloCape_Human_nc.Target.rmdup.noMicro.bam
Pos	C>T	G>A	A>C	A>G	A>T	C>A	C>G	G>C	G>T	T>A	T>C	T>G	->ACGT	ACGT>-
24	0.004798	0.003601	0.000644	0.002304	0.000791	0.001318	0.000813	0.000628	0.002825	0.000627	0.002397	0.000737	0.000336	0.000000
23	0.004727	0.003703	0.000743	0.002424	0.000870	0.001337	0.001043	0.000684	0.003169	0.000501	0.002397	0.000730	0.000317	0.000000
22	0.005174	0.003352	0.000842	0.002124	0.000822	0.001012	0.000751	0.000796	0.002589	0.000774	0.002148	0.000621	0.000298	0.000000
21	0.004662	0.003919	0.000793	0.002546	0.000695	0.001371	0.000807	0.000854	0.002864	0.000710	0.001976	0.000655	0.000301	0.000000
20	0.004417	0.003179	0.000868	0.002339	0.000770	0.001445	0.000893	0.000653	0.002828	0.000680	0.002136	0.000928	0.000311	0.000000
19	0.004711	0.003476	0.000896	0.002059	0.000946	0.001570	0.000712	0.000748	0.002661	0.000794	0.002229	0.000783	0.000323	0.000000
18	0.004742	0.003940	0.000788	0.002138	0.000867	0.001214	0.000842	0.000695	0.002864	0.000720	0.002650	0.000840	0.000323	0.000000
17	0.004929	0.003733	0.000954	0.002401	0.001102	0.001200	0.000730	0.001021	0.002728	0.000801	0.002382	0.000812	0.000279	0.000000
16	0.004693	0.003645	0.001020	0.002227	0.000873	0.001505	0.000777	0.000803	0.002642	0.000762	0.002427	0.000816	0.000254	0.000000
15	0.004771	0.003738	0.000879	0.001974	0.000870	0.001347	0.000665	0.000880	0.002708	0.000592	0.002345	0.000581	0.000298	0.000000
14	0.003980	0.003723	0.000864	0.002175	0.001058	0.001673	0.000780	0.000897	0.003108	0.000816	0.002205	0.000739	0.000301	0.000000
13	0.004767	0.003307	0.000883	0.002262	0.000932	0.001508	0.000811	0.001002	0.002572	0.000671	0.001838	0.000627	0.000254	0.000000
12	0.005002	0.003355	0.000730	0.002345	0.001090	0.002076	0.001063	0.000851	0.002420	0.000753	0.002009	0.000797	0.000250	0.000000
11	0.004941	0.003986	0.000949	0.002393	0.001211	0.001419	0.000913	0.000648	0.002657	0.000552	0.002460	0.000673	0.000276	0.000000
10	0.004565	0.003789	0.000944	0.002199	0.001119	0.001370	0.001060	0.000981	0.002925	0.000658	0.002809	0.000735	0.000225	0.000000
9	0.004725	0.003536	0.000758	0.002629	0.000912	0.002214	0.000991	0.000905	0.003033	0.000890	0.002263	0.000670	0.000219	0.000000
8	0.005115	0.004101	0.000873	0.002087	0.001091	0.001643	0.000755	0.000803	0.002879	0.000739	0.002482	0.000861	0.000197	0.000000
7	0.005381	0.003823	0.000874	0.002379	0.001180	0.001862	0.000803	0.000918	0.002738	0.000805	0.002259	0.000828	0.000206	0.000000
6	0.005227	0.004115	0.001021	0.002117	0.001291	0.001708	0.000964	0.000864	0.003116	0.000893	0.002545	0.000826	0.000171	0.000000
5	0.005643	0.004218	0.000991	0.002089	0.001558	0.002384	0.000978	0.001169	0.003490	0.000838	0.002250	0.000964	0.000124	0.000000
4	0.005661	0.004242	0.001115	0.002103	0.001169	0.001876	0.001065	0.000952	0.003342	0.001099	0.002595	0.001043	0.000130	0.000000
3	0.005994	0.004782	0.001238	0.002357	0.001486	0.002183	0.000733	0.001331	0.003959	0.001568	0.002852	0.000989	0.000048	0.000000
2	0.007252	0.006054	0.001326	0.002417	0.001885	0.004060	0.001326	0.002000	0.004197	0.001770	0.002923	0.001199	0.000010	0.000000
1	0.026867	0.007659	0.001558	0.002417	0.001381	0.002857	0.001184	0.002022	0.003441	0.002380	0.003373	0.001543	0.000003	0.000000
0	0.149041	0.009616	0.001069	0.002424	0.002424	0.004928	0.001372	0.001312	0.004842	0.002120	0.002645	0.001028	0.000000	0.000000
