# table produced by DamageProfiler
# using mapped file ScA043.BuffaloCape_Human_nc.Target.rmdup.noMicro.bam
# Sample ID: ScA043.BuffaloCape_Human_nc.Target.rmdup.noMicro.bam
Pos	C>T	G>A	A>C	A>G	A>T	C>A	C>G	G>C	G>T	T>A	T>C	T>G	->ACGT	ACGT>-
0	0.018932	0.006949	0.001796	0.004134	0.002582	0.003796	0.001818	0.001732	0.005551	0.002407	0.003237	0.001482	0.000000	0.000000
1	0.011591	0.004523	0.001257	0.003520	0.001398	0.003940	0.001714	0.001246	0.003589	0.002194	0.002606	0.001292	0.000003	0.000000
2	0.007693	0.004115	0.001030	0.002842	0.001228	0.002672	0.001014	0.001134	0.003046	0.001610	0.002680	0.001246	0.000010	0.000000
3	0.007019	0.003722	0.000731	0.003169	0.000948	0.002460	0.001050	0.000800	0.002476	0.001269	0.002743	0.001190	0.000035	0.000000
4	0.005611	0.003956	0.000780	0.002801	0.000930	0.001272	0.001093	0.000750	0.002408	0.001097	0.002682	0.000942	0.000092	0.000000
5	0.005326	0.003331	0.000818	0.002964	0.000767	0.001315	0.001072	0.000794	0.002568	0.000904	0.002648	0.000828	0.000165	0.000000
6	0.005049	0.003099	0.000736	0.002542	0.000608	0.001237	0.000808	0.000759	0.002514	0.001293	0.002274	0.000992	0.000197	0.000000
7	0.004941	0.003503	0.000650	0.002111	0.000659	0.001608	0.000687	0.000909	0.002759	0.000806	0.002153	0.000883	0.000130	0.000000
8	0.005036	0.003374	0.000764	0.002117	0.000522	0.001602	0.001040	0.000665	0.002842	0.000844	0.002071	0.000635	0.000165	0.000000
9	0.004368	0.003546	0.000623	0.002299	0.000789	0.001346	0.000919	0.000891	0.002953	0.000800	0.002191	0.000723	0.000155	0.000000
10	0.004776	0.004198	0.000779	0.002416	0.000623	0.001619	0.000745	0.000736	0.002659	0.000701	0.002225	0.000833	0.000143	0.000000
11	0.004389	0.003871	0.000616	0.002678	0.000645	0.001105	0.000753	0.000818	0.002836	0.000914	0.002413	0.000826	0.000222	0.000000
12	0.004302	0.003766	0.000797	0.002293	0.000532	0.001284	0.000754	0.000750	0.002716	0.000645	0.002142	0.000699	0.000206	0.000000
13	0.004486	0.003783	0.000856	0.002350	0.000698	0.001775	0.000742	0.000780	0.003120	0.000852	0.002503	0.001005	0.000216	0.000000
14	0.004261	0.003653	0.000708	0.002290	0.000659	0.001399	0.000820	0.001096	0.002507	0.000920	0.002333	0.000767	0.000209	0.000000
15	0.004578	0.003813	0.000754	0.002340	0.000607	0.001456	0.000566	0.000829	0.002934	0.000955	0.002491	0.000878	0.000203	0.000000
16	0.005036	0.004013	0.000734	0.002427	0.000656	0.001344	0.000745	0.000987	0.002730	0.000849	0.002426	0.000893	0.000254	0.000000
17	0.004864	0.003516	0.000747	0.002242	0.000590	0.001289	0.000725	0.000660	0.002361	0.000681	0.002549	0.000681	0.000282	0.000000
18	0.004912	0.003487	0.000746	0.002297	0.000726	0.001610	0.000943	0.000947	0.002939	0.000926	0.002004	0.000773	0.000235	0.000000
19	0.004326	0.003565	0.000542	0.002285	0.000680	0.001415	0.000764	0.000858	0.002723	0.000817	0.002550	0.000795	0.000282	0.000000
20	0.004400	0.003487	0.000907	0.002326	0.000660	0.001413	0.000835	0.000747	0.002640	0.000995	0.002449	0.000798	0.000266	0.000000
21	0.004517	0.003884	0.000814	0.002305	0.000579	0.001166	0.001020	0.000883	0.002684	0.000622	0.002007	0.000731	0.000311	0.000000
22	0.005042	0.003232	0.000781	0.002420	0.000751	0.001216	0.000730	0.001000	0.002616	0.000811	0.002357	0.000701	0.000260	0.000000
23	0.004332	0.003709	0.000751	0.002039	0.000800	0.001444	0.000714	0.001043	0.002732	0.000814	0.002376	0.000869	0.000206	0.000000
24	0.004601	0.003912	0.000778	0.002160	0.000807	0.001485	0.000783	0.000849	0.002963	0.000734	0.002290	0.000920	0.000219	0.000000
