# table produced by DamageProfiler
# using mapped file RxA020.ReedbuckBh_Human_nc.Target.rmdup.noMicro.bam
# Sample ID: RxA020.ReedbuckBh_Human_nc.Target.rmdup.noMicro.bam
Pos	C>T	G>A	A>C	A>G	A>T	C>A	C>G	G>C	G>T	T>A	T>C	T>G	->ACGT	ACGT>-
0	0.053823	0.020274	0.004508	0.008339	0.004958	0.014524	0.003417	0.004384	0.013151	0.006966	0.005007	0.003700	0.000000	0.000000
1	0.024157	0.017713	0.005261	0.006633	0.005261	0.008052	0.005033	0.003623	0.008454	0.005057	0.004828	0.003448	0.000076	0.000000
2	0.020230	0.008986	0.005514	0.007499	0.004632	0.007816	0.005057	0.002995	0.006846	0.005544	0.006026	0.004579	0.000152	0.000000
3	0.010738	0.006358	0.002735	0.007065	0.005242	0.008501	0.004474	0.004488	0.004488	0.006420	0.007191	0.004879	0.000606	0.000000
4	0.014758	0.014458	0.003287	0.005635	0.002348	0.005814	0.003131	0.003614	0.005221	0.004796	0.005995	0.003837	0.001672	0.000000
5	0.014143	0.007384	0.005174	0.006652	0.003203	0.004992	0.001248	0.002332	0.006607	0.002434	0.006571	0.003164	0.001902	0.000000
6	0.013141	0.009297	0.002615	0.004755	0.003566	0.004663	0.004663	0.002021	0.006467	0.002672	0.005831	0.002915	0.001672	0.000000
7	0.012357	0.010305	0.003105	0.006875	0.001996	0.004854	0.001324	0.005152	0.004294	0.003696	0.006654	0.003204	0.001520	0.000000
8	0.016577	0.012489	0.004706	0.006499	0.003362	0.002240	0.003136	0.003876	0.006460	0.003135	0.006752	0.001929	0.001216	0.000000
9	0.012346	0.013758	0.004351	0.005496	0.002061	0.005109	0.003831	0.003439	0.003869	0.004377	0.007053	0.004377	0.002281	0.000000
10	0.019125	0.010367	0.004834	0.005525	0.003683	0.004675	0.003400	0.003888	0.005184	0.004107	0.006523	0.002416	0.001825	0.000000
11	0.011192	0.013443	0.002970	0.006854	0.004112	0.004305	0.001722	0.006071	0.004770	0.002653	0.006511	0.002894	0.001597	0.000000
12	0.010720	0.008130	0.002305	0.004380	0.002305	0.002573	0.003859	0.002567	0.003423	0.003371	0.006501	0.002649	0.001368	0.000000
13	0.011175	0.014530	0.001866	0.006065	0.003965	0.004139	0.003311	0.003419	0.005983	0.003659	0.003903	0.002684	0.001902	0.000000
14	0.009361	0.011648	0.002564	0.007224	0.003030	0.008140	0.004070	0.002588	0.004314	0.003669	0.006605	0.001223	0.001672	0.000000
15	0.011740	0.013322	0.003575	0.007150	0.001668	0.004193	0.003774	0.002578	0.006876	0.003526	0.005642	0.002586	0.001520	0.000000
16	0.013231	0.012325	0.001592	0.005686	0.002729	0.002988	0.002134	0.001700	0.003825	0.004188	0.007391	0.003449	0.001977	0.000000
17	0.010309	0.013123	0.004516	0.007451	0.001129	0.001649	0.004536	0.003937	0.003500	0.005234	0.007478	0.001994	0.001673	0.000000
18	0.015964	0.012425	0.002326	0.007442	0.003023	0.006140	0.002047	0.002142	0.009426	0.004164	0.006123	0.001959	0.001748	0.000000
19	0.014901	0.010208	0.002613	0.003801	0.004514	0.002483	0.002483	0.004083	0.005308	0.002449	0.007348	0.002939	0.001672	0.000000
20	0.014303	0.010883	0.002333	0.006066	0.004200	0.004495	0.002861	0.002512	0.005023	0.003220	0.007184	0.002725	0.001672	0.000000
21	0.009473	0.008688	0.002146	0.003815	0.002384	0.006590	0.001647	0.002606	0.006516	0.003313	0.006626	0.002840	0.002281	0.000000
22	0.017325	0.012085	0.003330	0.007612	0.002854	0.006446	0.004432	0.002590	0.004316	0.002404	0.004568	0.002645	0.002203	0.000000
23	0.012723	0.007864	0.003229	0.006458	0.003229	0.004241	0.003393	0.003058	0.005242	0.004068	0.006222	0.001196	0.001747	0.000000
24	0.008846	0.009905	0.002522	0.009399	0.002980	0.006740	0.002527	0.003876	0.004307	0.003889	0.006320	0.002188	0.001518	0.000000
