# table produced by DamageProfiler
# using mapped file RxA020.ReedbuckBh_Human_nc.Target.rmdup.noMicro.bam
# Sample ID: RxA020.ReedbuckBh_Human_nc.Target.rmdup.noMicro.bam
Chr	End	Std	Pos	A	C	G	T	Total
	3p	+	1	2869	684	588	2510	6651
	3p	+	2	2763	1044	682	2162	6651
	3p	+	3	2647	1055	829	2120	6651
	3p	+	4	2404	1252	929	2066	6651
	3p	+	5	2390	1105	1016	2140	6651
	3p	+	6	2559	1062	1099	1931	6651
	3p	+	7	2332	1137	1134	2048	6651
	3p	+	8	2372	1135	1134	2010	6651
	3p	+	9	2322	1121	1177	2031	6651
	3p	+	10	2248	1156	1137	2110	6651
	3p	+	11	2205	1215	1173	2058	6651
	3p	+	12	2162	1195	1176	2118	6651
	3p	+	13	2234	1219	1093	2105	6651
	3p	+	14	2172	1195	1200	2084	6651
	3p	+	15	2147	1203	1217	2084	6651
	3p	+	16	2200	1186	1209	2056	6651
	3p	+	17	2223	1220	1095	2113	6651
	3p	+	18	2155	1191	1193	2112	6651
	3p	+	19	2151	1201	1218	2081	6651
	3p	+	20	2208	1205	1114	2124	6651
	3p	+	21	2239	1174	1179	2059	6651
	3p	+	22	2167	1237	1209	2038	6651
	3p	+	23	2213	1163	1234	2041	6651
	3p	+	24	2170	1237	1196	2048	6651
	3p	+	25	2124	1242	1225	2060	6651
	3p	+	26	2152	1184	1181	2134	6651
	3p	+	27	2164	1262	1161	2064	6651
	3p	+	28	2203	1180	1177	2090	6650
	3p	+	29	2144	1189	1247	2071	6651
	3p	+	30	2135	1214	1204	2098	6651
	3p	+	31	2026	1136	1159	1951	6272
	3p	+	32	1966	1035	1101	1927	6029
	3p	+	33	1878	1050	1087	1822	5837
	3p	+	34	1800	1029	1050	1775	5654
	3p	+	35	1770	986	1000	1724	5480
	3p	+	36	1739	932	928	1695	5294
	3p	+	37	1667	876	970	1617	5130
	3p	+	38	1648	910	845	1556	4959
	3p	+	39	1561	825	890	1515	4791
	3p	+	40	1480	804	863	1481	4628
	3p	+	41	1529	768	780	1377	4454
	3p	+	42	1379	725	785	1369	4258
	3p	+	43	1349	681	701	1332	4063
	3p	+	44	1296	683	671	1228	3878
	3p	+	45	1186	667	663	1196	3712
	3p	+	46	1144	592	676	1136	3548
	3p	+	47	1071	566	613	1124	3374
	3p	+	48	1048	562	576	1031	3217
	3p	+	49	999	517	541	1007	3064
	3p	+	50	942	536	506	908	2892
	3p	+	51	878	480	482	890	2730
	3p	+	52	794	492	417	861	2564
	3p	+	53	807	438	415	761	2421
	3p	+	54	726	427	388	723	2264
	3p	+	55	675	356	411	688	2130
	3p	+	56	703	344	324	635	2006
	3p	+	57	656	288	327	612	1883
	3p	+	58	574	301	312	577	1764
	3p	+	59	532	308	293	510	1643
	3p	+	60	482	279	299	485	1545
	3p	+	61	476	239	274	466	1455
	3p	+	62	445	231	235	452	1363
	3p	+	63	424	247	195	398	1264
	3p	+	64	382	197	217	365	1161
	3p	+	65	344	183	192	349	1068
	3p	+	66	333	178	171	306	988
	3p	+	67	310	168	145	296	919
	3p	+	68	285	146	157	259	847
	3p	+	69	249	124	145	266	784
	3p	+	70	251	99	123	246	719
	3p	+	71	216	117	129	203	665
	3p	+	72	209	103	108	194	614
	3p	+	73	196	95	103	167	561
	3p	+	74	188	84	91	155	518
	3p	+	75	151	89	89	140	469
	3p	+	76	139	66	72	145	422
	3p	+	77	124	68	66	118	376
	3p	+	78	101	55	58	125	339
	3p	+	79	102	46	65	92	305
	3p	+	80	94	49	42	93	278
	3p	+	81	84	45	39	66	234
	3p	+	82	53	40	43	68	204
	3p	+	83	66	29	29	60	184
	3p	+	84	50	40	29	44	163
	3p	+	85	39	16	34	46	135
	3p	+	86	38	16	19	41	114
	3p	+	87	31	17	16	30	94
	3p	+	88	29	11	14	23	77
	3p	+	89	10	9	15	17	51
	3p	+	90	13	3	5	12	33
	3p	+	91	5	2	1	8	16
	3p	+	92	0	0	0	0	0
	3p	+	93	0	0	0	0	0
	3p	+	94	0	0	0	0	0
	3p	+	95	0	0	0	0	0
	3p	+	96	0	0	0	0	0
	3p	+	97	0	0	0	0	0
	3p	+	98	0	0	0	0	0
	3p	+	99	0	0	0	0	0
	3p	+	100	0	0	0	0	0
	3p	-	1	2775	643	617	2518	6553
	3p	-	2	2704	1015	726	2108	6553
	3p	-	3	2519	1019	814	2201	6553
	3p	-	4	2341	1285	899	2028	6553
	3p	-	5	2497	1068	965	2023	6553
	3p	-	6	2442	1072	1072	1967	6553
	3p	-	7	2306	1118	1131	1998	6553
	3p	-	8	2332	1120	1060	2041	6553
	3p	-	9	2175	1162	1096	2120	6553
	3p	-	10	2148	1197	1145	2063	6553
	3p	-	11	2162	1164	1126	2101	6553
	3p	-	12	2097	1148	1186	2122	6553
	3p	-	13	2164	1107	1100	2182	6553
	3p	-	14	2095	1216	1108	2134	6553
	3p	-	15	2100	1231	1151	2071	6553
	3p	-	16	2187	1196	1182	1988	6553
	3p	-	17	2177	1238	1117	2021	6553
	3p	-	18	2104	1167	1166	2116	6553
	3p	-	19	2119	1168	1143	2123	6553
	3p	-	20	2133	1161	1158	2101	6553
	3p	-	21	2087	1210	1183	2073	6553
	3p	-	22	2077	1194	1220	2062	6553
	3p	-	23	2200	1129	1166	2058	6553
	3p	-	24	2084	1180	1196	2093	6553
	3p	-	25	2115	1162	1175	2101	6553
	3p	-	26	2107	1205	1171	2070	6553
	3p	-	27	2083	1161	1178	2131	6553
	3p	-	28	2110	1224	1145	2074	6553
	3p	-	29	2062	1204	1192	2095	6553
	3p	-	30	2160	1169	1103	2121	6553
	3p	-	31	1912	1130	1062	2057	6161
	3p	-	32	1940	1092	1045	1845	5922
	3p	-	33	1908	1038	1046	1767	5759
	3p	-	34	1813	978	1018	1777	5586
	3p	-	35	1751	966	985	1743	5445
	3p	-	36	1705	944	926	1699	5274
	3p	-	37	1659	883	945	1638	5125
	3p	-	38	1621	837	864	1630	4952
	3p	-	39	1545	871	878	1502	4796
	3p	-	40	1448	858	789	1529	4624
	3p	-	41	1442	808	787	1418	4455
	3p	-	42	1344	750	763	1440	4297
	3p	-	43	1331	732	711	1327	4101
	3p	-	44	1224	707	779	1212	3922
	3p	-	45	1239	643	681	1185	3748
	3p	-	46	1146	616	631	1200	3593
	3p	-	47	1099	619	618	1086	3422
	3p	-	48	1037	540	603	1059	3239
	3p	-	49	1015	508	570	989	3082
	3p	-	50	939	512	528	929	2908
	3p	-	51	860	460	517	874	2711
	3p	-	52	831	468	467	788	2554
	3p	-	53	780	394	453	790	2417
	3p	-	54	725	394	448	706	2273
	3p	-	55	626	381	402	729	2138
	3p	-	56	671	306	361	673	2011
	3p	-	57	620	352	326	597	1895
	3p	-	58	570	314	305	594	1783
	3p	-	59	561	278	306	533	1678
	3p	-	60	504	263	264	533	1564
	3p	-	61	489	246	257	460	1452
	3p	-	62	459	228	263	411	1361
	3p	-	63	432	243	232	375	1282
	3p	-	64	378	229	220	355	1182
	3p	-	65	349	185	199	383	1116
	3p	-	66	331	193	191	328	1043
	3p	-	67	310	165	169	335	979
	3p	-	68	306	154	164	286	910
	3p	-	69	291	133	146	275	845
	3p	-	70	264	160	120	256	800
	3p	-	71	263	117	130	224	734
	3p	-	72	231	112	117	219	679
	3p	-	73	194	110	104	218	626
	3p	-	74	169	96	97	211	573
	3p	-	75	159	110	86	166	521
	3p	-	76	155	85	87	148	475
	3p	-	77	147	87	69	135	438
	3p	-	78	142	63	93	102	400
	3p	-	79	124	61	54	127	366
	3p	-	80	110	43	59	113	325
	3p	-	81	89	59	58	86	292
	3p	-	82	72	42	47	96	257
	3p	-	83	72	42	40	72	226
	3p	-	84	61	36	28	70	195
	3p	-	85	44	30	31	57	162
	3p	-	86	40	23	24	38	125
	3p	-	87	40	12	19	34	105
	3p	-	88	34	9	15	24	82
	3p	-	89	24	11	7	21	63
	3p	-	90	14	7	8	13	42
	3p	-	91	4	5	1	6	16
	3p	-	92	0	0	0	0	0
	3p	-	93	0	0	0	0	0
	3p	-	94	0	0	0	0	0
	3p	-	95	0	0	0	0	0
	3p	-	96	0	0	0	0	0
	3p	-	97	0	0	0	0	0
	3p	-	98	0	0	0	0	0
	3p	-	99	0	0	0	0	0
	3p	-	100	0	0	0	0	0
	5p	+	1	2249	1128	881	2393	6651
	5p	+	2	2164	984	1265	2236	6649
	5p	+	3	2317	1072	1191	2071	6651
	5p	+	4	2230	1147	1355	1919	6651
	5p	+	5	2168	1109	1248	2126	6651
	5p	+	6	2046	1210	1297	2098	6651
	5p	+	7	2164	1192	1230	2065	6651
	5p	+	8	2316	1182	1190	1963	6651
	5p	+	9	2304	1101	1168	2078	6651
	5p	+	10	2192	1201	1228	2030	6651
	5p	+	11	2195	1218	1140	2098	6651
	5p	+	12	2206	1207	1165	2073	6651
	5p	+	13	2219	1133	1189	2110	6651
	5p	+	14	2166	1217	1214	2054	6651
	5p	+	15	2189	1244	1219	1999	6651
	5p	+	16	2165	1197	1189	2100	6651
	5p	+	17	2267	1201	1192	1991	6651
	5p	+	18	2267	1251	1157	1976	6651
	5p	+	19	2215	1213	1146	2077	6651
	5p	+	20	2136	1196	1229	2090	6651
	5p	+	21	2189	1237	1210	2015	6651
	5p	+	22	2109	1193	1195	2154	6651
	5p	+	23	2153	1229	1189	2080	6651
	5p	+	24	2192	1189	1162	2108	6651
	5p	+	25	2215	1197	1145	2094	6651
	5p	+	26	2208	1191	1193	2059	6651
	5p	+	27	2137	1246	1208	2060	6651
	5p	+	28	2234	1173	1190	2054	6651
	5p	+	29	2335	1180	1151	1985	6651
	5p	+	30	2241	1183	1142	2085	6651
	5p	+	31	2183	1124	1027	1938	6272
	5p	+	32	2039	1069	991	1930	6029
	5p	+	33	1966	1055	949	1867	5837
	5p	+	34	1897	1011	947	1798	5653
	5p	+	35	1865	936	939	1740	5480
	5p	+	36	1824	894	873	1703	5294
	5p	+	37	1768	887	854	1621	5130
	5p	+	38	1709	814	857	1579	4959
	5p	+	39	1627	857	810	1497	4791
	5p	+	40	1616	816	743	1453	4628
	5p	+	41	1554	785	727	1388	4454
	5p	+	42	1411	752	693	1402	4258
	5p	+	43	1393	741	657	1272	4063
	5p	+	44	1377	621	646	1234	3878
	5p	+	45	1267	608	648	1189	3712
	5p	+	46	1204	632	592	1120	3548
	5p	+	47	1148	568	559	1099	3374
	5p	+	48	1092	511	547	1067	3217
	5p	+	49	1059	500	501	1004	3064
	5p	+	50	975	525	448	944	2892
	5p	+	51	920	457	451	902	2730
	5p	+	52	922	424	396	822	2564
	5p	+	53	837	426	390	768	2421
	5p	+	54	811	359	355	739	2264
	5p	+	55	759	344	320	707	2130
	5p	+	56	699	332	328	647	2006
	5p	+	57	644	307	286	646	1883
	5p	+	58	618	289	247	610	1764
	5p	+	59	547	226	286	584	1643
	5p	+	60	546	259	242	499	1546
	5p	+	61	477	259	215	504	1455
	5p	+	62	475	225	218	446	1364
	5p	+	63	415	207	192	450	1264
	5p	+	64	409	177	180	395	1161
	5p	+	65	397	172	138	361	1068
	5p	+	66	350	163	160	315	988
	5p	+	67	301	161	145	312	919
	5p	+	68	266	158	123	300	847
	5p	+	69	288	121	104	271	784
	5p	+	70	254	111	112	242	719
	5p	+	71	247	120	105	193	665
	5p	+	72	223	91	93	207	614
	5p	+	73	197	98	77	189	561
	5p	+	74	186	92	83	157	518
	5p	+	75	159	88	73	149	469
	5p	+	76	141	67	78	136	422
	5p	+	77	137	62	52	125	376
	5p	+	78	109	60	48	122	339
	5p	+	79	106	49	38	112	305
	5p	+	80	106	51	30	91	278
	5p	+	81	86	35	30	83	234
	5p	+	82	79	38	29	58	204
	5p	+	83	74	24	32	54	184
	5p	+	84	70	21	23	49	163
	5p	+	85	54	20	15	46	135
	5p	+	86	43	10	13	48	114
	5p	+	87	37	13	6	38	94
	5p	+	88	29	9	14	25	77
	5p	+	89	19	9	4	19	51
	5p	+	90	10	6	2	15	33
	5p	+	91	7	1	1	7	16
	5p	+	92	0	0	0	0	0
	5p	+	93	0	0	0	0	0
	5p	+	94	0	0	0	0	0
	5p	+	95	0	0	0	0	0
	5p	+	96	0	0	0	0	0
	5p	+	97	0	0	0	0	0
	5p	+	98	0	0	0	0	0
	5p	+	99	0	0	0	0	0
	5p	+	100	0	0	0	0	0
	5p	-	1	2215	1097	939	2302	6553
	5p	-	2	2219	982	1201	2150	6552
	5p	-	3	2201	1088	1170	2094	6553
	5p	-	4	2160	1089	1340	1964	6553
	5p	-	5	2122	1138	1239	2054	6553
	5p	-	6	2010	1214	1286	2043	6553
	5p	-	7	2052	1173	1252	2076	6553
	5p	-	8	2201	1103	1152	2097	6553
	5p	-	9	2151	1151	1151	2100	6553
	5p	-	10	2203	1162	1112	2076	6553
	5p	-	11	2153	1144	1178	2078	6553
	5p	-	12	2174	1140	1145	2094	6553
	5p	-	13	2130	1214	1162	2047	6553
	5p	-	14	2142	1198	1134	2079	6553
	5p	-	15	2122	1220	1110	2101	6553
	5p	-	16	2042	1197	1147	2167	6553
	5p	-	17	2150	1156	1176	2071	6553
	5p	-	18	2171	1205	1148	2029	6553
	5p	-	19	2106	1219	1187	2041	6553
	5p	-	20	2081	1239	1216	2017	6553
	5p	-	21	2105	1213	1191	2044	6553
	5p	-	22	2111	1255	1110	2077	6553
	5p	-	23	2061	1238	1141	2113	6553
	5p	-	24	2140	1182	1139	2092	6553
	5p	-	25	2144	1194	1193	2022	6553
	5p	-	26	2178	1178	1127	2070	6553
	5p	-	27	2106	1234	1089	2124	6553
	5p	-	28	2143	1153	1152	2105	6553
	5p	-	29	2221	1158	1092	2082	6553
	5p	-	30	2256	1121	1121	2055	6553
	5p	-	31	2048	1151	1082	1880	6161
	5p	-	32	1995	1043	1003	1881	5922
	5p	-	33	1936	974	974	1875	5759
	5p	-	34	1905	999	903	1779	5586
	5p	-	35	1872	947	903	1723	5445
	5p	-	36	1678	847	925	1824	5274
	5p	-	37	1718	882	894	1631	5125
	5p	-	38	1660	849	829	1614	4952
	5p	-	39	1602	864	801	1529	4796
	5p	-	40	1530	770	780	1544	4624
	5p	-	41	1536	734	763	1422	4455
	5p	-	42	1479	754	711	1353	4297
	5p	-	43	1412	684	718	1287	4101
	5p	-	44	1333	709	620	1260	3922
	5p	-	45	1305	622	587	1234	3748
	5p	-	46	1196	619	586	1192	3593
	5p	-	47	1180	570	524	1148	3422
	5p	-	48	1056	570	504	1109	3239
	5p	-	49	1068	551	506	957	3082
	5p	-	50	1035	479	455	939	2908
	5p	-	51	905	495	449	862	2711
	5p	-	52	897	454	389	814	2554
	5p	-	53	834	403	376	804	2417
	5p	-	54	778	374	372	749	2273
	5p	-	55	742	342	359	695	2138
	5p	-	56	717	318	310	666	2011
	5p	-	57	633	305	314	643	1895
	5p	-	58	611	292	269	611	1783
	5p	-	59	600	282	247	549	1678
	5p	-	60	556	252	246	510	1564
	5p	-	61	525	240	228	459	1452
	5p	-	62	470	236	222	433	1361
	5p	-	63	437	194	194	457	1282
	5p	-	64	394	205	186	397	1182
	5p	-	65	398	174	160	384	1116
	5p	-	66	370	180	157	336	1043
	5p	-	67	348	167	169	295	979
	5p	-	68	327	137	131	315	910
	5p	-	69	307	144	134	260	845
	5p	-	70	274	134	121	272	801
	5p	-	71	271	122	111	230	734
	5p	-	72	243	109	112	215	679
	5p	-	73	210	101	92	223	626
	5p	-	74	179	118	86	190	573
	5p	-	75	172	90	86	173	521
	5p	-	76	171	66	64	174	475
	5p	-	77	156	60	78	144	438
	5p	-	78	133	57	63	147	400
	5p	-	79	134	42	55	135	366
	5p	-	80	122	57	47	99	325
	5p	-	81	98	46	45	103	292
	5p	-	82	102	44	34	77	257
	5p	-	83	84	40	32	70	226
	5p	-	84	80	23	20	72	195
	5p	-	85	66	25	18	53	162
	5p	-	86	52	17	20	36	125
	5p	-	87	41	15	17	32	105
	5p	-	88	26	16	9	31	82
	5p	-	89	27	15	7	14	63
	5p	-	90	16	6	5	15	42
	5p	-	91	5	1	2	8	16
	5p	-	92	0	0	0	0	0
	5p	-	93	0	0	0	0	0
	5p	-	94	0	0	0	0	0
	5p	-	95	0	0	0	0	0
	5p	-	96	0	0	0	0	0
	5p	-	97	0	0	0	0	0
	5p	-	98	0	0	0	0	0
	5p	-	99	0	0	0	0	0
	5p	-	100	0	0	0	0	0
