# table produced by DamageProfiler
# using mapped file RmA001.GrysbokCape_Human_nc.Target.rmdup.noMicro.bam
# Sample ID: RmA001.GrysbokCape_Human_nc.Target.rmdup.noMicro.bam
Pos	C>T	G>A	A>C	A>G	A>T	C>A	C>G	G>C	G>T	T>A	T>C	T>G	->ACGT	ACGT>-
24	0.002542	0.002097	0.000348	0.001268	0.000822	0.000833	0.000394	0.000368	0.001189	0.000716	0.001009	0.000614	0.001788	0.000000
23	0.002913	0.001900	0.000461	0.001117	0.000573	0.000723	0.000416	0.000497	0.001123	0.000716	0.001330	0.000351	0.001866	0.000000
22	0.002726	0.001800	0.000570	0.001210	0.000473	0.000611	0.000414	0.000549	0.001317	0.000626	0.001106	0.000407	0.001866	0.000000
21	0.002392	0.001917	0.000555	0.001111	0.000583	0.000878	0.000505	0.000353	0.001146	0.000738	0.001028	0.000535	0.001758	0.000000
20	0.003042	0.001381	0.000348	0.001099	0.000584	0.000613	0.000569	0.000285	0.001534	0.000857	0.001133	0.000566	0.001784	0.000000
19	0.002750	0.001496	0.000446	0.001184	0.000655	0.001018	0.000325	0.000616	0.001892	0.000714	0.001224	0.000583	0.001844	0.000000
18	0.002949	0.001989	0.000444	0.001110	0.000527	0.000660	0.000484	0.000393	0.001617	0.000654	0.001105	0.000465	0.001745	0.000000
17	0.002655	0.001789	0.000443	0.001219	0.000596	0.000856	0.000527	0.000524	0.001266	0.000613	0.001109	0.000452	0.001585	0.000000
16	0.002738	0.001835	0.000595	0.001355	0.000512	0.000839	0.000420	0.000546	0.001442	0.000814	0.001017	0.000480	0.001421	0.000000
15	0.002632	0.001771	0.000458	0.001082	0.000555	0.000863	0.000619	0.000547	0.001727	0.000781	0.001042	0.000564	0.001521	0.000000
14	0.002353	0.002038	0.000616	0.001491	0.000588	0.000755	0.000400	0.000238	0.001756	0.000648	0.001237	0.000560	0.001581	0.000000
13	0.002536	0.001917	0.000438	0.001491	0.000534	0.000794	0.000529	0.000485	0.001344	0.000659	0.001230	0.000498	0.001654	0.000000
12	0.002725	0.001958	0.000521	0.001398	0.000466	0.000603	0.000424	0.000440	0.001650	0.000726	0.000914	0.000523	0.001659	0.000000
11	0.002821	0.001807	0.000602	0.001204	0.000506	0.001044	0.000600	0.000653	0.001742	0.000690	0.001307	0.000397	0.001585	0.000000
10	0.002741	0.001478	0.000466	0.001397	0.000548	0.000735	0.000579	0.000419	0.001456	0.000841	0.001117	0.000493	0.001464	0.000000
9	0.002746	0.001913	0.000564	0.001409	0.000564	0.000765	0.000315	0.000528	0.001496	0.000575	0.001210	0.000428	0.001305	0.000000
8	0.002792	0.001812	0.000370	0.001296	0.000794	0.001190	0.000503	0.000546	0.001768	0.000775	0.000939	0.000462	0.001232	0.000000
7	0.003277	0.001852	0.000578	0.001234	0.000784	0.001255	0.000442	0.000706	0.001698	0.000969	0.001288	0.000560	0.001146	0.000000
6	0.003280	0.002263	0.000831	0.001381	0.000691	0.001047	0.000558	0.000696	0.001741	0.001107	0.001184	0.000830	0.000969	0.000000
5	0.003735	0.002386	0.000613	0.001460	0.000687	0.001253	0.000752	0.000622	0.001494	0.000911	0.001215	0.000768	0.000857	0.000000
4	0.003688	0.002815	0.000785	0.001895	0.001122	0.001380	0.000577	0.000662	0.002111	0.001131	0.001476	0.000660	0.000409	0.000000
3	0.004034	0.003585	0.000960	0.002343	0.001446	0.002158	0.000891	0.001251	0.002460	0.001812	0.001747	0.001456	0.000311	0.000000
2	0.004729	0.004336	0.001456	0.002600	0.002015	0.003116	0.001417	0.001571	0.002493	0.002971	0.002033	0.001216	0.000052	0.000000
1	0.025433	0.008155	0.001910	0.003418	0.002701	0.003177	0.001569	0.002039	0.003591	0.005248	0.004304	0.001963	0.000022	0.000000
0	0.076587	0.011965	0.002008	0.003613	0.003278	0.007957	0.002598	0.002450	0.004664	0.009127	0.004275	0.003241	0.000000	0.000000
