# table produced by DamageProfiler
# using mapped file RmA001.GrysbokCape_Human_nc.Target.rmdup.noMicro.bam
# Sample ID: RmA001.GrysbokCape_Human_nc.Target.rmdup.noMicro.bam
Chr	End	Std	Pos	A	C	G	T	Total	G>A	C>T	A>G	T>C	A>C	A>T	C>G	C>A	T>G	T>A	G>C	G>T	A>-	T>-	C>-	G>-	->A	->T	->C	->G	S
	3p	+	1	50600.0	18168.0	21362.0	25169.0	115299.0	238.0	1356.0	185.0	108.0	94.0	164.0	47.0	116.0	70.0	215.0	42.0	107.0	0.0	0.0	0.0	0.0	0.0	0.0	0.0	0.0	0.0
	3p	+	2	41016.0	26487.0	21505.0	26471.0	115479.0	174.0	674.0	140.0	120.0	57.0	101.0	43.0	76.0	55.0	131.0	47.0	80.0	0.0	0.0	0.0	0.0	0.0	0.0	0.0	0.0	0.0
	3p	+	3	40154.0	23053.0	23796.0	28632.0	115635.0	113.0	106.0	99.0	50.0	60.0	68.0	32.0	65.0	38.0	82.0	42.0	57.0	0.0	0.0	0.0	0.0	1.0	0.0	0.0	0.0	0.0
	3p	+	4	39890.0	21171.0	23750.0	30980.0	115791.0	83.0	83.0	97.0	51.0	33.0	55.0	21.0	51.0	59.0	63.0	31.0	54.0	0.0	0.0	0.0	0.0	3.0	0.0	3.0	3.0	0.0
	3p	+	5	40243.0	19929.0	24077.0	31671.0	115920.0	62.0	78.0	96.0	43.0	26.0	46.0	11.0	23.0	22.0	29.0	16.0	46.0	0.0	0.0	0.0	0.0	5.0	0.0	3.0	0.0	0.0
	3p	+	6	40699.0	19949.0	23953.0	31346.0	115947.0	57.0	65.0	65.0	39.0	30.0	31.0	11.0	26.0	31.0	32.0	17.0	43.0	0.0	0.0	0.0	0.0	34.0	0.0	23.0	20.0	0.0
	3p	+	7	38915.0	21471.0	23116.0	32472.0	115974.0	57.0	59.0	59.0	42.0	32.0	31.0	16.0	14.0	28.0	31.0	17.0	45.0	0.0	0.0	0.0	0.0	35.0	0.0	22.0	26.0	0.0
	3p	+	8	38904.0	21538.0	22573.0	32999.0	116014.0	49.0	71.0	51.0	48.0	19.0	34.0	9.0	26.0	16.0	29.0	14.0	37.0	0.0	0.0	0.0	0.0	46.0	0.0	24.0	21.0	0.0
	3p	+	9	37634.0	21915.0	22867.0	33606.0	116022.0	36.0	56.0	49.0	28.0	18.0	30.0	9.0	32.0	18.0	29.0	12.0	35.0	0.0	0.0	0.0	0.0	50.0	0.0	26.0	32.0	0.0
	3p	+	10	37374.0	22228.0	22633.0	33733.0	115968.0	49.0	51.0	51.0	41.0	25.0	15.0	6.0	19.0	15.0	15.0	15.0	31.0	0.0	0.0	0.0	0.0	60.0	0.0	34.0	42.0	0.0
	3p	+	11	36395.0	22407.0	22548.0	34615.0	115965.0	41.0	53.0	47.0	36.0	19.0	15.0	10.0	17.0	15.0	28.0	12.0	35.0	0.0	0.0	0.0	0.0	90.0	0.0	41.0	27.0	0.0
	3p	+	12	36404.0	22418.0	23029.0	34113.0	115964.0	36.0	52.0	53.0	50.0	22.0	18.0	14.0	24.0	14.0	26.0	14.0	44.0	0.0	0.0	0.0	0.0	75.0	0.0	38.0	41.0	0.0
	3p	+	13	36281.0	22338.0	22832.0	34469.0	115920.0	49.0	52.0	43.0	26.0	15.0	18.0	10.0	19.0	20.0	26.0	7.0	33.0	0.0	0.0	0.0	0.0	94.0	0.0	43.0	40.0	0.0
	3p	+	14	36154.0	22464.0	22935.0	34374.0	115927.0	44.0	55.0	54.0	37.0	17.0	16.0	9.0	13.0	20.0	16.0	16.0	34.0	0.0	0.0	0.0	0.0	95.0	0.0	43.0	38.0	0.0
	3p	+	15	36501.0	22458.0	23080.0	33886.0	115925.0	35.0	60.0	58.0	46.0	18.0	29.0	7.0	16.0	15.0	17.0	7.0	37.0	0.0	0.0	0.0	0.0	100.0	0.0	34.0	46.0	0.0
	3p	+	16	36051.0	22557.0	22800.0	34519.0	115927.0	45.0	54.0	32.0	29.0	21.0	20.0	13.0	28.0	21.0	25.0	14.0	38.0	0.0	0.0	0.0	0.0	92.0	0.0	43.0	45.0	0.0
	3p	+	17	36173.0	22690.0	22755.0	34335.0	115953.0	41.0	64.0	49.0	37.0	19.0	17.0	7.0	20.0	16.0	24.0	12.0	33.0	0.0	0.0	0.0	0.0	68.0	0.0	41.0	46.0	0.0
	3p	+	18	35992.0	22701.0	22806.0	34411.0	115910.0	38.0	55.0	35.0	39.0	19.0	20.0	12.0	20.0	14.0	21.0	12.0	31.0	0.0	0.0	0.0	0.0	85.0	0.0	33.0	56.0	0.0
	3p	+	19	35632.0	22956.0	23011.0	34308.0	115907.0	49.0	71.0	41.0	48.0	13.0	20.0	9.0	19.0	12.0	21.0	12.0	41.0	0.0	0.0	0.0	0.0	87.0	0.0	48.0	48.0	0.0
	3p	+	20	35604.0	22869.0	22907.0	34502.0	115882.0	36.0	65.0	45.0	38.0	13.0	23.0	4.0	22.0	27.0	24.0	12.0	50.0	0.0	0.0	0.0	0.0	89.0	0.0	48.0	63.0	0.0
	3p	+	21	35795.0	22682.0	22895.0	34487.0	115859.0	22.0	62.0	34.0	29.0	13.0	22.0	14.0	14.0	19.0	31.0	3.0	38.0	0.0	0.0	0.0	0.0	117.0	0.0	48.0	50.0	0.0
	3p	+	22	35892.0	22755.0	22708.0	34515.0	115870.0	43.0	54.0	42.0	39.0	21.0	23.0	11.0	21.0	17.0	27.0	11.0	22.0	0.0	0.0	0.0	0.0	109.0	0.0	57.0	55.0	0.0
	3p	+	23	35824.0	22872.0	22767.0	34388.0	115851.0	46.0	56.0	42.0	39.0	21.0	19.0	11.0	10.0	12.0	23.0	14.0	33.0	0.0	0.0	0.0	0.0	116.0	0.0	42.0	65.0	0.0
	3p	+	24	35803.0	22744.0	23130.0	34181.0	115858.0	49.0	59.0	41.0	48.0	21.0	20.0	11.0	16.0	15.0	28.0	12.0	26.0	0.0	0.0	0.0	0.0	98.0	0.0	65.0	53.0	0.0
	3p	+	25	35777.0	22694.0	23236.0	34192.0	115899.0	46.0	57.0	41.0	39.0	14.0	38.0	7.0	15.0	24.0	24.0	9.0	34.0	0.0	0.0	0.0	0.0	88.0	0.0	50.0	55.0	0.0
	3p	+	26	35954.0	22542.0	23167.0	34248.0	115911.0	45.0	81.0	41.0	27.0	15.0	29.0	10.0	19.0	11.0	17.0	12.0	29.0	0.0	0.0	0.0	0.0	99.0	0.0	51.0	36.0	0.0
	3p	+	27	36101.0	22887.0	22878.0	34039.0	115905.0	43.0	62.0	51.0	29.0	14.0	19.0	14.0	15.0	22.0	27.0	13.0	33.0	0.0	0.0	0.0	0.0	85.0	0.0	50.0	54.0	0.0
	3p	+	28	35957.0	22923.0	23161.0	33856.0	115897.0	38.0	55.0	39.0	33.0	17.0	22.0	13.0	13.0	20.0	26.0	19.0	34.0	0.0	0.0	0.0	0.0	83.0	0.0	41.0	60.0	0.0
	3p	+	29	35712.0	23019.0	23167.0	33997.0	115895.0	55.0	67.0	45.0	46.0	22.0	32.0	10.0	18.0	17.0	27.0	16.0	37.0	0.0	0.0	0.0	0.0	97.0	0.0	47.0	38.0	0.0
	3p	+	30	35908.0	22973.0	23271.0	33720.0	115872.0	57.0	80.0	69.0	44.0	33.0	33.0	9.0	30.0	22.0	41.0	16.0	48.0	0.0	0.0	0.0	0.0	106.0	0.0	46.0	50.0	0.0
	3p	+	31	35377.0	22756.0	22788.0	33437.0	114358.0	42.0	81.0	57.0	35.0	23.0	38.0	18.0	32.0	16.0	30.0	15.0	29.0	0.0	0.0	0.0	0.0	106.0	0.0	41.0	43.0	0.0
	3p	+	32	35002.0	22236.0	22611.0	32998.0	112847.0	45.0	87.0	60.0	38.0	22.0	39.0	7.0	25.0	21.0	38.0	11.0	43.0	0.0	0.0	0.0	0.0	107.0	0.0	46.0	37.0	0.0
	3p	+	33	34389.0	21992.0	22243.0	32726.0	111350.0	55.0	88.0	56.0	46.0	16.0	45.0	10.0	18.0	17.0	40.0	18.0	31.0	0.0	0.0	0.0	0.0	77.0	0.0	44.0	46.0	0.0
	3p	+	34	33987.0	21721.0	21974.0	32028.0	109710.0	44.0	73.0	56.0	23.0	27.0	31.0	10.0	19.0	23.0	32.0	8.0	37.0	0.0	0.0	0.0	0.0	83.0	0.0	46.0	36.0	0.0
	3p	+	35	33501.0	21404.0	21499.0	31696.0	108100.0	44.0	64.0	54.0	37.0	27.0	32.0	17.0	17.0	20.0	25.0	11.0	44.0	0.0	0.0	0.0	0.0	85.0	0.0	39.0	52.0	0.0
	3p	+	36	33418.0	21004.0	20963.0	31112.0	106497.0	39.0	70.0	49.0	31.0	19.0	39.0	12.0	22.0	20.0	40.0	17.0	49.0	0.0	0.0	0.0	0.0	73.0	0.0	63.0	43.0	0.0
	3p	+	37	32437.0	20836.0	20907.0	30732.0	104912.0	60.0	77.0	46.0	38.0	21.0	31.0	18.0	15.0	17.0	47.0	10.0	36.0	0.0	0.0	0.0	0.0	81.0	0.0	53.0	47.0	0.0
	3p	+	38	32283.0	20341.0	20390.0	30346.0	103360.0	36.0	74.0	60.0	38.0	20.0	37.0	3.0	15.0	22.0	35.0	6.0	44.0	0.0	0.0	0.0	0.0	70.0	0.0	48.0	40.0	0.0
	3p	+	39	31489.0	20400.0	20192.0	29580.0	101661.0	58.0	81.0	66.0	35.0	31.0	43.0	14.0	28.0	13.0	29.0	16.0	27.0	0.0	0.0	0.0	0.0	54.0	0.0	30.0	39.0	0.0
	3p	+	40	30947.0	19664.0	19872.0	29388.0	99871.0	44.0	75.0	53.0	39.0	25.0	40.0	11.0	29.0	20.0	24.0	11.0	47.0	0.0	0.0	0.0	0.0	72.0	0.0	38.0	35.0	0.0
	3p	+	41	30409.0	19666.0	19401.0	28660.0	98136.0	46.0	72.0	44.0	33.0	20.0	34.0	9.0	20.0	19.0	37.0	9.0	44.0	0.0	0.0	0.0	0.0	67.0	0.0	35.0	40.0	0.0
	3p	+	42	29675.0	18998.0	19309.0	28287.0	96269.0	46.0	67.0	67.0	42.0	22.0	42.0	13.0	30.0	12.0	34.0	17.0	41.0	0.0	0.0	0.0	0.0	76.0	0.0	35.0	33.0	0.0
	3p	+	43	29274.0	18575.0	19059.0	27515.0	94423.0	51.0	78.0	48.0	27.0	18.0	42.0	18.0	29.0	23.0	30.0	12.0	26.0	0.0	0.0	0.0	0.0	61.0	0.0	28.0	35.0	0.0
	3p	+	44	28786.0	18222.0	18570.0	26960.0	92538.0	41.0	65.0	53.0	24.0	27.0	30.0	11.0	23.0	18.0	29.0	9.0	52.0	0.0	0.0	0.0	0.0	59.0	0.0	34.0	36.0	0.0
	3p	+	45	28052.0	18134.0	18043.0	26607.0	90836.0	40.0	69.0	60.0	34.0	15.0	36.0	12.0	27.0	25.0	29.0	15.0	44.0	0.0	0.0	0.0	0.0	64.0	0.0	26.0	31.0	0.0
	3p	+	46	27549.0	17797.0	17709.0	26017.0	89072.0	42.0	63.0	49.0	27.0	27.0	34.0	16.0	19.0	19.0	39.0	11.0	46.0	0.0	0.0	0.0	0.0	51.0	0.0	27.0	23.0	0.0
	3p	+	47	27097.0	17404.0	17380.0	25402.0	87283.0	47.0	71.0	38.0	31.0	23.0	38.0	10.0	26.0	16.0	33.0	11.0	33.0	0.0	0.0	0.0	0.0	50.0	0.0	23.0	23.0	0.0
	3p	+	48	26578.0	16914.0	16974.0	25028.0	85494.0	36.0	79.0	57.0	34.0	14.0	32.0	7.0	19.0	16.0	24.0	10.0	34.0	0.0	0.0	0.0	0.0	52.0	0.0	31.0	30.0	0.0
	3p	+	49	25804.0	16575.0	16691.0	24616.0	83686.0	35.0	56.0	50.0	37.0	17.0	29.0	23.0	28.0	18.0	26.0	11.0	34.0	0.0	0.0	0.0	0.0	47.0	0.0	27.0	24.0	0.0
	3p	+	50	25468.0	16242.0	16291.0	23916.0	81917.0	43.0	63.0	58.0	42.0	17.0	26.0	10.0	16.0	15.0	42.0	11.0	40.0	0.0	0.0	0.0	0.0	59.0	0.0	17.0	30.0	0.0
	3p	+	51	24758.0	15892.0	16209.0	23295.0	80154.0	34.0	58.0	56.0	36.0	14.0	27.0	15.0	23.0	15.0	33.0	10.0	37.0	0.0	0.0	0.0	0.0	56.0	0.0	27.0	35.0	0.0
	3p	+	52	24362.0	15251.0	15757.0	23056.0	78426.0	42.0	59.0	48.0	25.0	22.0	38.0	13.0	26.0	13.0	30.0	13.0	33.0	0.0	0.0	0.0	0.0	56.0	0.0	24.0	29.0	0.0
	3p	+	53	23625.0	15107.0	15300.0	22619.0	76651.0	40.0	53.0	44.0	31.0	26.0	41.0	10.0	14.0	15.0	22.0	12.0	28.0	0.0	0.0	0.0	0.0	47.0	0.0	22.0	26.0	0.0
	3p	+	54	23187.0	14833.0	15154.0	21787.0	74961.0	40.0	55.0	47.0	24.0	16.0	32.0	9.0	24.0	8.0	30.0	6.0	32.0	0.0	0.0	0.0	0.0	45.0	0.0	21.0	20.0	0.0
	3p	+	55	22796.0	14564.0	14746.0	21226.0	73332.0	27.0	53.0	44.0	21.0	18.0	33.0	9.0	12.0	18.0	32.0	6.0	26.0	0.0	0.0	0.0	0.0	47.0	0.0	22.0	16.0	0.0
	3p	+	56	22150.0	14185.0	14424.0	20988.0	71747.0	31.0	54.0	42.0	35.0	19.0	29.0	10.0	19.0	19.0	30.0	12.0	39.0	0.0	0.0	0.0	0.0	33.0	0.0	18.0	16.0	0.0
	3p	+	57	21776.0	14010.0	14098.0	20333.0	70217.0	32.0	49.0	47.0	28.0	19.0	19.0	4.0	22.0	10.0	41.0	7.0	23.0	0.0	0.0	0.0	0.0	30.0	0.0	17.0	12.0	0.0
	3p	+	58	21192.0	13650.0	13864.0	19930.0	68636.0	32.0	53.0	38.0	29.0	17.0	35.0	9.0	17.0	10.0	24.0	4.0	35.0	0.0	0.0	0.0	0.0	29.0	0.0	17.0	11.0	0.0
	3p	+	59	20527.0	13415.0	13463.0	19737.0	67142.0	29.0	44.0	47.0	29.0	17.0	31.0	8.0	25.0	12.0	25.0	11.0	27.0	0.0	0.0	0.0	0.0	30.0	0.0	19.0	21.0	0.0
	3p	+	60	20283.0	13041.0	13117.0	19251.0	65692.0	33.0	38.0	40.0	35.0	15.0	27.0	13.0	17.0	11.0	26.0	11.0	28.0	0.0	0.0	0.0	0.0	29.0	0.0	13.0	19.0	0.0
	3p	+	61	19926.0	12697.0	12845.0	18733.0	64201.0	29.0	51.0	36.0	22.0	17.0	25.0	6.0	15.0	11.0	26.0	6.0	29.0	0.0	0.0	0.0	0.0	32.0	0.0	9.0	17.0	0.0
	3p	+	62	19528.0	12555.0	12386.0	18311.0	62780.0	36.0	38.0	42.0	26.0	17.0	31.0	9.0	21.0	19.0	26.0	13.0	25.0	0.0	0.0	0.0	0.0	30.0	0.0	18.0	15.0	0.0
	3p	+	63	19001.0	12283.0	12219.0	17914.0	61417.0	33.0	46.0	36.0	26.0	15.0	23.0	11.0	29.0	15.0	17.0	14.0	35.0	0.0	0.0	0.0	0.0	19.0	0.0	18.0	9.0	0.0
	3p	+	64	18561.0	12051.0	11872.0	17530.0	60014.0	42.0	48.0	38.0	25.0	17.0	26.0	9.0	19.0	19.0	29.0	7.0	34.0	0.0	0.0	0.0	0.0	25.0	0.0	14.0	14.0	0.0
	3p	+	65	18051.0	11615.0	11793.0	17189.0	58648.0	23.0	47.0	39.0	16.0	18.0	20.0	11.0	19.0	11.0	28.0	13.0	25.0	0.0	0.0	0.0	0.0	25.0	0.0	8.0	20.0	0.0
	3p	+	66	17763.0	11291.0	11623.0	16658.0	57335.0	33.0	43.0	35.0	24.0	16.0	27.0	18.0	17.0	8.0	31.0	7.0	24.0	0.0	0.0	0.0	0.0	31.0	0.0	18.0	6.0	0.0
	3p	+	67	17331.0	11286.0	10951.0	16508.0	56076.0	30.0	49.0	31.0	15.0	16.0	27.0	8.0	18.0	13.0	27.0	15.0	34.0	0.0	0.0	0.0	0.0	22.0	0.0	10.0	11.0	0.0
	3p	+	68	16691.0	11182.0	11077.0	15855.0	54805.0	28.0	37.0	34.0	25.0	17.0	21.0	8.0	23.0	12.0	32.0	4.0	24.0	0.0	0.0	0.0	0.0	23.0	0.0	8.0	8.0	0.0
	3p	+	69	16532.0	10756.0	10620.0	15702.0	53610.0	23.0	40.0	36.0	16.0	23.0	21.0	10.0	3.0	12.0	28.0	3.0	17.0	0.0	0.0	0.0	0.0	16.0	0.0	15.0	9.0	0.0
	3p	+	70	16076.0	10586.0	10560.0	15171.0	52393.0	33.0	35.0	37.0	19.0	16.0	25.0	11.0	16.0	13.0	25.0	4.0	17.0	0.0	0.0	0.0	0.0	16.0	0.0	10.0	11.0	0.0
	3p	+	71	15703.0	10368.0	10200.0	14900.0	51171.0	28.0	44.0	34.0	13.0	7.0	21.0	8.0	11.0	16.0	30.0	8.0	11.0	0.0	0.0	0.0	0.0	9.0	0.0	6.0	7.0	0.0
	3p	+	72	15512.0	10005.0	9898.0	14523.0	49938.0	24.0	37.0	33.0	18.0	16.0	30.0	14.0	18.0	10.0	22.0	5.0	21.0	0.0	0.0	0.0	0.0	11.0	0.0	14.0	9.0	0.0
	3p	+	73	15022.0	9822.0	9759.0	14171.0	48774.0	25.0	29.0	28.0	20.0	11.0	31.0	7.0	10.0	10.0	25.0	8.0	22.0	0.0	0.0	0.0	0.0	20.0	0.0	8.0	8.0	0.0
	3p	+	74	14822.0	9659.0	9365.0	13716.0	47562.0	26.0	39.0	36.0	16.0	13.0	21.0	9.0	15.0	10.0	26.0	6.0	18.0	0.0	0.0	0.0	0.0	8.0	0.0	6.0	9.0	0.0
	3p	+	75	14245.0	9455.0	9339.0	13473.0	46512.0	11.0	34.0	31.0	12.0	9.0	23.0	6.0	18.0	10.0	19.0	5.0	16.0	0.0	0.0	0.0	0.0	16.0	0.0	8.0	7.0	0.0
	3p	+	76	14139.0	9122.0	8999.0	13173.0	45433.0	21.0	25.0	16.0	24.0	15.0	18.0	9.0	18.0	7.0	23.0	6.0	20.0	0.0	0.0	0.0	0.0	20.0	0.0	10.0	8.0	0.0
	3p	+	77	13503.0	9191.0	8745.0	13004.0	44443.0	14.0	26.0	23.0	21.0	9.0	5.0	7.0	14.0	13.0	17.0	5.0	19.0	0.0	0.0	0.0	0.0	9.0	0.0	7.0	7.0	0.0
	3p	+	78	13491.0	8711.0	8458.0	12781.0	43441.0	18.0	29.0	28.0	15.0	15.0	25.0	8.0	9.0	11.0	23.0	8.0	18.0	0.0	0.0	0.0	0.0	10.0	0.0	6.0	5.0	0.0
	3p	+	79	12964.0	8642.0	8461.0	12363.0	42430.0	17.0	26.0	17.0	10.0	10.0	21.0	5.0	14.0	5.0	20.0	11.0	14.0	0.0	0.0	0.0	0.0	14.0	0.0	8.0	8.0	0.0
	3p	+	80	12818.0	8202.0	8239.0	12153.0	41412.0	16.0	31.0	20.0	22.0	8.0	11.0	8.0	13.0	13.0	28.0	2.0	24.0	0.0	0.0	0.0	0.0	7.0	0.0	5.0	8.0	0.0
	3p	+	81	12416.0	8157.0	8020.0	11891.0	40484.0	28.0	28.0	31.0	12.0	11.0	17.0	1.0	19.0	9.0	20.0	6.0	18.0	0.0	0.0	0.0	0.0	9.0	0.0	8.0	3.0	0.0
	3p	+	82	12259.0	7991.0	7917.0	11393.0	39560.0	14.0	28.0	29.0	13.0	10.0	14.0	10.0	22.0	9.0	22.0	4.0	20.0	0.0	0.0	0.0	0.0	4.0	0.0	9.0	5.0	0.0
	3p	+	83	11832.0	7794.0	7767.0	11296.0	38689.0	19.0	32.0	23.0	22.0	14.0	16.0	3.0	6.0	7.0	15.0	3.0	11.0	0.0	0.0	0.0	0.0	9.0	0.0	6.0	2.0	0.0
	3p	+	84	11579.0	7668.0	7557.0	11003.0	37807.0	9.0	20.0	20.0	12.0	12.0	15.0	6.0	14.0	5.0	9.0	6.0	20.0	0.0	0.0	0.0	0.0	6.0	0.0	8.0	6.0	0.0
	3p	+	85	11136.0	7542.0	7363.0	10867.0	36908.0	18.0	28.0	19.0	10.0	10.0	13.0	4.0	11.0	8.0	22.0	5.0	18.0	0.0	0.0	0.0	0.0	13.0	0.0	3.0	7.0	0.0
	3p	+	86	11073.0	7270.0	7157.0	10536.0	36036.0	21.0	25.0	16.0	11.0	10.0	16.0	6.0	7.0	15.0	12.0	4.0	16.0	0.0	0.0	0.0	0.0	14.0	0.0	5.0	5.0	0.0
	3p	+	87	10727.0	7076.0	7004.0	10404.0	35211.0	14.0	24.0	23.0	14.0	12.0	15.0	8.0	13.0	8.0	16.0	5.0	18.0	0.0	0.0	0.0	0.0	19.0	0.0	5.0	3.0	0.0
	3p	+	88	10542.0	7133.0	6828.0	9979.0	34482.0	18.0	15.0	21.0	12.0	6.0	14.0	6.0	13.0	3.0	14.0	6.0	14.0	0.0	0.0	0.0	0.0	6.0	0.0	3.0	3.0	0.0
	3p	+	89	10180.0	6713.0	6887.0	9923.0	33703.0	16.0	21.0	19.0	15.0	5.0	17.0	8.0	8.0	12.0	18.0	4.0	13.0	0.0	0.0	0.0	0.0	6.0	0.0	3.0	3.0	0.0
	3p	+	90	10170.0	6536.0	6604.0	9632.0	32942.0	14.0	24.0	15.0	13.0	12.0	4.0	6.0	5.0	7.0	15.0	9.0	16.0	0.0	0.0	0.0	0.0	5.0	0.0	3.0	6.0	0.0
	3p	+	91	9741.0	6496.0	6477.0	9533.0	32247.0	17.0	21.0	18.0	14.0	10.0	8.0	6.0	4.0	7.0	10.0	9.0	11.0	0.0	0.0	0.0	0.0	7.0	0.0	8.0	2.0	0.0
	3p	+	92	9540.0	6425.0	6346.0	9252.0	31563.0	17.0	20.0	11.0	9.0	4.0	6.0	5.0	8.0	11.0	13.0	4.0	17.0	0.0	0.0	0.0	0.0	2.0	0.0	3.0	6.0	0.0
	3p	+	93	9446.0	6298.0	6123.0	9042.0	30909.0	16.0	17.0	11.0	15.0	4.0	8.0	2.0	11.0	8.0	15.0	4.0	8.0	0.0	0.0	0.0	0.0	9.0	0.0	3.0	5.0	0.0
	3p	+	94	9201.0	6178.0	6059.0	8815.0	30253.0	14.0	20.0	18.0	7.0	13.0	13.0	6.0	9.0	7.0	15.0	3.0	10.0	0.0	0.0	0.0	0.0	8.0	0.0	6.0	4.0	0.0
	3p	+	95	9006.0	6102.0	5932.0	8602.0	29642.0	11.0	18.0	17.0	9.0	9.0	11.0	4.0	9.0	5.0	16.0	3.0	20.0	0.0	0.0	0.0	0.0	8.0	0.0	3.0	9.0	0.0
	3p	+	96	8864.0	5919.0	5902.0	8377.0	29062.0	12.0	16.0	11.0	11.0	8.0	6.0	3.0	7.0	8.0	7.0	1.0	12.0	0.0	0.0	0.0	0.0	9.0	0.0	1.0	4.0	0.0
	3p	+	97	8693.0	5657.0	5691.0	8419.0	28460.0	21.0	19.0	21.0	11.0	8.0	7.0	6.0	8.0	5.0	14.0	2.0	11.0	0.0	0.0	0.0	0.0	2.0	0.0	2.0	4.0	0.0
	3p	+	98	8422.0	5613.0	5587.0	8195.0	27817.0	8.0	12.0	18.0	5.0	3.0	10.0	2.0	4.0	5.0	16.0	6.0	8.0	0.0	0.0	0.0	0.0	12.0	0.0	2.0	4.0	0.0
	3p	+	99	8337.0	5459.0	5485.0	7983.0	27264.0	18.0	18.0	24.0	9.0	4.0	8.0	4.0	9.0	6.0	8.0	2.0	6.0	0.0	0.0	0.0	0.0	1.0	0.0	5.0	2.0	0.0
	3p	+	100	8213.0	5440.0	5255.0	7739.0	26647.0	7.0	16.0	12.0	10.0	7.0	4.0	4.0	7.0	8.0	8.0	3.0	13.0	0.0	0.0	0.0	0.0	10.0	0.0	2.0	9.0	0.0
	3p	-	1	50982.0	18405.0	21095.0	25122.0	115604.0	270.0	1445.0	182.0	107.0	110.0	169.0	48.0	175.0	93.0	244.0	62.0	91.00.0	0.0	0.0	0.0	0.0	0.0	0.0	0.0	0.0
	3p	-	2	41186.0	26397.0	21660.0	26501.0	115744.0	178.0	671.0	141.0	108.0	100.0	121.0	40.0	92.0	49.0	147.0	41.0	75.00.0	0.0	0.0	0.0	5.0	0.0	0.0	0.0	0.0
	3p	-	3	40224.0	22832.0	23939.0	28916.0	115911.0	94.0	111.0	110.0	67.0	57.0	94.0	33.0	78.0	32.0	89.0	33.0	62.00.0	0.0	0.0	0.0	5.0	0.0	3.0	3.0	0.0
	3p	-	4	40333.0	21470.0	23396.0	30835.0	116034.0	86.0	89.0	91.0	57.0	44.0	61.0	17.0	41.0	31.0	49.0	28.0	62.00.0	0.0	0.0	0.0	40.0	0.0	10.0	13.0	0.0
	3p	-	5	39977.0	19931.0	24236.0	32008.0	116152.0	74.0	69.0	56.0	51.0	37.0	44.0	12.0	32.0	20.0	43.0	16.0	56.00.0	0.0	0.0	0.0	48.0	0.0	16.0	23.0	0.0
	3p	-	6	40827.0	19940.0	24240.0	31191.0	116198.0	58.0	84.0	54.0	37.0	20.0	25.0	19.0	24.0	17.0	25.0	13.0	29.00.0	0.0	0.0	0.0	58.0	0.0	27.0	37.0	0.0
	3p	-	7	39272.0	21517.0	22844.0	32570.0	116203.0	47.0	82.0	49.0	35.0	33.0	23.0	8.0	31.0	26.0	41.0	15.0	35.00.0	0.0	0.0	0.0	89.0	0.0	24.0	29.0	0.0
	3p	-	8	38912.0	21490.0	22772.0	33018.0	116192.0	35.0	70.0	45.0	37.0	26.0	27.0	10.0	28.0	21.0	35.0	18.0	40.00.0	0.0	0.0	0.0	82.0	0.0	45.0	48.0	0.0
	3p	-	9	37960.0	21780.0	22948.0	33497.0	116185.0	47.0	66.0	49.0	35.0	10.0	30.0	13.0	20.0	13.0	23.0	13.0	46.00.0	0.0	0.0	0.0	102.0	0.0	36.0	40.0	0.0
	3p	-	10	37132.0	22197.0	22836.0	34049.0	116214.0	38.0	71.0	54.0	41.0	17.0	27.0	8.0	15.0	14.0	24.0	9.0	37.00.0	0.0	0.0	0.0	88.0	0.0	40.0	39.0	0.0
	3p	-	11	36616.0	22473.0	22788.0	34340.0	116217.0	26.0	70.0	55.0	41.0	15.0	25.0	16.0	16.0	19.0	30.0	7.0	31.00.0	0.0	0.0	0.0	98.0	0.0	39.0	45.0	0.0
	3p	-	12	36697.0	22605.0	22898.0	33980.0	116180.0	47.0	75.0	35.0	39.0	22.0	19.0	13.0	23.0	13.0	21.0	16.0	36.00.0	0.0	0.0	0.0	116.0	0.0	50.0	48.0	0.0
	3p	-	13	36703.0	22433.0	22620.0	34422.0	116178.0	40.0	70.0	59.0	37.0	23.0	16.0	9.0	8.0	16.0	24.0	13.0	42.00.0	0.0	0.0	0.0	102.0	0.0	50.0	56.0	0.0
	3p	-	14	36934.0	22879.0	22455.0	33934.0	116202.0	43.0	60.0	55.0	47.0	15.0	23.0	15.0	23.0	14.0	29.0	6.0	27.00.0	0.0	0.0	0.0	107.0	0.0	49.0	52.0	0.0
	3p	-	15	36589.0	22593.0	23054.0	34000.0	116236.0	59.0	46.0	51.0	38.0	27.0	14.0	11.0	18.0	23.0	27.0	4.0	44.00.0	0.0	0.0	0.0	83.0	0.0	51.0	53.0	0.0
	3p	-	16	36031.0	22658.0	22939.0	34593.0	116221.0	36.0	65.0	46.0	43.0	12.0	20.0	15.0	11.0	18.0	29.0	11.0	41.00.0	0.0	0.0	0.0	89.0	0.0	39.0	45.0	0.0
	3p	-	17	36150.0	22595.0	23025.0	34463.0	116233.0	43.0	60.0	49.0	33.0	24.0	20.0	12.0	18.0	17.0	32.0	13.0	33.00.0	0.0	0.0	0.0	87.0	0.0	51.0	37.0	0.0
	3p	-	18	36213.0	22877.0	23025.0	34099.0	116214.0	44.0	66.0	53.0	37.0	13.0	23.0	12.0	19.0	17.0	21.0	12.0	27.00.0	0.0	0.0	0.0	107.0	0.0	44.0	43.0	0.0
	3p	-	19	36471.0	22490.0	22746.0	34475.0	116182.0	42.0	63.0	39.0	28.0	19.0	18.0	13.0	11.0	20.0	24.0	6.0	33.00.0	0.0	0.0	0.0	111.0	0.0	59.0	52.0	0.0
	3p	-	20	36172.0	23315.0	22554.0	34146.0	116187.0	32.0	62.0	40.0	46.0	19.0	24.0	11.0	25.0	13.0	25.0	16.0	36.00.0	0.0	0.0	0.0	114.0	0.0	48.0	66.0	0.0
	3p	-	21	36094.0	23007.0	22733.0	34371.0	116205.0	41.0	77.0	45.0	49.0	12.0	20.0	12.0	14.0	20.0	28.0	10.0	32.00.0	0.0	0.0	0.0	109.0	0.0	37.0	53.0	0.0
	3p	-	22	36142.0	22818.0	22666.0	34580.0	116206.0	44.0	55.0	38.0	32.0	19.0	19.0	12.0	19.0	20.0	24.0	5.0	30.00.0	0.0	0.0	0.0	88.0	0.0	44.0	55.0	0.0
	3p	-	23	36100.0	22985.0	22776.0	34333.0	116194.0	36.0	69.0	45.0	37.0	20.0	15.0	8.0	18.0	16.0	20.0	11.0	27.00.0	0.0	0.0	0.0	110.0	0.0	45.0	55.0	0.0
	3p	-	24	35811.0	22916.0	23189.0	34257.0	116173.0	39.0	74.0	39.0	43.0	12.0	21.0	8.0	17.0	9.0	21.0	11.0	26.00.0	0.0	0.0	0.0	113.0	0.0	40.0	64.0	0.0
	3p	-	25	36000.0	22947.0	23013.0	34207.0	116167.0	51.0	59.0	50.0	30.0	11.0	21.0	11.0	23.0	18.0	25.0	8.0	21.00.0	0.0	0.0	0.0	110.0	0.0	57.0	55.0	0.0
	3p	-	26	36257.0	22744.0	22990.0	34215.0	116206.0	42.0	65.0	36.0	47.0	18.0	23.0	11.0	17.0	16.0	22.0	16.0	35.00.0	0.0	0.0	0.0	105.0	0.0	48.0	52.0	0.0
	3p	-	27	35979.0	22958.0	22929.0	34291.0	116157.0	47.0	58.0	35.0	44.0	15.0	20.0	7.0	14.0	22.0	21.0	15.0	27.00.0	0.0	0.0	0.0	115.0	0.0	42.0	52.0	0.0
	3p	-	28	35774.0	23018.0	23118.0	34292.0	116202.0	46.0	68.0	44.0	34.0	20.0	19.0	9.0	28.0	19.0	20.0	11.0	40.00.0	0.0	0.0	0.0	100.0	0.0	54.0	45.0	0.0
	3p	-	29	36246.0	22931.0	22979.0	34085.0	116241.0	47.0	59.0	67.0	40.0	27.0	22.0	10.0	12.0	22.0	29.0	12.0	41.00.0	0.0	0.0	0.0	80.0	0.0	41.0	52.0	0.0
	3p	-	30	36003.0	22785.0	23368.0	34054.0	116210.0	58.0	81.0	48.0	43.0	22.0	42.0	17.0	18.0	23.0	43.0	13.0	48.00.0	0.0	0.0	0.0	94.0	0.0	40.0	41.0	0.0
	3p	-	31	35512.0	22518.0	22845.0	33798.0	114673.0	41.0	87.0	57.0	36.0	20.0	25.0	11.0	25.0	23.0	29.0	7.0	47.00.0	0.0	0.0	0.0	98.0	0.0	46.0	39.0	0.0
	3p	-	32	34972.0	22405.0	22290.0	33459.0	113126.0	49.0	86.0	50.0	50.0	27.0	35.0	18.0	39.0	23.0	43.0	15.0	45.00.0	0.0	0.0	0.0	89.0	0.0	40.0	31.0	0.0
	3p	-	33	34644.0	22205.0	22225.0	32476.0	111550.0	55.0	99.0	55.0	49.0	23.0	30.0	13.0	23.0	21.0	46.0	11.0	32.00.0	0.0	0.0	0.0	87.0	0.0	36.0	29.0	0.0
	3p	-	34	34054.0	21793.0	22065.0	32072.0	109984.0	40.0	86.0	52.0	29.0	32.0	28.0	12.0	23.0	19.0	41.0	13.0	45.00.0	0.0	0.0	0.0	76.0	0.0	37.0	41.0	0.0
	3p	-	35	33652.0	21413.0	21772.0	31488.0	108325.0	46.0	80.0	69.0	40.0	27.0	29.0	14.0	19.0	9.0	34.0	10.0	52.00.0	0.0	0.0	0.0	79.0	0.0	39.0	40.0	0.0
	3p	-	36	33269.0	21082.0	21269.0	31157.0	106777.0	48.0	80.0	63.0	26.0	15.0	33.0	10.0	23.0	15.0	29.0	9.0	45.00.0	0.0	0.0	0.0	74.0	0.0	31.0	43.0	0.0
	3p	-	37	32703.0	20784.0	21013.0	30578.0	105078.0	59.0	77.0	57.0	34.0	18.0	21.0	13.0	25.0	20.0	22.0	8.0	36.00.0	0.0	0.0	0.0	77.0	0.0	35.0	43.0	0.0
	3p	-	38	32096.0	20612.0	20557.0	30151.0	103416.0	36.0	67.0	48.0	43.0	13.0	37.0	9.0	28.0	17.0	37.0	13.0	40.00.0	0.0	0.0	0.0	77.0	0.0	29.0	36.0	0.0
	3p	-	39	31634.0	20185.0	20103.0	29814.0	101736.0	41.0	88.0	56.0	40.0	20.0	32.0	19.0	13.0	14.0	49.0	18.0	28.00.0	0.0	0.0	0.0	75.0	0.0	33.0	42.0	0.0
	3p	-	40	31249.0	19716.0	19735.0	29278.0	99978.0	46.0	78.0	55.0	56.0	22.0	22.0	15.0	25.0	10.0	38.0	10.0	39.00.0	0.0	0.0	0.0	64.0	0.0	35.0	37.0	0.0
	3p	-	41	30458.0	19505.0	19664.0	28592.0	98219.0	43.0	85.0	53.0	35.0	19.0	35.0	17.0	20.0	19.0	44.0	9.0	42.00.0	0.0	0.0	0.0	74.0	0.0	31.0	37.0	0.0
	3p	-	42	30064.0	18981.0	19340.0	28065.0	96450.0	40.0	67.0	58.0	37.0	17.0	33.0	10.0	37.0	21.0	38.0	16.0	39.00.0	0.0	0.0	0.0	60.0	0.0	30.0	32.0	0.0
	3p	-	43	29683.0	18399.0	18610.0	27876.0	94568.0	49.0	70.0	69.0	31.0	23.0	30.0	13.0	29.0	18.0	39.0	8.0	27.00.0	0.0	0.0	0.0	54.0	0.0	36.0	35.0	0.0
	3p	-	44	28987.0	18589.0	18378.0	26851.0	92805.0	49.0	63.0	75.0	39.0	19.0	34.0	14.0	27.0	22.0	34.0	12.0	29.00.0	0.0	0.0	0.0	52.0	0.0	40.0	32.0	0.0
	3p	-	45	28179.0	18152.0	18327.0	26333.0	90991.0	50.0	64.0	53.0	39.0	14.0	33.0	14.0	22.0	19.0	26.0	13.0	30.00.0	0.0	0.0	0.0	59.0	0.0	24.0	29.0	0.0
	3p	-	46	27559.0	17752.0	17805.0	26083.0	89199.0	42.0	87.0	70.0	39.0	23.0	32.0	16.0	21.0	12.0	37.0	14.0	41.00.0	0.0	0.0	0.0	50.0	0.0	30.0	21.0	0.0
	3p	-	47	27126.0	17367.0	17332.0	25606.0	87431.0	47.0	71.0	62.0	37.0	21.0	37.0	9.0	33.0	23.0	38.0	11.0	45.00.0	0.0	0.0	0.0	45.0	0.0	32.0	22.0	0.0
	3p	-	48	26608.0	16990.0	17107.0	24935.0	85640.0	41.0	73.0	56.0	29.0	22.0	31.0	11.0	26.0	15.0	36.0	13.0	24.00.0	0.0	0.0	0.0	38.0	0.0	24.0	29.0	0.0
	3p	-	49	26065.0	16462.0	16693.0	24619.0	83839.0	35.0	64.0	54.0	35.0	17.0	24.0	14.0	21.0	14.0	34.0	15.0	29.00.0	0.0	0.0	0.0	38.0	0.0	17.0	21.0	0.0
	3p	-	50	25585.0	16190.0	16325.0	24049.0	82149.0	41.0	75.0	51.0	28.0	19.0	35.0	6.0	19.0	15.0	28.0	9.0	30.00.0	0.0	0.0	0.0	45.0	0.0	17.0	19.0	0.0
	3p	-	51	24874.0	16014.0	16009.0	23394.0	80291.0	37.0	56.0	40.0	36.0	19.0	30.0	11.0	16.0	15.0	32.0	13.0	21.00.0	0.0	0.0	0.0	36.0	0.0	30.0	19.0	0.0
	3p	-	52	24391.0	15433.0	15697.0	22993.0	78514.0	54.0	61.0	47.0	29.0	9.0	36.0	10.0	27.0	14.0	42.0	11.0	43.00.0	0.0	0.0	0.0	41.0	0.0	24.0	30.0	0.0
	3p	-	53	24134.0	15074.0	15413.0	22177.0	76798.0	44.0	59.0	41.0	25.0	13.0	34.0	14.0	23.0	16.0	27.0	11.0	33.00.0	0.0	0.0	0.0	46.0	0.0	13.0	21.0	0.0
	3p	-	54	23294.0	15033.0	15005.0	21769.0	75101.0	37.0	55.0	32.0	28.0	23.0	28.0	11.0	24.0	7.0	24.0	14.0	33.00.0	0.0	0.0	0.0	33.0	0.0	18.0	23.0	0.0
	3p	-	55	22888.0	14722.0	14753.0	21185.0	73548.0	32.0	51.0	42.0	32.0	16.0	30.0	19.0	15.0	14.0	35.0	13.0	28.00.0	0.0	0.0	0.0	29.0	0.0	18.0	21.0	0.0
	3p	-	56	22349.0	14265.0	14305.0	21017.0	71936.0	36.0	60.0	46.0	28.0	17.0	38.0	15.0	18.0	16.0	25.0	9.0	30.00.0	0.0	0.0	0.0	29.0	0.0	11.0	27.0	0.0
	3p	-	57	21868.0	14017.0	14091.0	20312.0	70288.0	32.0	72.0	48.0	27.0	21.0	27.0	8.0	19.0	11.0	27.0	5.0	35.00.0	0.0	0.0	0.0	34.0	0.0	14.0	18.0	0.0
	3p	-	58	21368.0	13726.0	13577.0	20129.0	68800.0	37.0	63.0	44.0	24.0	14.0	31.0	18.0	10.0	13.0	37.0	7.0	37.00.0	0.0	0.0	0.0	27.0	0.0	9.0	12.0	0.0
	3p	-	59	21014.0	13365.0	13362.0	19514.0	67255.0	36.0	59.0	34.0	23.0	13.0	37.0	12.0	11.0	26.0	28.0	4.0	22.00.0	0.0	0.0	0.0	31.0	0.0	13.0	12.0	0.0
	3p	-	60	20254.0	13183.0	12946.0	19327.0	65710.0	37.0	54.0	31.0	16.0	13.0	32.0	10.0	12.0	16.0	30.0	13.0	22.00.0	0.0	0.0	0.0	29.0	0.0	10.0	9.0	0.0
	3p	-	61	19933.0	12839.0	12602.0	18831.0	64205.0	32.0	43.0	43.0	25.0	16.0	28.0	10.0	20.0	12.0	29.0	8.0	20.00.0	0.0	0.0	0.0	31.0	0.0	15.0	10.0	0.0
	3p	-	62	19452.0	12661.0	12409.0	18221.0	62743.0	31.0	61.0	36.0	29.0	20.0	24.0	8.0	9.0	9.0	26.0	3.0	27.00.0	0.0	0.0	0.0	28.0	0.0	10.0	12.0	0.0
	3p	-	63	19031.0	12284.0	12202.0	17810.0	61327.0	29.0	55.0	42.0	22.0	15.0	43.0	10.0	23.0	15.0	29.0	11.0	26.00.0	0.0	0.0	0.0	14.0	0.0	12.0	16.0	0.0
	3p	-	64	18443.0	12109.0	11809.0	17506.0	59867.0	29.0	47.0	41.0	28.0	20.0	22.0	8.0	19.0	10.0	31.0	8.0	21.00.0	0.0	0.0	0.0	23.0	0.0	15.0	10.0	0.0
	3p	-	65	17895.0	11836.0	11627.0	17179.0	58537.0	22.0	40.0	38.0	22.0	14.0	18.0	8.0	13.0	9.0	22.0	8.0	20.00.0	0.0	0.0	0.0	18.0	0.0	10.0	18.0	0.0
	3p	-	66	17815.0	11424.0	11400.0	16562.0	57201.0	33.0	47.0	36.0	24.0	22.0	28.0	11.0	17.0	10.0	25.0	7.0	27.00.0	0.0	0.0	0.0	16.0	0.0	11.0	15.0	0.0
	3p	-	67	17209.0	11467.0	11099.0	16171.0	55946.0	29.0	41.0	34.0	26.0	16.0	22.0	5.0	18.0	11.0	17.0	6.0	18.00.0	0.0	0.0	0.0	16.0	0.0	16.0	14.0	0.0
	3p	-	68	16942.0	10968.0	10909.0	15876.0	54695.0	27.0	45.0	19.0	25.0	22.0	30.0	5.0	20.0	11.0	28.0	11.0	32.00.0	0.0	0.0	0.0	16.0	0.0	14.0	8.0	0.0
	3p	-	69	16320.0	10665.0	10798.0	15677.0	53460.0	29.0	33.0	26.0	30.0	14.0	22.0	6.0	8.0	9.0	12.0	13.0	30.00.0	0.0	0.0	0.0	24.0	0.0	8.0	7.0	0.0
	3p	-	70	16256.0	10493.0	10340.0	15165.0	52254.0	28.0	26.0	40.0	22.0	7.0	19.0	10.0	15.0	8.0	20.0	8.0	26.00.0	0.0	0.0	0.0	10.0	0.0	9.0	16.0	0.0
	3p	-	71	15710.0	10256.0	10320.0	14767.0	51053.0	24.0	45.0	36.0	23.0	13.0	17.0	6.0	11.0	13.0	16.0	5.0	30.00.0	0.0	0.0	0.0	17.0	0.0	7.0	7.0	0.0
	3p	-	72	15470.0	9934.0	9979.0	14519.0	49902.0	25.0	39.0	29.0	18.0	17.0	12.0	12.0	17.0	11.0	24.0	6.0	26.00.0	0.0	0.0	0.0	16.0	0.0	10.0	8.0	0.0
	3p	-	73	15138.0	9801.0	9612.0	14203.0	48754.0	29.0	29.0	37.0	16.0	20.0	33.0	8.0	12.0	11.0	24.0	7.0	19.00.0	0.0	0.0	0.0	17.0	0.0	5.0	7.0	0.0
	3p	-	74	14628.0	9585.0	9419.0	13982.0	47614.0	28.0	40.0	32.0	19.0	22.0	8.0	12.0	11.0	11.0	33.0	6.0	29.00.0	0.0	0.0	0.0	18.0	0.0	13.0	8.0	0.0
	3p	-	75	14265.0	9468.0	9414.0	13409.0	46556.0	22.0	23.0	24.0	15.0	14.0	20.0	6.0	19.0	11.0	15.0	5.0	20.00.0	0.0	0.0	0.0	8.0	0.0	8.0	8.0	0.0
	3p	-	76	13954.0	9094.0	9178.0	13270.0	45496.0	31.0	39.0	26.0	16.0	13.0	24.0	6.0	16.0	11.0	23.0	3.0	29.00.0	0.0	0.0	0.0	14.0	0.0	3.0	4.0	0.0
	3p	-	77	13714.0	8942.0	8837.0	12966.0	44459.0	25.0	28.0	26.0	18.0	8.0	20.0	9.0	11.0	9.0	20.0	6.0	17.00.0	0.0	0.0	0.0	11.0	0.0	6.0	5.0	0.0
	3p	-	78	13330.0	8740.0	8635.0	12727.0	43432.0	27.0	32.0	26.0	12.0	11.0	22.0	7.0	14.0	7.0	19.0	5.0	21.00.0	0.0	0.0	0.0	11.0	0.0	6.0	6.0	0.0
	3p	-	79	12891.0	8759.0	8537.0	12297.0	42484.0	20.0	31.0	19.0	18.0	10.0	27.0	7.0	7.0	8.0	10.0	5.0	25.00.0	0.0	0.0	0.0	5.0	0.0	5.0	7.0	0.0
	3p	-	80	12664.0	8449.0	8067.0	12351.0	41531.0	14.0	26.0	24.0	24.0	11.0	20.0	8.0	13.0	12.0	14.0	9.0	10.00.0	0.0	0.0	0.0	6.0	0.0	2.0	9.0	0.0
	3p	-	81	12338.0	8253.0	8130.0	11847.0	40568.0	23.0	29.0	26.0	14.0	10.0	16.0	4.0	18.0	12.0	20.0	7.0	13.00.0	0.0	0.0	0.0	12.0	0.0	6.0	4.0	0.0
	3p	-	82	12194.0	8041.0	7681.0	11653.0	39569.0	12.0	23.0	16.0	7.0	10.0	14.0	3.0	10.0	10.0	19.0	5.0	15.00.0	0.0	0.0	0.0	5.0	0.0	4.0	3.0	0.0
	3p	-	83	11825.0	7823.0	7734.0	11270.0	38652.0	16.0	31.0	16.0	8.0	14.0	17.0	7.0	13.0	7.0	22.0	7.0	16.00.0	0.0	0.0	0.0	10.0	0.0	5.0	5.0	0.0
	3p	-	84	11811.0	7594.0	7467.0	10874.0	37746.0	16.0	26.0	16.0	14.0	12.0	19.0	8.0	8.0	6.0	23.0	4.0	19.00.0	0.0	0.0	0.0	9.0	0.0	6.0	6.0	0.0
	3p	-	85	11352.0	7470.0	7290.0	10760.0	36872.0	19.0	30.0	21.0	15.0	14.0	15.0	5.0	17.0	9.0	21.0	2.0	25.00.0	0.0	0.0	0.0	12.0	0.0	2.0	6.0	0.0
	3p	-	86	11026.0	7315.0	7193.0	10510.0	36044.0	15.0	28.0	25.0	6.0	11.0	17.0	5.0	11.0	13.0	14.0	5.0	15.00.0	0.0	0.0	0.0	11.0	0.0	5.0	6.0	0.0
	3p	-	87	10910.0	7039.0	6952.0	10296.0	35197.0	11.0	24.0	21.0	11.0	10.0	23.0	6.0	14.0	4.0	17.0	5.0	13.00.0	0.0	0.0	0.0	10.0	0.0	2.0	1.0	0.0
	3p	-	88	10377.0	7142.0	6768.0	10125.0	34412.0	21.0	22.0	19.0	15.0	12.0	19.0	5.0	13.0	8.0	11.0	1.0	17.00.0	0.0	0.0	0.0	6.0	0.0	2.0	6.0	0.0
	3p	-	89	10363.0	6919.0	6673.0	9665.0	33620.0	20.0	22.0	23.0	8.0	10.0	10.0	8.0	13.0	6.0	16.0	6.0	16.00.0	0.0	0.0	0.0	5.0	0.0	5.0	1.0	0.0
	3p	-	90	9975.0	6575.0	6625.0	9647.0	32822.0	17.0	16.0	19.0	7.0	7.0	8.0	7.0	12.0	5.0	8.0	8.0	16.00.0	0.0	0.0	0.0	2.0	0.0	6.0	6.0	0.0
	3p	-	91	9919.0	6395.0	6385.0	9391.0	32090.0	16.0	18.0	21.0	14.0	12.0	22.0	1.0	4.0	5.0	20.0	2.0	9.00.0	0.0	0.0	0.0	8.0	0.0	3.0	5.0	0.0
	3p	-	92	9579.0	6396.0	6254.0	9178.0	31407.0	19.0	18.0	19.0	4.0	5.0	11.0	0.0	14.0	5.0	10.0	5.0	19.00.0	0.0	0.0	0.0	3.0	0.0	5.0	3.0	0.0
	3p	-	93	9446.0	6185.0	6203.0	8942.0	30776.0	12.0	24.0	17.0	11.0	17.0	6.0	4.0	9.0	8.0	17.0	3.0	16.00.0	0.0	0.0	0.0	7.0	0.0	2.0	4.0	0.0
	3p	-	94	9127.0	6105.0	5954.0	8920.0	30106.0	10.0	22.0	15.0	8.0	13.0	8.0	6.0	10.0	4.0	13.0	2.0	9.00.0	0.0	0.0	0.0	3.0	0.0	6.0	4.0	0.0
	3p	-	95	9075.0	6007.0	5901.0	8506.0	29489.0	11.0	19.0	13.0	4.0	7.0	16.0	3.0	8.0	4.0	11.0	3.0	11.00.0	0.0	0.0	0.0	4.0	0.0	1.0	1.0	0.0
	3p	-	96	8828.0	5700.0	5930.0	8414.0	28872.0	10.0	11.0	9.0	15.0	9.0	10.0	5.0	2.0	9.0	10.0	7.0	13.00.0	0.0	0.0	0.0	5.0	0.0	3.0	3.0	0.0
	3p	-	97	8707.0	5586.0	5767.0	8222.0	28282.0	14.0	16.0	10.0	6.0	10.0	6.0	3.0	7.0	3.0	11.0	4.0	9.00.0	0.0	0.0	0.0	3.0	0.0	1.0	3.0	0.0
	3p	-	98	8322.0	5573.0	5541.0	8284.0	27720.0	12.0	10.0	14.0	5.0	3.0	9.0	4.0	11.0	6.0	10.0	1.0	19.00.0	0.0	0.0	0.0	5.0	0.0	2.0	4.0	0.0
	3p	-	99	8165.0	5491.0	5458.0	8018.0	27132.0	12.0	15.0	12.0	6.0	8.0	14.0	3.0	6.0	6.0	11.0	4.0	11.00.0	0.0	0.0	0.0	6.0	0.0	1.0	2.0	0.0
	3p	-	100	8269.0	5389.0	5150.0	7768.0	26576.0	6.0	8.0	5.0	6.0	10.0	10.0	3.0	10.0	8.0	10.0	3.0	7.00.0	0.0	0.0	0.0	8.0	0.0	2.0	6.0	0.0
	5p	+	1	40532.0	23747.0	21657.0	29383.0	115319.0	447.0	840.0	725.0	173.0	255.0	710.0	173.0	400.0	171.0	709.0	94.0	383.00.0	0.0	0.0	0.0	0.0	0.0	0.0	0.0	0.0
	5p	+	2	37470.0	22471.0	23555.0	31965.0	115461.0	237.0	332.0	293.0	143.0	156.0	326.0	85.0	186.0	126.0	363.0	49.0	239.00.0	0.0	0.0	0.0	5.0	0.0	1.0	3.0	0.0
	5p	+	3	36273.0	24733.0	23132.0	31450.0	115588.0	124.0	184.0	154.0	94.0	81.0	142.0	51.0	98.0	61.0	167.0	41.0	108.00.0	0.0	0.0	0.0	9.0	0.0	9.0	5.0	0.0
	5p	+	4	36406.0	25182.0	24077.0	30053.0	115718.0	85.0	118.0	84.0	54.0	47.0	63.0	45.0	59.0	45.0	80.0	28.0	57.00.0	0.0	0.0	0.0	18.0	0.0	15.0	16.0	0.0
	5p	+	5	35444.0	24251.0	24357.0	31774.0	115826.0	51.0	108.0	74.0	55.0	36.0	39.0	24.0	31.0	36.0	46.0	18.0	41.00.0	0.0	0.0	0.0	58.0	0.0	25.0	23.0	0.0
	5p	+	6	34429.0	23997.0	24719.0	32718.0	115863.0	52.0	83.0	69.0	48.0	35.0	32.0	11.0	22.0	19.0	35.0	20.0	36.00.0	0.0	0.0	0.0	66.0	0.0	32.0	43.0	0.0
	5p	+	7	35653.0	23835.0	23686.0	32761.0	115935.0	37.0	89.0	41.0	40.0	18.0	16.0	7.0	15.0	17.0	18.0	16.0	34.00.0	0.0	0.0	0.0	67.0	0.0	27.0	35.0	0.0
	5p	+	8	37080.0	22690.0	23386.0	32804.0	115960.0	45.0	58.0	60.0	41.0	13.0	19.0	6.0	12.0	13.0	24.0	7.0	26.00.0	0.0	0.0	0.0	67.0	0.0	40.0	33.0	0.0
	5p	+	9	36756.0	22601.0	23302.0	33327.0	115986.0	44.0	71.0	46.0	26.0	20.0	15.0	10.0	21.0	23.0	20.0	14.0	34.00.0	0.0	0.0	0.0	71.0	0.0	33.0	30.0	0.0
	5p	+	10	36541.0	22725.0	23343.0	33382.0	115991.0	44.0	56.0	46.0	20.0	24.0	20.0	9.0	17.0	18.0	20.0	10.0	23.00.0	0.0	0.0	0.0	69.0	0.0	32.0	34.0	0.0
	5p	+	11	36184.0	22933.0	23337.0	33531.0	115985.0	46.0	67.0	40.0	39.0	21.0	17.0	10.0	12.0	14.0	13.0	15.0	29.00.0	0.0	0.0	0.0	66.0	0.0	40.0	46.0	0.0
	5p	+	12	36644.0	23240.0	22871.0	33226.0	115981.0	43.0	59.0	46.0	31.0	19.0	17.0	5.0	25.0	17.0	10.0	9.0	28.00.0	0.0	0.0	0.0	71.0	0.0	35.0	34.0	0.0
	5p	+	13	36392.0	22951.0	23036.0	33612.0	115991.0	50.0	63.0	54.0	37.0	14.0	22.0	10.0	23.0	15.0	17.0	8.0	44.00.0	0.0	0.0	0.0	62.0	0.0	34.0	27.0	0.0
	5p	+	14	36326.0	23162.0	22763.0	33731.0	115982.0	36.0	69.0	42.0	44.0	11.0	17.0	11.0	10.0	18.0	27.0	9.0	29.00.0	0.0	0.0	0.0	68.0	0.0	35.0	37.0	0.0
	5p	+	15	35998.0	23162.0	22859.0	33952.0	115971.0	41.0	51.0	37.0	43.0	17.0	21.0	4.0	13.0	18.0	18.0	11.0	32.00.0	0.0	0.0	0.0	75.0	0.0	32.0	40.0	0.0
	5p	+	16	36081.0	23047.0	22831.0	33995.0	115954.0	35.0	53.0	50.0	39.0	15.0	21.0	12.0	12.0	17.0	21.0	13.0	28.00.0	0.0	0.0	0.0	88.0	0.0	44.0	36.0	0.0
	5p	+	17	35840.0	23048.0	23012.0	34035.0	115935.0	38.0	61.0	46.0	39.0	17.0	16.0	5.0	13.0	14.0	18.0	11.0	25.00.0	0.0	0.0	0.0	74.0	0.0	42.0	41.0	0.0
	5p	+	18	35825.0	22922.0	22939.0	34255.0	115941.0	34.0	54.0	29.0	26.0	19.0	19.0	10.0	9.0	22.0	27.0	9.0	37.00.0	0.0	0.0	0.0	74.0	0.0	41.0	51.0	0.0
	5p	+	19	35661.0	23121.0	22852.0	34321.0	115955.0	41.0	61.0	61.0	42.0	14.0	15.0	10.0	18.0	16.0	21.0	8.0	31.00.0	0.0	0.0	0.0	69.0	0.0	36.0	47.0	0.0
	5p	+	20	35719.0	23052.0	22844.0	34362.0	115977.0	39.0	53.0	47.0	40.0	22.0	21.0	3.0	17.0	16.0	16.0	11.0	36.00.0	0.0	0.0	0.0	69.0	0.0	37.0	42.0	0.0
	5p	+	21	35470.0	23060.0	23149.0	34285.0	115964.0	29.0	47.0	54.0	48.0	19.0	20.0	10.0	22.0	20.0	19.0	13.0	32.00.0	0.0	0.0	0.0	70.0	0.0	35.0	37.0	0.0
	5p	+	22	35850.0	23011.0	22928.0	34164.0	115953.0	31.0	56.0	48.0	37.0	23.0	19.0	15.0	12.0	13.0	17.0	14.0	33.00.0	0.0	0.0	0.0	73.0	0.0	42.0	43.0	0.0
	5p	+	23	36119.0	23094.0	22857.0	33882.0	115952.0	45.0	65.0	40.0	23.0	21.0	23.0	11.0	19.0	16.0	20.0	17.0	28.00.0	0.0	0.0	0.0	85.0	0.0	52.0	45.0	0.0
	5p	+	24	35943.0	22979.0	23105.0	33920.0	115947.0	44.0	60.0	37.0	21.0	14.0	24.0	13.0	12.0	19.0	27.0	21.0	30.00.0	0.0	0.0	0.0	87.0	0.0	42.0	45.0	0.0
	5p	+	25	36018.0	22552.0	23306.0	34059.0	115935.0	48.0	65.0	44.0	50.0	21.0	15.0	15.0	18.0	16.0	22.0	11.0	35.00.0	0.0	0.0	0.0	87.0	0.0	45.0	47.0	0.0
	5p	+	26	35999.0	22785.0	23114.0	34059.0	115957.0	38.0	43.0	39.0	33.0	20.0	18.0	15.0	24.0	14.0	19.0	8.0	40.00.0	0.0	0.0	0.0	88.0	0.0	29.0	38.0	0.0
	5p	+	27	36265.0	22591.0	23123.0	33980.0	115959.0	45.0	65.0	52.0	30.0	21.0	16.0	6.0	24.0	13.0	19.0	5.0	38.00.0	0.0	0.0	0.0	66.0	0.0	42.0	36.0	0.0
	5p	+	28	36420.0	22699.0	22963.0	33892.0	115974.0	36.0	53.0	48.0	54.0	14.0	31.0	12.0	17.0	30.0	27.0	13.0	27.00.0	0.0	0.0	0.0	65.0	0.0	38.0	40.0	0.0
	5p	+	29	36145.0	22766.0	23088.0	33948.0	115947.0	42.0	69.0	51.0	36.0	22.0	19.0	9.0	13.0	12.0	24.0	7.0	38.00.0	0.0	0.0	0.0	72.0	0.0	50.0	47.0	0.0
	5p	+	30	36378.0	22866.0	22905.0	33798.0	115947.0	39.0	116.0	45.0	31.0	11.0	25.0	8.0	12.0	15.0	33.0	12.0	37.00.0	0.0	0.0	0.0	75.0	0.0	34.0	37.0	0.0
	5p	+	31	35957.0	22501.0	22668.0	33292.0	114418.0	48.0	103.0	66.0	40.0	15.0	20.0	14.0	13.0	19.0	28.0	8.0	30.00.0	0.0	0.0	0.0	74.0	0.0	38.0	39.0	0.0
	5p	+	32	35597.0	22185.0	22432.0	32686.0	112900.0	35.0	96.0	49.0	36.0	19.0	23.0	16.0	17.0	27.0	32.0	12.0	18.00.0	0.0	0.0	0.0	71.0	0.0	32.0	37.0	0.0
	5p	+	33	34854.0	21740.0	22142.0	32654.0	111390.0	45.0	95.0	52.0	35.0	29.0	24.0	9.0	12.0	22.0	32.0	14.0	41.00.0	0.0	0.0	0.0	82.0	0.0	33.0	41.0	0.0
	5p	+	34	34646.0	21289.0	21776.0	32024.0	109735.0	45.0	89.0	38.0	40.0	15.0	26.0	7.0	21.0	16.0	24.0	18.0	28.00.0	0.0	0.0	0.0	76.0	0.0	34.0	36.0	0.0
	5p	+	35	34124.0	20974.0	21631.0	31406.0	108135.0	46.0	101.0	57.0	29.0	16.0	30.0	11.0	19.0	21.0	20.0	23.0	18.00.0	0.0	0.0	0.0	84.0	0.0	33.0	43.0	0.0
	5p	+	36	33893.0	20792.0	20937.0	30920.0	106542.0	39.0	84.0	40.0	31.0	14.0	15.0	13.0	13.0	19.0	23.0	8.0	29.00.0	0.0	0.0	0.0	87.0	0.0	36.0	31.0	0.0
	5p	+	37	33253.0	20252.0	21009.0	30428.0	104942.0	36.0	92.0	54.0	39.0	24.0	22.0	13.0	16.0	16.0	25.0	8.0	23.00.0	0.0	0.0	0.0	76.0	0.0	34.0	31.0	0.0
	5p	+	38	32796.0	19993.0	20685.0	29915.0	103389.0	41.0	93.0	43.0	27.0	20.0	22.0	10.0	22.0	15.0	23.0	14.0	29.00.0	0.0	0.0	0.0	72.0	0.0	22.0	41.0	0.0
	5p	+	39	32207.0	19671.0	20069.0	29718.0	101665.0	44.0	89.0	59.0	27.0	17.0	27.0	7.0	14.0	25.0	28.0	8.0	21.00.0	0.0	0.0	0.0	66.0	0.0	47.0	34.0	0.0
	5p	+	40	31759.0	19345.0	19764.0	29007.0	99875.0	49.0	79.0	41.0	33.0	16.0	20.0	13.0	12.0	12.0	24.0	11.0	24.00.0	0.0	0.0	0.0	67.0	0.0	29.0	30.0	0.0
	5p	+	41	31021.0	19082.0	19492.0	28583.0	98178.0	40.0	109.0	53.0	29.0	15.0	16.0	12.0	15.0	17.0	21.0	17.0	22.00.0	0.0	0.0	0.0	64.0	0.0	29.0	36.0	0.0
	5p	+	42	30221.0	18854.0	19434.0	27822.0	96331.0	45.0	84.0	47.0	36.0	21.0	25.0	8.0	16.0	23.0	24.0	15.0	36.00.0	0.0	0.0	0.0	62.0	0.0	35.0	29.0	0.0
	5p	+	43	29650.0	18336.0	18689.0	27797.0	94472.0	54.0	92.0	35.0	47.0	13.0	21.0	11.0	15.0	9.0	20.0	16.0	38.00.0	0.0	0.0	0.0	58.0	0.0	28.0	31.0	0.0
	5p	+	44	29326.0	17866.0	18614.0	26755.0	92561.0	31.0	89.0	44.0	37.0	16.0	18.0	4.0	19.0	16.0	22.0	8.0	37.00.0	0.0	0.0	0.0	60.0	0.0	22.0	35.0	0.0
	5p	+	45	28897.0	17639.0	18006.0	26286.0	90828.0	51.0	82.0	44.0	29.0	21.0	17.0	8.0	19.0	15.0	26.0	6.0	33.00.0	0.0	0.0	0.0	64.0	0.0	35.0	36.0	0.0
	5p	+	46	28329.0	17125.0	17737.0	25864.0	89055.0	38.0	103.0	37.0	18.0	21.0	18.0	10.0	22.0	15.0	21.0	11.0	21.00.0	0.0	0.0	0.0	47.0	0.0	31.0	29.0	0.0
	5p	+	47	27729.0	16843.0	17314.0	25381.0	87267.0	36.0	96.0	32.0	18.0	13.0	14.0	10.0	19.0	18.0	24.0	10.0	34.00.0	0.0	0.0	0.0	68.0	0.0	22.0	27.0	0.0
	5p	+	48	27224.0	16547.0	16818.0	24903.0	85492.0	35.0	93.0	52.0	34.0	17.0	17.0	10.0	14.0	14.0	22.0	13.0	41.00.0	0.0	0.0	0.0	55.0	0.0	17.0	30.0	0.0
	5p	+	49	26504.0	16429.0	16630.0	24109.0	83672.0	40.0	86.0	26.0	31.0	19.0	25.0	9.0	24.0	14.0	25.0	11.0	26.00.0	0.0	0.0	0.0	70.0	0.0	24.0	33.0	0.0
	5p	+	50	25851.0	15839.0	16085.0	24133.0	81908.0	48.0	79.0	38.0	25.0	15.0	17.0	16.0	11.0	13.0	27.0	12.0	23.00.0	0.0	0.0	0.0	55.0	0.0	18.0	41.0	0.0
	5p	+	51	25314.0	15413.0	15903.0	23508.0	80138.0	46.0	76.0	36.0	27.0	15.0	21.0	7.0	22.0	13.0	30.0	8.0	22.00.0	0.0	0.0	0.0	55.0	0.0	24.0	24.0	0.0
	5p	+	52	24865.0	15330.0	15645.0	22597.0	78437.0	29.0	97.0	42.0	21.0	12.0	16.0	11.0	23.0	24.0	22.0	7.0	24.00.0	0.0	0.0	0.0	46.0	0.0	26.0	20.0	0.0
	5p	+	53	24054.0	15155.0	15159.0	22292.0	76660.0	38.0	70.0	24.0	24.0	8.0	28.0	3.0	21.0	17.0	28.0	12.0	23.00.0	0.0	0.0	0.0	47.0	0.0	17.0	29.0	0.0
	5p	+	54	23915.0	14628.0	14638.0	21749.0	74930.0	30.0	76.0	27.0	21.0	17.0	15.0	9.0	16.0	14.0	23.0	11.0	17.00.0	0.0	0.0	0.0	45.0	0.0	26.0	28.0	0.0
	5p	+	55	23234.0	14212.0	14475.0	21395.0	73316.0	39.0	71.0	28.0	22.0	19.0	28.0	6.0	8.0	9.0	24.0	8.0	23.00.0	0.0	0.0	0.0	39.0	0.0	21.0	18.0	0.0
	5p	+	56	22767.0	13895.0	14221.0	20828.0	71711.0	30.0	61.0	30.0	22.0	14.0	15.0	10.0	12.0	18.0	11.0	10.0	25.00.0	0.0	0.0	0.0	51.0	0.0	25.0	12.0	0.0
	5p	+	57	22222.0	13746.0	14123.0	20102.0	70193.0	22.0	66.0	28.0	15.0	12.0	22.0	6.0	18.0	15.0	12.0	6.0	25.00.0	0.0	0.0	0.0	29.0	0.0	25.0	16.0	0.0
	5p	+	58	21668.0	13403.0	13614.0	19908.0	68593.0	24.0	46.0	32.0	28.0	10.0	13.0	4.0	20.0	13.0	26.0	7.0	25.00.0	0.0	0.0	0.0	36.0	0.0	24.0	19.0	0.0
	5p	+	59	21069.0	13124.0	13376.0	19556.0	67125.0	27.0	54.0	35.0	19.0	18.0	16.0	5.0	8.0	13.0	14.0	6.0	25.00.0	0.0	0.0	0.0	37.0	0.0	22.0	22.0	0.0
	5p	+	60	20733.0	12800.0	12981.0	19127.0	65641.0	26.0	67.0	29.0	18.0	13.0	20.0	6.0	12.0	8.0	25.0	7.0	26.00.0	0.0	0.0	0.0	48.0	0.0	19.0	15.0	0.0
	5p	+	61	20321.0	12490.0	12711.0	18649.0	64171.0	30.0	57.0	27.0	25.0	12.0	20.0	12.0	12.0	12.0	22.0	15.0	33.00.0	0.0	0.0	0.0	46.0	0.0	14.0	18.0	0.0
	5p	+	62	19981.0	12174.0	12373.0	18212.0	62740.0	26.0	64.0	31.0	17.0	19.0	28.0	2.0	11.0	7.0	22.0	15.0	18.00.0	0.0	0.0	0.0	31.0	0.0	22.0	24.0	0.0
	5p	+	63	19275.0	12038.0	12137.0	17888.0	61338.0	32.0	56.0	30.0	23.0	9.0	16.0	3.0	12.0	14.0	19.0	5.0	19.00.0	0.0	0.0	0.0	40.0	0.0	22.0	18.0	0.0
	5p	+	64	18869.0	11832.0	11750.0	17511.0	59962.0	32.0	61.0	21.0	29.0	13.0	22.0	3.0	12.0	8.0	20.0	8.0	19.00.0	0.0	0.0	0.0	34.0	0.0	13.0	31.0	0.0
	5p	+	65	18261.0	11639.0	11466.0	17240.0	58606.0	27.0	63.0	26.0	21.0	11.0	20.0	4.0	10.0	9.0	21.0	9.0	22.00.0	0.0	0.0	0.0	27.0	0.0	20.0	16.0	0.0
	5p	+	66	17900.0	11292.0	11308.0	16817.0	57317.0	27.0	56.0	25.0	22.0	11.0	24.0	8.0	10.0	7.0	19.0	10.0	25.00.0	0.0	0.0	0.0	23.0	0.0	11.0	16.0	0.0
	5p	+	67	17613.0	11011.0	10981.0	16441.0	56046.0	18.0	41.0	27.0	21.0	16.0	14.0	12.0	17.0	8.0	14.0	9.0	21.00.0	0.0	0.0	0.0	21.0	0.0	21.0	11.0	0.0
	5p	+	68	17120.0	10999.0	10949.0	15678.0	54746.0	22.0	44.0	22.0	17.0	8.0	14.0	7.0	10.0	8.0	19.0	10.0	22.00.0	0.0	0.0	0.0	29.0	0.0	15.0	26.0	0.0
	5p	+	69	16996.0	10564.0	10569.0	15431.0	53560.0	33.0	53.0	34.0	23.0	10.0	21.0	11.0	10.0	5.0	20.0	11.0	27.00.0	0.0	0.0	0.0	30.0	0.0	18.0	10.0	0.0
	5p	+	70	16302.0	10270.0	10484.0	15283.0	52339.0	25.0	39.0	18.0	29.0	10.0	10.0	4.0	13.0	12.0	16.0	9.0	14.00.0	0.0	0.0	0.0	31.0	0.0	20.0	18.0	0.0
	5p	+	71	15997.0	10068.0	10250.0	14798.0	51113.0	22.0	46.0	25.0	14.0	13.0	10.0	6.0	18.0	12.0	17.0	4.0	22.00.0	0.0	0.0	0.0	22.0	0.0	18.0	14.0	0.0
	5p	+	72	15712.0	9702.0	9784.0	14712.0	49910.0	26.0	51.0	18.0	25.0	9.0	15.0	5.0	14.0	15.0	20.0	3.0	14.00.0	0.0	0.0	0.0	24.0	0.0	11.0	10.0	0.0
	5p	+	73	15160.0	9786.0	9739.0	14062.0	48747.0	21.0	37.0	17.0	16.0	8.0	12.0	7.0	10.0	5.0	14.0	6.0	22.00.0	0.0	0.0	0.0	19.0	0.0	13.0	11.0	0.0
	5p	+	74	14959.0	9265.0	9402.0	13921.0	47547.0	21.0	33.0	29.0	16.0	6.0	15.0	4.0	10.0	12.0	9.0	3.0	20.00.0	0.0	0.0	0.0	17.0	0.0	12.0	10.0	0.0
	5p	+	75	14478.0	9369.0	9188.0	13466.0	46501.0	16.0	43.0	17.0	13.0	6.0	7.0	7.0	14.0	4.0	17.0	10.0	23.00.0	0.0	0.0	0.0	16.0	0.0	9.0	8.0	0.0
	5p	+	76	14184.0	8882.0	8941.0	13412.0	45419.0	19.0	32.0	23.0	20.0	11.0	15.0	4.0	14.0	11.0	17.0	7.0	17.00.0	0.0	0.0	0.0	14.0	0.0	10.0	16.0	0.0
	5p	+	77	13977.0	8752.0	8661.0	13037.0	44427.0	13.0	40.0	28.0	20.0	15.0	8.0	7.0	7.0	8.0	16.0	11.0	21.00.0	0.0	0.0	0.0	26.0	0.0	7.0	12.0	0.0
	5p	+	78	13810.0	8526.0	8714.0	12374.0	43424.0	20.0	23.0	16.0	15.0	13.0	10.0	4.0	7.0	9.0	12.0	2.0	15.00.0	0.0	0.0	0.0	17.0	0.0	15.0	10.0	0.0
	5p	+	79	13226.0	8548.0	8376.0	12273.0	42423.0	18.0	39.0	24.0	15.0	7.0	15.0	3.0	6.0	11.0	11.0	6.0	16.00.0	0.0	0.0	0.0	15.0	0.0	13.0	11.0	0.0
	5p	+	80	12947.0	8284.0	8120.0	12044.0	41395.0	23.0	35.0	20.0	15.0	7.0	14.0	7.0	6.0	8.0	9.0	3.0	12.00.0	0.0	0.0	0.0	13.0	0.0	7.0	14.0	0.0
	5p	+	81	12642.0	7904.0	8196.0	11720.0	40462.0	19.0	33.0	14.0	20.0	3.0	9.0	5.0	7.0	8.0	16.0	8.0	17.00.0	0.0	0.0	0.0	23.0	0.0	6.0	6.0	0.0
	5p	+	82	12398.0	7790.0	7840.0	11504.0	39532.0	12.0	28.0	19.0	10.0	10.0	10.0	10.0	12.0	7.0	18.0	3.0	15.00.0	0.0	0.0	0.0	9.0	0.0	10.0	10.0	0.0
	5p	+	83	12180.0	7510.0	7723.0	11266.0	38679.0	28.0	23.0	15.0	9.0	11.0	7.0	3.0	8.0	9.0	15.0	11.0	12.00.0	0.0	0.0	0.0	10.0	0.0	13.0	6.0	0.0
	5p	+	84	11850.0	7241.0	7669.0	11014.0	37774.0	13.0	28.0	16.0	10.0	10.0	16.0	1.0	6.0	7.0	16.0	10.0	8.00.0	0.0	0.0	0.0	20.0	0.0	6.0	2.0	0.0
	5p	+	85	11636.0	7384.0	7202.0	10651.0	36873.0	13.0	31.0	15.0	12.0	8.0	7.0	2.0	10.0	3.0	15.0	4.0	11.00.0	0.0	0.0	0.0	11.0	0.0	6.0	11.0	0.0
	5p	+	86	11286.0	7113.0	7130.0	10498.0	36027.0	18.0	18.0	12.0	14.0	6.0	7.0	4.0	5.0	5.0	12.0	2.0	20.00.0	0.0	0.0	0.0	20.0	0.0	4.0	4.0	0.0
	5p	+	87	11005.0	6939.0	6892.0	10359.0	35195.0	16.0	16.0	12.0	12.0	6.0	14.0	3.0	13.0	6.0	15.0	9.0	6.00.0	0.0	0.0	0.0	12.0	0.0	10.0	4.0	0.0
	5p	+	88	10776.0	6762.0	6849.0	10075.0	34462.0	15.0	24.0	10.0	8.0	8.0	5.0	3.0	6.0	3.0	11.0	0.0	14.00.0	0.0	0.0	0.0	13.0	0.0	4.0	2.0	0.0
	5p	+	89	10546.0	6721.0	6669.0	9755.0	33691.0	12.0	24.0	12.0	10.0	7.0	6.0	4.0	9.0	2.0	13.0	5.0	12.00.0	0.0	0.0	0.0	12.0	0.0	5.0	8.0	0.0
	5p	+	90	10262.0	6511.0	6500.0	9661.0	32934.0	18.0	19.0	10.0	10.0	4.0	11.0	4.0	7.0	7.0	10.0	4.0	13.00.0	0.0	0.0	0.0	14.0	0.0	10.0	6.0	0.0
	5p	+	91	10050.0	6341.0	6373.0	9466.0	32230.0	13.0	15.0	11.0	23.0	14.0	9.0	2.0	11.0	7.0	8.0	3.0	15.00.0	0.0	0.0	0.0	9.0	0.0	15.0	4.0	0.0
	5p	+	92	9906.0	6289.0	6205.0	9168.0	31568.0	12.0	23.0	18.0	14.0	8.0	10.0	7.0	10.0	4.0	12.0	2.0	12.00.0	0.0	0.0	0.0	6.0	0.0	9.0	3.0	0.0
	5p	+	93	9675.0	6067.0	6102.0	9056.0	30900.0	16.0	20.0	14.0	11.0	7.0	5.0	7.0	6.0	6.0	12.0	4.0	15.00.0	0.0	0.0	0.0	12.0	0.0	4.0	11.0	0.0
	5p	+	94	9456.0	5900.0	6066.0	8824.0	30246.0	10.0	17.0	9.0	8.0	7.0	7.0	8.0	6.0	7.0	8.0	1.0	10.00.0	0.0	0.0	0.0	8.0	0.0	12.0	2.0	0.0
	5p	+	95	9219.0	5867.0	5967.0	8588.0	29641.0	16.0	19.0	11.0	10.0	8.0	6.0	4.0	6.0	6.0	12.0	3.0	12.00.0	0.0	0.0	0.0	6.0	0.0	4.0	7.0	0.0
	5p	+	96	8984.0	5771.0	5702.0	8603.0	29060.0	7.0	16.0	8.0	12.0	7.0	4.0	3.0	5.0	7.0	8.0	3.0	11.00.0	0.0	0.0	0.0	8.0	0.0	3.0	4.0	0.0
	5p	+	97	8780.0	5671.0	5595.0	8407.0	28453.0	12.0	16.0	24.0	11.0	10.0	6.0	6.0	7.0	5.0	4.0	5.0	13.00.0	0.0	0.0	0.0	3.0	0.0	3.0	6.0	0.0
	5p	+	98	8662.0	5466.0	5431.0	8252.0	27811.0	14.0	15.0	6.0	5.0	3.0	6.0	2.0	3.0	9.0	7.0	2.0	17.00.0	0.0	0.0	0.0	6.0	0.0	6.0	1.0	0.0
	5p	+	99	8323.0	5548.0	5394.0	7978.0	27243.0	7.0	15.0	9.0	8.0	8.0	9.0	5.0	3.0	5.0	9.0	1.0	6.00.0	0.0	0.0	0.0	3.0	0.0	6.0	3.0	0.0
	5p	+	100	8272.0	5275.0	5322.0	7791.0	26660.0	16.0	13.0	15.0	15.0	5.0	6.0	2.0	8.0	6.0	11.0	6.0	12.00.0	0.0	0.0	0.0	4.0	0.0	0.0	6.0	0.0
	5p	-	1	40756.0	23840.0	21894.0	29215.0	115705.0	469.0	860.0	762.0	191.0	269.0	684.0	195.0	430.0	167.0	712.0	70.0	356.00.0	0.0	0.0	0.0	0.0	0.0	0.0	0.0	0.0
	5p	-	2	37478.0	22745.0	23275.0	32360.0	115858.0	283.0	350.0	302.0	141.0	179.0	350.0	102.0	159.0	95.0	347.0	61.0	229.00.0	0.0	0.0	0.0	0.0	0.0	0.0	0.0	0.0
	5p	-	3	36601.0	24943.0	22987.0	31465.0	115996.0	119.0	193.0	137.0	86.0	105.0	150.0	45.0	80.0	64.0	153.0	42.0	101.00.0	0.0	0.0	0.0	1.0	0.0	0.0	1.0	0.0
	5p	-	4	36116.0	25298.0	24102.0	30602.0	116118.0	100.0	136.0	109.0	74.0	50.0	72.0	34.0	51.0	45.0	82.0	34.0	55.00.0	0.0	0.0	0.0	4.0	0.0	0.0	3.0	0.0
	5p	-	5	35795.0	24559.0	24333.0	31517.0	116204.0	58.0	95.0	77.0	54.0	43.0	47.0	18.0	28.0	27.0	51.0	14.0	51.00.0	0.0	0.0	0.0	20.0	0.0	20.0	22.0	0.0
	5p	-	6	34359.0	24322.0	24461.0	33092.0	116234.0	50.0	96.0	68.0	48.0	27.0	29.0	18.0	21.0	19.0	35.0	21.0	39.00.0	0.0	0.0	0.0	33.0	0.0	26.0	30.0	0.0
	5p	-	7	35998.0	23859.0	23834.0	32568.0	116259.0	34.0	95.0	69.0	26.0	20.0	22.0	14.0	18.0	15.0	28.0	17.0	34.00.0	0.0	0.0	0.0	31.0	0.0	38.0	39.0	0.0
	5p	-	8	37466.0	22651.0	23443.0	32737.0	116297.0	33.0	67.0	42.0	41.0	18.0	8.0	15.0	15.0	18.0	19.0	12.0	36.00.0	0.0	0.0	0.0	43.0	0.0	29.0	31.0	0.0
	5p	-	9	36737.0	22896.0	23286.0	33400.0	116319.0	39.0	64.0	54.0	37.0	15.0	21.0	10.0	19.0	16.0	30.0	11.0	35.00.0	0.0	0.0	0.0	40.0	0.0	31.0	32.0	0.0
	5p	-	10	36637.0	22946.0	23214.0	33512.0	116309.0	61.0	69.0	40.0	42.0	20.0	13.0	10.0	13.0	17.0	21.0	11.0	38.00.0	0.0	0.0	0.0	54.0	0.0	29.0	43.0	0.0
	5p	-	11	36341.0	22885.0	23009.0	34080.0	116315.0	47.0	70.0	47.0	39.0	17.0	13.0	10.0	20.0	19.0	25.0	10.0	25.00.0	0.0	0.0	0.0	67.0	0.0	33.0	25.0	0.0
	5p	-	12	36423.0	23121.0	23040.0	33733.0	116317.0	41.0	65.0	48.0	38.0	16.0	17.0	12.0	21.0	12.0	25.0	9.0	28.00.0	0.0	0.0	0.0	55.0	0.0	30.0	43.0	0.0
	5p	-	13	36492.0	22971.0	22832.0	34002.0	116297.0	40.0	59.0	40.0	35.0	18.0	25.0	10.0	12.0	17.0	27.0	10.0	28.00.0	0.0	0.0	0.0	65.0	0.0	33.0	39.0	0.0
	5p	-	14	36282.0	23398.0	22829.0	33823.0	116332.0	43.0	76.0	35.0	48.0	11.0	14.0	7.0	16.0	7.0	15.0	5.0	40.00.0	0.0	0.0	0.0	58.0	0.0	32.0	34.0	0.0
	5p	-	15	36323.0	23074.0	22688.0	34202.0	116287.0	44.0	54.0	48.0	44.0	12.0	12.0	13.0	21.0	12.0	17.0	10.0	26.00.0	0.0	0.0	0.0	77.0	0.0	33.0	38.0	0.0
	5p	-	16	36002.0	23133.0	22897.0	34272.0	116304.0	44.0	63.0	41.0	33.0	20.0	13.0	9.0	19.0	17.0	17.0	8.0	32.00.0	0.0	0.0	0.0	66.0	0.0	44.0	25.0	0.0
	5p	-	17	36264.0	23142.0	22954.0	33943.0	116303.0	40.0	67.0	39.0	34.0	21.0	24.0	14.0	12.0	16.0	27.0	9.0	36.00.0	0.0	0.0	0.0	73.0	0.0	31.0	28.0	0.0
	5p	-	18	36080.0	23120.0	23026.0	34079.0	116305.0	51.0	59.0	37.0	27.0	15.0	27.0	13.0	17.0	21.0	23.0	14.0	40.00.0	0.0	0.0	0.0	64.0	0.0	37.0	39.0	0.0
	5p	-	19	36063.0	23335.0	22790.0	34083.0	116271.0	42.0	58.0	44.0	54.0	30.0	21.0	9.0	21.0	21.0	27.0	14.0	36.00.0	0.0	0.0	0.0	86.0	0.0	38.0	34.0	0.0
	5p	-	20	35994.0	23274.0	22927.0	34073.0	116268.0	41.0	60.0	46.0	32.0	17.0	21.0	11.0	12.0	11.0	32.0	15.0	36.00.0	0.0	0.0	0.0	83.0	0.0	40.0	41.0	0.0
	5p	-	21	35609.0	23310.0	22909.0	34417.0	116245.0	35.0	55.0	46.0	36.0	23.0	26.0	6.0	12.0	16.0	28.0	13.0	37.00.0	0.0	0.0	0.0	92.0	0.0	38.0	40.0	0.0
	5p	-	22	36079.0	23036.0	22786.0	34367.0	116268.0	30.0	64.0	51.0	28.0	10.0	20.0	13.0	25.0	14.0	19.0	13.0	40.00.0	0.0	0.0	0.0	88.0	0.0	39.0	38.0	0.0
	5p	-	23	36252.0	22998.0	22893.0	34113.0	116256.0	43.0	59.0	49.0	44.0	28.0	23.0	12.0	13.0	13.0	21.0	9.0	40.00.0	0.0	0.0	0.0	93.0	0.0	30.0	42.0	0.0
	5p	-	24	35970.0	22857.0	23121.0	34302.0	116250.0	38.0	48.0	42.0	35.0	19.0	15.0	10.0	24.0	15.0	25.0	13.0	32.00.0	0.0	0.0	0.0	82.0	0.0	48.0	40.0	0.0
	5p	-	25	36006.0	22933.0	23206.0	34159.0	116304.0	41.0	45.0	38.0	30.0	19.0	18.0	8.0	10.0	19.0	27.0	12.0	39.00.0	0.0	0.0	0.0	67.0	0.0	36.0	42.0	0.0
	5p	-	26	36117.0	22980.0	22820.0	34333.0	116250.0	45.0	52.0	64.0	33.0	17.0	22.0	15.0	21.0	15.0	28.0	12.0	31.00.0	0.0	0.0	0.0	76.0	0.0	41.0	42.0	0.0
	5p	-	27	36383.0	22946.0	22878.0	34047.0	116254.0	25.0	73.0	44.0	37.0	22.0	18.0	8.0	20.0	11.0	31.0	13.0	34.00.0	0.0	0.0	0.0	93.0	0.0	38.0	25.0	0.0
	5p	-	28	36091.0	22812.0	23233.0	34116.0	116252.0	33.0	69.0	34.0	42.0	17.0	18.0	6.0	13.0	21.0	26.0	13.0	32.00.0	0.0	0.0	0.0	73.0	0.0	34.0	46.0	0.0
	5p	-	29	36532.0	22704.0	23130.0	33888.0	116254.0	33.0	84.0	52.0	33.0	21.0	24.0	18.0	18.0	16.0	23.0	11.0	30.00.0	0.0	0.0	0.0	76.0	0.0	37.0	41.0	0.0
	5p	-	30	36629.0	22898.0	23139.0	33588.0	116254.0	56.0	105.0	59.0	48.0	20.0	29.0	14.0	18.0	21.0	33.0	14.0	23.00.0	0.0	0.0	0.0	65.0	0.0	29.0	37.0	0.0
	5p	-	31	36224.0	22442.0	22737.0	33298.0	114701.0	45.0	93.0	39.0	29.0	16.0	17.0	17.0	16.0	17.0	21.0	12.0	38.00.0	0.0	0.0	0.0	65.0	0.0	29.0	45.0	0.0
	5p	-	32	35793.0	21876.0	22547.0	32915.0	113131.0	41.0	120.0	52.0	40.0	17.0	26.0	13.0	14.0	19.0	25.0	10.0	27.00.0	0.0	0.0	0.0	85.0	0.0	26.0	45.0	0.0
	5p	-	33	35331.0	21690.0	21959.0	32567.0	111547.0	41.0	94.0	39.0	39.0	21.0	16.0	16.0	15.0	12.0	23.0	8.0	32.00.0	0.0	0.0	0.0	81.0	0.0	40.0	52.0	0.0
	5p	-	34	34988.0	21285.0	21854.0	31836.0	109963.0	42.0	112.0	38.0	40.0	17.0	16.0	8.0	12.0	12.0	38.0	14.0	35.00.0	0.0	0.0	0.0	104.0	0.0	35.0	31.0	0.0
	5p	-	35	34261.0	21129.0	21778.0	31163.0	108331.0	37.0	101.0	41.0	31.0	19.0	19.0	16.0	32.0	25.0	29.0	8.0	27.00.0	0.0	0.0	0.0	79.0	0.0	34.0	39.0	0.0
	5p	-	36	33874.0	20701.0	21188.0	31023.0	106786.0	48.0	99.0	31.0	36.0	24.0	31.0	13.0	31.0	20.0	24.0	11.0	41.00.0	0.0	0.0	0.0	76.0	0.0	26.0	46.0	0.0
	5p	-	37	33380.0	20417.0	20753.0	30561.0	105111.0	41.0	104.0	56.0	32.0	22.0	27.0	14.0	18.0	11.0	28.0	8.0	30.00.0	0.0	0.0	0.0	89.0	0.0	37.0	48.0	0.0
	5p	-	38	33005.0	20287.0	20305.0	29827.0	103424.0	46.0	100.0	54.0	35.0	16.0	20.0	10.0	30.0	22.0	23.0	13.0	28.00.0	0.0	0.0	0.0	68.0	0.0	40.0	33.0	0.0
	5p	-	39	32395.0	19623.0	20144.0	29594.0	101756.0	38.0	88.0	39.0	38.0	20.0	22.0	5.0	15.0	18.0	24.0	7.0	42.00.0	0.0	0.0	0.0	58.0	0.0	30.0	32.0	0.0
	5p	-	40	31646.0	19429.0	19680.0	29252.0	100007.0	45.0	89.0	44.0	33.0	22.0	12.0	10.0	18.0	14.0	15.0	12.0	38.00.0	0.0	0.0	0.0	73.0	0.0	38.0	31.0	0.0
	5p	-	41	31124.0	18952.0	19426.0	28696.0	98198.0	46.0	101.0	50.0	26.0	18.0	26.0	12.0	21.0	19.0	30.0	8.0	31.00.0	0.0	0.0	0.0	78.0	0.0	36.0	30.0	0.0
	5p	-	42	30471.0	18756.0	19188.0	27990.0	96405.0	49.0	114.0	43.0	39.0	16.0	34.0	7.0	17.0	20.0	29.0	20.0	23.00.0	0.0	0.0	0.0	59.0	0.0	37.0	38.0	0.0
	5p	-	43	29778.0	18325.0	18919.0	27540.0	94562.0	36.0	87.0	39.0	26.0	25.0	27.0	7.0	26.0	15.0	27.0	10.0	39.00.0	0.0	0.0	0.0	72.0	0.0	20.0	32.0	0.0
	5p	-	44	29486.0	17987.0	18323.0	26948.0	92744.0	36.0	94.0	49.0	31.0	18.0	24.0	10.0	18.0	16.0	25.0	7.0	27.00.0	0.0	0.0	0.0	60.0	0.0	29.0	35.0	0.0
	5p	-	45	28950.0	17531.0	18273.0	26184.0	90938.0	36.0	103.0	31.0	31.0	22.0	25.0	5.0	23.0	20.0	28.0	13.0	35.00.0	0.0	0.0	0.0	75.0	0.0	37.0	31.0	0.0
	5p	-	46	28197.0	17296.0	17571.0	26062.0	89126.0	44.0	94.0	48.0	26.0	18.0	17.0	12.0	20.0	16.0	20.0	10.0	32.00.0	0.0	0.0	0.0	76.0	0.0	34.0	35.0	0.0
	5p	-	47	27747.0	16943.0	17245.0	25431.0	87366.0	31.0	88.0	39.0	33.0	17.0	27.0	10.0	20.0	12.0	23.0	14.0	21.00.0	0.0	0.0	0.0	67.0	0.0	31.0	26.0	0.0
	5p	-	48	27375.0	16461.0	16993.0	24802.0	85631.0	34.0	99.0	39.0	34.0	13.0	21.0	9.0	14.0	21.0	23.0	8.0	23.00.0	0.0	0.0	0.0	52.0	0.0	23.0	17.0	0.0
	5p	-	49	26843.0	16275.0	16715.0	23960.0	83793.0	42.0	99.0	37.0	27.0	22.0	22.0	8.0	15.0	15.0	25.0	13.0	22.00.0	0.0	0.0	0.0	65.0	0.0	27.0	29.0	0.0
	5p	-	50	26189.0	16050.0	16173.0	23693.0	82105.0	36.0	74.0	29.0	36.0	19.0	18.0	10.0	17.0	17.0	34.0	13.0	35.00.0	0.0	0.0	0.0	60.0	0.0	25.0	31.0	0.0
	5p	-	51	25469.0	15660.0	15818.0	23294.0	80241.0	43.0	91.0	21.0	18.0	11.0	26.0	6.0	12.0	16.0	25.0	15.0	27.00.0	0.0	0.0	0.0	66.0	0.0	24.0	29.0	0.0
	5p	-	52	24900.0	15208.0	15394.0	22924.0	78426.0	27.0	78.0	31.0	24.0	16.0	16.0	3.0	20.0	15.0	30.0	10.0	18.00.0	0.0	0.0	0.0	51.0	0.0	35.0	25.0	0.0
	5p	-	53	24201.0	15107.0	15406.0	22037.0	76751.0	39.0	69.0	35.0	21.0	14.0	24.0	4.0	21.0	15.0	27.0	6.0	26.00.0	0.0	0.0	0.0	51.0	0.0	22.0	27.0	0.0
	5p	-	54	23793.0	14716.0	14773.0	21765.0	75047.0	31.0	80.0	29.0	27.0	9.0	21.0	6.0	18.0	11.0	25.0	6.0	23.00.0	0.0	0.0	0.0	56.0	0.0	26.0	28.0	0.0
	5p	-	55	23201.0	14416.0	14492.0	21351.0	73460.0	41.0	72.0	35.0	21.0	17.0	19.0	4.0	18.0	7.0	28.0	5.0	34.00.0	0.0	0.0	0.0	68.0	0.0	22.0	23.0	0.0
	5p	-	56	22773.0	14027.0	14195.0	20884.0	71879.0	38.0	63.0	39.0	20.0	19.0	17.0	8.0	16.0	20.0	25.0	8.0	23.00.0	0.0	0.0	0.0	49.0	0.0	20.0	29.0	0.0
	5p	-	57	22029.0	13748.0	13894.0	20563.0	70234.0	33.0	62.0	19.0	34.0	18.0	15.0	4.0	10.0	13.0	21.0	5.0	23.00.0	0.0	0.0	0.0	63.0	0.0	16.0	21.0	0.0
	5p	-	58	21783.0	13427.0	13598.0	19938.0	68746.0	28.0	62.0	35.0	18.0	18.0	14.0	5.0	20.0	4.0	8.0	6.0	27.00.0	0.0	0.0	0.0	45.0	0.0	26.0	21.0	0.0
	5p	-	59	21297.0	13188.0	13237.0	19441.0	67163.0	26.0	48.0	25.0	24.0	12.0	12.0	5.0	19.0	15.0	21.0	7.0	22.00.0	0.0	0.0	0.0	49.0	0.0	33.0	21.0	0.0
	5p	-	60	20788.0	12842.0	12917.0	19101.0	65648.0	37.0	69.0	30.0	16.0	7.0	19.0	9.0	21.0	9.0	27.0	5.0	27.00.0	0.0	0.0	0.0	55.0	0.0	21.0	24.0	0.0
	5p	-	61	20309.0	12525.0	12593.0	18727.0	64154.0	31.0	59.0	27.0	21.0	18.0	14.0	4.0	17.0	9.0	25.0	8.0	28.00.0	0.0	0.0	0.0	47.0	0.0	16.0	18.0	0.0
	5p	-	62	19776.0	12266.0	12401.0	18244.0	62687.0	26.0	48.0	22.0	32.0	13.0	11.0	8.0	9.0	21.0	17.0	10.0	22.00.0	0.0	0.0	0.0	56.0	0.0	16.0	27.0	0.0
	5p	-	63	19364.0	11871.0	12112.0	17926.0	61273.0	24.0	54.0	30.0	24.0	14.0	11.0	5.0	15.0	9.0	19.0	5.0	17.00.0	0.0	0.0	0.0	51.0	0.0	17.0	17.0	0.0
	5p	-	64	18694.0	11812.0	11660.0	17657.0	59823.0	28.0	68.0	32.0	26.0	8.0	16.0	8.0	7.0	10.0	22.0	7.0	22.00.0	0.0	0.0	0.0	30.0	0.0	27.0	23.0	0.0
	5p	-	65	18538.0	11453.0	11481.0	17004.0	58476.0	21.0	46.0	20.0	19.0	10.0	13.0	9.0	16.0	10.0	17.0	12.0	24.00.0	0.0	0.0	0.0	38.0	0.0	17.0	15.0	0.0
	5p	-	66	18332.0	11211.0	11275.0	16341.0	57159.0	32.0	50.0	38.0	15.0	16.0	14.0	6.0	11.0	7.0	21.0	10.0	15.00.0	0.0	0.0	0.0	41.0	0.0	14.0	16.0	0.0
	5p	-	67	17838.0	11042.0	11007.0	16038.0	55925.0	21.0	48.0	19.0	16.0	9.0	18.0	11.0	12.0	12.0	15.0	12.0	22.00.0	0.0	0.0	0.0	41.0	0.0	14.0	15.0	0.0
	5p	-	68	17391.0	10676.0	10618.0	15972.0	54657.0	25.0	66.0	29.0	27.0	11.0	22.0	5.0	9.0	10.0	11.0	9.0	24.00.0	0.0	0.0	0.0	41.0	0.0	19.0	18.0	0.0
	5p	-	69	17022.0	10512.0	10746.0	15140.0	53420.0	27.0	57.0	28.0	17.0	18.0	12.0	4.0	14.0	10.0	22.0	10.0	21.00.0	0.0	0.0	0.0	33.0	0.0	23.0	18.0	0.0
	5p	-	70	16479.0	10233.0	10395.0	15096.0	52203.0	30.0	49.0	23.0	23.0	18.0	17.0	3.0	10.0	10.0	17.0	6.0	21.00.0	0.0	0.0	0.0	25.0	0.0	20.0	20.0	0.0
	5p	-	71	16096.0	10029.0	10195.0	14682.0	51002.0	21.0	51.0	20.0	22.0	9.0	13.0	9.0	13.0	7.0	15.0	7.0	11.00.0	0.0	0.0	0.0	34.0	0.0	16.0	19.0	0.0
	5p	-	72	15773.0	10024.0	9875.0	14185.0	49857.0	31.0	38.0	17.0	24.0	10.0	11.0	7.0	9.0	6.0	18.0	7.0	14.00.0	0.0	0.0	0.0	30.0	0.0	19.0	15.0	0.0
	5p	-	73	15523.0	9467.0	9551.0	14185.0	48726.0	16.0	31.0	24.0	20.0	11.0	19.0	4.0	14.0	10.0	20.0	7.0	17.00.0	0.0	0.0	0.0	24.0	0.0	13.0	13.0	0.0
	5p	-	74	15058.0	9271.0	9421.0	13841.0	47591.0	33.0	44.0	15.0	19.0	5.0	7.0	2.0	17.0	5.0	19.0	4.0	6.00.0	0.0	0.0	0.0	29.0	0.0	12.0	14.0	0.0
	5p	-	75	14733.0	9143.0	9023.0	13632.0	46531.0	15.0	41.0	17.0	18.0	9.0	8.0	7.0	16.0	23.0	22.0	5.0	12.00.0	0.0	0.0	0.0	22.0	0.0	15.0	7.0	0.0
	5p	-	76	14330.0	8788.0	9072.0	13263.0	45453.0	19.0	33.0	19.0	18.0	13.0	11.0	4.0	15.0	5.0	15.0	6.0	19.00.0	0.0	0.0	0.0	17.0	0.0	10.0	13.0	0.0
	5p	-	77	14066.0	8633.0	8698.0	13011.0	44408.0	14.0	30.0	24.0	18.0	9.0	8.0	6.0	14.0	9.0	18.0	11.0	8.00.0	0.0	0.0	0.0	25.0	0.0	11.0	8.0	0.0
	5p	-	78	13748.0	8443.0	8594.0	12593.0	43378.0	20.0	35.0	19.0	14.0	10.0	10.0	5.0	8.0	8.0	17.0	4.0	13.00.0	0.0	0.0	0.0	27.0	0.0	14.0	6.0	0.0
	5p	-	79	13404.0	8398.0	8420.0	12193.0	42415.0	22.0	27.0	12.0	16.0	7.0	12.0	2.0	7.0	14.0	21.0	8.0	14.00.0	0.0	0.0	0.0	28.0	0.0	8.0	14.0	0.0
	5p	-	80	13087.0	8100.0	8258.0	12033.0	41478.0	17.0	30.0	25.0	18.0	12.0	13.0	7.0	12.0	6.0	17.0	3.0	18.00.0	0.0	0.0	0.0	15.0	0.0	7.0	16.0	0.0
	5p	-	81	12641.0	8041.0	8198.0	11640.0	40520.0	21.0	43.0	13.0	9.0	3.0	18.0	8.0	10.0	5.0	7.0	1.0	8.00.0	0.0	0.0	0.0	26.0	0.0	10.0	11.0	0.0
	5p	-	82	12526.0	7885.0	7758.0	11371.0	39540.0	13.0	32.0	14.0	14.0	13.0	4.0	6.0	16.0	3.0	9.0	2.0	21.00.0	0.0	0.0	0.0	14.0	0.0	7.0	7.0	0.0
	5p	-	83	12045.0	7630.0	7651.0	11295.0	38621.0	13.0	26.0	21.0	17.0	9.0	8.0	4.0	12.0	5.0	18.0	5.0	19.00.0	0.0	0.0	0.0	14.0	0.0	7.0	11.0	0.0
	5p	-	84	11891.0	7455.0	7465.0	10929.0	37740.0	12.0	24.0	16.0	15.0	5.0	12.0	4.0	13.0	4.0	8.0	3.0	9.00.0	0.0	0.0	0.0	15.0	0.0	5.0	8.0	0.0
	5p	-	85	11563.0	7273.0	7237.0	10782.0	36855.0	14.0	34.0	9.0	13.0	2.0	15.0	6.0	5.0	10.0	14.0	3.0	18.00.0	0.0	0.0	0.0	18.0	0.0	4.0	11.0	0.0
	5p	-	86	11332.0	6963.0	7172.0	10561.0	36028.0	18.0	29.0	15.0	12.0	9.0	9.0	2.0	5.0	6.0	11.0	6.0	14.00.0	0.0	0.0	0.0	9.0	0.0	4.0	5.0	0.0
	5p	-	87	10970.0	6852.0	7030.0	10335.0	35187.0	17.0	27.0	10.0	13.0	7.0	3.0	3.0	9.0	4.0	5.0	5.0	18.00.0	0.0	0.0	0.0	11.0	0.0	5.0	5.0	0.0
	5p	-	88	10840.0	6874.0	6836.0	9847.0	34397.0	19.0	32.0	17.0	15.0	6.0	19.0	3.0	3.0	5.0	3.0	6.0	13.00.0	0.0	0.0	0.0	11.0	0.0	14.0	6.0	0.0
	5p	-	89	10528.0	6580.0	6686.0	9791.0	33585.0	11.0	23.0	11.0	8.0	7.0	5.0	5.0	13.0	9.0	10.0	1.0	15.00.0	0.0	0.0	0.0	17.0	0.0	4.0	5.0	0.0
	5p	-	90	10261.0	6450.0	6491.0	9594.0	32796.0	13.0	24.0	24.0	12.0	11.0	10.0	3.0	5.0	7.0	16.0	8.0	10.00.0	0.0	0.0	0.0	14.0	0.0	4.0	9.0	0.0
	5p	-	91	10026.0	6301.0	6348.0	9411.0	32086.0	12.0	22.0	13.0	6.0	12.0	10.0	6.0	12.0	5.0	16.0	6.0	10.00.0	0.0	0.0	0.0	8.0	0.0	5.0	6.0	0.0
	5p	-	92	9963.0	6196.0	6145.0	9095.0	31399.0	13.0	19.0	14.0	17.0	5.0	13.0	3.0	4.0	7.0	11.0	3.0	10.00.0	0.0	0.0	0.0	10.0	0.0	1.0	4.0	0.0
	5p	-	93	9621.0	6087.0	6091.0	8966.0	30765.0	21.0	30.0	12.0	11.0	5.0	3.0	4.0	8.0	3.0	10.0	4.0	13.00.0	0.0	0.0	0.0	9.0	0.0	6.0	7.0	0.0
	5p	-	94	9474.0	5876.0	5932.0	8800.0	30082.0	13.0	18.0	7.0	15.0	8.0	4.0	5.0	8.0	4.0	9.0	5.0	17.00.0	0.0	0.0	0.0	9.0	0.0	5.0	5.0	0.0
	5p	-	95	9174.0	5816.0	5852.0	8636.0	29478.0	11.0	12.0	13.0	7.0	9.0	4.0	4.0	6.0	5.0	11.0	3.0	9.00.0	0.0	0.0	0.0	7.0	0.0	4.0	6.0	0.0
	5p	-	96	8978.0	5739.0	5720.0	8418.0	28855.0	15.0	17.0	14.0	8.0	5.0	5.0	0.0	7.0	1.0	11.0	3.0	7.00.0	0.0	0.0	0.0	7.0	0.0	4.0	4.0	0.0
	5p	-	97	8836.0	5565.0	5647.0	8224.0	28272.0	9.0	23.0	11.0	12.0	3.0	6.0	5.0	5.0	5.0	3.0	6.0	9.00.0	0.0	0.0	0.0	4.0	0.0	6.0	5.0	0.0
	5p	-	98	8637.0	5399.0	5515.0	8158.0	27709.0	9.0	12.0	13.0	10.0	7.0	8.0	2.0	6.0	3.0	6.0	5.0	12.00.0	0.0	0.0	0.0	7.0	0.0	6.0	10.0	0.0
	5p	-	99	8477.0	5367.0	5395.0	7897.0	27136.0	12.0	19.0	10.0	5.0	2.0	7.0	1.0	8.0	7.0	13.0	4.0	15.00.0	0.0	0.0	0.0	10.0	0.0	2.0	5.0	0.0
	5p	-	100	8350.0	5375.0	5231.0	7616.0	26572.0	8.0	15.0	4.0	10.0	6.0	2.0	3.0	8.0	5.0	14.0	5.0	8.00.0	0.0	0.0	0.0	10.0	0.0	3.0	11.0	0.0
