# table produced by DamageProfiler
# using mapped file RxA009.ReedbuckBh_Human_nc.Target.rmdup.noMicro.bam
# Sample ID: RxA009.ReedbuckBh_Human_nc.Target.rmdup.noMicro.bam
Chr	End	Std	Pos	A	C	G	T	Total	G>A	C>T	A>G	T>C	A>C	A>T	C>G	C>A	T>G	T>A	G>C	G>T	A>-	T>-	C>-	G>-	->A	->T	->C	->G	S
	3p	+	1	39339.0	18826.0	20095.0	20949.0	99209.0	442.0	2264.0	412.0	356.0	148.0	168.0	91.0	171.0	103.0	190.0	91.0	104.0	0.0	0.0	0.0	0.0	0.0	0.0	0.0	0.0	0.0
	3p	+	2	36377.0	19292.0	20427.0	23116.0	99212.0	459.0	856.0	441.0	289.0	128.0	126.0	83.0	124.0	119.0	147.0	78.0	100.0	0.0	0.0	0.0	0.0	0.0	0.0	0.0	0.0	0.0
	3p	+	3	34235.0	17896.0	22532.0	24553.0	99216.0	433.0	370.0	422.0	284.0	102.0	109.0	92.0	116.0	98.0	116.0	78.0	115.0	0.0	0.0	0.0	0.0	0.0	0.0	0.0	0.0	0.0
	3p	+	4	34940.0	16621.0	21255.0	26399.0	99215.0	377.0	395.0	382.0	308.0	74.0	107.0	72.0	96.0	94.0	101.0	71.0	110.0	0.0	0.0	0.0	0.0	2.0	0.0	1.0	0.0	0.0
	3p	+	5	34714.0	15406.0	22185.0	26903.0	99208.0	381.0	346.0	393.0	263.0	74.0	95.0	76.0	88.0	89.0	85.0	57.0	103.0	0.0	0.0	0.0	0.0	5.0	0.0	2.0	2.0	0.0
	3p	+	6	34943.0	15563.0	22379.0	26305.0	99190.0	359.0	365.0	390.0	237.0	78.0	70.0	83.0	83.0	94.0	73.0	70.0	93.0	0.0	0.0	0.0	0.0	9.0	0.0	6.0	10.0	0.0
	3p	+	7	33761.0	16529.0	21246.0	27640.0	99176.0	341.0	364.0	381.0	257.0	68.0	88.0	54.0	91.0	84.0	67.0	63.0	85.0	0.0	0.0	0.0	0.0	12.0	0.0	9.0	12.0	0.0
	3p	+	8	33794.0	16812.0	20699.0	27861.0	99166.0	346.0	377.0	367.0	255.0	73.0	72.0	74.0	83.0	87.0	65.0	45.0	89.0	0.0	0.0	0.0	0.0	21.0	0.0	10.0	8.0	0.0
	3p	+	9	33186.0	16929.0	20791.0	28260.0	99166.0	344.0	379.0	367.0	264.0	100.0	73.0	64.0	76.0	83.0	72.0	56.0	109.0	0.0	0.0	0.0	0.0	25.0	0.0	6.0	10.0	0.0
	3p	+	10	32678.0	17244.0	20889.0	28324.0	99135.0	358.0	367.0	365.0	260.0	86.0	72.0	70.0	106.0	76.0	84.0	55.0	98.0	0.0	0.0	0.0	0.0	30.0	0.0	11.0	18.0	0.0
	3p	+	11	32606.0	17351.0	20864.0	28313.0	99134.0	323.0	362.0	347.0	279.0	76.0	65.0	68.0	91.0	100.0	53.0	51.0	80.0	0.0	0.0	0.0	0.0	35.0	0.0	16.0	15.0	0.0
	3p	+	12	32217.0	17499.0	21137.0	28283.0	99136.0	310.0	389.0	365.0	292.0	85.0	61.0	64.0	93.0	79.0	61.0	55.0	101.0	0.0	0.0	0.0	0.0	29.0	0.0	11.0	17.0	0.0
	3p	+	13	32064.0	17742.0	21120.0	28200.0	99126.0	334.0	383.0	378.0	285.0	63.0	59.0	82.0	84.0	93.0	75.0	74.0	85.0	0.0	0.0	0.0	0.0	23.0	0.0	20.0	19.0	0.0
	3p	+	14	32056.0	17576.0	20945.0	28566.0	99143.0	326.0	368.0	376.0	268.0	84.0	76.0	54.0	73.0	83.0	71.0	68.0	98.0	0.0	0.0	0.0	0.0	28.0	0.0	16.0	10.0	0.0
	3p	+	15	32024.0	17587.0	21153.0	28366.0	99130.0	314.0	384.0	367.0	283.0	97.0	63.0	75.0	89.0	73.0	63.0	70.0	77.0	0.0	0.0	0.0	0.0	39.0	0.0	11.0	9.0	0.0
	3p	+	16	32065.0	17724.0	21130.0	28199.0	99118.0	332.0	344.0	356.0	285.0	95.0	74.0	62.0	92.0	111.0	61.0	58.0	106.0	0.0	0.0	0.0	0.0	39.0	0.0	11.0	18.0	0.0
	3p	+	17	31848.0	17731.0	21044.0	28483.0	99106.0	335.0	371.0	362.0	272.0	67.0	80.0	77.0	56.0	86.0	64.0	67.0	77.0	0.0	0.0	0.0	0.0	39.0	0.0	22.0	18.0	0.0
	3p	+	18	31839.0	17788.0	20940.0	28529.0	99096.0	323.0	406.0	371.0	262.0	80.0	75.0	58.0	83.0	90.0	62.0	54.0	105.0	0.0	0.0	0.0	0.0	57.0	0.0	15.0	21.0	0.0
	3p	+	19	31860.0	18012.0	20887.0	28339.0	99098.0	300.0	356.0	323.0	258.0	80.0	53.0	70.0	83.0	94.0	73.0	54.0	84.0	0.0	0.0	0.0	0.0	49.0	0.0	15.0	23.0	0.0
	3p	+	20	31718.0	17885.0	21009.0	28487.0	99099.0	346.0	370.0	371.0	273.0	87.0	60.0	66.0	75.0	84.0	71.0	61.0	89.0	0.0	0.0	0.0	0.0	40.0	0.0	18.0	21.0	0.0
	3p	+	21	31534.0	17946.0	21127.0	28495.0	99102.0	312.0	378.0	373.0	280.0	96.0	57.0	56.0	78.0	93.0	59.0	58.0	92.0	0.0	0.0	0.0	0.0	47.0	0.0	16.0	19.0	0.0
	3p	+	22	31787.0	17735.0	20936.0	28656.0	99114.0	371.0	368.0	353.0	248.0	79.0	57.0	64.0	76.0	77.0	73.0	52.0	102.0	0.0	0.0	0.0	0.0	38.0	0.0	17.0	16.0	0.0
	3p	+	23	31780.0	17744.0	21216.0	28373.0	99113.0	305.0	380.0	356.0	284.0	75.0	68.0	57.0	76.0	96.0	72.0	70.0	62.0	0.0	0.0	0.0	0.0	44.0	0.0	15.0	18.0	0.0
	3p	+	24	32177.0	17691.0	21125.0	28120.0	99113.0	351.0	376.0	369.0	292.0	85.0	68.0	74.0	82.0	79.0	62.0	49.0	95.0	0.0	0.0	0.0	0.0	43.0	0.0	15.0	16.0	0.0
	3p	+	25	31729.0	17710.0	21319.0	28341.0	99099.0	303.0	389.0	382.0	298.0	71.0	63.0	57.0	86.0	81.0	69.0	63.0	90.0	0.0	0.0	0.0	0.0	45.0	0.0	11.0	23.0	0.0
	3p	+	26	31903.0	17712.0	21254.0	28228.0	99097.0	311.0	408.0	384.0	257.0	80.0	70.0	57.0	78.0	103.0	54.0	81.0	92.0	0.0	0.0	0.0	0.0	49.0	0.0	19.0	22.0	0.0
	3p	+	27	31698.0	17670.0	21384.0	28366.0	99118.0	303.0	398.0	366.0	281.0	90.0	74.0	58.0	82.0	85.0	58.0	64.0	96.0	0.0	0.0	0.0	0.0	40.0	0.0	12.0	15.0	0.0
	3p	+	28	31919.0	17750.0	21348.0	28084.0	99101.0	340.0	380.0	366.0	268.0	76.0	73.0	67.0	114.0	97.0	66.0	65.0	107.0	0.0	0.0	0.0	0.0	50.0	0.0	10.0	20.0	0.0
	3p	+	29	31938.0	17714.0	21606.0	27859.0	99117.0	362.0	414.0	371.0	284.0	89.0	78.0	74.0	94.0	78.0	67.0	73.0	106.0	0.0	0.0	0.0	0.0	42.0	0.0	12.0	20.0	0.0
	3p	+	30	32041.0	17654.0	21222.0	28217.0	99134.0	353.0	395.0	401.0	251.0	92.0	104.0	73.0	104.0	92.0	111.0	54.0	116.0	0.0	0.0	0.0	0.0	33.0	0.0	7.0	15.0	0.0
	3p	+	31	30274.0	16774.0	20097.0	26845.0	93990.0	341.0	419.0	401.0	289.0	97.0	104.0	61.0	103.0	97.0	95.0	67.0	102.0	0.0	0.0	0.0	0.0	36.0	0.0	10.0	21.0	0.0
	3p	+	32	29131.0	15741.0	19038.0	25186.0	89096.0	319.0	349.0	368.0	269.0	94.0	119.0	67.0	102.0	88.0	91.0	52.0	101.0	0.0	0.0	0.0	0.0	37.0	0.0	11.0	10.0	0.0
	3p	+	33	27219.0	14733.0	18218.0	23891.0	84061.0	297.0	369.0	382.0	264.0	65.0	98.0	50.0	73.0	84.0	81.0	58.0	111.0	0.0	0.0	0.0	0.0	30.0	0.0	14.0	15.0	0.0
	3p	+	34	25517.0	13749.0	16945.0	22783.0	78994.0	303.0	324.0	321.0	249.0	64.0	88.0	67.0	87.0	75.0	101.0	65.0	95.0	0.0	0.0	0.0	0.0	26.0	0.0	5.0	9.0	0.0
	3p	+	35	24065.0	12918.0	15713.0	21415.0	74111.0	269.0	312.0	320.0	207.0	84.0	90.0	57.0	60.0	70.0	86.0	50.0	69.0	0.0	0.0	0.0	0.0	27.0	0.0	10.0	12.0	0.0
	3p	+	36	22429.0	11943.0	14985.0	20012.0	69369.0	292.0	309.0	267.0	210.0	72.0	89.0	63.0	76.0	58.0	71.0	60.0	86.0	0.0	0.0	0.0	0.0	15.0	0.0	4.0	13.0	0.0
	3p	+	37	20753.0	11234.0	13668.0	18865.0	64520.0	225.0	254.0	280.0	202.0	58.0	53.0	50.0	49.0	49.0	89.0	36.0	78.0	0.0	0.0	0.0	0.0	26.0	0.0	3.0	9.0	0.0
	3p	+	38	19555.0	10487.0	12616.0	17254.0	59912.0	217.0	263.0	257.0	177.0	51.0	66.0	51.0	62.0	62.0	81.0	43.0	86.0	0.0	0.0	0.0	0.0	20.0	0.0	10.0	8.0	0.0
	3p	+	39	17972.0	9544.0	11799.0	16164.0	55479.0	215.0	238.0	242.0	158.0	58.0	76.0	47.0	61.0	57.0	71.0	34.0	64.0	0.0	0.0	0.0	0.0	21.0	0.0	7.0	7.0	0.0
	3p	+	40	16722.0	8989.0	10898.0	14878.0	51487.0	185.0	250.0	209.0	151.0	49.0	60.0	31.0	59.0	34.0	67.0	31.0	62.0	0.0	0.0	0.0	0.0	13.0	0.0	6.0	12.0	0.0
	3p	+	41	15378.0	8120.0	10208.0	13691.0	47397.0	175.0	190.0	216.0	143.0	55.0	59.0	39.0	53.0	58.0	57.0	26.0	64.0	0.0	0.0	0.0	0.0	18.0	0.0	7.0	4.0	0.0
	3p	+	42	14179.0	7469.0	9189.0	12714.0	43551.0	144.0	216.0	177.0	131.0	39.0	61.0	51.0	47.0	44.0	37.0	27.0	59.0	0.0	0.0	0.0	0.0	14.0	0.0	8.0	11.0	0.0
	3p	+	43	12974.0	6842.0	8385.0	11711.0	39912.0	169.0	188.0	171.0	137.0	43.0	50.0	30.0	44.0	50.0	57.0	27.0	54.0	0.0	0.0	0.0	0.0	12.0	0.0	1.0	7.0	0.0
	3p	+	44	11778.0	6278.0	7715.0	10712.0	36483.0	154.0	155.0	153.0	103.0	34.0	49.0	34.0	50.0	47.0	49.0	32.0	54.0	0.0	0.0	0.0	0.0	9.0	0.0	4.0	6.0	0.0
	3p	+	45	10887.0	5639.0	6898.0	9857.0	33281.0	113.0	138.0	147.0	103.0	39.0	44.0	22.0	32.0	33.0	35.0	24.0	51.0	0.0	0.0	0.0	0.0	7.0	0.0	2.0	9.0	0.0
	3p	+	46	9835.0	5142.0	6326.0	8933.0	30236.0	105.0	156.0	144.0	87.0	32.0	50.0	25.0	36.0	31.0	67.0	16.0	46.0	0.0	0.0	0.0	0.0	15.0	0.0	4.0	5.0	0.0
	3p	+	47	8923.0	4649.0	5771.0	8090.0	27433.0	95.0	111.0	111.0	99.0	33.0	48.0	17.0	30.0	18.0	44.0	21.0	29.0	0.0	0.0	0.0	0.0	12.0	0.0	0.0	3.0	0.0
	3p	+	48	8063.0	4187.0	5217.0	7315.0	24782.0	95.0	122.0	109.0	82.0	27.0	35.0	22.0	28.0	30.0	44.0	12.0	34.0	0.0	0.0	0.0	0.0	3.0	0.0	6.0	7.0	0.0
	3p	+	49	7331.0	3791.0	4631.0	6652.0	22405.0	87.0	99.0	101.0	90.0	30.0	38.0	21.0	30.0	19.0	35.0	16.0	26.0	0.0	0.0	0.0	0.0	6.0	0.0	2.0	2.0	0.0
	3p	+	50	6577.0	3405.0	4209.0	5957.0	20148.0	82.0	86.0	84.0	57.0	25.0	35.0	23.0	19.0	21.0	29.0	8.0	24.0	0.0	0.0	0.0	0.0	2.0	0.0	4.0	4.0	0.0
	3p	+	51	5893.0	3145.0	3739.0	5408.0	18185.0	72.0	76.0	73.0	60.0	17.0	25.0	11.0	15.0	25.0	31.0	14.0	23.0	0.0	0.0	0.0	0.0	6.0	0.0	1.0	3.0	0.0
	3p	+	52	5369.0	2742.0	3367.0	4888.0	16366.0	66.0	76.0	73.0	49.0	24.0	18.0	12.0	16.0	16.0	19.0	15.0	24.0	0.0	0.0	0.0	0.0	5.0	0.0	0.0	3.0	0.0
	3p	+	53	4804.0	2524.0	3012.0	4359.0	14699.0	56.0	81.0	62.0	45.0	15.0	24.0	8.0	15.0	25.0	15.0	15.0	17.0	0.0	0.0	0.0	0.0	3.0	0.0	2.0	2.0	0.0
	3p	+	54	4225.0	2237.0	2776.0	4016.0	13254.0	51.0	55.0	59.0	38.0	21.0	17.0	8.0	18.0	16.0	16.0	7.0	21.0	0.0	0.0	0.0	0.0	2.0	0.0	1.0	0.0	0.0
	3p	+	55	3876.0	1954.0	2400.0	3632.0	11862.0	37.0	55.0	49.0	37.0	10.0	12.0	6.0	15.0	15.0	23.0	7.0	17.0	0.0	0.0	0.0	0.0	2.0	0.0	0.0	1.0	0.0
	3p	+	56	3407.0	1785.0	2203.0	3180.0	10575.0	36.0	48.0	40.0	36.0	10.0	15.0	6.0	12.0	13.0	21.0	7.0	20.0	0.0	0.0	0.0	0.0	3.0	0.0	1.0	2.0	0.0
	3p	+	57	2943.0	1705.0	1983.0	2872.0	9503.0	30.0	41.0	33.0	37.0	6.0	19.0	14.0	11.0	6.0	16.0	8.0	22.0	0.0	0.0	0.0	0.0	2.0	0.0	0.0	0.0	0.0
	3p	+	58	2775.0	1404.0	1847.0	2547.0	8573.0	27.0	37.0	35.0	26.0	9.0	14.0	8.0	13.0	7.0	11.0	4.0	7.0	0.0	0.0	0.0	0.0	2.0	0.0	1.0	1.0	0.0
	3p	+	59	2497.0	1297.0	1579.0	2306.0	7679.0	36.0	39.0	33.0	24.0	9.0	12.0	5.0	11.0	4.0	11.0	6.0	11.0	0.0	0.0	0.0	0.0	1.0	0.0	0.0	0.0	0.0
	3p	+	60	2197.0	1155.0	1383.0	2065.0	6800.0	22.0	37.0	45.0	29.0	9.0	8.0	3.0	8.0	7.0	6.0	4.0	7.0	0.0	0.0	0.0	0.0	3.0	0.0	1.0	0.0	0.0
	3p	+	61	1872.0	1019.0	1243.0	1913.0	6047.0	23.0	27.0	20.0	18.0	8.0	16.0	3.0	6.0	5.0	10.0	3.0	13.0	0.0	0.0	0.0	0.0	0.0	0.0	0.0	1.0	0.0
	3p	+	62	1753.0	933.0	1066.0	1628.0	5380.0	17.0	29.0	19.0	14.0	5.0	5.0	5.0	7.0	8.0	11.0	5.0	10.0	0.0	0.0	0.0	0.0	1.0	0.0	0.0	0.0	0.0
	3p	+	63	1513.0	903.0	1007.0	1413.0	4836.0	20.0	19.0	21.0	10.0	5.0	6.0	5.0	4.0	9.0	5.0	2.0	6.0	0.0	0.0	0.0	0.0	0.0	0.0	0.0	0.0	0.0
	3p	+	64	1367.0	748.0	900.0	1338.0	4353.0	11.0	14.0	17.0	14.0	7.0	9.0	6.0	4.0	5.0	5.0	2.0	6.0	0.0	0.0	0.0	0.0	0.0	0.0	0.0	1.0	0.0
	3p	+	65	1207.0	668.0	826.0	1204.0	3905.0	15.0	20.0	22.0	18.0	5.0	3.0	4.0	6.0	4.0	3.0	3.0	8.0	0.0	0.0	0.0	0.0	0.0	0.0	0.0	0.0	0.0
	3p	+	66	1090.0	574.0	719.0	1075.0	3458.0	11.0	9.0	17.0	12.0	5.0	9.0	2.0	1.0	4.0	3.0	0.0	5.0	0.0	0.0	0.0	0.0	1.0	0.0	0.0	0.0	0.0
	3p	+	67	953.0	566.0	617.0	948.0	3084.0	11.0	16.0	11.0	12.0	5.0	11.0	3.0	3.0	2.0	3.0	1.0	7.0	0.0	0.0	0.0	0.0	0.0	0.0	0.0	1.0	0.0
	3p	+	68	899.0	443.0	592.0	840.0	2774.0	13.0	16.0	9.0	11.0	2.0	6.0	1.0	5.0	4.0	2.0	1.0	4.0	0.0	0.0	0.0	0.0	1.0	0.0	0.0	0.0	0.0
	3p	+	69	750.0	476.0	476.0	777.0	2479.0	6.0	12.0	12.0	8.0	2.0	5.0	1.0	5.0	3.0	9.0	0.0	4.0	0.0	0.0	0.0	0.0	0.0	0.0	0.0	0.0	0.0
	3p	+	70	689.0	386.0	440.0	712.0	2227.0	5.0	8.0	9.0	5.0	5.0	1.0	1.0	1.0	3.0	3.0	2.0	2.0	0.0	0.0	0.0	0.0	0.0	0.0	0.0	0.0	0.0
	3p	+	71	627.0	358.0	409.0	608.0	2002.0	4.0	8.0	5.0	5.0	5.0	4.0	0.0	2.0	2.0	1.0	2.0	1.0	0.0	0.0	0.0	0.0	0.0	0.0	0.0	0.0	0.0
	3p	+	72	514.0	323.0	375.0	556.0	1768.0	4.0	8.0	5.0	4.0	0.0	6.0	2.0	3.0	0.0	1.0	0.0	1.0	0.0	0.0	0.0	0.0	0.0	0.0	0.0	0.0	0.0
	3p	+	73	503.0	274.0	332.0	493.0	1602.0	4.0	6.0	8.0	5.0	1.0	5.0	2.0	5.0	1.0	0.0	3.0	2.0	0.0	0.0	0.0	0.0	0.0	0.0	0.0	2.0	0.0
	3p	+	74	456.0	242.0	293.0	433.0	1424.0	7.0	7.0	8.0	6.0	3.0	0.0	2.0	0.0	0.0	2.0	0.0	6.0	0.0	0.0	0.0	0.0	0.0	0.0	0.0	2.0	0.0
	3p	+	75	393.0	225.0	239.0	412.0	1269.0	2.0	7.0	3.0	4.0	1.0	1.0	1.0	3.0	1.0	2.0	1.0	1.0	0.0	0.0	0.0	0.0	0.0	0.0	0.0	0.0	0.0
	3p	+	76	343.0	196.0	237.0	358.0	1134.0	4.0	1.0	6.0	1.0	1.0	4.0	1.0	0.0	3.0	3.0	2.0	1.0	0.0	0.0	0.0	0.0	0.0	0.0	0.0	1.0	0.0
	3p	+	77	293.0	165.0	212.0	340.0	1010.0	5.0	2.0	2.0	1.0	0.0	2.0	2.0	2.0	0.0	2.0	0.0	0.0	0.0	0.0	0.0	0.0	0.0	0.0	0.0	0.0	0.0
	3p	+	78	261.0	190.0	182.0	280.0	913.0	4.0	4.0	1.0	3.0	0.0	0.0	2.0	0.0	2.0	2.0	0.0	2.0	0.0	0.0	0.0	0.0	0.0	0.0	0.0	0.0	0.0
	3p	+	79	258.0	165.0	167.0	233.0	823.0	4.0	8.0	3.0	2.0	3.0	1.0	0.0	1.0	2.0	1.0	0.0	0.0	0.0	0.0	0.0	0.0	0.0	0.0	0.0	0.0	0.0
	3p	+	80	208.0	143.0	145.0	240.0	736.0	2.0	4.0	3.0	3.0	1.0	2.0	2.0	2.0	0.0	1.0	1.0	0.0	0.0	0.0	0.0	0.0	0.0	0.0	0.0	0.0	0.0
	3p	+	81	188.0	123.0	122.0	225.0	658.0	1.0	2.0	4.0	2.0	1.0	0.0	2.0	1.0	1.0	1.0	2.0	0.0	0.0	0.0	0.0	0.0	0.0	0.0	0.0	0.0	0.0
	3p	+	82	196.0	93.0	110.0	193.0	592.0	2.0	0.0	1.0	4.0	0.0	2.0	0.0	1.0	1.0	1.0	0.0	0.0	0.0	0.0	0.0	0.0	0.0	0.0	0.0	0.0	0.0
	3p	+	83	158.0	103.0	108.0	169.0	538.0	2.0	9.0	1.0	5.0	1.0	0.0	0.0	1.0	1.0	1.0	0.0	0.0	0.0	0.0	0.0	0.0	0.0	0.0	0.0	0.0	0.0
	3p	+	84	137.0	86.0	104.0	152.0	479.0	2.0	2.0	1.0	1.0	0.0	0.0	0.0	1.0	0.0	2.0	1.0	0.0	0.0	0.0	0.0	0.0	0.0	0.0	0.0	0.0	0.0
	3p	+	85	126.0	72.0	89.0	137.0	424.0	0.0	4.0	2.0	3.0	1.0	0.0	0.0	0.0	1.0	1.0	0.0	1.0	0.0	0.0	0.0	0.0	0.0	0.0	0.0	0.0	0.0
	3p	+	86	126.0	62.0	77.0	124.0	389.0	0.0	0.0	2.0	0.0	0.0	1.0	0.0	0.0	1.0	1.0	0.0	0.0	0.0	0.0	0.0	0.0	0.0	0.0	0.0	0.0	0.0
	3p	+	87	102.0	71.0	73.0	114.0	360.0	3.0	2.0	0.0	1.0	1.0	1.0	0.0	1.0	0.0	1.0	0.0	0.0	0.0	0.0	0.0	0.0	0.0	0.0	0.0	0.0	0.0
	3p	+	88	96.0	62.0	69.0	100.0	327.0	0.0	0.0	2.0	2.0	0.0	0.0	0.0	0.0	0.0	1.0	0.0	0.0	0.0	0.0	0.0	0.0	0.0	0.0	0.0	0.0	0.0
	3p	+	89	96.0	46.0	50.0	100.0	292.0	3.0	1.0	0.0	0.0	0.0	1.0	0.0	0.0	0.0	0.0	0.0	1.0	0.0	0.0	0.0	0.0	0.0	0.0	0.0	0.0	0.0
	3p	+	90	78.0	47.0	54.0	78.0	257.0	2.0	1.0	0.0	1.0	1.0	1.0	1.0	0.0	0.0	0.0	0.0	0.0	0.0	0.0	0.0	0.0	0.0	0.0	0.0	0.0	0.0
	3p	+	91	74.0	31.0	56.0	78.0	239.0	0.0	1.0	1.0	1.0	0.0	0.0	0.0	0.0	0.0	1.0	0.0	0.0	0.0	0.0	0.0	0.0	0.0	0.0	0.0	0.0	0.0
	3p	+	92	65.0	37.0	43.0	78.0	223.0	0.0	3.0	1.0	0.0	0.0	0.0	0.0	0.0	0.0	0.0	0.0	0.0	0.0	0.0	0.0	0.0	0.0	0.0	0.0	0.0	0.0
	3p	+	93	58.0	48.0	33.0	64.0	203.0	1.0	5.0	0.0	0.0	0.0	1.0	1.0	0.0	1.0	0.0	0.0	0.0	0.0	0.0	0.0	0.0	0.0	0.0	0.0	0.0	0.0
	3p	+	94	61.0	34.0	47.0	44.0	186.0	1.0	2.0	0.0	0.0	0.0	0.0	0.0	0.0	0.0	0.0	0.0	0.0	0.0	0.0	0.0	0.0	0.0	0.0	0.0	0.0	0.0
	3p	+	95	59.0	35.0	26.0	51.0	171.0	2.0	0.0	0.0	0.0	1.0	0.0	0.0	0.0	1.0	0.0	0.0	0.0	0.0	0.0	0.0	0.0	0.0	0.0	0.0	0.0	0.0
	3p	+	96	32.0	36.0	34.0	58.0	160.0	0.0	0.0	1.0	0.0	0.0	0.0	0.0	0.0	0.0	0.0	0.0	0.0	0.0	0.0	0.0	0.0	0.0	0.0	0.0	0.0	0.0
	3p	+	97	42.0	31.0	23.0	52.0	148.0	1.0	0.0	1.0	0.0	0.0	0.0	0.0	0.0	0.0	0.0	0.0	1.0	0.0	0.0	0.0	0.0	0.0	0.0	0.0	0.0	0.0
	3p	+	98	35.0	32.0	33.0	37.0	137.0	0.0	1.0	1.0	0.0	0.0	0.0	0.0	1.0	0.0	0.0	0.0	0.0	0.0	0.0	0.0	0.0	0.0	0.0	0.0	0.0	0.0
	3p	+	99	43.0	15.0	26.0	44.0	128.0	0.0	1.0	0.0	0.0	0.0	0.0	0.0	0.0	0.0	1.0	0.0	0.0	0.0	0.0	0.0	0.0	0.0	0.0	0.0	0.0	0.0
	3p	+	100	36.0	18.0	27.0	32.0	113.0	0.0	0.0	0.0	0.0	0.0	0.0	0.0	0.0	0.0	0.0	0.0	1.0	0.0	0.0	0.0	0.0	0.0	0.0	0.0	0.0	0.0
	3p	-	1	39038.0	18897.0	20171.0	21065.0	99171.0	428.0	2227.0	408.0	308.0	119.0	144.0	75.0	151.0	120.0	175.0	87.0	83.00.0	0.0	0.0	0.0	0.0	0.0	0.0	0.0	0.0
	3p	-	2	36031.0	19219.0	20152.0	23777.0	99179.0	413.0	825.0	407.0	335.0	130.0	123.0	66.0	126.0	75.0	130.0	70.0	102.00.0	0.0	0.0	0.0	1.0	0.0	1.0	1.0	0.0
	3p	-	3	33817.0	17996.0	22191.0	25167.0	99171.0	388.0	351.0	431.0	328.0	99.0	105.0	72.0	120.0	110.0	121.0	89.0	86.00.0	0.0	0.0	0.0	7.0	0.0	0.0	1.0	0.0
	3p	-	4	34343.0	16520.0	21442.0	26827.0	99132.0	358.0	374.0	353.0	266.0	100.0	90.0	73.0	87.0	95.0	89.0	76.0	107.00.0	0.0	0.0	0.0	29.0	0.0	6.0	5.0	0.0
	3p	-	5	34108.0	15665.0	22109.0	27237.0	99119.0	367.0	385.0	389.0	255.0	82.0	80.0	54.0	82.0	100.0	90.0	63.0	107.00.0	0.0	0.0	0.0	33.0	0.0	4.0	13.0	0.0
	3p	-	6	34636.0	15503.0	22417.0	26544.0	99100.0	353.0	364.0	407.0	223.0	82.0	92.0	76.0	94.0	96.0	100.0	64.0	100.00.0	0.0	0.0	0.0	38.0	0.0	9.0	11.0	0.0
	3p	-	7	33455.0	16528.0	21345.0	27776.0	99104.0	352.0	377.0	368.0	270.0	114.0	69.0	70.0	68.0	94.0	76.0	59.0	86.00.0	0.0	0.0	0.0	30.0	0.0	11.0	9.0	0.0
	3p	-	8	33618.0	16819.0	20814.0	27842.0	99093.0	373.0	355.0	370.0	244.0	76.0	51.0	69.0	77.0	92.0	66.0	58.0	97.00.0	0.0	0.0	0.0	31.0	0.0	5.0	19.0	0.0
	3p	-	9	32891.0	16983.0	20926.0	28288.0	99088.0	314.0	349.0	380.0	260.0	65.0	68.0	60.0	76.0	69.0	71.0	38.0	88.00.0	0.0	0.0	0.0	38.0	0.0	13.0	21.0	0.0
	3p	-	10	32438.0	17233.0	20916.0	28507.0	99094.0	335.0	355.0	385.0	266.0	68.0	69.0	64.0	79.0	85.0	70.0	47.0	92.00.0	0.0	0.0	0.0	34.0	0.0	10.0	14.0	0.0
	3p	-	11	31982.0	17558.0	20830.0	28707.0	99077.0	302.0	384.0	382.0	283.0	85.0	58.0	62.0	84.0	82.0	66.0	59.0	110.00.0	0.0	0.0	0.0	39.0	0.0	17.0	17.0	0.0
	3p	-	12	32117.0	17582.0	20973.0	28404.0	99076.0	311.0	365.0	353.0	272.0	80.0	69.0	75.0	78.0	99.0	71.0	57.0	110.00.0	0.0	0.0	0.0	41.0	0.0	14.0	18.0	0.0
	3p	-	13	31965.0	17381.0	21055.0	28655.0	99056.0	334.0	345.0	391.0	287.0	83.0	70.0	68.0	68.0	97.0	67.0	55.0	92.00.0	0.0	0.0	0.0	51.0	0.0	16.0	23.0	0.0
	3p	-	14	31580.0	17580.0	21036.0	28874.0	99070.0	330.0	361.0	378.0	284.0	74.0	64.0	64.0	78.0	83.0	68.0	56.0	95.00.0	0.0	0.0	0.0	38.0	0.0	22.0	25.0	0.0
	3p	-	15	31705.0	17718.0	21091.0	28570.0	99084.0	344.0	382.0	369.0	264.0	81.0	71.0	86.0	84.0	88.0	67.0	48.0	118.00.0	0.0	0.0	0.0	46.0	0.0	8.0	16.0	0.0
	3p	-	16	31388.0	17541.0	21432.0	28719.0	99080.0	330.0	373.0	339.0	284.0	91.0	62.0	71.0	80.0	80.0	68.0	68.0	103.00.0	0.0	0.0	0.0	47.0	0.0	12.0	15.0	0.0
	3p	-	17	31563.0	17640.0	21021.0	28853.0	99077.0	312.0	386.0	352.0	298.0	76.0	73.0	64.0	82.0	83.0	64.0	58.0	98.00.0	0.0	0.0	0.0	57.0	0.0	17.0	11.0	0.0
	3p	-	18	31542.0	17615.0	21259.0	28668.0	99084.0	341.0	347.0	348.0	261.0	71.0	75.0	56.0	78.0	77.0	69.0	69.0	107.00.0	0.0	0.0	0.0	41.0	0.0	13.0	20.0	0.0
	3p	-	19	31518.0	17710.0	21163.0	28690.0	99081.0	330.0	365.0	367.0	292.0	68.0	71.0	72.0	95.0	80.0	70.0	49.0	106.00.0	0.0	0.0	0.0	47.0	0.0	12.0	15.0	0.0
	3p	-	20	31566.0	17749.0	21113.0	28674.0	99102.0	316.0	352.0	356.0	278.0	66.0	51.0	66.0	94.0	92.0	75.0	68.0	97.00.0	0.0	0.0	0.0	40.0	0.0	11.0	14.0	0.0
	3p	-	21	31569.0	17883.0	21052.0	28581.0	99085.0	314.0	352.0	375.0	278.0	88.0	61.0	67.0	83.0	99.0	78.0	62.0	94.00.0	0.0	0.0	0.0	46.0	0.0	9.0	20.0	0.0
	3p	-	22	31610.0	17627.0	21142.0	28703.0	99082.0	335.0	374.0	349.0	292.0	86.0	64.0	47.0	71.0	101.0	58.0	58.0	100.00.0	0.0	0.0	0.0	35.0	0.0	11.0	24.0	0.0
	3p	-	23	31673.0	17645.0	21199.0	28569.0	99086.0	365.0	384.0	382.0	312.0	76.0	77.0	55.0	92.0	85.0	62.0	55.0	110.00.0	0.0	0.0	0.0	37.0	0.0	14.0	20.0	0.0
	3p	-	24	31602.0	17870.0	21282.0	28331.0	99085.0	315.0	402.0	427.0	276.0	65.0	78.0	69.0	82.0	103.0	58.0	61.0	90.00.0	0.0	0.0	0.0	43.0	0.0	14.0	17.0	0.0
	3p	-	25	31617.0	17860.0	21144.0	28469.0	99090.0	314.0	385.0	402.0	310.0	94.0	63.0	62.0	88.0	94.0	57.0	49.0	87.00.0	0.0	0.0	0.0	29.0	0.0	14.0	20.0	0.0
	3p	-	26	31346.0	17845.0	21370.0	28522.0	99083.0	318.0	372.0	355.0	273.0	87.0	72.0	60.0	70.0	87.0	67.0	59.0	90.00.0	0.0	0.0	0.0	30.0	0.0	13.0	28.0	0.0
	3p	-	27	31295.0	17773.0	21683.0	28350.0	99101.0	320.0	361.0	348.0	288.0	61.0	67.0	61.0	86.0	85.0	69.0	58.0	111.00.0	0.0	0.0	0.0	26.0	0.0	16.0	18.0	0.0
	3p	-	28	31111.0	17695.0	21814.0	28480.0	99100.0	325.0	362.0	351.0	295.0	91.0	64.0	62.0	80.0	93.0	70.0	48.0	105.00.0	0.0	0.0	0.0	29.0	0.0	8.0	21.0	0.0
	3p	-	29	31158.0	17697.0	21617.0	28637.0	99109.0	310.0	397.0	387.0	303.0	79.0	93.0	81.0	84.0	87.0	73.0	55.0	90.00.0	0.0	0.0	0.0	31.0	0.0	9.0	9.0	0.0
	3p	-	30	31521.0	17900.0	21455.0	28248.0	99124.0	338.0	412.0	389.0	292.0	108.0	95.0	62.0	83.0	117.0	98.0	71.0	146.00.0	0.0	0.0	0.0	30.0	0.0	8.0	5.0	0.0
	3p	-	31	30015.0	16841.0	20380.0	27040.0	94276.0	325.0	420.0	366.0	289.0	84.0	108.0	59.0	95.0	105.0	89.0	53.0	108.00.0	0.0	0.0	0.0	25.0	0.0	8.0	11.0	0.0
	3p	-	32	28416.0	15985.0	19287.0	25769.0	89457.0	321.0	380.0	380.0	270.0	77.0	83.0	66.0	96.0	79.0	95.0	59.0	97.00.0	0.0	0.0	0.0	23.0	0.0	8.0	14.0	0.0
	3p	-	33	27129.0	14944.0	18121.0	24371.0	84565.0	305.0	371.0	377.0	271.0	65.0	84.0	58.0	89.0	64.0	93.0	47.0	109.00.0	0.0	0.0	0.0	17.0	0.0	7.0	9.0	0.0
	3p	-	34	25583.0	14079.0	16925.0	22893.0	79480.0	287.0	355.0	349.0	224.0	68.0	85.0	48.0	96.0	81.0	85.0	50.0	90.00.0	0.0	0.0	0.0	14.0	0.0	6.0	8.0	0.0
	3p	-	35	23951.0	13192.0	15901.0	21523.0	74567.0	235.0	321.0	305.0	235.0	81.0	84.0	53.0	59.0	82.0	87.0	50.0	68.00.0	0.0	0.0	0.0	20.0	0.0	7.0	8.0	0.0
	3p	-	36	22562.0	12049.0	15044.0	20043.0	69698.0	251.0	281.0	287.0	223.0	57.0	86.0	47.0	81.0	53.0	79.0	50.0	87.00.0	0.0	0.0	0.0	11.0	0.0	8.0	16.0	0.0
	3p	-	37	20836.0	11369.0	13805.0	18916.0	64926.0	232.0	267.0	272.0	183.0	55.0	72.0	60.0	79.0	77.0	62.0	49.0	74.00.0	0.0	0.0	0.0	21.0	0.0	5.0	8.0	0.0
	3p	-	38	19565.0	10542.0	12849.0	17522.0	60478.0	204.0	273.0	264.0	186.0	60.0	73.0	47.0	73.0	46.0	73.0	50.0	86.00.0	0.0	0.0	0.0	20.0	0.0	8.0	8.0	0.0
	3p	-	39	18188.0	9753.0	11844.0	16319.0	56104.0	197.0	246.0	227.0	160.0	60.0	67.0	43.0	64.0	57.0	54.0	34.0	71.00.0	0.0	0.0	0.0	9.0	0.0	5.0	5.0	0.0
	3p	-	40	16738.0	9056.0	11019.0	15062.0	51875.0	181.0	232.0	217.0	136.0	48.0	71.0	45.0	62.0	47.0	76.0	28.0	57.00.0	0.0	0.0	0.0	9.0	0.0	5.0	5.0	0.0
	3p	-	41	15439.0	8381.0	10115.0	13906.0	47841.0	177.0	224.0	215.0	151.0	53.0	71.0	22.0	40.0	47.0	47.0	52.0	61.00.0	0.0	0.0	0.0	8.0	0.0	4.0	5.0	0.0
	3p	-	42	14150.0	7483.0	9417.0	12857.0	43907.0	164.0	221.0	160.0	137.0	47.0	46.0	35.0	49.0	40.0	72.0	27.0	44.00.0	0.0	0.0	0.0	11.0	0.0	11.0	5.0	0.0
	3p	-	43	13110.0	6833.0	8513.0	11777.0	40233.0	143.0	214.0	171.0	122.0	42.0	64.0	36.0	52.0	36.0	58.0	24.0	48.00.0	0.0	0.0	0.0	10.0	0.0	3.0	1.0	0.0
	3p	-	44	11829.0	6325.0	7653.0	10867.0	36674.0	140.0	157.0	175.0	106.0	32.0	51.0	33.0	47.0	44.0	46.0	27.0	46.00.0	0.0	0.0	0.0	3.0	0.0	5.0	9.0	0.0
	3p	-	45	10560.0	5736.0	7138.0	9964.0	33398.0	138.0	141.0	118.0	116.0	35.0	53.0	34.0	45.0	46.0	40.0	25.0	44.00.0	0.0	0.0	0.0	7.0	0.0	0.0	5.0	0.0
	3p	-	46	9706.0	5215.0	6377.0	9051.0	30349.0	120.0	138.0	108.0	92.0	36.0	41.0	25.0	32.0	28.0	46.0	21.0	57.00.0	0.0	0.0	0.0	7.0	0.0	1.0	3.0	0.0
	3p	-	47	8911.0	4720.0	5752.0	8235.0	27618.0	114.0	116.0	117.0	81.0	27.0	38.0	16.0	30.0	39.0	42.0	26.0	26.00.0	0.0	0.0	0.0	5.0	0.0	2.0	0.0	0.0
	3p	-	48	7984.0	4271.0	5268.0	7524.0	25047.0	102.0	121.0	108.0	80.0	29.0	54.0	24.0	34.0	33.0	31.0	13.0	26.00.0	0.0	0.0	0.0	2.0	0.0	1.0	1.0	0.0
	3p	-	49	7372.0	3867.0	4700.0	6735.0	22674.0	81.0	116.0	98.0	68.0	23.0	28.0	18.0	21.0	29.0	40.0	13.0	29.00.0	0.0	0.0	0.0	4.0	0.0	2.0	1.0	0.0
	3p	-	50	6573.0	3462.0	4190.0	6190.0	20415.0	73.0	98.0	90.0	63.0	18.0	25.0	14.0	24.0	28.0	33.0	15.0	24.00.0	0.0	0.0	0.0	7.0	0.0	3.0	1.0	0.0
	3p	-	51	6011.0	3147.0	3786.0	5467.0	18411.0	79.0	94.0	86.0	54.0	16.0	25.0	14.0	18.0	24.0	24.0	8.0	29.00.0	0.0	0.0	0.0	6.0	0.0	0.0	2.0	0.0
	3p	-	52	5430.0	2853.0	3327.0	4992.0	16602.0	46.0	82.0	66.0	44.0	11.0	20.0	17.0	16.0	16.0	24.0	7.0	21.00.0	0.0	0.0	0.0	3.0	0.0	1.0	2.0	0.0
	3p	-	53	4765.0	2625.0	3170.0	4352.0	14912.0	57.0	72.0	60.0	41.0	19.0	25.0	6.0	21.0	13.0	23.0	12.0	21.00.0	0.0	0.0	0.0	4.0	0.0	3.0	0.0	0.0
	3p	-	54	4290.0	2221.0	2855.0	4000.0	13366.0	51.0	49.0	45.0	35.0	11.0	25.0	10.0	13.0	20.0	21.0	13.0	20.00.0	0.0	0.0	0.0	6.0	0.0	0.0	1.0	0.0
	3p	-	55	3863.0	2006.0	2531.0	3553.0	11953.0	47.0	49.0	61.0	42.0	11.0	18.0	8.0	14.0	15.0	14.0	5.0	16.00.0	0.0	0.0	0.0	2.0	0.0	2.0	3.0	0.0
	3p	-	56	3442.0	1779.0	2269.0	3200.0	10690.0	40.0	54.0	43.0	37.0	14.0	19.0	6.0	12.0	7.0	7.0	5.0	18.00.0	0.0	0.0	0.0	3.0	0.0	0.0	0.0	0.0
	3p	-	57	3146.0	1626.0	1937.0	2860.0	9569.0	31.0	55.0	34.0	22.0	6.0	10.0	6.0	5.0	6.0	17.0	6.0	10.00.0	0.0	0.0	0.0	2.0	0.0	4.0	1.0	0.0
	3p	-	58	2782.0	1496.0	1755.0	2563.0	8596.0	30.0	31.0	28.0	25.0	8.0	15.0	9.0	9.0	7.0	14.0	2.0	14.00.0	0.0	0.0	0.0	0.0	0.0	1.0	2.0	0.0
	3p	-	59	2419.0	1333.0	1613.0	2364.0	7729.0	29.0	38.0	34.0	23.0	8.0	11.0	9.0	5.0	7.0	7.0	9.0	11.00.0	0.0	0.0	0.0	0.0	0.0	2.0	0.0	0.0
	3p	-	60	2232.0	1152.0	1426.0	2106.0	6916.0	27.0	38.0	28.0	25.0	7.0	13.0	1.0	5.0	8.0	10.0	7.0	7.00.0	0.0	0.0	0.0	0.0	0.0	1.0	0.0	0.0
	3p	-	61	1951.0	1054.0	1231.0	1951.0	6187.0	24.0	25.0	31.0	28.0	1.0	5.0	6.0	10.0	7.0	9.0	4.0	4.00.0	0.0	0.0	0.0	0.0	0.0	0.0	0.0	0.0
	3p	-	62	1751.0	963.0	1094.0	1731.0	5539.0	20.0	26.0	19.0	14.0	3.0	6.0	3.0	7.0	6.0	7.0	1.0	3.00.0	0.0	0.0	0.0	0.0	0.0	0.0	0.0	0.0
	3p	-	63	1575.0	868.0	999.0	1516.0	4958.0	14.0	23.0	22.0	14.0	4.0	5.0	3.0	1.0	2.0	8.0	2.0	9.00.0	0.0	0.0	0.0	0.0	0.0	0.0	0.0	0.0
	3p	-	64	1414.0	744.0	923.0	1356.0	4437.0	12.0	22.0	19.0	11.0	4.0	9.0	3.0	2.0	9.0	6.0	2.0	6.00.0	0.0	0.0	0.0	0.0	0.0	0.0	0.0	0.0
	3p	-	65	1283.0	658.0	792.0	1233.0	3966.0	18.0	23.0	20.0	15.0	6.0	6.0	1.0	4.0	2.0	6.0	10.0	4.00.0	0.0	0.0	0.0	0.0	0.0	0.0	0.0	0.0
	3p	-	66	1097.0	612.0	738.0	1084.0	3531.0	20.0	11.0	19.0	10.0	3.0	5.0	5.0	4.0	7.0	2.0	1.0	5.00.0	0.0	0.0	0.0	0.0	0.0	1.0	1.0	0.0
	3p	-	67	964.0	562.0	665.0	960.0	3151.0	11.0	16.0	14.0	7.0	8.0	4.0	1.0	2.0	3.0	1.0	1.0	5.00.0	0.0	0.0	0.0	0.0	0.0	1.0	1.0	0.0
	3p	-	68	857.0	481.0	590.0	879.0	2807.0	8.0	8.0	14.0	7.0	2.0	3.0	4.0	3.0	6.0	5.0	1.0	4.00.0	0.0	0.0	0.0	2.0	0.0	0.0	0.0	0.0
	3p	-	69	822.0	436.0	505.0	792.0	2555.0	14.0	16.0	14.0	7.0	2.0	10.0	3.0	3.0	1.0	2.0	1.0	3.00.0	0.0	0.0	0.0	0.0	0.0	0.0	1.0	0.0
	3p	-	70	707.0	380.0	489.0	716.0	2292.0	8.0	9.0	4.0	7.0	5.0	7.0	1.0	4.0	3.0	0.0	2.0	2.00.0	0.0	0.0	0.0	1.0	0.0	0.0	0.0	0.0
	3p	-	71	631.0	375.0	430.0	644.0	2080.0	4.0	13.0	11.0	9.0	5.0	0.0	1.0	4.0	2.0	5.0	1.0	2.00.0	0.0	0.0	0.0	0.0	0.0	0.0	1.0	0.0
	3p	-	72	603.0	318.0	381.0	569.0	1871.0	3.0	3.0	12.0	6.0	3.0	0.0	2.0	1.0	4.0	4.0	1.0	1.00.0	0.0	0.0	0.0	0.0	0.0	1.0	0.0	0.0
	3p	-	73	537.0	288.0	328.0	520.0	1673.0	7.0	10.0	7.0	6.0	3.0	1.0	1.0	2.0	1.0	2.0	1.0	2.00.0	0.0	0.0	0.0	0.0	0.0	1.0	1.0	0.0
	3p	-	74	485.0	254.0	267.0	481.0	1487.0	11.0	5.0	9.0	4.0	0.0	3.0	1.0	0.0	3.0	1.0	0.0	1.00.0	0.0	0.0	0.0	0.0	0.0	0.0	0.0	0.0
	3p	-	75	409.0	237.0	271.0	421.0	1338.0	7.0	9.0	4.0	5.0	0.0	0.0	1.0	2.0	0.0	1.0	2.0	2.00.0	0.0	0.0	0.0	0.0	0.0	0.0	0.0	0.0
	3p	-	76	413.0	206.0	228.0	364.0	1211.0	4.0	8.0	9.0	1.0	4.0	4.0	1.0	0.0	0.0	1.0	1.0	2.00.0	0.0	0.0	0.0	0.0	0.0	0.0	0.0	0.0
	3p	-	77	320.0	193.0	220.0	352.0	1085.0	1.0	2.0	8.0	4.0	0.0	3.0	1.0	2.0	4.0	1.0	1.0	3.00.0	0.0	0.0	0.0	0.0	0.0	0.0	0.0	0.0
	3p	-	78	309.0	162.0	167.0	329.0	967.0	0.0	8.0	3.0	4.0	2.0	3.0	1.0	1.0	1.0	3.0	1.0	2.00.0	0.0	0.0	0.0	0.0	0.0	0.0	0.0	0.0
	3p	-	79	257.0	145.0	188.0	276.0	866.0	2.0	5.0	5.0	2.0	2.0	0.0	3.0	1.0	0.0	1.0	0.0	1.00.0	0.0	0.0	0.0	0.0	0.0	0.0	0.0	0.0
	3p	-	80	237.0	138.0	147.0	251.0	773.0	3.0	5.0	7.0	4.0	1.0	0.0	0.0	3.0	2.0	0.0	1.0	0.00.0	0.0	0.0	0.0	0.0	0.0	0.0	0.0	0.0
	3p	-	81	207.0	138.0	122.0	221.0	688.0	4.0	3.0	3.0	3.0	0.0	0.0	1.0	0.0	0.0	0.0	0.0	1.00.0	0.0	0.0	0.0	0.0	0.0	1.0	0.0	0.0
	3p	-	82	192.0	106.0	136.0	194.0	628.0	2.0	1.0	2.0	4.0	3.0	1.0	1.0	0.0	0.0	0.0	0.0	1.00.0	0.0	0.0	0.0	0.0	0.0	0.0	0.0	0.0
	3p	-	83	158.0	101.0	122.0	184.0	565.0	2.0	5.0	0.0	1.0	0.0	1.0	0.0	1.0	0.0	1.0	0.0	1.00.0	0.0	0.0	0.0	1.0	0.0	0.0	0.0	0.0
	3p	-	84	164.0	96.0	94.0	171.0	525.0	3.0	6.0	0.0	2.0	0.0	0.0	0.0	2.0	1.0	1.0	0.0	0.00.0	0.0	0.0	0.0	0.0	0.0	0.0	0.0	0.0
	3p	-	85	152.0	86.0	83.0	157.0	478.0	3.0	2.0	1.0	0.0	2.0	0.0	0.0	1.0	1.0	1.0	0.0	1.00.0	0.0	0.0	0.0	0.0	0.0	0.0	0.0	0.0
	3p	-	86	130.0	83.0	85.0	129.0	427.0	2.0	1.0	2.0	0.0	1.0	1.0	0.0	0.0	0.0	0.0	0.0	1.00.0	0.0	0.0	0.0	0.0	0.0	0.0	0.0	0.0
	3p	-	87	126.0	57.0	83.0	125.0	391.0	4.0	0.0	4.0	3.0	0.0	0.0	0.0	0.0	1.0	0.0	0.0	0.00.0	0.0	0.0	0.0	0.0	0.0	0.0	0.0	0.0
	3p	-	88	103.0	55.0	76.0	119.0	353.0	1.0	4.0	2.0	2.0	0.0	1.0	0.0	0.0	0.0	0.0	0.0	2.00.0	0.0	0.0	0.0	0.0	0.0	0.0	0.0	0.0
	3p	-	89	113.0	51.0	68.0	94.0	326.0	0.0	1.0	2.0	2.0	2.0	0.0	0.0	0.0	1.0	1.0	0.0	3.00.0	0.0	0.0	0.0	0.0	0.0	0.0	0.0	0.0
	3p	-	90	92.0	50.0	56.0	100.0	298.0	1.0	1.0	3.0	1.0	0.0	0.0	0.0	1.0	0.0	0.0	0.0	0.00.0	0.0	0.0	0.0	0.0	0.0	0.0	0.0	0.0
	3p	-	91	84.0	48.0	54.0	86.0	272.0	1.0	1.0	1.0	1.0	1.0	0.0	0.0	1.0	0.0	0.0	1.0	0.00.0	0.0	0.0	0.0	0.0	0.0	0.0	0.0	0.0
	3p	-	92	86.0	38.0	40.0	87.0	251.0	3.0	0.0	0.0	1.0	0.0	0.0	0.0	0.0	0.0	0.0	0.0	0.00.0	0.0	0.0	0.0	0.0	0.0	0.0	0.0	0.0
	3p	-	93	71.0	48.0	43.0	72.0	234.0	1.0	0.0	1.0	1.0	0.0	0.0	0.0	0.0	0.0	0.0	0.0	0.00.0	0.0	0.0	0.0	0.0	0.0	0.0	0.0	0.0
	3p	-	94	66.0	36.0	50.0	58.0	210.0	3.0	2.0	1.0	0.0	0.0	1.0	0.0	0.0	0.0	0.0	0.0	1.00.0	0.0	0.0	0.0	0.0	0.0	0.0	0.0	0.0
	3p	-	95	58.0	38.0	39.0	50.0	185.0	2.0	2.0	3.0	2.0	0.0	0.0	0.0	0.0	0.0	0.0	0.0	0.00.0	0.0	0.0	0.0	0.0	0.0	0.0	0.0	0.0
	3p	-	96	61.0	31.0	28.0	48.0	168.0	1.0	1.0	0.0	1.0	0.0	0.0	0.0	0.0	1.0	0.0	0.0	0.00.0	0.0	0.0	0.0	0.0	0.0	0.0	0.0	0.0
	3p	-	97	57.0	26.0	27.0	42.0	152.0	1.0	1.0	0.0	0.0	0.0	0.0	0.0	0.0	0.0	1.0	0.0	0.00.0	0.0	0.0	0.0	0.0	0.0	0.0	0.0	0.0
	3p	-	98	52.0	29.0	22.0	38.0	141.0	1.0	0.0	1.0	0.0	0.0	0.0	0.0	0.0	0.0	0.0	0.0	0.00.0	0.0	0.0	0.0	0.0	0.0	0.0	0.0	0.0
	3p	-	99	41.0	26.0	26.0	35.0	128.0	1.0	2.0	0.0	0.0	1.0	0.0	0.0	0.0	0.0	0.0	0.0	0.00.0	0.0	0.0	0.0	0.0	0.0	0.0	0.0	0.0
	3p	-	100	39.0	24.0	22.0	32.0	117.0	0.0	1.0	0.0	0.0	0.0	0.0	0.0	0.0	0.0	0.0	0.0	0.00.0	0.0	0.0	0.0	0.0	0.0	0.0	0.0	0.0
	5p	+	1	36064.0	18154.0	17618.0	27372.0	99208.0	567.0	871.0	720.0	349.0	211.0	524.0	133.0	300.0	159.0	488.0	89.0	285.00.0	0.0	0.0	0.0	0.0	0.0	0.0	0.0	0.0
	5p	+	2	32286.0	16534.0	22166.0	28218.0	99204.0	454.0	552.0	570.0	322.0	152.0	228.0	128.0	154.0	138.0	244.0	86.0	232.00.0	0.0	0.0	0.0	3.0	0.0	0.0	2.0	0.0
	5p	+	3	31973.0	17705.0	21881.0	27635.0	99194.0	373.0	441.0	423.0	330.0	106.0	143.0	90.0	119.0	93.0	147.0	90.0	139.00.0	0.0	0.0	0.0	8.0	0.0	2.0	4.0	0.0
	5p	+	4	31631.0	18122.0	22468.0	26946.0	99167.0	340.0	420.0	413.0	297.0	102.0	99.0	77.0	91.0	99.0	108.0	72.0	91.00.0	0.0	0.0	0.0	17.0	0.0	3.0	14.0	0.0
	5p	+	5	30991.0	17898.0	22459.0	27800.0	99148.0	360.0	404.0	373.0	289.0	70.0	80.0	83.0	84.0	108.0	69.0	58.0	111.00.0	0.0	0.0	0.0	34.0	0.0	9.0	9.0	0.0
	5p	+	6	30202.0	17948.0	22425.0	28536.0	99111.0	307.0	405.0	404.0	303.0	99.0	83.0	84.0	91.0	106.0	53.0	68.0	119.00.0	0.0	0.0	0.0	31.0	0.0	9.0	28.0	0.0
	5p	+	7	31771.0	17742.0	21887.0	27719.0	99119.0	357.0	379.0	414.0	276.0	86.0	76.0	63.0	72.0	110.0	64.0	69.0	95.00.0	0.0	0.0	0.0	38.0	0.0	17.0	16.0	0.0
	5p	+	8	32409.0	17565.0	21492.0	27658.0	99124.0	353.0	385.0	365.0	284.0	76.0	75.0	65.0	75.0	96.0	65.0	68.0	105.00.0	0.0	0.0	0.0	48.0	0.0	5.0	16.0	0.0
	5p	+	9	32154.0	17557.0	21295.0	28118.0	99124.0	313.0	413.0	376.0	295.0	86.0	63.0	60.0	89.0	94.0	72.0	66.0	82.00.0	0.0	0.0	0.0	34.0	0.0	10.0	22.0	0.0
	5p	+	10	32046.0	17501.0	21480.0	28096.0	99123.0	335.0	385.0	396.0	279.0	86.0	78.0	58.0	85.0	83.0	80.0	60.0	93.00.0	0.0	0.0	0.0	40.0	0.0	14.0	19.0	0.0
	5p	+	11	31954.0	17552.0	21214.0	28381.0	99101.0	319.0	386.0	377.0	294.0	67.0	68.0	56.0	79.0	85.0	79.0	59.0	96.00.0	0.0	0.0	0.0	43.0	0.0	18.0	25.0	0.0
	5p	+	12	31995.0	17669.0	21258.0	28224.0	99146.0	327.0	366.0	352.0	290.0	87.0	52.0	72.0	88.0	85.0	60.0	63.0	84.00.0	0.0	0.0	0.0	29.0	0.0	17.0	10.0	0.0
	5p	+	13	31660.0	17774.0	21111.0	28563.0	99108.0	330.0	378.0	347.0	276.0	80.0	75.0	64.0	65.0	89.0	56.0	62.0	90.00.0	0.0	0.0	0.0	41.0	0.0	18.0	17.0	0.0
	5p	+	14	31794.0	17837.0	21173.0	28308.0	99112.0	314.0	360.0	345.0	300.0	79.0	49.0	64.0	95.0	71.0	56.0	59.0	101.00.0	0.0	0.0	0.0	50.0	0.0	12.0	21.0	0.0
	5p	+	15	31952.0	17614.0	20987.0	28576.0	99129.0	387.0	361.0	342.0	263.0	83.0	63.0	55.0	90.0	90.0	73.0	55.0	102.00.0	0.0	0.0	0.0	37.0	0.0	9.0	23.0	0.0
	5p	+	16	32010.0	17670.0	21176.0	28260.0	99116.0	319.0	359.0	340.0	263.0	85.0	70.0	57.0	79.0	93.0	62.0	69.0	100.00.0	0.0	0.0	0.0	46.0	0.0	17.0	17.0	0.0
	5p	+	17	31962.0	17918.0	20906.0	28323.0	99109.0	319.0	387.0	373.0	260.0	76.0	56.0	60.0	74.0	90.0	66.0	49.0	78.00.0	0.0	0.0	0.0	44.0	0.0	16.0	18.0	0.0
	5p	+	18	31652.0	18049.0	20955.0	28459.0	99115.0	317.0	364.0	339.0	270.0	101.0	60.0	65.0	78.0	76.0	71.0	75.0	87.00.0	0.0	0.0	0.0	39.0	0.0	17.0	24.0	0.0
	5p	+	19	31862.0	17883.0	21021.0	28347.0	99113.0	333.0	370.0	347.0	282.0	83.0	78.0	63.0	79.0	105.0	61.0	66.0	93.00.0	0.0	0.0	0.0	47.0	0.0	19.0	13.0	0.0
	5p	+	20	31844.0	17980.0	21053.0	28239.0	99116.0	330.0	405.0	385.0	295.0	86.0	75.0	66.0	80.0	105.0	82.0	61.0	99.00.0	0.0	0.0	0.0	42.0	0.0	15.0	19.0	0.0
	5p	+	21	32127.0	17747.0	20989.0	28272.0	99135.0	326.0	339.0	351.0	283.0	82.0	63.0	72.0	76.0	75.0	69.0	63.0	101.00.0	0.0	0.0	0.0	33.0	0.0	9.0	19.0	0.0
	5p	+	22	31926.0	17838.0	21028.0	28330.0	99122.0	324.0	392.0	357.0	250.0	68.0	76.0	71.0	87.0	73.0	65.0	62.0	94.00.0	0.0	0.0	0.0	31.0	0.0	15.0	24.0	0.0
	5p	+	23	32170.0	17514.0	20984.0	28459.0	99127.0	349.0	383.0	383.0	292.0	90.0	71.0	54.0	81.0	67.0	66.0	53.0	88.00.0	0.0	0.0	0.0	44.0	0.0	16.0	14.0	0.0
	5p	+	24	32208.0	17458.0	21192.0	28264.0	99122.0	330.0	368.0	356.0	312.0	71.0	63.0	70.0	104.0	91.0	69.0	74.0	75.00.0	0.0	0.0	0.0	40.0	0.0	8.0	19.0	0.0
	5p	+	25	32655.0	17384.0	21177.0	27900.0	99116.0	328.0	348.0	404.0	279.0	77.0	64.0	74.0	86.0	74.0	74.0	70.0	85.00.0	0.0	0.0	0.0	41.0	0.0	10.0	21.0	0.0
	5p	+	26	32387.0	17414.0	21207.0	28119.0	99127.0	321.0	353.0	347.0	285.0	71.0	63.0	83.0	93.0	84.0	74.0	63.0	86.00.0	0.0	0.0	0.0	39.0	0.0	13.0	15.0	0.0
	5p	+	27	32777.0	17133.0	21038.0	28197.0	99145.0	345.0	350.0	360.0	260.0	87.0	67.0	74.0	86.0	87.0	78.0	54.0	91.00.0	0.0	0.0	0.0	28.0	0.0	11.0	14.0	0.0
	5p	+	28	33051.0	17208.0	21244.0	27637.0	99140.0	346.0	361.0	362.0	299.0	95.0	76.0	69.0	92.0	96.0	64.0	47.0	105.00.0	0.0	0.0	0.0	28.0	0.0	13.0	16.0	0.0
	5p	+	29	33123.0	17274.0	21263.0	27481.0	99141.0	356.0	380.0	405.0	290.0	84.0	84.0	49.0	83.0	79.0	74.0	81.0	102.00.0	0.0	0.0	0.0	28.0	0.0	13.0	14.0	0.0
	5p	+	30	33282.0	17485.0	21165.0	27213.0	99145.0	331.0	475.0	374.0	286.0	95.0	101.0	63.0	87.0	86.0	83.0	64.0	88.00.0	0.0	0.0	0.0	23.0	0.0	13.0	11.0	0.0
	5p	+	31	31848.0	16499.0	20002.0	25670.0	94019.0	341.0	437.0	357.0	266.0	80.0	72.0	69.0	100.0	75.0	69.0	60.0	80.00.0	0.0	0.0	0.0	35.0	0.0	12.0	11.0	0.0
	5p	+	32	30099.0	15559.0	19000.0	24439.0	89097.0	343.0	453.0	341.0	266.0	93.0	65.0	74.0	81.0	83.0	69.0	60.0	93.00.0	0.0	0.0	0.0	27.0	0.0	12.0	17.0	0.0
	5p	+	33	28680.0	14456.0	17845.0	23093.0	84074.0	282.0	504.0	326.0	229.0	85.0	69.0	59.0	86.0	71.0	73.0	54.0	64.00.0	0.0	0.0	0.0	24.0	0.0	9.0	9.0	0.0
	5p	+	34	27125.0	13604.0	16490.0	21783.0	79002.0	265.0	408.0	314.0	227.0	69.0	70.0	61.0	70.0	84.0	64.0	48.0	91.00.0	0.0	0.0	0.0	16.0	0.0	10.0	12.0	0.0
	5p	+	35	25440.0	12696.0	15675.0	20307.0	74118.0	283.0	379.0	280.0	204.0	72.0	61.0	57.0	72.0	83.0	70.0	46.0	70.00.0	0.0	0.0	0.0	19.0	0.0	10.0	9.0	0.0
	5p	+	36	23909.0	11758.0	14713.0	18982.0	69362.0	255.0	388.0	272.0	170.0	70.0	68.0	50.0	67.0	64.0	62.0	43.0	63.00.0	0.0	0.0	0.0	25.0	0.0	6.0	6.0	0.0
	5p	+	37	22096.0	11048.0	13535.0	17852.0	64531.0	246.0	343.0	245.0	174.0	43.0	48.0	38.0	57.0	56.0	55.0	49.0	46.00.0	0.0	0.0	0.0	12.0	0.0	4.0	9.0	0.0
	5p	+	38	20721.0	10025.0	12604.0	16589.0	59939.0	222.0	303.0	239.0	141.0	59.0	51.0	37.0	65.0	50.0	56.0	40.0	55.00.0	0.0	0.0	0.0	8.0	0.0	8.0	7.0	0.0
	5p	+	39	19144.0	9233.0	11639.0	15481.0	55497.0	176.0	287.0	217.0	155.0	59.0	63.0	43.0	44.0	46.0	50.0	29.0	48.00.0	0.0	0.0	0.0	10.0	0.0	6.0	5.0	0.0
	5p	+	40	17668.0	8577.0	10876.0	14372.0	51493.0	204.0	291.0	200.0	136.0	47.0	48.0	38.0	55.0	66.0	40.0	22.0	61.00.0	0.0	0.0	0.0	9.0	0.0	5.0	3.0	0.0
	5p	+	41	16029.0	8020.0	10082.0	13287.0	47418.0	185.0	280.0	179.0	139.0	41.0	33.0	35.0	53.0	45.0	43.0	34.0	54.00.0	0.0	0.0	0.0	8.0	0.0	2.0	1.0	0.0
	5p	+	42	14874.0	7314.0	9288.0	12098.0	43574.0	156.0	251.0	180.0	145.0	43.0	33.0	27.0	44.0	41.0	37.0	21.0	52.00.0	0.0	0.0	0.0	3.0	0.0	3.0	0.0	0.0
	5p	+	43	13610.0	6699.0	8456.0	11150.0	39915.0	133.0	242.0	148.0	104.0	29.0	52.0	34.0	35.0	32.0	40.0	23.0	50.00.0	0.0	0.0	0.0	10.0	0.0	2.0	3.0	0.0
	5p	+	44	12446.0	6137.0	7620.0	10292.0	36495.0	146.0	225.0	150.0	101.0	25.0	46.0	32.0	35.0	31.0	41.0	22.0	33.00.0	0.0	0.0	0.0	6.0	0.0	3.0	2.0	0.0
	5p	+	45	11327.0	5634.0	6893.0	9428.0	33282.0	120.0	189.0	128.0	83.0	32.0	27.0	26.0	39.0	29.0	29.0	28.0	43.00.0	0.0	0.0	0.0	11.0	0.0	1.0	3.0	0.0
	5p	+	46	10351.0	4974.0	6322.0	8597.0	30244.0	128.0	196.0	122.0	94.0	24.0	35.0	28.0	24.0	26.0	34.0	23.0	31.00.0	0.0	0.0	0.0	4.0	0.0	5.0	2.0	0.0
	5p	+	47	9375.0	4655.0	5741.0	7674.0	27445.0	116.0	162.0	90.0	87.0	24.0	23.0	19.0	36.0	26.0	29.0	20.0	23.00.0	0.0	0.0	0.0	6.0	0.0	1.0	2.0	0.0
	5p	+	48	8596.0	4115.0	5127.0	6955.0	24793.0	98.0	166.0	78.0	53.0	19.0	24.0	16.0	12.0	17.0	24.0	15.0	28.00.0	0.0	0.0	0.0	3.0	0.0	1.0	2.0	0.0
	5p	+	49	7592.0	3724.0	4716.0	6377.0	22409.0	96.0	145.0	87.0	56.0	18.0	12.0	16.0	19.0	21.0	18.0	11.0	19.00.0	0.0	0.0	0.0	3.0	0.0	1.0	1.0	0.0
	5p	+	50	6917.0	3453.0	3972.0	5804.0	20146.0	70.0	125.0	77.0	60.0	12.0	27.0	14.0	20.0	20.0	19.0	9.0	26.00.0	0.0	0.0	0.0	7.0	0.0	2.0	0.0	0.0
	5p	+	51	6194.0	3004.0	3722.0	5263.0	18183.0	62.0	101.0	72.0	40.0	17.0	18.0	13.0	19.0	17.0	24.0	8.0	22.00.0	0.0	0.0	0.0	7.0	0.0	1.0	2.0	0.0
	5p	+	52	5444.0	2764.0	3430.0	4734.0	16372.0	64.0	101.0	57.0	60.0	9.0	23.0	11.0	19.0	21.0	14.0	10.0	12.00.0	0.0	0.0	0.0	1.0	0.0	2.0	1.0	0.0
	5p	+	53	4973.0	2499.0	3011.0	4213.0	14696.0	59.0	103.0	56.0	32.0	16.0	15.0	8.0	15.0	11.0	17.0	2.0	12.00.0	0.0	0.0	0.0	3.0	0.0	1.0	3.0	0.0
	5p	+	54	4470.0	2268.0	2696.0	3814.0	13248.0	44.0	84.0	53.0	51.0	13.0	12.0	7.0	14.0	14.0	11.0	12.0	15.00.0	0.0	0.0	0.0	4.0	0.0	1.0	2.0	0.0
	5p	+	55	4024.0	2009.0	2475.0	3354.0	11862.0	54.0	75.0	39.0	36.0	8.0	15.0	12.0	12.0	11.0	13.0	4.0	12.00.0	0.0	0.0	0.0	3.0	0.0	0.0	3.0	0.0
	5p	+	56	3578.0	1763.0	2191.0	3043.0	10575.0	39.0	76.0	44.0	29.0	11.0	11.0	9.0	9.0	9.0	5.0	4.0	16.00.0	0.0	0.0	0.0	4.0	0.0	2.0	0.0	0.0
	5p	+	57	3090.0	1625.0	1953.0	2830.0	9498.0	25.0	67.0	58.0	32.0	9.0	10.0	8.0	10.0	9.0	12.0	5.0	8.00.0	0.0	0.0	0.0	3.0	0.0	0.0	2.0	0.0
	5p	+	58	2839.0	1480.0	1795.0	2456.0	8570.0	36.0	72.0	31.0	17.0	8.0	4.0	4.0	5.0	11.0	7.0	9.0	8.00.0	0.0	0.0	0.0	3.0	0.0	0.0	0.0	0.0
	5p	+	59	2553.0	1277.0	1580.0	2266.0	7676.0	19.0	46.0	36.0	28.0	6.0	8.0	6.0	2.0	5.0	11.0	2.0	8.00.0	0.0	0.0	0.0	1.0	0.0	0.0	2.0	0.0
	5p	+	60	2278.0	1174.0	1406.0	1942.0	6800.0	24.0	53.0	28.0	16.0	6.0	7.0	5.0	11.0	7.0	8.0	2.0	9.00.0	0.0	0.0	0.0	0.0	0.0	0.0	0.0	0.0
	5p	+	61	2015.0	1043.0	1238.0	1749.0	6045.0	19.0	42.0	28.0	17.0	4.0	7.0	6.0	5.0	5.0	2.0	5.0	8.00.0	0.0	0.0	0.0	1.0	0.0	1.0	0.0	0.0
	5p	+	62	1774.0	929.0	1112.0	1563.0	5378.0	24.0	34.0	24.0	13.0	8.0	2.0	3.0	6.0	8.0	7.0	5.0	6.00.0	0.0	0.0	0.0	1.0	0.0	0.0	0.0	0.0
	5p	+	63	1596.0	788.0	980.0	1471.0	4835.0	19.0	27.0	14.0	20.0	0.0	6.0	2.0	4.0	4.0	3.0	1.0	3.00.0	0.0	0.0	0.0	1.0	0.0	0.0	2.0	0.0
	5p	+	64	1446.0	722.0	904.0	1279.0	4351.0	13.0	23.0	15.0	12.0	5.0	6.0	1.0	5.0	5.0	6.0	2.0	8.00.0	0.0	0.0	0.0	1.0	0.0	0.0	0.0	0.0
	5p	+	65	1337.0	686.0	785.0	1095.0	3903.0	11.0	30.0	20.0	10.0	5.0	2.0	0.0	2.0	3.0	5.0	1.0	9.00.0	0.0	0.0	0.0	1.0	0.0	0.0	0.0	0.0
	5p	+	66	1179.0	564.0	710.0	1003.0	3456.0	12.0	31.0	22.0	8.0	1.0	6.0	2.0	5.0	7.0	2.0	2.0	2.00.0	0.0	0.0	0.0	2.0	0.0	0.0	1.0	0.0
	5p	+	67	1009.0	544.0	618.0	913.0	3084.0	7.0	19.0	10.0	6.0	6.0	3.0	0.0	4.0	1.0	5.0	1.0	6.00.0	0.0	0.0	0.0	0.0	0.0	0.0	1.0	0.0
	5p	+	68	969.0	438.0	536.0	833.0	2776.0	7.0	7.0	12.0	8.0	3.0	5.0	0.0	2.0	5.0	4.0	3.0	1.00.0	0.0	0.0	0.0	0.0	0.0	0.0	0.0	0.0
	5p	+	69	789.0	413.0	494.0	782.0	2478.0	11.0	19.0	9.0	7.0	1.0	4.0	1.0	3.0	0.0	2.0	2.0	3.00.0	0.0	0.0	0.0	1.0	0.0	0.0	0.0	0.0
	5p	+	70	707.0	401.0	432.0	686.0	2226.0	11.0	14.0	7.0	9.0	2.0	3.0	4.0	1.0	2.0	2.0	1.0	4.00.0	0.0	0.0	0.0	2.0	0.0	0.0	0.0	0.0
	5p	+	71	649.0	354.0	408.0	591.0	2002.0	5.0	13.0	10.0	4.0	3.0	2.0	2.0	2.0	1.0	5.0	0.0	1.00.0	0.0	0.0	0.0	0.0	0.0	0.0	0.0	0.0
	5p	+	72	547.0	289.0	380.0	554.0	1770.0	6.0	13.0	2.0	1.0	4.0	3.0	2.0	4.0	2.0	1.0	1.0	1.00.0	0.0	0.0	0.0	0.0	0.0	0.0	0.0	0.0
	5p	+	73	521.0	292.0	320.0	471.0	1604.0	4.0	9.0	8.0	5.0	0.0	2.0	0.0	0.0	1.0	2.0	2.0	1.00.0	0.0	0.0	0.0	0.0	0.0	0.0	0.0	0.0
	5p	+	74	472.0	245.0	283.0	425.0	1425.0	4.0	13.0	7.0	4.0	2.0	1.0	0.0	1.0	1.0	2.0	0.0	1.00.0	0.0	0.0	0.0	0.0	0.0	0.0	1.0	0.0
	5p	+	75	427.0	206.0	252.0	383.0	1268.0	3.0	9.0	0.0	7.0	2.0	4.0	1.0	0.0	1.0	2.0	1.0	3.00.0	0.0	0.0	0.0	1.0	0.0	0.0	0.0	0.0
	5p	+	76	352.0	204.0	242.0	337.0	1135.0	4.0	6.0	2.0	3.0	2.0	1.0	0.0	1.0	0.0	2.0	0.0	3.00.0	0.0	0.0	0.0	0.0	0.0	0.0	0.0	0.0
	5p	+	77	296.0	179.0	204.0	332.0	1011.0	1.0	9.0	1.0	1.0	1.0	0.0	0.0	0.0	3.0	1.0	1.0	0.00.0	0.0	0.0	0.0	0.0	0.0	0.0	0.0	0.0
	5p	+	78	302.0	157.0	168.0	287.0	914.0	6.0	5.0	4.0	1.0	1.0	2.0	2.0	0.0	0.0	1.0	0.0	0.00.0	0.0	0.0	0.0	0.0	0.0	0.0	0.0	0.0
	5p	+	79	280.0	125.0	170.0	247.0	822.0	7.0	5.0	4.0	1.0	2.0	0.0	1.0	0.0	2.0	1.0	3.0	0.00.0	0.0	0.0	0.0	0.0	0.0	0.0	0.0	0.0
	5p	+	80	224.0	132.0	166.0	213.0	735.0	4.0	6.0	0.0	2.0	1.0	0.0	1.0	1.0	2.0	0.0	0.0	0.00.0	0.0	0.0	0.0	0.0	0.0	0.0	0.0	0.0
	5p	+	81	197.0	148.0	106.0	207.0	658.0	1.0	7.0	1.0	0.0	1.0	2.0	0.0	1.0	1.0	2.0	0.0	0.00.0	0.0	0.0	0.0	0.0	0.0	0.0	0.0	0.0
	5p	+	82	192.0	116.0	119.0	164.0	591.0	4.0	3.0	6.0	4.0	0.0	0.0	0.0	1.0	0.0	1.0	1.0	0.00.0	0.0	0.0	0.0	0.0	0.0	0.0	0.0	0.0
	5p	+	83	186.0	96.0	100.0	156.0	538.0	0.0	4.0	2.0	2.0	1.0	1.0	1.0	0.0	2.0	2.0	0.0	0.00.0	0.0	0.0	0.0	0.0	0.0	0.0	0.0	0.0
	5p	+	84	153.0	81.0	103.0	142.0	479.0	3.0	2.0	4.0	0.0	0.0	1.0	0.0	1.0	0.0	0.0	0.0	0.00.0	0.0	0.0	0.0	0.0	0.0	0.0	0.0	0.0
	5p	+	85	137.0	71.0	75.0	140.0	423.0	3.0	3.0	4.0	0.0	0.0	0.0	0.0	0.0	1.0	1.0	0.0	0.00.0	0.0	0.0	0.0	1.0	0.0	0.0	0.0	0.0
	5p	+	86	125.0	75.0	84.0	105.0	389.0	3.0	0.0	2.0	0.0	1.0	0.0	1.0	0.0	1.0	2.0	0.0	1.00.0	0.0	0.0	0.0	0.0	0.0	0.0	0.0	0.0
	5p	+	87	135.0	58.0	65.0	102.0	360.0	2.0	1.0	3.0	0.0	0.0	0.0	0.0	0.0	1.0	0.0	0.0	0.00.0	0.0	0.0	0.0	0.0	0.0	0.0	0.0	0.0
	5p	+	88	106.0	59.0	74.0	88.0	327.0	1.0	0.0	0.0	1.0	1.0	0.0	0.0	2.0	0.0	0.0	0.0	1.00.0	0.0	0.0	0.0	0.0	0.0	0.0	0.0	0.0
	5p	+	89	104.0	44.0	55.0	89.0	292.0	0.0	1.0	0.0	1.0	0.0	0.0	0.0	1.0	0.0	1.0	2.0	0.00.0	0.0	0.0	0.0	0.0	0.0	0.0	0.0	0.0
	5p	+	90	76.0	46.0	54.0	81.0	257.0	2.0	0.0	0.0	0.0	1.0	0.0	0.0	0.0	0.0	0.0	0.0	0.00.0	0.0	0.0	0.0	0.0	0.0	0.0	0.0	0.0
	5p	+	91	82.0	49.0	42.0	65.0	238.0	0.0	0.0	1.0	0.0	0.0	0.0	0.0	1.0	0.0	0.0	0.0	0.00.0	0.0	0.0	0.0	0.0	0.0	0.0	1.0	0.0
	5p	+	92	72.0	41.0	42.0	68.0	223.0	0.0	1.0	0.0	0.0	0.0	0.0	0.0	0.0	0.0	0.0	1.0	0.00.0	0.0	0.0	0.0	0.0	0.0	0.0	0.0	0.0
	5p	+	93	68.0	43.0	34.0	58.0	203.0	2.0	0.0	1.0	1.0	0.0	0.0	0.0	0.0	0.0	1.0	0.0	0.00.0	0.0	0.0	0.0	0.0	0.0	0.0	0.0	0.0
	5p	+	94	68.0	33.0	37.0	48.0	186.0	1.0	2.0	2.0	1.0	0.0	0.0	0.0	0.0	0.0	0.0	0.0	0.00.0	0.0	0.0	0.0	0.0	0.0	0.0	0.0	0.0
	5p	+	95	62.0	28.0	34.0	47.0	171.0	1.0	0.0	0.0	3.0	0.0	0.0	0.0	0.0	0.0	1.0	0.0	0.00.0	0.0	0.0	0.0	0.0	0.0	0.0	0.0	0.0
	5p	+	96	54.0	28.0	37.0	41.0	160.0	0.0	0.0	0.0	0.0	0.0	0.0	0.0	0.0	0.0	0.0	1.0	1.00.0	0.0	0.0	0.0	0.0	0.0	0.0	0.0	0.0
	5p	+	97	46.0	27.0	28.0	47.0	148.0	0.0	3.0	1.0	0.0	0.0	0.0	0.0	0.0	1.0	1.0	0.0	1.00.0	0.0	0.0	0.0	0.0	0.0	0.0	0.0	0.0
	5p	+	98	36.0	29.0	32.0	40.0	137.0	0.0	0.0	2.0	0.0	0.0	1.0	0.0	0.0	0.0	1.0	1.0	0.00.0	0.0	0.0	0.0	0.0	0.0	0.0	0.0	0.0
	5p	+	99	45.0	22.0	28.0	33.0	128.0	0.0	1.0	1.0	1.0	0.0	0.0	0.0	0.0	0.0	0.0	0.0	0.00.0	0.0	0.0	0.0	0.0	0.0	0.0	0.0	0.0
	5p	+	100	37.0	19.0	25.0	32.0	113.0	0.0	0.0	0.0	0.0	0.0	0.0	0.0	1.0	0.0	0.0	0.0	0.00.0	0.0	0.0	0.0	0.0	0.0	0.0	0.0	0.0
	5p	-	1	35802.0	18139.0	17807.0	27419.0	99167.0	532.0	911.0	780.0	331.0	203.0	508.0	144.0	287.0	169.0	462.0	93.0	288.00.0	0.0	0.0	0.0	0.0	0.0	0.0	0.0	0.0
	5p	-	2	31780.0	16662.0	22323.0	28406.0	99171.0	489.0	547.0	511.0	352.0	154.0	223.0	124.0	179.0	154.0	295.0	84.0	230.00.0	0.0	0.0	0.0	0.0	0.0	0.0	0.0	0.0
	5p	-	3	31549.0	18250.0	21573.0	27801.0	99173.0	397.0	467.0	417.0	346.0	108.0	135.0	86.0	122.0	117.0	121.0	82.0	151.00.0	0.0	0.0	0.0	0.0	0.0	0.0	0.0	0.0
	5p	-	4	31284.0	18102.0	22423.0	27358.0	99167.0	376.0	397.0	383.0	319.0	100.0	109.0	73.0	124.0	110.0	105.0	63.0	96.00.0	0.0	0.0	0.0	2.0	0.0	3.0	3.0	0.0
	5p	-	5	30879.0	17973.0	22389.0	27900.0	99141.0	298.0	396.0	414.0	308.0	94.0	71.0	79.0	97.0	101.0	79.0	69.0	111.00.0	0.0	0.0	0.0	10.0	0.0	13.0	11.0	0.0
	5p	-	6	29773.0	18378.0	22563.0	28412.0	99126.0	301.0	379.0	402.0	303.0	89.0	67.0	62.0	82.0	89.0	75.0	67.0	111.00.0	0.0	0.0	0.0	11.0	0.0	10.0	18.0	0.0
	5p	-	7	31102.0	17723.0	22044.0	28257.0	99126.0	333.0	391.0	351.0	302.0	86.0	69.0	70.0	86.0	80.0	54.0	71.0	92.00.0	0.0	0.0	0.0	18.0	0.0	11.0	12.0	0.0
	5p	-	8	31975.0	17342.0	21710.0	28102.0	99129.0	315.0	381.0	372.0	292.0	94.0	79.0	56.0	73.0	78.0	55.0	68.0	92.00.0	0.0	0.0	0.0	20.0	0.0	8.0	15.0	0.0
	5p	-	9	31705.0	17508.0	21524.0	28391.0	99128.0	322.0	383.0	362.0	309.0	79.0	70.0	75.0	71.0	83.0	57.0	74.0	83.00.0	0.0	0.0	0.0	22.0	0.0	10.0	12.0	0.0
	5p	-	10	31849.0	17592.0	21434.0	28228.0	99103.0	301.0	384.0	379.0	285.0	73.0	60.0	59.0	101.0	106.0	45.0	59.0	89.00.0	0.0	0.0	0.0	25.0	0.0	14.0	20.0	0.0
	5p	-	11	31527.0	17863.0	21460.0	28265.0	99115.0	337.0	393.0	359.0	264.0	73.0	73.0	68.0	79.0	75.0	72.0	66.0	98.00.0	0.0	0.0	0.0	25.0	0.0	6.0	14.0	0.0
	5p	-	12	31867.0	17752.0	21210.0	28255.0	99084.0	329.0	376.0	377.0	299.0	74.0	77.0	65.0	87.0	87.0	78.0	67.0	108.00.0	0.0	0.0	0.0	40.0	0.0	10.0	24.0	0.0
	5p	-	13	31370.0	17807.0	21270.0	28648.0	99095.0	347.0	383.0	340.0	270.0	89.0	69.0	76.0	88.0	91.0	73.0	58.0	84.00.0	0.0	0.0	0.0	38.0	0.0	12.0	18.0	0.0
	5p	-	14	31362.0	17669.0	21136.0	28919.0	99086.0	341.0	377.0	400.0	313.0	75.0	69.0	46.0	96.0	76.0	62.0	52.0	92.00.0	0.0	0.0	0.0	38.0	0.0	12.0	23.0	0.0
	5p	-	15	31218.0	17843.0	21151.0	28874.0	99086.0	298.0	377.0	354.0	315.0	78.0	70.0	54.0	71.0	86.0	61.0	48.0	92.00.0	0.0	0.0	0.0	37.0	0.0	16.0	21.0	0.0
	5p	-	16	31298.0	18058.0	21398.0	28348.0	99102.0	346.0	376.0	361.0	300.0	80.0	76.0	65.0	85.0	92.0	75.0	46.0	95.00.0	0.0	0.0	0.0	36.0	0.0	7.0	10.0	0.0
	5p	-	17	31637.0	17571.0	21235.0	28639.0	99082.0	350.0	350.0	375.0	279.0	90.0	71.0	55.0	82.0	87.0	74.0	46.0	97.00.0	0.0	0.0	0.0	41.0	0.0	18.0	22.0	0.0
	5p	-	18	31532.0	17859.0	21167.0	28525.0	99083.0	328.0	360.0	389.0	268.0	96.0	74.0	62.0	78.0	84.0	68.0	63.0	98.00.0	0.0	0.0	0.0	38.0	0.0	11.0	26.0	0.0
	5p	-	19	31512.0	17802.0	21230.0	28549.0	99093.0	314.0	353.0	361.0	305.0	69.0	69.0	78.0	78.0	123.0	56.0	75.0	101.00.0	0.0	0.0	0.0	36.0	0.0	14.0	8.0	0.0
	5p	-	20	31759.0	17907.0	21102.0	28312.0	99080.0	312.0	370.0	407.0	281.0	67.0	62.0	72.0	90.0	89.0	67.0	59.0	93.00.0	0.0	0.0	0.0	34.0	0.0	20.0	19.0	0.0
	5p	-	21	31757.0	17667.0	21116.0	28554.0	99094.0	315.0	369.0	389.0	319.0	82.0	53.0	46.0	69.0	81.0	57.0	65.0	86.00.0	0.0	0.0	0.0	37.0	0.0	14.0	18.0	0.0
	5p	-	22	31610.0	17613.0	21123.0	28756.0	99102.0	301.0	354.0	340.0	298.0	68.0	77.0	65.0	72.0	83.0	54.0	49.0	98.00.0	0.0	0.0	0.0	32.0	0.0	7.0	17.0	0.0
	5p	-	23	31954.0	17682.0	21018.0	28430.0	99084.0	332.0	351.0	352.0	294.0	71.0	65.0	66.0	97.0	75.0	65.0	57.0	81.00.0	0.0	0.0	0.0	38.0	0.0	6.0	22.0	0.0
	5p	-	24	31955.0	17610.0	21033.0	28474.0	99072.0	327.0	375.0	348.0	260.0	76.0	62.0	53.0	83.0	95.0	64.0	49.0	101.00.0	0.0	0.0	0.0	49.0	0.0	10.0	23.0	0.0
	5p	-	25	32251.0	17244.0	21335.0	28263.0	99093.0	356.0	363.0	379.0	267.0	80.0	54.0	55.0	77.0	82.0	64.0	54.0	111.00.0	0.0	0.0	0.0	40.0	0.0	11.0	15.0	0.0
	5p	-	26	32213.0	17212.0	21357.0	28302.0	99084.0	321.0	364.0	372.0	282.0	70.0	69.0	61.0	70.0	70.0	62.0	70.0	101.00.0	0.0	0.0	0.0	43.0	0.0	12.0	20.0	0.0
	5p	-	27	32437.0	17085.0	21150.0	28418.0	99090.0	363.0	386.0	360.0	261.0	91.0	75.0	72.0	69.0	92.0	72.0	64.0	83.00.0	0.0	0.0	0.0	40.0	0.0	17.0	10.0	0.0
	5p	-	28	32581.0	17347.0	21215.0	27941.0	99084.0	343.0	406.0	393.0	245.0	84.0	68.0	51.0	82.0	109.0	78.0	57.0	106.00.0	0.0	0.0	0.0	40.0	0.0	14.0	16.0	0.0
	5p	-	29	32540.0	17283.0	21395.0	27863.0	99081.0	304.0	397.0	358.0	279.0	81.0	76.0	63.0	77.0	86.0	77.0	49.0	103.00.0	0.0	0.0	0.0	45.0	0.0	15.0	15.0	0.0
	5p	-	30	33139.0	17393.0	21193.0	27381.0	99106.0	357.0	470.0	353.0	264.0	88.0	70.0	56.0	90.0	93.0	69.0	60.0	105.00.0	0.0	0.0	0.0	33.0	0.0	10.0	9.0	0.0
	5p	-	31	31455.0	16477.0	19969.0	26348.0	94249.0	299.0	440.0	379.0	275.0	84.0	71.0	69.0	81.0	83.0	63.0	46.0	83.00.0	0.0	0.0	0.0	39.0	0.0	11.0	12.0	0.0
	5p	-	32	30011.0	15379.0	19127.0	24921.0	89438.0	316.0	403.0	347.0	256.0	61.0	87.0	51.0	74.0	96.0	74.0	52.0	91.00.0	0.0	0.0	0.0	33.0	0.0	16.0	8.0	0.0
	5p	-	33	28674.0	14590.0	18071.0	23216.0	84551.0	289.0	420.0	325.0	236.0	67.0	66.0	56.0	77.0	85.0	55.0	51.0	74.00.0	0.0	0.0	0.0	33.0	0.0	7.0	11.0	0.0
	5p	-	34	26821.0	13757.0	16795.0	22095.0	79468.0	304.0	396.0	309.0	201.0	60.0	65.0	53.0	81.0	68.0	63.0	60.0	78.00.0	0.0	0.0	0.0	29.0	0.0	7.0	6.0	0.0
	5p	-	35	25297.0	12562.0	15841.0	20850.0	74550.0	256.0	376.0	306.0	194.0	73.0	69.0	53.0	75.0	59.0	66.0	44.0	88.00.0	0.0	0.0	0.0	28.0	0.0	12.0	11.0	0.0
	5p	-	36	23700.0	12089.0	14554.0	19344.0	69687.0	266.0	353.0	256.0	184.0	53.0	44.0	49.0	68.0	79.0	62.0	45.0	50.00.0	0.0	0.0	0.0	22.0	0.0	6.0	12.0	0.0
	5p	-	37	22199.0	10919.0	13717.0	18083.0	64918.0	229.0	351.0	229.0	216.0	43.0	53.0	33.0	53.0	53.0	56.0	43.0	49.00.0	0.0	0.0	0.0	23.0	0.0	9.0	9.0	0.0
	5p	-	38	20710.0	10253.0	12742.0	16772.0	60477.0	215.0	349.0	207.0	144.0	47.0	58.0	43.0	44.0	61.0	61.0	33.0	65.00.0	0.0	0.0	0.0	15.0	0.0	7.0	8.0	0.0
	5p	-	39	19111.0	9541.0	11821.0	15613.0	56086.0	204.0	286.0	215.0	147.0	44.0	56.0	40.0	53.0	50.0	59.0	26.0	72.00.0	0.0	0.0	0.0	19.0	0.0	1.0	8.0	0.0
	5p	-	40	17803.0	8655.0	10771.0	14635.0	51864.0	171.0	276.0	219.0	161.0	63.0	33.0	40.0	48.0	43.0	38.0	23.0	48.00.0	0.0	0.0	0.0	16.0	0.0	2.0	6.0	0.0
	5p	-	41	16054.0	8163.0	10163.0	13455.0	47835.0	180.0	252.0	174.0	146.0	47.0	43.0	42.0	40.0	46.0	54.0	41.0	47.00.0	0.0	0.0	0.0	20.0	0.0	3.0	3.0	0.0
	5p	-	42	15057.0	7327.0	8945.0	12568.0	43897.0	157.0	257.0	171.0	113.0	40.0	34.0	29.0	29.0	40.0	42.0	29.0	38.00.0	0.0	0.0	0.0	16.0	0.0	9.0	7.0	0.0
	5p	-	43	13435.0	6832.0	8515.0	11443.0	40225.0	153.0	255.0	142.0	105.0	26.0	26.0	29.0	46.0	42.0	36.0	30.0	49.00.0	0.0	0.0	0.0	15.0	0.0	5.0	6.0	0.0
	5p	-	44	12611.0	6180.0	7628.0	10250.0	36669.0	115.0	216.0	148.0	97.0	34.0	38.0	24.0	34.0	31.0	32.0	23.0	44.00.0	0.0	0.0	0.0	14.0	0.0	5.0	6.0	0.0
	5p	-	45	11381.0	5676.0	6837.0	9492.0	33386.0	115.0	205.0	116.0	77.0	36.0	34.0	26.0	28.0	29.0	43.0	19.0	41.00.0	0.0	0.0	0.0	10.0	0.0	4.0	5.0	0.0
	5p	-	46	10242.0	5198.0	6304.0	8600.0	30344.0	114.0	167.0	129.0	94.0	30.0	24.0	33.0	29.0	31.0	38.0	22.0	25.00.0	0.0	0.0	0.0	13.0	0.0	2.0	2.0	0.0
	5p	-	47	9402.0	4636.0	5676.0	7884.0	27598.0	125.0	181.0	125.0	79.0	25.0	30.0	17.0	31.0	25.0	34.0	17.0	31.00.0	0.0	0.0	0.0	13.0	0.0	2.0	4.0	0.0
	5p	-	48	8452.0	4239.0	5170.0	7172.0	25033.0	99.0	140.0	73.0	63.0	27.0	36.0	21.0	24.0	26.0	29.0	11.0	26.00.0	0.0	0.0	0.0	8.0	0.0	5.0	2.0	0.0
	5p	-	49	7710.0	3816.0	4579.0	6562.0	22667.0	79.0	144.0	79.0	76.0	20.0	22.0	11.0	12.0	23.0	22.0	15.0	19.00.0	0.0	0.0	0.0	5.0	0.0	2.0	2.0	0.0
	5p	-	50	6936.0	3405.0	4209.0	5867.0	20417.0	82.0	119.0	77.0	63.0	26.0	10.0	12.0	16.0	22.0	16.0	10.0	20.00.0	0.0	0.0	0.0	4.0	0.0	0.0	3.0	0.0
	5p	-	51	6164.0	3210.0	3769.0	5276.0	18419.0	56.0	120.0	77.0	42.0	24.0	21.0	18.0	18.0	19.0	26.0	9.0	16.00.0	0.0	0.0	0.0	2.0	0.0	0.0	0.0	0.0
	5p	-	52	5557.0	2811.0	3396.0	4845.0	16609.0	63.0	118.0	71.0	43.0	15.0	12.0	9.0	11.0	16.0	16.0	7.0	17.00.0	0.0	0.0	0.0	3.0	0.0	0.0	1.0	0.0
	5p	-	53	4983.0	2528.0	3084.0	4323.0	14918.0	35.0	106.0	45.0	52.0	12.0	11.0	5.0	11.0	11.0	12.0	6.0	11.00.0	0.0	0.0	0.0	2.0	0.0	1.0	2.0	0.0
	5p	-	54	4513.0	2175.0	2738.0	3944.0	13370.0	46.0	78.0	46.0	29.0	7.0	13.0	5.0	12.0	8.0	17.0	8.0	15.00.0	0.0	0.0	0.0	0.0	0.0	0.0	0.0	0.0
	5p	-	55	3957.0	1997.0	2501.0	3505.0	11960.0	47.0	76.0	58.0	29.0	13.0	11.0	6.0	8.0	9.0	11.0	9.0	15.00.0	0.0	0.0	0.0	2.0	0.0	0.0	0.0	0.0
	5p	-	56	3631.0	1830.0	2215.0	3013.0	10689.0	38.0	75.0	38.0	25.0	13.0	14.0	10.0	12.0	9.0	17.0	5.0	15.00.0	0.0	0.0	0.0	4.0	0.0	1.0	0.0	0.0
	5p	-	57	3183.0	1646.0	1926.0	2812.0	9567.0	33.0	81.0	53.0	21.0	12.0	9.0	6.0	10.0	9.0	8.0	8.0	8.00.0	0.0	0.0	0.0	4.0	0.0	0.0	1.0	0.0
	5p	-	58	2868.0	1530.0	1752.0	2439.0	8589.0	19.0	63.0	37.0	25.0	7.0	6.0	2.0	9.0	4.0	11.0	3.0	7.00.0	0.0	0.0	0.0	3.0	0.0	1.0	4.0	0.0
	5p	-	59	2546.0	1279.0	1601.0	2302.0	7728.0	32.0	50.0	34.0	24.0	2.0	7.0	6.0	6.0	5.0	9.0	2.0	9.00.0	0.0	0.0	0.0	1.0	0.0	0.0	0.0	0.0
	5p	-	60	2313.0	1191.0	1409.0	2000.0	6913.0	19.0	37.0	15.0	17.0	12.0	6.0	6.0	4.0	11.0	7.0	5.0	4.00.0	0.0	0.0	0.0	1.0	0.0	0.0	1.0	0.0
	5p	-	61	2010.0	1076.0	1263.0	1831.0	6180.0	14.0	43.0	21.0	16.0	6.0	7.0	3.0	4.0	8.0	9.0	5.0	8.00.0	0.0	0.0	0.0	5.0	0.0	0.0	0.0	0.0
	5p	-	62	1802.0	889.0	1169.0	1674.0	5534.0	19.0	30.0	23.0	12.0	2.0	2.0	5.0	2.0	8.0	7.0	7.0	7.00.0	0.0	0.0	0.0	2.0	0.0	0.0	2.0	0.0
	5p	-	63	1687.0	757.0	1069.0	1438.0	4951.0	16.0	28.0	17.0	18.0	4.0	4.0	4.0	3.0	6.0	3.0	7.0	3.00.0	0.0	0.0	0.0	3.0	0.0	0.0	2.0	0.0
	5p	-	64	1467.0	725.0	915.0	1323.0	4430.0	23.0	18.0	13.0	12.0	4.0	3.0	2.0	5.0	4.0	6.0	2.0	7.00.0	0.0	0.0	0.0	2.0	0.0	1.0	1.0	0.0
	5p	-	65	1357.0	664.0	799.0	1140.0	3960.0	15.0	26.0	25.0	14.0	2.0	4.0	2.0	8.0	3.0	6.0	4.0	5.00.0	0.0	0.0	0.0	1.0	0.0	2.0	0.0	0.0
	5p	-	66	1191.0	611.0	693.0	1036.0	3531.0	8.0	29.0	12.0	11.0	1.0	3.0	2.0	5.0	6.0	3.0	2.0	2.00.0	0.0	0.0	0.0	0.0	0.0	0.0	0.0	0.0
	5p	-	67	1060.0	519.0	656.0	915.0	3150.0	8.0	28.0	13.0	5.0	0.0	5.0	2.0	2.0	3.0	7.0	1.0	2.00.0	0.0	0.0	0.0	0.0	0.0	1.0	1.0	0.0
	5p	-	68	913.0	476.0	596.0	820.0	2805.0	7.0	17.0	16.0	3.0	4.0	1.0	0.0	3.0	2.0	6.0	5.0	2.00.0	0.0	0.0	0.0	4.0	0.0	1.0	0.0	0.0
	5p	-	69	822.0	443.0	554.0	735.0	2554.0	13.0	20.0	7.0	4.0	2.0	3.0	0.0	4.0	0.0	2.0	0.0	7.00.0	0.0	0.0	0.0	1.0	0.0	0.0	1.0	0.0
	5p	-	70	713.0	406.0	498.0	675.0	2292.0	6.0	19.0	6.0	10.0	3.0	3.0	1.0	5.0	1.0	2.0	1.0	2.00.0	0.0	0.0	0.0	0.0	0.0	0.0	0.0	0.0
	5p	-	71	680.0	331.0	441.0	627.0	2079.0	6.0	17.0	9.0	5.0	2.0	1.0	2.0	2.0	4.0	1.0	2.0	0.00.0	0.0	0.0	0.0	1.0	0.0	0.0	1.0	0.0
	5p	-	72	599.0	310.0	364.0	598.0	1871.0	3.0	15.0	4.0	12.0	2.0	2.0	1.0	3.0	2.0	2.0	2.0	2.00.0	0.0	0.0	0.0	0.0	0.0	0.0	0.0	0.0
	5p	-	73	565.0	262.0	337.0	511.0	1675.0	6.0	11.0	7.0	4.0	1.0	2.0	0.0	0.0	4.0	2.0	1.0	1.00.0	0.0	0.0	0.0	0.0	0.0	0.0	0.0	0.0
	5p	-	74	475.0	265.0	321.0	426.0	1487.0	2.0	11.0	2.0	3.0	1.0	0.0	1.0	4.0	2.0	0.0	0.0	4.00.0	0.0	0.0	0.0	0.0	0.0	0.0	0.0	0.0
	5p	-	75	424.0	228.0	260.0	426.0	1338.0	10.0	6.0	2.0	7.0	1.0	0.0	2.0	2.0	2.0	0.0	1.0	4.00.0	0.0	0.0	0.0	0.0	0.0	0.0	0.0	0.0
	5p	-	76	372.0	227.0	250.0	362.0	1211.0	5.0	5.0	4.0	4.0	0.0	5.0	2.0	1.0	0.0	1.0	4.0	2.00.0	0.0	0.0	0.0	0.0	0.0	0.0	0.0	0.0
	5p	-	77	368.0	194.0	195.0	327.0	1084.0	4.0	5.0	2.0	2.0	0.0	1.0	0.0	1.0	1.0	2.0	0.0	1.00.0	0.0	0.0	0.0	0.0	0.0	0.0	0.0	0.0
	5p	-	78	323.0	166.0	212.0	266.0	967.0	3.0	5.0	5.0	1.0	0.0	1.0	2.0	0.0	2.0	0.0	1.0	0.00.0	0.0	0.0	0.0	0.0	0.0	0.0	0.0	0.0
	5p	-	79	281.0	150.0	183.0	252.0	866.0	3.0	7.0	4.0	3.0	2.0	0.0	2.0	0.0	1.0	1.0	0.0	0.00.0	0.0	0.0	0.0	0.0	0.0	0.0	0.0	0.0
	5p	-	80	281.0	141.0	130.0	221.0	773.0	1.0	4.0	4.0	2.0	0.0	1.0	1.0	1.0	0.0	1.0	0.0	0.00.0	0.0	0.0	0.0	0.0	0.0	0.0	0.0	0.0
	5p	-	81	220.0	107.0	145.0	217.0	689.0	0.0	2.0	2.0	1.0	0.0	0.0	1.0	0.0	0.0	0.0	1.0	1.00.0	0.0	0.0	0.0	0.0	0.0	0.0	0.0	0.0
	5p	-	82	204.0	119.0	124.0	180.0	627.0	1.0	5.0	3.0	5.0	0.0	0.0	0.0	1.0	0.0	1.0	1.0	1.00.0	0.0	0.0	0.0	1.0	0.0	0.0	0.0	0.0
	5p	-	83	195.0	102.0	104.0	164.0	565.0	4.0	4.0	3.0	2.0	0.0	1.0	1.0	2.0	0.0	1.0	0.0	1.00.0	0.0	0.0	0.0	1.0	0.0	0.0	0.0	0.0
	5p	-	84	160.0	100.0	107.0	158.0	525.0	1.0	4.0	0.0	2.0	0.0	0.0	2.0	1.0	1.0	0.0	1.0	1.00.0	0.0	0.0	0.0	0.0	0.0	0.0	0.0	0.0
	5p	-	85	161.0	83.0	95.0	138.0	477.0	1.0	0.0	0.0	1.0	0.0	1.0	0.0	2.0	1.0	0.0	0.0	0.00.0	0.0	0.0	0.0	0.0	0.0	0.0	0.0	0.0
	5p	-	86	134.0	76.0	81.0	135.0	426.0	0.0	3.0	5.0	0.0	0.0	0.0	2.0	0.0	0.0	0.0	1.0	1.00.0	0.0	0.0	0.0	0.0	0.0	1.0	0.0	0.0
	5p	-	87	113.0	74.0	77.0	126.0	390.0	1.0	0.0	1.0	0.0	0.0	0.0	0.0	2.0	0.0	0.0	0.0	0.00.0	0.0	0.0	0.0	0.0	0.0	0.0	0.0	0.0
	5p	-	88	111.0	75.0	56.0	111.0	353.0	0.0	0.0	1.0	0.0	0.0	1.0	0.0	0.0	0.0	0.0	1.0	1.00.0	0.0	0.0	0.0	0.0	0.0	0.0	0.0	0.0
	5p	-	89	101.0	64.0	54.0	107.0	326.0	1.0	4.0	3.0	1.0	1.0	2.0	0.0	0.0	0.0	0.0	0.0	0.00.0	0.0	0.0	0.0	0.0	0.0	0.0	0.0	0.0
	5p	-	90	92.0	46.0	63.0	97.0	298.0	2.0	2.0	2.0	0.0	0.0	0.0	0.0	0.0	1.0	0.0	0.0	2.00.0	0.0	0.0	0.0	0.0	0.0	0.0	0.0	0.0
	5p	-	91	89.0	46.0	56.0	81.0	272.0	0.0	0.0	2.0	3.0	0.0	0.0	0.0	0.0	0.0	0.0	1.0	1.00.0	0.0	0.0	0.0	0.0	0.0	0.0	0.0	0.0
	5p	-	92	72.0	44.0	58.0	77.0	251.0	3.0	1.0	0.0	1.0	0.0	0.0	1.0	0.0	0.0	0.0	0.0	0.00.0	0.0	0.0	0.0	0.0	0.0	0.0	0.0	0.0
	5p	-	93	71.0	33.0	56.0	74.0	234.0	1.0	0.0	1.0	0.0	0.0	0.0	1.0	0.0	0.0	0.0	0.0	0.00.0	0.0	0.0	0.0	0.0	0.0	0.0	0.0	0.0
	5p	-	94	64.0	35.0	43.0	68.0	210.0	0.0	2.0	0.0	1.0	1.0	2.0	0.0	0.0	0.0	0.0	0.0	0.00.0	0.0	0.0	0.0	0.0	0.0	0.0	0.0	0.0
	5p	-	95	70.0	27.0	35.0	53.0	185.0	1.0	0.0	0.0	1.0	0.0	0.0	0.0	1.0	0.0	1.0	0.0	0.00.0	0.0	0.0	0.0	0.0	0.0	0.0	0.0	0.0
	5p	-	96	57.0	24.0	36.0	51.0	168.0	1.0	1.0	1.0	1.0	0.0	0.0	0.0	0.0	0.0	0.0	0.0	0.00.0	0.0	0.0	0.0	0.0	0.0	0.0	0.0	0.0
	5p	-	97	51.0	27.0	33.0	41.0	152.0	2.0	1.0	0.0	0.0	0.0	0.0	0.0	0.0	1.0	0.0	0.0	0.00.0	0.0	0.0	0.0	0.0	0.0	0.0	0.0	0.0
	5p	-	98	55.0	17.0	32.0	37.0	141.0	1.0	0.0	0.0	0.0	0.0	0.0	0.0	0.0	0.0	0.0	0.0	1.00.0	0.0	0.0	0.0	0.0	0.0	0.0	0.0	0.0
	5p	-	99	43.0	18.0	31.0	36.0	128.0	0.0	0.0	0.0	1.0	0.0	0.0	0.0	0.0	1.0	1.0	0.0	0.00.0	0.0	0.0	0.0	0.0	0.0	0.0	0.0	0.0
	5p	-	100	43.0	17.0	27.0	29.0	116.0	3.0	1.0	1.0	0.0	0.0	0.0	0.0	0.0	0.0	0.0	0.0	0.00.0	0.0	0.0	0.0	1.0	0.0	0.0	0.0	0.0
