# table produced by DamageProfiler
# using mapped file RmA052.GrysbokCape_Human_nc.Target.rmdup.noMicro.bam
# Sample ID: RmA052.GrysbokCape_Human_nc.Target.rmdup.noMicro.bam
Chr	End	Std	Pos	A	C	G	T	Total	G>A	C>T	A>G	T>C	A>C	A>T	C>G	C>A	T>G	T>A	G>C	G>T	A>-	T>-	C>-	G>-	->A	->T	->C	->G	S
	3p	+	1	542.0	195.0	142.0	518.0	1397.0	3.0	59.0	0.0	1.0	5.0	1.0	0.0	4.0	2.0	4.0	1.0	2.0	0.0	0.0	0.0	0.0	0.0	0.0	0.0	0.0	0.0
	3p	+	2	542.0	298.0	177.0	381.0	1398.0	3.0	36.0	1.0	1.0	3.0	4.0	1.0	3.0	0.0	1.0	0.0	1.0	0.0	0.0	0.0	0.0	0.0	0.0	0.0	0.0	0.0
	3p	+	3	499.0	239.0	232.0	428.0	1398.0	5.0	5.0	0.0	3.0	2.0	3.0	2.0	2.0	5.0	2.0	2.0	1.0	0.0	0.0	0.0	0.0	0.0	0.0	0.0	0.0	0.0
	3p	+	4	491.0	265.0	235.0	410.0	1401.0	1.0	1.0	1.0	2.0	2.0	1.0	0.0	0.0	3.0	2.0	1.0	0.0	0.0	0.0	0.0	0.0	0.0	0.0	0.0	0.0	0.0
	3p	+	5	512.0	221.0	222.0	443.0	1398.0	2.0	4.0	1.0	3.0	3.0	4.0	1.0	1.0	0.0	1.0	3.0	1.0	0.0	0.0	0.0	0.0	0.0	0.0	0.0	0.0	0.0
	3p	+	6	504.0	246.0	232.0	410.0	1392.0	0.0	1.0	3.0	1.0	1.0	0.0	0.0	0.0	1.0	2.0	0.0	1.0	0.0	0.0	0.0	0.0	2.0	0.0	0.0	1.0	0.0
	3p	+	7	519.0	256.0	222.0	391.0	1388.0	0.0	0.0	1.0	2.0	1.0	2.0	1.0	2.0	1.0	1.0	1.0	1.0	0.0	0.0	0.0	0.0	2.0	0.0	2.0	3.0	0.0
	3p	+	8	486.0	260.0	223.0	423.0	1392.0	1.0	1.0	5.0	1.0	3.0	4.0	0.0	3.0	0.0	2.0	0.0	0.0	0.0	0.0	0.0	0.0	2.0	0.0	1.0	4.0	0.0
	3p	+	9	487.0	237.0	220.0	444.0	1388.0	5.0	1.0	2.0	2.0	2.0	1.0	0.0	0.0	0.0	2.0	1.0	1.0	0.0	0.0	0.0	0.0	3.0	0.0	5.0	2.0	0.0
	3p	+	10	468.0	262.0	250.0	404.0	1384.0	0.0	1.0	4.0	0.0	1.0	2.0	0.0	2.0	0.0	0.0	1.0	0.0	0.0	0.0	0.0	0.0	6.0	0.0	4.0	3.0	0.0
	3p	+	11	434.0	253.0	255.0	449.0	1391.0	6.0	2.0	1.0	1.0	0.0	0.0	3.0	0.0	0.0	0.0	0.0	0.0	0.0	0.0	0.0	0.0	3.0	0.0	3.0	5.0	0.0
	3p	+	12	441.0	249.0	231.0	463.0	1384.0	1.0	3.0	3.0	1.0	2.0	0.0	1.0	1.0	6.0	2.0	0.0	0.0	0.0	0.0	0.0	0.0	2.0	0.0	6.0	4.0	0.0
	3p	+	13	455.0	280.0	237.0	421.0	1393.0	2.0	2.0	4.0	0.0	1.0	1.0	0.0	1.0	1.0	1.0	0.0	1.0	0.0	0.0	0.0	0.0	1.0	0.0	4.0	1.0	0.0
	3p	+	14	447.0	268.0	237.0	438.0	1390.0	0.0	2.0	2.0	4.0	2.0	1.0	2.0	2.0	4.0	3.0	0.0	1.0	0.0	0.0	0.0	0.0	2.0	0.0	3.0	2.0	0.0
	3p	+	15	432.0	246.0	235.0	469.0	1382.0	0.0	3.0	0.0	2.0	1.0	1.0	0.0	2.0	1.0	1.0	0.0	3.0	0.0	0.0	0.0	0.0	4.0	0.0	5.0	4.0	0.0
	3p	+	16	461.0	250.0	220.0	455.0	1386.0	1.0	3.0	3.0	1.0	2.0	2.0	2.0	2.0	2.0	2.0	1.0	4.0	0.0	0.0	0.0	0.0	2.0	0.0	5.0	7.0	0.0
	3p	+	17	444.0	265.0	209.0	470.0	1388.0	1.0	0.0	2.0	2.0	4.0	0.0	1.0	2.0	1.0	1.0	0.0	0.0	0.0	0.0	0.0	0.0	3.0	0.0	2.0	4.0	0.0
	3p	+	18	452.0	240.0	248.0	444.0	1384.0	3.0	2.0	0.0	1.0	2.0	1.0	1.0	1.0	2.0	1.0	0.0	0.0	0.0	0.0	0.0	0.0	8.0	0.0	4.0	5.0	0.0
	3p	+	19	431.0	260.0	215.0	479.0	1385.0	1.0	2.0	1.0	2.0	1.0	2.0	2.0	1.0	2.0	2.0	1.0	1.0	0.0	0.0	0.0	0.0	3.0	0.0	5.0	5.0	0.0
	3p	+	20	483.0	259.0	237.0	408.0	1387.0	0.0	1.0	1.0	0.0	1.0	1.0	1.0	1.0	0.0	0.0	0.0	1.0	0.0	0.0	0.0	0.0	3.0	0.0	9.0	4.0	0.0
	3p	+	21	452.0	234.0	233.0	462.0	1381.0	2.0	0.0	1.0	1.0	2.0	1.0	1.0	1.0	0.0	2.0	1.0	0.0	0.0	0.0	0.0	0.0	10.0	0.0	5.0	3.0	0.0
	3p	+	22	464.0	241.0	242.0	433.0	1380.0	0.0	3.0	2.0	3.0	2.0	1.0	2.0	0.0	1.0	1.0	1.0	1.0	0.0	0.0	0.0	0.0	3.0	0.0	8.0	4.0	0.0
	3p	+	23	453.0	257.0	232.0	448.0	1390.0	2.0	0.0	2.0	0.0	1.0	1.0	2.0	0.0	1.0	2.0	1.0	1.0	0.0	0.0	0.0	0.0	4.0	0.0	3.0	4.0	0.0
	3p	+	24	444.0	253.0	257.0	428.0	1382.0	2.0	1.0	2.0	1.0	2.0	2.0	0.0	1.0	1.0	0.0	1.0	1.0	0.0	0.0	0.0	0.0	5.0	0.0	5.0	5.0	0.0
	3p	+	25	422.0	248.0	253.0	464.0	1387.0	0.0	1.0	4.0	2.0	2.0	1.0	1.0	1.0	2.0	0.0	1.0	0.0	0.0	0.0	0.0	0.0	6.0	0.0	5.0	2.0	0.0
	3p	+	26	459.0	261.0	223.0	444.0	1387.0	0.0	0.0	1.0	0.0	0.0	0.0	0.0	1.0	1.0	1.0	0.0	2.0	0.0	0.0	0.0	0.0	3.0	0.0	3.0	6.0	0.0
	3p	+	27	439.0	269.0	231.0	453.0	1392.0	1.0	0.0	1.0	3.0	1.0	2.0	0.0	0.0	0.0	3.0	1.0	2.0	0.0	0.0	0.0	0.0	3.0	0.0	2.0	3.0	0.0
	3p	+	28	464.0	261.0	227.0	445.0	1397.0	2.0	4.0	1.0	3.0	1.0	5.0	1.0	0.0	2.0	1.0	1.0	0.0	0.0	0.0	0.0	0.0	3.0	0.0	0.0	3.0	0.0
	3p	+	29	439.0	270.0	256.0	434.0	1399.0	2.0	1.0	3.0	2.0	1.0	2.0	2.0	3.0	4.0	2.0	0.0	0.0	0.0	0.0	0.0	0.0	1.0	0.0	0.0	2.0	0.0
	3p	+	30	469.0	243.0	258.0	425.0	1395.0	0.0	3.0	1.0	3.0	1.0	2.0	0.0	3.0	3.0	1.0	1.0	4.0	0.0	0.0	0.0	0.0	1.0	0.0	0.0	1.0	0.0
	3p	+	31	363.0	243.0	192.0	412.0	1210.0	0.0	1.0	0.0	2.0	2.0	0.0	0.0	2.0	1.0	1.0	0.0	0.0	0.0	0.0	0.0	0.0	3.0	0.0	1.0	1.0	0.0
	3p	+	32	373.0	203.0	181.0	347.0	1104.0	0.0	3.0	0.0	0.0	0.0	0.0	0.0	1.0	0.0	0.0	1.0	0.0	0.0	0.0	0.0	0.0	1.0	0.0	1.0	0.0	0.0
	3p	+	33	333.0	183.0	177.0	336.0	1029.0	0.0	1.0	0.0	0.0	0.0	1.0	0.0	0.0	0.0	1.0	0.0	0.0	0.0	0.0	0.0	0.0	0.0	0.0	0.0	0.0	0.0
	3p	+	34	330.0	167.0	159.0	326.0	982.0	0.0	1.0	1.0	1.0	0.0	0.0	0.0	1.0	1.0	0.0	0.0	0.0	0.0	0.0	0.0	0.0	0.0	0.0	0.0	0.0	0.0
	3p	+	35	308.0	159.0	147.0	313.0	927.0	0.0	2.0	0.0	0.0	0.0	0.0	0.0	0.0	0.0	0.0	0.0	1.0	0.0	0.0	0.0	0.0	0.0	0.0	0.0	0.0	0.0
	3p	+	36	289.0	159.0	151.0	276.0	875.0	0.0	2.0	0.0	0.0	0.0	0.0	0.0	1.0	0.0	0.0	0.0	2.0	0.0	0.0	0.0	0.0	3.0	0.0	0.0	0.0	0.0
	3p	+	37	275.0	144.0	126.0	257.0	802.0	0.0	0.0	1.0	0.0	0.0	0.0	0.0	0.0	0.0	0.0	0.0	0.0	0.0	0.0	0.0	0.0	0.0	0.0	1.0	0.0	0.0
	3p	+	38	239.0	137.0	129.0	241.0	746.0	1.0	1.0	0.0	1.0	0.0	0.0	0.0	0.0	0.0	2.0	0.0	1.0	0.0	0.0	0.0	0.0	0.0	0.0	0.0	2.0	0.0
	3p	+	39	227.0	132.0	106.0	237.0	702.0	0.0	2.0	2.0	0.0	0.0	0.0	0.0	0.0	0.0	1.0	0.0	0.0	0.0	0.0	0.0	0.0	0.0	0.0	1.0	0.0	0.0
	3p	+	40	204.0	126.0	126.0	202.0	658.0	4.0	3.0	1.0	0.0	0.0	1.0	0.0	0.0	0.0	0.0	0.0	2.0	0.0	0.0	0.0	0.0	2.0	0.0	1.0	0.0	0.0
	3p	+	41	215.0	99.0	103.0	209.0	626.0	0.0	0.0	0.0	0.0	0.0	1.0	0.0	0.0	0.0	0.0	0.0	0.0	0.0	0.0	0.0	0.0	1.0	0.0	0.0	1.0	0.0
	3p	+	42	175.0	87.0	104.0	215.0	581.0	0.0	3.0	1.0	0.0	0.0	0.0	0.0	0.0	0.0	0.0	0.0	0.0	0.0	0.0	0.0	0.0	0.0	0.0	0.0	0.0	0.0
	3p	+	43	174.0	73.0	95.0	186.0	528.0	0.0	1.0	0.0	0.0	0.0	1.0	0.0	0.0	1.0	0.0	0.0	0.0	0.0	0.0	0.0	0.0	1.0	0.0	0.0	0.0	0.0
	3p	+	44	157.0	94.0	75.0	167.0	493.0	0.0	2.0	0.0	0.0	0.0	0.0	0.0	0.0	1.0	0.0	0.0	0.0	0.0	0.0	0.0	0.0	0.0	0.0	0.0	0.0	0.0
	3p	+	45	132.0	73.0	82.0	156.0	443.0	0.0	0.0	0.0	0.0	0.0	1.0	0.0	0.0	0.0	0.0	0.0	0.0	0.0	0.0	0.0	0.0	1.0	0.0	0.0	0.0	0.0
	3p	+	46	128.0	66.0	76.0	136.0	406.0	0.0	3.0	0.0	0.0	0.0	0.0	0.0	0.0	0.0	1.0	1.0	1.0	0.0	0.0	0.0	0.0	1.0	0.0	0.0	0.0	0.0
	3p	+	47	126.0	56.0	69.0	127.0	378.0	0.0	2.0	0.0	0.0	1.0	0.0	0.0	0.0	0.0	0.0	1.0	0.0	0.0	0.0	0.0	0.0	0.0	0.0	1.0	0.0	0.0
	3p	+	48	106.0	60.0	60.0	114.0	340.0	0.0	1.0	1.0	0.0	0.0	0.0	0.0	0.0	0.0	0.0	1.0	0.0	0.0	0.0	0.0	0.0	1.0	0.0	0.0	0.0	0.0
	3p	+	49	99.0	60.0	56.0	102.0	317.0	0.0	0.0	0.0	0.0	0.0	0.0	0.0	0.0	2.0	0.0	0.0	0.0	0.0	0.0	0.0	0.0	0.0	0.0	0.0	0.0	0.0
	3p	+	50	81.0	52.0	51.0	104.0	288.0	0.0	0.0	0.0	0.0	0.0	0.0	0.0	0.0	1.0	0.0	0.0	0.0	0.0	0.0	0.0	0.0	0.0	0.0	0.0	0.0	0.0
	3p	+	51	90.0	39.0	41.0	99.0	269.0	0.0	1.0	0.0	0.0	0.0	1.0	0.0	0.0	0.0	0.0	0.0	0.0	0.0	0.0	0.0	0.0	1.0	0.0	0.0	0.0	0.0
	3p	+	52	77.0	42.0	40.0	90.0	249.0	0.0	0.0	0.0	0.0	0.0	0.0	0.0	0.0	0.0	0.0	0.0	0.0	0.0	0.0	0.0	0.0	0.0	0.0	0.0	0.0	0.0
	3p	+	53	80.0	42.0	35.0	72.0	229.0	0.0	1.0	0.0	0.0	0.0	0.0	0.0	0.0	0.0	0.0	0.0	0.0	0.0	0.0	0.0	0.0	0.0	0.0	0.0	0.0	0.0
	3p	+	54	78.0	34.0	33.0	68.0	213.0	1.0	0.0	0.0	0.0	0.0	0.0	0.0	0.0	0.0	0.0	0.0	0.0	0.0	0.0	0.0	0.0	0.0	0.0	0.0	0.0	0.0
	3p	+	55	59.0	36.0	34.0	66.0	195.0	0.0	0.0	0.0	0.0	0.0	0.0	0.0	0.0	0.0	0.0	0.0	0.0	0.0	0.0	0.0	0.0	0.0	0.0	0.0	0.0	0.0
	3p	+	56	67.0	24.0	31.0	58.0	180.0	0.0	2.0	0.0	0.0	0.0	0.0	0.0	0.0	0.0	0.0	0.0	0.0	0.0	0.0	0.0	0.0	0.0	0.0	0.0	0.0	0.0
	3p	+	57	60.0	20.0	37.0	46.0	163.0	0.0	0.0	1.0	0.0	0.0	0.0	0.0	0.0	0.0	0.0	0.0	0.0	0.0	0.0	0.0	0.0	0.0	0.0	0.0	0.0	0.0
	3p	+	58	52.0	24.0	18.0	53.0	147.0	1.0	0.0	1.0	0.0	0.0	1.0	0.0	1.0	0.0	0.0	0.0	0.0	0.0	0.0	0.0	0.0	0.0	0.0	0.0	0.0	0.0
	3p	+	59	37.0	18.0	19.0	57.0	131.0	0.0	0.0	0.0	0.0	0.0	1.0	0.0	0.0	0.0	0.0	0.0	0.0	0.0	0.0	0.0	0.0	0.0	0.0	0.0	0.0	0.0
	3p	+	60	28.0	27.0	14.0	46.0	115.0	0.0	0.0	0.0	0.0	0.0	0.0	0.0	1.0	0.0	0.0	0.0	0.0	0.0	0.0	0.0	0.0	0.0	0.0	0.0	0.0	0.0
	3p	+	61	25.0	22.0	16.0	45.0	108.0	0.0	2.0	0.0	0.0	0.0	1.0	0.0	0.0	0.0	0.0	0.0	0.0	0.0	0.0	0.0	0.0	0.0	0.0	0.0	0.0	0.0
	3p	+	62	33.0	12.0	21.0	35.0	101.0	0.0	0.0	0.0	0.0	0.0	0.0	0.0	0.0	0.0	0.0	0.0	0.0	0.0	0.0	0.0	0.0	0.0	0.0	0.0	0.0	0.0
	3p	+	63	31.0	16.0	13.0	29.0	89.0	0.0	0.0	1.0	1.0	0.0	0.0	0.0	0.0	0.0	0.0	0.0	0.0	0.0	0.0	0.0	0.0	0.0	0.0	0.0	0.0	0.0
	3p	+	64	21.0	18.0	15.0	32.0	86.0	0.0	0.0	0.0	0.0	0.0	0.0	0.0	0.0	0.0	0.0	0.0	2.0	0.0	0.0	0.0	0.0	0.0	0.0	0.0	0.0	0.0
	3p	+	65	21.0	10.0	13.0	32.0	76.0	0.0	0.0	0.0	0.0	0.0	0.0	0.0	0.0	0.0	0.0	0.0	0.0	0.0	0.0	0.0	0.0	0.0	0.0	0.0	0.0	0.0
	3p	+	66	22.0	9.0	13.0	24.0	68.0	0.0	0.0	0.0	0.0	0.0	0.0	0.0	0.0	0.0	1.0	0.0	0.0	0.0	0.0	0.0	0.0	0.0	0.0	0.0	0.0	0.0
	3p	+	67	8.0	11.0	14.0	29.0	62.0	0.0	0.0	0.0	0.0	0.0	0.0	0.0	0.0	0.0	0.0	0.0	0.0	0.0	0.0	0.0	0.0	0.0	0.0	0.0	0.0	0.0
	3p	+	68	16.0	13.0	3.0	22.0	54.0	0.0	0.0	0.0	0.0	0.0	1.0	0.0	0.0	0.0	0.0	0.0	0.0	0.0	0.0	0.0	0.0	0.0	0.0	0.0	0.0	0.0
	3p	+	69	15.0	12.0	6.0	17.0	50.0	0.0	1.0	0.0	0.0	0.0	0.0	0.0	0.0	1.0	0.0	0.0	0.0	0.0	0.0	0.0	0.0	0.0	0.0	0.0	0.0	0.0
	3p	+	70	10.0	13.0	8.0	10.0	41.0	0.0	0.0	0.0	0.0	0.0	0.0	0.0	0.0	0.0	0.0	1.0	0.0	0.0	0.0	0.0	0.0	0.0	0.0	0.0	0.0	0.0
	3p	+	71	10.0	4.0	6.0	17.0	37.0	0.0	0.0	0.0	0.0	0.0	0.0	0.0	0.0	0.0	0.0	0.0	0.0	0.0	0.0	0.0	0.0	0.0	0.0	0.0	0.0	0.0
	3p	+	72	11.0	6.0	2.0	13.0	32.0	0.0	0.0	0.0	1.0	0.0	0.0	0.0	0.0	0.0	0.0	0.0	0.0	0.0	0.0	0.0	0.0	0.0	0.0	0.0	0.0	0.0
	3p	+	73	8.0	2.0	6.0	12.0	28.0	0.0	0.0	0.0	0.0	0.0	0.0	0.0	0.0	0.0	0.0	0.0	0.0	0.0	0.0	0.0	0.0	0.0	0.0	0.0	0.0	0.0
	3p	+	74	9.0	4.0	4.0	7.0	24.0	0.0	0.0	0.0	0.0	0.0	0.0	0.0	0.0	0.0	0.0	0.0	0.0	0.0	0.0	0.0	0.0	0.0	0.0	0.0	0.0	0.0
	3p	+	75	10.0	4.0	2.0	7.0	23.0	0.0	0.0	0.0	0.0	0.0	0.0	0.0	0.0	0.0	0.0	0.0	0.0	0.0	0.0	0.0	0.0	0.0	0.0	0.0	0.0	0.0
	3p	+	76	6.0	3.0	3.0	10.0	22.0	0.0	1.0	0.0	0.0	0.0	0.0	0.0	0.0	0.0	0.0	0.0	0.0	0.0	0.0	0.0	0.0	0.0	0.0	0.0	0.0	0.0
	3p	+	77	7.0	1.0	3.0	6.0	17.0	0.0	0.0	0.0	0.0	0.0	0.0	0.0	0.0	0.0	0.0	0.0	0.0	0.0	0.0	0.0	0.0	0.0	0.0	0.0	0.0	0.0
	3p	+	78	5.0	3.0	3.0	3.0	14.0	0.0	0.0	0.0	0.0	0.0	0.0	0.0	0.0	0.0	0.0	0.0	0.0	0.0	0.0	0.0	0.0	0.0	0.0	0.0	0.0	0.0
	3p	+	79	5.0	2.0	3.0	2.0	12.0	0.0	0.0	0.0	0.0	0.0	0.0	0.0	0.0	0.0	0.0	0.0	0.0	0.0	0.0	0.0	0.0	0.0	0.0	0.0	0.0	0.0
	3p	+	80	5.0	3.0	1.0	2.0	11.0	0.0	0.0	0.0	0.0	0.0	0.0	0.0	0.0	0.0	0.0	0.0	0.0	0.0	0.0	0.0	0.0	0.0	0.0	0.0	0.0	0.0
	3p	+	81	3.0	3.0	2.0	2.0	10.0	0.0	0.0	0.0	0.0	0.0	0.0	0.0	0.0	0.0	0.0	0.0	0.0	0.0	0.0	0.0	0.0	0.0	0.0	0.0	0.0	0.0
	3p	+	82	2.0	1.0	2.0	3.0	8.0	0.0	0.0	0.0	0.0	0.0	0.0	0.0	0.0	0.0	0.0	0.0	0.0	0.0	0.0	0.0	0.0	0.0	0.0	0.0	0.0	0.0
	3p	+	83	0.0	1.0	3.0	2.0	6.0	0.0	0.0	0.0	0.0	0.0	0.0	0.0	0.0	0.0	0.0	0.0	0.0	0.0	0.0	0.0	0.0	0.0	0.0	0.0	0.0	0.0
	3p	+	84	2.0	1.0	0.0	2.0	5.0	0.0	0.0	0.0	0.0	0.0	0.0	0.0	0.0	0.0	0.0	0.0	0.0	0.0	0.0	0.0	0.0	0.0	0.0	0.0	0.0	0.0
	3p	+	85	0.0	1.0	0.0	2.0	3.0	0.0	0.0	0.0	0.0	0.0	0.0	0.0	0.0	0.0	0.0	0.0	0.0	0.0	0.0	0.0	0.0	0.0	0.0	0.0	0.0	0.0
	3p	+	86	1.0	0.0	0.0	1.0	2.0	0.0	0.0	0.0	0.0	0.0	0.0	0.0	0.0	0.0	0.0	0.0	0.0	0.0	0.0	0.0	0.0	0.0	0.0	0.0	0.0	0.0
	3p	+	87	0.0	0.0	0.0	1.0	1.0	0.0	0.0	0.0	0.0	0.0	0.0	0.0	0.0	0.0	0.0	0.0	0.0	0.0	0.0	0.0	0.0	0.0	0.0	0.0	0.0	0.0
	3p	+	88	0.0	0.0	0.0	1.0	1.0	0.0	0.0	0.0	0.0	0.0	0.0	0.0	0.0	0.0	0.0	0.0	0.0	0.0	0.0	0.0	0.0	0.0	0.0	0.0	0.0	0.0
	3p	+	89	0.0	0.0	0.0	0.0	0.0	0.0	0.0	0.0	0.0	0.0	0.0	0.0	0.0	0.0	0.0	0.0	0.0	0.0	0.0	0.0	0.0	0.0	0.0	0.0	0.0	0.0
	3p	+	90	0.0	0.0	0.0	0.0	0.0	0.0	0.0	0.0	0.0	0.0	0.0	0.0	0.0	0.0	0.0	0.0	0.0	0.0	0.0	0.0	0.0	0.0	0.0	0.0	0.0	0.0
	3p	+	91	0.0	0.0	0.0	0.0	0.0	0.0	0.0	0.0	0.0	0.0	0.0	0.0	0.0	0.0	0.0	0.0	0.0	0.0	0.0	0.0	0.0	0.0	0.0	0.0	0.0	0.0
	3p	+	92	0.0	0.0	0.0	0.0	0.0	0.0	0.0	0.0	0.0	0.0	0.0	0.0	0.0	0.0	0.0	0.0	0.0	0.0	0.0	0.0	0.0	0.0	0.0	0.0	0.0	0.0
	3p	+	93	0.0	0.0	0.0	0.0	0.0	0.0	0.0	0.0	0.0	0.0	0.0	0.0	0.0	0.0	0.0	0.0	0.0	0.0	0.0	0.0	0.0	0.0	0.0	0.0	0.0	0.0
	3p	+	94	0.0	0.0	0.0	0.0	0.0	0.0	0.0	0.0	0.0	0.0	0.0	0.0	0.0	0.0	0.0	0.0	0.0	0.0	0.0	0.0	0.0	0.0	0.0	0.0	0.0	0.0
	3p	+	95	0.0	0.0	0.0	0.0	0.0	0.0	0.0	0.0	0.0	0.0	0.0	0.0	0.0	0.0	0.0	0.0	0.0	0.0	0.0	0.0	0.0	0.0	0.0	0.0	0.0	0.0
	3p	+	96	0.0	0.0	0.0	0.0	0.0	0.0	0.0	0.0	0.0	0.0	0.0	0.0	0.0	0.0	0.0	0.0	0.0	0.0	0.0	0.0	0.0	0.0	0.0	0.0	0.0	0.0
	3p	+	97	0.0	0.0	0.0	0.0	0.0	0.0	0.0	0.0	0.0	0.0	0.0	0.0	0.0	0.0	0.0	0.0	0.0	0.0	0.0	0.0	0.0	0.0	0.0	0.0	0.0	0.0
	3p	+	98	0.0	0.0	0.0	0.0	0.0	0.0	0.0	0.0	0.0	0.0	0.0	0.0	0.0	0.0	0.0	0.0	0.0	0.0	0.0	0.0	0.0	0.0	0.0	0.0	0.0	0.0
	3p	+	99	0.0	0.0	0.0	0.0	0.0	0.0	0.0	0.0	0.0	0.0	0.0	0.0	0.0	0.0	0.0	0.0	0.0	0.0	0.0	0.0	0.0	0.0	0.0	0.0	0.0	0.0
	3p	+	100	0.0	0.0	0.0	0.0	0.0	0.0	0.0	0.0	0.0	0.0	0.0	0.0	0.0	0.0	0.0	0.0	0.0	0.0	0.0	0.0	0.0	0.0	0.0	0.0	0.0	0.0
	3p	-	1	548.0	223.0	138.0	504.0	1413.0	6.0	75.0	2.0	3.0	3.0	5.0	0.0	7.0	1.0	4.0	0.0	1.00.0	0.0	0.0	0.0	0.0	0.0	0.0	0.0	0.0
	3p	-	2	613.0	249.0	166.0	387.0	1415.0	2.0	28.0	3.0	3.0	3.0	5.0	1.0	1.0	2.0	2.0	1.0	2.00.0	0.0	0.0	0.0	0.0	0.0	0.0	0.0	0.0
	3p	-	3	517.0	268.0	210.0	421.0	1416.0	0.0	6.0	3.0	4.0	2.0	5.0	2.0	2.0	2.0	5.0	2.0	0.00.0	0.0	0.0	0.0	0.0	0.0	1.0	0.0	0.0
	3p	-	4	502.0	267.0	241.0	410.0	1420.0	0.0	3.0	0.0	1.0	2.0	4.0	0.0	2.0	1.0	4.0	5.0	1.00.0	0.0	0.0	0.0	0.0	0.0	0.0	0.0	0.0
	3p	-	5	525.0	232.0	223.0	434.0	1414.0	2.0	2.0	1.0	1.0	3.0	2.0	3.0	0.0	3.0	2.0	3.0	2.00.0	0.0	0.0	0.0	2.0	0.0	2.0	0.0	0.0
	3p	-	6	533.0	221.0	239.0	421.0	1414.0	2.0	1.0	3.0	2.0	1.0	1.0	1.0	2.0	0.0	2.0	1.0	4.00.0	0.0	0.0	0.0	2.0	0.0	0.0	1.0	0.0
	3p	-	7	496.0	260.0	248.0	400.0	1404.0	1.0	0.0	1.0	2.0	1.0	0.0	0.0	0.0	0.0	2.0	1.0	2.00.0	0.0	0.0	0.0	4.0	0.0	4.0	3.0	0.0
	3p	-	8	477.0	251.0	245.0	433.0	1406.0	0.0	1.0	1.0	3.0	1.0	1.0	1.0	4.0	1.0	3.0	0.0	0.00.0	0.0	0.0	0.0	1.0	0.0	5.0	4.0	0.0
	3p	-	9	469.0	274.0	229.0	437.0	1409.0	1.0	0.0	2.0	0.0	1.0	2.0	0.0	1.0	1.0	3.0	1.0	1.00.0	0.0	0.0	0.0	2.0	0.0	4.0	4.0	0.0
	3p	-	10	491.0	249.0	252.0	408.0	1400.0	1.0	4.0	0.0	1.0	0.0	1.0	3.0	2.0	1.0	1.0	0.0	1.00.0	0.0	0.0	0.0	8.0	0.0	6.0	5.0	0.0
	3p	-	11	451.0	261.0	245.0	454.0	1411.0	1.0	1.0	1.0	1.0	4.0	3.0	1.0	1.0	1.0	1.0	3.0	2.00.0	0.0	0.0	0.0	2.0	0.0	2.0	3.0	0.0
	3p	-	12	478.0	239.0	233.0	449.0	1399.0	0.0	1.0	4.0	4.0	3.0	4.0	2.0	1.0	0.0	4.0	1.0	2.00.0	0.0	0.0	0.0	3.0	0.0	4.0	6.0	0.0
	3p	-	13	440.0	270.0	248.0	450.0	1408.0	0.0	3.0	0.0	0.0	0.0	5.0	0.0	6.0	1.0	3.0	1.0	3.00.0	0.0	0.0	0.0	7.0	0.0	1.0	4.0	0.0
	3p	-	14	480.0	241.0	241.0	448.0	1410.0	2.0	2.0	1.0	1.0	1.0	0.0	0.0	0.0	3.0	2.0	0.0	3.00.0	0.0	0.0	0.0	5.0	0.0	5.0	2.0	0.0
	3p	-	15	463.0	250.0	248.0	435.0	1396.0	1.0	2.0	2.0	0.0	2.0	1.0	1.0	4.0	3.0	2.0	0.0	4.00.0	0.0	0.0	0.0	9.0	0.0	3.0	7.0	0.0
	3p	-	16	475.0	238.0	221.0	465.0	1399.0	2.0	2.0	2.0	1.0	2.0	0.0	1.0	1.0	2.0	1.0	2.0	2.00.0	0.0	0.0	0.0	3.0	0.0	1.0	7.0	0.0
	3p	-	17	472.0	271.0	241.0	425.0	1409.0	3.0	3.0	4.0	4.0	1.0	0.0	0.0	4.0	3.0	1.0	1.0	2.00.0	0.0	0.0	0.0	4.0	0.0	2.0	3.0	0.0
	3p	-	18	439.0	270.0	261.0	435.0	1405.0	2.0	0.0	0.0	0.0	0.0	2.0	3.0	0.0	0.0	1.0	0.0	0.00.0	0.0	0.0	0.0	4.0	0.0	3.0	5.0	0.0
	3p	-	19	486.0	226.0	248.0	444.0	1404.0	0.0	2.0	1.0	1.0	4.0	2.0	0.0	1.0	2.0	1.0	2.0	3.00.0	0.0	0.0	0.0	5.0	0.0	3.0	6.0	0.0
	3p	-	20	461.0	283.0	216.0	446.0	1406.0	1.0	2.0	1.0	1.0	2.0	2.0	2.0	1.0	2.0	3.0	2.0	0.00.0	0.0	0.0	0.0	3.0	0.0	1.0	6.0	0.0
	3p	-	21	435.0	281.0	257.0	435.0	1408.0	1.0	1.0	1.0	0.0	1.0	1.0	0.0	0.0	1.0	1.0	0.0	2.00.0	0.0	0.0	0.0	2.0	0.0	4.0	3.0	0.0
	3p	-	22	447.0	261.0	238.0	454.0	1400.0	0.0	2.0	0.0	3.0	1.0	1.0	1.0	2.0	0.0	0.0	1.0	0.00.0	0.0	0.0	0.0	6.0	0.0	5.0	6.0	0.0
	3p	-	23	477.0	253.0	246.0	426.0	1402.0	0.0	1.0	3.0	4.0	2.0	4.0	0.0	1.0	0.0	1.0	0.0	1.00.0	0.0	0.0	0.0	5.0	0.0	3.0	7.0	0.0
	3p	-	24	434.0	275.0	264.0	429.0	1402.0	1.0	3.0	1.0	0.0	0.0	1.0	3.0	1.0	1.0	0.0	1.0	1.00.0	0.0	0.0	0.0	2.0	0.0	5.0	5.0	0.0
	3p	-	25	466.0	276.0	229.0	434.0	1405.0	2.0	1.0	3.0	4.0	3.0	4.0	1.0	1.0	1.0	0.0	0.0	2.00.0	0.0	0.0	0.0	0.0	0.0	8.0	6.0	0.0
	3p	-	26	453.0	237.0	270.0	442.0	1402.0	1.0	1.0	3.0	0.0	2.0	1.0	0.0	0.0	2.0	2.0	1.0	3.00.0	0.0	0.0	0.0	3.0	0.0	9.0	5.0	0.0
	3p	-	27	441.0	252.0	263.0	461.0	1417.0	1.0	2.0	0.0	2.0	3.0	2.0	4.0	1.0	0.0	2.0	2.0	0.00.0	0.0	0.0	0.0	2.0	0.0	3.0	2.0	0.0
	3p	-	28	468.0	252.0	251.0	450.0	1421.0	0.0	3.0	2.0	4.0	2.0	1.0	1.0	3.0	0.0	0.0	2.0	0.00.0	0.0	0.0	0.0	0.0	0.0	1.0	0.0	0.0
	3p	-	29	455.0	257.0	257.0	452.0	1421.0	0.0	0.0	1.0	0.0	1.0	0.0	0.0	1.0	2.0	0.0	1.0	1.00.0	0.0	0.0	0.0	1.0	0.0	1.0	1.0	0.0
	3p	-	30	447.0	285.0	252.0	436.0	1420.0	3.0	0.0	3.0	1.0	1.0	3.0	2.0	2.0	3.0	3.0	1.0	0.00.0	0.0	0.0	0.0	1.0	0.0	0.0	1.0	0.0
	3p	-	31	381.0	238.0	215.0	377.0	1211.0	4.0	2.0	0.0	1.0	1.0	0.0	1.0	0.0	0.0	0.0	0.0	1.00.0	0.0	0.0	0.0	1.0	0.0	0.0	0.0	0.0
	3p	-	32	330.0	191.0	205.0	363.0	1089.0	2.0	1.0	1.0	1.0	0.0	1.0	0.0	0.0	2.0	2.0	0.0	1.00.0	0.0	0.0	0.0	1.0	0.0	0.0	0.0	0.0
	3p	-	33	314.0	187.0	185.0	335.0	1021.0	0.0	2.0	0.0	0.0	0.0	0.0	0.0	1.0	0.0	1.0	0.0	0.00.0	0.0	0.0	0.0	1.0	0.0	0.0	0.0	0.0
	3p	-	34	311.0	163.0	175.0	324.0	973.0	0.0	2.0	0.0	0.0	0.0	1.0	0.0	1.0	1.0	0.0	0.0	0.00.0	0.0	0.0	0.0	0.0	0.0	0.0	0.0	0.0
	3p	-	35	285.0	166.0	173.0	291.0	915.0	1.0	0.0	0.0	0.0	0.0	0.0	0.0	0.0	0.0	0.0	0.0	0.00.0	0.0	0.0	0.0	0.0	0.0	1.0	1.0	0.0
	3p	-	36	269.0	146.0	163.0	277.0	855.0	0.0	2.0	0.0	0.0	1.0	0.0	0.0	0.0	0.0	0.0	0.0	0.00.0	0.0	0.0	0.0	0.0	0.0	0.0	1.0	0.0
	3p	-	37	261.0	147.0	135.0	254.0	797.0	1.0	2.0	0.0	1.0	0.0	0.0	0.0	2.0	0.0	1.0	0.0	1.00.0	0.0	0.0	0.0	0.0	0.0	0.0	0.0	0.0
	3p	-	38	238.0	136.0	128.0	254.0	756.0	1.0	0.0	1.0	1.0	0.0	0.0	1.0	0.0	2.0	0.0	0.0	0.00.0	0.0	0.0	0.0	0.0	0.0	1.0	0.0	0.0
	3p	-	39	221.0	133.0	129.0	229.0	712.0	0.0	1.0	0.0	1.0	0.0	0.0	1.0	0.0	0.0	0.0	0.0	2.00.0	0.0	0.0	0.0	1.0	0.0	1.0	0.0	0.0
	3p	-	40	211.0	116.0	107.0	225.0	659.0	1.0	2.0	1.0	1.0	0.0	2.0	0.0	0.0	0.0	0.0	0.0	0.00.0	0.0	0.0	0.0	1.0	0.0	0.0	1.0	0.0
	3p	-	41	199.0	106.0	106.0	196.0	607.0	0.0	1.0	1.0	0.0	0.0	1.0	0.0	0.0	0.0	0.0	0.0	1.00.0	0.0	0.0	0.0	1.0	0.0	0.0	0.0	0.0
	3p	-	42	178.0	94.0	84.0	202.0	558.0	0.0	3.0	1.0	0.0	0.0	0.0	0.0	1.0	0.0	0.0	1.0	0.00.0	0.0	0.0	0.0	0.0	0.0	1.0	1.0	0.0
	3p	-	43	174.0	82.0	84.0	180.0	520.0	0.0	2.0	0.0	0.0	0.0	0.0	0.0	0.0	0.0	0.0	0.0	0.00.0	0.0	0.0	0.0	1.0	0.0	0.0	0.0	0.0
	3p	-	44	167.0	75.0	77.0	159.0	478.0	1.0	0.0	0.0	0.0	0.0	1.0	0.0	1.0	1.0	1.0	0.0	0.00.0	0.0	0.0	0.0	0.0	0.0	1.0	0.0	0.0
	3p	-	45	148.0	91.0	62.0	135.0	436.0	0.0	1.0	0.0	0.0	0.0	2.0	0.0	1.0	0.0	0.0	0.0	1.00.0	0.0	0.0	0.0	0.0	0.0	0.0	0.0	0.0
	3p	-	46	127.0	89.0	67.0	122.0	405.0	0.0	1.0	0.0	0.0	0.0	0.0	0.0	1.0	0.0	0.0	1.0	1.00.0	0.0	0.0	0.0	0.0	0.0	0.0	0.0	0.0
	3p	-	47	127.0	62.0	61.0	115.0	365.0	0.0	0.0	1.0	0.0	0.0	0.0	0.0	0.0	0.0	0.0	0.0	1.00.0	0.0	0.0	0.0	0.0	0.0	0.0	0.0	0.0
	3p	-	48	112.0	53.0	57.0	104.0	326.0	0.0	0.0	0.0	0.0	0.0	0.0	0.0	0.0	0.0	0.0	0.0	0.00.0	0.0	0.0	0.0	0.0	0.0	0.0	0.0	0.0
	3p	-	49	89.0	48.0	50.0	107.0	294.0	0.0	3.0	0.0	0.0	0.0	0.0	0.0	0.0	0.0	0.0	0.0	0.00.0	0.0	0.0	0.0	1.0	0.0	0.0	0.0	0.0
	3p	-	50	77.0	53.0	29.0	102.0	261.0	0.0	0.0	0.0	0.0	0.0	0.0	0.0	0.0	0.0	0.0	1.0	0.00.0	0.0	0.0	0.0	0.0	0.0	0.0	0.0	0.0
	3p	-	51	80.0	31.0	36.0	82.0	229.0	1.0	0.0	0.0	0.0	0.0	0.0	0.0	0.0	0.0	0.0	0.0	1.00.0	0.0	0.0	0.0	0.0	0.0	0.0	0.0	0.0
	3p	-	52	62.0	39.0	29.0	77.0	207.0	0.0	0.0	0.0	0.0	0.0	0.0	0.0	0.0	0.0	0.0	0.0	1.00.0	0.0	0.0	0.0	0.0	0.0	0.0	0.0	0.0
	3p	-	53	61.0	37.0	39.0	55.0	192.0	0.0	0.0	0.0	0.0	0.0	0.0	0.0	0.0	0.0	0.0	0.0	0.00.0	0.0	0.0	0.0	0.0	0.0	0.0	0.0	0.0
	3p	-	54	54.0	35.0	24.0	62.0	175.0	0.0	1.0	0.0	0.0	0.0	1.0	1.0	0.0	0.0	0.0	0.0	0.00.0	0.0	0.0	0.0	0.0	0.0	0.0	0.0	0.0
	3p	-	55	47.0	26.0	27.0	56.0	156.0	0.0	1.0	0.0	0.0	0.0	0.0	0.0	1.0	0.0	0.0	0.0	0.00.0	0.0	0.0	0.0	0.0	0.0	0.0	0.0	0.0
	3p	-	56	45.0	30.0	16.0	45.0	136.0	0.0	1.0	0.0	0.0	0.0	0.0	0.0	0.0	0.0	0.0	0.0	0.00.0	0.0	0.0	0.0	0.0	0.0	0.0	0.0	0.0
	3p	-	57	30.0	20.0	26.0	45.0	121.0	0.0	0.0	0.0	0.0	0.0	0.0	0.0	0.0	1.0	0.0	0.0	0.00.0	0.0	0.0	0.0	0.0	0.0	0.0	0.0	0.0
	3p	-	58	36.0	21.0	22.0	35.0	114.0	0.0	0.0	0.0	1.0	0.0	0.0	0.0	0.0	0.0	0.0	0.0	0.00.0	0.0	0.0	0.0	0.0	0.0	0.0	0.0	0.0
	3p	-	59	32.0	10.0	21.0	40.0	103.0	0.0	1.0	0.0	0.0	0.0	0.0	0.0	0.0	0.0	0.0	0.0	1.00.0	0.0	0.0	0.0	0.0	0.0	0.0	0.0	0.0
	3p	-	60	29.0	13.0	16.0	37.0	95.0	0.0	0.0	0.0	0.0	0.0	0.0	0.0	0.0	1.0	0.0	0.0	0.00.0	0.0	0.0	0.0	0.0	0.0	0.0	0.0	0.0
	3p	-	61	34.0	13.0	14.0	28.0	89.0	0.0	0.0	0.0	0.0	0.0	0.0	0.0	0.0	0.0	0.0	0.0	0.00.0	0.0	0.0	0.0	0.0	0.0	0.0	0.0	0.0
	3p	-	62	31.0	14.0	14.0	22.0	81.0	0.0	0.0	0.0	0.0	0.0	0.0	0.0	0.0	0.0	0.0	0.0	0.00.0	0.0	0.0	0.0	0.0	0.0	0.0	0.0	0.0
	3p	-	63	24.0	15.0	17.0	17.0	73.0	0.0	1.0	0.0	0.0	0.0	0.0	0.0	0.0	0.0	0.0	0.0	0.00.0	0.0	0.0	0.0	0.0	0.0	0.0	0.0	0.0
	3p	-	64	23.0	14.0	11.0	21.0	69.0	0.0	0.0	1.0	0.0	0.0	0.0	0.0	0.0	0.0	0.0	0.0	0.00.0	0.0	0.0	0.0	0.0	0.0	0.0	0.0	0.0
	3p	-	65	23.0	8.0	8.0	17.0	56.0	0.0	0.0	0.0	0.0	0.0	0.0	0.0	0.0	1.0	1.0	0.0	0.00.0	0.0	0.0	0.0	0.0	0.0	0.0	0.0	0.0
	3p	-	66	18.0	7.0	10.0	20.0	55.0	0.0	0.0	0.0	0.0	0.0	0.0	1.0	0.0	0.0	0.0	0.0	0.00.0	0.0	0.0	0.0	0.0	0.0	0.0	0.0	0.0
	3p	-	67	17.0	15.0	4.0	12.0	48.0	0.0	0.0	0.0	0.0	0.0	0.0	0.0	0.0	0.0	0.0	0.0	0.00.0	0.0	0.0	0.0	0.0	0.0	0.0	0.0	0.0
	3p	-	68	15.0	13.0	1.0	13.0	42.0	0.0	1.0	0.0	0.0	0.0	0.0	0.0	0.0	0.0	0.0	0.0	0.00.0	0.0	0.0	0.0	0.0	0.0	0.0	0.0	0.0
	3p	-	69	7.0	12.0	5.0	14.0	38.0	0.0	0.0	0.0	0.0	0.0	0.0	0.0	0.0	0.0	0.0	0.0	0.00.0	0.0	0.0	0.0	0.0	0.0	0.0	0.0	0.0
	3p	-	70	11.0	4.0	8.0	13.0	36.0	0.0	0.0	0.0	0.0	0.0	0.0	0.0	0.0	0.0	0.0	0.0	0.00.0	0.0	0.0	0.0	0.0	0.0	0.0	0.0	0.0
	3p	-	71	9.0	5.0	6.0	13.0	33.0	0.0	0.0	0.0	0.0	0.0	0.0	0.0	0.0	0.0	0.0	0.0	0.00.0	0.0	0.0	0.0	0.0	0.0	0.0	0.0	0.0
	3p	-	72	10.0	7.0	5.0	9.0	31.0	1.0	0.0	0.0	0.0	0.0	0.0	0.0	0.0	0.0	0.0	0.0	0.00.0	0.0	0.0	0.0	0.0	0.0	0.0	0.0	0.0
	3p	-	73	7.0	5.0	6.0	10.0	28.0	0.0	0.0	0.0	0.0	0.0	0.0	0.0	0.0	0.0	0.0	0.0	0.00.0	0.0	0.0	0.0	0.0	0.0	0.0	0.0	0.0
	3p	-	74	9.0	1.0	3.0	9.0	22.0	0.0	0.0	0.0	0.0	0.0	0.0	0.0	0.0	0.0	0.0	0.0	0.00.0	0.0	0.0	0.0	0.0	0.0	0.0	0.0	0.0
	3p	-	75	5.0	6.0	2.0	7.0	20.0	0.0	0.0	0.0	0.0	0.0	0.0	0.0	0.0	0.0	0.0	0.0	0.00.0	0.0	0.0	0.0	0.0	0.0	0.0	0.0	0.0
	3p	-	76	6.0	6.0	1.0	5.0	18.0	0.0	0.0	0.0	0.0	0.0	0.0	0.0	0.0	0.0	0.0	0.0	0.00.0	0.0	0.0	0.0	0.0	0.0	0.0	0.0	0.0
	3p	-	77	2.0	5.0	4.0	3.0	14.0	0.0	0.0	0.0	0.0	0.0	0.0	0.0	0.0	0.0	0.0	0.0	0.00.0	0.0	0.0	0.0	0.0	0.0	0.0	0.0	0.0
	3p	-	78	2.0	3.0	5.0	4.0	14.0	0.0	0.0	0.0	0.0	0.0	0.0	0.0	0.0	0.0	0.0	0.0	0.00.0	0.0	0.0	0.0	0.0	0.0	0.0	0.0	0.0
	3p	-	79	4.0	2.0	2.0	4.0	12.0	0.0	0.0	0.0	0.0	0.0	0.0	0.0	0.0	0.0	0.0	0.0	0.00.0	0.0	0.0	0.0	0.0	0.0	0.0	0.0	0.0
	3p	-	80	4.0	2.0	2.0	2.0	10.0	0.0	0.0	0.0	0.0	0.0	0.0	0.0	0.0	0.0	0.0	0.0	0.00.0	0.0	0.0	0.0	0.0	0.0	0.0	0.0	0.0
	3p	-	81	3.0	0.0	4.0	3.0	10.0	0.0	0.0	0.0	0.0	0.0	0.0	0.0	0.0	0.0	0.0	0.0	0.00.0	0.0	0.0	0.0	0.0	0.0	0.0	0.0	0.0
	3p	-	82	4.0	2.0	1.0	1.0	8.0	0.0	0.0	0.0	0.0	0.0	0.0	0.0	0.0	0.0	0.0	0.0	0.00.0	0.0	0.0	0.0	0.0	0.0	0.0	0.0	0.0
	3p	-	83	3.0	1.0	1.0	1.0	6.0	0.0	1.0	0.0	0.0	1.0	0.0	0.0	0.0	0.0	0.0	0.0	0.00.0	0.0	0.0	0.0	0.0	0.0	0.0	0.0	0.0
	3p	-	84	1.0	1.0	1.0	2.0	5.0	0.0	0.0	0.0	0.0	0.0	0.0	0.0	0.0	0.0	0.0	0.0	0.00.0	0.0	0.0	0.0	0.0	0.0	0.0	0.0	0.0
	3p	-	85	1.0	2.0	0.0	2.0	5.0	0.0	0.0	0.0	0.0	0.0	0.0	0.0	0.0	0.0	0.0	0.0	0.00.0	0.0	0.0	0.0	0.0	0.0	0.0	0.0	0.0
	3p	-	86	0.0	1.0	3.0	0.0	4.0	0.0	0.0	0.0	0.0	0.0	0.0	0.0	0.0	0.0	0.0	0.0	0.00.0	0.0	0.0	0.0	0.0	0.0	0.0	0.0	0.0
	3p	-	87	1.0	1.0	1.0	0.0	3.0	0.0	0.0	0.0	0.0	0.0	0.0	0.0	0.0	0.0	0.0	0.0	0.00.0	0.0	0.0	0.0	0.0	0.0	0.0	0.0	0.0
	3p	-	88	1.0	0.0	0.0	2.0	3.0	0.0	0.0	0.0	0.0	0.0	0.0	0.0	0.0	0.0	0.0	0.0	0.00.0	0.0	0.0	0.0	0.0	0.0	0.0	0.0	0.0
	3p	-	89	2.0	1.0	0.0	0.0	3.0	0.0	0.0	0.0	0.0	0.0	0.0	0.0	0.0	0.0	0.0	0.0	0.00.0	0.0	0.0	0.0	0.0	0.0	0.0	0.0	0.0
	3p	-	90	0.0	1.0	2.0	0.0	3.0	0.0	0.0	0.0	0.0	0.0	0.0	0.0	0.0	0.0	0.0	0.0	0.00.0	0.0	0.0	0.0	0.0	0.0	0.0	0.0	0.0
	3p	-	91	0.0	0.0	0.0	1.0	1.0	0.0	0.0	0.0	0.0	0.0	0.0	0.0	0.0	0.0	0.0	0.0	0.00.0	0.0	0.0	0.0	0.0	0.0	0.0	0.0	0.0
	3p	-	92	0.0	0.0	0.0	0.0	0.0	0.0	0.0	0.0	0.0	0.0	0.0	0.0	0.0	0.0	0.0	0.0	0.00.0	0.0	0.0	0.0	0.0	0.0	0.0	0.0	0.0
	3p	-	93	0.0	0.0	0.0	0.0	0.0	0.0	0.0	0.0	0.0	0.0	0.0	0.0	0.0	0.0	0.0	0.0	0.00.0	0.0	0.0	0.0	0.0	0.0	0.0	0.0	0.0
	3p	-	94	0.0	0.0	0.0	0.0	0.0	0.0	0.0	0.0	0.0	0.0	0.0	0.0	0.0	0.0	0.0	0.0	0.00.0	0.0	0.0	0.0	0.0	0.0	0.0	0.0	0.0
	3p	-	95	0.0	0.0	0.0	0.0	0.0	0.0	0.0	0.0	0.0	0.0	0.0	0.0	0.0	0.0	0.0	0.0	0.00.0	0.0	0.0	0.0	0.0	0.0	0.0	0.0	0.0
	3p	-	96	0.0	0.0	0.0	0.0	0.0	0.0	0.0	0.0	0.0	0.0	0.0	0.0	0.0	0.0	0.0	0.0	0.00.0	0.0	0.0	0.0	0.0	0.0	0.0	0.0	0.0
	3p	-	97	0.0	0.0	0.0	0.0	0.0	0.0	0.0	0.0	0.0	0.0	0.0	0.0	0.0	0.0	0.0	0.0	0.00.0	0.0	0.0	0.0	0.0	0.0	0.0	0.0	0.0
	3p	-	98	0.0	0.0	0.0	0.0	0.0	0.0	0.0	0.0	0.0	0.0	0.0	0.0	0.0	0.0	0.0	0.0	0.00.0	0.0	0.0	0.0	0.0	0.0	0.0	0.0	0.0
	3p	-	99	0.0	0.0	0.0	0.0	0.0	0.0	0.0	0.0	0.0	0.0	0.0	0.0	0.0	0.0	0.0	0.0	0.00.0	0.0	0.0	0.0	0.0	0.0	0.0	0.0	0.0
	3p	-	100	0.0	0.0	0.0	0.0	0.0	0.0	0.0	0.0	0.0	0.0	0.0	0.0	0.0	0.0	0.0	0.0	0.00.0	0.0	0.0	0.0	0.0	0.0	0.0	0.0	0.0
	5p	+	1	435.0	254.0	191.0	510.0	1390.0	1.0	26.0	2.0	3.0	2.0	5.0	0.0	4.0	3.0	1.0	2.0	1.00.0	0.0	0.0	0.0	0.0	0.0	0.0	0.0	0.0
	5p	+	2	405.0	232.0	249.0	508.0	1394.0	1.0	3.0	5.0	3.0	2.0	3.0	2.0	1.0	3.0	1.0	1.0	3.00.0	0.0	0.0	0.0	0.0	0.0	0.0	0.0	0.0
	5p	+	3	448.0	264.0	234.0	448.0	1394.0	1.0	3.0	1.0	2.0	1.0	0.0	1.0	3.0	7.0	5.0	3.0	1.00.0	0.0	0.0	0.0	2.0	0.0	0.0	1.0	0.0
	5p	+	4	434.0	271.0	267.0	423.0	1395.0	0.0	2.0	1.0	4.0	1.0	8.0	0.0	0.0	0.0	2.0	1.0	0.00.0	0.0	0.0	0.0	2.0	0.0	0.0	3.0	0.0
	5p	+	5	412.0	265.0	252.0	465.0	1394.0	0.0	2.0	3.0	2.0	0.0	2.0	0.0	3.0	0.0	3.0	0.0	4.00.0	0.0	0.0	0.0	1.0	0.0	1.0	3.0	0.0
	5p	+	6	401.0	256.0	272.0	459.0	1388.0	0.0	2.0	1.0	1.0	1.0	1.0	1.0	2.0	1.0	0.0	1.0	0.00.0	0.0	0.0	0.0	3.0	0.0	6.0	2.0	0.0
	5p	+	7	440.0	247.0	270.0	428.0	1385.0	3.0	0.0	4.0	1.0	3.0	1.0	0.0	0.0	3.0	0.0	1.0	2.00.0	0.0	0.0	0.0	6.0	0.0	3.0	5.0	0.0
	5p	+	8	471.0	244.0	239.0	434.0	1388.0	0.0	1.0	1.0	1.0	1.0	1.0	2.0	1.0	2.0	3.0	0.0	2.00.0	0.0	0.0	0.0	5.0	0.0	2.0	6.0	0.0
	5p	+	9	480.0	238.0	234.0	433.0	1385.0	3.0	2.0	3.0	3.0	1.0	2.0	1.0	0.0	2.0	1.0	1.0	1.00.0	0.0	0.0	0.0	0.0	0.0	8.0	3.0	0.0
	5p	+	10	432.0	235.0	250.0	472.0	1389.0	3.0	1.0	2.0	0.0	3.0	1.0	0.0	2.0	2.0	2.0	2.0	0.00.0	0.0	0.0	0.0	5.0	0.0	1.0	2.0	0.0
	5p	+	11	450.0	239.0	259.0	440.0	1388.0	1.0	0.0	4.0	2.0	0.0	0.0	1.0	1.0	0.0	1.0	0.0	2.00.0	0.0	0.0	0.0	7.0	0.0	4.0	4.0	0.0
	5p	+	12	457.0	259.0	235.0	432.0	1383.0	1.0	2.0	1.0	1.0	1.0	3.0	2.0	0.0	0.0	1.0	0.0	0.00.0	0.0	0.0	0.0	4.0	0.0	9.0	5.0	0.0
	5p	+	13	467.0	281.0	224.0	418.0	1390.0	1.0	0.0	0.0	1.0	2.0	0.0	1.0	1.0	0.0	1.0	1.0	0.00.0	0.0	0.0	0.0	4.0	0.0	4.0	4.0	0.0
	5p	+	14	447.0	253.0	214.0	469.0	1383.0	2.0	3.0	2.0	2.0	4.0	1.0	0.0	1.0	2.0	1.0	0.0	0.00.0	0.0	0.0	0.0	4.0	0.0	5.0	5.0	0.0
	5p	+	15	448.0	266.0	221.0	449.0	1384.0	0.0	1.0	2.0	1.0	2.0	3.0	1.0	3.0	2.0	1.0	2.0	0.00.0	0.0	0.0	0.0	3.0	0.0	5.0	5.0	0.0
	5p	+	16	444.0	275.0	219.0	446.0	1384.0	2.0	4.0	0.0	3.0	1.0	0.0	3.0	1.0	0.0	2.0	0.0	1.00.0	0.0	0.0	0.0	3.0	0.0	7.0	2.0	0.0
	5p	+	17	463.0	275.0	221.0	428.0	1387.0	1.0	3.0	2.0	2.0	1.0	1.0	0.0	1.0	4.0	1.0	0.0	0.00.0	0.0	0.0	0.0	2.0	0.0	2.0	4.0	0.0
	5p	+	18	446.0	245.0	249.0	446.0	1386.0	2.0	2.0	3.0	1.0	2.0	1.0	1.0	2.0	3.0	3.0	0.0	3.00.0	0.0	0.0	0.0	2.0	0.0	5.0	4.0	0.0
	5p	+	19	439.0	268.0	236.0	439.0	1382.0	0.0	0.0	1.0	1.0	2.0	1.0	0.0	1.0	2.0	1.0	0.0	1.00.0	0.0	0.0	0.0	4.0	0.0	8.0	4.0	0.0
	5p	+	20	451.0	245.0	266.0	427.0	1389.0	4.0	3.0	3.0	2.0	0.0	0.0	4.0	1.0	3.0	0.0	0.0	1.00.0	0.0	0.0	0.0	3.0	0.0	2.0	7.0	0.0
	5p	+	21	452.0	251.0	232.0	455.0	1390.0	3.0	0.0	2.0	0.0	1.0	0.0	0.0	2.0	0.0	0.0	1.0	1.00.0	0.0	0.0	0.0	5.0	0.0	3.0	2.0	0.0
	5p	+	22	430.0	247.0	254.0	451.0	1382.0	3.0	0.0	4.0	1.0	2.0	0.0	0.0	0.0	0.0	2.0	1.0	0.00.0	0.0	0.0	0.0	6.0	0.0	7.0	4.0	0.0
	5p	+	23	435.0	251.0	258.0	441.0	1385.0	1.0	0.0	2.0	1.0	1.0	4.0	1.0	3.0	0.0	2.0	0.0	2.00.0	0.0	0.0	0.0	4.0	0.0	4.0	4.0	0.0
	5p	+	24	483.0	259.0	194.0	450.0	1386.0	1.0	3.0	3.0	3.0	2.0	3.0	0.0	1.0	1.0	1.0	0.0	0.00.0	0.0	0.0	0.0	5.0	0.0	3.0	4.0	0.0
	5p	+	25	479.0	259.0	222.0	430.0	1390.0	0.0	1.0	4.0	0.0	0.0	0.0	0.0	0.0	1.0	1.0	0.0	1.00.0	0.0	0.0	0.0	6.0	0.0	0.0	2.0	0.0
	5p	+	26	484.0	242.0	234.0	432.0	1392.0	2.0	4.0	1.0	1.0	2.0	4.0	1.0	1.0	0.0	2.0	1.0	1.00.0	0.0	0.0	0.0	4.0	0.0	0.0	1.0	0.0
	5p	+	27	477.0	248.0	234.0	440.0	1399.0	0.0	1.0	2.0	2.0	1.0	1.0	0.0	1.0	3.0	1.0	1.0	2.00.0	0.0	0.0	0.0	0.0	0.0	3.0	0.0	0.0
	5p	+	28	469.0	258.0	235.0	436.0	1398.0	2.0	1.0	1.0	2.0	0.0	2.0	0.0	1.0	4.0	4.0	0.0	2.00.0	0.0	0.0	0.0	1.0	0.0	1.0	0.0	0.0
	5p	+	29	454.0	315.0	200.0	430.0	1399.0	1.0	1.0	0.0	1.0	3.0	2.0	2.0	2.0	1.0	0.0	2.0	1.00.0	0.0	0.0	0.0	1.0	0.0	0.0	0.0	0.0
	5p	+	30	504.0	232.0	218.0	446.0	1400.0	2.0	7.0	0.0	1.0	1.0	1.0	0.0	1.0	1.0	0.0	2.0	0.00.0	0.0	0.0	0.0	0.0	0.0	0.0	0.0	0.0
	5p	+	31	421.0	221.0	189.0	387.0	1218.0	1.0	4.0	0.0	0.0	2.0	0.0	1.0	0.0	1.0	3.0	0.0	0.00.0	0.0	0.0	0.0	0.0	0.0	0.0	1.0	0.0
	5p	+	32	374.0	196.0	187.0	348.0	1105.0	0.0	5.0	0.0	1.0	0.0	1.0	0.0	0.0	2.0	1.0	1.0	1.00.0	0.0	0.0	0.0	0.0	0.0	0.0	0.0	0.0
	5p	+	33	370.0	161.0	172.0	325.0	1028.0	4.0	5.0	0.0	0.0	0.0	1.0	0.0	1.0	0.0	0.0	0.0	0.00.0	0.0	0.0	0.0	0.0	0.0	0.0	0.0	0.0
	5p	+	34	320.0	164.0	171.0	326.0	981.0	0.0	5.0	0.0	0.0	2.0	0.0	0.0	0.0	0.0	0.0	0.0	0.00.0	0.0	0.0	0.0	1.0	0.0	0.0	0.0	0.0
	5p	+	35	331.0	167.0	143.0	282.0	923.0	0.0	6.0	0.0	0.0	0.0	0.0	0.0	0.0	0.0	0.0	0.0	0.00.0	0.0	0.0	0.0	1.0	0.0	0.0	0.0	0.0
	5p	+	36	316.0	156.0	143.0	260.0	875.0	1.0	5.0	0.0	0.0	0.0	0.0	0.0	2.0	0.0	1.0	0.0	0.00.0	0.0	0.0	0.0	0.0	0.0	0.0	0.0	0.0
	5p	+	37	265.0	151.0	133.0	253.0	802.0	1.0	5.0	1.0	0.0	0.0	0.0	0.0	1.0	0.0	0.0	0.0	2.00.0	0.0	0.0	0.0	0.0	0.0	0.0	1.0	0.0
	5p	+	38	256.0	116.0	118.0	255.0	745.0	0.0	3.0	0.0	0.0	0.0	0.0	0.0	0.0	0.0	0.0	0.0	0.00.0	0.0	0.0	0.0	1.0	0.0	0.0	0.0	0.0
	5p	+	39	245.0	123.0	117.0	215.0	700.0	1.0	4.0	1.0	0.0	1.0	0.0	1.0	2.0	0.0	0.0	0.0	0.00.0	0.0	0.0	0.0	3.0	0.0	0.0	0.0	0.0
	5p	+	40	259.0	76.0	97.0	229.0	661.0	0.0	3.0	0.0	0.0	1.0	0.0	0.0	0.0	0.0	0.0	0.0	1.00.0	0.0	0.0	0.0	1.0	0.0	0.0	0.0	0.0
	5p	+	41	219.0	96.0	95.0	216.0	626.0	0.0	3.0	0.0	1.0	0.0	0.0	0.0	0.0	0.0	0.0	0.0	0.00.0	0.0	0.0	0.0	0.0	0.0	0.0	1.0	0.0
	5p	+	42	207.0	99.0	87.0	189.0	582.0	0.0	5.0	0.0	0.0	1.0	1.0	0.0	0.0	0.0	0.0	0.0	0.00.0	0.0	0.0	0.0	0.0	0.0	0.0	0.0	0.0
	5p	+	43	181.0	91.0	78.0	180.0	530.0	0.0	5.0	0.0	0.0	0.0	0.0	0.0	0.0	0.0	0.0	0.0	1.00.0	0.0	0.0	0.0	0.0	0.0	0.0	0.0	0.0
	5p	+	44	198.0	78.0	72.0	146.0	494.0	0.0	5.0	0.0	0.0	1.0	0.0	0.0	0.0	0.0	0.0	0.0	0.00.0	0.0	0.0	0.0	0.0	0.0	0.0	0.0	0.0
	5p	+	45	152.0	77.0	66.0	149.0	444.0	1.0	1.0	0.0	2.0	0.0	0.0	0.0	1.0	0.0	0.0	0.0	0.00.0	0.0	0.0	0.0	0.0	0.0	0.0	0.0	0.0
	5p	+	46	153.0	69.0	45.0	138.0	405.0	0.0	3.0	1.0	0.0	0.0	0.0	0.0	0.0	0.0	0.0	0.0	0.00.0	0.0	0.0	0.0	0.0	0.0	1.0	2.0	0.0
	5p	+	47	137.0	55.0	66.0	121.0	379.0	0.0	1.0	0.0	0.0	2.0	0.0	0.0	0.0	0.0	0.0	1.0	0.00.0	0.0	0.0	0.0	0.0	0.0	1.0	0.0	0.0
	5p	+	48	110.0	62.0	51.0	117.0	340.0	0.0	2.0	0.0	0.0	0.0	0.0	0.0	0.0	1.0	0.0	0.0	0.00.0	0.0	0.0	0.0	0.0	0.0	0.0	0.0	0.0
	5p	+	49	112.0	53.0	43.0	110.0	318.0	0.0	4.0	0.0	1.0	0.0	0.0	0.0	0.0	0.0	0.0	0.0	0.00.0	0.0	0.0	0.0	1.0	0.0	0.0	0.0	0.0
	5p	+	50	101.0	54.0	50.0	83.0	288.0	0.0	1.0	0.0	0.0	0.0	1.0	0.0	0.0	0.0	0.0	0.0	0.00.0	0.0	0.0	0.0	0.0	0.0	0.0	0.0	0.0
	5p	+	51	95.0	60.0	36.0	80.0	271.0	0.0	3.0	0.0	0.0	0.0	0.0	0.0	0.0	0.0	0.0	0.0	0.00.0	0.0	0.0	0.0	0.0	0.0	0.0	0.0	0.0
	5p	+	52	99.0	37.0	27.0	87.0	250.0	0.0	0.0	0.0	0.0	0.0	0.0	0.0	0.0	0.0	0.0	0.0	0.00.0	0.0	0.0	0.0	0.0	0.0	0.0	0.0	0.0
	5p	+	53	89.0	36.0	38.0	66.0	229.0	0.0	3.0	0.0	0.0	0.0	0.0	0.0	0.0	0.0	0.0	0.0	0.00.0	0.0	0.0	0.0	0.0	0.0	0.0	0.0	0.0
	5p	+	54	75.0	35.0	32.0	70.0	212.0	0.0	2.0	0.0	0.0	0.0	0.0	0.0	0.0	0.0	0.0	0.0	0.00.0	0.0	0.0	0.0	0.0	0.0	0.0	0.0	0.0
	5p	+	55	72.0	42.0	24.0	57.0	195.0	1.0	1.0	0.0	0.0	1.0	0.0	0.0	0.0	0.0	0.0	0.0	0.00.0	0.0	0.0	0.0	0.0	0.0	0.0	0.0	0.0
	5p	+	56	60.0	35.0	27.0	58.0	180.0	0.0	4.0	0.0	0.0	0.0	2.0	0.0	0.0	0.0	0.0	0.0	1.00.0	0.0	0.0	0.0	0.0	0.0	0.0	0.0	0.0
	5p	+	57	57.0	30.0	20.0	57.0	164.0	0.0	3.0	0.0	1.0	0.0	0.0	0.0	0.0	0.0	0.0	0.0	0.00.0	0.0	0.0	0.0	0.0	0.0	0.0	0.0	0.0
	5p	+	58	55.0	27.0	27.0	37.0	146.0	1.0	2.0	0.0	0.0	0.0	0.0	0.0	0.0	0.0	1.0	0.0	0.00.0	0.0	0.0	0.0	0.0	0.0	0.0	0.0	0.0
	5p	+	59	47.0	22.0	24.0	38.0	131.0	1.0	1.0	0.0	0.0	0.0	1.0	1.0	0.0	0.0	0.0	0.0	0.00.0	0.0	0.0	0.0	0.0	0.0	0.0	0.0	0.0
	5p	+	60	42.0	17.0	14.0	44.0	117.0	0.0	1.0	0.0	0.0	0.0	0.0	0.0	0.0	0.0	0.0	0.0	0.00.0	0.0	0.0	0.0	0.0	0.0	0.0	0.0	0.0
	5p	+	61	36.0	15.0	13.0	44.0	108.0	0.0	0.0	0.0	0.0	0.0	0.0	0.0	0.0	0.0	0.0	0.0	0.00.0	0.0	0.0	0.0	0.0	0.0	0.0	0.0	0.0
	5p	+	62	34.0	19.0	12.0	37.0	102.0	0.0	0.0	0.0	0.0	0.0	0.0	0.0	0.0	0.0	0.0	0.0	1.00.0	0.0	0.0	0.0	0.0	0.0	0.0	0.0	0.0
	5p	+	63	34.0	14.0	8.0	34.0	90.0	0.0	0.0	0.0	0.0	0.0	0.0	0.0	0.0	0.0	0.0	0.0	0.00.0	0.0	0.0	0.0	0.0	0.0	0.0	0.0	0.0
	5p	+	64	38.0	8.0	13.0	27.0	86.0	0.0	0.0	0.0	0.0	0.0	0.0	0.0	0.0	0.0	0.0	0.0	0.00.0	0.0	0.0	0.0	0.0	0.0	0.0	0.0	0.0
	5p	+	65	29.0	7.0	12.0	29.0	77.0	0.0	0.0	0.0	0.0	1.0	0.0	0.0	0.0	0.0	0.0	0.0	0.00.0	0.0	0.0	0.0	0.0	0.0	0.0	0.0	0.0
	5p	+	66	21.0	15.0	11.0	21.0	68.0	0.0	0.0	0.0	0.0	0.0	0.0	0.0	0.0	0.0	0.0	0.0	0.00.0	0.0	0.0	0.0	0.0	0.0	0.0	0.0	0.0
	5p	+	67	18.0	9.0	8.0	27.0	62.0	0.0	0.0	0.0	0.0	0.0	0.0	0.0	0.0	0.0	0.0	0.0	0.00.0	0.0	0.0	0.0	0.0	0.0	0.0	0.0	0.0
	5p	+	68	16.0	7.0	13.0	18.0	54.0	0.0	0.0	0.0	0.0	0.0	0.0	0.0	0.0	0.0	0.0	0.0	0.00.0	0.0	0.0	0.0	0.0	0.0	0.0	0.0	0.0
	5p	+	69	18.0	7.0	6.0	19.0	50.0	0.0	0.0	0.0	0.0	0.0	0.0	0.0	0.0	0.0	0.0	0.0	0.00.0	0.0	0.0	0.0	0.0	0.0	0.0	0.0	0.0
	5p	+	70	11.0	8.0	5.0	17.0	41.0	0.0	1.0	0.0	0.0	0.0	0.0	0.0	0.0	0.0	1.0	0.0	0.00.0	0.0	0.0	0.0	0.0	0.0	0.0	0.0	0.0
	5p	+	71	10.0	4.0	11.0	12.0	37.0	0.0	0.0	0.0	0.0	0.0	0.0	0.0	0.0	0.0	0.0	0.0	0.00.0	0.0	0.0	0.0	0.0	0.0	0.0	0.0	0.0
	5p	+	72	9.0	6.0	7.0	11.0	33.0	0.0	0.0	0.0	0.0	0.0	0.0	0.0	0.0	0.0	0.0	0.0	0.00.0	0.0	0.0	0.0	0.0	0.0	0.0	0.0	0.0
	5p	+	73	9.0	8.0	2.0	9.0	28.0	0.0	0.0	0.0	0.0	0.0	0.0	0.0	0.0	0.0	0.0	0.0	0.00.0	0.0	0.0	0.0	0.0	0.0	0.0	0.0	0.0
	5p	+	74	9.0	4.0	4.0	7.0	24.0	0.0	0.0	0.0	0.0	0.0	0.0	0.0	0.0	0.0	0.0	0.0	0.00.0	0.0	0.0	0.0	0.0	0.0	0.0	0.0	0.0
	5p	+	75	10.0	4.0	3.0	6.0	23.0	0.0	1.0	0.0	0.0	0.0	0.0	0.0	0.0	0.0	0.0	0.0	0.00.0	0.0	0.0	0.0	0.0	0.0	0.0	0.0	0.0
	5p	+	76	5.0	3.0	6.0	8.0	22.0	0.0	0.0	0.0	0.0	0.0	0.0	0.0	0.0	0.0	0.0	0.0	0.00.0	0.0	0.0	0.0	0.0	0.0	0.0	0.0	0.0
	5p	+	77	5.0	5.0	3.0	4.0	17.0	0.0	0.0	0.0	0.0	0.0	0.0	0.0	0.0	0.0	0.0	0.0	0.00.0	0.0	0.0	0.0	0.0	0.0	0.0	0.0	0.0
	5p	+	78	3.0	4.0	2.0	5.0	14.0	0.0	0.0	0.0	0.0	0.0	0.0	0.0	0.0	0.0	0.0	0.0	0.00.0	0.0	0.0	0.0	0.0	0.0	0.0	0.0	0.0
	5p	+	79	0.0	2.0	1.0	9.0	12.0	0.0	1.0	0.0	0.0	0.0	0.0	0.0	0.0	0.0	0.0	0.0	0.00.0	0.0	0.0	0.0	0.0	0.0	0.0	0.0	0.0
	5p	+	80	2.0	3.0	2.0	4.0	11.0	0.0	0.0	0.0	0.0	0.0	0.0	0.0	0.0	0.0	0.0	0.0	0.00.0	0.0	0.0	0.0	0.0	0.0	0.0	0.0	0.0
	5p	+	81	3.0	3.0	1.0	3.0	10.0	0.0	1.0	0.0	0.0	0.0	0.0	0.0	0.0	0.0	0.0	0.0	0.00.0	0.0	0.0	0.0	0.0	0.0	0.0	0.0	0.0
	5p	+	82	2.0	3.0	1.0	2.0	8.0	0.0	0.0	0.0	0.0	0.0	0.0	0.0	0.0	0.0	0.0	0.0	0.00.0	0.0	0.0	0.0	0.0	0.0	0.0	0.0	0.0
	5p	+	83	3.0	0.0	0.0	3.0	6.0	0.0	0.0	0.0	0.0	0.0	0.0	0.0	0.0	0.0	0.0	0.0	0.00.0	0.0	0.0	0.0	0.0	0.0	0.0	0.0	0.0
	5p	+	84	1.0	1.0	0.0	3.0	5.0	0.0	1.0	0.0	0.0	0.0	0.0	0.0	0.0	0.0	0.0	0.0	0.00.0	0.0	0.0	0.0	0.0	0.0	0.0	0.0	0.0
	5p	+	85	1.0	0.0	1.0	1.0	3.0	0.0	0.0	0.0	0.0	0.0	0.0	0.0	0.0	0.0	0.0	0.0	0.00.0	0.0	0.0	0.0	0.0	0.0	0.0	0.0	0.0
	5p	+	86	1.0	0.0	0.0	1.0	2.0	0.0	0.0	0.0	0.0	0.0	0.0	0.0	0.0	0.0	0.0	0.0	0.00.0	0.0	0.0	0.0	0.0	0.0	0.0	0.0	0.0
	5p	+	87	0.0	1.0	0.0	0.0	1.0	0.0	0.0	0.0	0.0	0.0	0.0	0.0	0.0	0.0	0.0	0.0	0.00.0	0.0	0.0	0.0	0.0	0.0	0.0	0.0	0.0
	5p	+	88	0.0	0.0	0.0	1.0	1.0	0.0	0.0	0.0	0.0	0.0	0.0	0.0	0.0	0.0	0.0	0.0	0.00.0	0.0	0.0	0.0	0.0	0.0	0.0	0.0	0.0
	5p	+	89	0.0	0.0	0.0	0.0	0.0	0.0	0.0	0.0	0.0	0.0	0.0	0.0	0.0	0.0	0.0	0.0	0.00.0	0.0	0.0	0.0	0.0	0.0	0.0	0.0	0.0
	5p	+	90	0.0	0.0	0.0	0.0	0.0	0.0	0.0	0.0	0.0	0.0	0.0	0.0	0.0	0.0	0.0	0.0	0.00.0	0.0	0.0	0.0	0.0	0.0	0.0	0.0	0.0
	5p	+	91	0.0	0.0	0.0	0.0	0.0	0.0	0.0	0.0	0.0	0.0	0.0	0.0	0.0	0.0	0.0	0.0	0.00.0	0.0	0.0	0.0	0.0	0.0	0.0	0.0	0.0
	5p	+	92	0.0	0.0	0.0	0.0	0.0	0.0	0.0	0.0	0.0	0.0	0.0	0.0	0.0	0.0	0.0	0.0	0.00.0	0.0	0.0	0.0	0.0	0.0	0.0	0.0	0.0
	5p	+	93	0.0	0.0	0.0	0.0	0.0	0.0	0.0	0.0	0.0	0.0	0.0	0.0	0.0	0.0	0.0	0.0	0.00.0	0.0	0.0	0.0	0.0	0.0	0.0	0.0	0.0
	5p	+	94	0.0	0.0	0.0	0.0	0.0	0.0	0.0	0.0	0.0	0.0	0.0	0.0	0.0	0.0	0.0	0.0	0.00.0	0.0	0.0	0.0	0.0	0.0	0.0	0.0	0.0
	5p	+	95	0.0	0.0	0.0	0.0	0.0	0.0	0.0	0.0	0.0	0.0	0.0	0.0	0.0	0.0	0.0	0.0	0.00.0	0.0	0.0	0.0	0.0	0.0	0.0	0.0	0.0
	5p	+	96	0.0	0.0	0.0	0.0	0.0	0.0	0.0	0.0	0.0	0.0	0.0	0.0	0.0	0.0	0.0	0.0	0.00.0	0.0	0.0	0.0	0.0	0.0	0.0	0.0	0.0
	5p	+	97	0.0	0.0	0.0	0.0	0.0	0.0	0.0	0.0	0.0	0.0	0.0	0.0	0.0	0.0	0.0	0.0	0.00.0	0.0	0.0	0.0	0.0	0.0	0.0	0.0	0.0
	5p	+	98	0.0	0.0	0.0	0.0	0.0	0.0	0.0	0.0	0.0	0.0	0.0	0.0	0.0	0.0	0.0	0.0	0.00.0	0.0	0.0	0.0	0.0	0.0	0.0	0.0	0.0
	5p	+	99	0.0	0.0	0.0	0.0	0.0	0.0	0.0	0.0	0.0	0.0	0.0	0.0	0.0	0.0	0.0	0.0	0.00.0	0.0	0.0	0.0	0.0	0.0	0.0	0.0	0.0
	5p	+	100	0.0	0.0	0.0	0.0	0.0	0.0	0.0	0.0	0.0	0.0	0.0	0.0	0.0	0.0	0.0	0.0	0.00.0	0.0	0.0	0.0	0.0	0.0	0.0	0.0	0.0
	5p	-	1	458.0	265.0	193.0	499.0	1415.0	6.0	20.0	4.0	2.0	2.0	4.0	4.0	2.0	4.0	3.0	3.0	3.00.0	0.0	0.0	0.0	0.0	0.0	0.0	0.0	0.0
	5p	-	2	427.0	234.0	274.0	479.0	1414.0	3.0	1.0	1.0	1.0	1.0	5.0	3.0	3.0	1.0	3.0	0.0	0.00.0	0.0	0.0	0.0	0.0	0.0	0.0	0.0	0.0
	5p	-	3	454.0	287.0	263.0	412.0	1416.0	1.0	3.0	2.0	1.0	0.0	1.0	1.0	3.0	3.0	1.0	2.0	1.00.0	0.0	0.0	0.0	0.0	0.0	0.0	0.0	0.0
	5p	-	4	446.0	291.0	252.0	429.0	1418.0	1.0	1.0	2.0	5.0	4.0	3.0	3.0	0.0	1.0	1.0	2.0	2.00.0	0.0	0.0	0.0	0.0	0.0	0.0	1.0	0.0
	5p	-	5	433.0	271.0	269.0	429.0	1402.0	3.0	2.0	3.0	2.0	3.0	0.0	1.0	1.0	2.0	2.0	2.0	2.00.0	0.0	0.0	0.0	2.0	0.0	9.0	5.0	0.0
	5p	-	6	441.0	258.0	292.0	417.0	1408.0	2.0	3.0	2.0	5.0	0.0	4.0	1.0	0.0	0.0	0.0	0.0	1.00.0	0.0	0.0	0.0	2.0	0.0	5.0	4.0	0.0
	5p	-	7	444.0	261.0	257.0	446.0	1408.0	1.0	1.0	1.0	0.0	1.0	1.0	2.0	0.0	2.0	0.0	0.0	1.00.0	0.0	0.0	0.0	1.0	0.0	4.0	6.0	0.0
	5p	-	8	485.0	239.0	234.0	443.0	1401.0	0.0	3.0	2.0	3.0	2.0	4.0	0.0	3.0	1.0	1.0	1.0	1.00.0	0.0	0.0	0.0	4.0	0.0	5.0	8.0	0.0
	5p	-	9	468.0	231.0	230.0	477.0	1406.0	0.0	1.0	1.0	2.0	2.0	1.0	0.0	3.0	0.0	1.0	0.0	0.00.0	0.0	0.0	0.0	6.0	0.0	2.0	2.0	0.0
	5p	-	10	446.0	260.0	244.0	456.0	1406.0	1.0	0.0	0.0	0.0	2.0	1.0	1.0	0.0	2.0	0.0	1.0	0.00.0	0.0	0.0	0.0	3.0	0.0	1.0	2.0	0.0
	5p	-	11	436.0	278.0	244.0	443.0	1401.0	1.0	0.0	1.0	2.0	2.0	2.0	1.0	2.0	1.0	4.0	1.0	1.00.0	0.0	0.0	0.0	3.0	0.0	3.0	7.0	0.0
	5p	-	12	449.0	265.0	247.0	439.0	1400.0	0.0	4.0	0.0	1.0	0.0	2.0	0.0	0.0	1.0	1.0	2.0	2.00.0	0.0	0.0	0.0	4.0	0.0	2.0	10.0	0.0
	5p	-	13	480.0	251.0	252.0	423.0	1406.0	1.0	1.0	1.0	0.0	3.0	2.0	2.0	1.0	1.0	1.0	0.0	1.00.0	0.0	0.0	0.0	3.0	0.0	2.0	5.0	0.0
	5p	-	14	423.0	286.0	263.0	435.0	1407.0	1.0	3.0	3.0	3.0	1.0	0.0	1.0	3.0	1.0	1.0	0.0	1.00.0	0.0	0.0	0.0	3.0	0.0	2.0	4.0	0.0
	5p	-	15	455.0	274.0	247.0	422.0	1398.0	2.0	1.0	3.0	2.0	4.0	0.0	1.0	2.0	4.0	1.0	3.0	3.00.0	0.0	0.0	0.0	5.0	0.0	3.0	8.0	0.0
	5p	-	16	482.0	241.0	233.0	445.0	1401.0	1.0	1.0	2.0	0.0	0.0	2.0	1.0	2.0	4.0	1.0	1.0	3.00.0	0.0	0.0	0.0	10.0	0.0	4.0	4.0	0.0
	5p	-	17	473.0	264.0	257.0	413.0	1407.0	3.0	1.0	1.0	0.0	2.0	0.0	0.0	1.0	2.0	0.0	0.0	1.00.0	0.0	0.0	0.0	5.0	0.0	4.0	5.0	0.0
	5p	-	18	458.0	257.0	230.0	462.0	1407.0	0.0	1.0	1.0	0.0	1.0	3.0	0.0	3.0	2.0	1.0	1.0	5.00.0	0.0	0.0	0.0	4.0	0.0	4.0	4.0	0.0
	5p	-	19	431.0	252.0	276.0	444.0	1403.0	1.0	1.0	1.0	2.0	1.0	3.0	2.0	1.0	0.0	5.0	0.0	3.00.0	0.0	0.0	0.0	3.0	0.0	4.0	6.0	0.0
	5p	-	20	438.0	276.0	217.0	471.0	1402.0	1.0	2.0	6.0	2.0	4.0	1.0	1.0	1.0	1.0	4.0	3.0	2.00.0	0.0	0.0	0.0	3.0	0.0	4.0	4.0	0.0
	5p	-	21	454.0	238.0	262.0	449.0	1403.0	1.0	1.0	0.0	1.0	1.0	2.0	4.0	2.0	1.0	0.0	2.0	1.00.0	0.0	0.0	0.0	5.0	0.0	6.0	3.0	0.0
	5p	-	22	476.0	268.0	237.0	425.0	1406.0	1.0	2.0	1.0	0.0	1.0	2.0	0.0	2.0	0.0	3.0	0.0	2.00.0	0.0	0.0	0.0	1.0	0.0	5.0	6.0	0.0
	5p	-	23	477.0	262.0	231.0	433.0	1403.0	0.0	1.0	1.0	1.0	0.0	0.0	0.0	5.0	1.0	0.0	1.0	0.00.0	0.0	0.0	0.0	1.0	0.0	5.0	4.0	0.0
	5p	-	24	477.0	264.0	253.0	409.0	1403.0	1.0	4.0	0.0	3.0	1.0	1.0	1.0	1.0	0.0	2.0	1.0	2.00.0	0.0	0.0	0.0	2.0	0.0	10.0	2.0	0.0
	5p	-	25	461.0	230.0	244.0	472.0	1407.0	1.0	0.0	1.0	1.0	2.0	1.0	0.0	1.0	1.0	3.0	0.0	0.00.0	0.0	0.0	0.0	6.0	0.0	1.0	2.0	0.0
	5p	-	26	489.0	255.0	254.0	419.0	1417.0	2.0	3.0	2.0	1.0	2.0	1.0	2.0	2.0	2.0	1.0	3.0	4.00.0	0.0	0.0	0.0	2.0	0.0	1.0	0.0	0.0
	5p	-	27	500.0	248.0	235.0	433.0	1416.0	1.0	2.0	1.0	1.0	2.0	3.0	1.0	1.0	2.0	4.0	4.0	0.00.0	0.0	0.0	0.0	3.0	0.0	0.0	2.0	0.0
	5p	-	28	477.0	261.0	233.0	447.0	1418.0	0.0	3.0	4.0	5.0	2.0	2.0	2.0	3.0	0.0	3.0	3.0	2.00.0	0.0	0.0	0.0	0.0	0.0	2.0	0.0	0.0
	5p	-	29	482.0	272.0	230.0	436.0	1420.0	2.0	0.0	2.0	3.0	2.0	3.0	0.0	2.0	3.0	2.0	1.0	1.00.0	0.0	0.0	0.0	0.0	0.0	0.0	0.0	0.0
	5p	-	30	477.0	262.0	224.0	456.0	1419.0	2.0	8.0	0.0	1.0	1.0	1.0	0.0	2.0	1.0	2.0	0.0	3.00.0	0.0	0.0	0.0	1.0	0.0	0.0	0.0	0.0
	5p	-	31	442.0	215.0	188.0	368.0	1213.0	3.0	6.0	2.0	0.0	1.0	1.0	1.0	2.0	0.0	2.0	0.0	0.00.0	0.0	0.0	0.0	1.0	0.0	0.0	1.0	0.0
	5p	-	32	384.0	174.0	182.0	347.0	1087.0	1.0	2.0	0.0	1.0	0.0	1.0	0.0	1.0	0.0	1.0	0.0	1.00.0	0.0	0.0	0.0	1.0	0.0	0.0	0.0	0.0
	5p	-	33	355.0	169.0	181.0	318.0	1023.0	1.0	6.0	0.0	0.0	0.0	0.0	0.0	1.0	0.0	2.0	0.0	0.00.0	0.0	0.0	0.0	0.0	0.0	0.0	1.0	0.0
	5p	-	34	353.0	169.0	170.0	279.0	971.0	1.0	8.0	2.0	0.0	0.0	2.0	0.0	0.0	1.0	0.0	0.0	0.00.0	0.0	0.0	0.0	0.0	0.0	1.0	0.0	0.0
	5p	-	35	302.0	167.0	149.0	297.0	915.0	0.0	3.0	0.0	0.0	1.0	1.0	1.0	0.0	0.0	1.0	0.0	0.00.0	0.0	0.0	0.0	0.0	0.0	0.0	0.0	0.0
	5p	-	36	286.0	140.0	151.0	281.0	858.0	0.0	9.0	0.0	1.0	0.0	0.0	0.0	0.0	0.0	0.0	0.0	1.00.0	0.0	0.0	0.0	0.0	0.0	0.0	0.0	0.0
	5p	-	37	283.0	144.0	122.0	249.0	798.0	0.0	3.0	0.0	0.0	1.0	0.0	0.0	0.0	0.0	0.0	0.0	0.00.0	0.0	0.0	0.0	0.0	0.0	0.0	0.0	0.0
	5p	-	38	281.0	147.0	99.0	237.0	764.0	0.0	2.0	0.0	2.0	0.0	3.0	0.0	0.0	0.0	0.0	0.0	0.00.0	0.0	0.0	0.0	0.0	0.0	0.0	0.0	0.0
	5p	-	39	286.0	100.0	105.0	226.0	717.0	0.0	3.0	0.0	0.0	0.0	2.0	0.0	0.0	0.0	0.0	0.0	2.00.0	0.0	0.0	0.0	0.0	0.0	0.0	0.0	0.0
	5p	-	40	248.0	110.0	98.0	209.0	665.0	0.0	5.0	0.0	0.0	0.0	0.0	0.0	0.0	0.0	0.0	0.0	1.00.0	0.0	0.0	0.0	0.0	0.0	0.0	0.0	0.0
	5p	-	41	215.0	109.0	89.0	198.0	611.0	1.0	4.0	0.0	0.0	0.0	0.0	0.0	0.0	0.0	2.0	0.0	1.00.0	0.0	0.0	0.0	0.0	0.0	0.0	0.0	0.0
	5p	-	42	190.0	97.0	98.0	177.0	562.0	0.0	4.0	0.0	1.0	0.0	0.0	0.0	1.0	1.0	0.0	0.0	1.00.0	0.0	0.0	0.0	1.0	0.0	0.0	0.0	0.0
	5p	-	43	197.0	93.0	94.0	139.0	523.0	0.0	3.0	0.0	0.0	0.0	0.0	0.0	1.0	0.0	0.0	0.0	1.00.0	0.0	0.0	0.0	1.0	0.0	0.0	0.0	0.0
	5p	-	44	162.0	90.0	64.0	161.0	477.0	0.0	2.0	0.0	0.0	0.0	0.0	0.0	0.0	0.0	0.0	0.0	0.00.0	0.0	0.0	0.0	2.0	0.0	0.0	0.0	0.0
	5p	-	45	173.0	62.0	52.0	149.0	436.0	0.0	4.0	0.0	0.0	0.0	1.0	0.0	0.0	1.0	0.0	0.0	0.00.0	0.0	0.0	0.0	1.0	0.0	0.0	0.0	0.0
	5p	-	46	138.0	72.0	62.0	129.0	401.0	0.0	8.0	0.0	1.0	1.0	0.0	1.0	0.0	0.0	1.0	0.0	0.00.0	0.0	0.0	0.0	0.0	0.0	1.0	0.0	0.0
	5p	-	47	129.0	64.0	42.0	130.0	365.0	0.0	6.0	0.0	0.0	0.0	1.0	0.0	0.0	0.0	1.0	1.0	0.00.0	0.0	0.0	0.0	0.0	0.0	0.0	0.0	0.0
	5p	-	48	88.0	68.0	59.0	111.0	326.0	0.0	2.0	1.0	0.0	0.0	0.0	0.0	0.0	0.0	0.0	0.0	0.00.0	0.0	0.0	0.0	0.0	0.0	0.0	0.0	0.0
	5p	-	49	108.0	51.0	41.0	98.0	298.0	0.0	7.0	0.0	0.0	0.0	0.0	0.0	1.0	0.0	0.0	0.0	0.00.0	0.0	0.0	0.0	0.0	0.0	0.0	0.0	0.0
	5p	-	50	86.0	47.0	44.0	86.0	263.0	0.0	4.0	0.0	0.0	0.0	1.0	0.0	0.0	0.0	0.0	0.0	1.00.0	0.0	0.0	0.0	0.0	0.0	0.0	0.0	0.0
	5p	-	51	77.0	36.0	37.0	82.0	232.0	1.0	1.0	0.0	0.0	0.0	1.0	0.0	0.0	0.0	0.0	0.0	0.00.0	0.0	0.0	0.0	0.0	0.0	0.0	0.0	0.0
	5p	-	52	73.0	31.0	26.0	81.0	211.0	0.0	2.0	0.0	0.0	0.0	0.0	0.0	0.0	0.0	0.0	0.0	0.00.0	0.0	0.0	0.0	0.0	0.0	0.0	0.0	0.0
	5p	-	53	79.0	34.0	22.0	58.0	193.0	0.0	3.0	0.0	0.0	0.0	0.0	0.0	0.0	0.0	0.0	0.0	0.00.0	0.0	0.0	0.0	0.0	0.0	0.0	0.0	0.0
	5p	-	54	51.0	32.0	37.0	51.0	171.0	0.0	3.0	1.0	0.0	0.0	0.0	0.0	0.0	0.0	0.0	0.0	0.00.0	0.0	0.0	0.0	1.0	0.0	0.0	0.0	0.0
	5p	-	55	53.0	37.0	17.0	47.0	154.0	0.0	2.0	0.0	0.0	0.0	0.0	0.0	0.0	0.0	0.0	0.0	0.00.0	0.0	0.0	0.0	1.0	0.0	0.0	0.0	0.0
	5p	-	56	46.0	27.0	19.0	43.0	135.0	0.0	0.0	0.0	0.0	0.0	0.0	0.0	1.0	0.0	0.0	0.0	0.00.0	0.0	0.0	0.0	0.0	0.0	0.0	0.0	0.0
	5p	-	57	42.0	14.0	19.0	43.0	118.0	1.0	0.0	0.0	0.0	0.0	0.0	0.0	0.0	0.0	0.0	0.0	0.00.0	0.0	0.0	0.0	1.0	0.0	0.0	0.0	0.0
	5p	-	58	40.0	15.0	23.0	34.0	112.0	0.0	1.0	0.0	0.0	0.0	0.0	0.0	0.0	0.0	0.0	0.0	0.00.0	0.0	0.0	0.0	0.0	0.0	0.0	0.0	0.0
	5p	-	59	35.0	12.0	15.0	40.0	102.0	0.0	1.0	0.0	0.0	0.0	0.0	0.0	0.0	0.0	0.0	0.0	0.00.0	0.0	0.0	0.0	0.0	0.0	0.0	0.0	0.0
	5p	-	60	26.0	18.0	13.0	37.0	94.0	0.0	1.0	0.0	0.0	0.0	0.0	0.0	0.0	0.0	0.0	0.0	0.00.0	0.0	0.0	0.0	1.0	0.0	0.0	0.0	0.0
	5p	-	61	33.0	16.0	12.0	27.0	88.0	0.0	0.0	1.0	0.0	0.0	0.0	0.0	0.0	0.0	0.0	0.0	0.00.0	0.0	0.0	0.0	0.0	0.0	0.0	0.0	0.0
	5p	-	62	27.0	10.0	15.0	29.0	81.0	0.0	0.0	0.0	0.0	0.0	0.0	0.0	0.0	0.0	0.0	0.0	0.00.0	0.0	0.0	0.0	0.0	0.0	0.0	0.0	0.0
	5p	-	63	33.0	12.0	11.0	17.0	73.0	0.0	0.0	0.0	0.0	0.0	1.0	0.0	0.0	0.0	0.0	0.0	0.00.0	0.0	0.0	0.0	0.0	0.0	0.0	0.0	0.0
	5p	-	64	25.0	9.0	10.0	25.0	69.0	0.0	0.0	0.0	0.0	0.0	0.0	0.0	0.0	0.0	0.0	0.0	0.00.0	0.0	0.0	0.0	0.0	0.0	0.0	0.0	0.0
	5p	-	65	18.0	7.0	7.0	24.0	56.0	0.0	2.0	0.0	1.0	0.0	0.0	0.0	0.0	0.0	0.0	0.0	0.00.0	0.0	0.0	0.0	0.0	0.0	0.0	0.0	0.0
	5p	-	66	22.0	11.0	5.0	17.0	55.0	0.0	0.0	0.0	0.0	0.0	0.0	0.0	0.0	0.0	0.0	0.0	0.00.0	0.0	0.0	0.0	0.0	0.0	0.0	0.0	0.0
	5p	-	67	16.0	3.0	7.0	22.0	48.0	0.0	0.0	0.0	0.0	0.0	0.0	0.0	0.0	0.0	0.0	0.0	0.00.0	0.0	0.0	0.0	0.0	0.0	0.0	0.0	0.0
	5p	-	68	12.0	10.0	5.0	15.0	42.0	0.0	0.0	0.0	0.0	0.0	0.0	0.0	0.0	1.0	0.0	0.0	0.00.0	0.0	0.0	0.0	0.0	0.0	0.0	0.0	0.0
	5p	-	69	8.0	8.0	6.0	16.0	38.0	0.0	0.0	0.0	0.0	0.0	0.0	0.0	0.0	0.0	1.0	0.0	0.00.0	0.0	0.0	0.0	0.0	0.0	0.0	0.0	0.0
	5p	-	70	9.0	5.0	6.0	15.0	35.0	0.0	0.0	0.0	0.0	0.0	0.0	0.0	0.0	0.0	0.0	0.0	0.00.0	0.0	0.0	0.0	0.0	0.0	1.0	0.0	0.0
	5p	-	71	10.0	6.0	5.0	12.0	33.0	0.0	0.0	0.0	1.0	0.0	0.0	0.0	0.0	0.0	0.0	0.0	0.00.0	0.0	0.0	0.0	0.0	0.0	0.0	0.0	0.0
	5p	-	72	10.0	5.0	6.0	10.0	31.0	0.0	0.0	0.0	0.0	0.0	0.0	0.0	1.0	0.0	0.0	0.0	0.00.0	0.0	0.0	0.0	0.0	0.0	0.0	0.0	0.0
	5p	-	73	10.0	5.0	2.0	11.0	28.0	0.0	2.0	0.0	0.0	0.0	0.0	0.0	0.0	0.0	0.0	0.0	0.00.0	0.0	0.0	0.0	0.0	0.0	0.0	0.0	0.0
	5p	-	74	10.0	2.0	2.0	8.0	22.0	0.0	0.0	0.0	0.0	0.0	0.0	0.0	0.0	0.0	0.0	0.0	0.00.0	0.0	0.0	0.0	0.0	0.0	0.0	0.0	0.0
	5p	-	75	3.0	3.0	5.0	9.0	20.0	0.0	1.0	0.0	0.0	0.0	0.0	0.0	0.0	0.0	0.0	0.0	0.00.0	0.0	0.0	0.0	0.0	0.0	0.0	0.0	0.0
	5p	-	76	6.0	4.0	2.0	5.0	17.0	0.0	0.0	0.0	0.0	0.0	0.0	0.0	0.0	0.0	0.0	0.0	0.00.0	0.0	0.0	0.0	0.0	0.0	0.0	0.0	0.0
	5p	-	77	2.0	3.0	1.0	8.0	14.0	0.0	0.0	0.0	0.0	0.0	0.0	0.0	0.0	0.0	0.0	0.0	0.00.0	0.0	0.0	0.0	0.0	0.0	0.0	0.0	0.0
	5p	-	78	8.0	0.0	1.0	4.0	13.0	0.0	0.0	0.0	0.0	0.0	1.0	0.0	0.0	0.0	0.0	0.0	0.00.0	0.0	0.0	0.0	0.0	0.0	0.0	0.0	0.0
	5p	-	79	4.0	4.0	0.0	3.0	11.0	0.0	0.0	0.0	0.0	0.0	0.0	0.0	0.0	0.0	0.0	0.0	0.00.0	0.0	0.0	0.0	0.0	0.0	0.0	0.0	0.0
	5p	-	80	3.0	1.0	1.0	4.0	9.0	0.0	0.0	0.0	0.0	2.0	0.0	0.0	0.0	0.0	0.0	0.0	0.00.0	0.0	0.0	0.0	1.0	0.0	0.0	0.0	0.0
	5p	-	81	2.0	2.0	1.0	4.0	9.0	0.0	0.0	0.0	0.0	0.0	0.0	0.0	0.0	0.0	0.0	0.0	0.00.0	0.0	0.0	0.0	0.0	0.0	0.0	0.0	0.0
	5p	-	82	3.0	2.0	0.0	2.0	7.0	0.0	0.0	0.0	0.0	0.0	1.0	0.0	0.0	0.0	0.0	0.0	0.00.0	0.0	0.0	0.0	0.0	0.0	0.0	0.0	0.0
	5p	-	83	2.0	0.0	0.0	3.0	5.0	0.0	0.0	0.0	0.0	0.0	0.0	0.0	0.0	0.0	0.0	0.0	0.00.0	0.0	0.0	0.0	0.0	0.0	0.0	0.0	0.0
	5p	-	84	2.0	0.0	1.0	1.0	4.0	0.0	0.0	0.0	0.0	0.0	0.0	0.0	0.0	0.0	0.0	0.0	0.00.0	0.0	0.0	0.0	0.0	0.0	0.0	0.0	0.0
	5p	-	85	1.0	0.0	2.0	1.0	4.0	0.0	0.0	0.0	0.0	0.0	0.0	0.0	0.0	0.0	0.0	0.0	0.00.0	0.0	0.0	0.0	0.0	0.0	0.0	0.0	0.0
	5p	-	86	3.0	0.0	0.0	1.0	4.0	0.0	0.0	0.0	0.0	0.0	0.0	0.0	0.0	0.0	0.0	0.0	0.00.0	0.0	0.0	0.0	0.0	0.0	0.0	0.0	0.0
	5p	-	87	0.0	1.0	0.0	2.0	3.0	0.0	0.0	0.0	0.0	0.0	0.0	0.0	0.0	0.0	0.0	0.0	0.00.0	0.0	0.0	0.0	0.0	0.0	0.0	0.0	0.0
	5p	-	88	1.0	1.0	1.0	0.0	3.0	0.0	0.0	0.0	0.0	0.0	0.0	0.0	0.0	0.0	0.0	0.0	0.00.0	0.0	0.0	0.0	0.0	0.0	0.0	0.0	0.0
	5p	-	89	2.0	1.0	0.0	0.0	3.0	0.0	0.0	0.0	0.0	0.0	0.0	0.0	0.0	0.0	0.0	0.0	0.00.0	0.0	0.0	0.0	0.0	0.0	0.0	0.0	0.0
	5p	-	90	1.0	1.0	0.0	1.0	3.0	0.0	0.0	0.0	0.0	0.0	0.0	0.0	0.0	0.0	0.0	0.0	0.00.0	0.0	0.0	0.0	0.0	0.0	0.0	0.0	0.0
	5p	-	91	0.0	0.0	0.0	1.0	1.0	0.0	0.0	0.0	0.0	0.0	0.0	0.0	0.0	0.0	0.0	0.0	0.00.0	0.0	0.0	0.0	0.0	0.0	0.0	0.0	0.0
	5p	-	92	0.0	0.0	0.0	0.0	0.0	0.0	0.0	0.0	0.0	0.0	0.0	0.0	0.0	0.0	0.0	0.0	0.00.0	0.0	0.0	0.0	0.0	0.0	0.0	0.0	0.0
	5p	-	93	0.0	0.0	0.0	0.0	0.0	0.0	0.0	0.0	0.0	0.0	0.0	0.0	0.0	0.0	0.0	0.0	0.00.0	0.0	0.0	0.0	0.0	0.0	0.0	0.0	0.0
	5p	-	94	0.0	0.0	0.0	0.0	0.0	0.0	0.0	0.0	0.0	0.0	0.0	0.0	0.0	0.0	0.0	0.0	0.00.0	0.0	0.0	0.0	0.0	0.0	0.0	0.0	0.0
	5p	-	95	0.0	0.0	0.0	0.0	0.0	0.0	0.0	0.0	0.0	0.0	0.0	0.0	0.0	0.0	0.0	0.0	0.00.0	0.0	0.0	0.0	0.0	0.0	0.0	0.0	0.0
	5p	-	96	0.0	0.0	0.0	0.0	0.0	0.0	0.0	0.0	0.0	0.0	0.0	0.0	0.0	0.0	0.0	0.0	0.00.0	0.0	0.0	0.0	0.0	0.0	0.0	0.0	0.0
	5p	-	97	0.0	0.0	0.0	0.0	0.0	0.0	0.0	0.0	0.0	0.0	0.0	0.0	0.0	0.0	0.0	0.0	0.00.0	0.0	0.0	0.0	0.0	0.0	0.0	0.0	0.0
	5p	-	98	0.0	0.0	0.0	0.0	0.0	0.0	0.0	0.0	0.0	0.0	0.0	0.0	0.0	0.0	0.0	0.0	0.00.0	0.0	0.0	0.0	0.0	0.0	0.0	0.0	0.0
	5p	-	99	0.0	0.0	0.0	0.0	0.0	0.0	0.0	0.0	0.0	0.0	0.0	0.0	0.0	0.0	0.0	0.0	0.00.0	0.0	0.0	0.0	0.0	0.0	0.0	0.0	0.0
	5p	-	100	0.0	0.0	0.0	0.0	0.0	0.0	0.0	0.0	0.0	0.0	0.0	0.0	0.0	0.0	0.0	0.0	0.00.0	0.0	0.0	0.0	0.0	0.0	0.0	0.0	0.0
