# table produced by DamageProfiler
# using mapped file PaA014.BuffaloCape_Human_nc.Target.rmdup.noMicro.bam
# Sample ID: PaA014.BuffaloCape_Human_nc.Target.rmdup.noMicro.bam
Chr	End	Std	Pos	A	C	G	T	Total
	3p	+	1	4268	1241	1328	4740	11577
	3p	+	2	4532	2002	1612	3431	11577
	3p	+	3	4277	2003	1867	3430	11577
	3p	+	4	4172	2142	1817	3446	11577
	3p	+	5	4290	2044	1854	3389	11577
	3p	+	6	4234	1997	1965	3381	11577
	3p	+	7	4045	2154	1961	3417	11577
	3p	+	8	4163	2018	1991	3405	11577
	3p	+	9	4059	2146	1939	3433	11577
	3p	+	10	4032	2139	1992	3414	11577
	3p	+	11	3872	2189	2018	3498	11577
	3p	+	12	3889	2161	1986	3541	11577
	3p	+	13	3865	2206	2009	3497	11577
	3p	+	14	3951	2119	1957	3550	11577
	3p	+	15	3876	2174	1996	3531	11577
	3p	+	16	3885	2128	2037	3527	11577
	3p	+	17	3958	2161	2024	3434	11577
	3p	+	18	3920	2138	2020	3499	11577
	3p	+	19	3877	2158	1961	3581	11577
	3p	+	20	3903	2169	1976	3529	11577
	3p	+	21	3917	2202	1968	3490	11577
	3p	+	22	3926	2166	1955	3530	11577
	3p	+	23	3841	2158	2014	3564	11577
	3p	+	24	3938	2115	2008	3516	11577
	3p	+	25	3861	2171	2024	3521	11577
	3p	+	26	3842	2126	2000	3609	11577
	3p	+	27	3833	2202	2058	3484	11577
	3p	+	28	3941	2125	2015	3496	11577
	3p	+	29	3882	2141	1998	3556	11577
	3p	+	30	3868	2118	2072	3519	11577
	3p	+	31	3620	1914	2022	3401	10957
	3p	+	32	3459	1854	1756	3287	10356
	3p	+	33	3167	1733	1781	3081	9762
	3p	+	34	3029	1629	1618	2915	9191
	3p	+	35	2871	1538	1440	2756	8605
	3p	+	36	2752	1385	1369	2581	8087
	3p	+	37	2656	1341	1293	2287	7577
	3p	+	38	2425	1238	1222	2184	7069
	3p	+	39	2208	1180	1129	2081	6598
	3p	+	40	2045	1125	1063	1966	6199
	3p	+	41	1956	1044	974	1798	5772
	3p	+	42	1843	969	894	1681	5387
	3p	+	43	1669	932	893	1557	5051
	3p	+	44	1640	843	793	1463	4739
	3p	+	45	1478	797	748	1407	4430
	3p	+	46	1374	741	709	1306	4130
	3p	+	47	1283	660	651	1235	3829
	3p	+	48	1267	645	594	1076	3582
	3p	+	49	1178	573	580	1035	3366
	3p	+	50	1046	597	503	989	3135
	3p	+	51	989	542	498	867	2896
	3p	+	52	949	482	419	850	2700
	3p	+	53	827	455	428	816	2526
	3p	+	54	788	450	406	726	2370
	3p	+	55	744	403	367	675	2189
	3p	+	56	719	389	343	600	2051
	3p	+	57	598	351	318	629	1896
	3p	+	58	581	302	303	589	1775
	3p	+	59	571	315	271	488	1645
	3p	+	60	514	323	245	449	1531
	3p	+	61	508	250	235	436	1429
	3p	+	62	447	254	218	404	1323
	3p	+	63	402	225	201	396	1224
	3p	+	64	394	215	199	338	1146
	3p	+	65	378	196	177	323	1074
	3p	+	66	352	178	163	299	992
	3p	+	67	338	164	134	280	916
	3p	+	68	290	150	139	276	855
	3p	+	69	275	142	124	253	794
	3p	+	70	246	146	107	239	738
	3p	+	71	224	132	107	201	664
	3p	+	72	204	106	114	182	606
	3p	+	73	195	105	96	154	550
	3p	+	74	165	90	90	157	502
	3p	+	75	143	74	72	162	451
	3p	+	76	137	74	73	128	412
	3p	+	77	129	55	60	122	366
	3p	+	78	114	56	58	107	335
	3p	+	79	95	53	42	109	299
	3p	+	80	77	59	44	73	253
	3p	+	81	67	35	41	81	224
	3p	+	82	66	34	31	67	198
	3p	+	83	54	37	30	51	172
	3p	+	84	42	27	26	54	149
	3p	+	85	39	27	26	39	131
	3p	+	86	34	16	20	42	112
	3p	+	87	29	18	11	31	89
	3p	+	88	18	16	14	23	71
	3p	+	89	18	9	9	20	56
	3p	+	90	16	4	5	11	36
	3p	+	91	1	3	2	7	13
	3p	+	92	0	0	0	0	0
	3p	+	93	0	0	0	0	0
	3p	+	94	0	0	0	0	0
	3p	+	95	0	0	0	0	0
	3p	+	96	0	0	0	0	0
	3p	+	97	0	0	0	0	0
	3p	+	98	0	0	0	0	0
	3p	+	99	0	0	0	0	0
	3p	+	100	0	0	0	0	0
	3p	-	1	4108	1175	1233	4761	11277
	3p	-	2	4316	1972	1658	3331	11277
	3p	-	3	4147	1933	1822	3375	11277
	3p	-	4	4114	2064	1863	3236	11277
	3p	-	5	4078	1960	1848	3391	11277
	3p	-	6	4185	1940	1948	3204	11277
	3p	-	7	4043	2047	1860	3327	11277
	3p	-	8	4154	1953	1917	3253	11277
	3p	-	9	3950	2011	1972	3344	11277
	3p	-	10	3952	2066	1860	3399	11277
	3p	-	11	3828	2049	1924	3476	11277
	3p	-	12	3906	2009	1933	3429	11277
	3p	-	13	3909	2149	1937	3282	11277
	3p	-	14	3832	2141	1954	3350	11277
	3p	-	15	3827	2160	1935	3355	11277
	3p	-	16	3769	2171	1907	3430	11277
	3p	-	17	3810	2108	1890	3469	11277
	3p	-	18	3825	2118	1920	3414	11277
	3p	-	19	3730	2068	1980	3499	11277
	3p	-	20	3775	2108	1917	3477	11277
	3p	-	21	3780	2147	1996	3354	11277
	3p	-	22	3741	2136	1991	3409	11277
	3p	-	23	3826	2096	1877	3478	11277
	3p	-	24	3836	2052	1970	3419	11277
	3p	-	25	3831	2082	1968	3396	11277
	3p	-	26	3846	2068	1968	3395	11277
	3p	-	27	3822	2061	1988	3406	11277
	3p	-	28	3744	2139	2046	3348	11277
	3p	-	29	3860	2009	1997	3411	11277
	3p	-	30	3746	2037	2022	3472	11277
	3p	-	31	3545	1919	1882	3314	10660
	3p	-	32	3339	1781	1726	3222	10068
	3p	-	33	3198	1688	1647	2914	9447
	3p	-	34	3036	1548	1565	2710	8859
	3p	-	35	2851	1407	1514	2571	8343
	3p	-	36	2671	1356	1370	2397	7794
	3p	-	37	2401	1285	1289	2358	7333
	3p	-	38	2316	1209	1168	2136	6829
	3p	-	39	2087	1138	1099	2031	6355
	3p	-	40	2021	1019	979	1869	5888
	3p	-	41	1866	971	959	1694	5490
	3p	-	42	1710	907	878	1650	5145
	3p	-	43	1591	808	856	1561	4816
	3p	-	44	1562	779	746	1419	4506
	3p	-	45	1418	784	736	1272	4210
	3p	-	46	1355	666	655	1234	3910
	3p	-	47	1257	640	649	1109	3655
	3p	-	48	1169	609	587	1047	3412
	3p	-	49	1082	588	553	964	3187
	3p	-	50	1007	529	511	941	2988
	3p	-	51	967	499	509	795	2770
	3p	-	52	881	484	442	782	2589
	3p	-	53	821	412	408	770	2411
	3p	-	54	756	425	361	718	2260
	3p	-	55	714	385	342	645	2086
	3p	-	56	649	345	325	604	1923
	3p	-	57	619	305	297	573	1794
	3p	-	58	541	350	270	511	1672
	3p	-	59	481	273	281	499	1534
	3p	-	60	480	259	268	425	1432
	3p	-	61	426	232	235	423	1316
	3p	-	62	402	232	201	377	1212
	3p	-	63	389	213	171	354	1127
	3p	-	64	359	194	180	317	1050
	3p	-	65	332	191	163	300	986
	3p	-	66	277	171	172	302	922
	3p	-	67	286	151	141	272	850
	3p	-	68	253	133	144	255	785
	3p	-	69	234	138	106	242	720
	3p	-	70	230	121	99	222	672
	3p	-	71	216	119	104	166	605
	3p	-	72	183	118	84	175	560
	3p	-	73	163	106	78	163	510
	3p	-	74	157	80	85	145	467
	3p	-	75	132	90	78	123	423
	3p	-	76	122	79	67	119	387
	3p	-	77	114	69	49	122	354
	3p	-	78	95	60	66	98	319
	3p	-	79	92	52	46	97	287
	3p	-	80	87	45	41	77	250
	3p	-	81	69	35	46	78	228
	3p	-	82	65	41	39	57	202
	3p	-	83	53	32	28	60	173
	3p	-	84	45	32	28	45	150
	3p	-	85	46	23	20	42	131
	3p	-	86	33	20	17	47	117
	3p	-	87	35	21	13	32	101
	3p	-	88	22	14	15	26	77
	3p	-	89	18	8	11	21	58
	3p	-	90	13	8	5	10	36
	3p	-	91	6	5	3	5	19
	3p	-	92	0	0	0	0	0
	3p	-	93	0	0	0	0	0
	3p	-	94	0	0	0	0	0
	3p	-	95	0	0	0	0	0
	3p	-	96	0	0	0	0	0
	3p	-	97	0	0	0	0	0
	3p	-	98	0	0	0	0	0
	3p	-	99	0	0	0	0	0
	3p	-	100	0	0	0	0	0
	5p	+	1	3833	1646	1610	4488	11577
	5p	+	2	3647	1770	2213	3947	11577
	5p	+	3	3798	2103	2027	3649	11577
	5p	+	4	3883	2036	2185	3473	11577
	5p	+	5	3873	2138	2115	3451	11577
	5p	+	6	3722	2118	2163	3574	11577
	5p	+	7	3894	2109	2068	3506	11577
	5p	+	8	3985	2124	1975	3493	11577
	5p	+	9	3984	2127	1944	3522	11577
	5p	+	10	3959	2095	1966	3557	11577
	5p	+	11	3896	2292	1933	3456	11577
	5p	+	12	3888	2165	1975	3549	11577
	5p	+	13	3899	2209	1995	3474	11577
	5p	+	14	3886	2130	2050	3511	11577
	5p	+	15	3942	2151	2038	3446	11577
	5p	+	16	3884	2206	2003	3484	11577
	5p	+	17	3922	2209	1994	3452	11577
	5p	+	18	3900	2224	1981	3472	11577
	5p	+	19	3860	2217	1960	3540	11577
	5p	+	20	3917	2188	1955	3517	11577
	5p	+	21	3890	2229	1961	3497	11577
	5p	+	22	3879	2127	2038	3533	11577
	5p	+	23	3846	2188	1984	3559	11577
	5p	+	24	3941	2162	1994	3480	11577
	5p	+	25	3944	2122	1995	3516	11577
	5p	+	26	3971	2095	1994	3517	11577
	5p	+	27	4020	2124	1947	3486	11577
	5p	+	28	4101	2066	1961	3449	11577
	5p	+	29	3981	2073	1907	3616	11577
	5p	+	30	4112	2090	1911	3464	11577
	5p	+	31	3841	1932	1788	3396	10957
	5p	+	32	3664	1804	1768	3120	10356
	5p	+	33	3515	1659	1575	3013	9762
	5p	+	34	3222	1652	1504	2813	9191
	5p	+	35	3083	1545	1392	2585	8605
	5p	+	36	2889	1426	1259	2513	8087
	5p	+	37	2689	1288	1262	2338	7577
	5p	+	38	2437	1219	1151	2262	7069
	5p	+	39	2314	1212	1036	2036	6598
	5p	+	40	2146	1126	969	1958	6199
	5p	+	41	2070	978	975	1749	5772
	5p	+	42	1934	889	882	1682	5387
	5p	+	43	1826	882	848	1495	5051
	5p	+	44	1691	834	770	1444	4739
	5p	+	45	1644	767	719	1300	4430
	5p	+	46	1443	718	694	1275	4130
	5p	+	47	1323	651	618	1237	3829
	5p	+	48	1292	667	558	1065	3582
	5p	+	49	1206	558	516	1086	3366
	5p	+	50	1071	576	493	995	3135
	5p	+	51	1044	560	471	821	2896
	5p	+	52	971	459	440	830	2700
	5p	+	53	896	444	437	749	2526
	5p	+	54	796	443	410	721	2370
	5p	+	55	786	389	333	681	2189
	5p	+	56	687	365	365	634	2051
	5p	+	57	615	340	319	622	1896
	5p	+	58	637	314	306	518	1775
	5p	+	59	568	291	265	521	1645
	5p	+	60	521	301	232	477	1531
	5p	+	61	479	272	242	436	1429
	5p	+	62	460	220	210	433	1323
	5p	+	63	436	209	188	391	1224
	5p	+	64	384	199	184	379	1146
	5p	+	65	377	185	192	320	1074
	5p	+	66	358	173	167	294	992
	5p	+	67	323	159	136	298	916
	5p	+	68	294	176	116	269	855
	5p	+	69	267	146	112	269	794
	5p	+	70	239	151	129	219	738
	5p	+	71	222	112	90	240	664
	5p	+	72	203	110	96	197	606
	5p	+	73	187	96	88	179	550
	5p	+	74	177	97	79	149	502
	5p	+	75	164	76	72	139	451
	5p	+	76	149	63	49	151	412
	5p	+	77	117	61	60	128	366
	5p	+	78	118	61	50	106	335
	5p	+	79	108	62	39	90	299
	5p	+	80	97	44	43	69	253
	5p	+	81	67	38	42	77	224
	5p	+	82	67	32	30	69	198
	5p	+	83	60	32	26	54	172
	5p	+	84	50	32	18	49	149
	5p	+	85	49	22	17	43	131
	5p	+	86	36	20	12	44	112
	5p	+	87	31	14	17	27	89
	5p	+	88	27	12	8	24	71
	5p	+	89	20	9	10	17	56
	5p	+	90	12	8	1	15	36
	5p	+	91	4	0	0	9	13
	5p	+	92	0	0	0	0	0
	5p	+	93	0	0	0	0	0
	5p	+	94	0	0	0	0	0
	5p	+	95	0	0	0	0	0
	5p	+	96	0	0	0	0	0
	5p	+	97	0	0	0	0	0
	5p	+	98	0	0	0	0	0
	5p	+	99	0	0	0	0	0
	5p	+	100	0	0	0	0	0
	5p	-	1	3678	1772	1535	4292	11277
	5p	-	2	3669	1726	2204	3677	11276
	5p	-	3	3810	1953	2077	3437	11277
	5p	-	4	3717	1983	2175	3402	11277
	5p	-	5	3748	2043	2091	3395	11277
	5p	-	6	3644	2056	2090	3487	11277
	5p	-	7	3773	2082	2054	3368	11277
	5p	-	8	3935	1974	1981	3387	11277
	5p	-	9	3866	2078	1947	3386	11277
	5p	-	10	3892	2041	1949	3395	11277
	5p	-	11	3727	2070	1999	3481	11277
	5p	-	12	3767	2115	1948	3447	11277
	5p	-	13	3809	2112	1902	3454	11277
	5p	-	14	3739	2118	1914	3506	11277
	5p	-	15	3717	2086	1971	3503	11277
	5p	-	16	3742	2167	2026	3342	11277
	5p	-	17	3787	2158	1928	3404	11277
	5p	-	18	3889	2106	1935	3347	11277
	5p	-	19	3855	2105	1948	3369	11277
	5p	-	20	3858	2110	1941	3368	11277
	5p	-	21	3945	2070	1921	3341	11277
	5p	-	22	3773	2083	1930	3491	11277
	5p	-	23	3895	2106	1859	3417	11277
	5p	-	24	3903	2075	1935	3364	11277
	5p	-	25	3842	2017	2034	3384	11277
	5p	-	26	3925	2085	1879	3388	11277
	5p	-	27	3902	2036	1914	3425	11277
	5p	-	28	3980	2065	1872	3360	11277
	5p	-	29	4092	2037	1904	3244	11277
	5p	-	30	4031	1985	1890	3371	11277
	5p	-	31	3804	1896	1799	3161	10660
	5p	-	32	3603	1773	1700	2992	10068
	5p	-	33	3310	1652	1535	2950	9447
	5p	-	34	3167	1566	1447	2679	8859
	5p	-	35	2993	1381	1326	2643	8343
	5p	-	36	2825	1349	1255	2365	7794
	5p	-	37	2545	1240	1210	2338	7333
	5p	-	38	2492	1173	1114	2050	6829
	5p	-	39	2268	1069	1014	2004	6355
	5p	-	40	2093	970	989	1836	5888
	5p	-	41	1930	953	899	1708	5490
	5p	-	42	1799	908	804	1634	5145
	5p	-	43	1716	862	765	1473	4816
	5p	-	44	1545	785	762	1414	4506
	5p	-	45	1486	692	685	1347	4210
	5p	-	46	1324	664	667	1255	3910
	5p	-	47	1287	639	554	1175	3655
	5p	-	48	1192	603	516	1101	3412
	5p	-	49	1091	596	524	976	3187
	5p	-	50	1027	529	496	936	2988
	5p	-	51	1012	473	433	852	2770
	5p	-	52	912	443	385	849	2589
	5p	-	53	847	447	383	734	2411
	5p	-	54	775	413	390	682	2260
	5p	-	55	715	387	310	674	2086
	5p	-	56	660	346	311	606	1923
	5p	-	57	634	309	315	536	1794
	5p	-	58	578	319	225	550	1672
	5p	-	59	570	250	260	454	1534
	5p	-	60	517	236	243	436	1432
	5p	-	61	426	248	228	414	1316
	5p	-	62	415	205	196	396	1212
	5p	-	63	391	193	189	354	1127
	5p	-	64	344	214	173	320	1051
	5p	-	65	311	218	158	299	986
	5p	-	66	308	181	143	290	922
	5p	-	67	308	137	127	278	850
	5p	-	68	256	158	133	238	785
	5p	-	69	245	126	133	216	720
	5p	-	70	216	135	110	211	672
	5p	-	71	198	113	98	196	605
	5p	-	72	183	114	90	173	560
	5p	-	73	166	110	75	159	510
	5p	-	74	156	92	69	150	467
	5p	-	75	139	84	79	121	423
	5p	-	76	127	79	58	123	387
	5p	-	77	114	71	51	118	354
	5p	-	78	110	52	44	113	319
	5p	-	79	95	68	50	74	287
	5p	-	80	82	48	40	80	250
	5p	-	81	76	46	36	70	228
	5p	-	82	65	37	39	61	202
	5p	-	83	54	37	20	62	173
	5p	-	84	51	26	26	47	150
	5p	-	85	42	22	13	54	131
	5p	-	86	33	29	16	39	117
	5p	-	87	30	14	22	35	101
	5p	-	88	25	14	12	26	77
	5p	-	89	26	7	8	17	58
	5p	-	90	10	11	3	12	36
	5p	-	91	6	4	0	9	19
	5p	-	92	0	0	0	0	0
	5p	-	93	0	0	0	0	0
	5p	-	94	0	0	0	0	0
	5p	-	95	0	0	0	0	0
	5p	-	96	0	0	0	0	0
	5p	-	97	0	0	0	0	0
	5p	-	98	0	0	0	0	0
	5p	-	99	0	0	0	0	0
	5p	-	100	0	0	0	0	0
