# table produced by DamageProfiler
# using mapped file PaA014.BuffaloCape_Human_nc.Target.rmdup.noMicro.bam
# Sample ID: PaA014.BuffaloCape_Human_nc.Target.rmdup.noMicro.bam
Chr	End	Std	Pos	A	C	G	T	Total	G>A	C>T	A>G	T>C	A>C	A>T	C>G	C>A	T>G	T>A	G>C	G>T	A>-	T>-	C>-	G>-	->A	->T	->C	->G	S
	3p	+	1	4265.0	1850.0	1327.0	4135.0	11577.0	14.0	610.0	13.0	10.0	5.0	18.0	4.0	11.0	13.0	14.0	1.0	14.0	0.0	0.0	0.0	0.0	0.0	0.0	0.0	0.0	0.0
	3p	+	2	4544.0	2286.0	1618.0	3129.0	11577.0	22.0	306.0	25.0	20.0	11.0	16.0	6.0	8.0	3.0	10.0	5.0	13.0	0.0	0.0	0.0	0.0	0.0	0.0	0.0	0.0	0.0
	3p	+	3	4279.0	2008.0	1872.0	3418.0	11577.0	21.0	16.0	13.0	15.0	9.0	22.0	4.0	12.0	7.0	9.0	3.0	5.0	0.0	0.0	0.0	0.0	0.0	0.0	0.0	0.0	0.0
	3p	+	4	4171.0	2141.0	1834.0	3430.0	11576.0	27.0	19.0	22.0	13.0	10.0	13.0	4.0	9.0	8.0	10.0	9.0	15.0	0.0	0.0	0.0	0.0	0.0	0.0	1.0	0.0	0.0
	3p	+	5	4284.0	2054.0	1856.0	3382.0	11576.0	19.0	26.0	20.0	17.0	5.0	5.0	4.0	8.0	7.0	9.0	5.0	9.0	0.0	0.0	0.0	0.0	0.0	0.0	1.0	0.0	0.0
	3p	+	6	4222.0	1991.0	1973.0	3386.0	11572.0	24.0	9.0	17.0	22.0	6.0	9.0	2.0	13.0	6.0	5.0	0.0	9.0	0.0	0.0	0.0	0.0	2.0	0.0	2.0	0.0	0.0
	3p	+	7	4052.0	2156.0	1965.0	3397.0	11570.0	16.0	23.0	18.0	15.0	6.0	6.0	6.0	2.0	0.0	3.0	7.0	7.0	0.0	0.0	0.0	0.0	2.0	0.0	1.0	2.0	0.0
	3p	+	8	4163.0	2026.0	1983.0	3396.0	11568.0	8.0	26.0	15.0	20.0	9.0	1.0	5.0	10.0	5.0	5.0	2.0	9.0	0.0	0.0	0.0	0.0	2.0	0.0	2.0	2.0	0.0
	3p	+	9	4068.0	2134.0	1937.0	3434.0	11573.0	12.0	11.0	15.0	15.0	8.0	6.0	2.0	4.0	9.0	3.0	4.0	9.0	0.0	0.0	0.0	0.0	1.0	0.0	2.0	1.0	0.0
	3p	+	10	4019.0	2147.0	2004.0	3402.0	11572.0	19.0	17.0	13.0	14.0	5.0	6.0	3.0	14.0	7.0	3.0	4.0	12.0	0.0	0.0	0.0	0.0	1.0	0.0	3.0	0.0	0.0
	3p	+	11	3881.0	2195.0	2011.0	3480.0	11567.0	11.0	21.0	18.0	12.0	6.0	6.0	4.0	2.0	1.0	3.0	3.0	5.0	0.0	0.0	0.0	0.0	5.0	0.0	0.0	3.0	0.0
	3p	+	12	3885.0	2177.0	1987.0	3520.0	11569.0	13.0	24.0	12.0	15.0	5.0	7.0	6.0	9.0	5.0	4.0	1.0	12.0	0.0	0.0	0.0	0.0	2.0	0.0	2.0	2.0	0.0
	3p	+	13	3864.0	2199.0	2014.0	3496.0	11573.0	8.0	11.0	9.0	13.0	5.0	5.0	3.0	5.0	7.0	6.0	6.0	10.0	0.0	0.0	0.0	0.0	1.0	0.0	2.0	0.0	0.0
	3p	+	14	3951.0	2120.0	1972.0	3527.0	11570.0	20.0	24.0	18.0	18.0	9.0	7.0	3.0	7.0	2.0	5.0	3.0	17.0	0.0	0.0	0.0	0.0	2.0	0.0	3.0	2.0	0.0
	3p	+	15	3885.0	2191.0	1993.0	3499.0	11568.0	15.0	23.0	20.0	9.0	6.0	7.0	9.0	4.0	4.0	3.0	4.0	14.0	0.0	0.0	0.0	0.0	2.0	0.0	0.0	3.0	0.0
	3p	+	16	3881.0	2122.0	2049.0	3517.0	11569.0	20.0	14.0	14.0	15.0	5.0	8.0	2.0	6.0	6.0	3.0	6.0	10.0	0.0	0.0	0.0	0.0	2.0	0.0	2.0	2.0	0.0
	3p	+	17	3942.0	2165.0	2041.0	3416.0	11564.0	21.0	22.0	15.0	16.0	4.0	6.0	1.0	8.0	3.0	7.0	3.0	13.0	0.0	0.0	0.0	0.0	5.0	0.0	4.0	1.0	0.0
	3p	+	18	3911.0	2137.0	2013.0	3503.0	11564.0	16.0	10.0	17.0	14.0	1.0	4.0	4.0	4.0	6.0	8.0	1.0	7.0	0.0	0.0	0.0	0.0	3.0	0.0	3.0	4.0	0.0
	3p	+	19	3864.0	2166.0	1974.0	3561.0	11565.0	14.0	19.0	10.0	7.0	4.0	3.0	3.0	6.0	2.0	6.0	8.0	8.0	0.0	0.0	0.0	0.0	4.0	0.0	1.0	2.0	0.0
	3p	+	20	3898.0	2173.0	1994.0	3504.0	11569.0	19.0	19.0	13.0	13.0	6.0	5.0	5.0	0.0	2.0	5.0	0.0	19.0	0.0	0.0	0.0	0.0	5.0	0.0	1.0	0.0	0.0
	3p	+	21	3922.0	2195.0	1972.0	3477.0	11566.0	11.0	19.0	15.0	19.0	7.0	7.0	1.0	6.0	7.0	2.0	4.0	12.0	0.0	0.0	0.0	0.0	5.0	0.0	3.0	0.0	0.0
	3p	+	22	3923.0	2167.0	1946.0	3522.0	11558.0	13.0	20.0	16.0	16.0	6.0	7.0	6.0	2.0	7.0	7.0	3.0	6.0	0.0	0.0	0.0	0.0	10.0	0.0	2.0	2.0	0.0
	3p	+	23	3848.0	2158.0	2015.0	3551.0	11572.0	11.0	18.0	15.0	12.0	6.0	7.0	5.0	4.0	8.0	5.0	6.0	12.0	0.0	0.0	0.0	0.0	1.0	0.0	3.0	0.0	0.0
	3p	+	24	3926.0	2125.0	2023.0	3497.0	11571.0	19.0	15.0	13.0	11.0	2.0	7.0	7.0	8.0	0.0	6.0	7.0	11.0	0.0	0.0	0.0	0.0	1.0	0.0	0.0	2.0	0.0
	3p	+	25	3866.0	2170.0	2021.0	3504.0	11561.0	14.0	20.0	22.0	17.0	6.0	6.0	4.0	5.0	5.0	3.0	6.0	10.0	0.0	0.0	0.0	0.0	7.0	0.0	1.0	2.0	0.0
	3p	+	26	3832.0	2120.0	1999.0	3601.0	11552.0	12.0	16.0	15.0	19.0	5.0	2.0	4.0	6.0	11.0	5.0	4.0	18.0	0.0	0.0	0.0	0.0	9.0	0.0	4.0	5.0	0.0
	3p	+	27	3824.0	2197.0	2059.0	3482.0	11562.0	16.0	15.0	19.0	17.0	7.0	4.0	2.0	5.0	2.0	11.0	3.0	7.0	0.0	0.0	0.0	0.0	7.0	0.0	0.0	2.0	0.0
	3p	+	28	3935.0	2135.0	2014.0	3484.0	11568.0	11.0	20.0	14.0	13.0	3.0	3.0	7.0	7.0	7.0	6.0	5.0	12.0	0.0	0.0	0.0	0.0	2.0	0.0	3.0	1.0	0.0
	3p	+	29	3868.0	2147.0	1998.0	3553.0	11566.0	11.0	16.0	13.0	11.0	7.0	2.0	6.0	9.0	5.0	9.0	5.0	8.0	0.0	0.0	0.0	0.0	7.0	0.0	2.0	0.0	0.0
	3p	+	30	3868.0	2125.0	2078.0	3497.0	11568.0	17.0	28.0	12.0	17.0	8.0	9.0	4.0	3.0	5.0	7.0	3.0	9.0	0.0	0.0	0.0	0.0	2.0	0.0	0.0	2.0	0.0
	3p	+	31	3604.0	1938.0	2039.0	3368.0	10949.0	23.0	28.0	11.0	7.0	2.0	6.0	3.0	4.0	6.0	5.0	0.0	14.0	0.0	0.0	0.0	0.0	3.0	0.0	2.0	0.0	0.0
	3p	+	32	3462.0	1864.0	1759.0	3266.0	10351.0	10.0	25.0	14.0	14.0	5.0	3.0	2.0	5.0	2.0	4.0	3.0	9.0	0.0	0.0	0.0	0.0	0.0	0.0	0.0	1.0	0.0
	3p	+	33	3173.0	1765.0	1780.0	3036.0	9754.0	7.0	37.0	11.0	8.0	5.0	6.0	5.0	6.0	5.0	1.0	3.0	11.0	0.0	0.0	0.0	0.0	2.0	0.0	0.0	1.0	0.0
	3p	+	34	3027.0	1646.0	1621.0	2889.0	9183.0	12.0	28.0	12.0	11.0	3.0	7.0	1.0	4.0	7.0	4.0	2.0	9.0	0.0	0.0	0.0	0.0	4.0	0.0	0.0	0.0	0.0
	3p	+	35	2863.0	1562.0	1444.0	2726.0	8595.0	9.0	41.0	11.0	14.0	5.0	7.0	0.0	12.0	9.0	4.0	8.0	8.0	0.0	0.0	0.0	0.0	6.0	0.0	2.0	1.0	0.0
	3p	+	36	2742.0	1411.0	1383.0	2548.0	8084.0	12.0	34.0	9.0	13.0	2.0	3.0	2.0	7.0	1.0	4.0	2.0	12.0	0.0	0.0	0.0	0.0	1.0	0.0	0.0	0.0	0.0
	3p	+	37	2655.0	1363.0	1291.0	2263.0	7572.0	9.0	30.0	11.0	12.0	2.0	6.0	3.0	6.0	4.0	4.0	2.0	5.0	0.0	0.0	0.0	0.0	1.0	0.0	1.0	0.0	0.0
	3p	+	38	2433.0	1254.0	1225.0	2150.0	7062.0	9.0	31.0	8.0	11.0	4.0	9.0	1.0	1.0	2.0	1.0	1.0	4.0	0.0	0.0	0.0	0.0	2.0	0.0	1.0	0.0	0.0
	3p	+	39	2192.0	1186.0	1143.0	2075.0	6596.0	12.0	18.0	7.0	14.0	2.0	1.0	1.0	5.0	2.0	8.0	2.0	10.0	0.0	0.0	0.0	0.0	1.0	0.0	0.0	0.0	0.0
	3p	+	40	2046.0	1141.0	1054.0	1953.0	6194.0	8.0	25.0	12.0	12.0	3.0	5.0	4.0	3.0	2.0	5.0	1.0	1.0	0.0	0.0	0.0	0.0	3.0	0.0	0.0	1.0	0.0
	3p	+	41	1954.0	1059.0	981.0	1777.0	5771.0	7.0	25.0	7.0	6.0	4.0	1.0	0.0	3.0	1.0	3.0	3.0	5.0	0.0	0.0	0.0	0.0	1.0	0.0	0.0	0.0	0.0
	3p	+	42	1845.0	982.0	898.0	1658.0	5383.0	6.0	16.0	9.0	3.0	3.0	5.0	3.0	2.0	2.0	5.0	2.0	10.0	0.0	0.0	0.0	0.0	2.0	0.0	0.0	0.0	0.0
	3p	+	43	1664.0	952.0	897.0	1533.0	5046.0	7.0	18.0	8.0	5.0	0.0	5.0	2.0	7.0	0.0	2.0	1.0	6.0	0.0	0.0	0.0	0.0	2.0	0.0	1.0	0.0	0.0
	3p	+	44	1634.0	842.0	800.0	1460.0	4736.0	6.0	13.0	6.0	10.0	3.0	1.0	1.0	2.0	1.0	5.0	4.0	5.0	0.0	0.0	0.0	0.0	3.0	0.0	0.0	0.0	0.0
	3p	+	45	1475.0	805.0	755.0	1392.0	4427.0	6.0	14.0	4.0	3.0	4.0	1.0	2.0	2.0	1.0	3.0	3.0	7.0	0.0	0.0	0.0	0.0	1.0	0.0	0.0	2.0	0.0
	3p	+	46	1374.0	746.0	717.0	1291.0	4128.0	8.0	9.0	10.0	3.0	2.0	1.0	2.0	3.0	0.0	1.0	4.0	8.0	0.0	0.0	0.0	0.0	1.0	0.0	0.0	0.0	0.0
	3p	+	47	1283.0	662.0	660.0	1223.0	3828.0	9.0	13.0	3.0	6.0	6.0	3.0	0.0	1.0	1.0	1.0	0.0	4.0	0.0	0.0	0.0	0.0	1.0	0.0	0.0	0.0	0.0
	3p	+	48	1262.0	652.0	595.0	1069.0	3578.0	3.0	9.0	2.0	2.0	2.0	0.0	1.0	3.0	2.0	2.0	1.0	2.0	0.0	0.0	0.0	0.0	1.0	0.0	1.0	0.0	0.0
	3p	+	49	1183.0	575.0	586.0	1020.0	3364.0	6.0	11.0	10.0	5.0	0.0	4.0	0.0	0.0	2.0	2.0	4.0	8.0	0.0	0.0	0.0	0.0	1.0	0.0	0.0	0.0	0.0
	3p	+	50	1041.0	610.0	506.0	975.0	3132.0	5.0	12.0	2.0	4.0	0.0	3.0	3.0	2.0	0.0	1.0	0.0	4.0	0.0	0.0	0.0	0.0	2.0	0.0	0.0	1.0	0.0
	3p	+	51	987.0	542.0	503.0	861.0	2893.0	9.0	7.0	7.0	6.0	2.0	2.0	0.0	2.0	1.0	1.0	1.0	3.0	0.0	0.0	0.0	0.0	1.0	0.0	0.0	0.0	0.0
	3p	+	52	949.0	489.0	421.0	838.0	2697.0	4.0	13.0	6.0	6.0	3.0	1.0	2.0	2.0	0.0	2.0	1.0	5.0	0.0	0.0	0.0	0.0	2.0	0.0	0.0	0.0	0.0
	3p	+	53	825.0	454.0	431.0	813.0	2523.0	5.0	7.0	2.0	5.0	2.0	2.0	0.0	0.0	3.0	2.0	0.0	3.0	0.0	0.0	0.0	0.0	1.0	0.0	1.0	0.0	0.0
	3p	+	54	785.0	456.0	406.0	722.0	2369.0	5.0	6.0	3.0	3.0	2.0	0.0	2.0	3.0	2.0	0.0	0.0	2.0	0.0	0.0	0.0	0.0	0.0	0.0	0.0	0.0	0.0
	3p	+	55	741.0	405.0	369.0	671.0	2186.0	2.0	9.0	3.0	7.0	2.0	0.0	0.0	2.0	1.0	3.0	0.0	4.0	0.0	0.0	0.0	0.0	1.0	0.0	0.0	0.0	0.0
	3p	+	56	715.0	391.0	350.0	594.0	2050.0	3.0	4.0	2.0	0.0	1.0	1.0	2.0	2.0	1.0	2.0	5.0	4.0	0.0	0.0	0.0	0.0	1.0	0.0	0.0	0.0	0.0
	3p	+	57	593.0	356.0	315.0	631.0	1895.0	4.0	4.0	5.0	5.0	1.0	1.0	3.0	4.0	1.0	4.0	0.0	2.0	0.0	0.0	0.0	0.0	0.0	0.0	0.0	0.0	0.0
	3p	+	58	584.0	301.0	309.0	581.0	1775.0	4.0	6.0	1.0	3.0	3.0	4.0	1.0	0.0	0.0	1.0	2.0	2.0	0.0	0.0	0.0	0.0	0.0	0.0	0.0	0.0	0.0
	3p	+	59	576.0	316.0	265.0	486.0	1643.0	2.0	3.0	5.0	3.0	1.0	2.0	2.0	0.0	0.0	0.0	0.0	0.0	0.0	0.0	0.0	0.0	1.0	0.0	0.0	1.0	0.0
	3p	+	60	510.0	330.0	248.0	442.0	1530.0	4.0	6.0	1.0	1.0	1.0	1.0	1.0	2.0	1.0	1.0	0.0	2.0	0.0	0.0	0.0	0.0	0.0	0.0	0.0	0.0	0.0
	3p	+	61	503.0	258.0	233.0	434.0	1428.0	3.0	7.0	2.0	0.0	0.0	0.0	0.0	1.0	4.0	2.0	0.0	1.0	0.0	0.0	0.0	0.0	1.0	0.0	0.0	0.0	0.0
	3p	+	62	443.0	259.0	221.0	400.0	1323.0	5.0	8.0	1.0	2.0	1.0	0.0	0.0	0.0	1.0	1.0	0.0	0.0	0.0	0.0	0.0	0.0	0.0	0.0	0.0	0.0	0.0
	3p	+	63	402.0	230.0	199.0	393.0	1224.0	2.0	4.0	3.0	1.0	1.0	1.0	2.0	1.0	1.0	2.0	0.0	2.0	0.0	0.0	0.0	0.0	0.0	0.0	0.0	0.0	0.0
	3p	+	64	396.0	215.0	197.0	338.0	1146.0	0.0	3.0	2.0	3.0	1.0	0.0	1.0	0.0	0.0	1.0	0.0	1.0	0.0	0.0	0.0	0.0	0.0	0.0	0.0	0.0	0.0
	3p	+	65	374.0	195.0	180.0	325.0	1074.0	4.0	0.0	1.0	2.0	1.0	1.0	1.0	1.0	0.0	2.0	0.0	1.0	0.0	0.0	0.0	0.0	0.0	0.0	0.0	0.0	0.0
	3p	+	66	348.0	183.0	166.0	295.0	992.0	1.0	6.0	0.0	1.0	0.0	0.0	0.0	1.0	0.0	2.0	1.0	1.0	0.0	0.0	0.0	0.0	0.0	0.0	0.0	0.0	0.0
	3p	+	67	338.0	166.0	133.0	279.0	916.0	0.0	3.0	1.0	0.0	0.0	0.0	0.0	0.0	1.0	1.0	1.0	0.0	0.0	0.0	0.0	0.0	0.0	0.0	0.0	0.0	0.0
	3p	+	68	286.0	150.0	143.0	275.0	854.0	3.0	3.0	1.0	4.0	0.0	0.0	0.0	1.0	0.0	0.0	0.0	2.0	0.0	0.0	0.0	0.0	1.0	0.0	0.0	0.0	0.0
	3p	+	69	274.0	141.0	126.0	252.0	793.0	3.0	2.0	3.0	2.0	0.0	0.0	0.0	0.0	1.0	0.0	1.0	2.0	0.0	0.0	0.0	0.0	1.0	0.0	0.0	0.0	0.0
	3p	+	70	244.0	147.0	108.0	239.0	738.0	1.0	2.0	0.0	1.0	0.0	0.0	0.0	0.0	0.0	1.0	0.0	0.0	0.0	0.0	0.0	0.0	0.0	0.0	0.0	0.0	0.0
	3p	+	71	221.0	137.0	105.0	201.0	664.0	1.0	4.0	1.0	1.0	0.0	0.0	0.0	2.0	2.0	1.0	0.0	0.0	0.0	0.0	0.0	0.0	0.0	0.0	0.0	0.0	0.0
	3p	+	72	200.0	104.0	119.0	182.0	605.0	3.0	1.0	0.0	2.0	1.0	0.0	0.0	0.0	0.0	1.0	0.0	2.0	0.0	0.0	0.0	0.0	1.0	0.0	0.0	0.0	0.0
	3p	+	73	193.0	108.0	96.0	153.0	550.0	2.0	2.0	1.0	0.0	0.0	0.0	0.0	1.0	2.0	0.0	0.0	1.0	0.0	0.0	0.0	0.0	0.0	0.0	0.0	0.0	0.0
	3p	+	74	168.0	90.0	89.0	155.0	502.0	1.0	1.0	2.0	1.0	0.0	2.0	0.0	0.0	0.0	0.0	0.0	0.0	0.0	0.0	0.0	0.0	0.0	0.0	0.0	0.0	0.0
	3p	+	75	140.0	75.0	74.0	162.0	451.0	2.0	2.0	0.0	1.0	1.0	0.0	0.0	1.0	0.0	1.0	0.0	0.0	0.0	0.0	0.0	0.0	0.0	0.0	0.0	0.0	0.0
	3p	+	76	133.0	74.0	76.0	129.0	412.0	2.0	1.0	0.0	1.0	0.0	0.0	0.0	0.0	0.0	2.0	0.0	1.0	0.0	0.0	0.0	0.0	0.0	0.0	0.0	0.0	0.0
	3p	+	77	131.0	54.0	62.0	119.0	366.0	0.0	0.0	0.0	0.0	1.0	1.0	0.0	0.0	0.0	0.0	0.0	2.0	0.0	0.0	0.0	0.0	0.0	0.0	0.0	0.0	0.0
	3p	+	78	114.0	54.0	58.0	109.0	335.0	1.0	0.0	1.0	2.0	0.0	0.0	0.0	0.0	0.0	0.0	0.0	0.0	0.0	0.0	0.0	0.0	0.0	0.0	0.0	0.0	0.0
	3p	+	79	96.0	53.0	41.0	109.0	299.0	0.0	1.0	1.0	1.0	0.0	0.0	0.0	0.0	0.0	0.0	0.0	0.0	0.0	0.0	0.0	0.0	0.0	0.0	0.0	0.0	0.0
	3p	+	80	77.0	61.0	45.0	70.0	253.0	0.0	3.0	0.0	1.0	0.0	0.0	0.0	0.0	0.0	0.0	0.0	1.0	0.0	0.0	0.0	0.0	0.0	0.0	0.0	0.0	0.0
	3p	+	81	65.0	35.0	43.0	81.0	224.0	2.0	0.0	0.0	0.0	0.0	0.0	0.0	0.0	0.0	0.0	0.0	0.0	0.0	0.0	0.0	0.0	0.0	0.0	0.0	0.0	0.0
	3p	+	82	65.0	33.0	32.0	68.0	198.0	1.0	0.0	0.0	1.0	0.0	0.0	0.0	0.0	0.0	0.0	0.0	0.0	0.0	0.0	0.0	0.0	0.0	0.0	0.0	0.0	0.0
	3p	+	83	53.0	37.0	31.0	51.0	172.0	1.0	1.0	0.0	1.0	0.0	0.0	0.0	0.0	0.0	0.0	0.0	0.0	0.0	0.0	0.0	0.0	0.0	0.0	0.0	0.0	0.0
	3p	+	84	40.0	26.0	27.0	56.0	149.0	2.0	0.0	0.0	1.0	0.0	0.0	0.0	0.0	1.0	0.0	0.0	0.0	0.0	0.0	0.0	0.0	0.0	0.0	0.0	0.0	0.0
	3p	+	85	39.0	27.0	25.0	40.0	131.0	0.0	0.0	1.0	1.0	0.0	0.0	0.0	1.0	0.0	0.0	0.0	0.0	0.0	0.0	0.0	0.0	0.0	0.0	0.0	0.0	0.0
	3p	+	86	34.0	16.0	20.0	42.0	112.0	1.0	0.0	1.0	0.0	0.0	0.0	0.0	0.0	0.0	0.0	0.0	0.0	0.0	0.0	0.0	0.0	0.0	0.0	0.0	0.0	0.0
	3p	+	87	29.0	18.0	10.0	32.0	89.0	0.0	0.0	0.0	0.0	0.0	0.0	0.0	0.0	1.0	0.0	0.0	0.0	0.0	0.0	0.0	0.0	0.0	0.0	0.0	0.0	0.0
	3p	+	88	19.0	16.0	14.0	22.0	71.0	0.0	0.0	0.0	0.0	0.0	1.0	0.0	0.0	0.0	0.0	0.0	0.0	0.0	0.0	0.0	0.0	0.0	0.0	0.0	0.0	0.0
	3p	+	89	18.0	9.0	10.0	19.0	56.0	0.0	0.0	0.0	0.0	0.0	0.0	0.0	0.0	0.0	0.0	0.0	1.0	0.0	0.0	0.0	0.0	0.0	0.0	0.0	0.0	0.0
	3p	+	90	15.0	4.0	6.0	11.0	36.0	1.0	0.0	0.0	0.0	0.0	0.0	0.0	0.0	0.0	0.0	0.0	0.0	0.0	0.0	0.0	0.0	0.0	0.0	0.0	0.0	0.0
	3p	+	91	1.0	4.0	2.0	6.0	13.0	0.0	1.0	0.0	0.0	0.0	0.0	0.0	0.0	0.0	0.0	0.0	0.0	0.0	0.0	0.0	0.0	0.0	0.0	0.0	0.0	0.0
	3p	+	92	0.0	0.0	0.0	0.0	0.0	0.0	0.0	0.0	0.0	0.0	0.0	0.0	0.0	0.0	0.0	0.0	0.0	0.0	0.0	0.0	0.0	0.0	0.0	0.0	0.0	0.0
	3p	+	93	0.0	0.0	0.0	0.0	0.0	0.0	0.0	0.0	0.0	0.0	0.0	0.0	0.0	0.0	0.0	0.0	0.0	0.0	0.0	0.0	0.0	0.0	0.0	0.0	0.0	0.0
	3p	+	94	0.0	0.0	0.0	0.0	0.0	0.0	0.0	0.0	0.0	0.0	0.0	0.0	0.0	0.0	0.0	0.0	0.0	0.0	0.0	0.0	0.0	0.0	0.0	0.0	0.0	0.0
	3p	+	95	0.0	0.0	0.0	0.0	0.0	0.0	0.0	0.0	0.0	0.0	0.0	0.0	0.0	0.0	0.0	0.0	0.0	0.0	0.0	0.0	0.0	0.0	0.0	0.0	0.0	0.0
	3p	+	96	0.0	0.0	0.0	0.0	0.0	0.0	0.0	0.0	0.0	0.0	0.0	0.0	0.0	0.0	0.0	0.0	0.0	0.0	0.0	0.0	0.0	0.0	0.0	0.0	0.0	0.0
	3p	+	97	0.0	0.0	0.0	0.0	0.0	0.0	0.0	0.0	0.0	0.0	0.0	0.0	0.0	0.0	0.0	0.0	0.0	0.0	0.0	0.0	0.0	0.0	0.0	0.0	0.0	0.0
	3p	+	98	0.0	0.0	0.0	0.0	0.0	0.0	0.0	0.0	0.0	0.0	0.0	0.0	0.0	0.0	0.0	0.0	0.0	0.0	0.0	0.0	0.0	0.0	0.0	0.0	0.0	0.0
	3p	+	99	0.0	0.0	0.0	0.0	0.0	0.0	0.0	0.0	0.0	0.0	0.0	0.0	0.0	0.0	0.0	0.0	0.0	0.0	0.0	0.0	0.0	0.0	0.0	0.0	0.0	0.0
	3p	+	100	0.0	0.0	0.0	0.0	0.0	0.0	0.0	0.0	0.0	0.0	0.0	0.0	0.0	0.0	0.0	0.0	0.0	0.0	0.0	0.0	0.0	0.0	0.0	0.0	0.0	0.0
	3p	-	1	4090.0	1861.0	1264.0	4062.0	11277.0	34.0	686.0	15.0	10.0	8.0	25.0	2.0	18.0	5.0	14.0	2.0	17.00.0	0.0	0.0	0.0	0.0	0.0	0.0	0.0	0.0
	3p	-	2	4318.0	2261.0	1671.0	3026.0	11276.0	15.0	311.0	12.0	14.0	10.0	11.0	2.0	11.0	11.0	4.0	11.0	12.00.0	0.0	0.0	0.0	1.0	0.0	0.0	0.0	0.0
	3p	-	3	4136.0	1947.0	1832.0	3361.0	11276.0	23.0	36.0	18.0	19.0	12.0	10.0	4.0	14.0	8.0	13.0	9.0	8.00.0	0.0	0.0	0.0	1.0	0.0	0.0	0.0	0.0
	3p	-	4	4110.0	2057.0	1868.0	3238.0	11273.0	19.0	17.0	18.0	19.0	10.0	7.0	3.0	7.0	8.0	11.0	4.0	11.00.0	0.0	0.0	0.0	2.0	0.0	1.0	0.0	0.0
	3p	-	5	4081.0	1964.0	1851.0	3378.0	11274.0	12.0	23.0	18.0	22.0	7.0	10.0	3.0	12.0	2.0	8.0	4.0	10.00.0	0.0	0.0	0.0	0.0	0.0	1.0	0.0	0.0
	3p	-	6	4195.0	1927.0	1950.0	3196.0	11268.0	14.0	14.0	19.0	25.0	7.0	11.0	3.0	7.0	8.0	3.0	3.0	15.00.0	0.0	0.0	0.0	3.0	0.0	2.0	0.0	0.0
	3p	-	7	4037.0	2050.0	1861.0	3314.0	11262.0	18.0	19.0	20.0	15.0	4.0	8.0	1.0	6.0	7.0	10.0	3.0	11.00.0	0.0	0.0	0.0	4.0	0.0	1.0	3.0	0.0
	3p	-	8	4150.0	1953.0	1914.0	3250.0	11267.0	12.0	17.0	13.0	15.0	4.0	2.0	1.0	4.0	5.0	6.0	2.0	6.00.0	0.0	0.0	0.0	1.0	0.0	1.0	4.0	0.0
	3p	-	9	3946.0	2001.0	1990.0	3329.0	11266.0	20.0	13.0	17.0	19.0	6.0	10.0	4.0	6.0	1.0	5.0	8.0	12.00.0	0.0	0.0	0.0	6.0	0.0	0.0	0.0	0.0
	3p	-	10	3939.0	2065.0	1870.0	3386.0	11260.0	18.0	14.0	11.0	15.0	5.0	9.0	5.0	7.0	4.0	5.0	2.0	12.00.0	0.0	0.0	0.0	8.0	0.0	5.0	2.0	0.0
	3p	-	11	3827.0	2057.0	1927.0	3452.0	11263.0	13.0	17.0	16.0	10.0	5.0	8.0	4.0	8.0	2.0	3.0	3.0	12.00.0	0.0	0.0	0.0	6.0	0.0	3.0	3.0	0.0
	3p	-	12	3905.0	2014.0	1945.0	3400.0	11264.0	9.0	19.0	12.0	10.0	4.0	6.0	3.0	4.0	3.0	5.0	5.0	17.00.0	0.0	0.0	0.0	5.0	0.0	2.0	1.0	0.0
	3p	-	13	3891.0	2149.0	1951.0	3273.0	11264.0	21.0	16.0	16.0	18.0	3.0	4.0	3.0	8.0	4.0	6.0	2.0	16.00.0	0.0	0.0	0.0	6.0	0.0	4.0	2.0	0.0
	3p	-	14	3836.0	2142.0	1953.0	3338.0	11269.0	10.0	14.0	16.0	11.0	4.0	5.0	2.0	5.0	6.0	4.0	3.0	12.00.0	0.0	0.0	0.0	2.0	0.0	2.0	2.0	0.0
	3p	-	15	3833.0	2160.0	1938.0	3332.0	11263.0	13.0	21.0	21.0	12.0	6.0	6.0	2.0	2.0	5.0	6.0	5.0	14.00.0	0.0	0.0	0.0	6.0	0.0	2.0	1.0	0.0
	3p	-	16	3764.0	2177.0	1901.0	3425.0	11267.0	10.0	21.0	18.0	17.0	5.0	2.0	7.0	7.0	3.0	7.0	6.0	8.00.0	0.0	0.0	0.0	6.0	0.0	1.0	2.0	0.0
	3p	-	17	3806.0	2104.0	1903.0	3455.0	11268.0	14.0	10.0	11.0	15.0	5.0	6.0	5.0	6.0	1.0	4.0	4.0	15.00.0	0.0	0.0	0.0	2.0	0.0	1.0	3.0	0.0
	3p	-	18	3842.0	2118.0	1922.0	3388.0	11270.0	8.0	22.0	17.0	17.0	11.0	9.0	4.0	4.0	2.0	4.0	0.0	17.00.0	0.0	0.0	0.0	4.0	0.0	2.0	0.0	0.0
	3p	-	19	3713.0	2066.0	1984.0	3497.0	11260.0	17.0	12.0	13.0	15.0	5.0	3.0	6.0	8.0	5.0	4.0	4.0	9.00.0	0.0	0.0	0.0	9.0	0.0	4.0	2.0	0.0
	3p	-	20	3782.0	2115.0	1906.0	3464.0	11267.0	13.0	17.0	21.0	14.0	8.0	5.0	11.0	3.0	4.0	3.0	2.0	10.00.0	0.0	0.0	0.0	8.0	0.0	0.0	0.0	0.0
	3p	-	21	3775.0	2155.0	1999.0	3334.0	11263.0	17.0	18.0	16.0	10.0	11.0	8.0	6.0	11.0	4.0	6.0	5.0	8.00.0	0.0	0.0	0.0	6.0	0.0	1.0	1.0	0.0
	3p	-	22	3725.0	2137.0	1999.0	3397.0	11258.0	20.0	16.0	14.0	11.0	4.0	1.0	3.0	2.0	6.0	7.0	1.0	12.00.0	0.0	0.0	0.0	6.0	0.0	4.0	2.0	0.0
	3p	-	23	3832.0	2092.0	1875.0	3465.0	11264.0	10.0	13.0	17.0	14.0	7.0	6.0	5.0	6.0	0.0	4.0	1.0	11.00.0	0.0	0.0	0.0	4.0	0.0	6.0	2.0	0.0
	3p	-	24	3839.0	2055.0	1964.0	3413.0	11271.0	13.0	13.0	16.0	16.0	1.0	7.0	7.0	2.0	4.0	3.0	1.0	7.00.0	0.0	0.0	0.0	3.0	0.0	1.0	0.0	0.0
	3p	-	25	3823.0	2087.0	1972.0	3390.0	11272.0	17.0	19.0	12.0	12.0	7.0	3.0	4.0	6.0	8.0	6.0	4.0	8.00.0	0.0	0.0	0.0	1.0	0.0	1.0	1.0	0.0
	3p	-	26	3831.0	2081.0	1970.0	3384.0	11266.0	17.0	16.0	11.0	11.0	1.0	5.0	4.0	6.0	7.0	5.0	1.0	9.00.0	0.0	0.0	0.0	4.0	0.0	0.0	3.0	0.0
	3p	-	27	3813.0	2053.0	2000.0	3402.0	11268.0	20.0	15.0	16.0	7.0	7.0	2.0	2.0	0.0	5.0	11.0	8.0	7.00.0	0.0	0.0	0.0	3.0	0.0	3.0	0.0	0.0
	3p	-	28	3733.0	2147.0	2044.0	3346.0	11270.0	18.0	19.0	17.0	14.0	2.0	2.0	6.0	4.0	7.0	7.0	4.0	6.00.0	0.0	0.0	0.0	3.0	0.0	1.0	0.0	0.0
	3p	-	29	3856.0	2008.0	2000.0	3406.0	11270.0	10.0	11.0	16.0	11.0	4.0	6.0	1.0	6.0	3.0	10.0	3.0	10.00.0	0.0	0.0	0.0	4.0	0.0	1.0	0.0	0.0
	3p	-	30	3749.0	2058.0	2024.0	3439.0	11270.0	18.0	35.0	20.0	12.0	6.0	9.0	6.0	6.0	5.0	6.0	6.0	10.00.0	0.0	0.0	0.0	2.0	0.0	2.0	1.0	0.0
	3p	-	31	3547.0	1930.0	1887.0	3290.0	10654.0	14.0	30.0	20.0	16.0	5.0	5.0	2.0	6.0	3.0	6.0	4.0	14.00.0	0.0	0.0	0.0	2.0	0.0	2.0	2.0	0.0
	3p	-	32	3339.0	1802.0	1731.0	3193.0	10065.0	15.0	36.0	14.0	13.0	5.0	9.0	2.0	3.0	4.0	8.0	2.0	8.00.0	0.0	0.0	0.0	2.0	0.0	0.0	0.0	0.0
	3p	-	33	3195.0	1710.0	1653.0	2886.0	9444.0	8.0	26.0	10.0	12.0	6.0	3.0	7.0	9.0	4.0	4.0	2.0	18.00.0	0.0	0.0	0.0	1.0	0.0	0.0	1.0	0.0
	3p	-	34	3029.0	1560.0	1571.0	2693.0	8853.0	20.0	21.0	16.0	11.0	4.0	7.0	2.0	5.0	3.0	3.0	1.0	6.00.0	0.0	0.0	0.0	6.0	0.0	0.0	0.0	0.0
	3p	-	35	2851.0	1429.0	1512.0	2546.0	8338.0	14.0	25.0	16.0	4.0	4.0	7.0	5.0	1.0	3.0	10.0	1.0	7.00.0	0.0	0.0	0.0	2.0	0.0	0.0	0.0	0.0
	3p	-	36	2672.0	1371.0	1378.0	2365.0	7786.0	9.0	25.0	8.0	7.0	4.0	8.0	3.0	2.0	2.0	5.0	4.0	9.00.0	0.0	0.0	0.0	3.0	0.0	0.0	1.0	0.0
	3p	-	37	2404.0	1302.0	1292.0	2331.0	7329.0	6.0	29.0	8.0	9.0	2.0	5.0	1.0	3.0	4.0	3.0	4.0	8.00.0	0.0	0.0	0.0	0.0	0.0	1.0	2.0	0.0
	3p	-	38	2314.0	1225.0	1174.0	2113.0	6826.0	10.0	23.0	7.0	6.0	3.0	4.0	1.0	5.0	4.0	1.0	3.0	5.00.0	0.0	0.0	0.0	0.0	0.0	1.0	0.0	0.0
	3p	-	39	2086.0	1148.0	1108.0	2012.0	6354.0	10.0	17.0	7.0	7.0	4.0	6.0	2.0	3.0	2.0	5.0	1.0	10.00.0	0.0	0.0	0.0	0.0	0.0	0.0	1.0	0.0
	3p	-	40	2027.0	1028.0	977.0	1853.0	5885.0	5.0	22.0	9.0	8.0	8.0	2.0	1.0	3.0	2.0	3.0	1.0	4.00.0	0.0	0.0	0.0	2.0	0.0	0.0	0.0	0.0
	3p	-	41	1863.0	987.0	967.0	1672.0	5489.0	9.0	20.0	8.0	2.0	6.0	3.0	1.0	3.0	0.0	7.0	0.0	8.00.0	0.0	0.0	0.0	1.0	0.0	0.0	0.0	0.0
	3p	-	42	1709.0	918.0	885.0	1632.0	5144.0	13.0	19.0	9.0	3.0	4.0	1.0	2.0	0.0	1.0	1.0	3.0	3.00.0	0.0	0.0	0.0	1.0	0.0	0.0	0.0	0.0
	3p	-	43	1592.0	815.0	852.0	1553.0	4812.0	6.0	13.0	9.0	9.0	2.0	2.0	2.0	5.0	4.0	0.0	1.0	4.00.0	0.0	0.0	0.0	1.0	0.0	1.0	0.0	0.0
	3p	-	44	1565.0	785.0	746.0	1409.0	4505.0	5.0	15.0	9.0	8.0	2.0	3.0	0.0	3.0	1.0	2.0	2.0	3.00.0	0.0	0.0	0.0	1.0	0.0	0.0	0.0	0.0
	3p	-	45	1420.0	793.0	736.0	1259.0	4208.0	5.0	13.0	6.0	4.0	2.0	0.0	3.0	1.0	0.0	0.0	1.0	3.00.0	0.0	0.0	0.0	0.0	0.0	1.0	0.0	0.0
	3p	-	46	1349.0	672.0	660.0	1226.0	3907.0	7.0	14.0	4.0	7.0	0.0	2.0	0.0	1.0	4.0	3.0	2.0	5.00.0	0.0	0.0	0.0	1.0	0.0	0.0	1.0	0.0
	3p	-	47	1257.0	639.0	658.0	1099.0	3653.0	8.0	10.0	3.0	7.0	3.0	3.0	0.0	1.0	0.0	0.0	1.0	3.00.0	0.0	0.0	0.0	0.0	0.0	1.0	0.0	0.0
	3p	-	48	1163.0	623.0	595.0	1031.0	3412.0	8.0	15.0	5.0	1.0	2.0	2.0	0.0	2.0	2.0	5.0	0.0	7.00.0	0.0	0.0	0.0	0.0	0.0	0.0	0.0	0.0
	3p	-	49	1083.0	595.0	554.0	954.0	3186.0	4.0	10.0	5.0	4.0	1.0	2.0	2.0	2.0	0.0	1.0	2.0	2.00.0	0.0	0.0	0.0	0.0	0.0	0.0	0.0	0.0
	3p	-	50	1002.0	537.0	521.0	927.0	2987.0	7.0	12.0	1.0	3.0	2.0	1.0	1.0	1.0	2.0	1.0	1.0	6.00.0	0.0	0.0	0.0	0.0	0.0	0.0	0.0	0.0
	3p	-	51	969.0	506.0	510.0	785.0	2770.0	2.0	10.0	4.0	2.0	0.0	2.0	1.0	0.0	2.0	2.0	2.0	4.00.0	0.0	0.0	0.0	0.0	0.0	0.0	0.0	0.0
	3p	-	52	887.0	491.0	434.0	776.0	2588.0	1.0	11.0	8.0	3.0	2.0	4.0	0.0	3.0	4.0	4.0	2.0	2.00.0	0.0	0.0	0.0	0.0	0.0	0.0	1.0	0.0
	3p	-	53	824.0	417.0	408.0	762.0	2411.0	5.0	8.0	5.0	2.0	2.0	3.0	1.0	1.0	0.0	1.0	1.0	0.00.0	0.0	0.0	0.0	0.0	0.0	0.0	0.0	0.0
	3p	-	54	754.0	438.0	359.0	708.0	2259.0	1.0	10.0	2.0	1.0	3.0	2.0	1.0	6.0	2.0	1.0	0.0	2.00.0	0.0	0.0	0.0	1.0	0.0	0.0	0.0	0.0
	3p	-	55	715.0	391.0	340.0	640.0	2086.0	2.0	6.0	6.0	3.0	0.0	2.0	1.0	3.0	1.0	2.0	1.0	3.00.0	0.0	0.0	0.0	0.0	0.0	0.0	0.0	0.0
	3p	-	56	642.0	346.0	332.0	603.0	1923.0	7.0	7.0	4.0	3.0	2.0	0.0	1.0	2.0	2.0	4.0	4.0	3.00.0	0.0	0.0	0.0	0.0	0.0	0.0	0.0	0.0
	3p	-	57	617.0	313.0	291.0	572.0	1793.0	3.0	7.0	5.0	3.0	0.0	0.0	3.0	1.0	3.0	2.0	0.0	2.00.0	0.0	0.0	0.0	1.0	0.0	0.0	0.0	0.0
	3p	-	58	533.0	352.0	276.0	511.0	1672.0	6.0	4.0	2.0	2.0	1.0	0.0	0.0	2.0	2.0	3.0	1.0	3.00.0	0.0	0.0	0.0	0.0	0.0	0.0	0.0	0.0
	3p	-	59	478.0	275.0	284.0	496.0	1533.0	4.0	3.0	5.0	2.0	1.0	0.0	0.0	2.0	0.0	2.0	0.0	4.00.0	0.0	0.0	0.0	1.0	0.0	0.0	0.0	0.0
	3p	-	60	486.0	262.0	265.0	419.0	1432.0	1.0	5.0	5.0	0.0	3.0	0.0	1.0	0.0	1.0	1.0	0.0	3.00.0	0.0	0.0	0.0	0.0	0.0	0.0	0.0	0.0
	3p	-	61	426.0	234.0	234.0	422.0	1316.0	1.0	5.0	3.0	2.0	0.0	0.0	1.0	0.0	0.0	2.0	2.0	0.00.0	0.0	0.0	0.0	0.0	0.0	0.0	0.0	0.0
	3p	-	62	399.0	231.0	206.0	375.0	1211.0	2.0	3.0	0.0	5.0	0.0	3.0	0.0	1.0	0.0	2.0	0.0	3.00.0	0.0	0.0	0.0	1.0	0.0	0.0	0.0	0.0
	3p	-	63	389.0	209.0	173.0	356.0	1127.0	1.0	4.0	2.0	7.0	1.0	1.0	0.0	2.0	2.0	1.0	2.0	3.00.0	0.0	0.0	0.0	0.0	0.0	0.0	0.0	0.0
	3p	-	64	353.0	194.0	188.0	315.0	1050.0	7.0	2.0	1.0	1.0	2.0	0.0	0.0	1.0	0.0	1.0	0.0	2.00.0	0.0	0.0	0.0	1.0	0.0	0.0	0.0	0.0
	3p	-	65	330.0	191.0	164.0	300.0	985.0	2.0	4.0	2.0	4.0	1.0	0.0	0.0	1.0	1.0	1.0	0.0	2.00.0	0.0	0.0	0.0	1.0	0.0	0.0	0.0	0.0
	3p	-	66	276.0	174.0	172.0	300.0	922.0	2.0	3.0	2.0	1.0	0.0	0.0	0.0	1.0	1.0	0.0	0.0	1.00.0	0.0	0.0	0.0	0.0	0.0	0.0	0.0	0.0
	3p	-	67	286.0	152.0	145.0	267.0	850.0	5.0	2.0	5.0	1.0	0.0	3.0	0.0	0.0	0.0	3.0	0.0	4.00.0	0.0	0.0	0.0	0.0	0.0	0.0	0.0	0.0
	3p	-	68	252.0	139.0	141.0	253.0	785.0	2.0	5.0	4.0	1.0	0.0	0.0	1.0	2.0	1.0	1.0	1.0	0.00.0	0.0	0.0	0.0	0.0	0.0	0.0	0.0	0.0
	3p	-	69	234.0	141.0	104.0	241.0	720.0	0.0	3.0	1.0	1.0	1.0	0.0	1.0	2.0	1.0	0.0	1.0	0.00.0	0.0	0.0	0.0	0.0	0.0	0.0	0.0	0.0
	3p	-	70	231.0	124.0	97.0	220.0	672.0	0.0	1.0	2.0	0.0	0.0	0.0	1.0	1.0	1.0	0.0	0.0	2.00.0	0.0	0.0	0.0	0.0	0.0	0.0	0.0	0.0
	3p	-	71	217.0	119.0	104.0	164.0	604.0	1.0	1.0	1.0	0.0	1.0	0.0	0.0	0.0	0.0	0.0	0.0	1.00.0	0.0	0.0	0.0	0.0	0.0	0.0	1.0	0.0
	3p	-	72	181.0	117.0	86.0	176.0	560.0	3.0	0.0	1.0	1.0	0.0	0.0	0.0	0.0	0.0	0.0	0.0	0.00.0	0.0	0.0	0.0	0.0	0.0	0.0	0.0	0.0
	3p	-	73	162.0	110.0	79.0	159.0	510.0	1.0	4.0	1.0	1.0	0.0	0.0	0.0	1.0	0.0	0.0	0.0	1.00.0	0.0	0.0	0.0	0.0	0.0	0.0	0.0	0.0
	3p	-	74	154.0	80.0	86.0	147.0	467.0	0.0	1.0	0.0	1.0	0.0	0.0	0.0	1.0	0.0	2.0	1.0	0.00.0	0.0	0.0	0.0	0.0	0.0	0.0	0.0	0.0
	3p	-	75	132.0	93.0	78.0	120.0	423.0	1.0	5.0	1.0	1.0	1.0	0.0	0.0	0.0	0.0	1.0	0.0	0.00.0	0.0	0.0	0.0	0.0	0.0	0.0	0.0	0.0
	3p	-	76	124.0	79.0	68.0	116.0	387.0	0.0	2.0	1.0	1.0	1.0	1.0	0.0	1.0	0.0	0.0	1.0	1.00.0	0.0	0.0	0.0	0.0	0.0	0.0	0.0	0.0
	3p	-	77	113.0	72.0	48.0	121.0	354.0	1.0	1.0	1.0	0.0	0.0	0.0	1.0	1.0	0.0	0.0	0.0	0.00.0	0.0	0.0	0.0	0.0	0.0	0.0	0.0	0.0
	3p	-	78	94.0	61.0	67.0	97.0	319.0	1.0	1.0	0.0	0.0	0.0	0.0	0.0	0.0	0.0	0.0	0.0	0.00.0	0.0	0.0	0.0	0.0	0.0	0.0	0.0	0.0
	3p	-	79	93.0	53.0	46.0	95.0	287.0	1.0	1.0	1.0	0.0	1.0	1.0	0.0	1.0	0.0	0.0	0.0	0.00.0	0.0	0.0	0.0	0.0	0.0	0.0	0.0	0.0
	3p	-	80	89.0	49.0	39.0	73.0	250.0	0.0	3.0	2.0	0.0	0.0	1.0	2.0	0.0	0.0	1.0	1.0	1.00.0	0.0	0.0	0.0	0.0	0.0	0.0	0.0	0.0
	3p	-	81	68.0	38.0	47.0	75.0	228.0	0.0	2.0	0.0	0.0	0.0	0.0	0.0	1.0	0.0	0.0	0.0	1.00.0	0.0	0.0	0.0	0.0	0.0	0.0	0.0	0.0
	3p	-	82	68.0	41.0	35.0	58.0	202.0	0.0	0.0	3.0	0.0	0.0	0.0	0.0	0.0	1.0	0.0	0.0	0.00.0	0.0	0.0	0.0	0.0	0.0	0.0	0.0	0.0
	3p	-	83	54.0	34.0	27.0	58.0	173.0	0.0	2.0	1.0	0.0	0.0	0.0	0.0	0.0	0.0	0.0	0.0	0.00.0	0.0	0.0	0.0	0.0	0.0	0.0	0.0	0.0
	3p	-	84	45.0	34.0	28.0	43.0	150.0	0.0	2.0	0.0	0.0	0.0	0.0	0.0	0.0	0.0	0.0	0.0	0.00.0	0.0	0.0	0.0	0.0	0.0	0.0	0.0	0.0
	3p	-	85	45.0	22.0	21.0	43.0	131.0	0.0	1.0	0.0	1.0	0.0	0.0	0.0	0.0	0.0	1.0	1.0	0.00.0	0.0	0.0	0.0	0.0	0.0	0.0	0.0	0.0
	3p	-	86	32.0	20.0	18.0	47.0	117.0	1.0	1.0	0.0	1.0	0.0	0.0	0.0	0.0	0.0	0.0	0.0	0.00.0	0.0	0.0	0.0	0.0	0.0	0.0	0.0	0.0
	3p	-	87	34.0	22.0	13.0	32.0	101.0	1.0	1.0	0.0	0.0	0.0	0.0	0.0	0.0	1.0	0.0	0.0	0.00.0	0.0	0.0	0.0	0.0	0.0	0.0	0.0	0.0
	3p	-	88	21.0	14.0	15.0	27.0	77.0	0.0	0.0	0.0	0.0	0.0	0.0	0.0	0.0	0.0	1.0	0.0	0.00.0	0.0	0.0	0.0	0.0	0.0	0.0	0.0	0.0
	3p	-	89	18.0	8.0	11.0	21.0	58.0	0.0	0.0	0.0	0.0	0.0	0.0	0.0	0.0	1.0	0.0	0.0	1.00.0	0.0	0.0	0.0	0.0	0.0	0.0	0.0	0.0
	3p	-	90	13.0	9.0	4.0	10.0	36.0	0.0	0.0	1.0	0.0	0.0	0.0	0.0	1.0	0.0	0.0	0.0	0.00.0	0.0	0.0	0.0	0.0	0.0	0.0	0.0	0.0
	3p	-	91	6.0	5.0	3.0	5.0	19.0	0.0	0.0	0.0	0.0	0.0	0.0	0.0	0.0	0.0	0.0	0.0	0.00.0	0.0	0.0	0.0	0.0	0.0	0.0	0.0	0.0
	3p	-	92	0.0	0.0	0.0	0.0	0.0	0.0	0.0	0.0	0.0	0.0	0.0	0.0	0.0	0.0	0.0	0.0	0.00.0	0.0	0.0	0.0	0.0	0.0	0.0	0.0	0.0
	3p	-	93	0.0	0.0	0.0	0.0	0.0	0.0	0.0	0.0	0.0	0.0	0.0	0.0	0.0	0.0	0.0	0.0	0.00.0	0.0	0.0	0.0	0.0	0.0	0.0	0.0	0.0
	3p	-	94	0.0	0.0	0.0	0.0	0.0	0.0	0.0	0.0	0.0	0.0	0.0	0.0	0.0	0.0	0.0	0.0	0.00.0	0.0	0.0	0.0	0.0	0.0	0.0	0.0	0.0
	3p	-	95	0.0	0.0	0.0	0.0	0.0	0.0	0.0	0.0	0.0	0.0	0.0	0.0	0.0	0.0	0.0	0.0	0.00.0	0.0	0.0	0.0	0.0	0.0	0.0	0.0	0.0
	3p	-	96	0.0	0.0	0.0	0.0	0.0	0.0	0.0	0.0	0.0	0.0	0.0	0.0	0.0	0.0	0.0	0.0	0.00.0	0.0	0.0	0.0	0.0	0.0	0.0	0.0	0.0
	3p	-	97	0.0	0.0	0.0	0.0	0.0	0.0	0.0	0.0	0.0	0.0	0.0	0.0	0.0	0.0	0.0	0.0	0.00.0	0.0	0.0	0.0	0.0	0.0	0.0	0.0	0.0
	3p	-	98	0.0	0.0	0.0	0.0	0.0	0.0	0.0	0.0	0.0	0.0	0.0	0.0	0.0	0.0	0.0	0.0	0.00.0	0.0	0.0	0.0	0.0	0.0	0.0	0.0	0.0
	3p	-	99	0.0	0.0	0.0	0.0	0.0	0.0	0.0	0.0	0.0	0.0	0.0	0.0	0.0	0.0	0.0	0.0	0.00.0	0.0	0.0	0.0	0.0	0.0	0.0	0.0	0.0
	3p	-	100	0.0	0.0	0.0	0.0	0.0	0.0	0.0	0.0	0.0	0.0	0.0	0.0	0.0	0.0	0.0	0.0	0.00.0	0.0	0.0	0.0	0.0	0.0	0.0	0.0	0.0
	5p	+	1	3847.0	1887.0	1620.0	4223.0	11577.0	17.0	255.0	25.0	19.0	9.0	14.0	8.0	13.0	3.0	4.0	7.0	22.00.0	0.0	0.0	0.0	0.0	0.0	0.0	0.0	0.0
	5p	+	2	3652.0	1806.0	2209.0	3910.0	11577.0	18.0	43.0	22.0	9.0	6.0	13.0	3.0	8.0	9.0	10.0	3.0	9.00.0	0.0	0.0	0.0	0.0	0.0	0.0	0.0	0.0
	5p	+	3	3795.0	2111.0	2044.0	3626.0	11576.0	18.0	34.0	12.0	17.0	14.0	10.0	3.0	11.0	7.0	9.0	9.0	12.00.0	0.0	0.0	0.0	1.0	0.0	0.0	0.0	0.0
	5p	+	4	3876.0	2049.0	2204.0	3444.0	11573.0	18.0	28.0	14.0	12.0	6.0	9.0	5.0	8.0	2.0	8.0	10.0	12.00.0	0.0	0.0	0.0	2.0	0.0	0.0	0.0	0.0
	5p	+	5	3874.0	2129.0	2110.0	3454.0	11567.0	13.0	13.0	18.0	19.0	9.0	1.0	5.0	5.0	11.0	7.0	3.0	16.00.0	0.0	0.0	0.0	2.0	0.0	1.0	3.0	0.0
	5p	+	6	3725.0	2126.0	2151.0	3571.0	11573.0	15.0	18.0	22.0	17.0	4.0	6.0	8.0	7.0	9.0	5.0	3.0	9.00.0	0.0	0.0	0.0	2.0	0.0	1.0	0.0	0.0
	5p	+	7	3877.0	2117.0	2078.0	3493.0	11565.0	15.0	21.0	10.0	14.0	7.0	1.0	8.0	7.0	3.0	6.0	6.0	11.00.0	0.0	0.0	0.0	7.0	0.0	1.0	1.0	0.0
	5p	+	8	3978.0	2118.0	1986.0	3485.0	11567.0	15.0	14.0	12.0	16.0	6.0	4.0	2.0	7.0	4.0	3.0	6.0	9.00.0	0.0	0.0	0.0	4.0	0.0	1.0	1.0	0.0
	5p	+	9	3980.0	2131.0	1950.0	3498.0	11559.0	17.0	23.0	15.0	14.0	7.0	8.0	4.0	2.0	2.0	8.0	2.0	10.00.0	0.0	0.0	0.0	7.0	0.0	2.0	2.0	0.0
	5p	+	10	3954.0	2104.0	1958.0	3550.0	11566.0	8.0	20.0	15.0	13.0	4.0	7.0	2.0	8.0	13.0	8.0	2.0	12.00.0	0.0	0.0	0.0	7.0	0.0	2.0	0.0	0.0
	5p	+	11	3895.0	2299.0	1930.0	3443.0	11567.0	12.0	21.0	12.0	16.0	7.0	6.0	5.0	6.0	6.0	6.0	0.0	10.00.0	0.0	0.0	0.0	2.0	0.0	2.0	2.0	0.0
	5p	+	12	3889.0	2172.0	1982.0	3529.0	11572.0	19.0	16.0	18.0	7.0	9.0	7.0	3.0	7.0	1.0	5.0	3.0	8.00.0	0.0	0.0	0.0	2.0	0.0	0.0	1.0	0.0
	5p	+	13	3887.0	2204.0	1998.0	3471.0	11560.0	12.0	13.0	12.0	19.0	2.0	2.0	2.0	5.0	6.0	5.0	3.0	10.00.0	0.0	0.0	0.0	6.0	0.0	1.0	2.0	0.0
	5p	+	14	3879.0	2126.0	2055.0	3502.0	11562.0	18.0	18.0	19.0	16.0	6.0	4.0	2.0	7.0	5.0	7.0	4.0	11.00.0	0.0	0.0	0.0	4.0	0.0	5.0	2.0	0.0
	5p	+	15	3919.0	2151.0	2044.0	3449.0	11563.0	24.0	10.0	15.0	16.0	1.0	4.0	9.0	9.0	9.0	7.0	4.0	11.00.0	0.0	0.0	0.0	3.0	0.0	7.0	0.0	0.0
	5p	+	16	3884.0	2209.0	2012.0	3457.0	11562.0	15.0	19.0	16.0	17.0	3.0	8.0	4.0	1.0	4.0	7.0	1.0	18.00.0	0.0	0.0	0.0	4.0	0.0	0.0	1.0	0.0
	5p	+	17	3911.0	2200.0	2004.0	3448.0	11563.0	19.0	17.0	16.0	18.0	6.0	4.0	5.0	2.0	3.0	11.0	7.0	12.00.0	0.0	0.0	0.0	5.0	0.0	2.0	4.0	0.0
	5p	+	18	3903.0	2223.0	1981.0	3459.0	11566.0	13.0	14.0	18.0	10.0	5.0	6.0	5.0	4.0	2.0	7.0	4.0	10.00.0	0.0	0.0	0.0	2.0	0.0	5.0	2.0	0.0
	5p	+	19	3872.0	2225.0	1958.0	3515.0	11570.0	11.0	20.0	21.0	8.0	6.0	6.0	2.0	4.0	4.0	3.0	3.0	13.00.0	0.0	0.0	0.0	3.0	0.0	1.0	2.0	0.0
	5p	+	20	3910.0	2196.0	1958.0	3498.0	11562.0	12.0	16.0	9.0	9.0	7.0	9.0	6.0	7.0	2.0	9.0	4.0	7.00.0	0.0	0.0	0.0	4.0	0.0	1.0	3.0	0.0
	5p	+	21	3880.0	2213.0	1982.0	3487.0	11562.0	17.0	8.0	12.0	16.0	6.0	4.0	3.0	3.0	4.0	6.0	8.0	17.00.0	0.0	0.0	0.0	6.0	0.0	0.0	2.0	0.0
	5p	+	22	3858.0	2146.0	2055.0	3501.0	11560.0	21.0	26.0	8.0	8.0	1.0	7.0	5.0	3.0	3.0	5.0	3.0	12.00.0	0.0	0.0	0.0	8.0	0.0	3.0	3.0	0.0
	5p	+	23	3848.0	2201.0	1977.0	3537.0	11563.0	9.0	24.0	15.0	15.0	6.0	6.0	6.0	8.0	8.0	2.0	3.0	11.00.0	0.0	0.0	0.0	6.0	0.0	1.0	1.0	0.0
	5p	+	24	3930.0	2161.0	1995.0	3477.0	11563.0	17.0	21.0	12.0	18.0	4.0	6.0	1.0	4.0	7.0	8.0	2.0	6.00.0	0.0	0.0	0.0	4.0	0.0	3.0	4.0	0.0
	5p	+	25	3934.0	2132.0	1996.0	3505.0	11567.0	17.0	17.0	18.0	13.0	4.0	5.0	6.0	9.0	4.0	7.0	2.0	13.00.0	0.0	0.0	0.0	4.0	0.0	3.0	3.0	0.0
	5p	+	26	3953.0	2099.0	2015.0	3502.0	11569.0	14.0	21.0	5.0	16.0	4.0	5.0	3.0	7.0	6.0	6.0	7.0	14.00.0	0.0	0.0	0.0	5.0	0.0	0.0	0.0	0.0
	5p	+	27	4028.0	2137.0	1942.0	3463.0	11570.0	12.0	28.0	21.0	15.0	6.0	8.0	5.0	8.0	5.0	5.0	7.0	7.00.0	0.0	0.0	0.0	2.0	0.0	0.0	0.0	0.0
	5p	+	28	4104.0	2059.0	1964.0	3444.0	11571.0	17.0	11.0	20.0	10.0	8.0	6.0	1.0	6.0	6.0	5.0	6.0	7.00.0	0.0	0.0	0.0	3.0	0.0	1.0	0.0	0.0
	5p	+	29	3972.0	2086.0	1923.0	3584.0	11565.0	14.0	31.0	11.0	12.0	6.0	6.0	4.0	6.0	3.0	8.0	7.0	13.00.0	0.0	0.0	0.0	4.0	0.0	3.0	0.0	0.0
	5p	+	30	4085.0	2153.0	1929.0	3401.0	11568.0	24.0	65.0	8.0	12.0	2.0	8.0	5.0	10.0	6.0	8.0	2.0	13.00.0	0.0	0.0	0.0	3.0	0.0	1.0	2.0	0.0
	5p	+	31	3837.0	1984.0	1792.0	3342.0	10955.0	14.0	63.0	12.0	15.0	6.0	4.0	4.0	7.0	5.0	3.0	1.0	10.00.0	0.0	0.0	0.0	2.0	0.0	0.0	0.0	0.0
	5p	+	32	3667.0	1864.0	1762.0	3060.0	10353.0	8.0	61.0	19.0	7.0	5.0	5.0	4.0	11.0	3.0	5.0	4.0	8.00.0	0.0	0.0	0.0	2.0	0.0	0.0	0.0	0.0
	5p	+	33	3508.0	1707.0	1577.0	2967.0	9759.0	18.0	61.0	11.0	16.0	5.0	6.0	4.0	6.0	7.0	3.0	1.0	5.00.0	0.0	0.0	0.0	2.0	0.0	1.0	0.0	0.0
	5p	+	34	3223.0	1712.0	1505.0	2746.0	9186.0	8.0	72.0	12.0	9.0	3.0	7.0	0.0	5.0	3.0	6.0	3.0	5.00.0	0.0	0.0	0.0	2.0	0.0	2.0	0.0	0.0
	5p	+	35	3079.0	1592.0	1408.0	2523.0	8602.0	13.0	57.0	8.0	10.0	3.0	6.0	2.0	4.0	3.0	3.0	3.0	13.00.0	0.0	0.0	0.0	1.0	0.0	0.0	0.0	0.0
	5p	+	36	2894.0	1458.0	1259.0	2475.0	8086.0	12.0	50.0	16.0	15.0	6.0	2.0	1.0	4.0	2.0	3.0	2.0	6.00.0	0.0	0.0	0.0	0.0	0.0	0.0	1.0	0.0
	5p	+	37	2687.0	1337.0	1261.0	2290.0	7575.0	12.0	60.0	14.0	12.0	3.0	2.0	0.0	6.0	4.0	3.0	1.0	5.00.0	0.0	0.0	0.0	0.0	0.0	1.0	1.0	0.0
	5p	+	38	2431.0	1262.0	1165.0	2207.0	7065.0	13.0	52.0	5.0	5.0	5.0	7.0	0.0	5.0	3.0	4.0	3.0	7.00.0	0.0	0.0	0.0	1.0	0.0	1.0	1.0	0.0
	5p	+	39	2301.0	1242.0	1051.0	2000.0	6594.0	12.0	40.0	3.0	6.0	3.0	1.0	1.0	1.0	4.0	4.0	3.0	8.00.0	0.0	0.0	0.0	3.0	0.0	0.0	0.0	0.0
	5p	+	40	2128.0	1158.0	982.0	1927.0	6195.0	13.0	41.0	5.0	12.0	3.0	3.0	0.0	7.0	2.0	7.0	0.0	7.00.0	0.0	0.0	0.0	2.0	0.0	1.0	0.0	0.0
	5p	+	41	2080.0	1012.0	972.0	1705.0	5769.0	7.0	45.0	9.0	8.0	3.0	8.0	0.0	2.0	5.0	1.0	2.0	3.00.0	0.0	0.0	0.0	0.0	0.0	0.0	1.0	0.0
	5p	+	42	1929.0	920.0	892.0	1645.0	5386.0	13.0	43.0	6.0	9.0	5.0	4.0	2.0	1.0	3.0	5.0	1.0	7.00.0	0.0	0.0	0.0	1.0	0.0	0.0	0.0	0.0
	5p	+	43	1823.0	915.0	857.0	1454.0	5049.0	7.0	38.0	6.0	3.0	2.0	4.0	1.0	2.0	1.0	5.0	2.0	8.00.0	0.0	0.0	0.0	1.0	0.0	1.0	0.0	0.0
	5p	+	44	1693.0	863.0	773.0	1410.0	4739.0	5.0	28.0	9.0	5.0	1.0	4.0	2.0	6.0	2.0	1.0	1.0	10.00.0	0.0	0.0	0.0	0.0	0.0	0.0	0.0	0.0
	5p	+	45	1637.0	784.0	723.0	1286.0	4430.0	8.0	21.0	5.0	6.0	1.0	2.0	3.0	4.0	2.0	3.0	4.0	2.00.0	0.0	0.0	0.0	0.0	0.0	0.0	0.0	0.0
	5p	+	46	1432.0	751.0	702.0	1241.0	4126.0	12.0	34.0	3.0	4.0	2.0	3.0	3.0	3.0	1.0	2.0	1.0	3.00.0	0.0	0.0	0.0	2.0	0.0	0.0	1.0	0.0
	5p	+	47	1327.0	670.0	617.0	1214.0	3828.0	6.0	26.0	7.0	7.0	2.0	3.0	2.0	2.0	2.0	0.0	2.0	2.00.0	0.0	0.0	0.0	0.0	0.0	0.0	0.0	0.0
	5p	+	48	1297.0	680.0	554.0	1049.0	3580.0	5.0	18.0	9.0	7.0	1.0	4.0	3.0	3.0	2.0	1.0	2.0	3.00.0	0.0	0.0	0.0	0.0	0.0	1.0	0.0	0.0
	5p	+	49	1206.0	582.0	516.0	1060.0	3364.0	4.0	30.0	4.0	8.0	1.0	3.0	4.0	2.0	3.0	1.0	2.0	5.00.0	0.0	0.0	0.0	1.0	0.0	1.0	0.0	0.0
	5p	+	50	1076.0	586.0	496.0	977.0	3135.0	5.0	20.0	8.0	8.0	2.0	2.0	0.0	1.0	1.0	1.0	1.0	6.00.0	0.0	0.0	0.0	0.0	0.0	0.0	0.0	0.0
	5p	+	51	1044.0	566.0	469.0	817.0	2896.0	3.0	15.0	4.0	10.0	2.0	0.0	2.0	1.0	0.0	2.0	0.0	1.00.0	0.0	0.0	0.0	0.0	0.0	0.0	0.0	0.0
	5p	+	52	973.0	474.0	441.0	812.0	2700.0	7.0	18.0	10.0	4.0	2.0	2.0	0.0	4.0	2.0	1.0	1.0	5.00.0	0.0	0.0	0.0	0.0	0.0	0.0	0.0	0.0
	5p	+	53	906.0	452.0	432.0	736.0	2526.0	1.0	10.0	7.0	3.0	2.0	4.0	2.0	2.0	1.0	0.0	1.0	3.00.0	0.0	0.0	0.0	0.0	0.0	0.0	0.0	0.0
	5p	+	54	796.0	450.0	413.0	711.0	2370.0	5.0	14.0	3.0	5.0	1.0	1.0	0.0	0.0	2.0	0.0	1.0	2.00.0	0.0	0.0	0.0	0.0	0.0	0.0	0.0	0.0
	5p	+	55	782.0	400.0	336.0	670.0	2188.0	4.0	12.0	1.0	1.0	1.0	2.0	1.0	0.0	2.0	3.0	0.0	3.00.0	0.0	0.0	0.0	1.0	0.0	0.0	0.0	0.0
	5p	+	56	690.0	381.0	365.0	613.0	2049.0	2.0	20.0	5.0	4.0	1.0	2.0	0.0	2.0	0.0	0.0	0.0	3.00.0	0.0	0.0	0.0	1.0	0.0	1.0	0.0	0.0
	5p	+	57	617.0	342.0	325.0	611.0	1895.0	1.0	9.0	2.0	5.0	3.0	2.0	0.0	1.0	0.0	2.0	0.0	7.00.0	0.0	0.0	0.0	1.0	0.0	0.0	0.0	0.0
	5p	+	58	633.0	325.0	309.0	507.0	1774.0	4.0	10.0	2.0	0.0	0.0	1.0	0.0	2.0	1.0	1.0	1.0	2.00.0	0.0	0.0	0.0	0.0	0.0	0.0	1.0	0.0
	5p	+	59	565.0	301.0	267.0	512.0	1645.0	7.0	11.0	3.0	5.0	0.0	2.0	3.0	1.0	0.0	0.0	0.0	1.00.0	0.0	0.0	0.0	0.0	0.0	0.0	0.0	0.0
	5p	+	60	517.0	309.0	235.0	469.0	1530.0	2.0	10.0	2.0	2.0	0.0	1.0	0.0	1.0	0.0	3.0	1.0	2.00.0	0.0	0.0	0.0	1.0	0.0	0.0	0.0	0.0
	5p	+	61	483.0	274.0	240.0	432.0	1429.0	3.0	7.0	5.0	5.0	2.0	3.0	1.0	2.0	1.0	1.0	1.0	1.00.0	0.0	0.0	0.0	0.0	0.0	0.0	0.0	0.0
	5p	+	62	466.0	226.0	205.0	425.0	1322.0	0.0	13.0	4.0	4.0	3.0	1.0	0.0	0.0	1.0	1.0	0.0	0.00.0	0.0	0.0	0.0	1.0	0.0	0.0	0.0	0.0
	5p	+	63	434.0	212.0	187.0	391.0	1224.0	3.0	6.0	3.0	4.0	0.0	0.0	0.0	1.0	1.0	1.0	0.0	0.00.0	0.0	0.0	0.0	0.0	0.0	0.0	0.0	0.0
	5p	+	64	383.0	202.0	185.0	376.0	1146.0	2.0	6.0	1.0	3.0	1.0	2.0	0.0	1.0	2.0	2.0	0.0	2.00.0	0.0	0.0	0.0	0.0	0.0	0.0	0.0	0.0
	5p	+	65	375.0	187.0	192.0	320.0	1074.0	2.0	4.0	2.0	2.0	3.0	0.0	0.0	3.0	0.0	2.0	0.0	0.00.0	0.0	0.0	0.0	0.0	0.0	0.0	0.0	0.0
	5p	+	66	358.0	178.0	168.0	288.0	992.0	2.0	8.0	1.0	3.0	1.0	1.0	0.0	1.0	1.0	0.0	0.0	1.00.0	0.0	0.0	0.0	0.0	0.0	0.0	0.0	0.0
	5p	+	67	323.0	161.0	141.0	291.0	916.0	3.0	6.0	0.0	2.0	2.0	2.0	0.0	0.0	0.0	1.0	0.0	2.00.0	0.0	0.0	0.0	0.0	0.0	0.0	0.0	0.0
	5p	+	68	293.0	176.0	116.0	270.0	855.0	2.0	3.0	2.0	3.0	0.0	1.0	0.0	0.0	0.0	2.0	0.0	0.00.0	0.0	0.0	0.0	0.0	0.0	0.0	0.0	0.0
	5p	+	69	265.0	153.0	113.0	262.0	793.0	3.0	9.0	1.0	2.0	0.0	1.0	1.0	0.0	1.0	0.0	1.0	0.00.0	0.0	0.0	0.0	1.0	0.0	0.0	0.0	0.0
	5p	+	70	244.0	159.0	124.0	210.0	737.0	2.0	8.0	4.0	0.0	0.0	3.0	1.0	0.0	2.0	0.0	1.0	0.00.0	0.0	0.0	0.0	0.0	0.0	0.0	1.0	0.0
	5p	+	71	222.0	110.0	90.0	241.0	663.0	0.0	2.0	0.0	4.0	0.0	2.0	0.0	0.0	0.0	1.0	0.0	0.00.0	0.0	0.0	0.0	1.0	0.0	0.0	0.0	0.0
	5p	+	72	204.0	109.0	97.0	196.0	606.0	0.0	3.0	0.0	5.0	0.0	2.0	0.0	1.0	0.0	0.0	0.0	1.00.0	0.0	0.0	0.0	0.0	0.0	0.0	0.0	0.0
	5p	+	73	187.0	98.0	90.0	175.0	550.0	2.0	4.0	0.0	1.0	1.0	1.0	0.0	0.0	0.0	0.0	0.0	0.00.0	0.0	0.0	0.0	0.0	0.0	0.0	0.0	0.0
	5p	+	74	178.0	103.0	79.0	142.0	502.0	1.0	6.0	1.0	1.0	1.0	1.0	1.0	1.0	0.0	0.0	0.0	1.00.0	0.0	0.0	0.0	0.0	0.0	0.0	0.0	0.0
	5p	+	75	162.0	76.0	73.0	140.0	451.0	2.0	2.0	0.0	2.0	0.0	0.0	0.0	0.0	1.0	0.0	0.0	0.00.0	0.0	0.0	0.0	0.0	0.0	0.0	0.0	0.0
	5p	+	76	150.0	67.0	49.0	146.0	412.0	1.0	4.0	1.0	0.0	0.0	1.0	0.0	0.0	0.0	0.0	0.0	0.00.0	0.0	0.0	0.0	0.0	0.0	0.0	0.0	0.0
	5p	+	77	119.0	65.0	60.0	122.0	366.0	0.0	5.0	1.0	0.0	0.0	1.0	0.0	0.0	0.0	0.0	1.0	0.00.0	0.0	0.0	0.0	0.0	0.0	0.0	0.0	0.0
	5p	+	78	119.0	62.0	50.0	104.0	335.0	0.0	2.0	1.0	1.0	1.0	0.0	0.0	1.0	0.0	0.0	0.0	1.00.0	0.0	0.0	0.0	0.0	0.0	0.0	0.0	0.0
	5p	+	79	107.0	62.0	40.0	90.0	299.0	1.0	1.0	0.0	1.0	0.0	0.0	0.0	0.0	0.0	0.0	0.0	0.00.0	0.0	0.0	0.0	0.0	0.0	0.0	0.0	0.0
	5p	+	80	99.0	48.0	41.0	65.0	253.0	0.0	5.0	2.0	1.0	0.0	0.0	0.0	0.0	0.0	0.0	0.0	0.00.0	0.0	0.0	0.0	0.0	0.0	0.0	0.0	0.0
	5p	+	81	67.0	40.0	40.0	77.0	224.0	0.0	1.0	1.0	0.0	1.0	0.0	0.0	2.0	1.0	0.0	0.0	0.00.0	0.0	0.0	0.0	0.0	0.0	0.0	0.0	0.0
	5p	+	82	69.0	36.0	28.0	65.0	198.0	0.0	4.0	2.0	0.0	1.0	0.0	0.0	1.0	0.0	0.0	0.0	0.00.0	0.0	0.0	0.0	0.0	0.0	0.0	0.0	0.0
	5p	+	83	60.0	35.0	26.0	51.0	172.0	0.0	2.0	0.0	0.0	0.0	0.0	1.0	0.0	0.0	0.0	0.0	1.00.0	0.0	0.0	0.0	0.0	0.0	0.0	0.0	0.0
	5p	+	84	50.0	33.0	18.0	48.0	149.0	0.0	1.0	0.0	0.0	0.0	0.0	0.0	0.0	0.0	0.0	0.0	0.00.0	0.0	0.0	0.0	0.0	0.0	0.0	0.0	0.0
	5p	+	85	51.0	23.0	16.0	41.0	131.0	0.0	2.0	2.0	1.0	0.0	0.0	0.0	0.0	0.0	0.0	0.0	1.00.0	0.0	0.0	0.0	0.0	0.0	0.0	0.0	0.0
	5p	+	86	35.0	21.0	13.0	43.0	112.0	1.0	1.0	0.0	0.0	0.0	0.0	0.0	0.0	0.0	0.0	0.0	0.00.0	0.0	0.0	0.0	0.0	0.0	0.0	0.0	0.0
	5p	+	87	32.0	15.0	17.0	25.0	89.0	0.0	2.0	0.0	0.0	1.0	0.0	0.0	0.0	0.0	0.0	0.0	0.00.0	0.0	0.0	0.0	0.0	0.0	0.0	0.0	0.0
	5p	+	88	28.0	12.0	8.0	23.0	71.0	0.0	1.0	0.0	0.0	1.0	1.0	0.0	0.0	0.0	1.0	0.0	0.00.0	0.0	0.0	0.0	0.0	0.0	0.0	0.0	0.0
	5p	+	89	21.0	9.0	11.0	15.0	56.0	0.0	0.0	0.0	0.0	0.0	1.0	0.0	0.0	0.0	0.0	0.0	1.00.0	0.0	0.0	0.0	0.0	0.0	0.0	0.0	0.0
	5p	+	90	12.0	10.0	1.0	13.0	36.0	0.0	2.0	0.0	0.0	0.0	0.0	0.0	0.0	0.0	0.0	0.0	0.00.0	0.0	0.0	0.0	0.0	0.0	0.0	0.0	0.0
	5p	+	91	4.0	0.0	0.0	9.0	13.0	0.0	0.0	0.0	0.0	0.0	0.0	0.0	0.0	0.0	0.0	0.0	0.00.0	0.0	0.0	0.0	0.0	0.0	0.0	0.0	0.0
	5p	+	92	0.0	0.0	0.0	0.0	0.0	0.0	0.0	0.0	0.0	0.0	0.0	0.0	0.0	0.0	0.0	0.0	0.00.0	0.0	0.0	0.0	0.0	0.0	0.0	0.0	0.0
	5p	+	93	0.0	0.0	0.0	0.0	0.0	0.0	0.0	0.0	0.0	0.0	0.0	0.0	0.0	0.0	0.0	0.0	0.00.0	0.0	0.0	0.0	0.0	0.0	0.0	0.0	0.0
	5p	+	94	0.0	0.0	0.0	0.0	0.0	0.0	0.0	0.0	0.0	0.0	0.0	0.0	0.0	0.0	0.0	0.0	0.00.0	0.0	0.0	0.0	0.0	0.0	0.0	0.0	0.0
	5p	+	95	0.0	0.0	0.0	0.0	0.0	0.0	0.0	0.0	0.0	0.0	0.0	0.0	0.0	0.0	0.0	0.0	0.00.0	0.0	0.0	0.0	0.0	0.0	0.0	0.0	0.0
	5p	+	96	0.0	0.0	0.0	0.0	0.0	0.0	0.0	0.0	0.0	0.0	0.0	0.0	0.0	0.0	0.0	0.0	0.00.0	0.0	0.0	0.0	0.0	0.0	0.0	0.0	0.0
	5p	+	97	0.0	0.0	0.0	0.0	0.0	0.0	0.0	0.0	0.0	0.0	0.0	0.0	0.0	0.0	0.0	0.0	0.00.0	0.0	0.0	0.0	0.0	0.0	0.0	0.0	0.0
	5p	+	98	0.0	0.0	0.0	0.0	0.0	0.0	0.0	0.0	0.0	0.0	0.0	0.0	0.0	0.0	0.0	0.0	0.00.0	0.0	0.0	0.0	0.0	0.0	0.0	0.0	0.0
	5p	+	99	0.0	0.0	0.0	0.0	0.0	0.0	0.0	0.0	0.0	0.0	0.0	0.0	0.0	0.0	0.0	0.0	0.00.0	0.0	0.0	0.0	0.0	0.0	0.0	0.0	0.0
	5p	+	100	0.0	0.0	0.0	0.0	0.0	0.0	0.0	0.0	0.0	0.0	0.0	0.0	0.0	0.0	0.0	0.0	0.00.0	0.0	0.0	0.0	0.0	0.0	0.0	0.0	0.0
	5p	-	1	3677.0	2026.0	1559.0	4015.0	11277.0	29.0	270.0	19.0	10.0	12.0	21.0	2.0	10.0	8.0	14.0	6.0	18.00.0	0.0	0.0	0.0	0.0	0.0	0.0	0.0	0.0
	5p	-	2	3664.0	1756.0	2227.0	3630.0	11277.0	23.0	31.0	16.0	7.0	12.0	10.0	5.0	15.0	3.0	6.0	2.0	22.00.0	0.0	0.0	0.0	0.0	0.0	0.0	0.0	0.0
	5p	-	3	3807.0	1975.0	2070.0	3425.0	11277.0	19.0	30.0	24.0	12.0	4.0	4.0	4.0	8.0	11.0	8.0	4.0	9.00.0	0.0	0.0	0.0	0.0	0.0	0.0	0.0	0.0
	5p	-	4	3714.0	1991.0	2177.0	3395.0	11277.0	17.0	20.0	18.0	13.0	8.0	6.0	7.0	7.0	5.0	11.0	5.0	10.00.0	0.0	0.0	0.0	0.0	0.0	0.0	0.0	0.0
	5p	-	5	3742.0	2055.0	2086.0	3388.0	11271.0	16.0	18.0	18.0	13.0	2.0	7.0	5.0	8.0	5.0	9.0	2.0	9.00.0	0.0	0.0	0.0	0.0	0.0	2.0	4.0	0.0
	5p	-	6	3642.0	2069.0	2099.0	3463.0	11273.0	22.0	26.0	23.0	13.0	7.0	7.0	2.0	10.0	4.0	7.0	4.0	13.00.0	0.0	0.0	0.0	0.0	0.0	1.0	1.0	0.0
	5p	-	7	3765.0	2083.0	2065.0	3357.0	11270.0	14.0	10.0	10.0	6.0	6.0	9.0	2.0	6.0	5.0	11.0	5.0	9.00.0	0.0	0.0	0.0	2.0	0.0	0.0	0.0	0.0
	5p	-	8	3925.0	1975.0	1991.0	3377.0	11268.0	21.0	16.0	14.0	9.0	4.0	2.0	4.0	4.0	4.0	3.0	6.0	6.00.0	0.0	0.0	0.0	2.0	0.0	4.0	1.0	0.0
	5p	-	9	3865.0	2085.0	1949.0	3367.0	11266.0	13.0	18.0	16.0	11.0	3.0	6.0	7.0	4.0	4.0	6.0	4.0	14.00.0	0.0	0.0	0.0	3.0	0.0	4.0	2.0	0.0
	5p	-	10	3879.0	2049.0	1958.0	3386.0	11272.0	20.0	23.0	13.0	12.0	4.0	6.0	4.0	5.0	6.0	11.0	6.0	8.00.0	0.0	0.0	0.0	0.0	0.0	2.0	2.0	0.0
	5p	-	11	3732.0	2075.0	2010.0	3454.0	11271.0	19.0	20.0	19.0	6.0	8.0	6.0	3.0	2.0	2.0	5.0	6.0	11.00.0	0.0	0.0	0.0	2.0	0.0	0.0	1.0	0.0
	5p	-	12	3770.0	2105.0	1956.0	3438.0	11269.0	15.0	13.0	18.0	15.0	7.0	6.0	2.0	4.0	5.0	5.0	6.0	13.00.0	0.0	0.0	0.0	4.0	0.0	1.0	1.0	0.0
	5p	-	13	3817.0	2113.0	1896.0	3442.0	11268.0	10.0	21.0	17.0	13.0	11.0	4.0	3.0	6.0	10.0	3.0	3.0	11.00.0	0.0	0.0	0.0	5.0	0.0	2.0	0.0	0.0
	5p	-	14	3729.0	2132.0	1917.0	3491.0	11269.0	13.0	18.0	9.0	10.0	3.0	7.0	4.0	9.0	4.0	6.0	2.0	6.00.0	0.0	0.0	0.0	1.0	0.0	2.0	1.0	0.0
	5p	-	15	3718.0	2091.0	1968.0	3491.0	11268.0	9.0	21.0	12.0	17.0	3.0	5.0	5.0	3.0	5.0	5.0	3.0	9.00.0	0.0	0.0	0.0	2.0	0.0	1.0	2.0	0.0
	5p	-	16	3745.0	2155.0	2027.0	3335.0	11262.0	12.0	12.0	17.0	18.0	8.0	1.0	7.0	2.0	3.0	5.0	5.0	14.00.0	0.0	0.0	0.0	4.0	0.0	2.0	3.0	0.0
	5p	-	17	3783.0	2152.0	1926.0	3404.0	11265.0	15.0	13.0	15.0	22.0	8.0	4.0	8.0	8.0	4.0	6.0	3.0	10.00.0	0.0	0.0	0.0	2.0	0.0	2.0	3.0	0.0
	5p	-	18	3882.0	2098.0	1931.0	3353.0	11264.0	13.0	6.0	20.0	13.0	7.0	2.0	5.0	7.0	4.0	10.0	1.0	12.00.0	0.0	0.0	0.0	6.0	0.0	5.0	1.0	0.0
	5p	-	19	3842.0	2100.0	1944.0	3374.0	11260.0	8.0	9.0	13.0	17.0	4.0	5.0	5.0	7.0	4.0	13.0	4.0	8.00.0	0.0	0.0	0.0	7.0	0.0	1.0	2.0	0.0
	5p	-	20	3855.0	2104.0	1953.0	3352.0	11264.0	12.0	12.0	15.0	10.0	5.0	4.0	3.0	3.0	1.0	8.0	5.0	17.00.0	0.0	0.0	0.0	4.0	0.0	4.0	3.0	0.0
	5p	-	21	3945.0	2062.0	1927.0	3333.0	11267.0	17.0	13.0	15.0	9.0	10.0	2.0	1.0	2.0	4.0	5.0	2.0	9.00.0	0.0	0.0	0.0	3.0	0.0	3.0	2.0	0.0
	5p	-	22	3762.0	2088.0	1942.0	3471.0	11263.0	15.0	18.0	15.0	12.0	3.0	4.0	7.0	5.0	5.0	4.0	8.0	16.00.0	0.0	0.0	0.0	9.0	0.0	2.0	0.0	0.0
	5p	-	23	3883.0	2100.0	1872.0	3410.0	11265.0	18.0	15.0	12.0	15.0	5.0	5.0	4.0	1.0	3.0	7.0	4.0	10.00.0	0.0	0.0	0.0	8.0	0.0	2.0	0.0	0.0
	5p	-	24	3904.0	2081.0	1931.0	3349.0	11265.0	11.0	20.0	19.0	12.0	6.0	6.0	6.0	3.0	4.0	10.0	5.0	12.00.0	0.0	0.0	0.0	6.0	0.0	0.0	3.0	0.0
	5p	-	25	3838.0	2014.0	2040.0	3371.0	11263.0	20.0	15.0	17.0	15.0	5.0	6.0	4.0	2.0	5.0	5.0	2.0	12.00.0	0.0	0.0	0.0	5.0	0.0	2.0	2.0	0.0
	5p	-	26	3921.0	2093.0	1882.0	3369.0	11265.0	17.0	20.0	15.0	14.0	4.0	9.0	2.0	9.0	8.0	1.0	3.0	8.00.0	0.0	0.0	0.0	5.0	0.0	2.0	0.0	0.0
	5p	-	27	3903.0	2034.0	1905.0	3418.0	11260.0	10.0	14.0	23.0	12.0	6.0	5.0	2.0	3.0	8.0	7.0	2.0	13.00.0	0.0	0.0	0.0	13.0	0.0	1.0	1.0	0.0
	5p	-	28	3972.0	2066.0	1880.0	3353.0	11271.0	15.0	16.0	12.0	13.0	6.0	6.0	2.0	7.0	5.0	7.0	4.0	9.00.0	0.0	0.0	0.0	3.0	0.0	1.0	1.0	0.0
	5p	-	29	4088.0	2051.0	1911.0	3221.0	11271.0	18.0	35.0	15.0	19.0	7.0	6.0	2.0	9.0	7.0	2.0	5.0	8.00.0	0.0	0.0	0.0	3.0	0.0	1.0	0.0	0.0
	5p	-	30	4031.0	2023.0	1900.0	3319.0	11273.0	11.0	54.0	13.0	22.0	2.0	9.0	2.0	8.0	3.0	3.0	2.0	16.00.0	0.0	0.0	0.0	2.0	0.0	0.0	1.0	0.0
	5p	-	31	3792.0	1943.0	1810.0	3110.0	10655.0	18.0	50.0	14.0	11.0	6.0	7.0	2.0	13.0	4.0	5.0	1.0	13.00.0	0.0	0.0	0.0	3.0	0.0	0.0	1.0	0.0
	5p	-	32	3605.0	1843.0	1703.0	2911.0	10062.0	8.0	80.0	12.0	10.0	3.0	6.0	4.0	6.0	5.0	4.0	4.0	13.00.0	0.0	0.0	0.0	1.0	0.0	3.0	1.0	0.0
	5p	-	33	3305.0	1714.0	1549.0	2874.0	9442.0	18.0	75.0	14.0	11.0	6.0	7.0	4.0	7.0	0.0	5.0	6.0	8.00.0	0.0	0.0	0.0	2.0	0.0	1.0	0.0	0.0
	5p	-	34	3168.0	1613.0	1437.0	2632.0	8850.0	11.0	59.0	16.0	13.0	5.0	6.0	3.0	6.0	6.0	4.0	3.0	2.00.0	0.0	0.0	0.0	5.0	0.0	0.0	1.0	0.0
	5p	-	35	2996.0	1441.0	1329.0	2569.0	8335.0	11.0	67.0	17.0	8.0	4.0	7.0	2.0	8.0	1.0	3.0	1.0	11.00.0	0.0	0.0	0.0	3.0	0.0	4.0	0.0	0.0
	5p	-	36	2823.0	1401.0	1260.0	2303.0	7787.0	10.0	67.0	11.0	16.0	6.0	6.0	4.0	4.0	2.0	6.0	1.0	12.00.0	0.0	0.0	0.0	5.0	0.0	0.0	1.0	0.0
	5p	-	37	2545.0	1276.0	1217.0	2290.0	7328.0	14.0	56.0	15.0	16.0	7.0	5.0	0.0	6.0	3.0	3.0	3.0	8.00.0	0.0	0.0	0.0	4.0	0.0	0.0	0.0	0.0
	5p	-	38	2497.0	1223.0	1107.0	2000.0	6827.0	6.0	61.0	13.0	13.0	4.0	3.0	1.0	6.0	4.0	2.0	1.0	4.00.0	0.0	0.0	0.0	1.0	0.0	0.0	0.0	0.0
	5p	-	39	2268.0	1118.0	1012.0	1955.0	6353.0	6.0	49.0	11.0	6.0	3.0	2.0	5.0	5.0	1.0	3.0	1.0	8.00.0	0.0	0.0	0.0	2.0	0.0	0.0	0.0	0.0
	5p	-	40	2085.0	1011.0	995.0	1795.0	5886.0	13.0	45.0	10.0	5.0	0.0	2.0	0.0	3.0	5.0	3.0	2.0	6.00.0	0.0	0.0	0.0	1.0	0.0	0.0	0.0	0.0
	5p	-	41	1928.0	997.0	905.0	1655.0	5485.0	10.0	52.0	7.0	7.0	2.0	5.0	0.0	2.0	3.0	3.0	1.0	6.00.0	0.0	0.0	0.0	1.0	0.0	0.0	1.0	0.0
	5p	-	42	1792.0	941.0	815.0	1594.0	5142.0	10.0	41.0	4.0	9.0	3.0	3.0	3.0	3.0	0.0	3.0	2.0	6.00.0	0.0	0.0	0.0	1.0	0.0	0.0	0.0	0.0
	5p	-	43	1717.0	891.0	772.0	1435.0	4815.0	8.0	33.0	7.0	2.0	3.0	4.0	2.0	2.0	0.0	2.0	3.0	5.00.0	0.0	0.0	0.0	1.0	0.0	0.0	0.0	0.0
	5p	-	44	1535.0	816.0	776.0	1379.0	4506.0	10.0	35.0	3.0	4.0	4.0	3.0	2.0	4.0	1.0	6.0	2.0	8.00.0	0.0	0.0	0.0	0.0	0.0	0.0	0.0	0.0
	5p	-	45	1482.0	718.0	685.0	1321.0	4206.0	6.0	29.0	7.0	5.0	0.0	1.0	2.0	2.0	3.0	2.0	2.0	4.00.0	0.0	0.0	0.0	2.0	0.0	0.0	0.0	0.0
	5p	-	46	1330.0	693.0	671.0	1210.0	3904.0	4.0	39.0	7.0	5.0	2.0	7.0	0.0	1.0	2.0	1.0	4.0	6.00.0	0.0	0.0	0.0	4.0	0.0	0.0	1.0	0.0
	5p	-	47	1286.0	651.0	555.0	1162.0	3654.0	5.0	21.0	4.0	7.0	3.0	1.0	0.0	4.0	4.0	0.0	2.0	2.00.0	0.0	0.0	0.0	0.0	0.0	1.0	0.0	0.0
	5p	-	48	1191.0	622.0	515.0	1081.0	3409.0	2.0	24.0	3.0	5.0	1.0	1.0	0.0	2.0	2.0	1.0	0.0	2.00.0	0.0	0.0	0.0	1.0	0.0	1.0	0.0	0.0
	5p	-	49	1089.0	611.0	527.0	960.0	3187.0	5.0	16.0	6.0	5.0	1.0	1.0	3.0	3.0	1.0	2.0	1.0	7.00.0	0.0	0.0	0.0	0.0	0.0	0.0	0.0	0.0
	5p	-	50	1027.0	555.0	493.0	912.0	2987.0	4.0	28.0	5.0	5.0	1.0	4.0	1.0	4.0	1.0	2.0	1.0	0.00.0	0.0	0.0	0.0	0.0	0.0	0.0	1.0	0.0
	5p	-	51	1012.0	486.0	433.0	838.0	2769.0	3.0	17.0	6.0	4.0	1.0	1.0	1.0	1.0	0.0	4.0	1.0	3.00.0	0.0	0.0	0.0	0.0	0.0	0.0	0.0	0.0
	5p	-	52	902.0	473.0	390.0	822.0	2587.0	8.0	29.0	4.0	3.0	0.0	2.0	0.0	5.0	2.0	3.0	0.0	3.00.0	0.0	0.0	0.0	0.0	0.0	1.0	0.0	0.0
	5p	-	53	852.0	456.0	388.0	714.0	2410.0	3.0	13.0	4.0	4.0	2.0	7.0	1.0	2.0	0.0	2.0	1.0	6.00.0	0.0	0.0	0.0	1.0	0.0	0.0	0.0	0.0
	5p	-	54	782.0	424.0	387.0	666.0	2259.0	1.0	14.0	6.0	2.0	1.0	2.0	0.0	0.0	0.0	0.0	0.0	2.00.0	0.0	0.0	0.0	1.0	0.0	0.0	0.0	0.0
	5p	-	55	710.0	395.0	314.0	667.0	2086.0	6.0	13.0	4.0	7.0	0.0	2.0	0.0	2.0	1.0	3.0	0.0	3.00.0	0.0	0.0	0.0	0.0	0.0	0.0	0.0	0.0
	5p	-	56	667.0	353.0	309.0	594.0	1923.0	1.0	9.0	3.0	4.0	3.0	5.0	3.0	3.0	1.0	0.0	1.0	3.00.0	0.0	0.0	0.0	0.0	0.0	0.0	0.0	0.0
	5p	-	57	631.0	317.0	322.0	524.0	1794.0	5.0	10.0	0.0	2.0	3.0	2.0	1.0	2.0	1.0	1.0	0.0	4.00.0	0.0	0.0	0.0	0.0	0.0	0.0	0.0	0.0
	5p	-	58	579.0	329.0	221.0	541.0	1670.0	0.0	12.0	2.0	4.0	0.0	1.0	3.0	0.0	1.0	1.0	0.0	2.00.0	0.0	0.0	0.0	1.0	0.0	1.0	0.0	0.0
	5p	-	59	567.0	259.0	264.0	444.0	1534.0	5.0	16.0	2.0	5.0	1.0	1.0	0.0	0.0	1.0	2.0	1.0	1.00.0	0.0	0.0	0.0	0.0	0.0	0.0	0.0	0.0
	5p	-	60	519.0	246.0	243.0	423.0	1431.0	3.0	12.0	3.0	2.0	3.0	4.0	1.0	2.0	0.0	3.0	0.0	1.00.0	0.0	0.0	0.0	0.0	0.0	0.0	0.0	0.0
	5p	-	61	427.0	252.0	234.0	402.0	1315.0	5.0	11.0	2.0	2.0	4.0	2.0	0.0	0.0	0.0	2.0	1.0	2.00.0	0.0	0.0	0.0	0.0	0.0	0.0	0.0	0.0
	5p	-	62	417.0	209.0	194.0	391.0	1211.0	1.0	5.0	4.0	2.0	0.0	2.0	0.0	1.0	0.0	1.0	0.0	1.00.0	0.0	0.0	0.0	1.0	0.0	0.0	0.0	0.0
	5p	-	63	382.0	203.0	193.0	347.0	1125.0	5.0	9.0	1.0	1.0	0.0	0.0	0.0	2.0	0.0	2.0	0.0	1.00.0	0.0	0.0	0.0	1.0	0.0	0.0	1.0	0.0
	5p	-	64	339.0	218.0	178.0	315.0	1050.0	4.0	5.0	1.0	2.0	1.0	0.0	0.0	2.0	0.0	1.0	0.0	2.00.0	0.0	0.0	0.0	0.0	0.0	0.0	0.0	0.0
	5p	-	65	312.0	223.0	160.0	291.0	986.0	1.0	7.0	2.0	2.0	0.0	2.0	0.0	1.0	0.0	1.0	1.0	2.00.0	0.0	0.0	0.0	0.0	0.0	0.0	0.0	0.0
	5p	-	66	308.0	186.0	140.0	287.0	921.0	1.0	7.0	1.0	2.0	0.0	0.0	1.0	0.0	4.0	0.0	1.0	1.00.0	0.0	0.0	0.0	0.0	0.0	0.0	0.0	0.0
	5p	-	67	307.0	143.0	126.0	274.0	850.0	0.0	7.0	1.0	1.0	0.0	1.0	0.0	0.0	1.0	3.0	0.0	1.00.0	0.0	0.0	0.0	0.0	0.0	0.0	0.0	0.0
	5p	-	68	258.0	162.0	134.0	230.0	784.0	1.0	7.0	1.0	1.0	1.0	2.0	1.0	0.0	0.0	0.0	2.0	0.00.0	0.0	0.0	0.0	1.0	0.0	0.0	0.0	0.0
	5p	-	69	245.0	129.0	133.0	213.0	720.0	2.0	6.0	1.0	2.0	1.0	1.0	0.0	0.0	1.0	1.0	0.0	0.00.0	0.0	0.0	0.0	0.0	0.0	0.0	0.0	0.0
	5p	-	70	214.0	133.0	113.0	212.0	672.0	4.0	3.0	1.0	3.0	2.0	0.0	0.0	0.0	1.0	1.0	0.0	1.00.0	0.0	0.0	0.0	0.0	0.0	0.0	0.0	0.0
	5p	-	71	197.0	112.0	99.0	197.0	605.0	2.0	1.0	1.0	2.0	0.0	0.0	0.0	0.0	1.0	0.0	0.0	1.00.0	0.0	0.0	0.0	0.0	0.0	0.0	0.0	0.0
	5p	-	72	187.0	119.0	87.0	167.0	560.0	1.0	5.0	4.0	1.0	0.0	2.0	0.0	1.0	0.0	0.0	0.0	0.00.0	0.0	0.0	0.0	0.0	0.0	0.0	0.0	0.0
	5p	-	73	167.0	116.0	73.0	154.0	510.0	0.0	8.0	2.0	3.0	0.0	0.0	1.0	0.0	0.0	1.0	0.0	1.00.0	0.0	0.0	0.0	0.0	0.0	0.0	0.0	0.0
	5p	-	74	156.0	92.0	71.0	148.0	467.0	1.0	3.0	0.0	1.0	1.0	0.0	0.0	0.0	0.0	0.0	1.0	0.00.0	0.0	0.0	0.0	0.0	0.0	0.0	0.0	0.0
	5p	-	75	142.0	92.0	76.0	113.0	423.0	1.0	8.0	4.0	0.0	0.0	0.0	0.0	0.0	0.0	0.0	0.0	0.00.0	0.0	0.0	0.0	0.0	0.0	0.0	0.0	0.0
	5p	-	76	127.0	80.0	57.0	122.0	386.0	1.0	5.0	3.0	3.0	1.0	0.0	0.0	1.0	0.0	1.0	1.0	0.00.0	0.0	0.0	0.0	1.0	0.0	0.0	0.0	0.0
	5p	-	77	114.0	77.0	51.0	112.0	354.0	0.0	6.0	0.0	0.0	0.0	0.0	1.0	0.0	0.0	0.0	1.0	0.00.0	0.0	0.0	0.0	0.0	0.0	0.0	0.0	0.0
	5p	-	78	109.0	52.0	45.0	113.0	319.0	2.0	2.0	0.0	2.0	0.0	1.0	0.0	0.0	1.0	0.0	0.0	0.00.0	0.0	0.0	0.0	0.0	0.0	0.0	0.0	0.0
	5p	-	79	97.0	68.0	51.0	71.0	287.0	1.0	1.0	0.0	0.0	1.0	2.0	0.0	0.0	0.0	0.0	0.0	0.00.0	0.0	0.0	0.0	0.0	0.0	0.0	0.0	0.0
	5p	-	80	81.0	51.0	40.0	78.0	250.0	0.0	3.0	0.0	0.0	0.0	0.0	0.0	0.0	0.0	1.0	0.0	0.00.0	0.0	0.0	0.0	0.0	0.0	0.0	0.0	0.0
	5p	-	81	78.0	48.0	34.0	68.0	228.0	1.0	2.0	2.0	0.0	0.0	1.0	0.0	0.0	1.0	0.0	0.0	0.00.0	0.0	0.0	0.0	0.0	0.0	0.0	0.0	0.0
	5p	-	82	65.0	39.0	38.0	60.0	202.0	0.0	3.0	0.0	1.0	0.0	0.0	0.0	0.0	1.0	0.0	0.0	0.00.0	0.0	0.0	0.0	0.0	0.0	0.0	0.0	0.0
	5p	-	83	54.0	38.0	20.0	61.0	173.0	0.0	1.0	0.0	0.0	0.0	0.0	0.0	0.0	0.0	0.0	0.0	0.00.0	0.0	0.0	0.0	0.0	0.0	0.0	0.0	0.0
	5p	-	84	51.0	26.0	26.0	47.0	150.0	0.0	1.0	0.0	1.0	0.0	0.0	0.0	0.0	0.0	0.0	0.0	0.00.0	0.0	0.0	0.0	0.0	0.0	0.0	0.0	0.0
	5p	-	85	43.0	21.0	13.0	54.0	131.0	0.0	0.0	0.0	0.0	1.0	0.0	0.0	0.0	0.0	0.0	0.0	0.00.0	0.0	0.0	0.0	0.0	0.0	0.0	0.0	0.0
	5p	-	86	33.0	31.0	16.0	37.0	117.0	0.0	2.0	0.0	0.0	0.0	0.0	0.0	0.0	0.0	0.0	0.0	0.00.0	0.0	0.0	0.0	0.0	0.0	0.0	0.0	0.0
	5p	-	87	30.0	15.0	22.0	34.0	101.0	0.0	1.0	0.0	0.0	0.0	0.0	0.0	0.0	0.0	0.0	0.0	0.00.0	0.0	0.0	0.0	0.0	0.0	0.0	0.0	0.0
	5p	-	88	25.0	14.0	12.0	26.0	77.0	0.0	0.0	0.0	0.0	0.0	0.0	0.0	0.0	0.0	0.0	0.0	0.00.0	0.0	0.0	0.0	0.0	0.0	0.0	0.0	0.0
	5p	-	89	26.0	8.0	7.0	17.0	58.0	0.0	0.0	0.0	0.0	0.0	0.0	1.0	0.0	0.0	0.0	0.0	0.00.0	0.0	0.0	0.0	0.0	0.0	0.0	0.0	0.0
	5p	-	90	10.0	11.0	4.0	11.0	36.0	0.0	1.0	0.0	0.0	0.0	0.0	0.0	0.0	0.0	0.0	1.0	0.00.0	0.0	0.0	0.0	0.0	0.0	0.0	0.0	0.0
	5p	-	91	5.0	5.0	1.0	8.0	19.0	1.0	1.0	0.0	0.0	0.0	0.0	0.0	0.0	0.0	0.0	0.0	0.00.0	0.0	0.0	0.0	0.0	0.0	0.0	0.0	0.0
	5p	-	92	0.0	0.0	0.0	0.0	0.0	0.0	0.0	0.0	0.0	0.0	0.0	0.0	0.0	0.0	0.0	0.0	0.00.0	0.0	0.0	0.0	0.0	0.0	0.0	0.0	0.0
	5p	-	93	0.0	0.0	0.0	0.0	0.0	0.0	0.0	0.0	0.0	0.0	0.0	0.0	0.0	0.0	0.0	0.0	0.00.0	0.0	0.0	0.0	0.0	0.0	0.0	0.0	0.0
	5p	-	94	0.0	0.0	0.0	0.0	0.0	0.0	0.0	0.0	0.0	0.0	0.0	0.0	0.0	0.0	0.0	0.0	0.00.0	0.0	0.0	0.0	0.0	0.0	0.0	0.0	0.0
	5p	-	95	0.0	0.0	0.0	0.0	0.0	0.0	0.0	0.0	0.0	0.0	0.0	0.0	0.0	0.0	0.0	0.0	0.00.0	0.0	0.0	0.0	0.0	0.0	0.0	0.0	0.0
	5p	-	96	0.0	0.0	0.0	0.0	0.0	0.0	0.0	0.0	0.0	0.0	0.0	0.0	0.0	0.0	0.0	0.0	0.00.0	0.0	0.0	0.0	0.0	0.0	0.0	0.0	0.0
	5p	-	97	0.0	0.0	0.0	0.0	0.0	0.0	0.0	0.0	0.0	0.0	0.0	0.0	0.0	0.0	0.0	0.0	0.00.0	0.0	0.0	0.0	0.0	0.0	0.0	0.0	0.0
	5p	-	98	0.0	0.0	0.0	0.0	0.0	0.0	0.0	0.0	0.0	0.0	0.0	0.0	0.0	0.0	0.0	0.0	0.00.0	0.0	0.0	0.0	0.0	0.0	0.0	0.0	0.0
	5p	-	99	0.0	0.0	0.0	0.0	0.0	0.0	0.0	0.0	0.0	0.0	0.0	0.0	0.0	0.0	0.0	0.0	0.00.0	0.0	0.0	0.0	0.0	0.0	0.0	0.0	0.0
	5p	-	100	0.0	0.0	0.0	0.0	0.0	0.0	0.0	0.0	0.0	0.0	0.0	0.0	0.0	0.0	0.0	0.0	0.00.0	0.0	0.0	0.0	0.0	0.0	0.0	0.0	0.0
