# table produced by DamageProfiler
# using mapped file PaA012.BuffaloCape_Human_nc.Target.rmdup.noMicro.bam
# Sample ID: PaA012.BuffaloCape_Human_nc.Target.rmdup.noMicro.bam
Chr	End	Std	Pos	A	C	G	T	Total
	3p	+	1	4	10	9	8	31
	3p	+	2	5	15	7	4	31
	3p	+	3	9	10	8	4	31
	3p	+	4	4	10	8	9	31
	3p	+	5	8	11	4	8	31
	3p	+	6	5	8	10	8	31
	3p	+	7	3	10	10	8	31
	3p	+	8	6	6	10	9	31
	3p	+	9	10	8	7	6	31
	3p	+	10	7	7	9	8	31
	3p	+	11	6	9	10	6	31
	3p	+	12	7	9	9	6	31
	3p	+	13	5	8	12	6	31
	3p	+	14	6	9	7	9	31
	3p	+	15	6	13	7	5	31
	3p	+	16	3	14	8	6	31
	3p	+	17	6	9	9	7	31
	3p	+	18	8	15	4	4	31
	3p	+	19	8	9	9	5	31
	3p	+	20	9	10	8	4	31
	3p	+	21	4	10	12	5	31
	3p	+	22	5	12	9	5	31
	3p	+	23	6	9	7	9	31
	3p	+	24	7	10	8	6	31
	3p	+	25	6	11	8	6	31
	3p	+	26	9	5	9	8	31
	3p	+	27	5	12	5	9	31
	3p	+	28	7	8	8	8	31
	3p	+	29	8	7	10	6	31
	3p	+	30	7	9	11	4	31
	3p	+	31	4	3	5	9	21
	3p	+	32	1	3	4	5	13
	3p	+	33	1	3	2	5	11
	3p	+	34	2	4	4	1	11
	3p	+	35	2	2	2	3	9
	3p	+	36	3	1	1	2	7
	3p	+	37	1	4	0	0	5
	3p	+	38	1	3	1	0	5
	3p	+	39	0	2	0	3	5
	3p	+	40	1	2	1	1	5
	3p	+	41	0	4	1	0	5
	3p	+	42	1	1	1	1	4
	3p	+	43	2	1	1	0	4
	3p	+	44	0	2	1	1	4
	3p	+	45	0	1	2	1	4
	3p	+	46	1	1	1	1	4
	3p	+	47	0	1	1	2	4
	3p	+	48	0	0	2	2	4
	3p	+	49	0	2	2	0	4
	3p	+	50	1	1	0	1	3
	3p	+	51	0	3	0	0	3
	3p	+	52	0	1	1	1	3
	3p	+	53	0	0	1	2	3
	3p	+	54	1	2	0	0	3
	3p	+	55	1	1	1	0	3
	3p	+	56	0	1	1	1	3
	3p	+	57	2	0	0	1	3
	3p	+	58	0	3	0	0	3
	3p	+	59	0	2	0	1	3
	3p	+	60	2	0	0	0	2
	3p	+	61	0	1	0	1	2
	3p	+	62	1	0	1	0	2
	3p	+	63	1	1	0	0	2
	3p	+	64	0	1	1	0	2
	3p	+	65	1	0	1	0	2
	3p	+	66	0	1	1	0	2
	3p	+	67	2	0	0	0	2
	3p	+	68	1	1	0	0	2
	3p	+	69	0	1	0	1	2
	3p	+	70	1	0	0	1	2
	3p	+	71	2	0	0	0	2
	3p	+	72	0	0	2	0	2
	3p	+	73	0	0	1	1	2
	3p	+	74	2	0	0	0	2
	3p	+	75	0	1	0	1	2
	3p	+	76	0	1	0	1	2
	3p	+	77	0	1	0	1	2
	3p	+	78	0	2	0	0	2
	3p	+	79	1	0	0	1	2
	3p	+	80	0	0	1	1	2
	3p	+	81	0	0	1	1	2
	3p	+	82	0	0	1	1	2
	3p	+	83	0	0	0	2	2
	3p	+	84	0	0	1	1	2
	3p	+	85	1	0	0	1	2
	3p	+	86	0	2	0	0	2
	3p	+	87	0	1	0	1	2
	3p	+	88	0	1	1	0	2
	3p	+	89	1	0	0	1	2
	3p	+	90	0	1	1	0	2
	3p	+	91	0	0	0	2	2
	3p	+	92	1	1	0	0	2
	3p	+	93	1	0	0	1	2
	3p	+	94	0	0	2	0	2
	3p	+	95	0	0	0	1	1
	3p	+	96	1	0	0	0	1
	3p	+	97	1	0	0	0	1
	3p	+	98	0	0	1	0	1
	3p	+	99	0	0	0	1	1
	3p	+	100	0	0	1	0	1
	3p	-	1	3	9	4	3	19
	3p	-	2	3	10	4	2	19
	3p	-	3	6	5	5	3	19
	3p	-	4	5	6	4	4	19
	3p	-	5	1	5	9	4	19
	3p	-	6	8	5	4	2	19
	3p	-	7	4	7	3	5	19
	3p	-	8	6	9	4	0	19
	3p	-	9	5	7	7	0	19
	3p	-	10	5	7	5	2	19
	3p	-	11	4	7	6	2	19
	3p	-	12	2	6	6	5	19
	3p	-	13	2	9	4	4	19
	3p	-	14	3	7	6	3	19
	3p	-	15	5	7	6	1	19
	3p	-	16	4	10	1	4	19
	3p	-	17	4	6	8	1	19
	3p	-	18	5	4	6	4	19
	3p	-	19	5	5	6	3	19
	3p	-	20	4	7	3	5	19
	3p	-	21	4	7	5	3	19
	3p	-	22	5	8	3	3	19
	3p	-	23	5	9	2	3	19
	3p	-	24	4	7	6	2	19
	3p	-	25	6	4	5	4	19
	3p	-	26	3	7	3	6	19
	3p	-	27	4	10	3	2	19
	3p	-	28	2	3	8	6	19
	3p	-	29	4	6	7	2	19
	3p	-	30	7	7	3	2	19
	3p	-	31	3	1	3	1	8
	3p	-	32	2	4	0	0	6
	3p	-	33	0	3	1	1	5
	3p	-	34	2	1	1	0	4
	3p	-	35	1	0	1	0	2
	3p	-	36	2	0	0	0	2
	3p	-	37	0	0	2	0	2
	3p	-	38	1	0	1	0	2
	3p	-	39	2	0	0	0	2
	3p	-	40	0	0	2	0	2
	3p	-	41	1	0	1	0	2
	3p	-	42	0	1	0	1	2
	3p	-	43	1	0	1	0	2
	3p	-	44	1	0	1	0	2
	3p	-	45	1	1	0	0	2
	3p	-	46	1	1	0	0	2
	3p	-	47	0	0	2	0	2
	3p	-	48	0	0	2	0	2
	3p	-	49	1	0	1	0	2
	3p	-	50	1	0	1	0	2
	3p	-	51	1	0	1	0	2
	3p	-	52	1	1	0	0	2
	3p	-	53	0	2	0	0	2
	3p	-	54	0	1	0	1	2
	3p	-	55	1	0	0	1	2
	3p	-	56	1	1	0	0	2
	3p	-	57	1	1	0	0	2
	3p	-	58	1	0	0	1	2
	3p	-	59	1	1	0	0	2
	3p	-	60	0	1	1	0	2
	3p	-	61	1	0	0	1	2
	3p	-	62	0	1	1	0	2
	3p	-	63	0	1	0	1	2
	3p	-	64	1	0	0	1	2
	3p	-	65	0	1	0	1	2
	3p	-	66	2	0	0	0	2
	3p	-	67	1	0	1	0	2
	3p	-	68	1	0	1	0	2
	3p	-	69	1	0	0	1	2
	3p	-	70	1	1	0	0	2
	3p	-	71	1	1	0	0	2
	3p	-	72	2	0	0	0	2
	3p	-	73	0	1	1	0	2
	3p	-	74	1	0	1	0	2
	3p	-	75	0	1	0	1	2
	3p	-	76	1	1	0	0	2
	3p	-	77	2	0	0	0	2
	3p	-	78	1	1	0	0	2
	3p	-	79	1	0	0	1	2
	3p	-	80	0	1	1	0	2
	3p	-	81	2	0	0	0	2
	3p	-	82	0	1	1	0	2
	3p	-	83	0	1	0	0	1
	3p	-	84	0	1	0	0	1
	3p	-	85	1	0	0	0	1
	3p	-	86	0	1	0	0	1
	3p	-	87	0	0	0	1	1
	3p	-	88	1	0	0	0	1
	3p	-	89	0	1	0	0	1
	3p	-	90	0	0	1	0	1
	3p	-	91	1	0	0	0	1
	3p	-	92	0	0	0	1	1
	3p	-	93	1	0	0	0	1
	3p	-	94	0	1	0	0	1
	3p	-	95	0	0	1	0	1
	3p	-	96	0	0	0	1	1
	3p	-	97	0	0	0	1	1
	3p	-	98	0	0	1	0	1
	3p	-	99	0	0	1	0	1
	3p	-	100	0	0	0	1	1
	5p	+	1	7	11	10	3	31
	5p	+	2	7	6	9	9	31
	5p	+	3	5	8	8	10	31
	5p	+	4	3	11	10	7	31
	5p	+	5	6	8	8	9	31
	5p	+	6	6	9	6	10	31
	5p	+	7	12	7	7	5	31
	5p	+	8	6	10	10	5	31
	5p	+	9	3	12	8	8	31
	5p	+	10	4	7	11	9	31
	5p	+	11	7	12	5	7	31
	5p	+	12	2	7	12	10	31
	5p	+	13	8	12	7	4	31
	5p	+	14	4	14	6	7	31
	5p	+	15	3	13	8	7	31
	5p	+	16	9	5	14	3	31
	5p	+	17	5	15	6	5	31
	5p	+	18	4	11	7	9	31
	5p	+	19	7	10	7	7	31
	5p	+	20	8	9	6	8	31
	5p	+	21	3	14	10	4	31
	5p	+	22	12	3	9	7	31
	5p	+	23	3	11	6	11	31
	5p	+	24	7	10	11	3	31
	5p	+	25	1	4	15	11	31
	5p	+	26	9	10	7	5	31
	5p	+	27	5	14	6	6	31
	5p	+	28	7	9	9	6	31
	5p	+	29	5	14	7	5	31
	5p	+	30	5	11	8	7	31
	5p	+	31	4	7	6	4	21
	5p	+	32	4	3	1	5	13
	5p	+	33	3	4	2	2	11
	5p	+	34	2	3	3	3	11
	5p	+	35	2	6	1	0	9
	5p	+	36	2	3	1	1	7
	5p	+	37	0	2	0	3	5
	5p	+	38	2	1	0	2	5
	5p	+	39	1	1	3	0	5
	5p	+	40	0	0	4	1	5
	5p	+	41	1	2	0	2	5
	5p	+	42	3	0	0	1	4
	5p	+	43	2	0	1	1	4
	5p	+	44	0	2	1	1	4
	5p	+	45	0	3	0	1	4
	5p	+	46	1	1	0	2	4
	5p	+	47	1	1	1	1	4
	5p	+	48	1	2	1	0	4
	5p	+	49	2	0	1	1	4
	5p	+	50	1	1	1	0	3
	5p	+	51	1	1	0	1	3
	5p	+	52	1	0	1	1	3
	5p	+	53	0	1	0	2	3
	5p	+	54	0	2	0	1	3
	5p	+	55	3	0	0	0	3
	5p	+	56	1	2	0	0	3
	5p	+	57	1	1	0	1	3
	5p	+	58	1	0	2	0	3
	5p	+	59	2	1	0	0	3
	5p	+	60	0	1	1	0	2
	5p	+	61	0	1	0	1	2
	5p	+	62	0	1	1	0	2
	5p	+	63	1	1	0	0	2
	5p	+	64	1	1	0	0	2
	5p	+	65	0	0	1	1	2
	5p	+	66	0	0	2	0	2
	5p	+	67	2	0	0	0	2
	5p	+	68	1	0	1	0	2
	5p	+	69	0	0	0	2	2
	5p	+	70	0	2	0	0	2
	5p	+	71	0	0	0	2	2
	5p	+	72	1	0	1	0	2
	5p	+	73	0	2	0	0	2
	5p	+	74	0	2	0	0	2
	5p	+	75	1	1	0	0	2
	5p	+	76	1	0	1	0	2
	5p	+	77	1	0	0	1	2
	5p	+	78	1	0	0	1	2
	5p	+	79	0	1	1	0	2
	5p	+	80	0	1	0	1	2
	5p	+	81	0	1	0	1	2
	5p	+	82	1	1	0	0	2
	5p	+	83	0	0	0	2	2
	5p	+	84	0	0	1	1	2
	5p	+	85	0	0	0	2	2
	5p	+	86	2	0	0	0	2
	5p	+	87	0	0	1	1	2
	5p	+	88	1	0	1	0	2
	5p	+	89	1	0	0	1	2
	5p	+	90	0	1	0	1	2
	5p	+	91	1	0	0	1	2
	5p	+	92	2	0	0	0	2
	5p	+	93	1	0	1	0	2
	5p	+	94	0	0	1	1	2
	5p	+	95	0	0	1	0	1
	5p	+	96	0	1	0	0	1
	5p	+	97	1	0	0	0	1
	5p	+	98	0	0	1	0	1
	5p	+	99	0	0	0	1	1
	5p	+	100	1	0	0	0	1
	5p	-	1	6	6	4	3	19
	5p	-	2	6	7	5	1	19
	5p	-	3	2	6	9	2	19
	5p	-	4	5	7	4	3	19
	5p	-	5	2	7	3	7	19
	5p	-	6	4	3	7	5	19
	5p	-	7	3	9	4	3	19
	5p	-	8	5	11	0	3	19
	5p	-	9	7	7	4	1	19
	5p	-	10	7	7	3	2	19
	5p	-	11	4	7	4	4	19
	5p	-	12	5	6	6	2	19
	5p	-	13	6	4	5	4	19
	5p	-	14	5	7	4	3	19
	5p	-	15	5	7	4	3	19
	5p	-	16	5	6	7	1	19
	5p	-	17	4	7	6	2	19
	5p	-	18	3	7	6	3	19
	5p	-	19	4	7	5	3	19
	5p	-	20	2	6	8	3	19
	5p	-	21	4	10	3	2	19
	5p	-	22	3	4	7	5	19
	5p	-	23	6	8	4	1	19
	5p	-	24	4	9	3	3	19
	5p	-	25	9	3	4	3	19
	5p	-	26	1	8	7	3	19
	5p	-	27	4	7	4	4	19
	5p	-	28	6	6	2	5	19
	5p	-	29	2	12	4	1	19
	5p	-	30	5	7	5	2	19
	5p	-	31	2	1	3	2	8
	5p	-	32	0	2	3	1	6
	5p	-	33	2	3	0	0	5
	5p	-	34	1	2	1	0	4
	5p	-	35	0	1	1	0	2
	5p	-	36	0	1	1	0	2
	5p	-	37	1	1	0	0	2
	5p	-	38	1	1	0	0	2
	5p	-	39	0	0	1	1	2
	5p	-	40	1	1	0	0	2
	5p	-	41	1	1	0	0	2
	5p	-	42	2	0	0	0	2
	5p	-	43	0	0	1	1	2
	5p	-	44	1	0	1	0	2
	5p	-	45	1	0	1	0	2
	5p	-	46	1	0	1	0	2
	5p	-	47	1	1	0	0	2
	5p	-	48	2	0	0	0	2
	5p	-	49	0	0	1	1	2
	5p	-	50	0	1	1	0	2
	5p	-	51	1	1	0	0	2
	5p	-	52	2	0	0	0	2
	5p	-	53	1	0	0	1	2
	5p	-	54	0	0	1	1	2
	5p	-	55	1	0	0	1	2
	5p	-	56	1	0	1	0	2
	5p	-	57	2	0	0	0	2
	5p	-	58	1	0	1	0	2
	5p	-	59	0	1	0	1	2
	5p	-	60	1	1	0	0	2
	5p	-	61	1	1	0	0	2
	5p	-	62	1	1	0	0	2
	5p	-	63	1	0	0	1	2
	5p	-	64	0	1	0	1	2
	5p	-	65	1	1	0	0	2
	5p	-	66	0	1	1	0	2
	5p	-	67	1	0	0	1	2
	5p	-	68	0	1	1	0	2
	5p	-	69	1	0	1	0	2
	5p	-	70	0	1	1	0	2
	5p	-	71	0	1	1	0	2
	5p	-	72	2	0	0	0	2
	5p	-	73	0	1	1	0	2
	5p	-	74	2	0	0	0	2
	5p	-	75	1	0	1	0	2
	5p	-	76	0	1	0	1	2
	5p	-	77	0	0	2	0	2
	5p	-	78	1	0	1	0	2
	5p	-	79	2	0	0	0	2
	5p	-	80	1	0	1	0	2
	5p	-	81	1	0	1	0	2
	5p	-	82	1	1	0	0	2
	5p	-	83	0	0	1	0	1
	5p	-	84	1	0	0	0	1
	5p	-	85	0	0	1	0	1
	5p	-	86	1	0	0	0	1
	5p	-	87	0	0	1	0	1
	5p	-	88	0	0	1	0	1
	5p	-	89	1	0	0	0	1
	5p	-	90	0	0	1	0	1
	5p	-	91	0	0	0	1	1
	5p	-	92	0	1	0	0	1
	5p	-	93	0	0	0	1	1
	5p	-	94	0	0	0	1	1
	5p	-	95	0	0	1	0	1
	5p	-	96	0	0	0	1	1
	5p	-	97	0	0	1	0	1
	5p	-	98	0	0	0	1	1
	5p	-	99	0	0	1	0	1
	5p	-	100	0	1	0	0	1
