# table produced by DamageProfiler
# using mapped file RmA004.GrysbokCape_Human_nc.Target.rmdup.noMicro.bam
# Sample ID: RmA004.GrysbokCape_Human_nc.Target.rmdup.noMicro.bam
Chr	End	Std	Pos	A	C	G	T	Total
	3p	+	1	85864	28902	39033	60269	214068
	3p	+	2	74924	41775	40998	56371	214068
	3p	+	3	73003	39122	44347	57596	214068
	3p	+	4	73356	37163	43287	60262	214068
	3p	+	5	72924	36014	43875	61255	214068
	3p	+	6	72629	36914	43667	60858	214068
	3p	+	7	70658	38934	41954	62522	214068
	3p	+	8	69845	39535	41674	63014	214068
	3p	+	9	68802	40042	41914	63310	214068
	3p	+	10	67976	40984	41434	63674	214068
	3p	+	11	67033	41295	41402	64338	214068
	3p	+	12	67017	41400	41998	63653	214068
	3p	+	13	67282	40707	41965	64114	214068
	3p	+	14	67007	41365	42016	63680	214068
	3p	+	15	67241	41197	41925	63705	214068
	3p	+	16	66690	41348	42139	63891	214068
	3p	+	17	66497	41576	41684	64311	214068
	3p	+	18	66760	41662	41723	63923	214068
	3p	+	19	66122	41697	42053	64196	214068
	3p	+	20	66455	41485	41886	64242	214068
	3p	+	21	65992	42087	41967	64022	214068
	3p	+	22	66009	41995	41546	64518	214068
	3p	+	23	66627	41382	41684	64375	214068
	3p	+	24	66606	41386	41997	64079	214068
	3p	+	25	67064	41140	42359	63505	214068
	3p	+	26	66568	41423	42265	63812	214068
	3p	+	27	66530	41421	42311	63806	214068
	3p	+	28	66448	41422	42526	63672	214068
	3p	+	29	66748	40952	42614	63754	214068
	3p	+	30	66551	40748	42699	64070	214068
	3p	+	31	64380	39373	40969	61942	206664
	3p	+	32	62415	37693	39432	59440	198980
	3p	+	33	59915	36182	38122	57098	191317
	3p	+	34	57658	34583	36255	55058	183554
	3p	+	35	55503	32913	34969	52435	175820
	3p	+	36	53376	31260	33526	50088	168250
	3p	+	37	50926	30211	31575	47969	160681
	3p	+	38	47838	28831	30394	46174	153237
	3p	+	39	45983	27688	28846	43592	146109
	3p	+	40	43649	26341	27199	41736	138925
	3p	+	41	41305	25001	26255	39432	131993
	3p	+	42	39642	23477	24745	37200	125064
	3p	+	43	37314	22214	23278	35428	118234
	3p	+	44	35069	21124	22068	33502	111763
	3p	+	45	33192	19893	21149	31534	105768
	3p	+	46	31602	18703	19651	29841	99797
	3p	+	47	29897	17568	18789	28122	94376
	3p	+	48	28247	16632	17477	26840	89196
	3p	+	49	26422	15872	16740	25252	84286
	3p	+	50	25055	15059	15762	23772	79648
	3p	+	51	23677	14209	15071	22263	75220
	3p	+	52	22180	13521	14144	21191	71036
	3p	+	53	21204	12813	13193	19818	67028
	3p	+	54	19728	12094	12693	18748	63263
	3p	+	55	18780	11499	11782	17786	59847
	3p	+	56	17565	10925	11139	17043	56672
	3p	+	57	16423	10424	10750	16055	53652
	3p	+	58	15799	9826	10052	15270	50947
	3p	+	59	14948	9388	9571	14394	48301
	3p	+	60	14222	8942	9016	13652	45832
	3p	+	61	13370	8467	8720	12933	43490
	3p	+	62	12645	7967	8183	12482	41277
	3p	+	63	12176	7558	7801	11658	39193
	3p	+	64	11270	7333	7491	11208	37302
	3p	+	65	11090	6717	7130	10687	35624
	3p	+	66	10352	6625	6831	10064	33872
	3p	+	67	9933	6326	6466	9613	32338
	3p	+	68	9483	6038	6034	9308	30863
	3p	+	69	9149	5745	5871	8770	29535
	3p	+	70	8560	5661	5522	8524	28267
	3p	+	71	8191	5365	5391	8043	26990
	3p	+	72	7796	5112	5208	7722	25838
	3p	+	73	7431	4790	4994	7452	24667
	3p	+	74	7209	4630	4708	7075	23622
	3p	+	75	6915	4553	4462	6748	22678
	3p	+	76	6605	4352	4402	6409	21768
	3p	+	77	6373	4192	4238	6137	20940
	3p	+	78	5974	4121	3997	5995	20087
	3p	+	79	5842	3938	3827	5679	19286
	3p	+	80	5671	3675	3711	5514	18571
	3p	+	81	5526	3490	3448	5418	17882
	3p	+	82	5074	3458	3453	5220	17205
	3p	+	83	5021	3327	3301	4890	16539
	3p	+	84	4785	3188	3157	4753	15883
	3p	+	85	4583	3047	3078	4617	15325
	3p	+	86	4453	2986	2968	4403	14810
	3p	+	87	4283	2821	2826	4346	14276
	3p	+	88	4145	2795	2773	4064	13777
	3p	+	89	4030	2678	2602	3975	13285
	3p	+	90	3870	2637	2559	3760	12826
	3p	+	91	3744	2490	2474	3710	12418
	3p	+	92	3620	2400	2443	3564	12027
	3p	+	93	3534	2370	2316	3457	11677
	3p	+	94	3424	2207	2255	3436	11322
	3p	+	95	3262	2231	2162	3302	10957
	3p	+	96	3165	2179	2137	3167	10648
	3p	+	97	3140	2075	2087	3044	10346
	3p	+	98	3101	1978	1959	3011	10049
	3p	+	99	3028	1972	1982	2791	9773
	3p	+	100	2859	1874	1892	2866	9491
	3p	-	1	87010	28741	38552	60281	214584
	3p	-	2	75378	42004	41166	56036	214584
	3p	-	3	73145	38898	44227	58314	214584
	3p	-	4	73931	36772	43738	60143	214584
	3p	-	5	73686	35687	44109	61102	214584
	3p	-	6	73126	36915	43335	61208	214584
	3p	-	7	71196	38962	42111	62315	214584
	3p	-	8	70595	39665	41666	62658	214584
	3p	-	9	69231	40092	41967	63294	214584
	3p	-	10	68489	40735	41627	63733	214584
	3p	-	11	66907	41590	42164	63923	214584
	3p	-	12	67380	41205	42002	63997	214584
	3p	-	13	67437	40977	41909	64261	214584
	3p	-	14	67384	41238	42095	63867	214584
	3p	-	15	67258	41141	42077	64108	214584
	3p	-	16	67086	41793	41655	64050	214584
	3p	-	17	66477	41549	41912	64646	214584
	3p	-	18	66814	41792	42054	63924	214584
	3p	-	19	66992	41321	41939	64332	214584
	3p	-	20	66426	41727	42120	64311	214584
	3p	-	21	66179	41717	42286	64402	214584
	3p	-	22	66608	41632	42237	64107	214584
	3p	-	23	66752	41595	42052	64185	214584
	3p	-	24	67477	41340	42272	63495	214584
	3p	-	25	67410	41326	42167	63681	214584
	3p	-	26	67005	41392	42790	63397	214584
	3p	-	27	67136	41161	42435	63852	214584
	3p	-	28	66554	41484	43112	63434	214584
	3p	-	29	66801	40842	43042	63899	214584
	3p	-	30	67074	40778	42932	63800	214584
	3p	-	31	64694	39399	41080	61966	207139
	3p	-	32	62223	38080	39507	59634	199444
	3p	-	33	59831	36457	37992	57486	191766
	3p	-	34	57965	34848	36570	54763	184146
	3p	-	35	55680	32994	35357	52341	176372
	3p	-	36	53263	31485	33633	50325	168706
	3p	-	37	50883	30215	32015	48056	161169
	3p	-	38	49066	28769	30354	45411	153600
	3p	-	39	46213	27639	29125	43198	146175
	3p	-	40	44325	25896	27726	41125	139072
	3p	-	41	41460	24802	26471	39248	131981
	3p	-	42	39735	23357	24688	37468	125248
	3p	-	43	37386	22272	23563	35489	118710
	3p	-	44	35426	20903	22461	33542	112332
	3p	-	45	33583	19689	21212	31699	106183
	3p	-	46	31676	18876	19961	29869	100382
	3p	-	47	30008	17882	18982	28081	94953
	3p	-	48	28350	16654	18007	26771	89782
	3p	-	49	27066	15822	16828	25208	84924
	3p	-	50	25373	15056	15744	23971	80144
	3p	-	51	23539	14410	14970	22691	75610
	3p	-	52	22394	13554	14235	21213	71396
	3p	-	53	21254	12852	13415	19913	67434
	3p	-	54	19789	12112	12534	19347	63782
	3p	-	55	19001	11527	11958	17869	60355
	3p	-	56	17811	10925	11396	16968	57100
	3p	-	57	16750	10271	10873	16188	54082
	3p	-	58	15963	9867	10145	15307	51282
	3p	-	59	15238	9380	9605	14431	48654
	3p	-	60	14278	8989	9127	13728	46122
	3p	-	61	13382	8405	8857	13163	43807
	3p	-	62	12899	8237	8229	12225	41590
	3p	-	63	12271	7694	7816	11720	39501
	3p	-	64	11554	7319	7446	11144	37463
	3p	-	65	10799	7107	7031	10674	35611
	3p	-	66	10357	6568	6935	10138	33998
	3p	-	67	9975	6321	6596	9616	32508
	3p	-	68	9367	6177	6222	9255	31021
	3p	-	69	8949	5764	6049	8864	29626
	3p	-	70	8612	5522	5733	8415	28282
	3p	-	71	8158	5345	5422	8120	27045
	3p	-	72	7786	5184	5368	7547	25885
	3p	-	73	7614	4889	4934	7345	24782
	3p	-	74	7140	4718	4775	7062	23695
	3p	-	75	6981	4445	4564	6792	22782
	3p	-	76	6707	4404	4279	6462	21852
	3p	-	77	6343	4204	4291	6096	20934
	3p	-	78	6071	3938	4102	5986	20097
	3p	-	79	5856	3845	3907	5704	19312
	3p	-	80	5571	3817	3685	5519	18592
	3p	-	81	5413	3533	3557	5351	17854
	3p	-	82	5054	3467	3566	5128	17215
	3p	-	83	4971	3399	3311	4910	16591
	3p	-	84	4826	3231	3213	4709	15979
	3p	-	85	4593	3099	3092	4614	15398
	3p	-	86	4465	3007	3058	4359	14889
	3p	-	87	4292	2904	2910	4228	14334
	3p	-	88	4149	2796	2860	4050	13855
	3p	-	89	3982	2667	2667	4052	13368
	3p	-	90	3802	2661	2592	3852	12907
	3p	-	91	3708	2586	2491	3742	12527
	3p	-	92	3596	2532	2410	3586	12124
	3p	-	93	3562	2370	2322	3489	11743
	3p	-	94	3399	2342	2237	3405	11383
	3p	-	95	3367	2225	2237	3190	11019
	3p	-	96	3214	2209	2151	3103	10677
	3p	-	97	3127	2201	2049	2965	10342
	3p	-	98	3035	2027	1980	2959	10001
	3p	-	99	2978	2025	1951	2757	9711
	3p	-	100	2832	1941	1869	2788	9430
	5p	+	1	74819	34628	38208	66413	214068
	5p	+	2	69760	34350	44538	65418	214066
	5p	+	3	68569	38463	44167	62869	214068
	5p	+	4	67259	41011	44952	60846	214068
	5p	+	5	66442	40933	44408	62285	214068
	5p	+	6	64548	41803	44747	62970	214068
	5p	+	7	67849	40821	42897	62501	214068
	5p	+	8	68352	40895	42144	62677	214068
	5p	+	9	67569	40960	41740	63799	214068
	5p	+	10	67224	41645	41999	63200	214068
	5p	+	11	66887	41601	42005	63575	214068
	5p	+	12	66321	41686	42004	64057	214068
	5p	+	13	66781	41093	42157	64037	214068
	5p	+	14	66473	41587	41935	64073	214068
	5p	+	15	66447	41909	41746	63966	214068
	5p	+	16	66561	41938	41785	63784	214068
	5p	+	17	66464	41864	42184	63556	214068
	5p	+	18	66590	41795	41844	63839	214068
	5p	+	19	66488	41659	41931	63990	214068
	5p	+	20	66147	41719	42021	64181	214068
	5p	+	21	65768	41983	42130	64187	214068
	5p	+	22	66243	41399	41938	64488	214068
	5p	+	23	66658	41564	41916	63930	214068
	5p	+	24	66805	41584	41921	63758	214068
	5p	+	25	67258	41260	41641	63909	214068
	5p	+	26	67503	41066	41909	63590	214068
	5p	+	27	68070	40767	42311	62920	214068
	5p	+	28	68392	40660	42038	62978	214068
	5p	+	29	68646	40437	42354	62631	214068
	5p	+	30	69349	39871	42190	62658	214068
	5p	+	31	66735	38698	40535	60696	206664
	5p	+	32	64502	37432	38934	58112	198980
	5p	+	33	62028	35709	37652	55928	191317
	5p	+	34	59822	33850	36256	53626	183554
	5p	+	35	57178	32702	34389	51551	175820
	5p	+	36	54865	31117	32885	49383	168250
	5p	+	37	52441	29476	31653	47111	160681
	5p	+	38	50087	28049	30219	44882	153237
	5p	+	39	47930	26600	28653	42926	146109
	5p	+	40	45421	25359	27437	40708	138925
	5p	+	41	42861	24462	25964	38706	131993
	5p	+	42	40622	22941	24581	36920	125064
	5p	+	43	38121	22010	23035	35068	118234
	5p	+	44	36260	20515	21901	33087	111763
	5p	+	45	34475	19405	20574	31314	105768
	5p	+	46	32372	18412	19416	29597	99797
	5p	+	47	30452	17495	18441	27988	94376
	5p	+	48	29031	16427	17337	26401	89196
	5p	+	49	27028	15642	16469	25147	84286
	5p	+	50	25456	14792	15752	23648	79648
	5p	+	51	24238	13897	14876	22209	75220
	5p	+	52	22541	13253	13913	21329	71036
	5p	+	53	21380	12515	13202	19931	67028
	5p	+	54	20276	11833	12598	18556	63263
	5p	+	55	19110	11388	11697	17652	59847
	5p	+	56	18117	10631	11200	16724	56672
	5p	+	57	17033	9988	10636	15995	53652
	5p	+	58	16175	9631	10107	15034	50947
	5p	+	59	15413	9119	9587	14182	48301
	5p	+	60	14653	8688	8991	13500	45832
	5p	+	61	13729	8246	8761	12754	43490
	5p	+	62	13054	7942	8099	12182	41277
	5p	+	63	12209	7439	7722	11823	39193
	5p	+	64	11586	7171	7389	11156	37302
	5p	+	65	11193	6795	7094	10542	35624
	5p	+	66	10512	6380	6817	10163	33872
	5p	+	67	10195	6131	6459	9553	32338
	5p	+	68	9668	6020	6130	9045	30863
	5p	+	69	9459	5622	5814	8640	29535
	5p	+	70	8815	5544	5618	8290	28267
	5p	+	71	8484	5154	5352	8000	26990
	5p	+	72	8091	4965	5303	7479	25838
	5p	+	73	7624	4790	4914	7339	24667
	5p	+	74	7248	4689	4682	7003	23622
	5p	+	75	7147	4327	4435	6769	22678
	5p	+	76	6809	4172	4340	6447	21768
	5p	+	77	6553	4043	4173	6171	20940
	5p	+	78	6152	3894	4073	5968	20087
	5p	+	79	5936	3743	3830	5777	19286
	5p	+	80	5767	3726	3641	5437	18571
	5p	+	81	5528	3600	3448	5306	17882
	5p	+	82	5311	3400	3426	5068	17205
	5p	+	83	5122	3247	3314	4856	16539
	5p	+	84	4918	3091	3189	4685	15883
	5p	+	85	4700	3041	3115	4469	15325
	5p	+	86	4524	2903	2998	4385	14810
	5p	+	87	4373	2858	2837	4208	14276
	5p	+	88	4297	2751	2754	3975	13777
	5p	+	89	4186	2657	2620	3822	13285
	5p	+	90	3953	2568	2579	3726	12826
	5p	+	91	3836	2483	2460	3639	12418
	5p	+	92	3658	2430	2389	3550	12027
	5p	+	93	3677	2379	2279	3342	11677
	5p	+	94	3584	2263	2188	3287	11322
	5p	+	95	3330	2160	2232	3235	10957
	5p	+	96	3256	2134	2106	3152	10648
	5p	+	97	3136	2063	2075	3072	10346
	5p	+	98	3063	2013	2006	2967	10049
	5p	+	99	2966	1955	2003	2849	9773
	5p	+	100	2913	1913	1855	2810	9491
	5p	-	1	74838	34991	38218	66537	214584
	5p	-	2	69636	34563	44792	65588	214579
	5p	-	3	69026	38250	44511	62797	214584
	5p	-	4	67499	41398	45172	60515	214584
	5p	-	5	66441	40959	44517	62667	214584
	5p	-	6	64863	41701	45063	62957	214584
	5p	-	7	68007	40426	43206	62945	214584
	5p	-	8	68740	40505	42585	62754	214584
	5p	-	9	68151	41006	42041	63386	214584
	5p	-	10	67305	41799	42094	63386	214584
	5p	-	11	67045	41670	42139	63730	214584
	5p	-	12	66761	41945	42476	63402	214584
	5p	-	13	66738	41758	42347	63741	214584
	5p	-	14	67040	41846	41868	63830	214584
	5p	-	15	66837	41683	42138	63926	214584
	5p	-	16	67008	41920	42014	63642	214584
	5p	-	17	66475	41804	42240	64065	214584
	5p	-	18	66464	42071	42182	63867	214584
	5p	-	19	66696	41547	42398	63943	214584
	5p	-	20	66394	41555	42305	64330	214584
	5p	-	21	66588	42025	42109	63862	214584
	5p	-	22	66946	41379	42105	64154	214584
	5p	-	23	67029	41329	42227	63999	214584
	5p	-	24	67237	41536	41705	64106	214584
	5p	-	25	67822	41314	41745	63703	214584
	5p	-	26	67723	41200	42356	63305	214584
	5p	-	27	67742	40884	42750	63208	214584
	5p	-	28	68152	40731	42797	62904	214584
	5p	-	29	68437	40646	42305	63196	214584
	5p	-	30	68936	40462	42458	62728	214584
	5p	-	31	67352	39006	40280	60501	207139
	5p	-	32	64482	37262	39190	58510	199444
	5p	-	33	62353	35424	37806	56183	191766
	5p	-	34	60246	34065	36153	53682	184146
	5p	-	35	57554	32491	34519	51808	176372
	5p	-	36	54854	31467	33442	48943	168706
	5p	-	37	52736	29545	31707	47181	161169
	5p	-	38	50771	27956	30065	44808	153600
	5p	-	39	48036	26516	28918	42705	146175
	5p	-	40	45308	25521	27378	40865	139072
	5p	-	41	43209	24351	25723	38698	131981
	5p	-	42	40970	22942	24550	36786	125248
	5p	-	43	38820	21858	23168	34864	118710
	5p	-	44	36656	20424	22120	33132	112332
	5p	-	45	34709	19429	20734	31311	106183
	5p	-	46	32665	18343	19794	29580	100382
	5p	-	47	30949	17476	18597	27931	94953
	5p	-	48	29265	16507	17570	26440	89782
	5p	-	49	27577	15699	16762	24886	84924
	5p	-	50	26129	14712	15805	23498	80144
	5p	-	51	24464	14037	14916	22193	75610
	5p	-	52	22932	13291	14073	21100	71396
	5p	-	53	21748	12354	13154	20178	67434
	5p	-	54	20446	11795	12691	18850	63782
	5p	-	55	19517	11132	11778	17928	60355
	5p	-	56	18332	10573	11375	16820	57100
	5p	-	57	17307	10360	10655	15760	54082
	5p	-	58	16247	9687	10203	15145	51282
	5p	-	59	15303	9189	9752	14410	48654
	5p	-	60	14728	8640	9268	13486	46122
	5p	-	61	13894	8232	8724	12957	43807
	5p	-	62	13055	7789	8247	12499	41590
	5p	-	63	12492	7524	7907	11578	39501
	5p	-	64	11815	7223	7348	11077	37463
	5p	-	65	11153	6926	7031	10501	35611
	5p	-	66	10643	6650	6737	9968	33998
	5p	-	67	10189	6315	6421	9583	32508
	5p	-	68	9929	5843	6176	9073	31021
	5p	-	69	9424	5764	5841	8597	29626
	5p	-	70	9048	5373	5617	8244	28282
	5p	-	71	8346	5242	5545	7912	27045
	5p	-	72	8078	5122	4995	7690	25885
	5p	-	73	7768	4848	4898	7268	24782
	5p	-	74	7442	4660	4660	6933	23695
	5p	-	75	7096	4501	4522	6663	22782
	5p	-	76	6810	4265	4351	6426	21852
	5p	-	77	6437	4118	4167	6212	20934
	5p	-	78	6184	3995	4008	5910	20097
	5p	-	79	6038	3877	3840	5557	19312
	5p	-	80	5680	3674	3625	5613	18592
	5p	-	81	5494	3522	3618	5220	17854
	5p	-	82	5242	3337	3475	5161	17215
	5p	-	83	5119	3273	3319	4880	16591
	5p	-	84	4870	3213	3186	4710	15979
	5p	-	85	4765	3109	3038	4486	15398
	5p	-	86	4671	2952	2975	4291	14889
	5p	-	87	4477	2822	2856	4179	14334
	5p	-	88	4286	2749	2791	4029	13855
	5p	-	89	4150	2690	2682	3846	13368
	5p	-	90	3989	2556	2622	3740	12907
	5p	-	91	3880	2516	2483	3648	12527
	5p	-	92	3742	2396	2397	3589	12124
	5p	-	93	3558	2323	2378	3484	11743
	5p	-	94	3519	2204	2329	3331	11383
	5p	-	95	3377	2233	2234	3175	11019
	5p	-	96	3202	2066	2132	3277	10677
	5p	-	97	3076	2115	2089	3062	10342
	5p	-	98	3062	2008	1919	3012	10001
	5p	-	99	2978	1898	1976	2859	9711
	5p	-	100	2870	1875	1875	2810	9430
