# table produced by DamageProfiler
# using mapped file RmA004.GrysbokCape_Human_nc.Target.rmdup.noMicro.bam
# Sample ID: RmA004.GrysbokCape_Human_nc.Target.rmdup.noMicro.bam
Chr	End	Std	Pos	A	C	G	T	Total	G>A	C>T	A>G	T>C	A>C	A>T	C>G	C>A	T>G	T>A	G>C	G>T	A>-	T>-	C>-	G>-	->A	->T	->C	->G	S
	3p	+	1	85126.0	34769.0	38695.0	53868.0	212458.0	396.0	6080.0	409.0	140.0	121.0	325.0	91.0	235.0	157.0	347.0	82.0	175.0	0.0	0.0	0.0	0.0	0.0	0.0	0.0	0.0	0.0
	3p	+	2	74499.0	43810.0	40780.0	53722.0	212811.0	273.0	2392.0	264.0	171.0	141.0	234.0	66.0	152.0	92.0	202.0	64.0	116.0	0.0	0.0	0.0	0.0	1.0	0.0	1.0	0.0	0.0
	3p	+	3	72648.0	39175.0	44150.0	57108.0	213081.0	174.0	309.0	225.0	137.0	81.0	134.0	47.0	106.0	78.0	124.0	41.0	113.0	0.0	0.0	0.0	0.0	1.0	0.0	0.0	1.0	0.0
	3p	+	4	73124.0	37145.0	43148.0	59918.0	213335.0	154.0	221.0	176.0	115.0	64.0	92.0	36.0	51.0	56.0	86.0	42.0	86.0	0.0	0.0	0.0	0.0	5.0	0.0	1.0	7.0	0.0
	3p	+	5	72723.0	36041.0	43779.0	60968.0	213511.0	132.0	182.0	153.0	75.0	42.0	70.0	24.0	43.0	38.0	71.0	24.0	79.0	0.0	0.0	0.0	0.0	13.0	0.0	7.0	16.0	0.0
	3p	+	6	72451.0	36930.0	43608.0	60536.0	213525.0	115.0	169.0	124.0	80.0	30.0	68.0	29.0	36.0	26.0	56.0	29.0	69.0	0.0	0.0	0.0	0.0	54.0	0.0	33.0	43.0	0.0
	3p	+	7	70507.0	38944.0	41842.0	62219.0	213512.0	76.0	192.0	113.0	82.0	31.0	53.0	14.0	35.0	25.0	37.0	17.0	53.0	0.0	0.0	0.0	0.0	82.0	0.0	60.0	58.0	0.0
	3p	+	8	69684.0	39541.0	41585.0	62762.0	213572.0	87.0	153.0	112.0	73.0	23.0	40.0	12.0	38.0	25.0	33.0	24.0	60.0	0.0	0.0	0.0	0.0	100.0	0.0	39.0	64.0	0.0
	3p	+	9	68644.0	40015.0	41807.0	63037.0	213503.0	71.0	139.0	98.0	77.0	36.0	45.0	20.0	29.0	31.0	38.0	13.0	55.0	0.0	0.0	0.0	0.0	134.0	0.0	59.0	66.0	0.0
	3p	+	10	67806.0	40920.0	41341.0	63436.0	213503.0	75.0	131.0	115.0	91.0	23.0	35.0	13.0	28.0	24.0	37.0	20.0	62.0	0.0	0.0	0.0	0.0	146.0	0.0	65.0	76.0	0.0
	3p	+	11	66847.0	41226.0	41308.0	64049.0	213430.0	81.0	137.0	98.0	72.0	30.0	33.0	10.0	28.0	25.0	32.0	15.0	51.0	0.0	0.0	0.0	0.0	160.0	0.0	102.0	77.0	0.0
	3p	+	12	66824.0	41344.0	41894.0	63317.0	213379.0	80.0	127.0	90.0	67.0	25.0	37.0	17.0	32.0	21.0	37.0	17.0	66.0	0.0	0.0	0.0	0.0	143.0	0.0	88.0	100.0	0.0
	3p	+	13	67047.0	40609.0	41866.0	63812.0	213334.0	72.0	123.0	83.0	84.0	30.0	35.0	15.0	33.0	19.0	35.0	22.0	48.0	0.0	0.0	0.0	0.0	191.0	0.0	93.0	96.0	0.0
	3p	+	14	66780.0	41293.0	41910.0	63372.0	213355.0	75.0	135.0	99.0	77.0	24.0	30.0	15.0	21.0	26.0	34.0	15.0	66.0	0.0	0.0	0.0	0.0	202.0	0.0	98.0	95.0	0.0
	3p	+	15	67049.0	41112.0	41789.0	63367.0	213317.0	66.0	133.0	108.0	62.0	29.0	40.0	12.0	24.0	29.0	18.0	17.0	50.0	0.0	0.0	0.0	0.0	216.0	0.0	109.0	99.0	0.0
	3p	+	16	66441.0	41282.0	42025.0	63572.0	213320.0	79.0	128.0	93.0	79.0	17.0	46.0	16.0	33.0	29.0	33.0	14.0	52.0	0.0	0.0	0.0	0.0	205.0	0.0	103.0	100.0	0.0
	3p	+	17	66271.0	41512.0	41577.0	63971.0	213331.0	65.0	110.0	84.0	55.0	20.0	39.0	11.0	22.0	18.0	31.0	14.0	62.0	0.0	0.0	0.0	0.0	205.0	0.0	85.0	113.0	0.0
	3p	+	18	66501.0	41572.0	41591.0	63659.0	213323.0	86.0	103.0	102.0	86.0	21.0	36.0	20.0	35.0	28.0	27.0	10.0	59.0	0.0	0.0	0.0	0.0	218.0	0.0	88.0	103.0	0.0
	3p	+	19	65870.0	41594.0	41939.0	63915.0	213318.0	82.0	124.0	90.0	85.0	17.0	37.0	11.0	28.0	26.0	25.0	19.0	53.0	0.0	0.0	0.0	0.0	222.0	0.0	98.0	116.0	0.0
	3p	+	20	66225.0	41412.0	41807.0	63903.0	213347.0	69.0	141.0	80.0	73.0	27.0	33.0	9.0	22.0	29.0	30.0	17.0	60.0	0.0	0.0	0.0	0.0	202.0	0.0	99.0	84.0	0.0
	3p	+	21	65713.0	42043.0	41834.0	63714.0	213304.0	54.0	138.0	89.0	88.0	23.0	23.0	14.0	32.0	22.0	40.0	14.0	67.0	0.0	0.0	0.0	0.0	228.0	0.0	74.0	102.0	0.0
	3p	+	22	65751.0	41944.0	41429.0	64190.0	213314.0	71.0	132.0	80.0	77.0	23.0	30.0	26.0	27.0	20.0	24.0	17.0	54.0	0.0	0.0	0.0	0.0	227.0	0.0	97.0	104.0	0.0
	3p	+	23	66345.0	41361.0	41592.0	64040.0	213338.0	79.0	134.0	81.0	60.0	22.0	33.0	19.0	26.0	25.0	34.0	13.0	74.0	0.0	0.0	0.0	0.0	221.0	0.0	77.0	101.0	0.0
	3p	+	24	66371.0	41311.0	41899.0	63808.0	213389.0	83.0	109.0	92.0	78.0	24.0	24.0	15.0	33.0	22.0	30.0	24.0	54.0	0.0	0.0	0.0	0.0	192.0	0.0	78.0	101.0	0.0
	3p	+	25	66812.0	41063.0	42240.0	63188.0	213303.0	69.0	130.0	95.0	85.0	23.0	29.0	18.0	26.0	25.0	25.0	17.0	57.0	0.0	0.0	0.0	0.0	218.0	0.0	94.0	94.0	0.0
	3p	+	26	66329.0	41378.0	42135.0	63449.0	213291.0	75.0	137.0	100.0	58.0	28.0	29.0	19.0	31.0	25.0	21.0	19.0	59.0	0.0	0.0	0.0	0.0	209.0	0.0	93.0	112.0	0.0
	3p	+	27	66268.0	41382.0	42208.0	63441.0	213299.0	86.0	137.0	82.0	63.0	28.0	37.0	25.0	34.0	28.0	36.0	19.0	52.0	0.0	0.0	0.0	0.0	194.0	0.0	80.0	95.0	0.0
	3p	+	28	66179.0	41392.0	42417.0	63310.0	213298.0	89.0	190.0	102.0	78.0	28.0	37.0	21.0	30.0	24.0	44.0	24.0	58.0	0.0	0.0	0.0	0.0	211.0	0.0	93.0	83.0	0.0
	3p	+	29	66500.0	40918.0	42491.0	63420.0	213329.0	84.0	161.0	110.0	84.0	28.0	41.0	25.0	33.0	40.0	57.0	24.0	65.0	0.0	0.0	0.0	0.0	200.0	0.0	71.0	82.0	0.0
	3p	+	30	66281.0	40815.0	42576.0	63606.0	213278.0	100.0	247.0	132.0	90.0	31.0	87.0	34.0	62.0	41.0	77.0	23.0	80.0	0.0	0.0	0.0	0.0	188.0	0.0	80.0	72.0	0.0
	3p	+	31	64126.0	39444.0	40855.0	61484.0	205909.0	109.0	270.0	138.0	79.0	42.0	74.0	28.0	57.0	28.0	90.0	21.0	82.0	0.0	0.0	0.0	0.0	151.0	0.0	79.0	82.0	0.0
	3p	+	32	62173.0	37780.0	39304.0	59021.0	198278.0	103.0	260.0	139.0	78.0	29.0	89.0	27.0	42.0	47.0	91.0	18.0	65.0	0.0	0.0	0.0	0.0	165.0	0.0	65.0	49.0	0.0
	3p	+	33	59736.0	36209.0	38025.0	56656.0	190626.0	108.0	256.0	135.0	75.0	50.0	76.0	23.0	37.0	32.0	78.0	23.0	82.0	0.0	0.0	0.0	0.0	144.0	0.0	80.0	68.0	0.0
	3p	+	34	57466.0	34640.0	36146.0	54636.0	182888.0	91.0	253.0	140.0	75.0	41.0	82.0	15.0	44.0	30.0	87.0	23.0	82.0	0.0	0.0	0.0	0.0	143.0	0.0	72.0	60.0	0.0
	3p	+	35	55273.0	33017.0	34862.0	52038.0	175190.0	107.0	231.0	127.0	69.0	32.0	82.0	24.0	62.0	32.0	75.0	20.0	63.0	0.0	0.0	0.0	0.0	146.0	0.0	50.0	58.0	0.0
	3p	+	36	53183.0	31362.0	33393.0	49685.0	167623.0	86.0	225.0	131.0	54.0	34.0	73.0	29.0	48.0	38.0	81.0	18.0	66.0	0.0	0.0	0.0	0.0	124.0	0.0	55.0	54.0	0.0
	3p	+	37	50786.0	30284.0	31431.0	47581.0	160082.0	77.0	243.0	139.0	74.0	49.0	69.0	22.0	44.0	37.0	68.0	11.0	71.0	0.0	0.0	0.0	0.0	125.0	0.0	46.0	52.0	0.0
	3p	+	38	47688.0	28862.0	30286.0	45825.0	152661.0	79.0	214.0	112.0	75.0	40.0	78.0	18.0	32.0	31.0	69.0	11.0	60.0	0.0	0.0	0.0	0.0	123.0	0.0	54.0	49.0	0.0
	3p	+	39	45820.0	27770.0	28679.0	43261.0	145530.0	65.0	195.0	135.0	52.0	29.0	66.0	24.0	48.0	31.0	82.0	10.0	66.0	0.0	0.0	0.0	0.0	116.0	0.0	44.0	61.0	0.0
	3p	+	40	43500.0	26397.0	27091.0	41357.0	138345.0	68.0	211.0	120.0	49.0	38.0	56.0	21.0	36.0	32.0	80.0	13.0	85.0	0.0	0.0	0.0	0.0	97.0	0.0	57.0	55.0	0.0
	3p	+	41	41163.0	25052.0	26159.0	39061.0	131435.0	83.0	217.0	119.0	76.0	32.0	85.0	28.0	38.0	34.0	74.0	20.0	73.0	0.0	0.0	0.0	0.0	115.0	0.0	41.0	49.0	0.0
	3p	+	42	39463.0	23547.0	24625.0	36926.0	124561.0	85.0	208.0	122.0	64.0	40.0	56.0	32.0	39.0	45.0	82.0	16.0	65.0	0.0	0.0	0.0	0.0	103.0	0.0	35.0	44.0	0.0
	3p	+	43	37161.0	22301.0	23183.0	35123.0	117768.0	76.0	197.0	99.0	58.0	25.0	68.0	26.0	42.0	38.0	73.0	13.0	70.0	0.0	0.0	0.0	0.0	79.0	0.0	36.0	38.0	0.0
	3p	+	44	34966.0	21162.0	21958.0	33216.0	111302.0	64.0	170.0	113.0	48.0	28.0	58.0	19.0	38.0	25.0	64.0	24.0	50.0	0.0	0.0	0.0	0.0	62.0	0.0	47.0	48.0	0.0
	3p	+	45	33084.0	19941.0	21065.0	31284.0	105374.0	65.0	169.0	99.0	63.0	30.0	55.0	21.0	31.0	23.0	69.0	12.0	56.0	0.0	0.0	0.0	0.0	62.0	0.0	32.0	31.0	0.0
	3p	+	46	31504.0	18742.0	19570.0	29601.0	99417.0	64.0	144.0	92.0	54.0	37.0	65.0	17.0	45.0	27.0	65.0	5.0	57.0	0.0	0.0	0.0	0.0	65.0	0.0	36.0	33.0	0.0
	3p	+	47	29826.0	17624.0	18685.0	27870.0	94005.0	44.0	154.0	101.0	47.0	27.0	52.0	23.0	23.0	24.0	59.0	13.0	51.0	0.0	0.0	0.0	0.0	64.0	0.0	20.0	31.0	0.0
	3p	+	48	28126.0	16669.0	17420.0	26607.0	88822.0	65.0	143.0	64.0	51.0	25.0	58.0	13.0	24.0	35.0	67.0	12.0	47.0	0.0	0.0	0.0	0.0	57.0	0.0	28.0	33.0	0.0
	3p	+	49	26313.0	15906.0	16692.0	25029.0	83940.0	57.0	147.0	69.0	43.0	32.0	51.0	12.0	20.0	21.0	72.0	15.0	40.0	0.0	0.0	0.0	0.0	59.0	0.0	23.0	24.0	0.0
	3p	+	50	24947.0	15121.0	15712.0	23575.0	79355.0	51.0	135.0	67.0	35.0	25.0	49.0	10.0	36.0	21.0	59.0	12.0	43.0	0.0	0.0	0.0	0.0	49.0	0.0	19.0	28.0	0.0
	3p	+	51	23578.0	14233.0	15045.0	22084.0	74940.0	51.0	117.0	63.0	34.0	31.0	44.0	14.0	26.0	18.0	59.0	12.0	39.0	0.0	0.0	0.0	0.0	51.0	0.0	26.0	9.0	0.0
	3p	+	52	22115.0	13559.0	14089.0	21039.0	70802.0	41.0	110.0	62.0	37.0	23.0	32.0	11.0	33.0	22.0	42.0	6.0	33.0	0.0	0.0	0.0	0.0	29.0	0.0	26.0	19.0	0.0
	3p	+	53	21137.0	12842.0	13157.0	19672.0	66808.0	34.0	106.0	49.0	36.0	17.0	42.0	9.0	22.0	18.0	41.0	11.0	33.0	0.0	0.0	0.0	0.0	38.0	0.0	14.0	17.0	0.0
	3p	+	54	19648.0	12133.0	12647.0	18597.0	63025.0	37.0	83.0	46.0	19.0	16.0	45.0	14.0	30.0	19.0	28.0	9.0	30.0	0.0	0.0	0.0	0.0	47.0	0.0	18.0	17.0	0.0
	3p	+	55	18699.0	11538.0	11744.0	17673.0	59654.0	40.0	98.0	45.0	31.0	17.0	31.0	12.0	22.0	21.0	41.0	16.0	24.0	0.0	0.0	0.0	0.0	35.0	0.0	12.0	16.0	0.0
	3p	+	56	17506.0	10937.0	11110.0	16911.0	56464.0	34.0	80.0	37.0	23.0	17.0	33.0	9.0	19.0	18.0	37.0	13.0	31.0	0.0	0.0	0.0	0.0	26.0	0.0	14.0	17.0	0.0
	3p	+	57	16381.0	10447.0	10700.0	15935.0	53463.0	40.0	80.0	60.0	24.0	13.0	26.0	11.0	18.0	14.0	28.0	7.0	27.0	0.0	0.0	0.0	0.0	24.0	0.0	20.0	19.0	0.0
	3p	+	58	15739.0	9861.0	10033.0	15131.0	50764.0	37.0	89.0	43.0	25.0	13.0	31.0	6.0	18.0	14.0	37.0	7.0	30.0	0.0	0.0	0.0	0.0	28.0	0.0	17.0	10.0	0.0
	3p	+	59	14906.0	9389.0	9552.0	14286.0	48133.0	30.0	57.0	35.0	26.0	15.0	25.0	7.0	18.0	8.0	21.0	3.0	26.0	0.0	0.0	0.0	0.0	22.0	0.0	18.0	6.0	0.0
	3p	+	60	14175.0	8947.0	8995.0	13562.0	45679.0	33.0	67.0	45.0	28.0	13.0	24.0	6.0	14.0	9.0	35.0	8.0	28.0	0.0	0.0	0.0	0.0	24.0	0.0	12.0	10.0	0.0
	3p	+	61	13337.0	8492.0	8695.0	12813.0	43337.0	26.0	69.0	37.0	18.0	12.0	27.0	5.0	13.0	10.0	18.0	3.0	26.0	0.0	0.0	0.0	0.0	19.0	0.0	11.0	12.0	0.0
	3p	+	62	12591.0	8005.0	8158.0	12386.0	41140.0	24.0	60.0	35.0	19.0	7.0	20.0	6.0	24.0	8.0	20.0	6.0	15.0	0.0	0.0	0.0	0.0	18.0	0.0	9.0	7.0	0.0
	3p	+	63	12123.0	7582.0	7781.0	11577.0	39063.0	30.0	67.0	29.0	21.0	19.0	22.0	10.0	17.0	10.0	32.0	7.0	9.0	0.0	0.0	0.0	0.0	14.0	0.0	3.0	5.0	0.0
	3p	+	64	11252.0	7353.0	7480.0	11112.0	37197.0	29.0	61.0	27.0	15.0	16.0	27.0	3.0	15.0	13.0	24.0	4.0	21.0	0.0	0.0	0.0	0.0	5.0	0.0	6.0	5.0	0.0
	3p	+	65	11048.0	6730.0	7118.0	10630.0	35526.0	22.0	51.0	22.0	16.0	11.0	26.0	4.0	11.0	8.0	26.0	7.0	15.0	0.0	0.0	0.0	0.0	10.0	0.0	6.0	9.0	0.0
	3p	+	66	10332.0	6635.0	6805.0	10008.0	33780.0	16.0	44.0	37.0	16.0	14.0	13.0	5.0	16.0	10.0	18.0	8.0	17.0	0.0	0.0	0.0	0.0	9.0	0.0	5.0	2.0	0.0
	3p	+	67	9912.0	6335.0	6440.0	9551.0	32238.0	16.0	45.0	34.0	19.0	6.0	15.0	6.0	4.0	6.0	18.0	3.0	24.0	0.0	0.0	0.0	0.0	18.0	0.0	8.0	11.0	0.0
	3p	+	68	9465.0	6048.0	6018.0	9253.0	30784.0	13.0	36.0	31.0	12.0	8.0	18.0	5.0	9.0	1.0	23.0	5.0	13.0	0.0	0.0	0.0	0.0	11.0	0.0	5.0	3.0	0.0
	3p	+	69	9108.0	5750.0	5856.0	8735.0	29449.0	19.0	30.0	22.0	11.0	10.0	11.0	1.0	16.0	13.0	15.0	5.0	11.0	0.0	0.0	0.0	0.0	17.0	0.0	4.0	6.0	0.0
	3p	+	70	8526.0	5684.0	5499.0	8475.0	28184.0	16.0	37.0	26.0	19.0	7.0	12.0	13.0	11.0	3.0	20.0	2.0	13.0	0.0	0.0	0.0	0.0	9.0	0.0	5.0	3.0	0.0
	3p	+	71	8150.0	5373.0	5378.0	8005.0	26906.0	17.0	29.0	16.0	15.0	5.0	7.0	6.0	8.0	8.0	17.0	3.0	16.0	0.0	0.0	0.0	0.0	6.0	0.0	3.0	6.0	0.0
	3p	+	72	7759.0	5131.0	5190.0	7669.0	25749.0	16.0	37.0	17.0	15.0	5.0	16.0	4.0	9.0	8.0	17.0	3.0	11.0	0.0	0.0	0.0	0.0	11.0	0.0	4.0	4.0	0.0
	3p	+	73	7412.0	4792.0	4983.0	7408.0	24595.0	17.0	24.0	17.0	12.0	7.0	16.0	5.0	6.0	5.0	13.0	4.0	11.0	0.0	0.0	0.0	0.0	6.0	0.0	3.0	5.0	0.0
	3p	+	74	7184.0	4635.0	4703.0	7030.0	23552.0	15.0	23.0	16.0	14.0	5.0	12.0	6.0	9.0	2.0	16.0	3.0	10.0	0.0	0.0	0.0	0.0	8.0	0.0	3.0	4.0	0.0
	3p	+	75	6899.0	4559.0	4445.0	6716.0	22619.0	15.0	28.0	16.0	10.0	7.0	10.0	3.0	5.0	13.0	9.0	4.0	4.0	0.0	0.0	0.0	0.0	6.0	0.0	3.0	2.0	0.0
	3p	+	76	6600.0	4351.0	4394.0	6374.0	21719.0	10.0	21.0	15.0	11.0	7.0	9.0	0.0	7.0	8.0	6.0	2.0	13.0	0.0	0.0	0.0	0.0	6.0	0.0	3.0	1.0	0.0
	3p	+	77	6354.0	4183.0	4237.0	6117.0	20891.0	10.0	13.0	10.0	8.0	10.0	8.0	4.0	8.0	2.0	17.0	4.0	8.0	0.0	0.0	0.0	0.0	5.0	0.0	3.0	4.0	0.0
	3p	+	78	5965.0	4127.0	3990.0	5957.0	20039.0	9.0	23.0	11.0	5.0	7.0	12.0	2.0	7.0	1.0	12.0	1.0	8.0	0.0	0.0	0.0	0.0	7.0	0.0	7.0	4.0	0.0
	3p	+	79	5827.0	3942.0	3817.0	5651.0	19237.0	9.0	21.0	13.0	11.0	5.0	7.0	4.0	6.0	3.0	10.0	0.0	10.0	0.0	0.0	0.0	0.0	4.0	0.0	2.0	6.0	0.0
	3p	+	80	5646.0	3694.0	3710.0	5482.0	18532.0	10.0	24.0	11.0	5.0	2.0	6.0	2.0	4.0	2.0	14.0	1.0	10.0	0.0	0.0	0.0	0.0	5.0	0.0	2.0	3.0	0.0
	3p	+	81	5496.0	3497.0	3441.0	5404.0	17838.0	14.0	22.0	10.0	10.0	5.0	8.0	1.0	6.0	4.0	14.0	1.0	6.0	0.0	0.0	0.0	0.0	7.0	0.0	2.0	2.0	0.0
	3p	+	82	5061.0	3463.0	3468.0	5177.0	17169.0	15.0	20.0	11.0	5.0	5.0	11.0	1.0	4.0	1.0	9.0	4.0	12.0	0.0	0.0	0.0	0.0	5.0	0.0	2.0	1.0	0.0
	3p	+	83	5009.0	3332.0	3298.0	4861.0	16500.0	12.0	23.0	11.0	8.0	4.0	8.0	2.0	3.0	3.0	8.0	1.0	6.0	0.0	0.0	0.0	0.0	4.0	0.0	3.0	2.0	0.0
	3p	+	84	4773.0	3181.0	3155.0	4736.0	15845.0	12.0	11.0	10.0	7.0	4.0	9.0	2.0	1.0	2.0	8.0	3.0	7.0	0.0	0.0	0.0	0.0	5.0	0.0	0.0	4.0	0.0
	3p	+	85	4572.0	3055.0	3077.0	4592.0	15296.0	9.0	11.0	7.0	3.0	1.0	8.0	3.0	5.0	2.0	4.0	1.0	7.0	0.0	0.0	0.0	0.0	4.0	0.0	0.0	2.0	0.0
	3p	+	86	4445.0	2989.0	2969.0	4384.0	14787.0	6.0	11.0	6.0	5.0	1.0	6.0	3.0	1.0	4.0	6.0	2.0	14.0	0.0	0.0	0.0	0.0	2.0	0.0	1.0	1.0	0.0
	3p	+	87	4278.0	2830.0	2828.0	4311.0	14247.0	7.0	17.0	9.0	3.0	1.0	9.0	0.0	2.0	3.0	3.0	2.0	8.0	0.0	0.0	0.0	0.0	4.0	0.0	0.0	1.0	0.0
	3p	+	88	4137.0	2797.0	2766.0	4051.0	13751.0	6.0	11.0	7.0	9.0	3.0	6.0	7.0	4.0	4.0	5.0	2.0	7.0	0.0	0.0	0.0	0.0	3.0	0.0	2.0	2.0	0.0
	3p	+	89	4019.0	2682.0	2602.0	3958.0	13261.0	3.0	11.0	4.0	7.0	0.0	4.0	1.0	5.0	2.0	5.0	1.0	7.0	0.0	0.0	0.0	0.0	3.0	0.0	1.0	0.0	0.0
	3p	+	90	3861.0	2637.0	2555.0	3744.0	12797.0	5.0	11.0	6.0	2.0	3.0	2.0	1.0	3.0	3.0	3.0	2.0	3.0	0.0	0.0	0.0	0.0	3.0	0.0	3.0	3.0	0.0
	3p	+	91	3744.0	2484.0	2471.0	3693.0	12392.0	5.0	12.0	4.0	5.0	5.0	6.0	0.0	1.0	3.0	5.0	1.0	5.0	0.0	0.0	0.0	0.0	1.0	0.0	1.0	3.0	0.0
	3p	+	92	3610.0	2405.0	2436.0	3547.0	11998.0	4.0	7.0	7.0	6.0	2.0	6.0	7.0	3.0	3.0	4.0	1.0	7.0	0.0	0.0	0.0	0.0	4.0	0.0	2.0	1.0	0.0
	3p	+	93	3517.0	2378.0	2317.0	3439.0	11651.0	10.0	10.0	7.0	3.0	1.0	5.0	1.0	4.0	2.0	3.0	0.0	4.0	0.0	0.0	0.0	0.0	3.0	0.0	0.0	0.0	0.0
	3p	+	94	3422.0	2205.0	2241.0	3432.0	11300.0	5.0	6.0	9.0	4.0	3.0	7.0	4.0	3.0	2.0	9.0	0.0	0.0	0.0	0.0	0.0	0.0	2.0	0.0	2.0	1.0	0.0
	3p	+	95	3262.0	2235.0	2159.0	3281.0	10937.0	7.0	8.0	7.0	4.0	2.0	11.0	4.0	4.0	1.0	3.0	1.0	4.0	0.0	0.0	0.0	0.0	2.0	0.0	3.0	0.0	0.0
	3p	+	96	3166.0	2184.0	2129.0	3150.0	10629.0	4.0	7.0	9.0	3.0	2.0	9.0	1.0	3.0	0.0	4.0	1.0	4.0	0.0	0.0	0.0	0.0	3.0	0.0	0.0	4.0	0.0
	3p	+	97	3136.0	2078.0	2086.0	3028.0	10328.0	3.0	10.0	7.0	4.0	3.0	3.0	0.0	4.0	1.0	3.0	3.0	5.0	0.0	0.0	0.0	0.0	1.0	0.0	1.0	2.0	0.0
	3p	+	98	3094.0	1978.0	1957.0	3006.0	10035.0	4.0	7.0	5.0	3.0	6.0	2.0	2.0	5.0	0.0	4.0	1.0	1.0	0.0	0.0	0.0	0.0	3.0	0.0	0.0	0.0	0.0
	3p	+	99	3028.0	1971.0	1979.0	2776.0	9754.0	4.0	3.0	6.0	2.0	3.0	4.0	1.0	2.0	1.0	3.0	0.0	5.0	0.0	0.0	0.0	0.0	2.0	0.0	1.0	0.0	0.0
	3p	+	100	2854.0	1872.0	1891.0	2857.0	9474.0	6.0	3.0	6.0	4.0	1.0	8.0	1.0	1.0	4.0	6.0	0.0	8.0	0.0	0.0	0.0	0.0	3.0	0.0	0.0	0.0	0.0
	3p	-	1	86159.0	34331.0	38315.0	54074.0	212879.0	403.0	5924.0	324.0	174.0	145.0	325.0	72.0	220.0	148.0	358.0	72.0	179.00.0	0.0	0.0	0.0	0.0	0.0	0.0	0.0	0.0
	3p	-	2	74839.0	43900.0	40942.0	53505.0	213186.0	263.0	2318.0	239.0	158.0	126.0	220.0	65.0	142.0	109.0	227.0	86.0	116.00.0	0.0	0.0	0.0	9.0	0.0	1.0	0.0	0.0
	3p	-	3	72813.0	38885.0	43996.0	57825.0	213519.0	190.0	287.0	220.0	126.0	76.0	142.0	55.0	94.0	89.0	136.0	60.0	116.00.0	0.0	0.0	0.0	13.0	0.0	6.0	5.0	0.0
	3p	-	4	73625.0	36805.0	43631.0	59678.0	213739.0	139.0	243.0	147.0	100.0	48.0	94.0	34.0	63.0	49.0	87.0	43.0	108.00.0	0.0	0.0	0.0	55.0	0.0	21.0	15.0	0.0
	3p	-	5	73448.0	35726.0	43988.0	60719.0	213881.0	98.0	219.0	127.0	69.0	43.0	53.0	22.0	39.0	37.0	71.0	28.0	82.00.0	0.0	0.0	0.0	91.0	0.0	38.0	38.0	0.0
	3p	-	6	72939.0	36912.0	43219.0	60849.0	213919.0	86.0	185.0	124.0	83.0	42.0	59.0	18.0	33.0	25.0	48.0	26.0	66.00.0	0.0	0.0	0.0	134.0	0.0	43.0	65.0	0.0
	3p	-	7	71002.0	38914.0	41991.0	62024.0	213931.0	91.0	147.0	127.0	72.0	39.0	40.0	13.0	27.0	34.0	46.0	16.0	51.00.0	0.0	0.0	0.0	161.0	0.0	67.0	57.0	0.0
	3p	-	8	70386.0	39639.0	41595.0	62313.0	213933.0	91.0	140.0	99.0	62.0	28.0	37.0	10.0	30.0	26.0	37.0	26.0	70.00.0	0.0	0.0	0.0	162.0	0.0	61.0	82.0	0.0
	3p	-	9	69021.0	40032.0	41882.0	62971.0	213906.0	83.0	132.0	109.0	81.0	23.0	37.0	16.0	27.0	23.0	29.0	21.0	74.00.0	0.0	0.0	0.0	187.0	0.0	85.0	83.0	0.0
	3p	-	10	68307.0	40700.0	41465.0	63408.0	213880.0	65.0	152.0	123.0	63.0	26.0	33.0	19.0	26.0	23.0	33.0	15.0	56.00.0	0.0	0.0	0.0	185.0	0.0	97.0	102.0	0.0
	3p	-	11	66702.0	41510.0	42050.0	63577.0	213839.0	59.0	124.0	92.0	69.0	37.0	38.0	18.0	15.0	19.0	28.0	11.0	60.00.0	0.0	0.0	0.0	222.0	0.0	97.0	88.0	0.0
	3p	-	12	67168.0	41112.0	41882.0	63675.0	213837.0	72.0	124.0	100.0	83.0	21.0	32.0	19.0	18.0	20.0	26.0	20.0	49.00.0	0.0	0.0	0.0	203.0	0.0	104.0	86.0	0.0
	3p	-	13	67182.0	40898.0	41787.0	63978.0	213845.0	78.0	127.0	97.0	78.0	32.0	31.0	11.0	31.0	34.0	29.0	20.0	49.00.0	0.0	0.0	0.0	212.0	0.0	88.0	95.0	0.0
	3p	-	14	67172.0	41200.0	41993.0	63540.0	213905.0	83.0	139.0	102.0	65.0	24.0	28.0	18.0	29.0	16.0	29.0	19.0	52.00.0	0.0	0.0	0.0	188.0	0.0	96.0	89.0	0.0
	3p	-	15	67041.0	41067.0	41972.0	63808.0	213888.0	75.0	111.0	86.0	68.0	28.0	36.0	15.0	20.0	30.0	34.0	13.0	62.00.0	0.0	0.0	0.0	198.0	0.0	82.0	88.0	0.0
	3p	-	16	66850.0	41737.0	41541.0	63742.0	213870.0	65.0	144.0	86.0	77.0	26.0	27.0	12.0	22.0	24.0	24.0	25.0	55.00.0	0.0	0.0	0.0	204.0	0.0	77.0	102.0	0.0
	3p	-	17	66260.0	41488.0	41828.0	64329.0	213905.0	85.0	127.0	89.0	76.0	19.0	28.0	12.0	24.0	20.0	34.0	12.0	54.00.0	0.0	0.0	0.0	164.0	0.0	91.0	85.0	0.0
	3p	-	18	66564.0	41761.0	41922.0	63640.0	213887.0	64.0	137.0	94.0	67.0	23.0	29.0	22.0	24.0	30.0	39.0	23.0	43.00.0	0.0	0.0	0.0	230.0	0.0	74.0	89.0	0.0
	3p	-	19	66762.0	41252.0	41855.0	63992.0	213861.0	80.0	124.0	85.0	74.0	29.0	32.0	19.0	32.0	17.0	34.0	23.0	61.00.0	0.0	0.0	0.0	192.0	0.0	90.0	102.0	0.0
	3p	-	20	66204.0	41664.0	42000.0	63994.0	213862.0	82.0	131.0	104.0	67.0	21.0	31.0	17.0	28.0	29.0	31.0	13.0	58.00.0	0.0	0.0	0.0	199.0	0.0	97.0	91.0	0.0
	3p	-	21	65957.0	41630.0	42201.0	64075.0	213863.0	81.0	111.0	96.0	76.0	28.0	32.0	15.0	26.0	20.0	30.0	24.0	56.00.0	0.0	0.0	0.0	190.0	0.0	82.0	83.0	0.0
	3p	-	22	66388.0	41552.0	42115.0	63820.0	213875.0	72.0	123.0	96.0	69.0	21.0	38.0	17.0	28.0	22.0	34.0	22.0	49.00.0	0.0	0.0	0.0	199.0	0.0	106.0	94.0	0.0
	3p	-	23	66531.0	41578.0	41937.0	63848.0	213894.0	77.0	153.0	83.0	71.0	27.0	31.0	16.0	32.0	28.0	36.0	15.0	52.00.0	0.0	0.0	0.0	186.0	0.0	75.0	95.0	0.0
	3p	-	24	67258.0	41288.0	42159.0	63204.0	213909.0	67.0	117.0	94.0	79.0	24.0	30.0	13.0	29.0	18.0	43.0	15.0	50.00.0	0.0	0.0	0.0	180.0	0.0	70.0	94.0	0.0
	3p	-	25	67213.0	41276.0	42051.0	63366.0	213906.0	80.0	142.0	101.0	71.0	29.0	33.0	16.0	24.0	27.0	31.0	16.0	52.00.0	0.0	0.0	0.0	174.0	0.0	87.0	89.0	0.0
	3p	-	26	66796.0	41300.0	42676.0	63092.0	213864.0	91.0	127.0	110.0	92.0	26.0	39.0	13.0	33.0	15.0	34.0	24.0	61.00.0	0.0	0.0	0.0	165.0	0.0	89.0	110.0	0.0
	3p	-	27	66922.0	41119.0	42311.0	63550.0	213902.0	68.0	143.0	102.0	74.0	20.0	26.0	17.0	33.0	32.0	34.0	21.0	67.00.0	0.0	0.0	0.0	185.0	0.0	89.0	83.0	0.0
	3p	-	28	66322.0	41432.0	43037.0	63118.0	213909.0	99.0	148.0	100.0	83.0	36.0	33.0	10.0	34.0	33.0	24.0	18.0	68.00.0	0.0	0.0	0.0	175.0	0.0	77.0	78.0	0.0
	3p	-	29	66558.0	40826.0	42950.0	63544.0	213878.0	95.0	186.0	104.0	91.0	38.0	55.0	29.0	36.0	32.0	60.0	17.0	89.00.0	0.0	0.0	0.0	179.0	0.0	79.0	83.0	0.0
	3p	-	30	66840.0	40833.0	42821.0	63372.0	213866.0	122.0	257.0	146.0	84.0	44.0	76.0	31.0	45.0	40.0	94.0	27.0	91.00.0	0.0	0.0	0.0	153.0	0.0	81.0	82.0	0.0
	3p	-	31	64502.0	39488.0	40964.0	61530.0	206484.0	109.0	245.0	145.0	86.0	40.0	82.0	29.0	51.0	35.0	74.0	9.0	89.00.0	0.0	0.0	0.0	146.0	0.0	68.0	73.0	0.0
	3p	-	32	62037.0	38128.0	39412.0	59198.0	198775.0	119.0	261.0	164.0	82.0	47.0	84.0	19.0	52.0	28.0	95.0	26.0	93.00.0	0.0	0.0	0.0	135.0	0.0	78.0	68.0	0.0
	3p	-	33	59593.0	36548.0	37911.0	57070.0	191122.0	124.0	253.0	143.0	77.0	32.0	83.0	28.0	55.0	35.0	100.0	25.0	77.00.0	0.0	0.0	0.0	135.0	0.0	71.0	59.0	0.0
	3p	-	34	57795.0	34915.0	36466.0	54341.0	183517.0	99.0	256.0	140.0	84.0	45.0	84.0	23.0	44.0	31.0	86.0	23.0	83.00.0	0.0	0.0	0.0	126.0	0.0	65.0	60.0	0.0
	3p	-	35	55518.0	33078.0	35254.0	51909.0	175759.0	100.0	244.0	151.0	70.0	37.0	69.0	28.0	37.0	26.0	83.0	19.0	87.00.0	0.0	0.0	0.0	112.0	0.0	57.0	48.0	0.0
	3p	-	36	53081.0	31557.0	33497.0	49981.0	168116.0	94.0	214.0	137.0	69.0	26.0	77.0	33.0	36.0	44.0	80.0	16.0	72.00.0	0.0	0.0	0.0	124.0	0.0	59.0	63.0	0.0
	3p	-	37	50714.0	30260.0	31920.0	47724.0	160618.0	95.0	197.0	123.0	82.0	45.0	64.0	25.0	40.0	30.0	74.0	14.0	88.00.0	0.0	0.0	0.0	113.0	0.0	53.0	63.0	0.0
	3p	-	38	48934.0	28799.0	30243.0	45091.0	153067.0	77.0	201.0	135.0	73.0	35.0	68.0	22.0	39.0	37.0	80.0	25.0	84.00.0	0.0	0.0	0.0	97.0	0.0	53.0	52.0	0.0
	3p	-	39	46112.0	27698.0	29008.0	42838.0	145656.0	89.0	210.0	138.0	68.0	37.0	72.0	22.0	31.0	28.0	70.0	14.0	67.00.0	0.0	0.0	0.0	86.0	0.0	47.0	37.0	0.0
	3p	-	40	44131.0	25999.0	27634.0	40785.0	138549.0	83.0	216.0	109.0	64.0	24.0	83.0	18.0	58.0	23.0	90.0	15.0	61.00.0	0.0	0.0	0.0	89.0	0.0	40.0	45.0	0.0
	3p	-	41	41343.0	24930.0	26341.0	38893.0	131507.0	82.0	242.0	124.0	48.0	33.0	87.0	14.0	40.0	38.0	80.0	11.0	67.00.0	0.0	0.0	0.0	85.0	0.0	39.0	44.0	0.0
	3p	-	42	39570.0	23455.0	24583.0	37193.0	124801.0	82.0	203.0	119.0	62.0	31.0	70.0	28.0	58.0	31.0	81.0	21.0	49.00.0	0.0	0.0	0.0	77.0	0.0	31.0	35.0	0.0
	3p	-	43	37225.0	22347.0	23483.0	35228.0	118283.0	78.0	189.0	96.0	59.0	37.0	60.0	22.0	47.0	39.0	91.0	10.0	57.00.0	0.0	0.0	0.0	64.0	0.0	33.0	33.0	0.0
	3p	-	44	35307.0	20999.0	22401.0	33238.0	111945.0	80.0	183.0	102.0	44.0	31.0	66.0	26.0	43.0	23.0	71.0	16.0	63.00.0	0.0	0.0	0.0	58.0	0.0	22.0	34.0	0.0
	3p	-	45	33482.0	19765.0	21148.0	31450.0	105845.0	82.0	177.0	107.0	49.0	30.0	76.0	25.0	29.0	26.0	91.0	18.0	57.00.0	0.0	0.0	0.0	53.0	0.0	33.0	26.0	0.0
	3p	-	46	31630.0	18923.0	19882.0	29624.0	100059.0	39.0	148.0	97.0	50.0	33.0	57.0	18.0	37.0	22.0	51.0	11.0	64.00.0	0.0	0.0	0.0	45.0	0.0	32.0	16.0	0.0
	3p	-	47	29900.0	17968.0	18917.0	27841.0	94626.0	72.0	154.0	89.0	37.0	24.0	54.0	15.0	40.0	25.0	52.0	11.0	47.00.0	0.0	0.0	0.0	53.0	0.0	20.0	27.0	0.0
	3p	-	48	28258.0	16713.0	17953.0	26569.0	89493.0	56.0	121.0	85.0	37.0	25.0	55.0	17.0	47.0	27.0	56.0	12.0	62.00.0	0.0	0.0	0.0	47.0	0.0	21.0	24.0	0.0
	3p	-	49	26983.0	15881.0	16753.0	25005.0	84622.0	54.0	146.0	103.0	41.0	29.0	39.0	14.0	32.0	17.0	60.0	10.0	42.00.0	0.0	0.0	0.0	43.0	0.0	27.0	24.0	0.0
	3p	-	50	25285.0	15109.0	15690.0	23806.0	79890.0	60.0	117.0	77.0	46.0	19.0	39.0	12.0	40.0	22.0	44.0	11.0	36.00.0	0.0	0.0	0.0	36.0	0.0	23.0	26.0	0.0
	3p	-	51	23483.0	14457.0	14926.0	22519.0	75385.0	53.0	121.0	72.0	31.0	23.0	46.0	10.0	27.0	24.0	41.0	13.0	34.00.0	0.0	0.0	0.0	42.0	0.0	18.0	22.0	0.0
	3p	-	52	22300.0	13614.0	14208.0	21035.0	71157.0	52.0	124.0	52.0	40.0	19.0	33.0	14.0	29.0	18.0	34.0	9.0	36.00.0	0.0	0.0	0.0	37.0	0.0	18.0	23.0	0.0
	3p	-	53	21180.0	12882.0	13387.0	19784.0	67233.0	54.0	101.0	62.0	34.0	19.0	33.0	10.0	17.0	18.0	49.0	9.0	33.00.0	0.0	0.0	0.0	29.0	0.0	20.0	11.0	0.0
	3p	-	54	19742.0	12164.0	12490.0	19182.0	63578.0	45.0	108.0	68.0	36.0	18.0	34.0	7.0	30.0	19.0	32.0	8.0	37.00.0	0.0	0.0	0.0	20.0	0.0	10.0	18.0	0.0
	3p	-	55	18926.0	11569.0	11938.0	17738.0	60171.0	46.0	90.0	41.0	19.0	21.0	32.0	12.0	17.0	18.0	45.0	6.0	29.00.0	0.0	0.0	0.0	16.0	0.0	11.0	16.0	0.0
	3p	-	56	17770.0	10969.0	11354.0	16833.0	56926.0	33.0	90.0	54.0	25.0	17.0	33.0	11.0	23.0	13.0	34.0	10.0	23.00.0	0.0	0.0	0.0	17.0	0.0	14.0	11.0	0.0
	3p	-	57	16707.0	10298.0	10839.0	16074.0	53918.0	28.0	79.0	55.0	32.0	13.0	29.0	10.0	19.0	11.0	30.0	5.0	36.00.0	0.0	0.0	0.0	25.0	0.0	9.0	10.0	0.0
	3p	-	58	15928.0	9889.0	10101.0	15202.0	51120.0	25.0	63.0	43.0	26.0	15.0	32.0	14.0	18.0	12.0	28.0	5.0	31.00.0	0.0	0.0	0.0	20.0	0.0	11.0	15.0	0.0
	3p	-	59	15183.0	9418.0	9571.0	14338.0	48510.0	32.0	84.0	35.0	30.0	15.0	27.0	9.0	22.0	14.0	30.0	2.0	18.00.0	0.0	0.0	0.0	19.0	0.0	8.0	8.0	0.0
	3p	-	60	14231.0	9011.0	9102.0	13656.0	46000.0	30.0	58.0	45.0	22.0	8.0	19.0	7.0	15.0	11.0	30.0	3.0	24.00.0	0.0	0.0	0.0	17.0	0.0	9.0	9.0	0.0
	3p	-	61	13354.0	8430.0	8847.0	13056.0	43687.0	30.0	69.0	35.0	19.0	16.0	33.0	4.0	12.0	8.0	27.0	6.0	26.00.0	0.0	0.0	0.0	18.0	0.0	6.0	9.0	0.0
	3p	-	62	12872.0	8247.0	8212.0	12144.0	41475.0	27.0	59.0	40.0	23.0	14.0	29.0	3.0	12.0	12.0	30.0	4.0	22.00.0	0.0	0.0	0.0	20.0	0.0	6.0	6.0	0.0
	3p	-	63	12227.0	7711.0	7804.0	11657.0	39399.0	31.0	65.0	30.0	18.0	20.0	17.0	11.0	10.0	10.0	33.0	4.0	18.00.0	0.0	0.0	0.0	15.0	0.0	11.0	5.0	0.0
	3p	-	64	11503.0	7342.0	7443.0	11065.0	37353.0	31.0	57.0	26.0	23.0	14.0	21.0	8.0	17.0	7.0	22.0	6.0	16.00.0	0.0	0.0	0.0	13.0	0.0	7.0	5.0	0.0
	3p	-	65	10777.0	7137.0	7014.0	10597.0	35525.0	17.0	56.0	29.0	24.0	5.0	22.0	7.0	15.0	6.0	23.0	8.0	15.00.0	0.0	0.0	0.0	10.0	0.0	5.0	6.0	0.0
	3p	-	66	10320.0	6576.0	6929.0	10079.0	33904.0	22.0	41.0	23.0	18.0	12.0	12.0	5.0	11.0	9.0	23.0	3.0	19.00.0	0.0	0.0	0.0	14.0	0.0	6.0	6.0	0.0
	3p	-	67	9950.0	6342.0	6579.0	9552.0	32423.0	17.0	43.0	28.0	10.0	9.0	15.0	2.0	12.0	6.0	21.0	5.0	18.00.0	0.0	0.0	0.0	10.0	0.0	3.0	8.0	0.0
	3p	-	68	9365.0	6186.0	6187.0	9198.0	30936.0	13.0	41.0	35.0	9.0	8.0	15.0	4.0	5.0	9.0	15.0	7.0	11.00.0	0.0	0.0	0.0	15.0	0.0	6.0	6.0	0.0
	3p	-	69	8924.0	5774.0	6047.0	8804.0	29549.0	24.0	40.0	23.0	16.0	10.0	20.0	7.0	11.0	3.0	23.0	3.0	18.00.0	0.0	0.0	0.0	9.0	0.0	9.0	6.0	0.0
	3p	-	70	8586.0	5534.0	5717.0	8375.0	28212.0	15.0	36.0	18.0	12.0	4.0	14.0	5.0	9.0	11.0	19.0	8.0	11.00.0	0.0	0.0	0.0	6.0	0.0	8.0	3.0	0.0
	3p	-	71	8130.0	5359.0	5410.0	8078.0	26977.0	18.0	31.0	19.0	15.0	7.0	10.0	5.0	9.0	2.0	14.0	1.0	10.00.0	0.0	0.0	0.0	8.0	0.0	4.0	6.0	0.0
	3p	-	72	7767.0	5197.0	5345.0	7507.0	25816.0	16.0	32.0	25.0	14.0	3.0	17.0	6.0	9.0	5.0	13.0	4.0	6.00.0	0.0	0.0	0.0	9.0	0.0	5.0	7.0	0.0
	3p	-	73	7591.0	4911.0	4913.0	7298.0	24713.0	12.0	32.0	21.0	12.0	5.0	10.0	5.0	15.0	9.0	10.0	5.0	13.00.0	0.0	0.0	0.0	9.0	0.0	2.0	8.0	0.0
	3p	-	74	7122.0	4734.0	4761.0	7014.0	23631.0	16.0	30.0	20.0	8.0	5.0	12.0	9.0	9.0	7.0	10.0	5.0	13.00.0	0.0	0.0	0.0	5.0	0.0	5.0	4.0	0.0
	3p	-	75	6970.0	4447.0	4552.0	6762.0	22731.0	9.0	22.0	16.0	15.0	5.0	9.0	4.0	6.0	6.0	7.0	2.0	10.00.0	0.0	0.0	0.0	5.0	0.0	2.0	4.0	0.0
	3p	-	76	6706.0	4403.0	4257.0	6439.0	21805.0	8.0	15.0	23.0	10.0	6.0	16.0	2.0	7.0	6.0	18.0	2.0	14.00.0	0.0	0.0	0.0	9.0	0.0	2.0	6.0	0.0
	3p	-	77	6330.0	4212.0	4279.0	6067.0	20888.0	10.0	26.0	17.0	12.0	4.0	8.0	2.0	7.0	8.0	9.0	3.0	11.00.0	0.0	0.0	0.0	6.0	0.0	3.0	2.0	0.0
	3p	-	78	6049.0	3956.0	4094.0	5955.0	20054.0	16.0	24.0	13.0	6.0	3.0	8.0	4.0	9.0	6.0	7.0	3.0	5.00.0	0.0	0.0	0.0	3.0	0.0	1.0	4.0	0.0
	3p	-	79	5842.0	3854.0	3894.0	5680.0	19270.0	11.0	16.0	17.0	10.0	2.0	5.0	6.0	7.0	3.0	9.0	4.0	12.00.0	0.0	0.0	0.0	3.0	0.0	1.0	7.0	0.0
	3p	-	80	5556.0	3814.0	3685.0	5496.0	18551.0	13.0	11.0	15.0	5.0	4.0	7.0	0.0	9.0	6.0	7.0	3.0	10.00.0	0.0	0.0	0.0	3.0	0.0	3.0	1.0	0.0
	3p	-	81	5406.0	3532.0	3551.0	5323.0	17812.0	7.0	7.0	11.0	6.0	5.0	11.0	2.0	7.0	4.0	8.0	2.0	8.00.0	0.0	0.0	0.0	4.0	0.0	1.0	1.0	0.0
	3p	-	82	5053.0	3469.0	3564.0	5092.0	17178.0	8.0	19.0	11.0	3.0	6.0	10.0	0.0	5.0	3.0	6.0	1.0	8.00.0	0.0	0.0	0.0	3.0	0.0	3.0	1.0	0.0
	3p	-	83	4959.0	3384.0	3313.0	4897.0	16553.0	8.0	8.0	7.0	12.0	4.0	4.0	1.0	3.0	4.0	7.0	4.0	15.00.0	0.0	0.0	0.0	3.0	0.0	2.0	4.0	0.0
	3p	-	84	4817.0	3240.0	3209.0	4676.0	15942.0	7.0	20.0	9.0	7.0	2.0	10.0	2.0	6.0	3.0	8.0	1.0	6.00.0	0.0	0.0	0.0	2.0	0.0	5.0	1.0	0.0
	3p	-	85	4584.0	3105.0	3087.0	4592.0	15368.0	5.0	16.0	9.0	5.0	4.0	4.0	2.0	5.0	3.0	6.0	3.0	6.00.0	0.0	0.0	0.0	1.0	0.0	1.0	2.0	0.0
	3p	-	86	4456.0	3015.0	3047.0	4344.0	14862.0	4.0	12.0	11.0	5.0	2.0	4.0	1.0	9.0	2.0	6.0	1.0	3.00.0	0.0	0.0	0.0	2.0	0.0	2.0	1.0	0.0
	3p	-	87	4274.0	2904.0	2907.0	4214.0	14299.0	8.0	13.0	10.0	7.0	2.0	6.0	1.0	7.0	3.0	8.0	2.0	4.00.0	0.0	0.0	0.0	6.0	0.0	5.0	0.0	0.0
	3p	-	88	4135.0	2795.0	2853.0	4039.0	13822.0	8.0	7.0	7.0	7.0	3.0	3.0	3.0	7.0	3.0	3.0	0.0	3.00.0	0.0	0.0	0.0	3.0	0.0	3.0	1.0	0.0
	3p	-	89	3961.0	2674.0	2670.0	4038.0	13343.0	8.0	13.0	7.0	3.0	0.0	2.0	0.0	3.0	2.0	7.0	1.0	6.00.0	0.0	0.0	0.0	6.0	0.0	3.0	0.0	0.0
	3p	-	90	3802.0	2655.0	2586.0	3841.0	12884.0	2.0	9.0	10.0	8.0	3.0	7.0	0.0	4.0	2.0	10.0	3.0	5.00.0	0.0	0.0	0.0	0.0	0.0	1.0	3.0	0.0
	3p	-	91	3716.0	2585.0	2483.0	3721.0	12505.0	3.0	12.0	13.0	3.0	6.0	3.0	0.0	1.0	4.0	5.0	1.0	9.00.0	0.0	0.0	0.0	3.0	0.0	4.0	1.0	0.0
	3p	-	92	3580.0	2530.0	2420.0	3570.0	12100.0	6.0	7.0	3.0	3.0	5.0	2.0	1.0	4.0	1.0	4.0	3.0	8.00.0	0.0	0.0	0.0	5.0	0.0	1.0	0.0	0.0
	3p	-	93	3555.0	2373.0	2314.0	3475.0	11717.0	3.0	10.0	6.0	5.0	3.0	4.0	3.0	4.0	1.0	6.0	1.0	1.00.0	0.0	0.0	0.0	1.0	0.0	0.0	1.0	0.0
	3p	-	94	3395.0	2345.0	2229.0	3386.0	11355.0	3.0	10.0	8.0	4.0	1.0	6.0	1.0	3.0	4.0	3.0	2.0	4.00.0	0.0	0.0	0.0	6.0	0.0	2.0	2.0	0.0
	3p	-	95	3369.0	2224.0	2225.0	3180.0	10998.0	2.0	7.0	6.0	7.0	2.0	4.0	3.0	3.0	3.0	1.0	0.0	6.00.0	0.0	0.0	0.0	3.0	0.0	1.0	4.0	0.0
	3p	-	96	3196.0	2211.0	2160.0	3092.0	10659.0	7.0	6.0	3.0	5.0	2.0	3.0	0.0	5.0	2.0	9.0	1.0	8.00.0	0.0	0.0	0.0	1.0	0.0	1.0	1.0	0.0
	3p	-	97	3120.0	2214.0	2039.0	2954.0	10327.0	5.0	8.0	6.0	4.0	1.0	7.0	5.0	5.0	3.0	4.0	0.0	2.00.0	0.0	0.0	0.0	2.0	0.0	0.0	3.0	0.0
	3p	-	98	3032.0	2031.0	1980.0	2942.0	9985.0	6.0	10.0	8.0	2.0	4.0	5.0	2.0	3.0	1.0	6.0	0.0	6.00.0	0.0	0.0	0.0	2.0	0.0	1.0	1.0	0.0
	3p	-	99	2976.0	2025.0	1941.0	2751.0	9693.0	2.0	5.0	9.0	4.0	0.0	3.0	1.0	4.0	2.0	5.0	2.0	1.00.0	0.0	0.0	0.0	1.0	0.0	0.0	1.0	0.0
	3p	-	100	2838.0	1941.0	1866.0	2775.0	9420.0	3.0	7.0	8.0	3.0	3.0	4.0	0.0	1.0	3.0	1.0	1.0	7.00.0	0.0	0.0	0.0	2.0	0.0	1.0	2.0	0.0
	5p	+	1	74377.0	36998.0	37620.0	63326.0	212321.0	577.0	2639.0	1009.0	278.0	300.0	1009.0	223.0	483.0	262.0	1081.0	103.0	530.00.0	0.0	0.0	0.0	0.0	0.0	0.0	0.0	0.0
	5p	+	2	69297.0	34542.0	44300.0	64468.0	212607.0	418.0	605.0	492.0	219.0	218.0	436.0	124.0	241.0	182.0	521.0	73.0	368.00.0	0.0	0.0	0.0	9.0	0.0	6.0	7.0	0.0
	5p	+	3	68210.0	38529.0	43916.0	62284.0	212939.0	202.0	412.0	242.0	154.0	125.0	183.0	82.0	105.0	77.0	218.0	46.0	141.00.0	0.0	0.0	0.0	25.0	0.0	13.0	12.0	0.0
	5p	+	4	66991.0	40985.0	44763.0	60372.0	213111.0	127.0	264.0	179.0	121.0	68.0	120.0	38.0	68.0	56.0	113.0	30.0	105.00.0	0.0	0.0	0.0	75.0	0.0	30.0	29.0	0.0
	5p	+	5	66238.0	40903.0	44245.0	61855.0	213241.0	90.0	243.0	134.0	108.0	44.0	73.0	28.0	35.0	47.0	62.0	34.0	81.00.0	0.0	0.0	0.0	103.0	0.0	50.0	63.0	0.0
	5p	+	6	64364.0	41705.0	44591.0	62632.0	213292.0	102.0	158.0	140.0	81.0	48.0	41.0	21.0	29.0	35.0	43.0	29.0	59.00.0	0.0	0.0	0.0	144.0	0.0	69.0	77.0	0.0
	5p	+	7	67612.0	40811.0	42761.0	62155.0	213339.0	85.0	173.0	113.0	76.0	29.0	32.0	23.0	44.0	36.0	38.0	29.0	58.00.0	0.0	0.0	0.0	159.0	0.0	69.0	73.0	0.0
	5p	+	8	68116.0	40883.0	42045.0	62350.0	213394.0	81.0	166.0	81.0	71.0	31.0	27.0	22.0	37.0	36.0	27.0	21.0	57.00.0	0.0	0.0	0.0	158.0	0.0	72.0	86.0	0.0
	5p	+	9	67340.0	40922.0	41618.0	63474.0	213354.0	74.0	150.0	97.0	67.0	22.0	30.0	19.0	30.0	32.0	28.0	17.0	64.00.0	0.0	0.0	0.0	193.0	0.0	84.0	92.0	0.0
	5p	+	10	66989.0	41615.0	41940.0	62912.0	213456.0	84.0	132.0	88.0	73.0	24.0	38.0	18.0	39.0	22.0	37.0	29.0	48.00.0	0.0	0.0	0.0	179.0	0.0	63.0	68.0	0.0
	5p	+	11	66707.0	41576.0	41875.0	63275.0	213433.0	71.0	141.0	104.0	63.0	32.0	19.0	17.0	32.0	33.0	25.0	15.0	61.00.0	0.0	0.0	0.0	159.0	0.0	72.0	100.0	0.0
	5p	+	12	66117.0	41605.0	41891.0	63780.0	213393.0	65.0	125.0	94.0	72.0	16.0	34.0	9.0	26.0	25.0	39.0	17.0	53.00.0	0.0	0.0	0.0	178.0	0.0	100.0	81.0	0.0
	5p	+	13	66566.0	41023.0	42061.0	63728.0	213378.0	77.0	124.0	88.0	71.0	21.0	34.0	10.0	23.0	33.0	30.0	23.0	64.00.0	0.0	0.0	0.0	190.0	0.0	83.0	104.0	0.0
	5p	+	14	66289.0	41533.0	41804.0	63765.0	213391.0	59.0	122.0	105.0	70.0	22.0	35.0	13.0	28.0	19.0	26.0	13.0	58.00.0	0.0	0.0	0.0	182.0	0.0	81.0	96.0	0.0
	5p	+	15	66208.0	41837.0	41650.0	63682.0	213377.0	64.0	120.0	89.0	90.0	24.0	30.0	12.0	35.0	32.0	34.0	18.0	66.00.0	0.0	0.0	0.0	200.0	0.0	73.0	95.0	0.0
	5p	+	16	66361.0	41853.0	41658.0	63487.0	213359.0	50.0	124.0	82.0	69.0	29.0	34.0	20.0	22.0	29.0	29.0	15.0	44.00.0	0.0	0.0	0.0	195.0	0.0	107.0	79.0	0.0
	5p	+	17	66245.0	41801.0	42087.0	63269.0	213402.0	64.0	129.0	91.0	75.0	22.0	30.0	10.0	20.0	20.0	29.0	15.0	57.00.0	0.0	0.0	0.0	213.0	0.0	71.0	90.0	0.0
	5p	+	18	66379.0	41735.0	41787.0	63513.0	213414.0	79.0	144.0	84.0	79.0	18.0	36.0	12.0	24.0	28.0	18.0	12.0	71.00.0	0.0	0.0	0.0	183.0	0.0	101.0	76.0	0.0
	5p	+	19	66241.0	41609.0	41834.0	63673.0	213357.0	75.0	123.0	82.0	57.0	19.0	29.0	16.0	28.0	19.0	28.0	16.0	51.00.0	0.0	0.0	0.0	201.0	0.0	89.0	91.0	0.0
	5p	+	20	65936.0	41664.0	41904.0	63882.0	213386.0	81.0	136.0	91.0	70.0	35.0	36.0	21.0	29.0	35.0	31.0	10.0	57.00.0	0.0	0.0	0.0	191.0	0.0	92.0	93.0	0.0
	5p	+	21	65556.0	41948.0	42012.0	63860.0	213376.0	66.0	119.0	104.0	71.0	25.0	41.0	28.0	32.0	19.0	29.0	14.0	54.00.0	0.0	0.0	0.0	211.0	0.0	78.0	74.0	0.0
	5p	+	22	66006.0	41353.0	41822.0	64182.0	213363.0	59.0	129.0	92.0	64.0	24.0	30.0	15.0	29.0	29.0	37.0	14.0	67.00.0	0.0	0.0	0.0	212.0	0.0	89.0	92.0	0.0
	5p	+	23	66456.0	41494.0	41795.0	63629.0	213374.0	70.0	140.0	83.0	73.0	27.0	27.0	17.0	28.0	30.0	24.0	18.0	49.00.0	0.0	0.0	0.0	182.0	0.0	106.0	98.0	0.0
	5p	+	24	66592.0	41542.0	41811.0	63450.0	213395.0	86.0	134.0	85.0	70.0	27.0	32.0	17.0	23.0	26.0	18.0	21.0	50.00.0	0.0	0.0	0.0	192.0	0.0	74.0	110.0	0.0
	5p	+	25	67095.0	41232.0	41492.0	63611.0	213430.0	63.0	137.0	93.0	70.0	19.0	38.0	16.0	21.0	28.0	20.0	13.0	40.00.0	0.0	0.0	0.0	172.0	0.0	73.0	95.0	0.0
	5p	+	26	67325.0	41013.0	41794.0	63299.0	213431.0	77.0	130.0	108.0	69.0	24.0	36.0	16.0	25.0	22.0	32.0	19.0	50.00.0	0.0	0.0	0.0	158.0	0.0	81.0	84.0	0.0
	5p	+	27	67867.0	40724.0	42223.0	62627.0	213441.0	75.0	145.0	104.0	98.0	29.0	38.0	22.0	31.0	19.0	33.0	23.0	59.00.0	0.0	0.0	0.0	181.0	0.0	60.0	69.0	0.0
	5p	+	28	68173.0	40617.0	41952.0	62700.0	213442.0	85.0	151.0	107.0	78.0	31.0	28.0	17.0	30.0	27.0	45.0	22.0	62.00.0	0.0	0.0	0.0	145.0	0.0	68.0	73.0	0.0
	5p	+	29	68426.0	40463.0	42251.0	62296.0	213436.0	96.0	220.0	101.0	78.0	33.0	29.0	19.0	35.0	31.0	41.0	22.0	44.00.0	0.0	0.0	0.0	128.0	0.0	74.0	75.0	0.0
	5p	+	30	69151.0	40122.0	42059.0	62075.0	213407.0	85.0	424.0	110.0	78.0	32.0	59.0	15.0	52.0	37.0	50.0	15.0	63.00.0	0.0	0.0	0.0	116.0	0.0	66.0	73.0	0.0
	5p	+	31	66508.0	38926.0	40451.0	60109.0	205994.0	87.0	406.0	101.0	80.0	27.0	55.0	17.0	41.0	22.0	39.0	16.0	72.00.0	0.0	0.0	0.0	139.0	0.0	67.0	64.0	0.0
	5p	+	32	64274.0	37711.0	38834.0	57548.0	198367.0	90.0	430.0	119.0	60.0	22.0	42.0	13.0	41.0	29.0	45.0	27.0	51.00.0	0.0	0.0	0.0	134.0	0.0	63.0	72.0	0.0
	5p	+	33	61805.0	35979.0	37552.0	55392.0	190728.0	80.0	429.0	102.0	73.0	27.0	39.0	20.0	54.0	36.0	48.0	23.0	49.00.0	0.0	0.0	0.0	118.0	0.0	61.0	55.0	0.0
	5p	+	34	59624.0	34080.0	36152.0	53049.0	182905.0	83.0	420.0	94.0	80.0	35.0	52.0	8.0	26.0	24.0	53.0	18.0	50.00.0	0.0	0.0	0.0	138.0	0.0	41.0	72.0	0.0
	5p	+	35	56966.0	33003.0	34265.0	50981.0	175215.0	71.0	459.0	107.0	52.0	28.0	46.0	19.0	32.0	27.0	51.0	19.0	45.00.0	0.0	0.0	0.0	147.0	0.0	63.0	55.0	0.0
	5p	+	36	54682.0	31362.0	32771.0	48864.0	167679.0	64.0	409.0	92.0	77.0	29.0	44.0	20.0	28.0	16.0	45.0	17.0	47.00.0	0.0	0.0	0.0	124.0	0.0	46.0	59.0	0.0
	5p	+	37	52271.0	29740.0	31545.0	46584.0	160140.0	78.0	400.0	96.0	51.0	28.0	41.0	17.0	28.0	37.0	32.0	16.0	43.00.0	0.0	0.0	0.0	118.0	0.0	46.0	51.0	0.0
	5p	+	38	49917.0	28315.0	30143.0	44347.0	152722.0	67.0	410.0	79.0	68.0	20.0	53.0	16.0	24.0	19.0	48.0	12.0	46.00.0	0.0	0.0	0.0	92.0	0.0	47.0	47.0	0.0
	5p	+	39	47777.0	26852.0	28546.0	42417.0	145592.0	67.0	380.0	102.0	50.0	16.0	41.0	13.0	27.0	13.0	32.0	10.0	32.00.0	0.0	0.0	0.0	101.0	0.0	43.0	40.0	0.0
	5p	+	40	45248.0	25647.0	27368.0	40184.0	138447.0	82.0	410.0	93.0	59.0	26.0	48.0	18.0	32.0	30.0	36.0	11.0	53.00.0	0.0	0.0	0.0	101.0	0.0	42.0	40.0	0.0
	5p	+	41	42694.0	24695.0	25898.0	38229.0	131516.0	80.0	374.0	98.0	51.0	24.0	43.0	10.0	25.0	30.0	56.0	16.0	44.00.0	0.0	0.0	0.0	87.0	0.0	42.0	35.0	0.0
	5p	+	42	40423.0	23233.0	24509.0	36412.0	124577.0	85.0	384.0	81.0	41.0	21.0	35.0	19.0	36.0	25.0	47.0	14.0	51.00.0	0.0	0.0	0.0	89.0	0.0	31.0	44.0	0.0
	5p	+	43	38008.0	22252.0	22952.0	34611.0	117823.0	59.0	365.0	82.0	57.0	23.0	53.0	13.0	34.0	28.0	38.0	15.0	41.00.0	0.0	0.0	0.0	73.0	0.0	37.0	41.0	0.0
	5p	+	44	36123.0	20725.0	21850.0	32696.0	111394.0	69.0	319.0	61.0	53.0	32.0	37.0	15.0	30.0	26.0	34.0	16.0	37.00.0	0.0	0.0	0.0	57.0	0.0	28.0	28.0	0.0
	5p	+	45	34339.0	19633.0	20514.0	30897.0	105383.0	60.0	320.0	76.0	34.0	24.0	36.0	18.0	29.0	14.0	41.0	18.0	37.00.0	0.0	0.0	0.0	67.0	0.0	24.0	26.0	0.0
	5p	+	46	32273.0	18607.0	19362.0	29185.0	99427.0	65.0	307.0	65.0	48.0	27.0	37.0	9.0	22.0	20.0	28.0	9.0	34.00.0	0.0	0.0	0.0	54.0	0.0	31.0	26.0	0.0
	5p	+	47	30313.0	17724.0	18402.0	27571.0	94010.0	57.0	298.0	61.0	34.0	14.0	33.0	8.0	29.0	17.0	34.0	9.0	31.00.0	0.0	0.0	0.0	53.0	0.0	25.0	22.0	0.0
	5p	+	48	28901.0	16607.0	17299.0	26029.0	88836.0	56.0	262.0	56.0	37.0	15.0	42.0	9.0	23.0	24.0	33.0	12.0	40.00.0	0.0	0.0	0.0	60.0	0.0	25.0	27.0	0.0
	5p	+	49	26934.0	15799.0	16435.0	24792.0	83960.0	51.0	264.0	57.0	44.0	25.0	28.0	4.0	24.0	18.0	26.0	13.0	41.00.0	0.0	0.0	0.0	52.0	0.0	29.0	28.0	0.0
	5p	+	50	25340.0	14945.0	15692.0	23355.0	79332.0	54.0	241.0	62.0	41.0	12.0	25.0	6.0	17.0	26.0	18.0	11.0	18.00.0	0.0	0.0	0.0	53.0	0.0	23.0	19.0	0.0
	5p	+	51	24161.0	14064.0	14828.0	21896.0	74949.0	40.0	242.0	53.0	24.0	22.0	33.0	10.0	21.0	16.0	29.0	11.0	32.00.0	0.0	0.0	0.0	48.0	0.0	18.0	24.0	0.0
	5p	+	52	22447.0	13419.0	13866.0	21048.0	70780.0	36.0	231.0	44.0	30.0	6.0	21.0	11.0	19.0	13.0	27.0	10.0	24.00.0	0.0	0.0	0.0	50.0	0.0	24.0	18.0	0.0
	5p	+	53	21293.0	12676.0	13173.0	19649.0	66791.0	29.0	219.0	40.0	31.0	9.0	21.0	15.0	17.0	4.0	23.0	10.0	28.00.0	0.0	0.0	0.0	41.0	0.0	14.0	17.0	0.0
	5p	+	54	20204.0	11955.0	12558.0	18302.0	63019.0	38.0	192.0	49.0	32.0	11.0	23.0	7.0	11.0	11.0	25.0	5.0	29.00.0	0.0	0.0	0.0	34.0	0.0	26.0	25.0	0.0
	5p	+	55	19043.0	11539.0	11663.0	17397.0	59642.0	29.0	194.0	44.0	19.0	7.0	26.0	10.0	11.0	7.0	26.0	7.0	22.00.0	0.0	0.0	0.0	33.0	0.0	18.0	14.0	0.0
	5p	+	56	18071.0	10753.0	11148.0	16513.0	56485.0	26.0	161.0	53.0	25.0	9.0	18.0	10.0	19.0	11.0	21.0	8.0	26.00.0	0.0	0.0	0.0	26.0	0.0	16.0	18.0	0.0
	5p	+	57	16966.0	10106.0	10619.0	15770.0	53461.0	25.0	142.0	31.0	13.0	9.0	25.0	6.0	25.0	7.0	15.0	4.0	29.00.0	0.0	0.0	0.0	35.0	0.0	12.0	14.0	0.0
	5p	+	58	16127.0	9729.0	10065.0	14850.0	50771.0	19.0	140.0	31.0	22.0	7.0	20.0	8.0	9.0	14.0	17.0	6.0	18.00.0	0.0	0.0	0.0	30.0	0.0	15.0	15.0	0.0
	5p	+	59	15330.0	9223.0	9585.0	13986.0	48124.0	31.0	158.0	20.0	20.0	12.0	8.0	5.0	11.0	9.0	17.0	9.0	19.00.0	0.0	0.0	0.0	35.0	0.0	18.0	11.0	0.0
	5p	+	60	14598.0	8755.0	8964.0	13344.0	45661.0	27.0	111.0	31.0	16.0	12.0	20.0	3.0	12.0	12.0	16.0	10.0	18.00.0	0.0	0.0	0.0	25.0	0.0	10.0	15.0	0.0
	5p	+	61	13657.0	8319.0	8758.0	12599.0	43333.0	35.0	118.0	23.0	15.0	6.0	17.0	3.0	8.0	9.0	18.0	9.0	14.00.0	0.0	0.0	0.0	25.0	0.0	11.0	11.0	0.0
	5p	+	62	12992.0	8023.0	8090.0	12023.0	41128.0	26.0	109.0	26.0	16.0	12.0	13.0	7.0	18.0	4.0	12.0	1.0	20.00.0	0.0	0.0	0.0	25.0	0.0	14.0	11.0	0.0
	5p	+	63	12180.0	7514.0	7689.0	11677.0	39060.0	17.0	114.0	28.0	15.0	5.0	15.0	6.0	8.0	10.0	9.0	6.0	13.00.0	0.0	0.0	0.0	11.0	0.0	10.0	11.0	0.0
	5p	+	64	11546.0	7218.0	7369.0	11038.0	37171.0	20.0	97.0	24.0	28.0	6.0	15.0	1.0	8.0	3.0	16.0	5.0	13.00.0	0.0	0.0	0.0	15.0	0.0	9.0	11.0	0.0
	5p	+	65	11142.0	6846.0	7081.0	10437.0	35506.0	20.0	82.0	20.0	15.0	4.0	10.0	2.0	8.0	2.0	17.0	3.0	14.00.0	0.0	0.0	0.0	14.0	0.0	10.0	8.0	0.0
	5p	+	66	10472.0	6420.0	6805.0	10041.0	33738.0	19.0	82.0	25.0	16.0	9.0	10.0	6.0	5.0	3.0	12.0	6.0	18.00.0	0.0	0.0	0.0	19.0	0.0	10.0	6.0	0.0
	5p	+	67	10138.0	6168.0	6447.0	9459.0	32212.0	27.0	60.0	24.0	17.0	5.0	14.0	6.0	14.0	5.0	10.0	3.0	7.00.0	0.0	0.0	0.0	15.0	0.0	9.0	6.0	0.0
	5p	+	68	9633.0	6064.0	6118.0	8941.0	30756.0	21.0	61.0	15.0	7.0	5.0	16.0	4.0	16.0	5.0	7.0	8.0	11.00.0	0.0	0.0	0.0	7.0	0.0	4.0	8.0	0.0
	5p	+	69	9431.0	5656.0	5792.0	8547.0	29426.0	18.0	65.0	26.0	15.0	4.0	15.0	0.0	7.0	3.0	13.0	4.0	12.00.0	0.0	0.0	0.0	11.0	0.0	7.0	12.0	0.0
	5p	+	70	8763.0	5589.0	5611.0	8201.0	28164.0	21.0	73.0	13.0	13.0	7.0	6.0	6.0	8.0	4.0	10.0	2.0	14.00.0	0.0	0.0	0.0	18.0	0.0	7.0	8.0	0.0
	5p	+	71	8432.0	5209.0	5342.0	7908.0	26891.0	13.0	77.0	12.0	14.0	2.0	8.0	2.0	7.0	7.0	8.0	4.0	8.00.0	0.0	0.0	0.0	22.0	0.0	6.0	3.0	0.0
	5p	+	72	8065.0	4980.0	5292.0	7401.0	25738.0	20.0	50.0	16.0	13.0	9.0	12.0	4.0	2.0	5.0	10.0	4.0	15.00.0	0.0	0.0	0.0	10.0	0.0	7.0	14.0	0.0
	5p	+	73	7581.0	4816.0	4899.0	7286.0	24582.0	18.0	44.0	13.0	8.0	2.0	7.0	2.0	7.0	8.0	15.0	1.0	4.00.0	0.0	0.0	0.0	8.0	0.0	10.0	9.0	0.0
	5p	+	74	7219.0	4699.0	4678.0	6944.0	23540.0	12.0	35.0	17.0	9.0	6.0	6.0	1.0	8.0	3.0	7.0	4.0	9.00.0	0.0	0.0	0.0	11.0	0.0	6.0	3.0	0.0
	5p	+	75	7116.0	4351.0	4411.0	6725.0	22603.0	11.0	36.0	19.0	9.0	9.0	4.0	8.0	10.0	1.0	9.0	2.0	5.00.0	0.0	0.0	0.0	17.0	0.0	5.0	6.0	0.0
	5p	+	76	6790.0	4178.0	4323.0	6390.0	21681.0	12.0	35.0	19.0	11.0	5.0	8.0	2.0	3.0	5.0	4.0	3.0	13.00.0	0.0	0.0	0.0	12.0	0.0	7.0	5.0	0.0
	5p	+	77	6503.0	4050.0	4165.0	6148.0	20866.0	23.0	24.0	12.0	9.0	3.0	5.0	4.0	3.0	8.0	12.0	2.0	7.00.0	0.0	0.0	0.0	12.0	0.0	3.0	7.0	0.0
	5p	+	78	6118.0	3897.0	4073.0	5932.0	20020.0	12.0	30.0	4.0	9.0	7.0	9.0	1.0	4.0	5.0	10.0	3.0	6.00.0	0.0	0.0	0.0	7.0	0.0	5.0	3.0	0.0
	5p	+	79	5925.0	3751.0	3829.0	5725.0	19230.0	13.0	33.0	11.0	8.0	7.0	9.0	2.0	7.0	1.0	4.0	5.0	4.00.0	0.0	0.0	0.0	1.0	0.0	6.0	3.0	0.0
	5p	+	80	5754.0	3745.0	3625.0	5390.0	18514.0	12.0	36.0	16.0	9.0	5.0	6.0	4.0	4.0	4.0	4.0	2.0	7.00.0	0.0	0.0	0.0	12.0	0.0	6.0	4.0	0.0
	5p	+	81	5510.0	3611.0	3445.0	5270.0	17836.0	8.0	21.0	9.0	6.0	4.0	7.0	3.0	7.0	1.0	5.0	3.0	6.00.0	0.0	0.0	0.0	6.0	0.0	5.0	1.0	0.0
	5p	+	82	5294.0	3417.0	3428.0	5020.0	17159.0	11.0	36.0	12.0	6.0	5.0	2.0	1.0	2.0	3.0	5.0	4.0	9.00.0	0.0	0.0	0.0	7.0	0.0	4.0	1.0	0.0
	5p	+	83	5111.0	3269.0	3308.0	4816.0	16504.0	8.0	32.0	8.0	4.0	4.0	6.0	2.0	2.0	2.0	4.0	3.0	2.00.0	0.0	0.0	0.0	6.0	0.0	1.0	3.0	0.0
	5p	+	84	4906.0	3100.0	3184.0	4652.0	15842.0	11.0	24.0	9.0	7.0	2.0	4.0	3.0	5.0	3.0	2.0	2.0	10.00.0	0.0	0.0	0.0	3.0	0.0	6.0	7.0	0.0
	5p	+	85	4676.0	3052.0	3124.0	4443.0	15295.0	13.0	18.0	4.0	7.0	3.0	5.0	1.0	7.0	1.0	3.0	2.0	6.00.0	0.0	0.0	0.0	6.0	0.0	1.0	5.0	0.0
	5p	+	86	4518.0	2908.0	2992.0	4359.0	14777.0	8.0	14.0	13.0	5.0	1.0	3.0	1.0	3.0	5.0	4.0	1.0	11.00.0	0.0	0.0	0.0	5.0	0.0	1.0	3.0	0.0
	5p	+	87	4347.0	2871.0	2834.0	4186.0	14238.0	9.0	17.0	4.0	2.0	1.0	4.0	2.0	7.0	3.0	7.0	0.0	5.00.0	0.0	0.0	0.0	7.0	0.0	6.0	5.0	0.0
	5p	+	88	4280.0	2759.0	2750.0	3954.0	13743.0	8.0	17.0	5.0	6.0	3.0	1.0	1.0	4.0	0.0	1.0	0.0	2.00.0	0.0	0.0	0.0	7.0	0.0	4.0	2.0	0.0
	5p	+	89	4172.0	2655.0	2618.0	3807.0	13252.0	7.0	14.0	6.0	5.0	5.0	1.0	1.0	3.0	0.0	5.0	1.0	4.00.0	0.0	0.0	0.0	3.0	0.0	6.0	3.0	0.0
	5p	+	90	3943.0	2568.0	2577.0	3711.0	12799.0	7.0	15.0	5.0	9.0	0.0	5.0	3.0	0.0	3.0	4.0	2.0	3.00.0	0.0	0.0	0.0	3.0	0.0	3.0	0.0	0.0
	5p	+	91	3831.0	2485.0	2456.0	3614.0	12386.0	7.0	17.0	5.0	8.0	4.0	3.0	1.0	0.0	5.0	1.0	0.0	7.00.0	0.0	0.0	0.0	4.0	0.0	2.0	1.0	0.0
	5p	+	92	3655.0	2427.0	2377.0	3539.0	11998.0	7.0	5.0	7.0	4.0	1.0	5.0	1.0	3.0	4.0	0.0	1.0	1.00.0	0.0	0.0	0.0	5.0	0.0	1.0	1.0	0.0
	5p	+	93	3665.0	2376.0	2280.0	3323.0	11644.0	10.0	13.0	4.0	9.0	5.0	4.0	1.0	4.0	2.0	3.0	1.0	5.00.0	0.0	0.0	0.0	3.0	0.0	3.0	4.0	0.0
	5p	+	94	3573.0	2266.0	2185.0	3278.0	11302.0	4.0	11.0	7.0	6.0	1.0	2.0	0.0	4.0	0.0	8.0	1.0	1.00.0	0.0	0.0	0.0	3.0	0.0	0.0	1.0	0.0
	5p	+	95	3321.0	2172.0	2227.0	3216.0	10936.0	3.0	18.0	6.0	6.0	2.0	1.0	1.0	3.0	2.0	4.0	1.0	4.00.0	0.0	0.0	0.0	2.0	0.0	0.0	2.0	0.0
	5p	+	96	3242.0	2139.0	2109.0	3138.0	10628.0	6.0	14.0	1.0	7.0	2.0	3.0	1.0	3.0	0.0	5.0	2.0	1.00.0	0.0	0.0	0.0	0.0	0.0	2.0	1.0	0.0
	5p	+	97	3127.0	2076.0	2072.0	3049.0	10324.0	2.0	15.0	5.0	4.0	0.0	1.0	1.0	4.0	1.0	0.0	0.0	7.00.0	0.0	0.0	0.0	6.0	0.0	2.0	0.0	0.0
	5p	+	98	3054.0	2010.0	2002.0	2955.0	10021.0	3.0	6.0	5.0	4.0	2.0	1.0	0.0	1.0	3.0	1.0	0.0	5.00.0	0.0	0.0	0.0	6.0	0.0	3.0	1.0	0.0
	5p	+	99	2955.0	1954.0	1994.0	2843.0	9746.0	6.0	8.0	7.0	6.0	1.0	4.0	0.0	3.0	4.0	2.0	0.0	2.00.0	0.0	0.0	0.0	7.0	0.0	0.0	1.0	0.0
	5p	+	100	2908.0	1914.0	1850.0	2795.0	9467.0	6.0	8.0	6.0	5.0	0.0	2.0	1.0	2.0	1.0	0.0	0.0	3.00.0	0.0	0.0	0.0	1.0	0.0	3.0	3.0	0.0
	5p	-	1	74522.0	37433.0	37572.0	63512.0	213039.0	604.0	2639.0	1098.0	281.0	321.0	970.0	215.0	534.0	269.0	1022.0	107.0	492.00.0	0.0	0.0	0.0	0.0	0.0	0.0	0.0	0.0
	5p	-	2	69195.0	34849.0	44618.0	64699.0	213361.0	422.0	641.0	488.0	215.0	235.0	455.0	143.0	234.0	171.0	561.0	62.0	373.00.0	0.0	0.0	0.0	0.0	0.0	0.0	0.0	0.0
	5p	-	3	68682.0	38386.0	44354.0	62230.0	213652.0	216.0	400.0	281.0	153.0	102.0	199.0	65.0	128.0	90.0	260.0	53.0	180.00.0	0.0	0.0	0.0	1.0	0.0	0.0	1.0	0.0
	5p	-	4	67327.0	41424.0	44955.0	60138.0	213844.0	115.0	280.0	207.0	148.0	75.0	107.0	41.0	91.0	57.0	133.0	28.0	114.00.0	0.0	0.0	0.0	11.0	0.0	8.0	8.0	0.0
	5p	-	5	66242.0	40907.0	44368.0	62331.0	213848.0	106.0	210.0	134.0	107.0	47.0	70.0	25.0	41.0	59.0	68.0	34.0	83.00.0	0.0	0.0	0.0	63.0	0.0	55.0	62.0	0.0
	5p	-	6	64713.0	41657.0	44945.0	62647.0	213962.0	89.0	170.0	113.0	91.0	41.0	50.0	30.0	26.0	34.0	44.0	20.0	72.00.0	0.0	0.0	0.0	75.0	0.0	63.0	56.0	0.0
	5p	-	7	67854.0	40434.0	43092.0	62593.0	213973.0	93.0	189.0	129.0	80.0	21.0	34.0	18.0	26.0	33.0	36.0	19.0	67.00.0	0.0	0.0	0.0	86.0	0.0	61.0	69.0	0.0
	5p	-	8	68588.0	40514.0	42483.0	62455.0	214040.0	77.0	152.0	114.0	69.0	18.0	31.0	24.0	24.0	22.0	40.0	15.0	74.00.0	0.0	0.0	0.0	104.0	0.0	64.0	58.0	0.0
	5p	-	9	67990.0	40963.0	41944.0	63104.0	214001.0	79.0	156.0	96.0	80.0	32.0	35.0	18.0	22.0	30.0	31.0	19.0	52.00.0	0.0	0.0	0.0	122.0	0.0	73.0	68.0	0.0
	5p	-	10	67100.0	41751.0	42010.0	63135.0	213996.0	73.0	142.0	87.0	82.0	28.0	37.0	11.0	35.0	18.0	37.0	14.0	51.00.0	0.0	0.0	0.0	142.0	0.0	79.0	74.0	0.0
	5p	-	11	66835.0	41629.0	42054.0	63467.0	213985.0	89.0	137.0	99.0	63.0	21.0	21.0	13.0	20.0	20.0	33.0	21.0	45.00.0	0.0	0.0	0.0	154.0	0.0	72.0	75.0	0.0
	5p	-	12	66597.0	41911.0	42349.0	63121.0	213978.0	78.0	125.0	113.0	57.0	25.0	25.0	19.0	32.0	19.0	31.0	16.0	53.00.0	0.0	0.0	0.0	142.0	0.0	73.0	98.0	0.0
	5p	-	13	66588.0	41707.0	42260.0	63426.0	213981.0	63.0	134.0	94.0	81.0	26.0	30.0	17.0	27.0	22.0	21.0	22.0	73.00.0	0.0	0.0	0.0	160.0	0.0	77.0	81.0	0.0
	5p	-	14	66869.0	41782.0	41809.0	63571.0	214031.0	84.0	125.0	93.0	73.0	25.0	34.0	9.0	25.0	24.0	32.0	18.0	61.00.0	0.0	0.0	0.0	151.0	0.0	79.0	66.0	0.0
	5p	-	15	66659.0	41644.0	42051.0	63626.0	213980.0	67.0	135.0	97.0	67.0	20.0	36.0	21.0	22.0	22.0	37.0	23.0	68.00.0	0.0	0.0	0.0	166.0	0.0	82.0	83.0	0.0
	5p	-	16	66824.0	41860.0	41912.0	63374.0	213970.0	70.0	117.0	94.0	80.0	21.0	38.0	15.0	30.0	27.0	31.0	25.0	49.00.0	0.0	0.0	0.0	168.0	0.0	74.0	84.0	0.0
	5p	-	17	66270.0	41748.0	42138.0	63784.0	213940.0	72.0	127.0	97.0	75.0	19.0	36.0	12.0	22.0	34.0	35.0	20.0	57.00.0	0.0	0.0	0.0	187.0	0.0	80.0	84.0	0.0
	5p	-	18	66220.0	42036.0	42113.0	63585.0	213954.0	86.0	123.0	84.0	62.0	25.0	27.0	15.0	32.0	16.0	27.0	18.0	62.00.0	0.0	0.0	0.0	186.0	0.0	80.0	88.0	0.0
	5p	-	19	66523.0	41488.0	42288.0	63629.0	213928.0	82.0	122.0	97.0	65.0	20.0	43.0	16.0	19.0	25.0	28.0	13.0	48.00.0	0.0	0.0	0.0	161.0	0.0	92.0	84.0	0.0
	5p	-	20	66192.0	41486.0	42196.0	64063.0	213937.0	87.0	138.0	111.0	92.0	28.0	29.0	23.0	21.0	36.0	39.0	25.0	58.00.0	0.0	0.0	0.0	182.0	0.0	82.0	81.0	0.0
	5p	-	21	66389.0	41982.0	41988.0	63550.0	213909.0	83.0	144.0	95.0	87.0	19.0	25.0	20.0	24.0	21.0	20.0	16.0	48.00.0	0.0	0.0	0.0	174.0	0.0	83.0	101.0	0.0
	5p	-	22	66747.0	41305.0	41978.0	63871.0	213901.0	76.0	117.0	94.0	72.0	26.0	25.0	12.0	19.0	25.0	28.0	18.0	43.00.0	0.0	0.0	0.0	177.0	0.0	71.0	98.0	0.0
	5p	-	23	66817.0	41311.0	42096.0	63689.0	213913.0	67.0	130.0	92.0	60.0	14.0	28.0	14.0	22.0	28.0	33.0	17.0	63.00.0	0.0	0.0	0.0	187.0	0.0	66.0	104.0	0.0
	5p	-	24	66989.0	41476.0	41617.0	63804.0	213886.0	86.0	133.0	95.0	69.0	24.0	25.0	23.0	29.0	18.0	37.0	14.0	55.00.0	0.0	0.0	0.0	197.0	0.0	104.0	70.0	0.0
	5p	-	25	67624.0	41269.0	41645.0	63401.0	213939.0	73.0	121.0	112.0	60.0	20.0	33.0	15.0	27.0	19.0	42.0	19.0	62.00.0	0.0	0.0	0.0	173.0	0.0	82.0	77.0	0.0
	5p	-	26	67488.0	41152.0	42260.0	62998.0	213898.0	88.0	123.0	99.0	59.0	28.0	39.0	13.0	25.0	20.0	36.0	13.0	58.00.0	0.0	0.0	0.0	199.0	0.0	74.0	89.0	0.0
	5p	-	27	67588.0	40832.0	42626.0	62915.0	213961.0	79.0	143.0	132.0	80.0	32.0	35.0	14.0	29.0	24.0	37.0	30.0	56.00.0	0.0	0.0	0.0	165.0	0.0	68.0	85.0	0.0
	5p	-	28	67944.0	40666.0	42698.0	62617.0	213925.0	87.0	134.0	104.0	79.0	28.0	37.0	17.0	23.0	25.0	32.0	19.0	59.00.0	0.0	0.0	0.0	185.0	0.0	73.0	79.0	0.0
	5p	-	29	68188.0	40655.0	42202.0	62831.0	213876.0	80.0	196.0	105.0	67.0	40.0	32.0	17.0	31.0	33.0	45.0	24.0	64.00.0	0.0	0.0	0.0	188.0	0.0	67.0	78.0	0.0
	5p	-	30	68685.0	40689.0	42363.0	62119.0	213856.0	95.0	421.0	102.0	80.0	38.0	41.0	20.0	38.0	24.0	46.0	25.0	75.00.0	0.0	0.0	0.0	163.0	0.0	63.0	83.0	0.0
	5p	-	31	67094.0	39238.0	40160.0	59948.0	206440.0	102.0	397.0	104.0	77.0	25.0	42.0	18.0	41.0	30.0	49.0	16.0	59.00.0	0.0	0.0	0.0	147.0	0.0	56.0	73.0	0.0
	5p	-	32	64260.0	37487.0	39096.0	57930.0	198773.0	80.0	413.0	112.0	79.0	29.0	37.0	16.0	29.0	32.0	41.0	25.0	70.00.0	0.0	0.0	0.0	154.0	0.0	64.0	56.0	0.0
	5p	-	33	62157.0	35686.0	37729.0	55514.0	191086.0	93.0	463.0	109.0	66.0	29.0	47.0	13.0	30.0	21.0	49.0	20.0	67.00.0	0.0	0.0	0.0	121.0	0.0	84.0	57.0	0.0
	5p	-	34	59995.0	34336.0	36058.0	53143.0	183532.0	79.0	415.0	100.0	72.0	30.0	43.0	19.0	37.0	28.0	45.0	17.0	45.00.0	0.0	0.0	0.0	147.0	0.0	59.0	50.0	0.0
	5p	-	35	57334.0	32748.0	34422.0	51255.0	175759.0	83.0	397.0	81.0	60.0	27.0	36.0	22.0	27.0	31.0	43.0	17.0	67.00.0	0.0	0.0	0.0	130.0	0.0	51.0	73.0	0.0
	5p	-	36	54697.0	31707.0	33332.0	48402.0	168138.0	80.0	407.0	100.0	60.0	34.0	39.0	17.0	30.0	24.0	42.0	21.0	47.00.0	0.0	0.0	0.0	122.0	0.0	57.0	72.0	0.0
	5p	-	37	52539.0	29784.0	31649.0	46653.0	160625.0	88.0	391.0	75.0	63.0	34.0	38.0	9.0	39.0	20.0	38.0	17.0	47.00.0	0.0	0.0	0.0	109.0	0.0	52.0	61.0	0.0
	5p	-	38	50594.0	28195.0	29985.0	44275.0	153049.0	74.0	418.0	79.0	73.0	25.0	45.0	19.0	19.0	28.0	47.0	17.0	49.00.0	0.0	0.0	0.0	111.0	0.0	56.0	45.0	0.0
	5p	-	39	47887.0	26768.0	28839.0	42165.0	145659.0	71.0	409.0	96.0	53.0	33.0	38.0	12.0	32.0	31.0	38.0	18.0	53.00.0	0.0	0.0	0.0	93.0	0.0	48.0	38.0	0.0
	5p	-	40	45097.0	25741.0	27310.0	40376.0	138524.0	77.0	347.0	82.0	49.0	24.0	36.0	17.0	37.0	27.0	36.0	23.0	54.00.0	0.0	0.0	0.0	122.0	0.0	45.0	47.0	0.0
	5p	-	41	43010.0	24617.0	25636.0	38183.0	131446.0	62.0	374.0	84.0	41.0	16.0	43.0	16.0	25.0	26.0	42.0	16.0	46.00.0	0.0	0.0	0.0	116.0	0.0	38.0	36.0	0.0
	5p	-	42	40770.0	23207.0	24463.0	36293.0	124733.0	68.0	373.0	75.0	46.0	21.0	43.0	14.0	33.0	27.0	51.0	13.0	44.00.0	0.0	0.0	0.0	95.0	0.0	41.0	40.0	0.0
	5p	-	43	38656.0	22109.0	23089.0	34354.0	118208.0	54.0	382.0	76.0	54.0	25.0	40.0	13.0	26.0	24.0	38.0	18.0	48.00.0	0.0	0.0	0.0	95.0	0.0	32.0	42.0	0.0
	5p	-	44	36528.0	20645.0	22074.0	32682.0	111929.0	64.0	341.0	65.0	55.0	27.0	39.0	9.0	26.0	28.0	43.0	15.0	45.00.0	0.0	0.0	0.0	66.0	0.0	27.0	26.0	0.0
	5p	-	45	34548.0	19631.0	20671.0	30891.0	105741.0	72.0	306.0	66.0	35.0	27.0	35.0	15.0	32.0	22.0	44.0	13.0	36.00.0	0.0	0.0	0.0	71.0	0.0	37.0	34.0	0.0
	5p	-	46	32524.0	18562.0	19737.0	29144.0	99967.0	58.0	309.0	52.0	35.0	20.0	45.0	9.0	29.0	25.0	26.0	10.0	45.00.0	0.0	0.0	0.0	76.0	0.0	32.0	34.0	0.0
	5p	-	47	30803.0	17696.0	18544.0	27537.0	94580.0	49.0	303.0	53.0	34.0	21.0	24.0	6.0	31.0	18.0	37.0	12.0	30.00.0	0.0	0.0	0.0	62.0	0.0	30.0	29.0	0.0
	5p	-	48	29126.0	16667.0	17505.0	26095.0	89393.0	41.0	271.0	55.0	43.0	21.0	41.0	13.0	19.0	15.0	36.0	16.0	28.00.0	0.0	0.0	0.0	82.0	0.0	36.0	33.0	0.0
	5p	-	49	27422.0	15915.0	16716.0	24529.0	84582.0	48.0	282.0	52.0	32.0	14.0	25.0	14.0	19.0	13.0	37.0	9.0	31.00.0	0.0	0.0	0.0	67.0	0.0	24.0	26.0	0.0
	5p	-	50	26037.0	14840.0	15756.0	23180.0	79813.0	40.0	228.0	53.0	34.0	19.0	28.0	6.0	16.0	13.0	29.0	9.0	33.00.0	0.0	0.0	0.0	57.0	0.0	32.0	28.0	0.0
	5p	-	51	24401.0	14175.0	14843.0	21896.0	75315.0	40.0	227.0	64.0	38.0	17.0	34.0	6.0	15.0	13.0	26.0	6.0	27.00.0	0.0	0.0	0.0	55.0	0.0	29.0	33.0	0.0
	5p	-	52	22845.0	13405.0	14037.0	20822.0	71109.0	40.0	191.0	34.0	31.0	14.0	24.0	5.0	21.0	15.0	12.0	11.0	28.00.0	0.0	0.0	0.0	44.0	0.0	26.0	19.0	0.0
	5p	-	53	21630.0	12494.0	13137.0	19889.0	67150.0	47.0	222.0	34.0	37.0	12.0	26.0	6.0	18.0	14.0	26.0	6.0	30.00.0	0.0	0.0	0.0	49.0	0.0	21.0	24.0	0.0
	5p	-	54	20364.0	11918.0	12641.0	18608.0	63531.0	31.0	177.0	36.0	21.0	12.0	19.0	12.0	14.0	13.0	8.0	8.0	21.00.0	0.0	0.0	0.0	50.0	0.0	20.0	22.0	0.0
	5p	-	55	19454.0	11236.0	11743.0	17684.0	60117.0	34.0	176.0	43.0	26.0	15.0	27.0	2.0	16.0	10.0	18.0	10.0	19.00.0	0.0	0.0	0.0	44.0	0.0	19.0	22.0	0.0
	5p	-	56	18247.0	10636.0	11347.0	16619.0	56849.0	28.0	130.0	33.0	26.0	7.0	15.0	5.0	16.0	7.0	20.0	10.0	28.00.0	0.0	0.0	0.0	36.0	0.0	26.0	23.0	0.0
	5p	-	57	17229.0	10452.0	10621.0	15565.0	53867.0	33.0	143.0	41.0	20.0	10.0	19.0	8.0	15.0	5.0	23.0	7.0	19.00.0	0.0	0.0	0.0	42.0	0.0	21.0	22.0	0.0
	5p	-	58	16197.0	9786.0	10164.0	14956.0	51103.0	20.0	157.0	30.0	25.0	10.0	21.0	5.0	8.0	21.0	18.0	9.0	19.00.0	0.0	0.0	0.0	35.0	0.0	16.0	13.0	0.0
	5p	-	59	15230.0	9281.0	9713.0	14226.0	48450.0	26.0	136.0	29.0	29.0	7.0	17.0	11.0	13.0	5.0	14.0	6.0	16.00.0	0.0	0.0	0.0	41.0	0.0	9.0	22.0	0.0
	5p	-	60	14666.0	8687.0	9246.0	13337.0	45936.0	28.0	108.0	36.0	26.0	10.0	14.0	3.0	13.0	9.0	16.0	9.0	24.00.0	0.0	0.0	0.0	35.0	0.0	17.0	13.0	0.0
	5p	-	61	13834.0	8285.0	8699.0	12830.0	43648.0	24.0	102.0	20.0	23.0	11.0	9.0	11.0	8.0	12.0	13.0	3.0	16.00.0	0.0	0.0	0.0	31.0	0.0	20.0	11.0	0.0
	5p	-	62	12985.0	7870.0	8241.0	12338.0	41434.0	32.0	109.0	20.0	14.0	9.0	17.0	4.0	11.0	6.0	13.0	3.0	13.00.0	0.0	0.0	0.0	29.0	0.0	6.0	10.0	0.0
	5p	-	63	12430.0	7586.0	7872.0	11451.0	39339.0	29.0	104.0	31.0	21.0	9.0	19.0	5.0	10.0	9.0	19.0	3.0	11.00.0	0.0	0.0	0.0	26.0	0.0	12.0	13.0	0.0
	5p	-	64	11757.0	7271.0	7317.0	10973.0	37318.0	18.0	80.0	25.0	16.0	9.0	11.0	4.0	10.0	11.0	16.0	6.0	13.00.0	0.0	0.0	0.0	26.0	0.0	9.0	8.0	0.0
	5p	-	65	11105.0	6974.0	7006.0	10373.0	35458.0	20.0	94.0	25.0	21.0	4.0	11.0	6.0	7.0	8.0	11.0	7.0	12.00.0	0.0	0.0	0.0	18.0	0.0	14.0	14.0	0.0
	5p	-	66	10601.0	6685.0	6726.0	9859.0	33871.0	20.0	70.0	21.0	17.0	7.0	10.0	5.0	11.0	2.0	9.0	2.0	19.00.0	0.0	0.0	0.0	18.0	0.0	7.0	11.0	0.0
	5p	-	67	10149.0	6361.0	6408.0	9474.0	32392.0	21.0	78.0	22.0	12.0	12.0	13.0	7.0	11.0	7.0	17.0	5.0	16.00.0	0.0	0.0	0.0	23.0	0.0	7.0	10.0	0.0
	5p	-	68	9872.0	5893.0	6160.0	8988.0	30913.0	20.0	77.0	16.0	18.0	6.0	4.0	4.0	15.0	6.0	9.0	3.0	6.00.0	0.0	0.0	0.0	19.0	0.0	5.0	9.0	0.0
	5p	-	69	9395.0	5792.0	5835.0	8515.0	29537.0	17.0	56.0	11.0	5.0	8.0	10.0	1.0	5.0	5.0	11.0	5.0	10.00.0	0.0	0.0	0.0	11.0	0.0	8.0	7.0	0.0
	5p	-	70	9020.0	5416.0	5591.0	8157.0	28184.0	13.0	61.0	17.0	9.0	6.0	6.0	6.0	8.0	6.0	10.0	4.0	9.00.0	0.0	0.0	0.0	12.0	0.0	7.0	14.0	0.0
	5p	-	71	8312.0	5261.0	5543.0	7832.0	26948.0	20.0	53.0	10.0	11.0	10.0	11.0	4.0	6.0	7.0	6.0	6.0	13.00.0	0.0	0.0	0.0	19.0	0.0	7.0	7.0	0.0
	5p	-	72	8048.0	5155.0	4983.0	7601.0	25787.0	11.0	53.0	15.0	11.0	3.0	9.0	2.0	6.0	6.0	6.0	3.0	12.00.0	0.0	0.0	0.0	19.0	0.0	4.0	2.0	0.0
	5p	-	73	7740.0	4868.0	4873.0	7224.0	24705.0	13.0	37.0	15.0	11.0	2.0	10.0	5.0	4.0	9.0	10.0	2.0	3.00.0	0.0	0.0	0.0	11.0	0.0	5.0	5.0	0.0
	5p	-	74	7411.0	4671.0	4653.0	6892.0	23627.0	12.0	39.0	17.0	12.0	7.0	6.0	2.0	8.0	1.0	7.0	6.0	4.00.0	0.0	0.0	0.0	14.0	0.0	8.0	4.0	0.0
	5p	-	75	7074.0	4522.0	4504.0	6607.0	22707.0	11.0	43.0	15.0	12.0	4.0	8.0	4.0	7.0	3.0	7.0	1.0	5.00.0	0.0	0.0	0.0	15.0	0.0	7.0	5.0	0.0
	5p	-	76	6789.0	4267.0	4328.0	6387.0	21771.0	10.0	34.0	12.0	13.0	6.0	7.0	4.0	3.0	6.0	6.0	3.0	5.00.0	0.0	0.0	0.0	14.0	0.0	9.0	5.0	0.0
	5p	-	77	6411.0	4131.0	4153.0	6169.0	20864.0	10.0	36.0	9.0	11.0	2.0	5.0	2.0	0.0	6.0	7.0	1.0	7.00.0	0.0	0.0	0.0	10.0	0.0	6.0	8.0	0.0
	5p	-	78	6165.0	4020.0	3990.0	5858.0	20033.0	8.0	36.0	13.0	3.0	4.0	8.0	5.0	7.0	9.0	3.0	4.0	6.00.0	0.0	0.0	0.0	13.0	0.0	7.0	4.0	0.0
	5p	-	79	6015.0	3888.0	3840.0	5508.0	19251.0	11.0	29.0	9.0	6.0	4.0	6.0	1.0	5.0	4.0	6.0	3.0	8.00.0	0.0	0.0	0.0	11.0	0.0	6.0	3.0	0.0
	5p	-	80	5671.0	3689.0	3616.0	5562.0	18538.0	9.0	35.0	13.0	6.0	2.0	5.0	3.0	3.0	2.0	5.0	4.0	5.00.0	0.0	0.0	0.0	4.0	0.0	8.0	4.0	0.0
	5p	-	81	5475.0	3541.0	3617.0	5172.0	17805.0	13.0	32.0	9.0	4.0	8.0	6.0	3.0	5.0	0.0	7.0	1.0	4.00.0	0.0	0.0	0.0	7.0	0.0	5.0	1.0	0.0
	5p	-	82	5209.0	3352.0	3474.0	5130.0	17165.0	9.0	27.0	2.0	5.0	4.0	4.0	2.0	2.0	5.0	9.0	1.0	2.00.0	0.0	0.0	0.0	13.0	0.0	3.0	1.0	0.0
	5p	-	83	5104.0	3282.0	3305.0	4858.0	16549.0	4.0	23.0	9.0	10.0	6.0	2.0	2.0	7.0	6.0	5.0	1.0	6.00.0	0.0	0.0	0.0	8.0	0.0	1.0	2.0	0.0
	5p	-	84	4858.0	3210.0	3192.0	4673.0	15933.0	10.0	21.0	4.0	6.0	6.0	6.0	2.0	5.0	3.0	3.0	8.0	5.00.0	0.0	0.0	0.0	4.0	0.0	6.0	2.0	0.0
	5p	-	85	4739.0	3114.0	3032.0	4460.0	15345.0	9.0	17.0	7.0	4.0	4.0	5.0	1.0	6.0	2.0	9.0	1.0	4.00.0	0.0	0.0	0.0	11.0	0.0	5.0	3.0	0.0
	5p	-	86	4650.0	2966.0	2976.0	4254.0	14846.0	13.0	23.0	8.0	5.0	5.0	3.0	1.0	7.0	1.0	4.0	2.0	7.00.0	0.0	0.0	0.0	9.0	0.0	2.0	3.0	0.0
	5p	-	87	4477.0	2832.0	2841.0	4158.0	14308.0	4.0	19.0	12.0	10.0	3.0	3.0	4.0	3.0	2.0	4.0	0.0	5.00.0	0.0	0.0	0.0	2.0	0.0	2.0	2.0	0.0
	5p	-	88	4265.0	2757.0	2790.0	4009.0	13821.0	10.0	18.0	10.0	6.0	2.0	4.0	1.0	8.0	3.0	4.0	3.0	1.00.0	0.0	0.0	0.0	8.0	0.0	2.0	0.0	0.0
	5p	-	89	4139.0	2685.0	2682.0	3839.0	13345.0	12.0	9.0	6.0	6.0	1.0	2.0	1.0	1.0	6.0	2.0	3.0	3.00.0	0.0	0.0	0.0	2.0	0.0	3.0	1.0	0.0
	5p	-	90	3987.0	2553.0	2615.0	3721.0	12876.0	3.0	12.0	7.0	6.0	6.0	4.0	1.0	1.0	2.0	4.0	1.0	6.00.0	0.0	0.0	0.0	7.0	0.0	2.0	4.0	0.0
	5p	-	91	3867.0	2520.0	2485.0	3627.0	12499.0	8.0	13.0	8.0	4.0	4.0	3.0	0.0	4.0	2.0	3.0	4.0	6.00.0	0.0	0.0	0.0	5.0	0.0	1.0	1.0	0.0
	5p	-	92	3733.0	2406.0	2396.0	3562.0	12097.0	7.0	11.0	8.0	2.0	1.0	6.0	1.0	4.0	3.0	1.0	2.0	5.00.0	0.0	0.0	0.0	3.0	0.0	0.0	0.0	0.0
	5p	-	93	3560.0	2323.0	2368.0	3464.0	11715.0	4.0	14.0	9.0	8.0	2.0	5.0	1.0	4.0	1.0	1.0	1.0	2.00.0	0.0	0.0	0.0	3.0	0.0	3.0	3.0	0.0
	5p	-	94	3511.0	2202.0	2327.0	3319.0	11359.0	5.0	12.0	6.0	5.0	3.0	5.0	0.0	1.0	1.0	8.0	1.0	5.00.0	0.0	0.0	0.0	3.0	0.0	5.0	3.0	0.0
	5p	-	95	3365.0	2239.0	2230.0	3168.0	11002.0	6.0	11.0	6.0	4.0	3.0	2.0	1.0	5.0	1.0	7.0	0.0	1.00.0	0.0	0.0	0.0	4.0	0.0	1.0	0.0	0.0
	5p	-	96	3189.0	2076.0	2137.0	3253.0	10655.0	10.0	17.0	3.0	4.0	0.0	5.0	0.0	4.0	2.0	3.0	0.0	3.00.0	0.0	0.0	0.0	2.0	0.0	3.0	0.0	0.0
	5p	-	97	3072.0	2119.0	2088.0	3052.0	10331.0	5.0	6.0	6.0	2.0	5.0	2.0	0.0	5.0	2.0	3.0	0.0	4.00.0	0.0	0.0	0.0	1.0	0.0	0.0	1.0	0.0
	5p	-	98	3061.0	2015.0	1912.0	2995.0	9983.0	1.0	15.0	3.0	6.0	1.0	4.0	3.0	1.0	2.0	1.0	2.0	2.00.0	0.0	0.0	0.0	3.0	0.0	1.0	2.0	0.0
	5p	-	99	2971.0	1907.0	1975.0	2842.0	9695.0	5.0	14.0	3.0	1.0	4.0	1.0	0.0	2.0	3.0	2.0	0.0	3.00.0	0.0	0.0	0.0	4.0	0.0	1.0	2.0	0.0
	5p	-	100	2871.0	1876.0	1870.0	2792.0	9409.0	3.0	9.0	8.0	3.0	1.0	2.0	1.0	2.0	1.0	0.0	2.0	2.00.0	0.0	0.0	0.0	3.0	0.0	2.0	1.0	0.0
