# table produced by DamageProfiler
# using mapped file PaA005.BuffaloCape_Human_nc.Target.rmdup.noMicro.bam
# Sample ID: PaA005.BuffaloCape_Human_nc.Target.rmdup.noMicro.bam
Pos	C>T	G>A	A>C	A>G	A>T	C>A	C>G	G>C	G>T	T>A	T>C	T>G	->ACGT	ACGT>-
24	0.000000	0.000000	0.016667	0.016667	0.016667	0.021277	0.000000	0.000000	0.027027	0.043478	0.043478	0.021739	0.010526	0.000000
23	0.021739	0.069767	0.000000	0.018182	0.000000	0.000000	0.000000	0.000000	0.046512	0.000000	0.021277	0.042553	0.005236	0.000000
22	0.021739	0.050000	0.000000	0.000000	0.000000	0.021739	0.021739	0.025000	0.025000	0.000000	0.060000	0.000000	0.010471	0.000000
21	0.033333	0.046512	0.000000	0.000000	0.000000	0.000000	0.000000	0.023256	0.000000	0.000000	0.016949	0.016949	0.031746	0.000000
20	0.018868	0.023256	0.000000	0.035714	0.017857	0.018868	0.000000	0.023256	0.023256	0.000000	0.000000	0.000000	0.015707	0.000000
19	0.000000	0.025000	0.053571	0.000000	0.017857	0.018519	0.037037	0.025000	0.000000	0.023256	0.000000	0.023256	0.005181	0.000000
18	0.020408	0.051282	0.016949	0.000000	0.000000	0.040816	0.020408	0.000000	0.000000	0.022222	0.000000	0.000000	0.010417	0.000000
17	0.050000	0.000000	0.015152	0.000000	0.000000	0.000000	0.025000	0.078947	0.000000	0.019608	0.019608	0.019608	0.000000	0.000000
16	0.000000	0.022727	0.000000	0.056604	0.018868	0.000000	0.000000	0.000000	0.000000	0.000000	0.057692	0.019231	0.020942	0.000000
15	0.000000	0.000000	0.076923	0.046154	0.015385	0.021739	0.000000	0.000000	0.000000	0.000000	0.022222	0.000000	0.010363	0.000000
14	0.000000	0.000000	0.000000	0.018182	0.000000	0.000000	0.024390	0.000000	0.022222	0.000000	0.039216	0.039216	0.015625	0.000000
13	0.048780	0.075000	0.018868	0.000000	0.018868	0.024390	0.000000	0.000000	0.000000	0.000000	0.018519	0.000000	0.026596	0.000000
12	0.045455	0.027027	0.000000	0.000000	0.000000	0.000000	0.022727	0.000000	0.000000	0.000000	0.040000	0.000000	0.021164	0.000000
11	0.000000	0.025000	0.000000	0.039216	0.000000	0.019608	0.058824	0.050000	0.000000	0.000000	0.019608	0.000000	0.000000	0.000000
10	0.000000	0.100000	0.000000	0.039216	0.000000	0.022222	0.022222	0.000000	0.000000	0.000000	0.017857	0.000000	0.015625	0.000000
9	0.078431	0.051282	0.018182	0.000000	0.000000	0.000000	0.000000	0.025641	0.025641	0.042553	0.042553	0.000000	0.010417	0.000000
8	0.022222	0.000000	0.032787	0.032787	0.000000	0.000000	0.000000	0.000000	0.000000	0.000000	0.023810	0.000000	0.000000	0.000000
7	0.044444	0.051282	0.013699	0.013699	0.013699	0.022222	0.022222	0.000000	0.000000	0.027778	0.000000	0.000000	0.010363	0.000000
6	0.000000	0.076923	0.000000	0.014706	0.014706	0.023256	0.000000	0.000000	0.076923	0.000000	0.078431	0.000000	0.021277	0.000000
5	0.022727	0.052632	0.018182	0.018182	0.000000	0.022727	0.000000	0.000000	0.026316	0.036364	0.018182	0.000000	0.015625	0.000000
4	0.035088	0.000000	0.042553	0.000000	0.021277	0.017544	0.000000	0.000000	0.050000	0.000000	0.020000	0.040000	0.005155	0.000000
3	0.000000	0.028571	0.015152	0.015152	0.015152	0.000000	0.000000	0.000000	0.000000	0.000000	0.043478	0.000000	0.005155	0.000000
2	0.036364	0.029412	0.051724	0.034483	0.000000	0.000000	0.018182	0.029412	0.029412	0.020833	0.083333	0.000000	0.000000	0.000000
1	0.017857	0.027778	0.000000	0.016393	0.000000	0.035714	0.035714	0.027778	0.055556	0.000000	0.047619	0.023810	0.000000	0.000000
0	0.025641	0.083333	0.000000	0.000000	0.000000	0.000000	0.051282	0.000000	0.000000	0.021277	0.106383	0.000000	0.000000	0.000000
