# table produced by DamageProfiler
# using mapped file PaA027.BuffaloCape_Human_nc.Target.rmdup.noMicro.bam
# Sample ID: PaA027.BuffaloCape_Human_nc.Target.rmdup.noMicro.bam
Pos	C>T	G>A	A>C	A>G	A>T	C>A	C>G	G>C	G>T	T>A	T>C	T>G	->ACGT	ACGT>-
0	0.020000	0.033149	0.015424	0.025707	0.017995	0.020000	0.020000	0.033149	0.049724	0.044983	0.027682	0.017301	0.000000	0.000000
1	0.043902	0.026667	0.011662	0.026239	0.017493	0.039024	0.019512	0.031111	0.022222	0.027972	0.038462	0.024476	0.000000	0.000000
2	0.024876	0.035897	0.016173	0.010782	0.032345	0.004975	0.019900	0.015385	0.025641	0.041379	0.013793	0.024138	0.001892	0.000000
3	0.004762	0.045977	0.026239	0.017493	0.014577	0.023810	0.019048	0.022989	0.028736	0.015528	0.034161	0.034161	0.006673	0.000000
4	0.009804	0.031847	0.030303	0.030303	0.021212	0.024510	0.034314	0.019108	0.025478	0.022727	0.032468	0.016234	0.033033	0.000000
5	0.042553	0.018433	0.026144	0.039216	0.019608	0.026596	0.015957	0.032258	0.027650	0.026316	0.009868	0.009868	0.019704	0.000000
6	0.013453	0.028846	0.015723	0.022013	0.012579	0.013453	0.017937	0.019231	0.009615	0.022059	0.022059	0.025735	0.017630	0.000000
7	0.026178	0.021739	0.017045	0.022727	0.019886	0.010471	0.026178	0.048913	0.027174	0.033333	0.013333	0.016667	0.015579	0.000000
8	0.026549	0.011765	0.019284	0.030303	0.008264	0.017699	0.004425	0.029412	0.041176	0.011811	0.043307	0.027559	0.020731	0.000000
9	0.020408	0.022346	0.016129	0.018817	0.008065	0.025510	0.015306	0.011173	0.011173	0.014286	0.014286	0.035714	0.017527	0.000000
10	0.019704	0.051429	0.021390	0.024064	0.018717	0.034483	0.009852	0.028571	0.017143	0.040293	0.040293	0.003663	0.017561	0.000000
11	0.020513	0.022599	0.027322	0.010929	0.019126	0.020513	0.015385	0.011299	0.016949	0.035461	0.021277	0.028369	0.020588	0.000000
12	0.020513	0.041885	0.008310	0.005540	0.027701	0.030769	0.051282	0.015707	0.026178	0.050000	0.028571	0.014286	0.012658	0.000000
13	0.019139	0.044444	0.023392	0.005848	0.032164	0.014354	0.023923	0.033333	0.016667	0.029801	0.023179	0.013245	0.013553	0.000000
14	0.027149	0.044693	0.030030	0.033033	0.018018	0.036199	0.018100	0.033520	0.022346	0.024476	0.017483	0.020979	0.015702	0.000000
15	0.035533	0.027624	0.026012	0.023121	0.020231	0.005076	0.015228	0.027624	0.011050	0.026756	0.030100	0.016722	0.016618	0.000000
16	0.031915	0.038674	0.024540	0.030675	0.018405	0.037234	0.031915	0.011050	0.016575	0.015337	0.015337	0.021472	0.020568	0.000000
17	0.018182	0.025000	0.028986	0.023188	0.026087	0.018182	0.022727	0.018750	0.018750	0.020202	0.020202	0.006734	0.019569	0.000000
18	0.042254	0.025381	0.025862	0.037356	0.008621	0.028169	0.014085	0.015228	0.040609	0.018727	0.022472	0.022472	0.015610	0.000000
19	0.028436	0.034884	0.035608	0.026706	0.017804	0.009479	0.033175	0.017442	0.034884	0.016722	0.026756	0.006689	0.022571	0.000000
20	0.024096	0.015464	0.021164	0.031746	0.021164	0.030120	0.024096	0.005155	0.010309	0.025271	0.021661	0.025271	0.025616	0.000000
21	0.016304	0.032258	0.029810	0.024390	0.008130	0.032609	0.032609	0.000000	0.032258	0.034483	0.044828	0.010345	0.014577	0.000000
22	0.017857	0.023121	0.022959	0.015306	0.010204	0.041667	0.035714	0.017341	0.017341	0.027972	0.034965	0.027972	0.015702	0.000000
23	0.010417	0.017045	0.015584	0.012987	0.020779	0.041667	0.026042	0.017045	0.011364	0.035714	0.032143	0.010714	0.007744	0.000000
24	0.038835	0.031579	0.020305	0.020305	0.017766	0.019417	0.019417	0.026316	0.042105	0.025316	0.025316	0.016878	0.016553	0.000000
