# table produced by DamageProfiler
# using mapped file RxA003.ReedbuckBh_Human_nc.Target.rmdup.noMicro.bam
# Sample ID: RxA003.ReedbuckBh_Human_nc.Target.rmdup.noMicro.bam
Pos	C>T	G>A	A>C	A>G	A>T	C>A	C>G	G>C	G>T	T>A	T>C	T>G	->ACGT	ACGT>-
24	0.019763	0.033473	0.016432	0.030516	0.009390	0.011858	0.015810	0.012552	0.020921	0.006494	0.025974	0.019481	0.025285	0.000000
23	0.008368	0.012931	0.014118	0.011765	0.021176	0.033473	0.020921	0.008621	0.012931	0.015198	0.021277	0.009119	0.026122	0.000000
22	0.042918	0.045455	0.021930	0.013158	0.008772	0.025751	0.021459	0.018182	0.018182	0.021407	0.024465	0.021407	0.017799	0.000000
21	0.018605	0.025974	0.017978	0.015730	0.015730	0.018605	0.013953	0.038961	0.008658	0.023121	0.020231	0.011561	0.014551	0.000000
20	0.009174	0.015326	0.016827	0.021635	0.019231	0.004587	0.009174	0.003831	0.038314	0.017699	0.011799	0.014749	0.017018	0.000000
19	0.030172	0.022388	0.012887	0.020619	0.012887	0.017241	0.021552	0.022388	0.022388	0.017544	0.020468	0.011696	0.021138	0.000000
18	0.025105	0.021368	0.013889	0.009259	0.018519	0.012552	0.016736	0.008547	0.038462	0.015432	0.033951	0.012346	0.023596	0.000000
17	0.033613	0.027397	0.018182	0.011364	0.015909	0.016807	0.012605	0.027397	0.022831	0.026163	0.026163	0.008721	0.012893	0.000000
16	0.012821	0.020921	0.021277	0.018913	0.016548	0.012821	0.017094	0.029289	0.029289	0.011765	0.026471	0.017647	0.016990	0.000000
15	0.033755	0.036885	0.012346	0.024691	0.007407	0.016878	0.004219	0.028689	0.020492	0.032934	0.029940	0.026946	0.026230	0.000000
14	0.029661	0.027559	0.027842	0.020882	0.027842	0.029661	0.025424	0.011811	0.007874	0.018927	0.018927	0.022082	0.016155	0.000000
13	0.025974	0.042017	0.004619	0.027714	0.013857	0.017316	0.017316	0.016807	0.012605	0.029586	0.026627	0.008876	0.013710	0.000000
12	0.034632	0.045662	0.017131	0.019272	0.014989	0.025974	0.017316	0.013699	0.013699	0.026144	0.022876	0.009804	0.020442	0.000000
11	0.027149	0.042918	0.013730	0.022883	0.020595	0.031674	0.009050	0.021459	0.017167	0.027607	0.033742	0.018405	0.028759	0.000000
10	0.045082	0.037500	0.011876	0.028504	0.028504	0.016393	0.012295	0.025000	0.029167	0.009346	0.012461	0.015576	0.021207	0.000000
9	0.012931	0.032000	0.015766	0.027027	0.015766	0.038793	0.017241	0.020000	0.004000	0.029032	0.032258	0.022581	0.019417	0.000000
8	0.047847	0.044053	0.006237	0.014553	0.012474	0.028708	0.019139	0.030837	0.008811	0.003165	0.028481	0.018987	0.020276	0.000000
7	0.023148	0.036585	0.030023	0.020785	0.004619	0.032407	0.018519	0.016260	0.024390	0.009009	0.027027	0.012012	0.019544	0.000000
6	0.026549	0.051282	0.004535	0.022676	0.006803	0.022124	0.022124	0.012821	0.012821	0.030864	0.021605	0.024691	0.022041	0.000000
5	0.017778	0.045833	0.015656	0.023483	0.017613	0.035556	0.013333	0.012500	0.025000	0.000000	0.032609	0.028986	0.006390	0.000000
4	0.028708	0.042017	0.017110	0.022814	0.005703	0.028708	0.019139	0.004202	0.025210	0.031034	0.006897	0.027586	0.000792	0.000000
3	0.023904	0.033613	0.014113	0.010081	0.016129	0.039841	0.023904	0.016807	0.008403	0.014337	0.014337	0.014337	0.000000	0.000000
2	0.013333	0.020243	0.013917	0.019881	0.017893	0.040000	0.022222	0.020243	0.024291	0.041522	0.006920	0.027682	0.000000	0.000000
1	0.022556	0.036036	0.019802	0.023762	0.011881	0.041353	0.011278	0.022523	0.009009	0.033333	0.040741	0.007407	0.000792	0.000000
0	0.053571	0.037344	0.014109	0.022928	0.014109	0.035714	0.029762	0.016598	0.037344	0.034722	0.024306	0.027778	0.000000	0.000000
