# table produced by DamageProfiler
# using mapped file RxA003.ReedbuckBh_Human_nc.Target.rmdup.noMicro.bam
# Sample ID: RxA003.ReedbuckBh_Human_nc.Target.rmdup.noMicro.bam
Pos	C>T	G>A	A>C	A>G	A>T	C>A	C>G	G>C	G>T	T>A	T>C	T>G	->ACGT	ACGT>-
0	0.008850	0.048000	0.017621	0.026432	0.019824	0.013274	0.022124	0.016000	0.028000	0.033033	0.009009	0.024024	0.000000	0.000000
1	0.037559	0.024793	0.018182	0.020455	0.027273	0.028169	0.028169	0.004132	0.041322	0.021798	0.008174	0.019074	0.000792	0.000000
2	0.030435	0.034965	0.021077	0.016393	0.018735	0.039130	0.026087	0.013986	0.024476	0.040881	0.015723	0.015723	0.001586	0.000000
3	0.027344	0.015748	0.019093	0.016706	0.011933	0.023438	0.023438	0.011811	0.003937	0.006042	0.006042	0.006042	0.000794	0.000000
4	0.030189	0.016461	0.017157	0.024510	0.017157	0.018868	0.022642	0.024691	0.008230	0.006390	0.022364	0.019169	0.015460	0.000000
5	0.026022	0.020080	0.020460	0.040921	0.020460	0.000000	0.007435	0.024096	0.024096	0.018750	0.018750	0.028125	0.015460	0.000000
6	0.008475	0.029915	0.014151	0.011792	0.016509	0.021186	0.016949	0.017094	0.025641	0.015674	0.018809	0.015674	0.021434	0.000000
7	0.051587	0.037736	0.022173	0.013304	0.008869	0.019841	0.015873	0.014151	0.014151	0.015625	0.021875	0.028125	0.014575	0.000000
8	0.014423	0.008734	0.006623	0.019868	0.011038	0.033654	0.014423	0.026201	0.013100	0.026239	0.026239	0.002915	0.010543	0.000000
9	0.019704	0.026718	0.019231	0.026442	0.009615	0.009852	0.014778	0.015267	0.022901	0.022472	0.022472	0.008427	0.008892	0.000000
10	0.025424	0.018727	0.021327	0.023697	0.016588	0.016949	0.016949	0.014981	0.022472	0.019481	0.012987	0.006494	0.011354	0.000000
11	0.008772	0.027888	0.016867	0.007229	0.012048	0.017544	0.017544	0.007968	0.035857	0.020588	0.023529	0.029412	0.012966	0.000000
12	0.016129	0.018692	0.018692	0.011682	0.018692	0.016129	0.012097	0.014019	0.032710	0.019943	0.019943	0.014245	0.009670	0.000000
13	0.034783	0.034335	0.026005	0.018913	0.009456	0.017391	0.030435	0.021459	0.025751	0.016949	0.028249	0.008475	0.009677	0.000000
14	0.032520	0.021368	0.009780	0.019560	0.019560	0.016260	0.004065	0.038462	0.021368	0.023121	0.020231	0.026012	0.009717	0.000000
15	0.026316	0.024490	0.014851	0.024752	0.014851	0.026316	0.017544	0.020408	0.012245	0.028329	0.031161	0.025496	0.010569	0.000000
16	0.046025	0.047009	0.019048	0.019048	0.019048	0.008368	0.020921	0.008547	0.025641	0.014577	0.020408	0.011662	0.011327	0.000000
17	0.022026	0.054688	0.023641	0.023641	0.011820	0.030837	0.013216	0.027344	0.011719	0.025000	0.018750	0.006250	0.012235	0.000000
18	0.025000	0.032864	0.013072	0.019608	0.023965	0.016667	0.012500	0.023474	0.009390	0.026144	0.029412	0.009804	0.018062	0.000000
19	0.038911	0.046296	0.011905	0.011905	0.021429	0.019455	0.011673	0.018519	0.023148	0.015106	0.027190	0.012085	0.013072	0.000000
20	0.017241	0.031111	0.017391	0.030435	0.021739	0.021552	0.025862	0.022222	0.008889	0.025478	0.025478	0.028662	0.008936	0.000000
21	0.043269	0.048673	0.006397	0.021322	0.014925	0.019231	0.019231	0.030973	0.008850	0.003021	0.021148	0.018127	0.013776	0.000000
22	0.026906	0.028226	0.017544	0.024123	0.013158	0.035874	0.017937	0.016129	0.036290	0.006515	0.022801	0.009772	0.013776	0.000000
23	0.040909	0.048000	0.016509	0.018868	0.002358	0.022727	0.018182	0.024000	0.024000	0.032836	0.032836	0.011940	0.015460	0.000000
24	0.021552	0.042017	0.015730	0.029213	0.011236	0.047414	0.017241	0.016807	0.021008	0.003086	0.027778	0.015432	0.005650	0.000000
