# table produced by DamageProfiler
# using mapped file PaA001.BuffaloCape_Human_nc.Target.rmdup.noMicro.bam
# Sample ID: PaA001.BuffaloCape_Human_nc.Target.rmdup.noMicro.bam
Chr	End	Std	Pos	A	C	G	T	Total
	3p	+	1	18	20	13	9	60
	3p	+	2	22	21	10	7	60
	3p	+	3	23	14	14	9	60
	3p	+	4	21	12	17	10	60
	3p	+	5	30	11	9	10	60
	3p	+	6	15	17	15	13	60
	3p	+	7	19	14	14	13	60
	3p	+	8	21	19	6	14	60
	3p	+	9	14	23	13	10	60
	3p	+	10	21	20	10	9	60
	3p	+	11	19	17	11	13	60
	3p	+	12	20	13	9	18	60
	3p	+	13	12	19	15	14	60
	3p	+	14	16	17	12	15	60
	3p	+	15	15	21	11	13	60
	3p	+	16	18	17	13	12	60
	3p	+	17	17	15	11	17	60
	3p	+	18	17	13	15	15	60
	3p	+	19	20	15	14	11	60
	3p	+	20	15	19	15	11	60
	3p	+	21	19	16	5	20	60
	3p	+	22	15	13	17	15	60
	3p	+	23	16	16	14	14	60
	3p	+	24	7	22	12	19	60
	3p	+	25	16	15	14	15	60
	3p	+	26	18	19	14	9	60
	3p	+	27	14	20	6	20	60
	3p	+	28	13	20	12	15	60
	3p	+	29	17	9	14	20	60
	3p	+	30	13	17	12	18	60
	3p	+	31	8	4	7	6	25
	3p	+	32	5	3	6	2	16
	3p	+	33	1	4	3	2	10
	3p	+	34	1	3	2	2	8
	3p	+	35	1	1	3	2	7
	3p	+	36	2	1	2	2	7
	3p	+	37	0	2	2	3	7
	3p	+	38	0	2	2	2	6
	3p	+	39	1	2	1	2	6
	3p	+	40	3	0	0	3	6
	3p	+	41	1	1	1	2	5
	3p	+	42	2	1	1	1	5
	3p	+	43	1	1	1	2	5
	3p	+	44	1	2	1	1	5
	3p	+	45	2	2	1	0	5
	3p	+	46	3	0	2	0	5
	3p	+	47	1	2	2	0	5
	3p	+	48	2	0	2	1	5
	3p	+	49	1	1	2	1	5
	3p	+	50	0	1	2	2	5
	3p	+	51	1	2	0	2	5
	3p	+	52	2	0	1	2	5
	3p	+	53	1	2	0	2	5
	3p	+	54	2	0	1	2	5
	3p	+	55	3	0	1	1	5
	3p	+	56	1	1	1	2	5
	3p	+	57	2	1	1	1	5
	3p	+	58	1	1	1	2	5
	3p	+	59	2	1	1	1	5
	3p	+	60	3	1	1	0	5
	3p	+	61	1	3	1	0	5
	3p	+	62	1	0	1	3	5
	3p	+	63	3	1	1	0	5
	3p	+	64	3	1	0	1	5
	3p	+	65	4	0	0	0	4
	3p	+	66	2	0	1	1	4
	3p	+	67	1	0	1	2	4
	3p	+	68	3	0	1	0	4
	3p	+	69	1	0	2	1	4
	3p	+	70	1	1	0	2	4
	3p	+	71	2	1	0	1	4
	3p	+	72	1	0	2	1	4
	3p	+	73	0	2	2	0	4
	3p	+	74	3	1	0	0	4
	3p	+	75	1	0	2	1	4
	3p	+	76	3	0	0	1	4
	3p	+	77	1	2	1	0	4
	3p	+	78	0	2	1	1	4
	3p	+	79	3	1	0	0	4
	3p	+	80	0	2	1	1	4
	3p	+	81	2	0	1	0	3
	3p	+	82	2	0	1	0	3
	3p	+	83	1	1	0	1	3
	3p	+	84	0	0	1	2	3
	3p	+	85	2	0	0	1	3
	3p	+	86	0	0	1	2	3
	3p	+	87	3	0	0	0	3
	3p	+	88	1	0	2	0	3
	3p	+	89	0	1	1	1	3
	3p	+	90	1	1	0	1	3
	3p	+	91	1	0	1	1	3
	3p	+	92	2	1	0	0	3
	3p	+	93	0	2	0	1	3
	3p	+	94	1	0	1	1	3
	3p	+	95	0	0	1	2	3
	3p	+	96	2	0	0	1	3
	3p	+	97	1	1	0	1	3
	3p	+	98	0	1	0	2	3
	3p	+	99	0	1	0	2	3
	3p	+	100	1	0	1	1	3
	3p	-	1	15	14	15	17	61
	3p	-	2	16	22	11	12	61
	3p	-	3	17	14	16	14	61
	3p	-	4	16	11	16	18	61
	3p	-	5	16	14	17	14	61
	3p	-	6	14	15	16	16	61
	3p	-	7	16	15	15	15	61
	3p	-	8	15	9	21	16	61
	3p	-	9	25	12	14	10	61
	3p	-	10	17	14	13	17	61
	3p	-	11	13	19	17	12	61
	3p	-	12	19	19	12	11	61
	3p	-	13	22	9	12	18	61
	3p	-	14	13	15	19	14	61
	3p	-	15	14	19	12	16	61
	3p	-	16	16	11	15	19	61
	3p	-	17	19	16	13	13	61
	3p	-	18	13	14	23	11	61
	3p	-	19	15	13	19	14	61
	3p	-	20	14	14	17	16	61
	3p	-	21	17	15	12	17	61
	3p	-	22	18	18	13	12	61
	3p	-	23	22	16	12	11	61
	3p	-	24	16	18	13	14	61
	3p	-	25	15	7	20	19	61
	3p	-	26	12	21	16	12	61
	3p	-	27	20	10	17	14	61
	3p	-	28	21	13	16	11	61
	3p	-	29	16	13	19	13	61
	3p	-	30	17	11	16	17	61
	3p	-	31	8	11	6	8	33
	3p	-	32	2	10	3	4	19
	3p	-	33	2	1	3	1	7
	3p	-	34	2	2	0	1	5
	3p	-	35	1	1	2	0	4
	3p	-	36	1	1	1	1	4
	3p	-	37	1	1	1	1	4
	3p	-	38	1	1	1	0	3
	3p	-	39	0	1	1	1	3
	3p	-	40	2	0	0	1	3
	3p	-	41	1	0	1	1	3
	3p	-	42	0	2	0	1	3
	3p	-	43	0	1	0	2	3
	3p	-	44	0	1	1	1	3
	3p	-	45	0	0	0	2	2
	3p	-	46	1	1	0	0	2
	3p	-	47	1	0	0	1	2
	3p	-	48	1	0	1	0	2
	3p	-	49	0	0	2	0	2
	3p	-	50	1	0	0	1	2
	3p	-	51	0	0	1	1	2
	3p	-	52	2	0	0	0	2
	3p	-	53	2	0	0	0	2
	3p	-	54	0	0	1	1	2
	3p	-	55	1	0	1	0	2
	3p	-	56	1	0	0	1	2
	3p	-	57	0	1	0	1	2
	3p	-	58	0	0	1	1	2
	3p	-	59	1	0	0	1	2
	3p	-	60	0	1	0	1	2
	3p	-	61	1	0	1	0	2
	3p	-	62	0	1	0	1	2
	3p	-	63	0	0	1	0	1
	3p	-	64	0	0	1	0	1
	3p	-	65	0	0	0	1	1
	3p	-	66	0	0	1	0	1
	3p	-	67	1	0	0	0	1
	3p	-	68	1	0	0	0	1
	3p	-	69	0	0	0	1	1
	3p	-	70	0	0	1	0	1
	3p	-	71	1	0	0	0	1
	3p	-	72	0	0	0	1	1
	3p	-	73	0	1	0	0	1
	3p	-	74	1	0	0	0	1
	3p	-	75	0	0	0	1	1
	3p	-	76	0	0	1	0	1
	3p	-	77	0	0	0	1	1
	3p	-	78	0	1	0	0	1
	3p	-	79	0	1	0	0	1
	3p	-	80	0	0	1	0	1
	3p	-	81	0	0	1	0	1
	3p	-	82	0	0	0	1	1
	3p	-	83	0	0	1	0	1
	3p	-	84	0	0	0	1	1
	3p	-	85	0	1	0	0	1
	3p	-	86	0	0	0	1	1
	3p	-	87	0	1	0	0	1
	3p	-	88	0	1	0	0	1
	3p	-	89	1	0	0	0	1
	3p	-	90	0	0	1	0	1
	3p	-	91	1	0	0	0	1
	3p	-	92	0	0	0	0	0
	3p	-	93	0	0	0	0	0
	3p	-	94	0	0	0	0	0
	3p	-	95	0	0	0	0	0
	3p	-	96	0	0	0	0	0
	3p	-	97	0	0	0	0	0
	3p	-	98	0	0	0	0	0
	3p	-	99	0	0	0	0	0
	3p	-	100	0	0	0	0	0
	5p	+	1	19	13	10	18	60
	5p	+	2	15	10	16	19	60
	5p	+	3	15	14	16	15	60
	5p	+	4	14	17	8	21	60
	5p	+	5	16	22	9	13	60
	5p	+	6	20	12	19	9	60
	5p	+	7	15	22	8	15	60
	5p	+	8	11	20	18	11	60
	5p	+	9	12	15	13	20	60
	5p	+	10	19	14	9	18	60
	5p	+	11	18	14	15	13	60
	5p	+	12	19	16	13	12	60
	5p	+	13	23	13	12	12	60
	5p	+	14	13	19	14	14	60
	5p	+	15	18	20	12	10	60
	5p	+	16	20	15	9	16	60
	5p	+	17	17	15	11	17	60
	5p	+	18	13	18	17	12	60
	5p	+	19	19	13	11	17	60
	5p	+	20	15	18	13	14	60
	5p	+	21	18	23	10	9	60
	5p	+	22	18	17	12	13	60
	5p	+	23	23	18	5	14	60
	5p	+	24	19	14	11	16	60
	5p	+	25	18	19	12	11	60
	5p	+	26	22	16	9	13	60
	5p	+	27	20	13	15	12	60
	5p	+	28	25	13	14	8	60
	5p	+	29	22	18	9	11	60
	5p	+	30	19	19	14	8	60
	5p	+	31	9	7	7	2	25
	5p	+	32	5	5	3	3	16
	5p	+	33	4	3	1	2	10
	5p	+	34	0	5	2	1	8
	5p	+	35	2	3	1	1	7
	5p	+	36	3	1	1	2	7
	5p	+	37	0	3	2	2	7
	5p	+	38	4	1	0	1	6
	5p	+	39	0	1	4	1	6
	5p	+	40	1	0	1	4	6
	5p	+	41	1	0	1	3	5
	5p	+	42	1	2	0	2	5
	5p	+	43	2	1	2	0	5
	5p	+	44	1	2	2	0	5
	5p	+	45	2	1	1	1	5
	5p	+	46	1	2	1	1	5
	5p	+	47	0	2	2	1	5
	5p	+	48	3	2	0	0	5
	5p	+	49	2	0	3	0	5
	5p	+	50	1	0	2	2	5
	5p	+	51	1	2	1	1	5
	5p	+	52	2	1	1	1	5
	5p	+	53	3	1	1	0	5
	5p	+	54	3	0	1	1	5
	5p	+	55	1	0	1	3	5
	5p	+	56	1	1	0	3	5
	5p	+	57	2	0	1	2	5
	5p	+	58	0	0	3	2	5
	5p	+	59	2	0	1	2	5
	5p	+	60	3	0	1	1	5
	5p	+	61	1	1	1	2	5
	5p	+	62	2	0	2	1	5
	5p	+	63	2	1	0	2	5
	5p	+	64	0	3	0	2	5
	5p	+	65	2	1	0	1	4
	5p	+	66	2	1	0	1	4
	5p	+	67	1	1	2	0	4
	5p	+	68	1	1	0	2	4
	5p	+	69	1	0	2	1	4
	5p	+	70	1	0	3	0	4
	5p	+	71	2	0	0	2	4
	5p	+	72	1	0	2	1	4
	5p	+	73	1	0	2	1	4
	5p	+	74	0	2	1	1	4
	5p	+	75	1	1	0	2	4
	5p	+	76	2	0	2	0	4
	5p	+	77	2	0	2	0	4
	5p	+	78	2	2	0	0	4
	5p	+	79	1	1	1	1	4
	5p	+	80	0	2	1	1	4
	5p	+	81	1	1	0	1	3
	5p	+	82	0	0	1	2	3
	5p	+	83	1	0	0	2	3
	5p	+	84	0	1	2	0	3
	5p	+	85	0	1	1	1	3
	5p	+	86	2	0	0	1	3
	5p	+	87	1	0	0	2	3
	5p	+	88	0	1	1	1	3
	5p	+	89	1	1	0	1	3
	5p	+	90	0	1	0	2	3
	5p	+	91	0	0	1	2	3
	5p	+	92	0	2	1	0	3
	5p	+	93	1	0	0	2	3
	5p	+	94	0	2	1	0	3
	5p	+	95	0	2	1	0	3
	5p	+	96	1	0	0	2	3
	5p	+	97	0	1	2	0	3
	5p	+	98	1	0	1	1	3
	5p	+	99	1	0	1	1	3
	5p	+	100	0	2	0	1	3
	5p	-	1	16	16	15	14	61
	5p	-	2	15	14	20	12	61
	5p	-	3	19	18	15	9	61
	5p	-	4	18	14	14	15	61
	5p	-	5	18	14	17	12	61
	5p	-	6	17	12	18	14	61
	5p	-	7	13	18	11	19	61
	5p	-	8	17	13	17	14	61
	5p	-	9	22	12	14	13	61
	5p	-	10	20	18	12	11	61
	5p	-	11	17	18	15	11	61
	5p	-	12	15	11	18	17	61
	5p	-	13	14	15	17	15	61
	5p	-	14	14	15	17	15	61
	5p	-	15	16	12	15	18	61
	5p	-	16	16	19	10	16	61
	5p	-	17	9	13	22	17	61
	5p	-	18	24	12	12	13	61
	5p	-	19	14	18	12	17	61
	5p	-	20	17	15	15	14	61
	5p	-	21	19	18	13	11	61
	5p	-	22	17	10	19	15	61
	5p	-	23	20	9	15	17	61
	5p	-	24	20	13	16	12	61
	5p	-	25	18	12	18	13	61
	5p	-	26	12	14	18	17	61
	5p	-	27	14	15	15	17	61
	5p	-	28	17	13	19	12	61
	5p	-	29	17	15	17	12	61
	5p	-	30	16	20	10	15	61
	5p	-	31	11	9	6	7	33
	5p	-	32	5	4	4	6	19
	5p	-	33	2	1	1	3	7
	5p	-	34	1	0	2	2	5
	5p	-	35	1	1	1	1	4
	5p	-	36	1	2	0	1	4
	5p	-	37	1	1	1	1	4
	5p	-	38	0	0	3	0	3
	5p	-	39	1	1	0	1	3
	5p	-	40	1	1	0	1	3
	5p	-	41	1	0	2	0	3
	5p	-	42	0	0	1	2	3
	5p	-	43	1	0	2	0	3
	5p	-	44	0	0	2	1	3
	5p	-	45	1	1	0	0	2
	5p	-	46	0	1	0	1	2
	5p	-	47	0	1	0	1	2
	5p	-	48	0	0	1	1	2
	5p	-	49	0	2	0	0	2
	5p	-	50	1	0	0	1	2
	5p	-	51	1	0	1	0	2
	5p	-	52	1	0	1	0	2
	5p	-	53	0	1	1	0	2
	5p	-	54	0	0	1	1	2
	5p	-	55	0	0	0	2	2
	5p	-	56	1	0	0	1	2
	5p	-	57	0	0	2	0	2
	5p	-	58	1	0	0	1	2
	5p	-	59	0	0	1	1	2
	5p	-	60	0	0	2	0	2
	5p	-	61	0	2	0	0	2
	5p	-	62	0	1	0	1	2
	5p	-	63	0	1	0	0	1
	5p	-	64	0	0	0	1	1
	5p	-	65	0	1	0	0	1
	5p	-	66	1	0	0	0	1
	5p	-	67	0	0	1	0	1
	5p	-	68	0	1	0	0	1
	5p	-	69	0	1	0	0	1
	5p	-	70	1	0	0	0	1
	5p	-	71	0	1	0	0	1
	5p	-	72	0	0	0	1	1
	5p	-	73	0	0	0	1	1
	5p	-	74	0	0	1	0	1
	5p	-	75	0	0	1	0	1
	5p	-	76	1	0	0	0	1
	5p	-	77	0	0	0	1	1
	5p	-	78	1	0	0	0	1
	5p	-	79	0	0	0	1	1
	5p	-	80	0	0	0	1	1
	5p	-	81	0	0	0	1	1
	5p	-	82	0	0	0	1	1
	5p	-	83	0	1	0	0	1
	5p	-	84	0	0	0	1	1
	5p	-	85	0	1	0	0	1
	5p	-	86	0	0	0	1	1
	5p	-	87	0	1	0	0	1
	5p	-	88	0	0	0	1	1
	5p	-	89	0	1	0	0	1
	5p	-	90	1	0	0	0	1
	5p	-	91	0	0	0	1	1
	5p	-	92	0	0	0	0	0
	5p	-	93	0	0	0	0	0
	5p	-	94	0	0	0	0	0
	5p	-	95	0	0	0	0	0
	5p	-	96	0	0	0	0	0
	5p	-	97	0	0	0	0	0
	5p	-	98	0	0	0	0	0
	5p	-	99	0	0	0	0	0
	5p	-	100	0	0	0	0	0
