# table produced by DamageProfiler
# using mapped file ScA009.BuffaloCape_Human_nc.Target.rmdup.noMicro_BEST_018.bam
# Sample ID: ScA009.BuffaloCape_Human_nc.Target.rmdup.noMicro_BEST_018.bam
Chr	End	Std	Pos	A	C	G	T	Total
	3p	+	1	32	173	160	41	406
	3p	+	2	44	171	159	32	406
	3p	+	3	35	146	193	32	406
	3p	+	4	48	124	180	54	406
	3p	+	5	44	152	163	47	406
	3p	+	6	35	168	164	39	406
	3p	+	7	38	166	148	54	406
	3p	+	8	48	164	150	44	406
	3p	+	9	36	149	182	39	406
	3p	+	10	48	156	168	34	406
	3p	+	11	43	185	142	36	406
	3p	+	12	40	157	179	30	406
	3p	+	13	37	170	166	33	406
	3p	+	14	45	175	137	49	406
	3p	+	15	40	168	168	30	406
	3p	+	16	29	165	175	37	406
	3p	+	17	35	181	150	40	406
	3p	+	18	44	159	176	27	406
	3p	+	19	35	160	169	42	406
	3p	+	20	41	164	152	49	406
	3p	+	21	44	177	149	36	406
	3p	+	22	30	172	163	41	406
	3p	+	23	40	171	155	40	406
	3p	+	24	45	148	175	38	406
	3p	+	25	39	160	169	38	406
	3p	+	26	52	156	151	47	406
	3p	+	27	48	181	137	40	406
	3p	+	28	29	187	152	38	406
	3p	+	29	37	148	168	53	406
	3p	+	30	43	156	180	27	406
	3p	+	31	7	62	51	12	132
	3p	+	32	5	14	17	7	43
	3p	+	33	4	10	4	1	19
	3p	+	34	1	3	1	2	7
	3p	+	35	1	4	1	1	7
	3p	+	36	0	2	2	2	6
	3p	+	37	2	2	1	1	6
	3p	+	38	1	0	1	2	4
	3p	+	39	0	2	2	0	4
	3p	+	40	2	1	1	0	4
	3p	+	41	2	1	0	1	4
	3p	+	42	3	0	0	1	4
	3p	+	43	2	0	1	1	4
	3p	+	44	0	2	1	1	4
	3p	+	45	2	1	1	0	4
	3p	+	46	2	0	2	0	4
	3p	+	47	1	0	1	2	4
	3p	+	48	3	0	1	0	4
	3p	+	49	2	0	2	0	4
	3p	+	50	2	0	1	1	4
	3p	+	51	2	0	2	0	4
	3p	+	52	1	0	1	2	4
	3p	+	53	2	2	0	0	4
	3p	+	54	3	0	1	0	4
	3p	+	55	0	0	2	2	4
	3p	+	56	1	0	2	1	4
	3p	+	57	2	0	2	0	4
	3p	+	58	1	0	2	1	4
	3p	+	59	1	0	2	1	4
	3p	+	60	0	1	2	1	4
	3p	+	61	1	1	1	1	4
	3p	+	62	2	1	0	1	4
	3p	+	63	0	2	2	0	4
	3p	+	64	3	0	0	1	4
	3p	+	65	2	1	1	0	4
	3p	+	66	2	0	2	0	4
	3p	+	67	2	1	0	1	4
	3p	+	68	1	1	2	0	4
	3p	+	69	2	0	1	1	4
	3p	+	70	0	1	2	1	4
	3p	+	71	3	0	0	1	4
	3p	+	72	0	2	0	2	4
	3p	+	73	0	1	0	3	4
	3p	+	74	0	1	2	0	3
	3p	+	75	0	0	2	1	3
	3p	+	76	0	1	2	0	3
	3p	+	77	1	0	0	2	3
	3p	+	78	0	2	0	0	2
	3p	+	79	1	1	0	0	2
	3p	+	80	0	2	0	0	2
	3p	+	81	1	0	0	1	2
	3p	+	82	1	1	0	0	2
	3p	+	83	1	1	0	0	2
	3p	+	84	0	1	1	0	2
	3p	+	85	1	0	0	1	2
	3p	+	86	1	0	0	1	2
	3p	+	87	0	0	1	1	2
	3p	+	88	1	0	1	0	2
	3p	+	89	1	1	0	0	2
	3p	+	90	0	1	0	1	2
	3p	+	91	2	0	0	0	2
	3p	+	92	1	1	0	0	2
	3p	+	93	1	0	1	0	2
	3p	+	94	0	0	1	1	2
	3p	+	95	1	1	0	0	2
	3p	+	96	0	1	1	0	2
	3p	+	97	0	0	1	1	2
	3p	+	98	1	0	0	1	2
	3p	+	99	0	2	0	0	2
	3p	+	100	0	1	1	0	2
	3p	-	1	34	144	163	32	373
	3p	-	2	42	179	139	13	373
	3p	-	3	31	141	172	29	373
	3p	-	4	46	119	175	33	373
	3p	-	5	45	132	152	44	373
	3p	-	6	26	178	134	35	373
	3p	-	7	37	162	132	42	373
	3p	-	8	43	151	146	33	373
	3p	-	9	36	153	152	32	373
	3p	-	10	39	144	149	41	373
	3p	-	11	40	153	137	43	373
	3p	-	12	34	142	154	43	373
	3p	-	13	37	143	156	37	373
	3p	-	14	43	150	139	41	373
	3p	-	15	32	144	167	30	373
	3p	-	16	29	154	157	33	373
	3p	-	17	45	146	149	33	373
	3p	-	18	27	169	141	36	373
	3p	-	19	30	153	154	36	373
	3p	-	20	42	149	143	39	373
	3p	-	21	31	136	162	44	373
	3p	-	22	24	144	154	51	373
	3p	-	23	33	161	137	42	373
	3p	-	24	39	141	153	40	373
	3p	-	25	41	150	137	45	373
	3p	-	26	49	158	122	44	373
	3p	-	27	39	151	142	41	373
	3p	-	28	44	147	142	40	373
	3p	-	29	37	137	152	47	373
	3p	-	30	30	155	151	37	373
	3p	-	31	8	61	61	11	141
	3p	-	32	3	24	17	4	48
	3p	-	33	3	12	9	1	25
	3p	-	34	2	2	5	2	11
	3p	-	35	1	2	1	2	6
	3p	-	36	0	2	2	0	4
	3p	-	37	0	1	2	0	3
	3p	-	38	0	1	0	2	3
	3p	-	39	0	1	1	1	3
	3p	-	40	2	1	0	0	3
	3p	-	41	0	1	0	1	2
	3p	-	42	1	0	0	1	2
	3p	-	43	1	1	0	0	2
	3p	-	44	0	0	0	2	2
	3p	-	45	1	0	1	0	2
	3p	-	46	1	0	1	0	2
	3p	-	47	0	1	0	1	2
	3p	-	48	1	0	1	0	2
	3p	-	49	1	1	0	0	2
	3p	-	50	0	1	0	1	2
	3p	-	51	1	1	0	0	2
	3p	-	52	0	2	0	0	2
	3p	-	53	2	0	0	0	2
	3p	-	54	1	1	0	0	2
	3p	-	55	2	0	0	0	2
	3p	-	56	1	1	0	0	2
	3p	-	57	1	0	1	0	2
	3p	-	58	1	0	0	1	2
	3p	-	59	0	1	0	1	2
	3p	-	60	1	0	0	1	2
	3p	-	61	0	0	1	0	1
	3p	-	62	0	0	1	0	1
	3p	-	63	0	0	0	0	0
	3p	-	64	0	0	0	0	0
	3p	-	65	0	0	0	0	0
	3p	-	66	0	0	0	0	0
	3p	-	67	0	0	0	0	0
	3p	-	68	0	0	0	0	0
	3p	-	69	0	0	0	0	0
	3p	-	70	0	0	0	0	0
	3p	-	71	0	0	0	0	0
	3p	-	72	0	0	0	0	0
	3p	-	73	0	0	0	0	0
	3p	-	74	0	0	0	0	0
	3p	-	75	0	0	0	0	0
	3p	-	76	0	0	0	0	0
	3p	-	77	0	0	0	0	0
	3p	-	78	0	0	0	0	0
	3p	-	79	0	0	0	0	0
	3p	-	80	0	0	0	0	0
	3p	-	81	0	0	0	0	0
	3p	-	82	0	0	0	0	0
	3p	-	83	0	0	0	0	0
	3p	-	84	0	0	0	0	0
	3p	-	85	0	0	0	0	0
	3p	-	86	0	0	0	0	0
	3p	-	87	0	0	0	0	0
	3p	-	88	0	0	0	0	0
	3p	-	89	0	0	0	0	0
	3p	-	90	0	0	0	0	0
	3p	-	91	0	0	0	0	0
	3p	-	92	0	0	0	0	0
	3p	-	93	0	0	0	0	0
	3p	-	94	0	0	0	0	0
	3p	-	95	0	0	0	0	0
	3p	-	96	0	0	0	0	0
	3p	-	97	0	0	0	0	0
	3p	-	98	0	0	0	0	0
	3p	-	99	0	0	0	0	0
	3p	-	100	0	0	0	0	0
	5p	+	1	36	177	163	30	406
	5p	+	2	36	134	182	54	406
	5p	+	3	27	170	172	37	406
	5p	+	4	43	206	118	39	406
	5p	+	5	58	152	151	45	406
	5p	+	6	42	156	173	35	406
	5p	+	7	41	148	176	41	406
	5p	+	8	41	177	142	46	406
	5p	+	9	32	169	166	39	406
	5p	+	10	41	176	148	41	406
	5p	+	11	40	169	155	42	406
	5p	+	12	35	160	168	43	406
	5p	+	13	41	161	167	37	406
	5p	+	14	42	180	148	36	406
	5p	+	15	29	168	164	45	406
	5p	+	16	40	160	178	28	406
	5p	+	17	47	181	141	37	406
	5p	+	18	40	161	170	35	406
	5p	+	19	39	156	176	35	406
	5p	+	20	42	189	138	37	406
	5p	+	21	42	163	168	33	406
	5p	+	22	40	152	180	34	406
	5p	+	23	45	156	160	45	406
	5p	+	24	38	167	151	50	406
	5p	+	25	36	162	164	44	406
	5p	+	26	39	156	165	46	406
	5p	+	27	48	150	159	49	406
	5p	+	28	37	136	187	46	406
	5p	+	29	49	157	171	29	406
	5p	+	30	32	167	168	39	406
	5p	+	31	9	63	48	12	132
	5p	+	32	6	16	16	5	43
	5p	+	33	3	6	9	1	19
	5p	+	34	2	2	1	2	7
	5p	+	35	1	2	2	2	7
	5p	+	36	1	1	3	1	6
	5p	+	37	3	1	2	0	6
	5p	+	38	2	0	1	1	4
	5p	+	39	1	1	2	0	4
	5p	+	40	2	1	1	0	4
	5p	+	41	3	0	1	0	4
	5p	+	42	0	1	3	0	4
	5p	+	43	1	1	2	0	4
	5p	+	44	0	0	2	2	4
	5p	+	45	3	0	1	0	4
	5p	+	46	2	1	1	0	4
	5p	+	47	2	0	1	1	4
	5p	+	48	2	1	1	0	4
	5p	+	49	3	0	1	0	4
	5p	+	50	0	0	3	1	4
	5p	+	51	2	0	1	1	4
	5p	+	52	1	0	2	1	4
	5p	+	53	0	0	3	1	4
	5p	+	54	2	2	0	0	4
	5p	+	55	3	1	0	0	4
	5p	+	56	2	1	1	0	4
	5p	+	57	2	0	1	1	4
	5p	+	58	0	3	1	0	4
	5p	+	59	3	0	1	0	4
	5p	+	60	2	1	0	1	4
	5p	+	61	1	0	2	1	4
	5p	+	62	0	0	3	1	4
	5p	+	63	2	1	1	0	4
	5p	+	64	0	0	3	1	4
	5p	+	65	1	1	0	2	4
	5p	+	66	1	2	0	1	4
	5p	+	67	3	1	0	0	4
	5p	+	68	1	0	2	1	4
	5p	+	69	2	2	0	0	4
	5p	+	70	3	0	1	0	4
	5p	+	71	2	0	0	2	4
	5p	+	72	1	0	3	0	4
	5p	+	73	1	2	0	1	4
	5p	+	74	1	1	0	1	3
	5p	+	75	1	2	0	0	3
	5p	+	76	0	1	1	1	3
	5p	+	77	0	1	2	0	3
	5p	+	78	0	2	0	0	2
	5p	+	79	0	1	0	1	2
	5p	+	80	0	0	2	0	2
	5p	+	81	0	0	2	0	2
	5p	+	82	1	1	0	0	2
	5p	+	83	0	0	1	1	2
	5p	+	84	1	0	1	0	2
	5p	+	85	1	0	0	1	2
	5p	+	86	0	0	2	0	2
	5p	+	87	0	1	1	0	2
	5p	+	88	1	0	0	1	2
	5p	+	89	1	0	1	0	2
	5p	+	90	0	0	2	0	2
	5p	+	91	0	0	1	1	2
	5p	+	92	0	1	1	0	2
	5p	+	93	0	0	1	1	2
	5p	+	94	0	1	1	0	2
	5p	+	95	1	0	0	1	2
	5p	+	96	2	0	0	0	2
	5p	+	97	1	0	0	1	2
	5p	+	98	0	1	0	1	2
	5p	+	99	0	2	0	0	2
	5p	+	100	2	0	0	0	2
	5p	-	1	31	157	154	31	373
	5p	-	2	28	126	169	50	373
	5p	-	3	39	171	125	38	373
	5p	-	4	38	156	131	48	373
	5p	-	5	51	145	131	46	373
	5p	-	6	47	154	135	37	373
	5p	-	7	45	134	157	37	373
	5p	-	8	39	158	133	43	373
	5p	-	9	22	145	153	53	373
	5p	-	10	37	146	155	35	373
	5p	-	11	32	144	149	48	373
	5p	-	12	28	162	147	36	373
	5p	-	13	30	152	154	37	373
	5p	-	14	42	149	146	36	373
	5p	-	15	32	153	154	34	373
	5p	-	16	34	148	169	22	373
	5p	-	17	42	151	144	36	373
	5p	-	18	38	147	153	35	373
	5p	-	19	32	148	145	48	373
	5p	-	20	43	137	143	50	373
	5p	-	21	31	151	157	34	373
	5p	-	22	37	149	150	37	373
	5p	-	23	47	142	150	34	373
	5p	-	24	38	168	128	39	373
	5p	-	25	29	181	132	31	373
	5p	-	26	39	141	144	49	373
	5p	-	27	46	122	168	37	373
	5p	-	28	32	139	165	37	373
	5p	-	29	46	157	154	16	373
	5p	-	30	27	161	159	26	373
	5p	-	31	15	58	61	7	141
	5p	-	32	7	15	23	3	48
	5p	-	33	1	13	10	1	25
	5p	-	34	2	2	3	4	11
	5p	-	35	1	1	4	0	6
	5p	-	36	0	2	2	0	4
	5p	-	37	1	1	0	1	3
	5p	-	38	0	2	1	0	3
	5p	-	39	0	1	1	1	3
	5p	-	40	0	1	0	2	3
	5p	-	41	1	1	0	0	2
	5p	-	42	1	1	0	0	2
	5p	-	43	0	1	0	1	2
	5p	-	44	0	1	0	1	2
	5p	-	45	0	0	0	2	2
	5p	-	46	0	1	1	0	2
	5p	-	47	1	0	0	1	2
	5p	-	48	0	1	1	0	2
	5p	-	49	0	1	0	1	2
	5p	-	50	0	0	1	1	2
	5p	-	51	0	1	0	1	2
	5p	-	52	0	2	0	0	2
	5p	-	53	0	2	0	0	2
	5p	-	54	2	0	0	0	2
	5p	-	55	0	0	2	0	2
	5p	-	56	1	1	0	0	2
	5p	-	57	1	0	1	0	2
	5p	-	58	0	0	1	1	2
	5p	-	59	2	0	0	0	2
	5p	-	60	1	1	0	0	2
	5p	-	61	1	0	0	0	1
	5p	-	62	0	0	1	0	1
	5p	-	63	0	0	0	0	0
	5p	-	64	0	0	0	0	0
	5p	-	65	0	0	0	0	0
	5p	-	66	0	0	0	0	0
	5p	-	67	0	0	0	0	0
	5p	-	68	0	0	0	0	0
	5p	-	69	0	0	0	0	0
	5p	-	70	0	0	0	0	0
	5p	-	71	0	0	0	0	0
	5p	-	72	0	0	0	0	0
	5p	-	73	0	0	0	0	0
	5p	-	74	0	0	0	0	0
	5p	-	75	0	0	0	0	0
	5p	-	76	0	0	0	0	0
	5p	-	77	0	0	0	0	0
	5p	-	78	0	0	0	0	0
	5p	-	79	0	0	0	0	0
	5p	-	80	0	0	0	0	0
	5p	-	81	0	0	0	0	0
	5p	-	82	0	0	0	0	0
	5p	-	83	0	0	0	0	0
	5p	-	84	0	0	0	0	0
	5p	-	85	0	0	0	0	0
	5p	-	86	0	0	0	0	0
	5p	-	87	0	0	0	0	0
	5p	-	88	0	0	0	0	0
	5p	-	89	0	0	0	0	0
	5p	-	90	0	0	0	0	0
	5p	-	91	0	0	0	0	0
	5p	-	92	0	0	0	0	0
	5p	-	93	0	0	0	0	0
	5p	-	94	0	0	0	0	0
	5p	-	95	0	0	0	0	0
	5p	-	96	0	0	0	0	0
	5p	-	97	0	0	0	0	0
	5p	-	98	0	0	0	0	0
	5p	-	99	0	0	0	0	0
	5p	-	100	0	0	0	0	0
