# table produced by DamageProfiler
# using mapped file PaA024.BuffaloCape_Human_nc.Target.rmdup.noMicro.bam
# Sample ID: PaA024.BuffaloCape_Human_nc.Target.rmdup.noMicro.bam
Pos	C>T	G>A	A>C	A>G	A>T	C>A	C>G	G>C	G>T	T>A	T>C	T>G	->ACGT	ACGT>-
24	0.005181	0.033898	0.025890	0.019417	0.019417	0.041451	0.025907	0.016949	0.028249	0.020000	0.008000	0.036000	0.031216	0.000000
23	0.027322	0.018405	0.017804	0.017804	0.011869	0.032787	0.021858	0.030675	0.018405	0.024590	0.012295	0.016393	0.030205	0.000000
22	0.044335	0.020134	0.003125	0.012500	0.021875	0.014778	0.034483	0.020134	0.020134	0.040323	0.020161	0.020161	0.038043	0.000000
21	0.027624	0.024390	0.023256	0.023256	0.023256	0.033149	0.038674	0.048780	0.042683	0.040650	0.004065	0.008130	0.017112	0.000000
20	0.022099	0.028249	0.012232	0.024465	0.021407	0.022099	0.016575	0.016949	0.028249	0.024590	0.004098	0.008197	0.027987	0.000000
19	0.021277	0.050000	0.021807	0.018692	0.040498	0.021277	0.015957	0.031250	0.018750	0.018587	0.014870	0.026022	0.018124	0.000000
18	0.020942	0.022472	0.031348	0.021944	0.018809	0.010471	0.031414	0.005618	0.005618	0.032787	0.008197	0.024590	0.025751	0.000000
17	0.028090	0.022989	0.018519	0.009259	0.021605	0.011236	0.005618	0.034483	0.017241	0.020000	0.012000	0.028000	0.032397	0.000000
16	0.018519	0.026316	0.023490	0.023490	0.050336	0.013889	0.027778	0.032895	0.026316	0.030651	0.030651	0.015326	0.032362	0.000000
15	0.029703	0.030864	0.025723	0.022508	0.016077	0.024752	0.029703	0.037037	0.006173	0.019685	0.015748	0.023622	0.022605	0.000000
14	0.040230	0.012422	0.009091	0.012121	0.015152	0.028736	0.028736	0.018634	0.024845	0.029851	0.022388	0.011194	0.025723	0.000000
13	0.022599	0.011696	0.012821	0.019231	0.022436	0.028249	0.022599	0.017544	0.017544	0.019305	0.023166	0.023166	0.039173	0.000000
12	0.016304	0.012658	0.014451	0.020231	0.034682	0.027174	0.021739	0.044304	0.031646	0.055556	0.029915	0.029915	0.035792	0.000000
11	0.026144	0.024096	0.014327	0.022923	0.017192	0.006536	0.032680	0.024096	0.018072	0.040486	0.032389	0.028340	0.039344	0.000000
10	0.005714	0.040230	0.025723	0.022508	0.019293	0.017143	0.022857	0.028736	0.022989	0.033708	0.011236	0.018727	0.031284	0.000000
9	0.012346	0.050562	0.017493	0.011662	0.017493	0.024691	0.024691	0.044944	0.022472	0.021008	0.029412	0.029412	0.031488	0.000000
8	0.041176	0.021053	0.006079	0.006079	0.027356	0.011765	0.023529	0.021053	0.015789	0.020747	0.004149	0.020747	0.026882	0.000000
7	0.029240	0.062147	0.008850	0.014749	0.020649	0.040936	0.017544	0.028249	0.045198	0.016393	0.012295	0.008197	0.025779	0.000000
6	0.032609	0.055215	0.022409	0.016807	0.014006	0.054348	0.016304	0.049080	0.018405	0.022124	0.039823	0.017699	0.027957	0.000000
5	0.025641	0.041096	0.011204	0.016807	0.014006	0.035897	0.010256	0.006849	0.027397	0.028571	0.032653	0.004082	0.014846	0.000000
4	0.033149	0.013072	0.011050	0.011050	0.019337	0.027624	0.016575	0.032680	0.032680	0.041985	0.019084	0.007634	0.002088	0.000000
3	0.035714	0.024242	0.011173	0.022346	0.022346	0.040816	0.015306	0.036364	0.018182	0.037037	0.016461	0.016461	0.000000	0.000000
2	0.011236	0.029762	0.017804	0.023739	0.008902	0.028090	0.028090	0.041667	0.023810	0.043321	0.025271	0.025271	0.002083	0.000000
1	0.038462	0.027586	0.024922	0.009346	0.015576	0.017094	0.021368	0.034483	0.034483	0.019157	0.030651	0.026820	0.001041	0.000000
0	0.020000	0.094488	0.002717	0.008152	0.019022	0.040000	0.026667	0.015748	0.039370	0.031546	0.022082	0.028391	0.000000	0.000000
