# table produced by DamageProfiler
# using mapped file PaA024.BuffaloCape_Human_nc.Target.rmdup.noMicro.bam
# Sample ID: PaA024.BuffaloCape_Human_nc.Target.rmdup.noMicro.bam
Pos	C>T	G>A	A>C	A>G	A>T	C>A	C>G	G>C	G>T	T>A	T>C	T>G	->ACGT	ACGT>-
0	0.043478	0.038462	0.015432	0.024691	0.043210	0.032609	0.021739	0.010989	0.027473	0.025735	0.007353	0.014706	0.000000	0.000000
1	0.017544	0.018293	0.005882	0.014706	0.029412	0.040936	0.035088	0.018293	0.012195	0.013937	0.024390	0.024390	0.000000	0.000000
2	0.026882	0.031746	0.012422	0.018634	0.015528	0.032258	0.005376	0.021164	0.015873	0.030534	0.019084	0.011450	0.002086	0.000000
3	0.034682	0.016216	0.006135	0.015337	0.015337	0.034682	0.028902	0.016216	0.016216	0.029197	0.025547	0.014599	0.002088	0.000000
4	0.005348	0.048193	0.030000	0.020000	0.026667	0.032086	0.053476	0.036145	0.036145	0.042254	0.017606	0.014085	0.013874	0.000000
5	0.005848	0.030769	0.025641	0.022436	0.035256	0.023392	0.023392	0.015385	0.015385	0.011673	0.019455	0.038911	0.017112	0.000000
6	0.041237	0.024845	0.022082	0.028391	0.012618	0.030928	0.030928	0.031056	0.037267	0.027778	0.019841	0.019841	0.021645	0.000000
7	0.031746	0.012987	0.005831	0.023324	0.011662	0.021164	0.005291	0.032468	0.012987	0.034188	0.008547	0.017094	0.027174	0.000000
8	0.010811	0.005848	0.017647	0.017647	0.029412	0.027027	0.043243	0.046784	0.023392	0.034043	0.017021	0.008511	0.012889	0.000000
9	0.020408	0.032051	0.003106	0.018634	0.012422	0.015306	0.030612	0.012821	0.025641	0.042802	0.003891	0.007782	0.015038	0.000000
10	0.034091	0.040230	0.015576	0.021807	0.040498	0.022727	0.022727	0.040230	0.034483	0.019231	0.003846	0.023077	0.019334	0.000000
11	0.015306	0.038462	0.036184	0.029605	0.032895	0.020408	0.030612	0.000000	0.016484	0.015810	0.011858	0.023715	0.018182	0.000000
12	0.027624	0.005682	0.015480	0.006192	0.012384	0.022099	0.022099	0.028409	0.028409	0.028340	0.020243	0.028340	0.019417	0.000000
13	0.005128	0.034014	0.031646	0.022152	0.037975	0.025641	0.015385	0.034014	0.020408	0.034351	0.034351	0.022901	0.019565	0.000000
14	0.039216	0.048780	0.022222	0.028571	0.034921	0.019608	0.029412	0.030488	0.018293	0.024096	0.020080	0.020080	0.016094	0.000000
15	0.026738	0.026490	0.012121	0.018182	0.015152	0.042781	0.026738	0.013245	0.019868	0.026217	0.018727	0.011236	0.014973	0.000000
16	0.031250	0.005780	0.026846	0.016779	0.020134	0.010417	0.031250	0.028902	0.023121	0.018727	0.022472	0.022472	0.018280	0.000000
17	0.017751	0.011834	0.014793	0.014793	0.029586	0.017751	0.023669	0.041420	0.017751	0.040161	0.012048	0.032129	0.023784	0.000000
18	0.027322	0.031250	0.015432	0.012346	0.024691	0.021858	0.027322	0.018750	0.012500	0.028455	0.032520	0.024390	0.026287	0.000000
19	0.018750	0.027933	0.027356	0.024316	0.018237	0.006250	0.018750	0.027933	0.022346	0.027344	0.007813	0.007813	0.019481	0.000000
20	0.005780	0.028409	0.018519	0.024691	0.021605	0.028902	0.017341	0.022727	0.022727	0.032787	0.032787	0.020492	0.025082	0.000000
21	0.034682	0.023392	0.008671	0.005780	0.017341	0.017341	0.023121	0.017544	0.023392	0.032520	0.024390	0.020325	0.013889	0.000000
22	0.024096	0.057803	0.009259	0.018519	0.030864	0.036145	0.036145	0.046243	0.046243	0.015267	0.015267	0.019084	0.018378	0.000000
23	0.021858	0.048387	0.018293	0.012195	0.009146	0.060109	0.005464	0.048387	0.021505	0.012876	0.025751	0.030043	0.020430	0.000000
24	0.015707	0.019737	0.008357	0.016713	0.016713	0.020942	0.020942	0.013158	0.032895	0.033473	0.012552	0.004184	0.010627	0.000000
