# table produced by DamageProfiler
# using mapped file PaA024.BuffaloCape_Human_nc.Target.rmdup.noMicro.bam
# Sample ID: PaA024.BuffaloCape_Human_nc.Target.rmdup.noMicro.bam
Chr	End	Std	Pos	A	C	G	T	Total
	3p	+	1	194	77	56	155	482
	3p	+	2	158	126	63	135	482
	3p	+	3	166	98	87	131	482
	3p	+	4	178	98	75	131	482
	3p	+	5	183	93	76	130	482
	3p	+	6	183	109	75	115	482
	3p	+	7	187	93	90	112	482
	3p	+	8	190	86	80	126	482
	3p	+	9	173	91	98	120	482
	3p	+	10	173	90	93	126	482
	3p	+	11	148	99	99	136	482
	3p	+	12	171	77	99	135	482
	3p	+	13	167	107	86	122	482
	3p	+	14	161	100	101	120	482
	3p	+	15	170	89	88	135	482
	3p	+	16	158	104	90	130	482
	3p	+	17	153	117	74	138	482
	3p	+	18	176	93	89	124	482
	3p	+	19	167	95	101	119	482
	3p	+	20	160	103	80	139	482
	3p	+	21	166	91	88	137	482
	3p	+	22	179	87	86	130	482
	3p	+	23	168	105	85	124	482
	3p	+	24	168	90	100	124	482
	3p	+	25	162	97	104	119	482
	3p	+	26	164	90	98	130	482
	3p	+	27	161	98	94	129	482
	3p	+	28	177	88	91	126	482
	3p	+	29	166	87	93	136	482
	3p	+	30	152	93	94	143	482
	3p	+	31	76	39	38	61	214
	3p	+	32	41	14	17	33	105
	3p	+	33	34	8	9	15	66
	3p	+	34	19	7	5	11	42
	3p	+	35	13	4	3	8	28
	3p	+	36	14	2	2	6	24
	3p	+	37	10	4	1	5	20
	3p	+	38	3	5	3	3	14
	3p	+	39	4	4	3	3	14
	3p	+	40	5	0	2	6	13
	3p	+	41	4	6	2	1	13
	3p	+	42	5	1	3	2	11
	3p	+	43	0	3	4	0	7
	3p	+	44	2	1	3	1	7
	3p	+	45	2	3	0	2	7
	3p	+	46	2	2	1	2	7
	3p	+	47	1	2	1	2	6
	3p	+	48	2	2	2	0	6
	3p	+	49	1	3	1	1	6
	3p	+	50	2	1	2	1	6
	3p	+	51	2	2	1	0	5
	3p	+	52	1	1	2	1	5
	3p	+	53	3	0	0	2	5
	3p	+	54	0	0	4	1	5
	3p	+	55	3	0	1	1	5
	3p	+	56	3	1	1	0	5
	3p	+	57	1	1	1	0	3
	3p	+	58	1	0	1	1	3
	3p	+	59	2	0	1	0	3
	3p	+	60	1	0	1	1	3
	3p	+	61	3	0	0	0	3
	3p	+	62	2	1	0	0	3
	3p	+	63	0	2	0	1	3
	3p	+	64	0	1	0	2	3
	3p	+	65	1	0	2	0	3
	3p	+	66	0	1	1	1	3
	3p	+	67	0	0	1	1	2
	3p	+	68	0	1	0	1	2
	3p	+	69	1	0	0	1	2
	3p	+	70	0	1	0	0	1
	3p	+	71	0	0	0	1	1
	3p	+	72	0	0	0	1	1
	3p	+	73	1	0	0	0	1
	3p	+	74	0	0	1	0	1
	3p	+	75	0	0	0	1	1
	3p	+	76	0	0	0	1	1
	3p	+	77	0	0	0	0	0
	3p	+	78	0	0	0	0	0
	3p	+	79	0	0	0	0	0
	3p	+	80	0	0	0	0	0
	3p	+	81	0	0	0	0	0
	3p	+	82	0	0	0	0	0
	3p	+	83	0	0	0	0	0
	3p	+	84	0	0	0	0	0
	3p	+	85	0	0	0	0	0
	3p	+	86	0	0	0	0	0
	3p	+	87	0	0	0	0	0
	3p	+	88	0	0	0	0	0
	3p	+	89	0	0	0	0	0
	3p	+	90	0	0	0	0	0
	3p	+	91	0	0	0	0	0
	3p	+	92	0	0	0	0	0
	3p	+	93	0	0	0	0	0
	3p	+	94	0	0	0	0	0
	3p	+	95	0	0	0	0	0
	3p	+	96	0	0	0	0	0
	3p	+	97	0	0	0	0	0
	3p	+	98	0	0	0	0	0
	3p	+	99	0	0	0	0	0
	3p	+	100	0	0	0	0	0
	3p	-	1	191	70	68	151	480
	3p	-	2	160	111	84	125	480
	3p	-	3	178	88	85	129	480
	3p	-	4	181	94	92	113	480
	3p	-	5	184	88	74	134	480
	3p	-	6	184	90	73	133	480
	3p	-	7	180	108	76	116	480
	3p	-	8	163	92	89	136	480
	3p	-	9	161	81	102	136	480
	3p	-	10	181	97	85	117	480
	3p	-	11	166	93	90	131	480
	3p	-	12	186	94	89	111	480
	3p	-	13	187	90	91	112	480
	3p	-	14	156	86	95	143	480
	3p	-	15	169	86	88	137	480
	3p	-	16	153	108	86	133	480
	3p	-	17	141	113	95	131	480
	3p	-	18	153	103	92	132	480
	3p	-	19	149	103	102	126	480
	3p	-	20	159	93	87	141	480
	3p	-	21	164	101	94	121	480
	3p	-	22	167	99	80	134	480
	3p	-	23	172	99	79	130	480
	3p	-	24	174	101	79	126	480
	3p	-	25	155	102	92	131	480
	3p	-	26	134	109	90	147	480
	3p	-	27	180	79	85	136	480
	3p	-	28	166	105	85	124	480
	3p	-	29	166	86	92	136	480
	3p	-	30	154	71	108	147	480
	3p	-	31	79	38	31	69	217
	3p	-	32	36	19	14	33	102
	3p	-	33	19	12	7	14	52
	3p	-	34	9	3	6	16	34
	3p	-	35	6	6	7	7	26
	3p	-	36	6	6	2	6	20
	3p	-	37	4	5	3	3	15
	3p	-	38	6	1	1	6	14
	3p	-	39	2	1	3	6	12
	3p	-	40	3	2	1	4	10
	3p	-	41	4	3	0	3	10
	3p	-	42	4	4	0	2	10
	3p	-	43	2	2	1	3	8
	3p	-	44	2	1	0	4	7
	3p	-	45	2	3	1	0	6
	3p	-	46	2	0	2	2	6
	3p	-	47	0	1	3	1	5
	3p	-	48	3	0	1	1	5
	3p	-	49	1	1	0	3	5
	3p	-	50	1	0	1	2	4
	3p	-	51	1	1	1	1	4
	3p	-	52	1	0	0	3	4
	3p	-	53	1	2	0	1	4
	3p	-	54	1	1	1	1	4
	3p	-	55	1	0	1	2	4
	3p	-	56	1	0	0	2	3
	3p	-	57	0	0	0	2	2
	3p	-	58	0	0	1	1	2
	3p	-	59	1	0	1	0	2
	3p	-	60	1	0	0	1	2
	3p	-	61	1	1	0	0	2
	3p	-	62	0	0	0	2	2
	3p	-	63	0	1	0	1	2
	3p	-	64	1	0	1	0	2
	3p	-	65	1	0	1	0	2
	3p	-	66	1	0	0	1	2
	3p	-	67	1	0	0	1	2
	3p	-	68	0	0	0	2	2
	3p	-	69	0	1	0	1	2
	3p	-	70	1	0	0	1	2
	3p	-	71	1	0	0	1	2
	3p	-	72	0	1	0	1	2
	3p	-	73	1	1	0	0	2
	3p	-	74	1	0	1	0	2
	3p	-	75	1	0	0	1	2
	3p	-	76	0	0	0	2	2
	3p	-	77	1	0	1	0	2
	3p	-	78	0	0	1	1	2
	3p	-	79	0	1	0	1	2
	3p	-	80	0	1	0	0	1
	3p	-	81	1	0	0	0	1
	3p	-	82	0	0	0	1	1
	3p	-	83	0	0	1	0	1
	3p	-	84	1	0	0	0	1
	3p	-	85	0	1	0	0	1
	3p	-	86	0	0	0	0	0
	3p	-	87	0	0	0	0	0
	3p	-	88	0	0	0	0	0
	3p	-	89	0	0	0	0	0
	3p	-	90	0	0	0	0	0
	3p	-	91	0	0	0	0	0
	3p	-	92	0	0	0	0	0
	3p	-	93	0	0	0	0	0
	3p	-	94	0	0	0	0	0
	3p	-	95	0	0	0	0	0
	3p	-	96	0	0	0	0	0
	3p	-	97	0	0	0	0	0
	3p	-	98	0	0	0	0	0
	3p	-	99	0	0	0	0	0
	3p	-	100	0	0	0	0	0
	5p	+	1	158	95	90	139	482
	5p	+	2	174	81	87	140	482
	5p	+	3	166	87	88	141	482
	5p	+	4	158	92	100	132	482
	5p	+	5	168	94	89	131	482
	5p	+	6	158	93	106	125	482
	5p	+	7	164	94	99	125	482
	5p	+	8	175	96	92	119	482
	5p	+	9	167	95	99	121	482
	5p	+	10	171	92	85	134	482
	5p	+	11	158	94	81	149	482
	5p	+	12	152	103	105	122	482
	5p	+	13	176	90	99	117	482
	5p	+	14	170	110	73	129	482
	5p	+	15	163	100	83	136	482
	5p	+	16	167	98	88	129	482
	5p	+	17	155	113	91	123	482
	5p	+	18	174	93	96	119	482
	5p	+	19	158	98	90	136	482
	5p	+	20	157	85	103	137	482
	5p	+	21	164	90	100	128	482
	5p	+	22	181	91	90	120	482
	5p	+	23	170	85	85	142	482
	5p	+	24	170	106	96	110	482
	5p	+	25	191	100	81	110	482
	5p	+	26	188	86	75	133	482
	5p	+	27	182	94	76	130	482
	5p	+	28	180	113	76	113	482
	5p	+	29	173	109	70	130	482
	5p	+	30	179	92	69	142	482
	5p	+	31	81	40	29	64	214
	5p	+	32	32	20	13	40	105
	5p	+	33	34	9	5	18	66
	5p	+	34	24	5	6	7	42
	5p	+	35	13	5	2	8	28
	5p	+	36	19	3	0	2	24
	5p	+	37	13	4	2	1	20
	5p	+	38	9	1	3	1	14
	5p	+	39	6	3	1	4	14
	5p	+	40	6	2	0	5	13
	5p	+	41	4	3	3	3	13
	5p	+	42	4	1	1	5	11
	5p	+	43	2	1	2	2	7
	5p	+	44	0	1	1	5	7
	5p	+	45	3	0	2	2	7
	5p	+	46	0	4	2	1	7
	5p	+	47	2	1	2	1	6
	5p	+	48	1	2	1	2	6
	5p	+	49	3	0	1	2	6
	5p	+	50	1	1	1	3	6
	5p	+	51	1	2	1	1	5
	5p	+	52	2	0	1	2	5
	5p	+	53	3	0	0	2	5
	5p	+	54	1	2	1	1	5
	5p	+	55	1	1	1	2	5
	5p	+	56	2	1	1	1	5
	5p	+	57	1	1	1	0	3
	5p	+	58	1	2	0	0	3
	5p	+	59	1	1	0	1	3
	5p	+	60	0	1	2	0	3
	5p	+	61	2	0	0	1	3
	5p	+	62	0	1	0	2	3
	5p	+	63	1	1	1	0	3
	5p	+	64	1	0	0	2	3
	5p	+	65	0	1	1	1	3
	5p	+	66	0	1	2	0	3
	5p	+	67	0	1	1	0	2
	5p	+	68	0	2	0	0	2
	5p	+	69	1	0	0	1	2
	5p	+	70	0	0	0	1	1
	5p	+	71	0	0	0	1	1
	5p	+	72	0	0	0	1	1
	5p	+	73	0	0	1	0	1
	5p	+	74	1	0	0	0	1
	5p	+	75	0	1	0	0	1
	5p	+	76	1	0	0	0	1
	5p	+	77	0	0	0	0	0
	5p	+	78	0	0	0	0	0
	5p	+	79	0	0	0	0	0
	5p	+	80	0	0	0	0	0
	5p	+	81	0	0	0	0	0
	5p	+	82	0	0	0	0	0
	5p	+	83	0	0	0	0	0
	5p	+	84	0	0	0	0	0
	5p	+	85	0	0	0	0	0
	5p	+	86	0	0	0	0	0
	5p	+	87	0	0	0	0	0
	5p	+	88	0	0	0	0	0
	5p	+	89	0	0	0	0	0
	5p	+	90	0	0	0	0	0
	5p	+	91	0	0	0	0	0
	5p	+	92	0	0	0	0	0
	5p	+	93	0	0	0	0	0
	5p	+	94	0	0	0	0	0
	5p	+	95	0	0	0	0	0
	5p	+	96	0	0	0	0	0
	5p	+	97	0	0	0	0	0
	5p	+	98	0	0	0	0	0
	5p	+	99	0	0	0	0	0
	5p	+	100	0	0	0	0	0
	5p	-	1	159	80	94	147	480
	5p	-	2	163	86	87	144	480
	5p	-	3	162	100	99	119	480
	5p	-	4	175	76	90	139	480
	5p	-	5	142	102	81	155	480
	5p	-	6	148	92	108	132	480
	5p	-	7	157	106	82	135	480
	5p	-	8	181	101	76	122	480
	5p	-	9	174	100	78	128	480
	5p	-	10	167	107	79	127	480
	5p	-	11	162	88	96	134	480
	5p	-	12	144	99	100	137	480
	5p	-	13	154	103	92	131	480
	5p	-	14	149	110	91	130	480
	5p	-	15	150	111	89	130	480
	5p	-	16	171	89	80	140	480
	5p	-	17	139	89	103	149	480
	5p	-	18	167	87	95	131	480
	5p	-	19	179	98	87	116	480
	5p	-	20	168	92	90	130	480
	5p	-	21	169	105	88	118	480
	5p	-	22	174	88	90	128	480
	5p	-	23	164	92	86	138	480
	5p	-	24	173	93	89	125	480
	5p	-	25	176	94	77	133	480
	5p	-	26	189	82	84	125	480
	5p	-	27	182	106	89	103	480
	5p	-	28	190	87	72	131	480
	5p	-	29	176	94	89	121	480
	5p	-	30	189	78	83	130	480
	5p	-	31	77	43	19	78	217
	5p	-	32	41	18	10	33	102
	5p	-	33	17	10	8	17	52
	5p	-	34	11	3	7	13	34
	5p	-	35	6	5	5	10	26
	5p	-	36	8	1	2	9	20
	5p	-	37	3	4	2	6	15
	5p	-	38	8	1	3	2	14
	5p	-	39	4	1	2	5	12
	5p	-	40	5	2	1	2	10
	5p	-	41	3	3	1	3	10
	5p	-	42	5	1	1	3	10
	5p	-	43	3	4	0	1	8
	5p	-	44	2	2	0	3	7
	5p	-	45	2	2	0	2	6
	5p	-	46	0	2	1	3	6
	5p	-	47	2	2	1	0	5
	5p	-	48	4	1	0	0	5
	5p	-	49	1	2	0	2	5
	5p	-	50	2	0	1	1	4
	5p	-	51	1	2	0	1	4
	5p	-	52	1	2	0	1	4
	5p	-	53	1	0	1	2	4
	5p	-	54	1	0	3	0	4
	5p	-	55	3	1	0	0	4
	5p	-	56	1	2	0	0	3
	5p	-	57	0	1	1	0	2
	5p	-	58	0	1	0	1	2
	5p	-	59	1	1	0	0	2
	5p	-	60	1	1	0	0	2
	5p	-	61	1	1	0	0	2
	5p	-	62	1	1	0	0	2
	5p	-	63	0	1	0	1	2
	5p	-	64	0	0	1	1	2
	5p	-	65	1	1	0	0	2
	5p	-	66	2	0	0	0	2
	5p	-	67	0	0	2	0	2
	5p	-	68	1	1	0	0	2
	5p	-	69	0	0	1	1	2
	5p	-	70	1	0	0	1	2
	5p	-	71	0	1	1	0	2
	5p	-	72	1	0	0	1	2
	5p	-	73	1	0	1	0	2
	5p	-	74	1	0	1	0	2
	5p	-	75	1	1	0	0	2
	5p	-	76	2	0	0	0	2
	5p	-	77	1	0	0	1	2
	5p	-	78	0	0	1	1	2
	5p	-	79	1	0	1	0	2
	5p	-	80	0	0	0	1	1
	5p	-	81	0	0	0	1	1
	5p	-	82	1	0	0	0	1
	5p	-	83	1	0	0	0	1
	5p	-	84	1	0	0	0	1
	5p	-	85	1	0	0	0	1
	5p	-	86	0	0	0	0	0
	5p	-	87	0	0	0	0	0
	5p	-	88	0	0	0	0	0
	5p	-	89	0	0	0	0	0
	5p	-	90	0	0	0	0	0
	5p	-	91	0	0	0	0	0
	5p	-	92	0	0	0	0	0
	5p	-	93	0	0	0	0	0
	5p	-	94	0	0	0	0	0
	5p	-	95	0	0	0	0	0
	5p	-	96	0	0	0	0	0
	5p	-	97	0	0	0	0	0
	5p	-	98	0	0	0	0	0
	5p	-	99	0	0	0	0	0
	5p	-	100	0	0	0	0	0
