# table produced by DamageProfiler
# using mapped file RmA032.GrysbokCape_Human_nc.Target.rmdup.noMicro.bam
# Sample ID: RmA032.GrysbokCape_Human_nc.Target.rmdup.noMicro.bam
Chr	End	Std	Pos	A	C	G	T	Total	G>A	C>T	A>G	T>C	A>C	A>T	C>G	C>A	T>G	T>A	G>C	G>T	A>-	T>-	C>-	G>-	->A	->T	->C	->G	S
	3p	+	1	1354.0	495.0	446.0	967.0	3262.0	5.0	149.0	8.0	3.0	2.0	7.0	1.0	3.0	1.0	8.0	1.0	1.0	0.0	0.0	0.0	0.0	0.0	0.0	0.0	0.0	0.0
	3p	+	2	1192.0	603.0	522.0	940.0	3257.0	2.0	44.0	4.0	4.0	1.0	7.0	1.0	4.0	1.0	5.0	7.0	5.0	0.0	0.0	0.0	0.0	0.0	0.0	0.0	0.0	0.0
	3p	+	3	1102.0	593.0	571.0	998.0	3264.0	3.0	2.0	5.0	5.0	1.0	6.0	1.0	0.0	0.0	2.0	2.0	5.0	0.0	0.0	0.0	0.0	0.0	0.0	0.0	0.0	0.0
	3p	+	4	1131.0	569.0	611.0	961.0	3272.0	3.0	4.0	7.0	2.0	1.0	0.0	2.0	2.0	0.0	2.0	2.0	2.0	0.0	0.0	0.0	0.0	0.0	0.0	0.0	0.0	0.0
	3p	+	5	1132.0	562.0	634.0	944.0	3272.0	1.0	7.0	4.0	4.0	0.0	3.0	0.0	0.0	1.0	3.0	1.0	1.0	0.0	0.0	0.0	0.0	2.0	0.0	0.0	0.0	0.0
	3p	+	6	1158.0	538.0	639.0	933.0	3268.0	2.0	5.0	3.0	4.0	1.0	3.0	1.0	0.0	0.0	2.0	0.0	2.0	0.0	0.0	0.0	0.0	2.0	0.0	3.0	0.0	0.0
	3p	+	7	1105.0	600.0	623.0	941.0	3269.0	0.0	1.0	2.0	2.0	0.0	0.0	0.0	0.0	2.0	0.0	0.0	1.0	0.0	0.0	0.0	0.0	1.0	0.0	0.0	3.0	0.0
	3p	+	8	1099.0	563.0	664.0	940.0	3266.0	1.0	1.0	2.0	0.0	0.0	2.0	2.0	0.0	1.0	1.0	0.0	1.0	0.0	0.0	0.0	0.0	1.0	0.0	4.0	4.0	0.0
	3p	+	9	1070.0	576.0	631.0	993.0	3270.0	2.0	3.0	2.0	0.0	1.0	0.0	0.0	3.0	1.0	0.0	1.0	2.0	0.0	0.0	0.0	0.0	2.0	0.0	1.0	1.0	0.0
	3p	+	10	1060.0	580.0	591.0	1035.0	3266.0	0.0	2.0	3.0	0.0	1.0	0.0	0.0	1.0	0.0	1.0	1.0	0.0	0.0	0.0	0.0	0.0	1.0	0.0	2.0	2.0	0.0
	3p	+	11	1029.0	623.0	622.0	997.0	3271.0	2.0	4.0	3.0	1.0	1.0	2.0	1.0	0.0	1.0	0.0	1.0	0.0	0.0	0.0	0.0	0.0	2.0	0.0	2.0	1.0	0.0
	3p	+	12	1084.0	605.0	601.0	974.0	3264.0	2.0	2.0	2.0	1.0	1.0	0.0	0.0	3.0	4.0	3.0	0.0	0.0	0.0	0.0	0.0	0.0	5.0	0.0	3.0	0.0	0.0
	3p	+	13	1052.0	619.0	625.0	963.0	3259.0	2.0	3.0	1.0	1.0	0.0	1.0	2.0	0.0	0.0	1.0	0.0	0.0	0.0	0.0	0.0	0.0	4.0	0.0	6.0	6.0	0.0
	3p	+	14	1064.0	630.0	631.0	940.0	3265.0	0.0	2.0	3.0	3.0	0.0	3.0	2.0	0.0	3.0	2.0	0.0	2.0	0.0	0.0	0.0	0.0	3.0	0.0	3.0	2.0	0.0
	3p	+	15	1090.0	626.0	625.0	921.0	3262.0	1.0	1.0	2.0	1.0	1.0	1.0	1.0	1.0	0.0	0.0	1.0	1.0	0.0	0.0	0.0	0.0	4.0	0.0	4.0	2.0	0.0
	3p	+	16	1046.0	613.0	655.0	955.0	3269.0	0.0	4.0	2.0	1.0	1.0	1.0	0.0	1.0	0.0	0.0	1.0	2.0	0.0	0.0	0.0	0.0	3.0	0.0	0.0	1.0	0.0
	3p	+	17	1066.0	611.0	596.0	999.0	3272.0	0.0	2.0	1.0	1.0	1.0	2.0	0.0	1.0	0.0	2.0	0.0	2.0	0.0	0.0	0.0	0.0	1.0	0.0	3.0	3.0	0.0
	3p	+	18	1045.0	666.0	592.0	963.0	3266.0	0.0	2.0	2.0	2.0	0.0	1.0	1.0	0.0	1.0	0.0	0.0	0.0	0.0	0.0	0.0	0.0	5.0	0.0	5.0	2.0	0.0
	3p	+	19	1048.0	664.0	598.0	961.0	3271.0	0.0	0.0	4.0	2.0	1.0	3.0	1.0	0.0	0.0	1.0	0.0	5.0	0.0	0.0	0.0	0.0	3.0	0.0	3.0	1.0	0.0
	3p	+	20	1015.0	634.0	647.0	970.0	3266.0	0.0	0.0	1.0	1.0	1.0	2.0	0.0	1.0	0.0	0.0	0.0	4.0	0.0	0.0	0.0	0.0	2.0	0.0	5.0	2.0	0.0
	3p	+	21	1030.0	660.0	603.0	970.0	3263.0	2.0	2.0	0.0	1.0	1.0	1.0	2.0	0.0	2.0	0.0	1.0	1.0	0.0	0.0	0.0	0.0	2.0	0.0	5.0	5.0	0.0
	3p	+	22	1042.0	629.0	625.0	965.0	3261.0	1.0	1.0	1.0	2.0	1.0	0.0	0.0	0.0	0.0	0.0	1.0	2.0	0.0	0.0	0.0	0.0	6.0	0.0	2.0	2.0	0.0
	3p	+	23	1075.0	553.0	633.0	1006.0	3267.0	2.0	0.0	3.0	0.0	0.0	0.0	0.0	1.0	0.0	2.0	1.0	0.0	0.0	0.0	0.0	0.0	4.0	0.0	6.0	1.0	0.0
	3p	+	24	1021.0	629.0	633.0	977.0	3260.0	1.0	0.0	5.0	5.0	1.0	0.0	1.0	0.0	0.0	2.0	0.0	0.0	0.0	0.0	0.0	0.0	10.0	0.0	0.0	3.0	0.0
	3p	+	25	1049.0	626.0	634.0	951.0	3260.0	0.0	2.0	2.0	3.0	0.0	1.0	1.0	0.0	1.0	1.0	0.0	0.0	0.0	0.0	0.0	0.0	4.0	0.0	4.0	6.0	0.0
	3p	+	26	1058.0	606.0	637.0	969.0	3270.0	2.0	1.0	1.0	1.0	0.0	0.0	0.0	2.0	0.0	1.0	0.0	3.0	0.0	0.0	0.0	0.0	2.0	0.0	5.0	1.0	0.0
	3p	+	27	1048.0	597.0	652.0	979.0	3276.0	1.0	5.0	0.0	4.0	1.0	2.0	1.0	0.0	0.0	4.0	0.0	0.0	0.0	0.0	0.0	0.0	2.0	0.0	0.0	0.0	0.0
	3p	+	28	1014.0	584.0	683.0	987.0	3268.0	2.0	1.0	2.0	1.0	1.0	0.0	0.0	0.0	0.0	0.0	2.0	0.0	0.0	0.0	0.0	0.0	5.0	0.0	1.0	1.0	0.0
	3p	+	29	1038.0	603.0	619.0	1008.0	3268.0	2.0	2.0	4.0	1.0	1.0	2.0	0.0	1.0	2.0	3.0	2.0	0.0	0.0	0.0	0.0	0.0	6.0	0.0	1.0	2.0	0.0
	3p	+	30	1054.0	604.0	646.0	968.0	3272.0	1.0	5.0	4.0	4.0	0.0	5.0	1.0	1.0	0.0	1.0	0.0	1.0	0.0	0.0	0.0	0.0	3.0	0.0	1.0	0.0	0.0
	3p	+	31	978.0	532.0	587.0	928.0	3025.0	3.0	5.0	2.0	0.0	1.0	0.0	2.0	1.0	0.0	1.0	1.0	1.0	0.0	0.0	0.0	0.0	2.0	0.0	2.0	3.0	0.0
	3p	+	32	904.0	532.0	541.0	825.0	2802.0	1.0	3.0	1.0	1.0	0.0	1.0	1.0	2.0	0.0	1.0	0.0	1.0	0.0	0.0	0.0	0.0	1.0	0.0	1.0	4.0	0.0
	3p	+	33	856.0	460.0	516.0	775.0	2607.0	0.0	4.0	0.0	0.0	1.0	1.0	2.0	1.0	0.0	3.0	0.0	2.0	0.0	0.0	0.0	0.0	3.0	0.0	0.0	1.0	0.0
	3p	+	34	783.0	407.0	479.0	718.0	2387.0	1.0	2.0	3.0	0.0	1.0	1.0	0.0	1.0	0.0	0.0	0.0	0.0	0.0	0.0	0.0	0.0	3.0	0.0	1.0	2.0	0.0
	3p	+	35	674.0	418.0	406.0	677.0	2175.0	1.0	1.0	1.0	0.0	0.0	1.0	0.0	0.0	0.0	0.0	0.0	1.0	0.0	0.0	0.0	0.0	4.0	0.0	0.0	1.0	0.0
	3p	+	36	658.0	356.0	384.0	587.0	1985.0	1.0	3.0	1.0	1.0	1.0	0.0	0.0	0.0	1.0	1.0	0.0	1.0	0.0	0.0	0.0	0.0	3.0	0.0	2.0	0.0	0.0
	3p	+	37	591.0	316.0	357.0	560.0	1824.0	2.0	1.0	3.0	1.0	0.0	1.0	0.0	2.0	1.0	0.0	0.0	0.0	0.0	0.0	0.0	0.0	2.0	0.0	0.0	1.0	0.0
	3p	+	38	545.0	310.0	333.0	498.0	1686.0	0.0	2.0	1.0	1.0	0.0	1.0	0.0	0.0	1.0	0.0	0.0	2.0	0.0	0.0	0.0	0.0	1.0	0.0	3.0	1.0	0.0
	3p	+	39	517.0	293.0	287.0	466.0	1563.0	0.0	2.0	0.0	1.0	1.0	1.0	0.0	1.0	0.0	0.0	2.0	1.0	0.0	0.0	0.0	0.0	2.0	0.0	0.0	1.0	0.0
	3p	+	40	442.0	256.0	274.0	464.0	1436.0	0.0	2.0	1.0	1.0	0.0	2.0	0.0	1.0	0.0	0.0	0.0	2.0	0.0	0.0	0.0	0.0	0.0	0.0	0.0	0.0	0.0
	3p	+	41	410.0	246.0	252.0	418.0	1326.0	1.0	1.0	0.0	0.0	0.0	1.0	0.0	2.0	0.0	1.0	1.0	1.0	0.0	0.0	0.0	0.0	1.0	0.0	1.0	0.0	0.0
	3p	+	42	411.0	207.0	255.0	365.0	1238.0	1.0	2.0	1.0	0.0	0.0	0.0	1.0	0.0	1.0	2.0	0.0	4.0	0.0	0.0	0.0	0.0	0.0	0.0	3.0	0.0	0.0
	3p	+	43	375.0	195.0	231.0	337.0	1138.0	0.0	1.0	1.0	0.0	0.0	0.0	0.0	0.0	0.0	1.0	0.0	0.0	0.0	0.0	0.0	0.0	1.0	0.0	0.0	2.0	0.0
	3p	+	44	327.0	209.0	189.0	319.0	1044.0	2.0	2.0	0.0	0.0	1.0	0.0	0.0	0.0	0.0	0.0	1.0	1.0	0.0	0.0	0.0	0.0	2.0	0.0	1.0	0.0	0.0
	3p	+	45	290.0	200.0	176.0	303.0	969.0	0.0	0.0	2.0	0.0	0.0	0.0	0.0	1.0	0.0	0.0	0.0	0.0	0.0	0.0	0.0	0.0	1.0	0.0	0.0	0.0	0.0
	3p	+	46	274.0	170.0	185.0	260.0	889.0	0.0	0.0	0.0	1.0	0.0	0.0	1.0	0.0	0.0	0.0	0.0	2.0	0.0	0.0	0.0	0.0	0.0	0.0	1.0	0.0	0.0
	3p	+	47	273.0	159.0	148.0	236.0	816.0	1.0	1.0	1.0	0.0	0.0	0.0	0.0	0.0	0.0	0.0	0.0	0.0	0.0	0.0	0.0	0.0	0.0	0.0	0.0	1.0	0.0
	3p	+	48	246.0	145.0	141.0	223.0	755.0	1.0	2.0	0.0	0.0	0.0	0.0	0.0	0.0	0.0	0.0	0.0	0.0	0.0	0.0	0.0	0.0	1.0	0.0	1.0	0.0	0.0
	3p	+	49	210.0	140.0	157.0	190.0	697.0	1.0	1.0	1.0	0.0	0.0	1.0	0.0	1.0	0.0	1.0	0.0	2.0	0.0	0.0	0.0	0.0	0.0	0.0	2.0	0.0	0.0
	3p	+	50	213.0	124.0	127.0	186.0	650.0	1.0	2.0	0.0	0.0	0.0	1.0	0.0	0.0	0.0	1.0	1.0	1.0	0.0	0.0	0.0	0.0	0.0	0.0	1.0	0.0	0.0
	3p	+	51	184.0	122.0	118.0	169.0	593.0	0.0	0.0	2.0	0.0	0.0	0.0	0.0	0.0	0.0	0.0	0.0	0.0	0.0	0.0	0.0	0.0	0.0	0.0	0.0	0.0	0.0
	3p	+	52	193.0	88.0	109.0	160.0	550.0	0.0	0.0	0.0	0.0	0.0	0.0	0.0	2.0	0.0	0.0	0.0	0.0	0.0	0.0	0.0	0.0	0.0	0.0	0.0	1.0	0.0
	3p	+	53	146.0	102.0	92.0	167.0	507.0	0.0	0.0	0.0	0.0	0.0	0.0	0.0	0.0	0.0	0.0	0.0	0.0	0.0	0.0	0.0	0.0	0.0	0.0	0.0	0.0	0.0
	3p	+	54	169.0	88.0	82.0	133.0	472.0	0.0	0.0	1.0	0.0	1.0	0.0	0.0	1.0	2.0	0.0	1.0	1.0	0.0	0.0	0.0	0.0	0.0	0.0	0.0	0.0	0.0
	3p	+	55	145.0	71.0	88.0	143.0	447.0	0.0	2.0	0.0	0.0	0.0	0.0	1.0	0.0	0.0	0.0	0.0	1.0	0.0	0.0	0.0	0.0	0.0	0.0	0.0	0.0	0.0
	3p	+	56	140.0	74.0	73.0	122.0	409.0	0.0	2.0	0.0	0.0	0.0	0.0	0.0	0.0	0.0	0.0	0.0	0.0	0.0	0.0	0.0	0.0	0.0	0.0	0.0	0.0	0.0
	3p	+	57	119.0	76.0	70.0	114.0	379.0	0.0	1.0	0.0	0.0	0.0	0.0	0.0	0.0	0.0	0.0	0.0	1.0	0.0	0.0	0.0	0.0	0.0	0.0	0.0	1.0	0.0
	3p	+	58	121.0	68.0	69.0	104.0	362.0	0.0	0.0	0.0	0.0	0.0	0.0	1.0	0.0	0.0	0.0	0.0	1.0	0.0	0.0	0.0	0.0	0.0	0.0	0.0	0.0	0.0
	3p	+	59	104.0	69.0	67.0	98.0	338.0	0.0	0.0	0.0	0.0	0.0	0.0	0.0	0.0	0.0	0.0	0.0	0.0	0.0	0.0	0.0	0.0	0.0	0.0	0.0	0.0	0.0
	3p	+	60	106.0	48.0	58.0	102.0	314.0	0.0	3.0	1.0	0.0	0.0	0.0	0.0	0.0	0.0	0.0	0.0	0.0	0.0	0.0	0.0	0.0	1.0	0.0	0.0	0.0	0.0
	3p	+	61	80.0	48.0	73.0	89.0	290.0	3.0	0.0	0.0	1.0	0.0	0.0	0.0	0.0	0.0	0.0	0.0	0.0	0.0	0.0	0.0	0.0	0.0	0.0	0.0	0.0	0.0
	3p	+	62	75.0	40.0	50.0	100.0	265.0	0.0	1.0	0.0	1.0	1.0	0.0	0.0	0.0	1.0	0.0	0.0	0.0	0.0	0.0	0.0	0.0	0.0	0.0	0.0	0.0	0.0
	3p	+	63	78.0	41.0	44.0	80.0	243.0	0.0	0.0	1.0	1.0	0.0	0.0	0.0	1.0	0.0	1.0	0.0	0.0	0.0	0.0	0.0	0.0	0.0	0.0	0.0	1.0	0.0
	3p	+	64	65.0	39.0	43.0	76.0	223.0	0.0	0.0	0.0	1.0	0.0	0.0	0.0	0.0	0.0	0.0	0.0	0.0	0.0	0.0	0.0	0.0	0.0	0.0	0.0	0.0	0.0
	3p	+	65	62.0	42.0	43.0	54.0	201.0	0.0	1.0	0.0	0.0	0.0	0.0	0.0	0.0	0.0	0.0	0.0	0.0	0.0	0.0	0.0	0.0	0.0	0.0	0.0	0.0	0.0
	3p	+	66	46.0	43.0	36.0	57.0	182.0	0.0	1.0	0.0	0.0	0.0	0.0	0.0	0.0	0.0	0.0	0.0	0.0	0.0	0.0	0.0	0.0	1.0	0.0	0.0	0.0	0.0
	3p	+	67	46.0	34.0	38.0	52.0	170.0	0.0	0.0	0.0	0.0	0.0	0.0	0.0	0.0	1.0	0.0	0.0	1.0	0.0	0.0	0.0	0.0	0.0	0.0	1.0	0.0	0.0
	3p	+	68	47.0	32.0	31.0	54.0	164.0	0.0	0.0	0.0	0.0	0.0	0.0	0.0	0.0	0.0	0.0	0.0	1.0	0.0	0.0	0.0	0.0	0.0	0.0	0.0	0.0	0.0
	3p	+	69	29.0	33.0	38.0	54.0	154.0	2.0	1.0	0.0	0.0	0.0	0.0	0.0	1.0	1.0	0.0	0.0	0.0	0.0	0.0	0.0	0.0	0.0	0.0	0.0	0.0	0.0
	3p	+	70	43.0	28.0	24.0	48.0	143.0	0.0	1.0	0.0	0.0	0.0	0.0	0.0	0.0	0.0	1.0	0.0	0.0	0.0	0.0	0.0	0.0	0.0	0.0	0.0	0.0	0.0
	3p	+	71	44.0	21.0	26.0	40.0	131.0	0.0	0.0	1.0	0.0	0.0	0.0	0.0	0.0	0.0	1.0	0.0	0.0	0.0	0.0	0.0	0.0	0.0	0.0	0.0	0.0	0.0
	3p	+	72	36.0	19.0	27.0	36.0	118.0	0.0	0.0	0.0	0.0	0.0	0.0	0.0	0.0	0.0	0.0	0.0	0.0	0.0	0.0	0.0	0.0	0.0	0.0	1.0	0.0	0.0
	3p	+	73	32.0	19.0	21.0	36.0	108.0	1.0	0.0	2.0	0.0	0.0	1.0	0.0	0.0	1.0	0.0	0.0	0.0	0.0	0.0	0.0	0.0	0.0	0.0	0.0	0.0	0.0
	3p	+	74	31.0	23.0	10.0	32.0	96.0	0.0	1.0	0.0	0.0	0.0	0.0	0.0	0.0	0.0	0.0	1.0	0.0	0.0	0.0	0.0	0.0	0.0	0.0	0.0	0.0	0.0
	3p	+	75	28.0	20.0	12.0	26.0	86.0	0.0	1.0	1.0	0.0	0.0	0.0	0.0	0.0	0.0	0.0	0.0	0.0	0.0	0.0	0.0	0.0	0.0	0.0	0.0	0.0	0.0
	3p	+	76	27.0	17.0	14.0	20.0	78.0	0.0	0.0	0.0	0.0	1.0	0.0	0.0	0.0	0.0	0.0	0.0	0.0	0.0	0.0	0.0	0.0	0.0	0.0	0.0	0.0	0.0
	3p	+	77	28.0	13.0	14.0	19.0	74.0	0.0	0.0	0.0	0.0	0.0	1.0	0.0	0.0	0.0	0.0	0.0	0.0	0.0	0.0	0.0	0.0	0.0	0.0	0.0	0.0	0.0
	3p	+	78	25.0	17.0	15.0	16.0	73.0	0.0	1.0	0.0	0.0	0.0	0.0	0.0	0.0	0.0	0.0	0.0	0.0	0.0	0.0	0.0	0.0	0.0	0.0	0.0	0.0	0.0
	3p	+	79	17.0	16.0	14.0	19.0	66.0	0.0	0.0	0.0	0.0	0.0	0.0	0.0	1.0	0.0	0.0	0.0	0.0	0.0	0.0	0.0	0.0	0.0	0.0	0.0	0.0	0.0
	3p	+	80	19.0	13.0	13.0	14.0	59.0	0.0	0.0	0.0	0.0	0.0	0.0	0.0	1.0	0.0	0.0	0.0	0.0	0.0	0.0	0.0	0.0	0.0	0.0	0.0	0.0	0.0
	3p	+	81	16.0	8.0	12.0	19.0	55.0	0.0	0.0	0.0	0.0	0.0	0.0	0.0	0.0	0.0	0.0	0.0	0.0	0.0	0.0	0.0	0.0	1.0	0.0	0.0	0.0	0.0
	3p	+	82	17.0	8.0	5.0	16.0	46.0	0.0	0.0	0.0	0.0	0.0	0.0	0.0	0.0	0.0	0.0	0.0	0.0	0.0	0.0	0.0	0.0	0.0	0.0	0.0	0.0	0.0
	3p	+	83	13.0	8.0	4.0	16.0	41.0	0.0	0.0	0.0	0.0	0.0	0.0	0.0	0.0	0.0	0.0	0.0	1.0	0.0	0.0	0.0	0.0	0.0	0.0	0.0	0.0	0.0
	3p	+	84	11.0	6.0	9.0	11.0	37.0	0.0	0.0	0.0	0.0	0.0	0.0	0.0	0.0	0.0	0.0	0.0	0.0	0.0	0.0	0.0	0.0	0.0	0.0	0.0	0.0	0.0
	3p	+	85	9.0	8.0	6.0	8.0	31.0	0.0	0.0	0.0	0.0	0.0	0.0	0.0	0.0	0.0	0.0	0.0	0.0	0.0	0.0	0.0	0.0	0.0	0.0	0.0	0.0	0.0
	3p	+	86	7.0	5.0	8.0	5.0	25.0	0.0	0.0	0.0	0.0	0.0	0.0	0.0	0.0	0.0	0.0	0.0	0.0	0.0	0.0	0.0	0.0	0.0	0.0	0.0	0.0	0.0
	3p	+	87	3.0	4.0	8.0	5.0	20.0	0.0	0.0	0.0	0.0	0.0	0.0	0.0	0.0	0.0	0.0	0.0	0.0	0.0	0.0	0.0	0.0	0.0	0.0	0.0	0.0	0.0
	3p	+	88	5.0	1.0	2.0	7.0	15.0	0.0	0.0	0.0	0.0	0.0	0.0	0.0	0.0	0.0	0.0	0.0	0.0	0.0	0.0	0.0	0.0	0.0	0.0	0.0	0.0	0.0
	3p	+	89	4.0	3.0	1.0	4.0	12.0	0.0	0.0	0.0	0.0	0.0	0.0	0.0	0.0	0.0	0.0	0.0	0.0	0.0	0.0	0.0	0.0	0.0	0.0	0.0	0.0	0.0
	3p	+	90	1.0	2.0	1.0	3.0	7.0	0.0	0.0	0.0	0.0	0.0	0.0	0.0	0.0	0.0	0.0	0.0	0.0	0.0	0.0	0.0	0.0	0.0	0.0	0.0	0.0	0.0
	3p	+	91	1.0	0.0	1.0	1.0	3.0	0.0	0.0	0.0	0.0	0.0	0.0	0.0	0.0	0.0	0.0	0.0	0.0	0.0	0.0	0.0	0.0	0.0	0.0	0.0	0.0	0.0
	3p	+	92	0.0	0.0	0.0	0.0	0.0	0.0	0.0	0.0	0.0	0.0	0.0	0.0	0.0	0.0	0.0	0.0	0.0	0.0	0.0	0.0	0.0	0.0	0.0	0.0	0.0	0.0
	3p	+	93	0.0	0.0	0.0	0.0	0.0	0.0	0.0	0.0	0.0	0.0	0.0	0.0	0.0	0.0	0.0	0.0	0.0	0.0	0.0	0.0	0.0	0.0	0.0	0.0	0.0	0.0
	3p	+	94	0.0	0.0	0.0	0.0	0.0	0.0	0.0	0.0	0.0	0.0	0.0	0.0	0.0	0.0	0.0	0.0	0.0	0.0	0.0	0.0	0.0	0.0	0.0	0.0	0.0	0.0
	3p	+	95	0.0	0.0	0.0	0.0	0.0	0.0	0.0	0.0	0.0	0.0	0.0	0.0	0.0	0.0	0.0	0.0	0.0	0.0	0.0	0.0	0.0	0.0	0.0	0.0	0.0	0.0
	3p	+	96	0.0	0.0	0.0	0.0	0.0	0.0	0.0	0.0	0.0	0.0	0.0	0.0	0.0	0.0	0.0	0.0	0.0	0.0	0.0	0.0	0.0	0.0	0.0	0.0	0.0	0.0
	3p	+	97	0.0	0.0	0.0	0.0	0.0	0.0	0.0	0.0	0.0	0.0	0.0	0.0	0.0	0.0	0.0	0.0	0.0	0.0	0.0	0.0	0.0	0.0	0.0	0.0	0.0	0.0
	3p	+	98	0.0	0.0	0.0	0.0	0.0	0.0	0.0	0.0	0.0	0.0	0.0	0.0	0.0	0.0	0.0	0.0	0.0	0.0	0.0	0.0	0.0	0.0	0.0	0.0	0.0	0.0
	3p	+	99	0.0	0.0	0.0	0.0	0.0	0.0	0.0	0.0	0.0	0.0	0.0	0.0	0.0	0.0	0.0	0.0	0.0	0.0	0.0	0.0	0.0	0.0	0.0	0.0	0.0	0.0
	3p	+	100	0.0	0.0	0.0	0.0	0.0	0.0	0.0	0.0	0.0	0.0	0.0	0.0	0.0	0.0	0.0	0.0	0.0	0.0	0.0	0.0	0.0	0.0	0.0	0.0	0.0	0.0
	3p	-	1	1317.0	484.0	443.0	1021.0	3265.0	4.0	144.0	5.0	3.0	3.0	8.0	1.0	1.0	1.0	4.0	1.0	1.00.0	0.0	0.0	0.0	0.0	0.0	0.0	0.0	0.0
	3p	-	2	1211.0	600.0	526.0	930.0	3267.0	3.0	43.0	1.0	2.0	7.0	3.0	0.0	2.0	2.0	3.0	2.0	1.00.0	0.0	0.0	0.0	0.0	0.0	0.0	0.0	0.0
	3p	-	3	1111.0	613.0	605.0	944.0	3273.0	1.0	5.0	2.0	1.0	2.0	1.0	1.0	4.0	1.0	0.0	1.0	2.00.0	0.0	0.0	0.0	0.0	0.0	0.0	0.0	0.0
	3p	-	4	1119.0	605.0	635.0	920.0	3279.0	0.0	9.0	2.0	3.0	1.0	1.0	1.0	2.0	1.0	1.0	2.0	2.00.0	0.0	0.0	0.0	1.0	0.0	1.0	0.0	0.0
	3p	-	5	1096.0	583.0	655.0	941.0	3275.0	4.0	3.0	4.0	5.0	4.0	2.0	1.0	0.0	2.0	3.0	1.0	2.00.0	0.0	0.0	0.0	2.0	0.0	0.0	1.0	0.0
	3p	-	6	1185.0	565.0	588.0	935.0	3273.0	2.0	3.0	2.0	0.0	1.0	3.0	0.0	2.0	0.0	0.0	2.0	2.00.0	0.0	0.0	0.0	3.0	0.0	0.0	3.0	0.0
	3p	-	7	1129.0	553.0	635.0	951.0	3268.0	2.0	4.0	1.0	1.0	0.0	1.0	0.0	0.0	0.0	1.0	0.0	3.00.0	0.0	0.0	0.0	6.0	0.0	4.0	2.0	0.0
	3p	-	8	1062.0	597.0	651.0	958.0	3268.0	1.0	2.0	1.0	0.0	0.0	0.0	0.0	2.0	0.0	2.0	1.0	0.00.0	0.0	0.0	0.0	4.0	0.0	2.0	4.0	0.0
	3p	-	9	1078.0	626.0	619.0	950.0	3273.0	1.0	5.0	1.0	1.0	0.0	0.0	2.0	2.0	0.0	1.0	0.0	3.00.0	0.0	0.0	0.0	5.0	0.0	2.0	1.0	0.0
	3p	-	10	1040.0	627.0	608.0	995.0	3270.0	3.0	2.0	4.0	1.0	0.0	5.0	0.0	1.0	2.0	0.0	0.0	0.00.0	0.0	0.0	0.0	3.0	0.0	2.0	1.0	0.0
	3p	-	11	1009.0	636.0	616.0	1012.0	3273.0	2.0	1.0	1.0	3.0	0.0	1.0	0.0	2.0	1.0	0.0	0.0	1.00.0	0.0	0.0	0.0	3.0	0.0	3.0	1.0	0.0
	3p	-	12	1041.0	643.0	617.0	973.0	3274.0	1.0	2.0	3.0	3.0	2.0	1.0	0.0	0.0	2.0	0.0	1.0	2.00.0	0.0	0.0	0.0	6.0	0.0	1.0	3.0	0.0
	3p	-	13	1079.0	596.0	617.0	985.0	3277.0	5.0	3.0	3.0	1.0	1.0	0.0	0.0	1.0	1.0	0.0	2.0	0.00.0	0.0	0.0	0.0	5.0	0.0	2.0	1.0	0.0
	3p	-	14	1069.0	625.0	620.0	958.0	3272.0	1.0	1.0	2.0	1.0	2.0	0.0	0.0	0.0	0.0	2.0	1.0	0.00.0	0.0	0.0	0.0	7.0	0.0	3.0	2.0	0.0
	3p	-	15	1034.0	637.0	621.0	985.0	3277.0	2.0	3.0	2.0	4.0	2.0	1.0	1.0	2.0	0.0	0.0	0.0	0.00.0	0.0	0.0	0.0	3.0	0.0	0.0	2.0	0.0
	3p	-	16	1052.0	625.0	608.0	992.0	3277.0	2.0	2.0	0.0	3.0	1.0	0.0	0.0	0.0	0.0	0.0	1.0	1.00.0	0.0	0.0	0.0	3.0	0.0	3.0	4.0	0.0
	3p	-	17	1044.0	659.0	587.0	987.0	3277.0	2.0	1.0	3.0	1.0	2.0	1.0	0.0	3.0	2.0	0.0	1.0	1.00.0	0.0	0.0	0.0	4.0	0.0	1.0	2.0	0.0
	3p	-	18	1036.0	655.0	587.0	995.0	3273.0	0.0	0.0	1.0	3.0	0.0	0.0	2.0	2.0	1.0	0.0	2.0	3.00.0	0.0	0.0	0.0	5.0	0.0	1.0	0.0	0.0
	3p	-	19	1014.0	638.0	664.0	957.0	3273.0	2.0	0.0	3.0	0.0	1.0	1.0	1.0	0.0	0.0	1.0	1.0	1.00.0	0.0	0.0	0.0	1.0	0.0	4.0	3.0	0.0
	3p	-	20	1032.0	621.0	628.0	988.0	3269.0	0.0	2.0	0.0	2.0	2.0	1.0	1.0	0.0	0.0	1.0	2.0	0.00.0	0.0	0.0	0.0	5.0	0.0	3.0	5.0	0.0
	3p	-	21	1057.0	640.0	585.0	983.0	3265.0	2.0	2.0	2.0	1.0	0.0	1.0	0.0	0.0	2.0	0.0	1.0	3.00.0	0.0	0.0	0.0	7.0	0.0	2.0	3.0	0.0
	3p	-	22	991.0	673.0	613.0	995.0	3272.0	0.0	2.0	2.0	3.0	0.0	2.0	2.0	2.0	2.0	2.0	0.0	1.00.0	0.0	0.0	0.0	3.0	0.0	1.0	2.0	0.0
	3p	-	23	1015.0	627.0	648.0	977.0	3267.0	1.0	2.0	0.0	0.0	1.0	0.0	2.0	0.0	0.0	0.0	1.0	2.00.0	0.0	0.0	0.0	6.0	0.0	2.0	2.0	0.0
	3p	-	24	1090.0	605.0	625.0	950.0	3270.0	1.0	2.0	1.0	1.0	0.0	0.0	0.0	0.0	0.0	1.0	1.0	2.00.0	0.0	0.0	0.0	3.0	0.0	2.0	3.0	0.0
	3p	-	25	1039.0	626.0	648.0	957.0	3270.0	1.0	1.0	1.0	0.0	0.0	0.0	2.0	0.0	1.0	0.0	0.0	1.00.0	0.0	0.0	0.0	2.0	0.0	6.0	3.0	0.0
	3p	-	26	1054.0	646.0	624.0	944.0	3268.0	1.0	2.0	0.0	1.0	3.0	3.0	2.0	1.0	1.0	1.0	0.0	2.00.0	0.0	0.0	0.0	5.0	0.0	3.0	3.0	0.0
	3p	-	27	1014.0	630.0	621.0	1009.0	3274.0	0.0	3.0	0.0	2.0	0.0	1.0	2.0	0.0	1.0	1.0	0.0	2.00.0	0.0	0.0	0.0	5.0	0.0	3.0	1.0	0.0
	3p	-	28	1008.0	615.0	648.0	1007.0	3278.0	1.0	4.0	2.0	1.0	1.0	1.0	1.0	0.0	2.0	3.0	2.0	4.00.0	0.0	0.0	0.0	2.0	0.0	0.0	1.0	0.0
	3p	-	29	1029.0	607.0	635.0	1009.0	3280.0	5.0	6.0	3.0	2.0	0.0	1.0	0.0	0.0	1.0	3.0	1.0	0.00.0	0.0	0.0	0.0	1.0	0.0	0.0	1.0	0.0
	3p	-	30	1047.0	611.0	662.0	958.0	3278.0	4.0	7.0	1.0	1.0	1.0	2.0	1.0	1.0	0.0	1.0	3.0	3.00.0	0.0	0.0	0.0	1.0	0.0	1.0	1.0	0.0
	3p	-	31	925.0	532.0	622.0	921.0	3000.0	0.0	6.0	1.0	1.0	0.0	3.0	0.0	1.0	2.0	2.0	1.0	3.00.0	0.0	0.0	0.0	4.0	0.0	0.0	1.0	0.0
	3p	-	32	896.0	500.0	546.0	840.0	2782.0	1.0	1.0	2.0	1.0	1.0	1.0	0.0	0.0	1.0	0.0	1.0	3.00.0	0.0	0.0	0.0	3.0	0.0	3.0	2.0	0.0
	3p	-	33	774.0	434.0	549.0	824.0	2581.0	1.0	3.0	1.0	2.0	1.0	2.0	0.0	1.0	1.0	1.0	0.0	5.00.0	0.0	0.0	0.0	3.0	0.0	2.0	1.0	0.0
	3p	-	34	741.0	456.0	460.0	730.0	2387.0	2.0	5.0	5.0	2.0	1.0	1.0	1.0	0.0	0.0	1.0	0.0	0.00.0	0.0	0.0	0.0	4.0	0.0	0.0	1.0	0.0
	3p	-	35	704.0	402.0	439.0	641.0	2186.0	1.0	4.0	3.0	0.0	0.0	1.0	1.0	0.0	0.0	0.0	0.0	0.00.0	0.0	0.0	0.0	1.0	0.0	1.0	0.0	0.0
	3p	-	36	624.0	344.0	401.0	665.0	2034.0	1.0	1.0	2.0	3.0	0.0	1.0	0.0	0.0	0.0	0.0	1.0	0.00.0	0.0	0.0	0.0	1.0	0.0	1.0	2.0	0.0
	3p	-	37	546.0	321.0	394.0	604.0	1865.0	3.0	2.0	1.0	1.0	0.0	0.0	0.0	1.0	0.0	0.0	0.0	0.00.0	0.0	0.0	0.0	2.0	0.0	2.0	0.0	0.0
	3p	-	38	557.0	300.0	329.0	524.0	1710.0	0.0	3.0	1.0	0.0	0.0	0.0	0.0	0.0	1.0	1.0	0.0	2.00.0	0.0	0.0	0.0	1.0	0.0	0.0	0.0	0.0
	3p	-	39	505.0	303.0	283.0	479.0	1570.0	0.0	5.0	0.0	0.0	0.0	0.0	0.0	1.0	0.0	0.0	0.0	0.00.0	0.0	0.0	0.0	1.0	0.0	0.0	0.0	0.0
	3p	-	40	450.0	267.0	277.0	455.0	1449.0	0.0	1.0	0.0	0.0	2.0	0.0	0.0	0.0	2.0	0.0	0.0	1.00.0	0.0	0.0	0.0	0.0	0.0	0.0	1.0	0.0
	3p	-	41	421.0	271.0	237.0	426.0	1355.0	1.0	2.0	0.0	0.0	0.0	0.0	1.0	0.0	0.0	1.0	0.0	0.00.0	0.0	0.0	0.0	1.0	0.0	0.0	1.0	0.0
	3p	-	42	382.0	223.0	249.0	392.0	1246.0	1.0	4.0	1.0	2.0	0.0	1.0	0.0	0.0	0.0	0.0	0.0	0.00.0	0.0	0.0	0.0	0.0	0.0	2.0	0.0	0.0
	3p	-	43	380.0	221.0	205.0	318.0	1124.0	0.0	1.0	2.0	0.0	0.0	0.0	0.0	0.0	0.0	1.0	0.0	0.00.0	0.0	0.0	0.0	0.0	0.0	1.0	0.0	0.0
	3p	-	44	309.0	208.0	194.0	313.0	1024.0	0.0	0.0	0.0	0.0	1.0	0.0	1.0	0.0	1.0	1.0	0.0	0.00.0	0.0	0.0	0.0	0.0	0.0	0.0	0.0	0.0
	3p	-	45	281.0	172.0	187.0	302.0	942.0	2.0	1.0	0.0	0.0	0.0	0.0	0.0	0.0	0.0	0.0	0.0	1.00.0	0.0	0.0	0.0	0.0	0.0	0.0	0.0	0.0
	3p	-	46	255.0	149.0	192.0	264.0	860.0	0.0	1.0	0.0	0.0	0.0	0.0	0.0	0.0	0.0	0.0	0.0	1.00.0	0.0	0.0	0.0	0.0	0.0	0.0	0.0	0.0
	3p	-	47	268.0	132.0	149.0	235.0	784.0	0.0	2.0	1.0	0.0	0.0	1.0	0.0	0.0	0.0	0.0	0.0	1.00.0	0.0	0.0	0.0	0.0	0.0	0.0	0.0	0.0
	3p	-	48	238.0	151.0	151.0	181.0	721.0	0.0	0.0	0.0	1.0	0.0	0.0	0.0	0.0	0.0	0.0	0.0	0.00.0	0.0	0.0	0.0	0.0	0.0	0.0	1.0	0.0
	3p	-	49	210.0	128.0	127.0	191.0	656.0	1.0	0.0	0.0	1.0	0.0	0.0	0.0	0.0	0.0	0.0	0.0	0.00.0	0.0	0.0	0.0	1.0	0.0	0.0	0.0	0.0
	3p	-	50	195.0	119.0	113.0	174.0	601.0	0.0	0.0	0.0	0.0	0.0	0.0	0.0	0.0	0.0	1.0	0.0	1.00.0	0.0	0.0	0.0	0.0	0.0	0.0	0.0	0.0
	3p	-	51	185.0	107.0	84.0	173.0	549.0	0.0	0.0	1.0	0.0	1.0	0.0	0.0	1.0	0.0	0.0	0.0	0.00.0	0.0	0.0	0.0	0.0	0.0	0.0	0.0	0.0
	3p	-	52	174.0	70.0	99.0	168.0	511.0	0.0	1.0	1.0	0.0	0.0	1.0	0.0	0.0	0.0	0.0	1.0	1.00.0	0.0	0.0	0.0	0.0	0.0	0.0	0.0	0.0
	3p	-	53	146.0	107.0	99.0	124.0	476.0	0.0	1.0	1.0	1.0	0.0	0.0	0.0	0.0	0.0	0.0	0.0	0.00.0	0.0	0.0	0.0	0.0	0.0	0.0	0.0	0.0
	3p	-	54	150.0	76.0	85.0	132.0	443.0	0.0	0.0	0.0	0.0	0.0	0.0	0.0	0.0	0.0	0.0	0.0	0.00.0	0.0	0.0	0.0	0.0	0.0	0.0	0.0	0.0
	3p	-	55	130.0	71.0	84.0	123.0	408.0	0.0	1.0	0.0	0.0	0.0	0.0	0.0	0.0	2.0	0.0	0.0	0.00.0	0.0	0.0	0.0	0.0	0.0	0.0	0.0	0.0
	3p	-	56	107.0	78.0	73.0	122.0	380.0	0.0	0.0	1.0	0.0	0.0	0.0	0.0	0.0	0.0	1.0	0.0	0.00.0	0.0	0.0	0.0	0.0	0.0	0.0	0.0	0.0
	3p	-	57	111.0	68.0	65.0	102.0	346.0	1.0	1.0	0.0	0.0	0.0	1.0	0.0	0.0	0.0	0.0	0.0	0.00.0	0.0	0.0	0.0	1.0	0.0	0.0	0.0	0.0
	3p	-	58	112.0	48.0	70.0	92.0	322.0	0.0	0.0	0.0	0.0	1.0	0.0	0.0	0.0	0.0	1.0	0.0	0.00.0	0.0	0.0	0.0	1.0	0.0	0.0	0.0	0.0
	3p	-	59	99.0	47.0	78.0	76.0	300.0	0.0	1.0	0.0	0.0	0.0	1.0	0.0	0.0	0.0	0.0	0.0	0.00.0	0.0	0.0	0.0	0.0	0.0	0.0	0.0	0.0
	3p	-	60	84.0	43.0	61.0	93.0	281.0	0.0	2.0	0.0	0.0	0.0	0.0	0.0	0.0	0.0	0.0	0.0	1.00.0	0.0	0.0	0.0	0.0	0.0	0.0	0.0	0.0
	3p	-	61	72.0	46.0	58.0	84.0	260.0	0.0	0.0	0.0	0.0	0.0	0.0	0.0	0.0	0.0	0.0	0.0	0.00.0	0.0	0.0	0.0	0.0	0.0	0.0	0.0	0.0
	3p	-	62	89.0	36.0	34.0	78.0	237.0	0.0	0.0	0.0	0.0	0.0	0.0	0.0	0.0	1.0	1.0	0.0	0.00.0	0.0	0.0	0.0	0.0	0.0	0.0	0.0	0.0
	3p	-	63	78.0	41.0	38.0	65.0	222.0	0.0	1.0	0.0	0.0	0.0	0.0	0.0	0.0	1.0	0.0	0.0	0.00.0	0.0	0.0	0.0	0.0	0.0	0.0	0.0	0.0
	3p	-	64	57.0	52.0	38.0	63.0	210.0	0.0	0.0	0.0	0.0	0.0	0.0	1.0	0.0	0.0	0.0	0.0	0.00.0	0.0	0.0	0.0	0.0	0.0	0.0	0.0	0.0
	3p	-	65	56.0	49.0	35.0	55.0	195.0	0.0	0.0	0.0	0.0	0.0	0.0	0.0	0.0	0.0	0.0	0.0	0.00.0	0.0	0.0	0.0	0.0	0.0	0.0	0.0	0.0
	3p	-	66	56.0	36.0	30.0	63.0	185.0	0.0	0.0	0.0	0.0	0.0	0.0	0.0	0.0	0.0	1.0	0.0	0.00.0	0.0	0.0	0.0	0.0	0.0	0.0	0.0	0.0
	3p	-	67	50.0	30.0	30.0	60.0	170.0	0.0	0.0	1.0	0.0	0.0	0.0	0.0	0.0	0.0	1.0	0.0	0.00.0	0.0	0.0	0.0	0.0	0.0	0.0	0.0	0.0
	3p	-	68	54.0	35.0	22.0	51.0	162.0	0.0	0.0	1.0	0.0	0.0	0.0	1.0	0.0	0.0	0.0	0.0	0.00.0	0.0	0.0	0.0	0.0	0.0	0.0	0.0	0.0
	3p	-	69	40.0	37.0	27.0	41.0	145.0	0.0	0.0	0.0	0.0	0.0	0.0	1.0	0.0	0.0	0.0	0.0	0.00.0	0.0	0.0	0.0	0.0	0.0	0.0	0.0	0.0
	3p	-	70	36.0	24.0	25.0	48.0	133.0	0.0	0.0	1.0	0.0	0.0	1.0	0.0	0.0	0.0	0.0	0.0	0.00.0	0.0	0.0	0.0	0.0	0.0	0.0	0.0	0.0
	3p	-	71	43.0	23.0	20.0	36.0	122.0	0.0	0.0	0.0	0.0	0.0	0.0	0.0	0.0	0.0	0.0	0.0	0.00.0	0.0	0.0	0.0	0.0	0.0	0.0	0.0	0.0
	3p	-	72	37.0	15.0	21.0	37.0	110.0	1.0	0.0	0.0	0.0	0.0	0.0	0.0	0.0	0.0	0.0	0.0	0.00.0	0.0	0.0	0.0	0.0	0.0	0.0	0.0	0.0
	3p	-	73	34.0	11.0	19.0	35.0	99.0	0.0	0.0	0.0	0.0	0.0	0.0	0.0	0.0	0.0	0.0	0.0	0.00.0	0.0	0.0	0.0	0.0	0.0	0.0	0.0	0.0
	3p	-	74	28.0	22.0	15.0	27.0	92.0	0.0	0.0	0.0	0.0	0.0	0.0	0.0	1.0	0.0	0.0	0.0	0.00.0	0.0	0.0	0.0	0.0	0.0	0.0	0.0	0.0
	3p	-	75	28.0	18.0	15.0	25.0	86.0	0.0	0.0	0.0	0.0	0.0	0.0	0.0	0.0	0.0	0.0	0.0	0.00.0	0.0	0.0	0.0	0.0	0.0	0.0	0.0	0.0
	3p	-	76	24.0	14.0	14.0	27.0	79.0	0.0	0.0	0.0	0.0	0.0	0.0	0.0	0.0	0.0	0.0	0.0	0.00.0	0.0	0.0	0.0	0.0	0.0	0.0	0.0	0.0
	3p	-	77	23.0	13.0	14.0	17.0	67.0	0.0	0.0	0.0	0.0	0.0	0.0	0.0	0.0	0.0	0.0	0.0	0.00.0	0.0	0.0	0.0	0.0	0.0	0.0	0.0	0.0
	3p	-	78	17.0	10.0	16.0	18.0	61.0	0.0	0.0	0.0	0.0	0.0	0.0	0.0	0.0	0.0	0.0	0.0	0.00.0	0.0	0.0	0.0	0.0	0.0	0.0	0.0	0.0
	3p	-	79	20.0	12.0	7.0	14.0	53.0	0.0	0.0	0.0	0.0	0.0	0.0	0.0	0.0	0.0	0.0	0.0	0.00.0	0.0	0.0	0.0	0.0	0.0	0.0	0.0	0.0
	3p	-	80	12.0	5.0	12.0	17.0	46.0	0.0	0.0	0.0	0.0	0.0	0.0	0.0	0.0	0.0	0.0	0.0	0.00.0	0.0	0.0	0.0	0.0	0.0	0.0	0.0	0.0
	3p	-	81	9.0	7.0	7.0	18.0	41.0	0.0	0.0	0.0	0.0	0.0	0.0	0.0	0.0	0.0	0.0	0.0	0.00.0	0.0	0.0	0.0	0.0	0.0	0.0	0.0	0.0
	3p	-	82	12.0	8.0	7.0	12.0	39.0	0.0	0.0	0.0	0.0	0.0	0.0	0.0	1.0	0.0	0.0	0.0	0.00.0	0.0	0.0	0.0	0.0	0.0	0.0	0.0	0.0
	3p	-	83	12.0	6.0	6.0	8.0	32.0	0.0	0.0	0.0	0.0	0.0	0.0	0.0	0.0	0.0	0.0	0.0	0.00.0	0.0	0.0	0.0	0.0	0.0	0.0	0.0	0.0
	3p	-	84	4.0	8.0	1.0	11.0	24.0	1.0	0.0	0.0	0.0	0.0	0.0	0.0	0.0	0.0	0.0	0.0	0.00.0	0.0	0.0	0.0	0.0	0.0	0.0	0.0	0.0
	3p	-	85	7.0	6.0	2.0	5.0	20.0	0.0	0.0	0.0	0.0	0.0	0.0	0.0	0.0	0.0	0.0	0.0	0.00.0	0.0	0.0	0.0	0.0	0.0	0.0	0.0	0.0
	3p	-	86	8.0	1.0	5.0	4.0	18.0	0.0	0.0	0.0	0.0	0.0	0.0	0.0	0.0	0.0	0.0	0.0	0.00.0	0.0	0.0	0.0	0.0	0.0	0.0	0.0	0.0
	3p	-	87	4.0	1.0	7.0	2.0	14.0	0.0	0.0	0.0	0.0	0.0	0.0	0.0	0.0	0.0	0.0	0.0	0.00.0	0.0	0.0	0.0	0.0	0.0	0.0	0.0	0.0
	3p	-	88	4.0	2.0	2.0	2.0	10.0	0.0	0.0	0.0	0.0	0.0	0.0	0.0	0.0	0.0	0.0	0.0	0.00.0	0.0	0.0	0.0	0.0	0.0	0.0	0.0	0.0
	3p	-	89	2.0	1.0	2.0	2.0	7.0	0.0	0.0	0.0	0.0	0.0	0.0	0.0	0.0	0.0	0.0	0.0	0.00.0	0.0	0.0	0.0	0.0	0.0	0.0	0.0	0.0
	3p	-	90	0.0	0.0	2.0	1.0	3.0	0.0	0.0	0.0	0.0	0.0	0.0	0.0	0.0	0.0	0.0	0.0	0.00.0	0.0	0.0	0.0	0.0	0.0	0.0	0.0	0.0
	3p	-	91	0.0	0.0	1.0	0.0	1.0	0.0	0.0	0.0	0.0	0.0	0.0	0.0	0.0	0.0	0.0	0.0	0.00.0	0.0	0.0	0.0	0.0	0.0	0.0	0.0	0.0
	3p	-	92	0.0	0.0	0.0	0.0	0.0	0.0	0.0	0.0	0.0	0.0	0.0	0.0	0.0	0.0	0.0	0.0	0.00.0	0.0	0.0	0.0	0.0	0.0	0.0	0.0	0.0
	3p	-	93	0.0	0.0	0.0	0.0	0.0	0.0	0.0	0.0	0.0	0.0	0.0	0.0	0.0	0.0	0.0	0.0	0.00.0	0.0	0.0	0.0	0.0	0.0	0.0	0.0	0.0
	3p	-	94	0.0	0.0	0.0	0.0	0.0	0.0	0.0	0.0	0.0	0.0	0.0	0.0	0.0	0.0	0.0	0.0	0.00.0	0.0	0.0	0.0	0.0	0.0	0.0	0.0	0.0
	3p	-	95	0.0	0.0	0.0	0.0	0.0	0.0	0.0	0.0	0.0	0.0	0.0	0.0	0.0	0.0	0.0	0.0	0.00.0	0.0	0.0	0.0	0.0	0.0	0.0	0.0	0.0
	3p	-	96	0.0	0.0	0.0	0.0	0.0	0.0	0.0	0.0	0.0	0.0	0.0	0.0	0.0	0.0	0.0	0.0	0.00.0	0.0	0.0	0.0	0.0	0.0	0.0	0.0	0.0
	3p	-	97	0.0	0.0	0.0	0.0	0.0	0.0	0.0	0.0	0.0	0.0	0.0	0.0	0.0	0.0	0.0	0.0	0.00.0	0.0	0.0	0.0	0.0	0.0	0.0	0.0	0.0
	3p	-	98	0.0	0.0	0.0	0.0	0.0	0.0	0.0	0.0	0.0	0.0	0.0	0.0	0.0	0.0	0.0	0.0	0.00.0	0.0	0.0	0.0	0.0	0.0	0.0	0.0	0.0
	3p	-	99	0.0	0.0	0.0	0.0	0.0	0.0	0.0	0.0	0.0	0.0	0.0	0.0	0.0	0.0	0.0	0.0	0.00.0	0.0	0.0	0.0	0.0	0.0	0.0	0.0	0.0
	3p	-	100	0.0	0.0	0.0	0.0	0.0	0.0	0.0	0.0	0.0	0.0	0.0	0.0	0.0	0.0	0.0	0.0	0.00.0	0.0	0.0	0.0	0.0	0.0	0.0	0.0	0.0
	5p	+	1	1191.0	489.0	538.0	1039.0	3257.0	4.0	17.0	9.0	5.0	1.0	9.0	1.0	5.0	1.0	6.0	1.0	5.00.0	0.0	0.0	0.0	0.0	0.0	0.0	0.0	0.0
	5p	+	2	995.0	496.0	768.0	994.0	3253.0	1.0	6.0	7.0	1.0	1.0	2.0	1.0	5.0	4.0	3.0	1.0	6.00.0	0.0	0.0	0.0	0.0	0.0	0.0	3.0	0.0
	5p	+	3	1072.0	545.0	698.0	951.0	3266.0	5.0	14.0	5.0	2.0	2.0	3.0	0.0	0.0	0.0	2.0	0.0	1.00.0	0.0	0.0	0.0	0.0	0.0	1.0	0.0	0.0
	5p	+	4	952.0	608.0	744.0	963.0	3267.0	2.0	1.0	3.0	1.0	2.0	2.0	2.0	4.0	1.0	2.0	2.0	0.00.0	0.0	0.0	0.0	1.0	0.0	1.0	1.0	0.0
	5p	+	5	1019.0	641.0	661.0	946.0	3267.0	2.0	3.0	0.0	3.0	1.0	1.0	1.0	0.0	0.0	4.0	3.0	4.00.0	0.0	0.0	0.0	2.0	0.0	1.0	2.0	0.0
	5p	+	6	1055.0	584.0	614.0	1013.0	3266.0	3.0	5.0	2.0	0.0	0.0	1.0	2.0	2.0	0.0	2.0	0.0	0.00.0	0.0	0.0	0.0	1.0	0.0	1.0	2.0	0.0
	5p	+	7	1032.0	629.0	656.0	949.0	3266.0	0.0	5.0	2.0	3.0	1.0	0.0	0.0	1.0	2.0	0.0	0.0	0.00.0	0.0	0.0	0.0	6.0	0.0	1.0	1.0	0.0
	5p	+	8	1054.0	637.0	622.0	957.0	3270.0	2.0	1.0	4.0	1.0	0.0	1.0	0.0	0.0	0.0	1.0	2.0	1.00.0	0.0	0.0	0.0	1.0	0.0	1.0	2.0	0.0
	5p	+	9	1070.0	579.0	601.0	1011.0	3261.0	0.0	0.0	5.0	2.0	0.0	1.0	0.0	1.0	0.0	0.0	1.0	0.00.0	0.0	0.0	0.0	5.0	0.0	2.0	1.0	0.0
	5p	+	10	1088.0	616.0	621.0	939.0	3264.0	3.0	2.0	2.0	0.0	0.0	0.0	2.0	0.0	2.0	0.0	1.0	1.00.0	0.0	0.0	0.0	2.0	0.0	1.0	5.0	0.0
	5p	+	11	1024.0	638.0	613.0	984.0	3259.0	2.0	0.0	1.0	2.0	0.0	1.0	0.0	1.0	2.0	1.0	1.0	1.00.0	0.0	0.0	0.0	4.0	0.0	7.0	1.0	0.0
	5p	+	12	1040.0	609.0	606.0	1010.0	3265.0	3.0	0.0	3.0	0.0	1.0	1.0	0.0	2.0	0.0	0.0	0.0	2.00.0	0.0	0.0	0.0	6.0	0.0	3.0	4.0	0.0
	5p	+	13	1072.0	625.0	624.0	942.0	3263.0	0.0	4.0	4.0	1.0	0.0	0.0	2.0	0.0	0.0	1.0	1.0	3.00.0	0.0	0.0	0.0	7.0	0.0	4.0	1.0	0.0
	5p	+	14	1093.0	610.0	598.0	965.0	3266.0	2.0	0.0	1.0	1.0	0.0	0.0	1.0	2.0	0.0	1.0	0.0	2.00.0	0.0	0.0	0.0	6.0	0.0	3.0	1.0	0.0
	5p	+	15	1055.0	628.0	628.0	951.0	3262.0	1.0	3.0	1.0	4.0	3.0	1.0	1.0	1.0	1.0	2.0	0.0	2.00.0	0.0	0.0	0.0	2.0	0.0	5.0	4.0	0.0
	5p	+	16	1007.0	651.0	579.0	1017.0	3254.0	0.0	1.0	1.0	2.0	1.0	1.0	0.0	1.0	0.0	2.0	1.0	3.00.0	0.0	0.0	0.0	10.0	0.0	5.0	6.0	0.0
	5p	+	17	982.0	641.0	641.0	996.0	3260.0	1.0	1.0	1.0	1.0	0.0	1.0	1.0	0.0	3.0	1.0	0.0	1.00.0	0.0	0.0	0.0	3.0	0.0	5.0	1.0	0.0
	5p	+	18	1041.0	620.0	613.0	993.0	3267.0	0.0	1.0	0.0	1.0	0.0	0.0	1.0	1.0	0.0	1.0	0.0	2.00.0	0.0	0.0	0.0	4.0	0.0	3.0	1.0	0.0
	5p	+	19	1040.0	629.0	608.0	986.0	3263.0	1.0	4.0	2.0	0.0	1.0	1.0	1.0	1.0	4.0	3.0	0.0	0.00.0	0.0	0.0	0.0	5.0	0.0	6.0	5.0	0.0
	5p	+	20	1096.0	607.0	651.0	916.0	3270.0	1.0	3.0	2.0	1.0	0.0	2.0	0.0	1.0	0.0	0.0	0.0	1.00.0	0.0	0.0	0.0	3.0	0.0	4.0	0.0	0.0
	5p	+	21	1046.0	623.0	603.0	990.0	3262.0	2.0	2.0	2.0	0.0	2.0	2.0	0.0	0.0	0.0	1.0	2.0	0.00.0	0.0	0.0	0.0	2.0	0.0	2.0	3.0	0.0
	5p	+	22	1045.0	614.0	670.0	938.0	3267.0	3.0	3.0	0.0	1.0	2.0	0.0	0.0	2.0	2.0	1.0	0.0	3.00.0	0.0	0.0	0.0	3.0	0.0	2.0	4.0	0.0
	5p	+	23	1052.0	654.0	584.0	975.0	3265.0	2.0	1.0	3.0	1.0	0.0	2.0	0.0	1.0	1.0	0.0	1.0	1.00.0	0.0	0.0	0.0	2.0	0.0	5.0	3.0	0.0
	5p	+	24	1072.0	591.0	635.0	972.0	3270.0	1.0	3.0	3.0	3.0	0.0	0.0	1.0	0.0	0.0	1.0	1.0	2.00.0	0.0	0.0	0.0	3.0	0.0	4.0	1.0	0.0
	5p	+	25	1086.0	622.0	578.0	982.0	3268.0	1.0	2.0	2.0	4.0	1.0	3.0	0.0	0.0	1.0	0.0	0.0	2.00.0	0.0	0.0	0.0	7.0	0.0	1.0	1.0	0.0
	5p	+	26	1055.0	620.0	634.0	960.0	3269.0	2.0	2.0	1.0	2.0	0.0	0.0	1.0	0.0	1.0	1.0	0.0	1.00.0	0.0	0.0	0.0	2.0	0.0	4.0	2.0	0.0
	5p	+	27	1127.0	625.0	597.0	923.0	3272.0	0.0	3.0	9.0	1.0	0.0	1.0	0.0	1.0	0.0	1.0	2.0	3.00.0	0.0	0.0	0.0	2.0	0.0	0.0	0.0	0.0
	5p	+	28	1093.0	604.0	614.0	960.0	3271.0	3.0	1.0	4.0	2.0	0.0	0.0	2.0	2.0	0.0	1.0	1.0	1.00.0	0.0	0.0	0.0	1.0	0.0	1.0	0.0	0.0
	5p	+	29	1089.0	576.0	646.0	961.0	3272.0	0.0	6.0	2.0	4.0	1.0	2.0	3.0	0.0	0.0	2.0	2.0	2.00.0	0.0	0.0	0.0	2.0	0.0	2.0	1.0	0.0
	5p	+	30	1131.0	592.0	586.0	963.0	3272.0	2.0	14.0	0.0	0.0	0.0	5.0	0.0	3.0	1.0	1.0	0.0	2.00.0	0.0	0.0	0.0	1.0	0.0	1.0	1.0	0.0
	5p	+	31	1002.0	559.0	587.0	883.0	3031.0	3.0	9.0	3.0	2.0	4.0	2.0	1.0	3.0	0.0	2.0	0.0	1.00.0	0.0	0.0	0.0	2.0	0.0	1.0	3.0	0.0
	5p	+	32	1003.0	501.0	506.0	794.0	2804.0	2.0	10.0	4.0	1.0	0.0	1.0	1.0	0.0	0.0	1.0	0.0	1.00.0	0.0	0.0	0.0	2.0	0.0	1.0	2.0	0.0
	5p	+	33	904.0	455.0	473.0	778.0	2610.0	0.0	12.0	3.0	1.0	0.0	2.0	0.0	0.0	2.0	3.0	2.0	0.00.0	0.0	0.0	0.0	2.0	0.0	1.0	2.0	0.0
	5p	+	34	828.0	449.0	441.0	671.0	2389.0	1.0	21.0	2.0	2.0	0.0	3.0	0.0	0.0	0.0	0.0	0.0	0.00.0	0.0	0.0	0.0	0.0	0.0	0.0	1.0	0.0
	5p	+	35	728.0	375.0	400.0	676.0	2179.0	0.0	17.0	1.0	0.0	0.0	2.0	1.0	1.0	0.0	0.0	1.0	0.00.0	0.0	0.0	0.0	0.0	0.0	2.0	0.0	0.0
	5p	+	36	649.0	350.0	388.0	603.0	1990.0	1.0	5.0	0.0	1.0	0.0	0.0	0.0	0.0	0.0	2.0	0.0	1.00.0	0.0	0.0	0.0	2.0	0.0	0.0	1.0	0.0
	5p	+	37	610.0	323.0	363.0	533.0	1829.0	1.0	9.0	2.0	1.0	0.0	0.0	0.0	0.0	0.0	2.0	0.0	2.00.0	0.0	0.0	0.0	2.0	0.0	0.0	0.0	0.0
	5p	+	38	592.0	274.0	322.0	502.0	1690.0	0.0	5.0	2.0	1.0	1.0	1.0	0.0	0.0	1.0	0.0	1.0	0.00.0	0.0	0.0	0.0	2.0	0.0	1.0	0.0	0.0
	5p	+	39	482.0	289.0	312.0	482.0	1565.0	1.0	11.0	1.0	1.0	1.0	0.0	0.0	0.0	0.0	2.0	1.0	1.00.0	0.0	0.0	0.0	0.0	0.0	0.0	0.0	0.0
	5p	+	40	499.0	257.0	247.0	431.0	1434.0	1.0	8.0	0.0	0.0	0.0	0.0	0.0	0.0	0.0	0.0	1.0	1.00.0	0.0	0.0	0.0	1.0	0.0	1.0	1.0	0.0
	5p	+	41	439.0	239.0	236.0	413.0	1327.0	0.0	8.0	1.0	0.0	1.0	0.0	0.0	0.0	0.0	0.0	0.0	1.00.0	0.0	0.0	0.0	0.0	0.0	1.0	1.0	0.0
	5p	+	42	433.0	205.0	235.0	366.0	1239.0	3.0	2.0	1.0	0.0	0.0	1.0	0.0	0.0	0.0	0.0	0.0	1.00.0	0.0	0.0	0.0	0.0	0.0	2.0	0.0	0.0
	5p	+	43	384.0	206.0	225.0	326.0	1141.0	0.0	7.0	1.0	1.0	1.0	1.0	0.0	0.0	0.0	1.0	0.0	1.00.0	0.0	0.0	0.0	0.0	0.0	0.0	0.0	0.0
	5p	+	44	353.0	175.0	201.0	316.0	1045.0	0.0	6.0	2.0	0.0	0.0	0.0	0.0	0.0	0.0	0.0	0.0	1.00.0	0.0	0.0	0.0	0.0	0.0	0.0	0.0	0.0
	5p	+	45	323.0	171.0	178.0	297.0	969.0	1.0	6.0	0.0	1.0	0.0	1.0	0.0	1.0	0.0	2.0	0.0	1.00.0	0.0	0.0	0.0	1.0	0.0	0.0	0.0	0.0
	5p	+	46	298.0	161.0	151.0	275.0	885.0	0.0	5.0	0.0	0.0	0.0	0.0	0.0	0.0	0.0	0.0	0.0	0.00.0	0.0	0.0	0.0	0.0	0.0	1.0	1.0	0.0
	5p	+	47	272.0	164.0	138.0	243.0	817.0	0.0	5.0	1.0	0.0	0.0	0.0	0.0	1.0	0.0	0.0	0.0	0.00.0	0.0	0.0	0.0	1.0	0.0	0.0	0.0	0.0
	5p	+	48	256.0	134.0	133.0	234.0	757.0	0.0	2.0	1.0	1.0	0.0	1.0	0.0	0.0	0.0	1.0	1.0	0.00.0	0.0	0.0	0.0	1.0	0.0	1.0	0.0	0.0
	5p	+	49	229.0	126.0	129.0	216.0	700.0	0.0	4.0	0.0	0.0	0.0	0.0	2.0	0.0	0.0	1.0	0.0	2.00.0	0.0	0.0	0.0	2.0	0.0	0.0	0.0	0.0
	5p	+	50	241.0	110.0	114.0	185.0	650.0	0.0	4.0	0.0	2.0	0.0	2.0	0.0	0.0	0.0	1.0	0.0	0.00.0	0.0	0.0	0.0	0.0	0.0	0.0	1.0	0.0
	5p	+	51	194.0	99.0	122.0	176.0	591.0	0.0	6.0	0.0	1.0	1.0	0.0	0.0	0.0	0.0	0.0	1.0	0.00.0	0.0	0.0	0.0	0.0	0.0	0.0	0.0	0.0
	5p	+	52	157.0	113.0	102.0	177.0	549.0	0.0	5.0	0.0	1.0	0.0	0.0	0.0	0.0	0.0	0.0	0.0	0.00.0	0.0	0.0	0.0	0.0	0.0	0.0	0.0	0.0
	5p	+	53	167.0	101.0	86.0	154.0	508.0	0.0	8.0	0.0	0.0	0.0	1.0	0.0	0.0	1.0	0.0	0.0	1.00.0	0.0	0.0	0.0	0.0	0.0	0.0	0.0	0.0
	5p	+	54	158.0	75.0	87.0	153.0	473.0	0.0	2.0	1.0	0.0	0.0	0.0	0.0	1.0	0.0	0.0	0.0	0.00.0	0.0	0.0	0.0	0.0	0.0	0.0	0.0	0.0
	5p	+	55	140.0	79.0	86.0	142.0	447.0	0.0	3.0	0.0	0.0	0.0	0.0	0.0	0.0	0.0	0.0	0.0	0.00.0	0.0	0.0	0.0	0.0	0.0	0.0	0.0	0.0
	5p	+	56	112.0	70.0	87.0	140.0	409.0	0.0	2.0	0.0	0.0	0.0	0.0	0.0	0.0	0.0	0.0	0.0	0.00.0	0.0	0.0	0.0	0.0	0.0	0.0	0.0	0.0
	5p	+	57	126.0	63.0	74.0	119.0	382.0	0.0	1.0	1.0	1.0	0.0	0.0	0.0	0.0	0.0	0.0	1.0	0.00.0	0.0	0.0	0.0	0.0	0.0	0.0	0.0	0.0
	5p	+	58	128.0	60.0	77.0	96.0	361.0	0.0	1.0	0.0	0.0	0.0	1.0	0.0	0.0	0.0	0.0	0.0	1.00.0	0.0	0.0	0.0	0.0	0.0	0.0	0.0	0.0
	5p	+	59	118.0	57.0	59.0	102.0	336.0	0.0	0.0	0.0	0.0	0.0	0.0	0.0	0.0	0.0	0.0	0.0	0.00.0	0.0	0.0	0.0	2.0	0.0	0.0	0.0	0.0
	5p	+	60	105.0	60.0	57.0	92.0	314.0	0.0	0.0	0.0	0.0	1.0	0.0	1.0	0.0	0.0	0.0	0.0	1.00.0	0.0	0.0	0.0	0.0	0.0	0.0	1.0	0.0
	5p	+	61	88.0	53.0	42.0	106.0	289.0	0.0	0.0	1.0	0.0	0.0	0.0	0.0	0.0	0.0	0.0	0.0	0.00.0	0.0	0.0	0.0	1.0	0.0	0.0	0.0	0.0
	5p	+	62	76.0	64.0	43.0	82.0	265.0	0.0	2.0	0.0	1.0	0.0	0.0	0.0	0.0	0.0	1.0	0.0	0.00.0	0.0	0.0	0.0	0.0	0.0	1.0	0.0	0.0
	5p	+	63	84.0	45.0	38.0	74.0	241.0	0.0	0.0	0.0	0.0	0.0	0.0	0.0	0.0	0.0	0.0	0.0	0.00.0	0.0	0.0	0.0	0.0	0.0	1.0	0.0	0.0
	5p	+	64	68.0	44.0	39.0	71.0	222.0	0.0	2.0	1.0	0.0	0.0	0.0	0.0	1.0	1.0	0.0	1.0	1.00.0	0.0	0.0	0.0	0.0	0.0	0.0	0.0	0.0
	5p	+	65	72.0	39.0	29.0	61.0	201.0	0.0	1.0	0.0	0.0	0.0	2.0	0.0	0.0	0.0	1.0	0.0	0.00.0	0.0	0.0	0.0	0.0	0.0	0.0	0.0	0.0
	5p	+	66	65.0	35.0	28.0	56.0	184.0	0.0	0.0	0.0	0.0	0.0	0.0	0.0	0.0	0.0	0.0	0.0	0.00.0	0.0	0.0	0.0	0.0	0.0	0.0	0.0	0.0
	5p	+	67	56.0	31.0	30.0	55.0	172.0	0.0	0.0	0.0	0.0	0.0	1.0	0.0	0.0	0.0	1.0	0.0	0.00.0	0.0	0.0	0.0	0.0	0.0	0.0	0.0	0.0
	5p	+	68	46.0	40.0	31.0	48.0	165.0	0.0	2.0	0.0	0.0	0.0	0.0	0.0	0.0	0.0	0.0	0.0	0.00.0	0.0	0.0	0.0	0.0	0.0	0.0	0.0	0.0
	5p	+	69	46.0	28.0	33.0	48.0	155.0	0.0	1.0	0.0	0.0	0.0	0.0	0.0	0.0	0.0	0.0	0.0	0.00.0	0.0	0.0	0.0	0.0	0.0	0.0	0.0	0.0
	5p	+	70	44.0	30.0	31.0	38.0	143.0	0.0	1.0	0.0	0.0	0.0	1.0	0.0	0.0	0.0	0.0	0.0	0.00.0	0.0	0.0	0.0	1.0	0.0	0.0	0.0	0.0
	5p	+	71	46.0	23.0	16.0	47.0	132.0	0.0	0.0	0.0	1.0	0.0	0.0	0.0	0.0	0.0	0.0	0.0	0.00.0	0.0	0.0	0.0	0.0	0.0	0.0	0.0	0.0
	5p	+	72	37.0	27.0	23.0	33.0	120.0	0.0	2.0	0.0	0.0	0.0	0.0	0.0	0.0	0.0	0.0	0.0	0.00.0	0.0	0.0	0.0	0.0	0.0	0.0	0.0	0.0
	5p	+	73	35.0	17.0	16.0	40.0	108.0	0.0	2.0	0.0	0.0	0.0	0.0	1.0	0.0	0.0	0.0	0.0	0.00.0	0.0	0.0	0.0	0.0	0.0	0.0	0.0	0.0
	5p	+	74	30.0	9.0	17.0	38.0	94.0	0.0	0.0	0.0	0.0	0.0	0.0	0.0	0.0	0.0	0.0	0.0	0.00.0	0.0	0.0	0.0	0.0	0.0	0.0	0.0	0.0
	5p	+	75	26.0	20.0	16.0	23.0	85.0	0.0	0.0	0.0	0.0	0.0	0.0	0.0	0.0	0.0	0.0	0.0	0.00.0	0.0	0.0	0.0	0.0	0.0	0.0	0.0	0.0
	5p	+	76	20.0	17.0	13.0	30.0	80.0	0.0	1.0	0.0	1.0	0.0	0.0	0.0	0.0	0.0	0.0	0.0	0.00.0	0.0	0.0	0.0	0.0	0.0	0.0	0.0	0.0
	5p	+	77	22.0	13.0	17.0	23.0	75.0	0.0	0.0	0.0	1.0	0.0	0.0	0.0	0.0	0.0	0.0	0.0	0.00.0	0.0	0.0	0.0	0.0	0.0	0.0	0.0	0.0
	5p	+	78	27.0	11.0	14.0	21.0	73.0	0.0	1.0	0.0	0.0	0.0	1.0	0.0	0.0	0.0	0.0	0.0	1.00.0	0.0	0.0	0.0	0.0	0.0	0.0	0.0	0.0
	5p	+	79	23.0	20.0	6.0	17.0	66.0	0.0	0.0	0.0	0.0	0.0	0.0	0.0	0.0	0.0	0.0	0.0	0.00.0	0.0	0.0	0.0	0.0	0.0	0.0	0.0	0.0
	5p	+	80	17.0	10.0	6.0	26.0	59.0	0.0	0.0	0.0	0.0	0.0	0.0	1.0	0.0	0.0	0.0	0.0	0.00.0	0.0	0.0	0.0	0.0	0.0	0.0	0.0	0.0
	5p	+	81	11.0	14.0	10.0	20.0	55.0	0.0	1.0	0.0	0.0	0.0	0.0	0.0	0.0	0.0	0.0	0.0	0.00.0	0.0	0.0	0.0	0.0	0.0	0.0	0.0	0.0
	5p	+	82	15.0	17.0	7.0	6.0	45.0	0.0	0.0	0.0	0.0	0.0	2.0	0.0	0.0	0.0	0.0	0.0	0.00.0	0.0	0.0	0.0	0.0	0.0	0.0	0.0	0.0
	5p	+	83	10.0	11.0	8.0	12.0	41.0	0.0	0.0	0.0	0.0	0.0	0.0	0.0	0.0	0.0	0.0	0.0	0.00.0	0.0	0.0	0.0	0.0	0.0	0.0	0.0	0.0
	5p	+	84	11.0	8.0	6.0	12.0	37.0	0.0	0.0	1.0	0.0	0.0	0.0	0.0	0.0	0.0	0.0	0.0	0.00.0	0.0	0.0	0.0	0.0	0.0	0.0	0.0	0.0
	5p	+	85	8.0	8.0	4.0	11.0	31.0	0.0	0.0	0.0	0.0	0.0	0.0	0.0	0.0	0.0	0.0	0.0	1.00.0	0.0	0.0	0.0	0.0	0.0	0.0	0.0	0.0
	5p	+	86	12.0	3.0	4.0	6.0	25.0	0.0	1.0	0.0	0.0	0.0	0.0	0.0	0.0	0.0	0.0	0.0	0.00.0	0.0	0.0	0.0	0.0	0.0	0.0	0.0	0.0
	5p	+	87	7.0	3.0	2.0	8.0	20.0	0.0	0.0	0.0	0.0	0.0	0.0	0.0	0.0	0.0	0.0	0.0	0.00.0	0.0	0.0	0.0	0.0	0.0	0.0	0.0	0.0
	5p	+	88	4.0	3.0	4.0	4.0	15.0	0.0	0.0	0.0	0.0	0.0	0.0	0.0	0.0	0.0	0.0	0.0	0.00.0	0.0	0.0	0.0	0.0	0.0	0.0	0.0	0.0
	5p	+	89	5.0	4.0	2.0	1.0	12.0	0.0	1.0	0.0	0.0	0.0	0.0	0.0	0.0	0.0	0.0	0.0	0.00.0	0.0	0.0	0.0	0.0	0.0	0.0	0.0	0.0
	5p	+	90	4.0	2.0	0.0	1.0	7.0	0.0	0.0	0.0	0.0	0.0	0.0	0.0	0.0	0.0	0.0	0.0	0.00.0	0.0	0.0	0.0	0.0	0.0	0.0	0.0	0.0
	5p	+	91	1.0	1.0	1.0	0.0	3.0	0.0	0.0	0.0	0.0	0.0	0.0	0.0	0.0	0.0	0.0	0.0	0.00.0	0.0	0.0	0.0	0.0	0.0	0.0	0.0	0.0
	5p	+	92	0.0	0.0	0.0	0.0	0.0	0.0	0.0	0.0	0.0	0.0	0.0	0.0	0.0	0.0	0.0	0.0	0.00.0	0.0	0.0	0.0	0.0	0.0	0.0	0.0	0.0
	5p	+	93	0.0	0.0	0.0	0.0	0.0	0.0	0.0	0.0	0.0	0.0	0.0	0.0	0.0	0.0	0.0	0.0	0.00.0	0.0	0.0	0.0	0.0	0.0	0.0	0.0	0.0
	5p	+	94	0.0	0.0	0.0	0.0	0.0	0.0	0.0	0.0	0.0	0.0	0.0	0.0	0.0	0.0	0.0	0.0	0.00.0	0.0	0.0	0.0	0.0	0.0	0.0	0.0	0.0
	5p	+	95	0.0	0.0	0.0	0.0	0.0	0.0	0.0	0.0	0.0	0.0	0.0	0.0	0.0	0.0	0.0	0.0	0.00.0	0.0	0.0	0.0	0.0	0.0	0.0	0.0	0.0
	5p	+	96	0.0	0.0	0.0	0.0	0.0	0.0	0.0	0.0	0.0	0.0	0.0	0.0	0.0	0.0	0.0	0.0	0.00.0	0.0	0.0	0.0	0.0	0.0	0.0	0.0	0.0
	5p	+	97	0.0	0.0	0.0	0.0	0.0	0.0	0.0	0.0	0.0	0.0	0.0	0.0	0.0	0.0	0.0	0.0	0.00.0	0.0	0.0	0.0	0.0	0.0	0.0	0.0	0.0
	5p	+	98	0.0	0.0	0.0	0.0	0.0	0.0	0.0	0.0	0.0	0.0	0.0	0.0	0.0	0.0	0.0	0.0	0.00.0	0.0	0.0	0.0	0.0	0.0	0.0	0.0	0.0
	5p	+	99	0.0	0.0	0.0	0.0	0.0	0.0	0.0	0.0	0.0	0.0	0.0	0.0	0.0	0.0	0.0	0.0	0.00.0	0.0	0.0	0.0	0.0	0.0	0.0	0.0	0.0
	5p	+	100	0.0	0.0	0.0	0.0	0.0	0.0	0.0	0.0	0.0	0.0	0.0	0.0	0.0	0.0	0.0	0.0	0.00.0	0.0	0.0	0.0	0.0	0.0	0.0	0.0	0.0
	5p	-	1	1161.0	515.0	554.0	1031.0	3261.0	5.0	15.0	5.0	4.0	4.0	5.0	3.0	0.0	4.0	3.0	2.0	6.00.0	0.0	0.0	0.0	0.0	0.0	0.0	0.0	0.0
	5p	-	2	1000.0	468.0	779.0	1017.0	3264.0	7.0	11.0	2.0	2.0	1.0	3.0	1.0	0.0	3.0	3.0	2.0	1.00.0	0.0	0.0	0.0	0.0	0.0	0.0	0.0	0.0
	5p	-	3	975.0	582.0	737.0	976.0	3270.0	2.0	4.0	5.0	1.0	1.0	2.0	1.0	1.0	3.0	1.0	2.0	2.00.0	0.0	0.0	0.0	0.0	0.0	0.0	0.0	0.0
	5p	-	4	1004.0	574.0	739.0	957.0	3274.0	2.0	7.0	3.0	1.0	1.0	2.0	3.0	0.0	0.0	4.0	0.0	0.00.0	0.0	0.0	0.0	1.0	0.0	0.0	0.0	0.0
	5p	-	5	997.0	613.0	648.0	1009.0	3267.0	4.0	4.0	2.0	2.0	2.0	1.0	1.0	1.0	1.0	0.0	0.0	4.00.0	0.0	0.0	0.0	4.0	0.0	0.0	2.0	0.0
	5p	-	6	956.0	640.0	643.0	1032.0	3271.0	0.0	8.0	2.0	1.0	0.0	1.0	2.0	0.0	2.0	2.0	0.0	0.00.0	0.0	0.0	0.0	3.0	0.0	4.0	1.0	0.0
	5p	-	7	1041.0	588.0	668.0	971.0	3268.0	0.0	3.0	2.0	3.0	0.0	0.0	1.0	3.0	2.0	1.0	1.0	2.00.0	0.0	0.0	0.0	0.0	0.0	4.0	3.0	0.0
	5p	-	8	1079.0	602.0	623.0	965.0	3269.0	1.0	5.0	3.0	0.0	0.0	0.0	1.0	0.0	0.0	2.0	1.0	2.00.0	0.0	0.0	0.0	5.0	0.0	5.0	1.0	0.0
	5p	-	9	1072.0	634.0	606.0	964.0	3276.0	1.0	3.0	2.0	2.0	2.0	2.0	1.0	1.0	1.0	0.0	0.0	2.00.0	0.0	0.0	0.0	0.0	0.0	1.0	3.0	0.0
	5p	-	10	1043.0	611.0	642.0	979.0	3275.0	1.0	3.0	4.0	2.0	0.0	1.0	2.0	0.0	1.0	1.0	3.0	3.00.0	0.0	0.0	0.0	2.0	0.0	2.0	2.0	0.0
	5p	-	11	1060.0	624.0	605.0	984.0	3273.0	0.0	0.0	2.0	1.0	1.0	1.0	2.0	0.0	0.0	0.0	3.0	5.00.0	0.0	0.0	0.0	4.0	0.0	2.0	3.0	0.0
	5p	-	12	997.0	668.0	643.0	963.0	3271.0	1.0	2.0	1.0	0.0	2.0	1.0	2.0	0.0	0.0	3.0	0.0	0.00.0	0.0	0.0	0.0	5.0	0.0	1.0	4.0	0.0
	5p	-	13	1081.0	632.0	585.0	970.0	3268.0	2.0	3.0	2.0	2.0	1.0	1.0	0.0	1.0	0.0	1.0	2.0	1.00.0	0.0	0.0	0.0	5.0	0.0	3.0	2.0	0.0
	5p	-	14	1047.0	665.0	618.0	945.0	3275.0	0.0	1.0	1.0	2.0	1.0	1.0	1.0	1.0	0.0	0.0	0.0	2.00.0	0.0	0.0	0.0	3.0	0.0	3.0	0.0	0.0
	5p	-	15	1060.0	632.0	634.0	949.0	3275.0	1.0	2.0	1.0	4.0	1.0	0.0	1.0	0.0	3.0	0.0	1.0	2.00.0	0.0	0.0	0.0	5.0	0.0	3.0	2.0	0.0
	5p	-	16	1033.0	638.0	608.0	994.0	3273.0	5.0	1.0	0.0	1.0	1.0	2.0	0.0	1.0	0.0	0.0	0.0	0.00.0	0.0	0.0	0.0	1.0	0.0	1.0	3.0	0.0
	5p	-	17	1042.0	629.0	642.0	955.0	3268.0	2.0	1.0	3.0	1.0	2.0	0.0	1.0	0.0	0.0	3.0	0.0	1.00.0	0.0	0.0	0.0	5.0	0.0	5.0	2.0	0.0
	5p	-	18	1074.0	639.0	623.0	938.0	3274.0	1.0	4.0	0.0	0.0	1.0	0.0	0.0	1.0	1.0	1.0	2.0	0.00.0	0.0	0.0	0.0	3.0	0.0	1.0	3.0	0.0
	5p	-	19	1035.0	634.0	646.0	962.0	3277.0	1.0	0.0	1.0	3.0	0.0	0.0	0.0	0.0	0.0	1.0	1.0	0.00.0	0.0	0.0	0.0	4.0	0.0	1.0	2.0	0.0
	5p	-	20	1027.0	605.0	593.0	1047.0	3272.0	2.0	1.0	1.0	3.0	0.0	0.0	0.0	1.0	2.0	1.0	2.0	3.00.0	0.0	0.0	0.0	5.0	0.0	4.0	2.0	0.0
	5p	-	21	1036.0	646.0	570.0	1020.0	3272.0	0.0	4.0	3.0	0.0	0.0	1.0	0.0	2.0	2.0	1.0	0.0	0.00.0	0.0	0.0	0.0	7.0	0.0	2.0	2.0	0.0
	5p	-	22	1056.0	595.0	655.0	968.0	3274.0	2.0	3.0	1.0	2.0	1.0	1.0	0.0	0.0	0.0	1.0	0.0	2.00.0	0.0	0.0	0.0	5.0	0.0	4.0	1.0	0.0
	5p	-	23	1033.0	652.0	586.0	996.0	3267.0	0.0	4.0	2.0	0.0	1.0	0.0	0.0	1.0	2.0	1.0	0.0	2.00.0	0.0	0.0	0.0	5.0	0.0	3.0	3.0	0.0
	5p	-	24	1028.0	629.0	656.0	956.0	3269.0	2.0	1.0	1.0	0.0	0.0	1.0	0.0	3.0	0.0	2.0	0.0	2.00.0	0.0	0.0	0.0	8.0	0.0	1.0	3.0	0.0
	5p	-	25	1044.0	624.0	590.0	1016.0	3274.0	4.0	0.0	0.0	3.0	0.0	2.0	0.0	2.0	0.0	1.0	1.0	2.00.0	0.0	0.0	0.0	7.0	0.0	0.0	2.0	0.0
	5p	-	26	1038.0	625.0	639.0	972.0	3274.0	2.0	1.0	3.0	1.0	1.0	1.0	0.0	0.0	2.0	3.0	3.0	0.00.0	0.0	0.0	0.0	4.0	0.0	4.0	1.0	0.0
	5p	-	27	1093.0	598.0	659.0	926.0	3276.0	1.0	2.0	2.0	2.0	1.0	1.0	2.0	3.0	0.0	0.0	0.0	5.00.0	0.0	0.0	0.0	1.0	0.0	1.0	1.0	0.0
	5p	-	28	1038.0	618.0	638.0	978.0	3272.0	0.0	5.0	1.0	1.0	0.0	1.0	1.0	0.0	0.0	0.0	1.0	2.00.0	0.0	0.0	0.0	1.0	0.0	0.0	2.0	0.0
	5p	-	29	1072.0	628.0	628.0	942.0	3270.0	1.0	3.0	2.0	4.0	3.0	1.0	1.0	0.0	0.0	0.0	1.0	1.00.0	0.0	0.0	0.0	3.0	0.0	2.0	1.0	0.0
	5p	-	30	1082.0	637.0	587.0	970.0	3276.0	0.0	16.0	1.0	1.0	2.0	0.0	0.0	1.0	2.0	2.0	0.0	0.00.0	0.0	0.0	0.0	2.0	0.0	0.0	1.0	0.0
	5p	-	31	1073.0	537.0	533.0	868.0	3011.0	1.0	14.0	1.0	1.0	2.0	1.0	2.0	1.0	0.0	0.0	1.0	2.00.0	0.0	0.0	0.0	1.0	0.0	0.0	1.0	0.0
	5p	-	32	941.0	525.0	516.0	818.0	2800.0	1.0	13.0	2.0	2.0	0.0	1.0	0.0	1.0	2.0	0.0	1.0	1.00.0	0.0	0.0	0.0	1.0	0.0	0.0	0.0	0.0
	5p	-	33	910.0	487.0	433.0	755.0	2585.0	3.0	8.0	2.0	1.0	0.0	3.0	0.0	0.0	0.0	2.0	0.0	0.00.0	0.0	0.0	0.0	3.0	0.0	1.0	0.0	0.0
	5p	-	34	798.0	436.0	425.0	731.0	2390.0	3.0	14.0	3.0	0.0	1.0	0.0	0.0	1.0	0.0	1.0	0.0	0.00.0	0.0	0.0	0.0	2.0	0.0	1.0	0.0	0.0
	5p	-	35	683.0	423.0	401.0	680.0	2187.0	2.0	8.0	1.0	0.0	0.0	1.0	0.0	2.0	0.0	0.0	0.0	0.00.0	0.0	0.0	0.0	2.0	0.0	0.0	2.0	0.0
	5p	-	36	690.0	374.0	352.0	618.0	2034.0	1.0	13.0	2.0	1.0	1.0	1.0	0.0	1.0	0.0	0.0	0.0	0.00.0	0.0	0.0	0.0	1.0	0.0	0.0	1.0	0.0
	5p	-	37	631.0	335.0	324.0	575.0	1865.0	2.0	10.0	3.0	0.0	1.0	0.0	0.0	0.0	1.0	1.0	0.0	1.00.0	0.0	0.0	0.0	1.0	0.0	1.0	0.0	0.0
	5p	-	38	567.0	327.0	328.0	488.0	1710.0	1.0	9.0	0.0	2.0	1.0	1.0	0.0	1.0	0.0	0.0	0.0	1.00.0	0.0	0.0	0.0	1.0	0.0	1.0	0.0	0.0
	5p	-	39	522.0	252.0	268.0	528.0	1570.0	2.0	7.0	1.0	0.0	0.0	2.0	0.0	0.0	0.0	0.0	0.0	0.00.0	0.0	0.0	0.0	1.0	0.0	0.0	1.0	0.0
	5p	-	40	479.0	268.0	264.0	437.0	1448.0	1.0	7.0	0.0	0.0	0.0	0.0	0.0	0.0	0.0	0.0	0.0	0.00.0	0.0	0.0	0.0	2.0	0.0	0.0	2.0	0.0
	5p	-	41	471.0	233.0	226.0	423.0	1353.0	0.0	10.0	0.0	0.0	0.0	0.0	0.0	1.0	1.0	0.0	0.0	1.00.0	0.0	0.0	0.0	2.0	0.0	0.0	1.0	0.0
	5p	-	42	391.0	230.0	250.0	376.0	1247.0	2.0	10.0	0.0	0.0	2.0	0.0	0.0	1.0	1.0	0.0	0.0	0.00.0	0.0	0.0	0.0	1.0	0.0	0.0	2.0	0.0
	5p	-	43	385.0	213.0	201.0	329.0	1128.0	0.0	5.0	1.0	0.0	1.0	1.0	0.0	0.0	0.0	0.0	0.0	1.00.0	0.0	0.0	0.0	0.0	0.0	1.0	0.0	0.0
	5p	-	44	347.0	172.0	175.0	327.0	1021.0	0.0	2.0	1.0	0.0	1.0	0.0	0.0	2.0	0.0	1.0	0.0	0.00.0	0.0	0.0	0.0	0.0	0.0	0.0	0.0	0.0
	5p	-	45	323.0	157.0	162.0	300.0	942.0	1.0	7.0	0.0	0.0	0.0	1.0	0.0	0.0	0.0	0.0	1.0	1.00.0	0.0	0.0	0.0	1.0	0.0	0.0	0.0	0.0
	5p	-	46	278.0	162.0	145.0	278.0	863.0	0.0	10.0	1.0	1.0	0.0	0.0	1.0	0.0	1.0	0.0	1.0	1.00.0	0.0	0.0	0.0	0.0	0.0	0.0	0.0	0.0
	5p	-	47	249.0	131.0	157.0	247.0	784.0	0.0	4.0	1.0	1.0	0.0	0.0	0.0	0.0	0.0	0.0	1.0	0.00.0	0.0	0.0	0.0	1.0	0.0	0.0	0.0	0.0
	5p	-	48	230.0	122.0	143.0	226.0	721.0	0.0	7.0	0.0	0.0	1.0	0.0	0.0	1.0	0.0	0.0	0.0	0.00.0	0.0	0.0	0.0	0.0	0.0	0.0	1.0	0.0
	5p	-	49	227.0	109.0	126.0	194.0	656.0	0.0	4.0	0.0	0.0	0.0	1.0	0.0	0.0	0.0	0.0	0.0	1.00.0	0.0	0.0	0.0	0.0	0.0	1.0	0.0	0.0
	5p	-	50	206.0	129.0	102.0	164.0	601.0	0.0	4.0	0.0	0.0	0.0	0.0	0.0	0.0	0.0	0.0	0.0	0.00.0	0.0	0.0	0.0	0.0	0.0	0.0	0.0	0.0
	5p	-	51	189.0	109.0	107.0	142.0	547.0	0.0	2.0	0.0	0.0	0.0	0.0	0.0	1.0	1.0	0.0	0.0	0.00.0	0.0	0.0	0.0	2.0	0.0	0.0	0.0	0.0
	5p	-	52	184.0	85.0	105.0	135.0	509.0	0.0	0.0	0.0	1.0	0.0	2.0	0.0	0.0	0.0	0.0	0.0	0.00.0	0.0	0.0	0.0	0.0	0.0	0.0	1.0	0.0
	5p	-	53	154.0	80.0	96.0	144.0	474.0	1.0	1.0	0.0	1.0	0.0	0.0	0.0	0.0	0.0	0.0	1.0	0.00.0	0.0	0.0	0.0	0.0	0.0	0.0	1.0	0.0
	5p	-	54	130.0	83.0	94.0	136.0	443.0	0.0	2.0	0.0	1.0	0.0	0.0	0.0	0.0	0.0	1.0	0.0	0.00.0	0.0	0.0	0.0	1.0	0.0	0.0	0.0	0.0
	5p	-	55	126.0	87.0	71.0	124.0	408.0	0.0	6.0	0.0	0.0	0.0	3.0	0.0	0.0	0.0	0.0	0.0	0.00.0	0.0	0.0	0.0	0.0	0.0	0.0	0.0	0.0
	5p	-	56	145.0	65.0	64.0	106.0	380.0	0.0	1.0	0.0	0.0	1.0	1.0	0.0	0.0	0.0	0.0	0.0	0.00.0	0.0	0.0	0.0	0.0	0.0	0.0	0.0	0.0
	5p	-	57	122.0	60.0	69.0	95.0	346.0	0.0	2.0	0.0	0.0	1.0	1.0	0.0	0.0	0.0	0.0	0.0	0.00.0	0.0	0.0	0.0	1.0	0.0	0.0	0.0	0.0
	5p	-	58	112.0	58.0	58.0	96.0	324.0	0.0	0.0	0.0	0.0	0.0	0.0	0.0	0.0	0.0	0.0	0.0	0.00.0	0.0	0.0	0.0	0.0	0.0	0.0	0.0	0.0
	5p	-	59	94.0	69.0	57.0	81.0	301.0	0.0	1.0	0.0	0.0	0.0	0.0	0.0	0.0	0.0	0.0	0.0	0.00.0	0.0	0.0	0.0	0.0	0.0	0.0	0.0	0.0
	5p	-	60	91.0	53.0	49.0	87.0	280.0	0.0	2.0	0.0	0.0	0.0	0.0	0.0	1.0	0.0	0.0	0.0	0.00.0	0.0	0.0	0.0	1.0	0.0	0.0	0.0	0.0
	5p	-	61	92.0	38.0	47.0	82.0	259.0	0.0	0.0	0.0	0.0	0.0	0.0	0.0	0.0	0.0	0.0	0.0	0.00.0	0.0	0.0	0.0	1.0	0.0	0.0	0.0	0.0
	5p	-	62	73.0	47.0	43.0	73.0	236.0	0.0	1.0	0.0	0.0	0.0	0.0	0.0	0.0	0.0	0.0	0.0	0.00.0	0.0	0.0	0.0	1.0	0.0	0.0	0.0	0.0
	5p	-	63	73.0	47.0	33.0	69.0	222.0	0.0	0.0	0.0	1.0	0.0	0.0	0.0	0.0	0.0	0.0	0.0	0.00.0	0.0	0.0	0.0	0.0	0.0	0.0	0.0	0.0
	5p	-	64	53.0	40.0	33.0	86.0	212.0	0.0	2.0	1.0	1.0	0.0	0.0	0.0	0.0	0.0	0.0	0.0	0.00.0	0.0	0.0	0.0	0.0	0.0	0.0	0.0	0.0
	5p	-	65	59.0	43.0	32.0	63.0	197.0	0.0	0.0	0.0	0.0	0.0	0.0	0.0	0.0	0.0	0.0	0.0	0.00.0	0.0	0.0	0.0	0.0	0.0	0.0	0.0	0.0
	5p	-	66	48.0	47.0	32.0	59.0	186.0	0.0	0.0	0.0	0.0	0.0	1.0	0.0	0.0	0.0	0.0	0.0	0.00.0	0.0	0.0	0.0	0.0	0.0	0.0	0.0	0.0
	5p	-	67	49.0	37.0	28.0	60.0	174.0	0.0	1.0	0.0	0.0	0.0	0.0	0.0	0.0	0.0	0.0	0.0	1.00.0	0.0	0.0	0.0	0.0	0.0	0.0	0.0	0.0
	5p	-	68	47.0	27.0	42.0	47.0	163.0	0.0	2.0	0.0	0.0	0.0	0.0	0.0	0.0	0.0	0.0	0.0	1.00.0	0.0	0.0	0.0	0.0	0.0	0.0	0.0	0.0
	5p	-	69	45.0	27.0	32.0	41.0	145.0	0.0	2.0	1.0	0.0	0.0	0.0	0.0	0.0	0.0	0.0	0.0	0.00.0	0.0	0.0	0.0	0.0	0.0	0.0	0.0	0.0
	5p	-	70	39.0	39.0	25.0	30.0	133.0	0.0	2.0	0.0	0.0	0.0	0.0	0.0	0.0	0.0	0.0	0.0	0.00.0	0.0	0.0	0.0	0.0	0.0	0.0	0.0	0.0
	5p	-	71	32.0	33.0	23.0	34.0	122.0	0.0	0.0	0.0	0.0	0.0	0.0	0.0	0.0	0.0	0.0	0.0	0.00.0	0.0	0.0	0.0	0.0	0.0	0.0	0.0	0.0
	5p	-	72	35.0	21.0	17.0	37.0	110.0	0.0	1.0	0.0	0.0	0.0	0.0	0.0	0.0	0.0	0.0	0.0	0.00.0	0.0	0.0	0.0	0.0	0.0	0.0	0.0	0.0
	5p	-	73	41.0	10.0	17.0	30.0	98.0	0.0	0.0	0.0	1.0	0.0	0.0	0.0	0.0	0.0	0.0	0.0	0.00.0	0.0	0.0	0.0	0.0	0.0	0.0	0.0	0.0
	5p	-	74	23.0	17.0	21.0	29.0	90.0	0.0	0.0	0.0	0.0	0.0	0.0	0.0	0.0	0.0	0.0	0.0	0.00.0	0.0	0.0	0.0	0.0	0.0	0.0	0.0	0.0
	5p	-	75	30.0	13.0	11.0	31.0	85.0	0.0	0.0	0.0	1.0	1.0	0.0	0.0	0.0	0.0	0.0	0.0	0.00.0	0.0	0.0	0.0	0.0	0.0	0.0	0.0	0.0
	5p	-	76	22.0	11.0	19.0	26.0	78.0	0.0	0.0	0.0	0.0	0.0	1.0	0.0	0.0	0.0	0.0	0.0	0.00.0	0.0	0.0	0.0	0.0	0.0	0.0	0.0	0.0
	5p	-	77	23.0	16.0	10.0	17.0	66.0	0.0	1.0	1.0	0.0	0.0	0.0	0.0	0.0	0.0	0.0	0.0	0.00.0	0.0	0.0	0.0	0.0	0.0	1.0	0.0	0.0
	5p	-	78	21.0	9.0	11.0	19.0	60.0	0.0	1.0	0.0	0.0	0.0	0.0	0.0	0.0	0.0	0.0	0.0	0.00.0	0.0	0.0	0.0	0.0	0.0	0.0	0.0	0.0
	5p	-	79	19.0	9.0	9.0	14.0	51.0	0.0	0.0	0.0	0.0	0.0	1.0	0.0	0.0	0.0	0.0	0.0	0.00.0	0.0	0.0	0.0	0.0	0.0	0.0	0.0	0.0
	5p	-	80	17.0	4.0	10.0	14.0	45.0	0.0	0.0	0.0	0.0	0.0	1.0	0.0	0.0	0.0	0.0	0.0	0.00.0	0.0	0.0	0.0	0.0	0.0	0.0	0.0	0.0
	5p	-	81	14.0	9.0	9.0	8.0	40.0	0.0	0.0	0.0	0.0	0.0	0.0	0.0	0.0	0.0	0.0	0.0	0.00.0	0.0	0.0	0.0	0.0	0.0	0.0	0.0	0.0
	5p	-	82	16.0	7.0	6.0	10.0	39.0	0.0	1.0	0.0	0.0	1.0	0.0	0.0	0.0	0.0	0.0	0.0	1.00.0	0.0	0.0	0.0	0.0	0.0	0.0	0.0	0.0
	5p	-	83	16.0	3.0	3.0	11.0	33.0	0.0	1.0	0.0	0.0	0.0	0.0	0.0	0.0	0.0	0.0	0.0	0.00.0	0.0	0.0	0.0	0.0	0.0	0.0	0.0	0.0
	5p	-	84	11.0	5.0	2.0	6.0	24.0	0.0	1.0	0.0	0.0	0.0	0.0	0.0	0.0	0.0	1.0	0.0	0.00.0	0.0	0.0	0.0	0.0	0.0	0.0	0.0	0.0
	5p	-	85	6.0	2.0	5.0	6.0	19.0	0.0	0.0	0.0	0.0	0.0	0.0	0.0	0.0	0.0	0.0	0.0	0.00.0	0.0	0.0	0.0	0.0	0.0	0.0	0.0	0.0
	5p	-	86	9.0	1.0	3.0	4.0	17.0	0.0	0.0	0.0	0.0	0.0	0.0	0.0	0.0	0.0	0.0	0.0	0.00.0	0.0	0.0	0.0	0.0	0.0	0.0	0.0	0.0
	5p	-	87	2.0	3.0	4.0	4.0	13.0	0.0	0.0	0.0	0.0	0.0	0.0	0.0	0.0	0.0	0.0	0.0	0.00.0	0.0	0.0	0.0	0.0	0.0	0.0	0.0	0.0
	5p	-	88	4.0	3.0	1.0	2.0	10.0	0.0	0.0	0.0	0.0	0.0	0.0	0.0	0.0	0.0	0.0	0.0	0.00.0	0.0	0.0	0.0	0.0	0.0	0.0	0.0	0.0
	5p	-	89	4.0	0.0	0.0	3.0	7.0	0.0	0.0	0.0	0.0	0.0	0.0	0.0	0.0	0.0	0.0	0.0	0.00.0	0.0	0.0	0.0	0.0	0.0	0.0	0.0	0.0
	5p	-	90	2.0	1.0	0.0	0.0	3.0	0.0	0.0	0.0	0.0	0.0	0.0	0.0	0.0	0.0	0.0	0.0	0.00.0	0.0	0.0	0.0	0.0	0.0	0.0	0.0	0.0
	5p	-	91	0.0	0.0	0.0	1.0	1.0	0.0	0.0	0.0	0.0	0.0	0.0	0.0	0.0	0.0	0.0	0.0	0.00.0	0.0	0.0	0.0	0.0	0.0	0.0	0.0	0.0
	5p	-	92	0.0	0.0	0.0	0.0	0.0	0.0	0.0	0.0	0.0	0.0	0.0	0.0	0.0	0.0	0.0	0.0	0.00.0	0.0	0.0	0.0	0.0	0.0	0.0	0.0	0.0
	5p	-	93	0.0	0.0	0.0	0.0	0.0	0.0	0.0	0.0	0.0	0.0	0.0	0.0	0.0	0.0	0.0	0.0	0.00.0	0.0	0.0	0.0	0.0	0.0	0.0	0.0	0.0
	5p	-	94	0.0	0.0	0.0	0.0	0.0	0.0	0.0	0.0	0.0	0.0	0.0	0.0	0.0	0.0	0.0	0.0	0.00.0	0.0	0.0	0.0	0.0	0.0	0.0	0.0	0.0
	5p	-	95	0.0	0.0	0.0	0.0	0.0	0.0	0.0	0.0	0.0	0.0	0.0	0.0	0.0	0.0	0.0	0.0	0.00.0	0.0	0.0	0.0	0.0	0.0	0.0	0.0	0.0
	5p	-	96	0.0	0.0	0.0	0.0	0.0	0.0	0.0	0.0	0.0	0.0	0.0	0.0	0.0	0.0	0.0	0.0	0.00.0	0.0	0.0	0.0	0.0	0.0	0.0	0.0	0.0
	5p	-	97	0.0	0.0	0.0	0.0	0.0	0.0	0.0	0.0	0.0	0.0	0.0	0.0	0.0	0.0	0.0	0.0	0.00.0	0.0	0.0	0.0	0.0	0.0	0.0	0.0	0.0
	5p	-	98	0.0	0.0	0.0	0.0	0.0	0.0	0.0	0.0	0.0	0.0	0.0	0.0	0.0	0.0	0.0	0.0	0.00.0	0.0	0.0	0.0	0.0	0.0	0.0	0.0	0.0
	5p	-	99	0.0	0.0	0.0	0.0	0.0	0.0	0.0	0.0	0.0	0.0	0.0	0.0	0.0	0.0	0.0	0.0	0.00.0	0.0	0.0	0.0	0.0	0.0	0.0	0.0	0.0
	5p	-	100	0.0	0.0	0.0	0.0	0.0	0.0	0.0	0.0	0.0	0.0	0.0	0.0	0.0	0.0	0.0	0.0	0.00.0	0.0	0.0	0.0	0.0	0.0	0.0	0.0	0.0
