# table produced by DamageProfiler
# using mapped file PaA013.BuffaloCape_Human_nc.Target.rmdup.noMicro.bam
# Sample ID: PaA013.BuffaloCape_Human_nc.Target.rmdup.noMicro.bam
Pos	C>T	G>A	A>C	A>G	A>T	C>A	C>G	G>C	G>T	T>A	T>C	T>G	->ACGT	ACGT>-
24	0.014174	0.027778	0.014009	0.019140	0.016772	0.024009	0.017645	0.022119	0.015947	0.030856	0.028518	0.016363	0.013325	0.000000
23	0.019858	0.030906	0.013318	0.026637	0.014444	0.024896	0.014226	0.023573	0.018334	0.020588	0.030392	0.022549	0.010036	0.000000
22	0.020321	0.027895	0.014951	0.022718	0.013786	0.027476	0.013738	0.024211	0.012632	0.024505	0.031103	0.017908	0.009395	0.000000
21	0.017056	0.035431	0.011372	0.021093	0.016324	0.026332	0.016457	0.024855	0.019566	0.026612	0.019959	0.017912	0.011631	0.000000
20	0.018676	0.031763	0.011882	0.022997	0.013223	0.026599	0.016695	0.014239	0.015882	0.019080	0.022505	0.017613	0.012280	0.000000
19	0.022672	0.024465	0.012654	0.023446	0.013026	0.018995	0.015012	0.014781	0.020897	0.027682	0.020761	0.016312	0.012517	0.000000
18	0.020627	0.025400	0.011023	0.017598	0.013924	0.025713	0.021475	0.015461	0.014909	0.025702	0.029510	0.013803	0.012993	0.000000
17	0.020709	0.029039	0.012081	0.023080	0.015507	0.028553	0.015689	0.019007	0.019535	0.020541	0.026052	0.018537	0.011962	0.000000
16	0.022170	0.031971	0.013090	0.016695	0.013280	0.025421	0.019509	0.025157	0.007338	0.027001	0.024590	0.018322	0.011554	0.000000
15	0.020493	0.028191	0.013864	0.022255	0.014593	0.028818	0.016010	0.015377	0.016914	0.024890	0.025866	0.019034	0.013804	0.000000
14	0.021887	0.027547	0.016634	0.023017	0.018569	0.023070	0.017155	0.023389	0.021310	0.024023	0.029204	0.015544	0.013415	0.000000
13	0.023263	0.030955	0.017238	0.022682	0.014516	0.027087	0.022307	0.024134	0.026233	0.032496	0.029050	0.018710	0.014937	0.000000
12	0.019415	0.027302	0.013479	0.018754	0.013870	0.026369	0.018835	0.021949	0.020878	0.031724	0.036322	0.018391	0.013240	0.000000
11	0.027181	0.034038	0.014024	0.017979	0.014563	0.023490	0.017114	0.021145	0.025786	0.033535	0.026549	0.022823	0.011720	0.000000
10	0.021081	0.031362	0.014905	0.020325	0.019938	0.027910	0.020190	0.020566	0.011825	0.026811	0.025400	0.026341	0.013407	0.000000
9	0.022332	0.028633	0.013914	0.020961	0.014456	0.025287	0.020033	0.022690	0.018909	0.032391	0.027372	0.016880	0.012756	0.000000
8	0.020408	0.043316	0.011918	0.016080	0.015323	0.032288	0.018276	0.027807	0.020321	0.025926	0.029167	0.017130	0.013493	0.000000
7	0.022352	0.037480	0.010058	0.018881	0.012705	0.031637	0.022352	0.025508	0.023946	0.038643	0.028275	0.020264	0.012522	0.000000
6	0.020111	0.038988	0.012884	0.017620	0.012126	0.030941	0.018255	0.017914	0.025290	0.027577	0.028933	0.023056	0.012837	0.000000
5	0.023991	0.038498	0.011439	0.020488	0.014171	0.039985	0.025082	0.023764	0.021388	0.035465	0.028971	0.026474	0.006528	0.000000
4	0.018426	0.034483	0.014556	0.025331	0.011720	0.029669	0.026546	0.024425	0.022031	0.036618	0.028481	0.022152	0.002423	0.000000
3	0.023248	0.043222	0.013684	0.017495	0.012125	0.031453	0.020855	0.023084	0.019155	0.039499	0.025048	0.024566	0.001015	0.000000
2	0.019531	0.043699	0.016959	0.022857	0.014562	0.030349	0.019531	0.030996	0.017276	0.027195	0.035305	0.024809	0.000702	0.000000
1	0.020043	0.035226	0.019649	0.015088	0.014035	0.030975	0.017917	0.033649	0.020505	0.043546	0.037325	0.022291	0.000234	0.000000
0	0.033919	0.053077	0.019800	0.016233	0.013200	0.026348	0.017868	0.033315	0.018069	0.042365	0.043296	0.030726	0.000000	0.000000
