# table produced by DamageProfiler
# using mapped file PaA013.BuffaloCape_Human_nc.Target.rmdup.noMicro.bam
# Sample ID: PaA013.BuffaloCape_Human_nc.Target.rmdup.noMicro.bam
Pos	C>T	G>A	A>C	A>G	A>T	C>A	C>G	G>C	G>T	T>A	T>C	T>G	->ACGT	ACGT>-
0	0.026509	0.041053	0.024574	0.023024	0.024131	0.022572	0.024934	0.031053	0.023684	0.031166	0.034629	0.022701	0.000000	0.000000
1	0.030860	0.029943	0.018422	0.021105	0.016634	0.033799	0.027921	0.024218	0.023778	0.031753	0.035331	0.025045	0.000468	0.000000
2	0.020337	0.037602	0.017804	0.024668	0.019305	0.020872	0.022210	0.028455	0.023374	0.025841	0.034044	0.024200	0.001015	0.000000
3	0.020350	0.032432	0.015114	0.021515	0.015114	0.030346	0.022849	0.026126	0.016667	0.030488	0.033302	0.028143	0.002661	0.000000
4	0.021733	0.033522	0.015817	0.020431	0.021749	0.027235	0.021183	0.033522	0.017535	0.024817	0.028885	0.024003	0.011046	0.000000
5	0.019497	0.033210	0.013934	0.024249	0.016830	0.024459	0.026232	0.023524	0.022140	0.031220	0.030740	0.024496	0.008653	0.000000
6	0.021334	0.032795	0.013220	0.021748	0.018550	0.027275	0.014853	0.026028	0.020822	0.026339	0.034241	0.022827	0.010006	0.000000
7	0.020113	0.033525	0.017459	0.021023	0.014609	0.028582	0.019760	0.022989	0.018199	0.029865	0.031792	0.021195	0.008643	0.000000
8	0.016954	0.030672	0.014161	0.019992	0.016451	0.023046	0.018808	0.022210	0.023797	0.030499	0.030037	0.019409	0.008312	0.000000
9	0.018631	0.042030	0.013521	0.022594	0.015122	0.023713	0.018631	0.020502	0.018965	0.023787	0.022835	0.023311	0.008475	0.000000
10	0.019894	0.034764	0.016946	0.020921	0.018828	0.021485	0.016446	0.020641	0.019011	0.027507	0.024401	0.020852	0.006801	0.000000
11	0.021212	0.033973	0.012341	0.020032	0.015918	0.029293	0.023232	0.019202	0.022649	0.027654	0.026667	0.022716	0.007926	0.000000
12	0.019910	0.027762	0.016330	0.022045	0.017350	0.023626	0.013804	0.017213	0.019989	0.021257	0.028189	0.020333	0.008313	0.000000
13	0.021852	0.024053	0.011183	0.020968	0.014503	0.020465	0.022893	0.019959	0.018424	0.025493	0.028379	0.016354	0.007754	0.000000
14	0.018202	0.028587	0.015597	0.020458	0.013774	0.028253	0.019017	0.021175	0.017999	0.021586	0.024402	0.015955	0.008546	0.000000
15	0.029590	0.024851	0.012854	0.026765	0.014967	0.022865	0.021184	0.021869	0.015905	0.018878	0.025000	0.012755	0.008158	0.000000
16	0.015899	0.025655	0.017610	0.021369	0.015038	0.019132	0.018593	0.020636	0.022867	0.023460	0.029326	0.017107	0.009283	0.000000
17	0.020469	0.022863	0.013420	0.024545	0.013244	0.023770	0.019478	0.015408	0.017893	0.022893	0.027055	0.016129	0.007762	0.000000
18	0.016491	0.032669	0.012721	0.024250	0.014311	0.025142	0.015139	0.020487	0.013289	0.025508	0.027870	0.017005	0.007587	0.000000
19	0.021220	0.031281	0.010795	0.023182	0.014157	0.020889	0.015252	0.019062	0.011241	0.021388	0.024517	0.014606	0.007759	0.000000
20	0.022368	0.028830	0.012131	0.022109	0.014674	0.022640	0.020458	0.020916	0.020916	0.025262	0.029552	0.020972	0.007988	0.000000
21	0.021049	0.033007	0.010598	0.022759	0.014246	0.025393	0.016706	0.017019	0.015472	0.025720	0.024177	0.013889	0.008075	0.000000
22	0.018016	0.031077	0.011985	0.020104	0.013918	0.023282	0.018847	0.021643	0.020533	0.024295	0.025753	0.018950	0.007515	0.000000
23	0.022125	0.029713	0.010801	0.019686	0.013937	0.030171	0.018438	0.016393	0.019467	0.034465	0.023148	0.017490	0.008400	0.000000
24	0.015770	0.031073	0.009737	0.016991	0.015464	0.025063	0.017460	0.024859	0.012994	0.020369	0.026528	0.014211	0.006077	0.000000
