# table produced by DamageProfiler
# using mapped file PaA004.BuffaloCape_Human_nc.Target.rmdup.noMicro_SCR_005.bam
# Sample ID: PaA004.BuffaloCape_Human_nc.Target.rmdup.noMicro_SCR_005.bam
Pos	C>T	G>A	A>C	A>G	A>T	C>A	C>G	G>C	G>T	T>A	T>C	T>G	->ACGT	ACGT>-
24	0.039216	0.059783	0.012048	0.014056	0.022088	0.039216	0.024510	0.038043	0.027174	0.028662	0.025478	0.019108	0.025000	0.000000
23	0.022624	0.048387	0.007859	0.023576	0.025540	0.027149	0.013575	0.026882	0.037634	0.028470	0.028470	0.007117	0.027569	0.000000
22	0.013453	0.030612	0.012397	0.028926	0.016529	0.022422	0.022422	0.025510	0.010204	0.010135	0.037162	0.013514	0.025855	0.000000
21	0.042453	0.016304	0.005859	0.021484	0.007813	0.018868	0.014151	0.016304	0.005435	0.036424	0.019868	0.016556	0.011570	0.000000
20	0.040609	0.019324	0.015873	0.017857	0.013889	0.030457	0.020305	0.009662	0.009662	0.046595	0.025090	0.025090	0.031171	0.000000
19	0.031414	0.045455	0.013917	0.019881	0.021869	0.020942	0.005236	0.004545	0.018182	0.033333	0.029630	0.003704	0.036318	0.000000
18	0.015385	0.032787	0.011194	0.020522	0.011194	0.025641	0.010256	0.027322	0.016393	0.021201	0.021201	0.014134	0.026734	0.000000
17	0.039024	0.035000	0.022857	0.015238	0.017143	0.039024	0.034146	0.010000	0.020000	0.029412	0.051471	0.022059	0.027454	0.000000
16	0.020202	0.039801	0.015209	0.019011	0.017110	0.015152	0.010101	0.019900	0.019900	0.032727	0.043636	0.021818	0.025833	0.000000
15	0.000000	0.016043	0.007767	0.015534	0.019417	0.029703	0.029703	0.016043	0.005348	0.017123	0.023973	0.013699	0.023411	0.000000
14	0.033333	0.021277	0.013861	0.013861	0.011881	0.028571	0.023810	0.026596	0.021277	0.031915	0.024823	0.021277	0.032068	0.000000
13	0.030702	0.031414	0.014862	0.010616	0.023355	0.017544	0.017544	0.020942	0.005236	0.022436	0.032051	0.028846	0.026622	0.000000
12	0.010256	0.029412	0.019493	0.021442	0.019493	0.020513	0.010256	0.019608	0.014706	0.023569	0.016835	0.026936	0.020678	0.000000
11	0.022727	0.022831	0.013359	0.026718	0.019084	0.022727	0.034091	0.031963	0.013699	0.047297	0.020270	0.023649	0.013992	0.000000
10	0.023256	0.026596	0.013944	0.017928	0.009960	0.037209	0.013953	0.015957	0.026596	0.016556	0.019868	0.013245	0.021541	0.000000
9	0.024510	0.028846	0.016917	0.022556	0.009398	0.004902	0.014706	0.033654	0.009615	0.036437	0.024291	0.008097	0.031066	0.000000
8	0.043062	0.049020	0.009276	0.016698	0.009276	0.014354	0.028708	0.029412	0.004902	0.028340	0.020243	0.012146	0.027523	0.000000
7	0.025126	0.025773	0.003565	0.012478	0.010695	0.040201	0.030151	0.025773	0.020619	0.040161	0.012048	0.028112	0.026600	0.000000
6	0.016854	0.034483	0.008532	0.023891	0.010239	0.028090	0.016854	0.034483	0.014778	0.045833	0.016667	0.020833	0.020713	0.000000
5	0.031250	0.063415	0.016393	0.027322	0.010929	0.041667	0.031250	0.024390	0.019512	0.033088	0.025735	0.007353	0.011494	0.000000
4	0.016129	0.048128	0.011925	0.018739	0.006814	0.026882	0.021505	0.016043	0.016043	0.014440	0.014440	0.010830	0.002425	0.000000
3	0.036530	0.034826	0.009058	0.019928	0.009058	0.036530	0.022831	0.034826	0.034826	0.041353	0.026316	0.018797	0.001616	0.000000
2	0.033981	0.019157	0.011650	0.031068	0.017476	0.038835	0.024272	0.015326	0.011494	0.050388	0.058140	0.042636	0.000806	0.000000
1	0.019802	0.028986	0.038991	0.016055	0.013761	0.013201	0.016502	0.014493	0.019324	0.020339	0.047458	0.027119	0.000000	0.000000
0	0.022305	0.033175	0.019194	0.007678	0.003839	0.018587	0.022305	0.028436	0.028436	0.066667	0.045833	0.020833	0.000000	0.000000
