# table produced by DamageProfiler
# using mapped file PcA014.ReedbuckBh_Human_nc.Target.rmdup.noMicro.bam
# Sample ID: PcA014.ReedbuckBh_Human_nc.Target.rmdup.noMicro.bam
Pos	C>T	G>A	A>C	A>G	A>T	C>A	C>G	G>C	G>T	T>A	T>C	T>G	->ACGT	ACGT>-
24	0.019139	0.020179	0.006684	0.006684	0.009358	0.009569	0.009569	0.006726	0.004484	0.009589	0.016438	0.006849	0.008540	0.000000
23	0.023529	0.019694	0.011583	0.019305	0.007722	0.007059	0.007059	0.008753	0.002188	0.005865	0.014663	0.010264	0.009398	0.000000
22	0.022624	0.018100	0.010038	0.008783	0.003764	0.009050	0.009050	0.004525	0.006787	0.007553	0.009063	0.004532	0.006829	0.000000
21	0.023810	0.017621	0.001285	0.010283	0.003856	0.009524	0.007143	0.002203	0.006608	0.004348	0.011594	0.007246	0.008967	0.000000
20	0.030445	0.035011	0.003827	0.015306	0.012755	0.016393	0.009368	0.006565	0.008753	0.001479	0.014793	0.002959	0.005973	0.000000
19	0.019002	0.014493	0.003871	0.010323	0.006452	0.009501	0.007126	0.012077	0.004831	0.010855	0.012212	0.002714	0.006817	0.000000
18	0.018561	0.016166	0.009009	0.009009	0.010296	0.018561	0.016241	0.002309	0.011547	0.008523	0.021307	0.005682	0.008102	0.000000
17	0.018605	0.024038	0.010499	0.010499	0.006562	0.018605	0.009302	0.009615	0.012019	0.006849	0.008219	0.006849	0.009837	0.000000
16	0.020270	0.021127	0.005181	0.011658	0.006477	0.004505	0.011261	0.009390	0.014085	0.010014	0.010014	0.007153	0.008543	0.000000
15	0.012500	0.016667	0.005202	0.011704	0.010403	0.010417	0.010417	0.009524	0.002381	0.010309	0.010309	0.004418	0.005963	0.000000
14	0.024176	0.015038	0.011749	0.009138	0.006527	0.006593	0.008791	0.010025	0.022556	0.009602	0.015089	0.005487	0.004683	0.000000
13	0.019802	0.012887	0.006297	0.020151	0.001259	0.017327	0.009901	0.005155	0.018041	0.007958	0.017241	0.007958	0.008974	0.000000
12	0.031941	0.020642	0.003731	0.012438	0.004975	0.014742	0.004914	0.009174	0.011468	0.002878	0.010072	0.007194	0.009394	0.000000
11	0.016667	0.019523	0.010430	0.010430	0.006519	0.011905	0.004762	0.013015	0.010846	0.011478	0.005739	0.004304	0.008102	0.000000
10	0.021739	0.021231	0.008108	0.008108	0.006757	0.009662	0.002415	0.002123	0.006369	0.005571	0.011142	0.006964	0.008536	0.000000
9	0.011905	0.014925	0.009950	0.008706	0.011194	0.009524	0.009524	0.010661	0.019190	0.010622	0.010622	0.006070	0.004252	0.000000
8	0.017995	0.025701	0.003750	0.010000	0.005000	0.007712	0.012853	0.004673	0.009346	0.004184	0.016736	0.002789	0.011140	0.000000
7	0.015385	0.011905	0.003614	0.007229	0.007229	0.007692	0.012821	0.002381	0.014286	0.008584	0.012876	0.007153	0.008551	0.000000
6	0.020979	0.017157	0.008393	0.008393	0.005995	0.006993	0.004662	0.004902	0.004902	0.009023	0.016541	0.003008	0.008562	0.000000
5	0.027500	0.045918	0.006529	0.008705	0.013058	0.002500	0.007500	0.012755	0.002551	0.012365	0.013910	0.000000	0.002545	0.000000
4	0.026895	0.022059	0.008037	0.006889	0.008037	0.007335	0.002445	0.007353	0.019608	0.010401	0.008915	0.007429	0.001271	0.000000
3	0.015152	0.028871	0.006780	0.007910	0.007910	0.017677	0.010101	0.018373	0.013123	0.011429	0.018571	0.011429	0.001693	0.000000
2	0.026144	0.027500	0.004734	0.014201	0.009467	0.008715	0.013072	0.010000	0.012500	0.015129	0.022693	0.004539	0.000000	0.000000
1	0.075000	0.014881	0.005507	0.004405	0.008811	0.010417	0.008333	0.008929	0.014881	0.009346	0.009346	0.009346	0.000000	0.000000
0	0.173653	0.043636	0.004762	0.005714	0.002857	0.023952	0.008982	0.018182	0.014545	0.012730	0.005658	0.004243	0.000000	0.000000
