# table produced by DamageProfiler
# using mapped file PcA014.ReedbuckBh_Human_nc.Target.rmdup.noMicro.bam
# Sample ID: PcA014.ReedbuckBh_Human_nc.Target.rmdup.noMicro.bam
Pos	C>T	G>A	A>C	A>G	A>T	C>A	C>G	G>C	G>T	T>A	T>C	T>G	->ACGT	ACGT>-
0	0.050955	0.022535	0.008706	0.013682	0.011194	0.014862	0.004246	0.008451	0.016901	0.008163	0.006803	0.010884	0.000000	0.000000
1	0.019704	0.012146	0.007752	0.012920	0.011628	0.014778	0.009852	0.010121	0.012146	0.018841	0.017391	0.011594	0.000000	0.000000
2	0.024272	0.032746	0.004745	0.013049	0.004745	0.004854	0.004854	0.007557	0.012594	0.011220	0.012623	0.007013	0.000000	0.000000
3	0.009877	0.025751	0.007682	0.016645	0.006402	0.012346	0.009877	0.006438	0.004292	0.009873	0.014104	0.004231	0.000847	0.000000
4	0.022779	0.015982	0.009247	0.009247	0.003963	0.015945	0.002278	0.006849	0.015982	0.015515	0.012694	0.019746	0.004268	0.000000
5	0.031180	0.027083	0.007215	0.012987	0.010101	0.013363	0.015590	0.010417	0.008333	0.006935	0.020804	0.006935	0.005975	0.000000
6	0.022785	0.020877	0.013298	0.015957	0.009309	0.007595	0.000000	0.012526	0.002088	0.009859	0.011268	0.008451	0.007277	0.000000
7	0.036458	0.022727	0.007453	0.011180	0.012422	0.005208	0.010417	0.006818	0.004545	0.014104	0.014104	0.005642	0.007699	0.000000
8	0.023697	0.037862	0.009877	0.008642	0.003704	0.011848	0.007109	0.011136	0.004454	0.004525	0.016591	0.007541	0.004693	0.000000
9	0.012225	0.024719	0.006039	0.010870	0.008454	0.017115	0.012225	0.002247	0.020225	0.003040	0.016717	0.006079	0.005983	0.000000
10	0.024064	0.033333	0.003708	0.013597	0.009889	0.002674	0.016043	0.008889	0.002222	0.001401	0.011204	0.005602	0.005113	0.000000
11	0.014815	0.015945	0.005063	0.007595	0.007595	0.012346	0.007407	0.002278	0.013667	0.005594	0.018182	0.006993	0.004683	0.000000
12	0.011390	0.011547	0.015228	0.010152	0.003807	0.022779	0.006834	0.009238	0.006928	0.007321	0.019034	0.008785	0.006829	0.000000
13	0.017817	0.009592	0.006519	0.015645	0.002608	0.008909	0.008909	0.007194	0.011990	0.009929	0.009929	0.005674	0.006843	0.000000
14	0.013953	0.019694	0.002642	0.006605	0.014531	0.018605	0.016279	0.010941	0.002188	0.010014	0.014306	0.004292	0.005975	0.000000
15	0.028825	0.014563	0.012579	0.013836	0.007547	0.000000	0.006652	0.009709	0.016990	0.010145	0.004348	0.007246	0.004259	0.000000
16	0.016241	0.018692	0.003807	0.008883	0.003807	0.011601	0.006961	0.011682	0.011682	0.012876	0.014306	0.010014	0.004263	0.000000
17	0.022989	0.004577	0.007712	0.021851	0.002571	0.004598	0.009195	0.004577	0.011442	0.005722	0.008584	0.004292	0.003406	0.000000
18	0.029083	0.011416	0.011407	0.007605	0.008872	0.017897	0.000000	0.009132	0.009132	0.007452	0.007452	0.004471	0.005117	0.000000
19	0.014851	0.022321	0.012610	0.018916	0.005044	0.012376	0.007426	0.008929	0.011161	0.007174	0.014347	0.004304	0.005551	0.000000
20	0.017032	0.015982	0.008706	0.004975	0.009950	0.007299	0.009732	0.006849	0.025114	0.008646	0.004323	0.004323	0.003835	0.000000
21	0.030516	0.029680	0.008974	0.011538	0.003846	0.018779	0.004695	0.002283	0.009132	0.004267	0.012802	0.004267	0.003409	0.000000
22	0.012315	0.015351	0.005000	0.007500	0.010000	0.009852	0.009852	0.006579	0.019737	0.010401	0.013373	0.004458	0.008137	0.000000
23	0.024038	0.011442	0.006502	0.009103	0.006502	0.007212	0.004808	0.004577	0.004577	0.009818	0.014025	0.004208	0.005567	0.000000
24	0.018059	0.030023	0.006329	0.010127	0.008861	0.006772	0.011287	0.002309	0.011547	0.005822	0.007278	0.002911	0.002550	0.000000
