# table produced by DamageProfiler
# using mapped file RmA038.GrysbokCape_Human_nc.Target.rmdup.noMicro.bam
# Sample ID: RmA038.GrysbokCape_Human_nc.Target.rmdup.noMicro.bam
Pos	C>T	G>A	A>C	A>G	A>T	C>A	C>G	G>C	G>T	T>A	T>C	T>G	->ACGT	ACGT>-
0	0.018115	0.009028	0.002635	0.004838	0.004573	0.005974	0.002072	0.003059	0.008579	0.004893	0.003362	0.002147	0.000000	0.000000
1	0.011244	0.004862	0.001494	0.003719	0.003205	0.005326	0.003013	0.001636	0.006613	0.003793	0.002049	0.001743	0.000038	0.000000
2	0.006584	0.003572	0.001472	0.002500	0.001963	0.002682	0.001149	0.001506	0.005467	0.002245	0.002084	0.001684	0.000119	0.000000
3	0.005305	0.002519	0.001100	0.001849	0.001498	0.001697	0.000836	0.001060	0.004050	0.001624	0.001607	0.000886	0.000346	0.000000
4	0.003673	0.002214	0.000949	0.001726	0.001011	0.001455	0.000572	0.000476	0.004715	0.001439	0.001487	0.000959	0.000740	0.000000
5	0.002943	0.002165	0.000758	0.001849	0.000695	0.001005	0.000311	0.000871	0.004213	0.001185	0.001153	0.000569	0.000967	0.000000
6	0.003049	0.001885	0.000468	0.001373	0.000422	0.000934	0.000639	0.000406	0.005107	0.000709	0.001289	0.000693	0.000901	0.000000
7	0.003159	0.001641	0.000379	0.001036	0.000481	0.001153	0.000501	0.000656	0.005225	0.000605	0.000891	0.000461	0.001057	0.000000
8	0.002677	0.001600	0.000458	0.001166	0.000443	0.001026	0.000425	0.000584	0.005003	0.000658	0.001096	0.000329	0.001152	0.000000
9	0.002352	0.001784	0.000209	0.001002	0.000449	0.000955	0.000441	0.000280	0.005301	0.000546	0.001014	0.000640	0.001118	0.000000
10	0.002103	0.001814	0.000390	0.001380	0.000555	0.000967	0.000483	0.000588	0.005008	0.000596	0.001379	0.000517	0.001119	0.000000
11	0.002736	0.001760	0.000407	0.001401	0.000527	0.000624	0.000360	0.000459	0.004769	0.000408	0.001083	0.000392	0.001166	0.000000
12	0.001918	0.001512	0.000316	0.001294	0.000406	0.000839	0.000551	0.000378	0.005192	0.000492	0.001237	0.000317	0.001332	0.000000
13	0.001941	0.001674	0.000285	0.000929	0.000360	0.000776	0.000412	0.000558	0.005225	0.000598	0.001054	0.000425	0.001067	0.000000
14	0.002516	0.002119	0.000347	0.001041	0.000422	0.000623	0.000336	0.000429	0.004919	0.000332	0.000885	0.000237	0.001247	0.000000
15	0.002010	0.001679	0.000316	0.001039	0.000392	0.000751	0.000484	0.000426	0.004710	0.000553	0.001042	0.000316	0.001384	0.000000
16	0.002410	0.001592	0.000463	0.001196	0.000478	0.000723	0.000458	0.000505	0.005484	0.000683	0.001017	0.000286	0.001370	0.000000
17	0.002058	0.001790	0.000255	0.001081	0.000390	0.000814	0.000479	0.000511	0.004731	0.000394	0.001215	0.000300	0.001427	0.000000
18	0.002039	0.001737	0.000390	0.001139	0.000495	0.000850	0.000583	0.000281	0.004700	0.000517	0.000909	0.000439	0.001309	0.000000
19	0.001713	0.001763	0.000362	0.001086	0.000438	0.000748	0.000507	0.000409	0.005722	0.000422	0.001047	0.000250	0.001351	0.000000
20	0.002255	0.002085	0.000409	0.001014	0.000545	0.000864	0.000480	0.000508	0.005313	0.000580	0.000924	0.000407	0.001347	0.000000
21	0.002286	0.001530	0.000469	0.001164	0.000453	0.000681	0.000340	0.000357	0.004920	0.000528	0.001180	0.000326	0.001271	0.000000
22	0.002081	0.001853	0.000390	0.000900	0.000450	0.000563	0.000367	0.000559	0.004773	0.000609	0.000969	0.000328	0.001370	0.000000
23	0.002205	0.001696	0.000511	0.001172	0.000496	0.000872	0.000388	0.000582	0.005011	0.000692	0.001226	0.000283	0.001280	0.000000
24	0.002442	0.001956	0.000415	0.001246	0.000549	0.000870	0.000363	0.000457	0.005613	0.000525	0.001114	0.000605	0.001256	0.000000
