# table produced by DamageProfiler
# using mapped file ToA031.ElandCommon_Human_nc.Target.rmdup.noMicro.bam
# Sample ID: ToA031.ElandCommon_Human_nc.Target.rmdup.noMicro.bam
Pos	C>T	G>A	A>C	A>G	A>T	C>A	C>G	G>C	G>T	T>A	T>C	T>G	->ACGT	ACGT>-
24	0.003345	0.003121	0.000475	0.002119	0.000536	0.000741	0.000761	0.000775	0.001851	0.000462	0.001635	0.000587	0.000275	0.000000
23	0.003293	0.002683	0.000608	0.001969	0.000668	0.001124	0.000703	0.000865	0.001839	0.000560	0.001881	0.000374	0.000290	0.000000
22	0.003653	0.003058	0.000470	0.001978	0.000543	0.001084	0.000582	0.001136	0.001638	0.000574	0.001922	0.000537	0.000263	0.000000
21	0.004069	0.002926	0.000619	0.001809	0.000631	0.001062	0.000501	0.000802	0.001777	0.000498	0.001682	0.000498	0.000255	0.000000
20	0.003344	0.003092	0.000546	0.001518	0.000607	0.000841	0.000801	0.000877	0.002017	0.000632	0.001796	0.000595	0.000228	0.000000
19	0.003548	0.003497	0.000610	0.001831	0.000781	0.001290	0.000746	0.000885	0.002007	0.000545	0.001597	0.000470	0.000224	0.000000
18	0.003535	0.002653	0.000465	0.001822	0.000391	0.000993	0.000655	0.000805	0.001435	0.000521	0.001713	0.000410	0.000201	0.000000
17	0.003570	0.003191	0.000500	0.001768	0.000512	0.000997	0.000638	0.000852	0.001836	0.000557	0.001808	0.000656	0.000209	0.000000
16	0.003702	0.003290	0.000681	0.002008	0.000572	0.000961	0.000760	0.000855	0.001820	0.000581	0.001694	0.000532	0.000217	0.000000
15	0.003437	0.002968	0.000535	0.001788	0.000572	0.000824	0.000623	0.000814	0.001825	0.000407	0.001824	0.000518	0.000240	0.000000
14	0.003497	0.002975	0.000411	0.001610	0.000666	0.000965	0.000784	0.000788	0.002035	0.000546	0.001788	0.000385	0.000247	0.000000
13	0.003339	0.002857	0.000638	0.001756	0.000746	0.001187	0.000724	0.000879	0.001934	0.000511	0.001893	0.000461	0.000224	0.000000
12	0.003496	0.002872	0.000571	0.002089	0.000644	0.001125	0.000603	0.000592	0.002039	0.000581	0.001953	0.000531	0.000224	0.000000
11	0.003297	0.002932	0.000453	0.001754	0.000763	0.000957	0.000814	0.000717	0.001455	0.000615	0.002185	0.000389	0.000220	0.000000
10	0.003389	0.003157	0.000631	0.001725	0.000714	0.001225	0.001102	0.000653	0.001873	0.000628	0.001883	0.000452	0.000178	0.000000
9	0.003274	0.002827	0.000507	0.001816	0.000637	0.001078	0.000560	0.000942	0.001709	0.000600	0.001863	0.000563	0.000120	0.000000
8	0.003718	0.003400	0.000568	0.001680	0.000695	0.001050	0.000609	0.000654	0.001744	0.000609	0.002017	0.000431	0.000220	0.000000
7	0.004100	0.003405	0.000452	0.001719	0.000588	0.000902	0.000623	0.000829	0.001615	0.000501	0.001786	0.000578	0.000197	0.000000
6	0.003603	0.003371	0.000440	0.001739	0.000531	0.001222	0.000590	0.000793	0.001520	0.000648	0.001723	0.000583	0.000259	0.000000
5	0.004041	0.003600	0.000547	0.001887	0.000761	0.001274	0.000791	0.000693	0.002035	0.000506	0.001678	0.000573	0.000147	0.000000
4	0.005215	0.004283	0.000568	0.001868	0.000666	0.001616	0.000625	0.000824	0.002428	0.000948	0.002039	0.000571	0.000120	0.000000
3	0.006060	0.004174	0.000688	0.002054	0.000776	0.001779	0.000724	0.001132	0.002547	0.001036	0.002150	0.000708	0.000043	0.000000
2	0.007110	0.004409	0.000799	0.002476	0.001013	0.002308	0.000907	0.001386	0.002454	0.001555	0.002086	0.000959	0.000023	0.000000
1	0.109055	0.006143	0.000741	0.002867	0.001174	0.001921	0.000582	0.001504	0.002131	0.001255	0.002234	0.000703	0.000012	0.000000
0	0.362163	0.004840	0.000960	0.003063	0.002367	0.002008	0.000803	0.001317	0.003706	0.000865	0.001413	0.000559	0.000000	0.000000
