# table produced by DamageProfiler
# using mapped file ToA031.ElandCommon_Human_nc.Target.rmdup.noMicro.bam
# Sample ID: ToA031.ElandCommon_Human_nc.Target.rmdup.noMicro.bam
Chr	End	Std	Pos	A	C	G	T	Total	G>A	C>T	A>G	T>C	A>C	A>T	C>G	C>A	T>G	T>A	G>C	G>T	A>-	T>-	C>-	G>-	->A	->T	->C	->G	S
	3p	+	1	38481.0	27603.0	16380.0	46954.0	129418.0	85.0	9894.0	120.0	67.0	39.0	90.0	29.0	53.0	30.0	44.0	22.0	61.0	0.0	0.0	0.0	0.0	0.0	0.0	0.0	0.0	0.0
	3p	+	2	47996.0	25812.0	19831.0	35840.0	129479.0	115.0	2826.0	134.0	69.0	36.0	61.0	16.0	52.0	24.0	44.0	23.0	48.0	0.0	0.0	0.0	0.0	0.0	0.0	0.0	0.0	0.0
	3p	+	3	44819.0	24370.0	22003.0	38343.0	129535.0	93.0	178.0	125.0	84.0	37.0	49.0	26.0	56.0	37.0	63.0	35.0	51.0	0.0	0.0	0.0	0.0	0.0	0.0	0.0	0.0	0.0
	3p	+	4	46410.0	24414.0	20996.0	37756.0	129576.0	78.0	158.0	101.0	69.0	36.0	26.0	18.0	35.0	24.0	38.0	30.0	47.0	0.0	0.0	0.0	0.0	0.0	0.0	1.0	0.0	0.0
	3p	+	5	46320.0	23337.0	21945.0	37997.0	129599.0	97.0	122.0	85.0	82.0	29.0	30.0	19.0	43.0	26.0	34.0	19.0	54.0	0.0	0.0	0.0	0.0	0.0	0.0	2.0	1.0	0.0
	3p	+	6	47091.0	22736.0	22471.0	37303.0	129601.0	74.0	97.0	84.0	65.0	27.0	44.0	20.0	34.0	16.0	24.0	14.0	48.0	0.0	0.0	0.0	0.0	5.0	0.0	1.0	4.0	0.0
	3p	+	7	44977.0	23758.0	22584.0	38276.0	129595.0	84.0	84.0	70.0	64.0	18.0	24.0	14.0	35.0	29.0	23.0	18.0	36.0	0.0	0.0	0.0	0.0	8.0	0.0	9.0	2.0	0.0
	3p	+	8	44891.0	23351.0	22828.0	38535.0	129605.0	76.0	86.0	87.0	64.0	18.0	33.0	12.0	19.0	31.0	18.0	23.0	35.0	0.0	0.0	0.0	0.0	6.0	0.0	6.0	8.0	0.0
	3p	+	9	43798.0	23848.0	23026.0	38930.0	129602.0	82.0	97.0	78.0	75.0	25.0	36.0	16.0	30.0	17.0	21.0	15.0	46.0	0.0	0.0	0.0	0.0	15.0	0.0	3.0	4.0	0.0
	3p	+	10	42962.0	24243.0	22791.0	39626.0	129622.0	65.0	83.0	81.0	80.0	18.0	27.0	19.0	28.0	18.0	29.0	25.0	42.0	0.0	0.0	0.0	0.0	6.0	0.0	1.0	4.0	0.0
	3p	+	11	42749.0	24619.0	22792.0	39454.0	129614.0	79.0	81.0	86.0	67.0	22.0	31.0	26.0	36.0	18.0	24.0	13.0	48.0	0.0	0.0	0.0	0.0	9.0	0.0	8.0	1.0	0.0
	3p	+	12	42360.0	24650.0	23188.0	39412.0	129610.0	61.0	70.0	79.0	88.0	18.0	31.0	20.0	22.0	17.0	21.0	21.0	33.0	0.0	0.0	0.0	0.0	11.0	0.0	4.0	6.0	0.0
	3p	+	13	41990.0	25053.0	22707.0	39857.0	129607.0	73.0	82.0	81.0	90.0	19.0	26.0	14.0	35.0	20.0	22.0	13.0	51.0	0.0	0.0	0.0	0.0	13.0	0.0	6.0	9.0	0.0
	3p	+	14	42049.0	25004.0	22849.0	39704.0	129606.0	64.0	88.0	70.0	75.0	27.0	31.0	16.0	25.0	21.0	16.0	20.0	51.0	0.0	0.0	0.0	0.0	14.0	0.0	6.0	5.0	0.0
	3p	+	15	42033.0	24853.0	22793.0	39920.0	129599.0	65.0	86.0	61.0	77.0	15.0	29.0	21.0	29.0	15.0	21.0	15.0	49.0	0.0	0.0	0.0	0.0	19.0	0.0	3.0	6.0	0.0
	3p	+	16	41823.0	25002.0	22698.0	40074.0	129597.0	72.0	98.0	69.0	66.0	22.0	27.0	16.0	20.0	13.0	9.0	17.0	40.0	0.0	0.0	0.0	0.0	24.0	0.0	7.0	5.0	0.0
	3p	+	17	41827.0	25014.0	22699.0	40055.0	129595.0	69.0	97.0	86.0	70.0	28.0	29.0	21.0	24.0	24.0	24.0	12.0	36.0	0.0	0.0	0.0	0.0	15.0	0.0	9.0	11.0	0.0
	3p	+	18	41800.0	25185.0	22713.0	39902.0	129600.0	78.0	84.0	66.0	72.0	20.0	23.0	15.0	23.0	25.0	25.0	19.0	41.0	0.0	0.0	0.0	0.0	18.0	0.0	6.0	9.0	0.0
	3p	+	19	41367.0	25333.0	22980.0	39920.0	129600.0	66.0	91.0	63.0	67.0	25.0	16.0	16.0	23.0	14.0	15.0	16.0	31.0	0.0	0.0	0.0	0.0	15.0	0.0	10.0	4.0	0.0
	3p	+	20	41728.0	24777.0	23125.0	39959.0	129589.0	70.0	95.0	74.0	57.0	21.0	24.0	18.0	33.0	22.0	22.0	23.0	41.0	0.0	0.0	0.0	0.0	18.0	0.0	8.0	4.0	0.0
	3p	+	21	41921.0	24980.0	22923.0	39772.0	129596.0	64.0	86.0	63.0	72.0	19.0	24.0	19.0	24.0	23.0	18.0	19.0	43.0	0.0	0.0	0.0	0.0	23.0	0.0	4.0	6.0	0.0
	3p	+	22	41973.0	24845.0	23022.0	39747.0	129587.0	78.0	99.0	88.0	76.0	29.0	28.0	16.0	28.0	19.0	17.0	16.0	40.0	0.0	0.0	0.0	0.0	25.0	0.0	3.0	6.0	0.0
	3p	+	23	42051.0	24996.0	22837.0	39691.0	129575.0	76.0	99.0	81.0	86.0	21.0	25.0	13.0	28.0	20.0	23.0	32.0	42.0	0.0	0.0	0.0	0.0	34.0	0.0	4.0	9.0	0.0
	3p	+	24	41709.0	25111.0	23096.0	39651.0	129567.0	69.0	83.0	88.0	75.0	28.0	35.0	15.0	34.0	14.0	20.0	20.0	36.0	0.0	0.0	0.0	0.0	36.0	0.0	6.0	6.0	0.0
	3p	+	25	41617.0	25004.0	23294.0	39657.0	129572.0	80.0	82.0	85.0	76.0	19.0	15.0	19.0	18.0	26.0	18.0	18.0	35.0	0.0	0.0	0.0	0.0	31.0	0.0	6.0	7.0	0.0
	3p	+	26	41284.0	25104.0	23139.0	40048.0	129575.0	73.0	86.0	88.0	80.0	25.0	29.0	13.0	27.0	15.0	23.0	20.0	35.0	0.0	0.0	0.0	0.0	25.0	0.0	9.0	10.0	0.0
	3p	+	27	41450.0	24937.0	23516.0	39687.0	129590.0	71.0	81.0	73.0	90.0	22.0	35.0	22.0	28.0	30.0	22.0	14.0	43.0	0.0	0.0	0.0	0.0	19.0	0.0	4.0	5.0	0.0
	3p	+	28	41262.0	25318.0	23314.0	39695.0	129589.0	70.0	116.0	87.0	58.0	21.0	24.0	14.0	29.0	12.0	19.0	15.0	38.0	0.0	0.0	0.0	0.0	16.0	0.0	9.0	5.0	0.0
	3p	+	29	40916.0	25128.0	23441.0	40099.0	129584.0	80.0	122.0	90.0	62.0	30.0	23.0	25.0	26.0	15.0	22.0	21.0	55.0	0.0	0.0	0.0	0.0	20.0	0.0	4.0	3.0	0.0
	3p	+	30	40846.0	24801.0	23827.0	40104.0	129578.0	91.0	257.0	98.0	78.0	25.0	31.0	16.0	34.0	13.0	26.0	13.0	48.0	0.0	0.0	0.0	0.0	20.0	0.0	5.0	2.0	0.0
	3p	+	31	38207.0	23124.0	21939.0	37282.0	120552.0	84.0	237.0	93.0	69.0	23.0	31.0	26.0	23.0	23.0	23.0	15.0	32.0	0.0	0.0	0.0	0.0	19.0	0.0	4.0	4.0	0.0
	3p	+	32	35476.0	21170.0	20515.0	34596.0	111757.0	63.0	232.0	92.0	55.0	19.0	21.0	12.0	32.0	19.0	24.0	10.0	35.0	0.0	0.0	0.0	0.0	15.0	0.0	5.0	1.0	0.0
	3p	+	33	32676.0	19388.0	18618.0	32423.0	103105.0	57.0	233.0	71.0	59.0	24.0	27.0	14.0	19.0	23.0	10.0	17.0	33.0	0.0	0.0	0.0	0.0	12.0	0.0	3.0	5.0	0.0
	3p	+	34	29975.0	17802.0	17339.0	29614.0	94730.0	62.0	203.0	73.0	52.0	23.0	17.0	8.0	28.0	10.0	27.0	18.0	27.0	0.0	0.0	0.0	0.0	12.0	0.0	3.0	2.0	0.0
	3p	+	35	27397.0	16027.0	15584.0	27608.0	86616.0	68.0	200.0	70.0	48.0	21.0	25.0	13.0	20.0	13.0	20.0	16.0	29.0	0.0	0.0	0.0	0.0	14.0	0.0	1.0	1.0	0.0
	3p	+	36	24902.0	14776.0	14398.0	24871.0	78947.0	55.0	194.0	69.0	44.0	14.0	17.0	11.0	18.0	16.0	21.0	13.0	28.0	0.0	0.0	0.0	0.0	9.0	0.0	2.0	1.0	0.0
	3p	+	37	22880.0	13386.0	12780.0	22683.0	71729.0	42.0	187.0	65.0	29.0	10.0	12.0	14.0	19.0	13.0	16.0	16.0	17.0	0.0	0.0	0.0	0.0	2.0	0.0	5.0	5.0	0.0
	3p	+	38	20305.0	12009.0	11928.0	20734.0	64976.0	49.0	166.0	61.0	35.0	18.0	18.0	7.0	15.0	9.0	24.0	7.0	34.0	0.0	0.0	0.0	0.0	5.0	0.0	1.0	1.0	0.0
	3p	+	39	18607.0	10834.0	10467.0	18796.0	58704.0	32.0	137.0	54.0	34.0	9.0	17.0	7.0	12.0	7.0	18.0	5.0	18.0	0.0	0.0	0.0	0.0	11.0	0.0	0.0	0.0	0.0
	3p	+	40	16778.0	9767.0	9549.0	16801.0	52895.0	26.0	137.0	37.0	24.0	11.0	18.0	6.0	19.0	14.0	9.0	8.0	20.0	0.0	0.0	0.0	0.0	4.0	0.0	2.0	0.0	0.0
	3p	+	41	15024.0	8733.0	8560.0	15260.0	47577.0	23.0	143.0	37.0	23.0	12.0	15.0	15.0	14.0	7.0	15.0	10.0	19.0	0.0	0.0	0.0	0.0	6.0	0.0	2.0	2.0	0.0
	3p	+	42	13463.0	7743.0	7585.0	13824.0	42615.0	26.0	128.0	32.0	25.0	15.0	18.0	10.0	10.0	15.0	11.0	1.0	22.0	0.0	0.0	0.0	0.0	1.0	0.0	1.0	1.0	0.0
	3p	+	43	11988.0	6898.0	6808.0	12397.0	38091.0	20.0	138.0	28.0	18.0	10.0	10.0	9.0	16.0	7.0	9.0	6.0	12.0	0.0	0.0	0.0	0.0	4.0	0.0	2.0	0.0	0.0
	3p	+	44	10679.0	6217.0	6126.0	10856.0	33878.0	21.0	95.0	24.0	23.0	11.0	16.0	4.0	9.0	9.0	8.0	7.0	19.0	0.0	0.0	0.0	0.0	4.0	0.0	1.0	0.0	0.0
	3p	+	45	9455.0	5340.0	5409.0	9869.0	30073.0	14.0	92.0	38.0	18.0	11.0	11.0	1.0	10.0	7.0	16.0	5.0	10.0	0.0	0.0	0.0	0.0	2.0	0.0	2.0	2.0	0.0
	3p	+	46	8433.0	4851.0	4695.0	8632.0	26611.0	22.0	72.0	24.0	20.0	3.0	5.0	3.0	8.0	7.0	7.0	5.0	9.0	0.0	0.0	0.0	0.0	3.0	0.0	0.0	1.0	0.0
	3p	+	47	7383.0	4209.0	4329.0	7670.0	23591.0	14.0	62.0	18.0	15.0	1.0	13.0	4.0	3.0	3.0	4.0	3.0	11.0	0.0	0.0	0.0	0.0	3.0	0.0	0.0	0.0	0.0
	3p	+	48	6690.0	3704.0	3561.0	6908.0	20863.0	10.0	60.0	16.0	10.0	4.0	7.0	5.0	4.0	2.0	5.0	2.0	13.0	0.0	0.0	0.0	0.0	2.0	0.0	1.0	1.0	0.0
	3p	+	49	5870.0	3397.0	3303.0	5965.0	18535.0	15.0	50.0	12.0	10.0	4.0	7.0	6.0	6.0	3.0	3.0	7.0	8.0	0.0	0.0	0.0	0.0	0.0	0.0	0.0	0.0	0.0
	3p	+	50	5224.0	2845.0	2918.0	5358.0	16345.0	10.0	81.0	16.0	11.0	3.0	3.0	1.0	6.0	0.0	3.0	1.0	10.0	0.0	0.0	0.0	0.0	1.0	0.0	0.0	0.0	0.0
	3p	+	51	4534.0	2576.0	2633.0	4733.0	14476.0	8.0	45.0	14.0	6.0	12.0	5.0	2.0	6.0	3.0	4.0	2.0	6.0	0.0	0.0	0.0	0.0	1.0	0.0	0.0	0.0	0.0
	3p	+	52	4064.0	2260.0	2244.0	4155.0	12723.0	10.0	50.0	13.0	6.0	6.0	5.0	3.0	3.0	3.0	5.0	2.0	3.0	0.0	0.0	0.0	0.0	2.0	0.0	0.0	0.0	0.0
	3p	+	53	3601.0	1998.0	1876.0	3694.0	11169.0	7.0	38.0	11.0	7.0	1.0	6.0	4.0	1.0	0.0	2.0	1.0	7.0	0.0	0.0	0.0	0.0	2.0	0.0	1.0	0.0	0.0
	3p	+	54	3088.0	1704.0	1755.0	3232.0	9779.0	8.0	30.0	5.0	2.0	1.0	3.0	1.0	4.0	3.0	4.0	0.0	5.0	0.0	0.0	0.0	0.0	0.0	0.0	0.0	0.0	0.0
	3p	+	55	2707.0	1484.0	1526.0	2818.0	8535.0	4.0	30.0	13.0	3.0	3.0	4.0	2.0	5.0	6.0	9.0	2.0	2.0	0.0	0.0	0.0	0.0	0.0	0.0	0.0	0.0	0.0
	3p	+	56	2448.0	1254.0	1270.0	2518.0	7490.0	7.0	32.0	10.0	4.0	2.0	2.0	0.0	0.0	1.0	8.0	0.0	2.0	0.0	0.0	0.0	0.0	2.0	0.0	0.0	0.0	0.0
	3p	+	57	2080.0	1178.0	1171.0	2140.0	6569.0	1.0	13.0	5.0	0.0	3.0	3.0	0.0	4.0	2.0	4.0	2.0	6.0	0.0	0.0	0.0	0.0	1.0	0.0	1.0	0.0	0.0
	3p	+	58	1816.0	932.0	1023.0	1921.0	5692.0	6.0	22.0	7.0	1.0	1.0	4.0	4.0	0.0	3.0	4.0	0.0	0.0	0.0	0.0	0.0	0.0	0.0	0.0	0.0	0.0	0.0
	3p	+	59	1532.0	861.0	904.0	1660.0	4957.0	5.0	15.0	6.0	4.0	1.0	1.0	1.0	0.0	2.0	1.0	0.0	3.0	0.0	0.0	0.0	0.0	0.0	0.0	0.0	0.0	0.0
	3p	+	60	1338.0	757.0	767.0	1469.0	4331.0	3.0	16.0	2.0	2.0	2.0	1.0	1.0	1.0	0.0	1.0	3.0	2.0	0.0	0.0	0.0	0.0	0.0	0.0	1.0	0.0	0.0
	3p	+	61	1234.0	676.0	654.0	1224.0	3788.0	5.0	13.0	4.0	3.0	1.0	2.0	1.0	0.0	3.0	2.0	2.0	5.0	0.0	0.0	0.0	0.0	0.0	0.0	0.0	0.0	0.0
	3p	+	62	997.0	570.0	604.0	1124.0	3295.0	3.0	12.0	6.0	5.0	0.0	1.0	1.0	1.0	0.0	0.0	1.0	1.0	0.0	0.0	0.0	0.0	0.0	0.0	0.0	0.0	0.0
	3p	+	63	870.0	523.0	506.0	951.0	2850.0	1.0	10.0	2.0	2.0	0.0	1.0	0.0	3.0	0.0	3.0	0.0	2.0	0.0	0.0	0.0	0.0	0.0	0.0	0.0	0.0	0.0
	3p	+	64	790.0	420.0	435.0	846.0	2491.0	3.0	8.0	2.0	1.0	0.0	1.0	1.0	0.0	1.0	2.0	3.0	0.0	0.0	0.0	0.0	0.0	0.0	0.0	0.0	0.0	0.0
	3p	+	65	696.0	372.0	361.0	722.0	2151.0	1.0	7.0	3.0	1.0	2.0	2.0	1.0	1.0	0.0	1.0	0.0	3.0	0.0	0.0	0.0	0.0	0.0	0.0	0.0	0.0	0.0
	3p	+	66	586.0	298.0	319.0	645.0	1848.0	0.0	7.0	1.0	1.0	0.0	1.0	0.0	0.0	1.0	2.0	0.0	3.0	0.0	0.0	0.0	0.0	0.0	0.0	0.0	0.0	0.0
	3p	+	67	489.0	296.0	294.0	531.0	1610.0	0.0	5.0	1.0	1.0	0.0	1.0	0.0	2.0	0.0	0.0	0.0	0.0	0.0	0.0	0.0	0.0	0.0	0.0	0.0	0.0	0.0
	3p	+	68	430.0	253.0	239.0	481.0	1403.0	5.0	11.0	1.0	0.0	1.0	1.0	0.0	2.0	1.0	1.0	0.0	0.0	0.0	0.0	0.0	0.0	0.0	0.0	0.0	0.0	0.0
	3p	+	69	387.0	211.0	206.0	393.0	1197.0	2.0	4.0	2.0	2.0	0.0	0.0	0.0	0.0	1.0	1.0	1.0	1.0	0.0	0.0	0.0	0.0	0.0	0.0	0.0	0.0	0.0
	3p	+	70	326.0	195.0	185.0	331.0	1037.0	0.0	4.0	1.0	1.0	0.0	0.0	0.0	0.0	0.0	0.0	0.0	0.0	0.0	0.0	0.0	0.0	0.0	0.0	0.0	0.0	0.0
	3p	+	71	314.0	141.0	140.0	320.0	915.0	0.0	2.0	0.0	0.0	0.0	0.0	0.0	0.0	0.0	0.0	0.0	0.0	0.0	0.0	0.0	0.0	0.0	0.0	0.0	0.0	0.0
	3p	+	72	241.0	142.0	133.0	271.0	787.0	0.0	3.0	4.0	0.0	0.0	0.0	0.0	0.0	0.0	0.0	0.0	0.0	0.0	0.0	0.0	0.0	0.0	0.0	0.0	0.0	0.0
	3p	+	73	191.0	116.0	113.0	260.0	680.0	0.0	6.0	1.0	0.0	0.0	1.0	1.0	1.0	2.0	0.0	0.0	0.0	0.0	0.0	0.0	0.0	0.0	0.0	0.0	0.0	0.0
	3p	+	74	194.0	99.0	108.0	191.0	592.0	0.0	2.0	1.0	0.0	0.0	0.0	0.0	0.0	1.0	0.0	0.0	0.0	0.0	0.0	0.0	0.0	0.0	0.0	0.0	0.0	0.0
	3p	+	75	162.0	85.0	88.0	164.0	499.0	1.0	0.0	0.0	0.0	0.0	0.0	0.0	0.0	0.0	0.0	0.0	0.0	0.0	0.0	0.0	0.0	0.0	0.0	0.0	0.0	0.0
	3p	+	76	138.0	69.0	78.0	151.0	436.0	0.0	0.0	1.0	0.0	1.0	1.0	0.0	1.0	0.0	0.0	0.0	2.0	0.0	0.0	0.0	0.0	0.0	0.0	0.0	0.0	0.0
	3p	+	77	122.0	62.0	60.0	132.0	376.0	0.0	2.0	0.0	0.0	0.0	0.0	0.0	0.0	0.0	0.0	0.0	0.0	0.0	0.0	0.0	0.0	0.0	0.0	0.0	0.0	0.0
	3p	+	78	108.0	62.0	49.0	99.0	318.0	0.0	0.0	1.0	0.0	0.0	0.0	0.0	0.0	0.0	0.0	0.0	1.0	0.0	0.0	0.0	0.0	0.0	0.0	0.0	0.0	0.0
	3p	+	79	96.0	44.0	40.0	91.0	271.0	0.0	1.0	1.0	0.0	0.0	0.0	0.0	0.0	0.0	0.0	0.0	0.0	0.0	0.0	0.0	0.0	0.0	0.0	0.0	0.0	0.0
	3p	+	80	66.0	42.0	48.0	83.0	239.0	0.0	0.0	0.0	2.0	0.0	0.0	0.0	0.0	0.0	1.0	0.0	0.0	0.0	0.0	0.0	0.0	0.0	0.0	0.0	0.0	0.0
	3p	+	81	75.0	40.0	28.0	64.0	207.0	0.0	0.0	0.0	0.0	0.0	0.0	0.0	0.0	0.0	0.0	0.0	0.0	0.0	0.0	0.0	0.0	0.0	0.0	0.0	0.0	0.0
	3p	+	82	62.0	23.0	30.0	59.0	174.0	0.0	0.0	0.0	0.0	0.0	0.0	0.0	1.0	0.0	0.0	0.0	0.0	0.0	0.0	0.0	0.0	0.0	0.0	0.0	0.0	0.0
	3p	+	83	66.0	18.0	18.0	54.0	156.0	0.0	0.0	0.0	1.0	0.0	0.0	0.0	0.0	0.0	0.0	0.0	0.0	0.0	0.0	0.0	0.0	0.0	0.0	0.0	0.0	0.0
	3p	+	84	44.0	21.0	22.0	44.0	131.0	0.0	1.0	0.0	1.0	0.0	0.0	0.0	0.0	0.0	0.0	0.0	0.0	0.0	0.0	0.0	0.0	0.0	0.0	0.0	0.0	0.0
	3p	+	85	41.0	16.0	18.0	34.0	109.0	0.0	0.0	0.0	0.0	0.0	0.0	0.0	0.0	0.0	0.0	0.0	0.0	0.0	0.0	0.0	0.0	0.0	0.0	0.0	0.0	0.0
	3p	+	86	30.0	14.0	14.0	29.0	87.0	0.0	1.0	0.0	0.0	0.0	0.0	0.0	0.0	0.0	0.0	0.0	0.0	0.0	0.0	0.0	0.0	0.0	0.0	0.0	0.0	0.0
	3p	+	87	20.0	12.0	2.0	28.0	62.0	0.0	0.0	0.0	0.0	0.0	0.0	0.0	0.0	0.0	0.0	0.0	0.0	0.0	0.0	0.0	0.0	0.0	0.0	0.0	0.0	0.0
	3p	+	88	12.0	6.0	9.0	17.0	44.0	0.0	0.0	0.0	0.0	0.0	0.0	0.0	0.0	0.0	0.0	0.0	0.0	0.0	0.0	0.0	0.0	0.0	0.0	0.0	0.0	0.0
	3p	+	89	6.0	5.0	7.0	12.0	30.0	0.0	0.0	0.0	0.0	0.0	0.0	0.0	0.0	0.0	0.0	0.0	0.0	0.0	0.0	0.0	0.0	0.0	0.0	0.0	0.0	0.0
	3p	+	90	5.0	1.0	2.0	10.0	18.0	0.0	0.0	0.0	0.0	0.0	0.0	0.0	0.0	0.0	0.0	0.0	0.0	0.0	0.0	0.0	0.0	0.0	0.0	0.0	0.0	0.0
	3p	+	91	1.0	1.0	3.0	6.0	11.0	0.0	0.0	0.0	0.0	0.0	0.0	0.0	0.0	0.0	0.0	0.0	0.0	0.0	0.0	0.0	0.0	0.0	0.0	0.0	0.0	0.0
	3p	+	92	0.0	0.0	0.0	0.0	0.0	0.0	0.0	0.0	0.0	0.0	0.0	0.0	0.0	0.0	0.0	0.0	0.0	0.0	0.0	0.0	0.0	0.0	0.0	0.0	0.0	0.0
	3p	+	93	0.0	0.0	0.0	0.0	0.0	0.0	0.0	0.0	0.0	0.0	0.0	0.0	0.0	0.0	0.0	0.0	0.0	0.0	0.0	0.0	0.0	0.0	0.0	0.0	0.0	0.0
	3p	+	94	0.0	0.0	0.0	0.0	0.0	0.0	0.0	0.0	0.0	0.0	0.0	0.0	0.0	0.0	0.0	0.0	0.0	0.0	0.0	0.0	0.0	0.0	0.0	0.0	0.0	0.0
	3p	+	95	0.0	0.0	0.0	0.0	0.0	0.0	0.0	0.0	0.0	0.0	0.0	0.0	0.0	0.0	0.0	0.0	0.0	0.0	0.0	0.0	0.0	0.0	0.0	0.0	0.0	0.0
	3p	+	96	0.0	0.0	0.0	0.0	0.0	0.0	0.0	0.0	0.0	0.0	0.0	0.0	0.0	0.0	0.0	0.0	0.0	0.0	0.0	0.0	0.0	0.0	0.0	0.0	0.0	0.0
	3p	+	97	0.0	0.0	0.0	0.0	0.0	0.0	0.0	0.0	0.0	0.0	0.0	0.0	0.0	0.0	0.0	0.0	0.0	0.0	0.0	0.0	0.0	0.0	0.0	0.0	0.0	0.0
	3p	+	98	0.0	0.0	0.0	0.0	0.0	0.0	0.0	0.0	0.0	0.0	0.0	0.0	0.0	0.0	0.0	0.0	0.0	0.0	0.0	0.0	0.0	0.0	0.0	0.0	0.0	0.0
	3p	+	99	0.0	0.0	0.0	0.0	0.0	0.0	0.0	0.0	0.0	0.0	0.0	0.0	0.0	0.0	0.0	0.0	0.0	0.0	0.0	0.0	0.0	0.0	0.0	0.0	0.0	0.0
	3p	+	100	0.0	0.0	0.0	0.0	0.0	0.0	0.0	0.0	0.0	0.0	0.0	0.0	0.0	0.0	0.0	0.0	0.0	0.0	0.0	0.0	0.0	0.0	0.0	0.0	0.0	0.0
	3p	-	1	37577.0	27190.0	16266.0	47867.0	128900.0	73.0	9950.0	113.0	67.0	34.0	90.0	15.0	57.0	23.0	38.0	21.0	60.00.0	0.0	0.0	0.0	0.0	0.0	0.0	0.0	0.0
	3p	-	2	46517.0	25731.0	20050.0	36662.0	128960.0	130.0	2795.0	137.0	93.0	34.0	50.0	14.0	47.0	27.0	47.0	37.0	37.00.0	0.0	0.0	0.0	1.0	0.0	1.0	1.0	0.0
	3p	-	3	44022.0	24153.0	21999.0	38822.0	128996.0	101.0	167.0	95.0	77.0	34.0	41.0	18.0	56.0	37.0	57.0	26.0	57.00.0	0.0	0.0	0.0	4.0	0.0	0.0	2.0	0.0
	3p	-	4	45136.0	23937.0	21414.0	38526.0	129013.0	99.0	135.0	87.0	95.0	27.0	45.0	17.0	51.0	30.0	41.0	18.0	61.00.0	0.0	0.0	0.0	8.0	0.0	1.0	1.0	0.0
	3p	-	5	45218.0	23065.0	21718.0	39006.0	129007.0	90.0	120.0	86.0	75.0	23.0	31.0	10.0	32.0	18.0	39.0	17.0	52.00.0	0.0	0.0	0.0	18.0	0.0	4.0	6.0	0.0
	3p	-	6	46191.0	22792.0	22248.0	37787.0	129018.0	87.0	87.0	92.0	61.0	24.0	27.0	16.0	24.0	27.0	14.0	17.0	43.00.0	0.0	0.0	0.0	20.0	0.0	5.0	3.0	0.0
	3p	-	7	43596.0	23697.0	22808.0	38903.0	129004.0	69.0	87.0	84.0	69.0	21.0	23.0	14.0	23.0	16.0	27.0	18.0	33.00.0	0.0	0.0	0.0	22.0	0.0	9.0	17.0	0.0
	3p	-	8	43507.0	23231.0	22988.0	39295.0	129021.0	80.0	105.0	65.0	75.0	22.0	19.0	17.0	23.0	14.0	21.0	15.0	39.00.0	0.0	0.0	0.0	21.0	0.0	6.0	4.0	0.0
	3p	-	9	42491.0	23756.0	22857.0	39919.0	129023.0	74.0	80.0	67.0	84.0	24.0	24.0	13.0	20.0	17.0	27.0	15.0	34.00.0	0.0	0.0	0.0	18.0	0.0	12.0	5.0	0.0
	3p	-	10	41852.0	24010.0	22837.0	40342.0	129041.0	64.0	75.0	73.0	69.0	25.0	27.0	8.0	24.0	27.0	19.0	18.0	36.00.0	0.0	0.0	0.0	6.0	0.0	9.0	5.0	0.0
	3p	-	11	41307.0	24369.0	23131.0	40220.0	129027.0	66.0	85.0	59.0	83.0	31.0	29.0	28.0	24.0	18.0	26.0	17.0	38.00.0	0.0	0.0	0.0	17.0	0.0	8.0	3.0	0.0
	3p	-	12	41472.0	24484.0	22861.0	40204.0	129021.0	74.0	92.0	68.0	86.0	20.0	33.0	20.0	25.0	14.0	28.0	12.0	34.00.0	0.0	0.0	0.0	24.0	0.0	7.0	5.0	0.0
	3p	-	13	40346.0	24722.0	22908.0	41055.0	129031.0	58.0	92.0	91.0	68.0	28.0	27.0	16.0	21.0	23.0	25.0	14.0	42.00.0	0.0	0.0	0.0	16.0	0.0	10.0	4.0	0.0
	3p	-	14	41081.0	24709.0	22647.0	40595.0	129032.0	66.0	78.0	76.0	77.0	26.0	31.0	20.0	34.0	16.0	25.0	20.0	37.00.0	0.0	0.0	0.0	20.0	0.0	4.0	9.0	0.0
	3p	-	15	40600.0	24907.0	22918.0	40598.0	129023.0	71.0	88.0	72.0	67.0	19.0	26.0	18.0	19.0	16.0	23.0	21.0	44.00.0	0.0	0.0	0.0	27.0	0.0	4.0	5.0	0.0
	3p	-	16	40413.0	24756.0	22781.0	41082.0	129032.0	63.0	73.0	78.0	82.0	22.0	20.0	15.0	21.0	29.0	24.0	20.0	43.00.0	0.0	0.0	0.0	8.0	0.0	14.0	4.0	0.0
	3p	-	17	40354.0	24959.0	22896.0	40835.0	129044.0	81.0	88.0	79.0	67.0	28.0	18.0	17.0	24.0	19.0	23.0	27.0	47.00.0	0.0	0.0	0.0	14.0	0.0	3.0	4.0	0.0
	3p	-	18	40211.0	24953.0	23047.0	40838.0	129049.0	68.0	95.0	79.0	74.0	21.0	19.0	17.0	27.0	28.0	20.0	20.0	43.00.0	0.0	0.0	0.0	17.0	0.0	3.0	1.0	0.0
	3p	-	19	40391.0	25015.0	23000.0	40643.0	129049.0	56.0	87.0	86.0	71.0	13.0	16.0	17.0	27.0	19.0	27.0	21.0	35.00.0	0.0	0.0	0.0	18.0	0.0	5.0	0.0	0.0
	3p	-	20	40193.0	24825.0	23203.0	40814.0	129035.0	92.0	81.0	76.0	72.0	29.0	40.0	19.0	31.0	16.0	22.0	18.0	52.00.0	0.0	0.0	0.0	14.0	0.0	9.0	5.0	0.0
	3p	-	21	40435.0	24953.0	22679.0	40968.0	129035.0	77.0	81.0	62.0	73.0	26.0	26.0	21.0	18.0	25.0	33.0	21.0	49.00.0	0.0	0.0	0.0	10.0	0.0	10.0	6.0	0.0
	3p	-	22	40384.0	25044.0	23113.0	40499.0	129040.0	57.0	104.0	61.0	59.0	22.0	24.0	9.0	25.0	21.0	23.0	21.0	42.00.0	0.0	0.0	0.0	17.0	0.0	7.0	8.0	0.0
	3p	-	23	40867.0	24822.0	22938.0	40422.0	129049.0	64.0	83.0	83.0	68.0	18.0	20.0	16.0	26.0	23.0	23.0	20.0	33.00.0	0.0	0.0	0.0	15.0	0.0	3.0	3.0	0.0
	3p	-	24	40583.0	24695.0	23122.0	40644.0	129044.0	55.0	81.0	74.0	76.0	22.0	20.0	20.0	22.0	16.0	25.0	20.0	49.00.0	0.0	0.0	0.0	11.0	0.0	10.0	6.0	0.0
	3p	-	25	40479.0	24928.0	23162.0	40464.0	129033.0	65.0	85.0	89.0	55.0	20.0	29.0	19.0	19.0	21.0	19.0	18.0	51.00.0	0.0	0.0	0.0	13.0	0.0	9.0	5.0	0.0
	3p	-	26	40291.0	24847.0	23244.0	40650.0	129032.0	90.0	89.0	62.0	74.0	22.0	27.0	23.0	32.0	23.0	28.0	14.0	39.00.0	0.0	0.0	0.0	15.0	0.0	3.0	7.0	0.0
	3p	-	27	40549.0	25094.0	23222.0	40172.0	129037.0	62.0	84.0	76.0	93.0	19.0	43.0	17.0	28.0	28.0	31.0	17.0	35.00.0	0.0	0.0	0.0	12.0	0.0	4.0	6.0	0.0
	3p	-	28	40372.0	24985.0	23402.0	40276.0	129035.0	78.0	89.0	75.0	76.0	15.0	22.0	13.0	24.0	27.0	21.0	19.0	38.00.0	0.0	0.0	0.0	6.0	0.0	4.0	5.0	0.0
	3p	-	29	39744.0	24914.0	23821.0	40550.0	129029.0	81.0	123.0	95.0	65.0	19.0	34.0	23.0	33.0	14.0	26.0	22.0	36.00.0	0.0	0.0	0.0	8.0	0.0	3.0	4.0	0.0
	3p	-	30	39677.0	24610.0	23904.0	40826.0	129017.0	69.0	232.0	90.0	77.0	23.0	32.0	14.0	31.0	21.0	21.0	16.0	40.00.0	0.0	0.0	0.0	15.0	0.0	2.0	4.0	0.0
	3p	-	31	37079.0	22590.0	22115.0	38067.0	119851.0	72.0	224.0	100.0	84.0	14.0	31.0	10.0	23.0	28.0	28.0	21.0	40.00.0	0.0	0.0	0.0	10.0	0.0	2.0	1.0	0.0
	3p	-	32	34377.0	20853.0	20410.0	35388.0	111028.0	65.0	234.0	78.0	73.0	17.0	30.0	13.0	18.0	21.0	26.0	22.0	35.00.0	0.0	0.0	0.0	6.0	0.0	5.0	6.0	0.0
	3p	-	33	31770.0	19210.0	18722.0	32848.0	102550.0	54.0	230.0	97.0	51.0	22.0	21.0	21.0	24.0	18.0	17.0	15.0	30.00.0	0.0	0.0	0.0	6.0	0.0	0.0	1.0	0.0
	3p	-	34	29136.0	17471.0	17329.0	30075.0	94011.0	62.0	216.0	90.0	49.0	18.0	24.0	12.0	23.0	19.0	23.0	9.0	32.00.0	0.0	0.0	0.0	1.0	0.0	2.0	3.0	0.0
	3p	-	35	26583.0	15920.0	15743.0	27805.0	86051.0	50.0	213.0	67.0	56.0	17.0	24.0	11.0	20.0	10.0	18.0	14.0	36.00.0	0.0	0.0	0.0	4.0	0.0	1.0	2.0	0.0
	3p	-	36	24372.0	14506.0	14128.0	25437.0	78443.0	40.0	167.0	55.0	50.0	20.0	18.0	10.0	23.0	12.0	12.0	6.0	23.00.0	0.0	0.0	0.0	2.0	0.0	5.0	1.0	0.0
	3p	-	37	22189.0	13125.0	12798.0	23240.0	71352.0	32.0	183.0	53.0	45.0	13.0	26.0	7.0	18.0	12.0	21.0	21.0	25.00.0	0.0	0.0	0.0	6.0	0.0	4.0	0.0	0.0
	3p	-	38	20052.0	11763.0	11758.0	20981.0	64554.0	39.0	156.0	49.0	42.0	12.0	15.0	6.0	12.0	19.0	17.0	13.0	24.00.0	0.0	0.0	0.0	6.0	0.0	2.0	2.0	0.0
	3p	-	39	18238.0	10663.0	10426.0	18928.0	58255.0	36.0	155.0	51.0	40.0	13.0	13.0	8.0	13.0	9.0	17.0	7.0	22.00.0	0.0	0.0	0.0	1.0	0.0	0.0	2.0	0.0
	3p	-	40	16290.0	9657.0	9361.0	17242.0	52550.0	31.0	134.0	43.0	35.0	10.0	21.0	11.0	16.0	7.0	10.0	6.0	22.00.0	0.0	0.0	0.0	4.0	0.0	2.0	2.0	0.0
	3p	-	41	14665.0	8592.0	8525.0	15483.0	47265.0	20.0	118.0	37.0	32.0	13.0	11.0	4.0	12.0	14.0	10.0	7.0	16.00.0	0.0	0.0	0.0	3.0	0.0	3.0	0.0	0.0
	3p	-	42	13243.0	7594.0	7630.0	13858.0	42325.0	28.0	137.0	37.0	25.0	4.0	13.0	10.0	7.0	10.0	16.0	9.0	19.00.0	0.0	0.0	0.0	3.0	0.0	3.0	0.0	0.0
	3p	-	43	11719.0	6813.0	6818.0	12371.0	37721.0	26.0	120.0	30.0	25.0	4.0	3.0	3.0	11.0	5.0	10.0	5.0	12.00.0	0.0	0.0	0.0	3.0	0.0	1.0	2.0	0.0
	3p	-	44	10358.0	6079.0	5893.0	11337.0	33667.0	13.0	100.0	29.0	18.0	10.0	12.0	11.0	11.0	4.0	5.0	7.0	9.00.0	0.0	0.0	0.0	2.0	0.0	0.0	0.0	0.0
	3p	-	45	9391.0	5399.0	5309.0	9931.0	30030.0	19.0	88.0	24.0	17.0	9.0	7.0	5.0	7.0	10.0	5.0	6.0	11.00.0	0.0	0.0	0.0	1.0	0.0	0.0	2.0	0.0
	3p	-	46	8323.0	4778.0	4690.0	8891.0	26682.0	16.0	90.0	21.0	26.0	5.0	4.0	7.0	7.0	5.0	11.0	2.0	12.00.0	0.0	0.0	0.0	0.0	0.0	2.0	0.0	0.0
	3p	-	47	7335.0	4286.0	4190.0	7888.0	23699.0	14.0	70.0	21.0	17.0	6.0	8.0	4.0	5.0	8.0	4.0	5.0	4.00.0	0.0	0.0	0.0	1.0	0.0	0.0	0.0	0.0
	3p	-	48	6443.0	3648.0	3785.0	7031.0	20907.0	9.0	71.0	16.0	11.0	2.0	6.0	3.0	5.0	3.0	3.0	0.0	10.00.0	0.0	0.0	0.0	0.0	0.0	2.0	1.0	0.0
	3p	-	49	5643.0	3274.0	3222.0	6326.0	18465.0	17.0	60.0	18.0	13.0	5.0	3.0	6.0	4.0	0.0	5.0	2.0	3.00.0	0.0	0.0	0.0	0.0	0.0	0.0	0.0	0.0
	3p	-	50	4997.0	2858.0	2973.0	5421.0	16249.0	9.0	60.0	13.0	8.0	3.0	3.0	3.0	4.0	6.0	4.0	5.0	7.00.0	0.0	0.0	0.0	0.0	0.0	0.0	0.0	0.0
	3p	-	51	4443.0	2560.0	2560.0	4765.0	14328.0	5.0	49.0	20.0	7.0	0.0	4.0	4.0	4.0	2.0	5.0	2.0	7.00.0	0.0	0.0	0.0	0.0	0.0	0.0	0.0	0.0
	3p	-	52	3937.0	2261.0	2174.0	4228.0	12600.0	7.0	44.0	13.0	7.0	1.0	3.0	5.0	4.0	6.0	8.0	6.0	7.00.0	0.0	0.0	0.0	0.0	0.0	0.0	0.0	0.0
	3p	-	53	3489.0	1985.0	1958.0	3658.0	11090.0	11.0	37.0	9.0	8.0	2.0	5.0	4.0	0.0	4.0	2.0	2.0	7.00.0	0.0	0.0	0.0	2.0	0.0	0.0	1.0	0.0
	3p	-	54	2974.0	1761.0	1712.0	3283.0	9730.0	4.0	35.0	5.0	12.0	2.0	7.0	0.0	6.0	5.0	6.0	5.0	7.00.0	0.0	0.0	0.0	1.0	0.0	0.0	0.0	0.0
	3p	-	55	2695.0	1516.0	1446.0	2843.0	8500.0	2.0	24.0	8.0	4.0	1.0	5.0	3.0	5.0	6.0	4.0	0.0	5.00.0	0.0	0.0	0.0	1.0	0.0	0.0	0.0	0.0
	3p	-	56	2330.0	1331.0	1291.0	2498.0	7450.0	6.0	28.0	12.0	4.0	1.0	1.0	3.0	8.0	4.0	4.0	1.0	2.00.0	0.0	0.0	0.0	0.0	0.0	0.0	0.0	0.0
	3p	-	57	2090.0	1129.0	1173.0	2138.0	6530.0	8.0	13.0	5.0	5.0	0.0	2.0	1.0	2.0	3.0	4.0	0.0	6.00.0	0.0	0.0	0.0	1.0	0.0	0.0	0.0	0.0
	3p	-	58	1741.0	1009.0	1020.0	1972.0	5742.0	1.0	19.0	5.0	6.0	0.0	2.0	1.0	3.0	1.0	1.0	1.0	1.00.0	0.0	0.0	0.0	0.0	0.0	0.0	0.0	0.0
	3p	-	59	1481.0	861.0	914.0	1730.0	4986.0	2.0	16.0	1.0	5.0	1.0	2.0	1.0	2.0	2.0	4.0	1.0	2.00.0	0.0	0.0	0.0	0.0	0.0	0.0	0.0	0.0
	3p	-	60	1322.0	763.0	745.0	1547.0	4377.0	1.0	12.0	3.0	2.0	3.0	3.0	0.0	1.0	2.0	3.0	2.0	3.00.0	0.0	0.0	0.0	0.0	0.0	0.0	0.0	0.0
	3p	-	61	1198.0	661.0	667.0	1290.0	3816.0	0.0	15.0	8.0	1.0	0.0	1.0	0.0	0.0	1.0	2.0	1.0	3.00.0	0.0	0.0	0.0	0.0	0.0	0.0	0.0	0.0
	3p	-	62	1033.0	608.0	583.0	1099.0	3323.0	2.0	11.0	4.0	0.0	1.0	0.0	1.0	0.0	0.0	0.0	1.0	2.00.0	0.0	0.0	0.0	0.0	0.0	0.0	0.0	0.0
	3p	-	63	880.0	514.0	484.0	1017.0	2895.0	2.0	5.0	2.0	4.0	0.0	1.0	1.0	2.0	1.0	1.0	1.0	1.00.0	0.0	0.0	0.0	0.0	0.0	0.0	0.0	0.0
	3p	-	64	802.0	425.0	456.0	853.0	2536.0	0.0	9.0	1.0	2.0	1.0	0.0	1.0	1.0	2.0	0.0	0.0	0.00.0	0.0	0.0	0.0	0.0	0.0	0.0	0.0	0.0
	3p	-	65	738.0	369.0	361.0	727.0	2195.0	2.0	4.0	2.0	2.0	0.0	1.0	1.0	1.0	2.0	1.0	0.0	0.00.0	0.0	0.0	0.0	0.0	0.0	0.0	0.0	0.0
	3p	-	66	573.0	326.0	349.0	658.0	1906.0	2.0	4.0	1.0	0.0	1.0	1.0	0.0	0.0	2.0	0.0	0.0	2.00.0	0.0	0.0	0.0	0.0	0.0	0.0	0.0	0.0
	3p	-	67	506.0	285.0	285.0	571.0	1647.0	2.0	10.0	2.0	1.0	2.0	1.0	0.0	1.0	3.0	1.0	0.0	1.00.0	0.0	0.0	0.0	0.0	0.0	0.0	0.0	0.0
	3p	-	68	434.0	238.0	236.0	489.0	1397.0	0.0	2.0	0.0	1.0	0.0	0.0	1.0	0.0	1.0	1.0	0.0	1.00.0	0.0	0.0	0.0	0.0	0.0	0.0	0.0	0.0
	3p	-	69	389.0	210.0	220.0	393.0	1212.0	0.0	6.0	1.0	0.0	1.0	0.0	0.0	0.0	0.0	0.0	1.0	2.00.0	0.0	0.0	0.0	0.0	0.0	0.0	0.0	0.0
	3p	-	70	343.0	186.0	166.0	342.0	1037.0	0.0	4.0	4.0	0.0	0.0	1.0	0.0	0.0	0.0	0.0	0.0	2.00.0	0.0	0.0	0.0	0.0	0.0	0.0	0.0	0.0
	3p	-	71	267.0	151.0	169.0	306.0	893.0	0.0	0.0	0.0	1.0	0.0	0.0	0.0	0.0	1.0	0.0	0.0	0.00.0	0.0	0.0	0.0	0.0	0.0	0.0	0.0	0.0
	3p	-	72	240.0	138.0	128.0	267.0	773.0	0.0	2.0	1.0	0.0	0.0	0.0	0.0	0.0	1.0	0.0	1.0	1.00.0	0.0	0.0	0.0	0.0	0.0	0.0	0.0	0.0
	3p	-	73	188.0	124.0	113.0	242.0	667.0	1.0	0.0	0.0	1.0	1.0	0.0	0.0	1.0	1.0	0.0	0.0	0.00.0	0.0	0.0	0.0	0.0	0.0	0.0	0.0	0.0
	3p	-	74	183.0	98.0	98.0	194.0	573.0	0.0	2.0	0.0	0.0	1.0	1.0	0.0	0.0	0.0	0.0	0.0	0.00.0	0.0	0.0	0.0	0.0	0.0	0.0	0.0	0.0
	3p	-	75	154.0	84.0	94.0	165.0	497.0	1.0	3.0	1.0	0.0	0.0	1.0	0.0	0.0	0.0	0.0	1.0	2.00.0	0.0	0.0	0.0	0.0	0.0	0.0	0.0	0.0
	3p	-	76	139.0	73.0	81.0	142.0	435.0	0.0	0.0	0.0	1.0	0.0	0.0	0.0	1.0	0.0	0.0	0.0	0.00.0	0.0	0.0	0.0	0.0	0.0	0.0	0.0	0.0
	3p	-	77	139.0	55.0	78.0	114.0	386.0	0.0	0.0	0.0	0.0	1.0	0.0	0.0	0.0	0.0	0.0	1.0	0.00.0	0.0	0.0	0.0	0.0	0.0	0.0	0.0	0.0
	3p	-	78	107.0	43.0	62.0	116.0	328.0	0.0	0.0	0.0	0.0	0.0	0.0	0.0	0.0	0.0	0.0	1.0	0.00.0	0.0	0.0	0.0	0.0	0.0	0.0	0.0	0.0
	3p	-	79	84.0	50.0	46.0	100.0	280.0	0.0	0.0	0.0	0.0	0.0	0.0	0.0	0.0	0.0	0.0	0.0	0.00.0	0.0	0.0	0.0	0.0	0.0	0.0	0.0	0.0
	3p	-	80	70.0	37.0	40.0	99.0	246.0	0.0	1.0	0.0	1.0	0.0	0.0	0.0	0.0	0.0	0.0	0.0	0.00.0	0.0	0.0	0.0	0.0	0.0	0.0	0.0	0.0
	3p	-	81	58.0	35.0	30.0	86.0	209.0	0.0	1.0	1.0	0.0	0.0	0.0	0.0	0.0	0.0	0.0	0.0	0.00.0	0.0	0.0	0.0	0.0	0.0	0.0	0.0	0.0
	3p	-	82	59.0	27.0	21.0	63.0	170.0	0.0	1.0	0.0	0.0	0.0	0.0	0.0	0.0	0.0	0.0	0.0	0.00.0	0.0	0.0	0.0	0.0	0.0	0.0	0.0	0.0
	3p	-	83	45.0	18.0	27.0	59.0	149.0	0.0	1.0	0.0	0.0	0.0	0.0	0.0	0.0	0.0	0.0	0.0	0.00.0	0.0	0.0	0.0	0.0	0.0	0.0	0.0	0.0
	3p	-	84	40.0	20.0	16.0	40.0	116.0	0.0	0.0	0.0	0.0	0.0	0.0	0.0	0.0	0.0	0.0	0.0	0.00.0	0.0	0.0	0.0	0.0	0.0	0.0	0.0	0.0
	3p	-	85	38.0	10.0	15.0	36.0	99.0	0.0	0.0	0.0	0.0	0.0	0.0	0.0	0.0	0.0	0.0	0.0	0.00.0	0.0	0.0	0.0	0.0	0.0	0.0	0.0	0.0
	3p	-	86	26.0	11.0	16.0	28.0	81.0	0.0	0.0	0.0	0.0	0.0	0.0	0.0	0.0	0.0	0.0	0.0	0.00.0	0.0	0.0	0.0	0.0	0.0	0.0	0.0	0.0
	3p	-	87	20.0	15.0	8.0	23.0	66.0	0.0	1.0	0.0	0.0	1.0	0.0	0.0	0.0	0.0	0.0	0.0	0.00.0	0.0	0.0	0.0	0.0	0.0	0.0	0.0	0.0
	3p	-	88	20.0	3.0	6.0	21.0	50.0	0.0	0.0	0.0	0.0	0.0	0.0	0.0	0.0	0.0	0.0	0.0	0.00.0	0.0	0.0	0.0	0.0	0.0	0.0	0.0	0.0
	3p	-	89	12.0	7.0	2.0	12.0	33.0	0.0	0.0	0.0	0.0	0.0	0.0	0.0	0.0	0.0	0.0	0.0	0.00.0	0.0	0.0	0.0	0.0	0.0	0.0	0.0	0.0
	3p	-	90	3.0	0.0	1.0	12.0	16.0	0.0	0.0	0.0	0.0	0.0	0.0	0.0	0.0	0.0	0.0	0.0	0.00.0	0.0	0.0	0.0	0.0	0.0	0.0	0.0	0.0
	3p	-	91	1.0	4.0	2.0	2.0	9.0	0.0	1.0	0.0	0.0	0.0	0.0	0.0	0.0	0.0	0.0	0.0	0.00.0	0.0	0.0	0.0	0.0	0.0	0.0	0.0	0.0
	3p	-	92	0.0	0.0	0.0	0.0	0.0	0.0	0.0	0.0	0.0	0.0	0.0	0.0	0.0	0.0	0.0	0.0	0.00.0	0.0	0.0	0.0	0.0	0.0	0.0	0.0	0.0
	3p	-	93	0.0	0.0	0.0	0.0	0.0	0.0	0.0	0.0	0.0	0.0	0.0	0.0	0.0	0.0	0.0	0.0	0.00.0	0.0	0.0	0.0	0.0	0.0	0.0	0.0	0.0
	3p	-	94	0.0	0.0	0.0	0.0	0.0	0.0	0.0	0.0	0.0	0.0	0.0	0.0	0.0	0.0	0.0	0.0	0.00.0	0.0	0.0	0.0	0.0	0.0	0.0	0.0	0.0
	3p	-	95	0.0	0.0	0.0	0.0	0.0	0.0	0.0	0.0	0.0	0.0	0.0	0.0	0.0	0.0	0.0	0.0	0.00.0	0.0	0.0	0.0	0.0	0.0	0.0	0.0	0.0
	3p	-	96	0.0	0.0	0.0	0.0	0.0	0.0	0.0	0.0	0.0	0.0	0.0	0.0	0.0	0.0	0.0	0.0	0.00.0	0.0	0.0	0.0	0.0	0.0	0.0	0.0	0.0
	3p	-	97	0.0	0.0	0.0	0.0	0.0	0.0	0.0	0.0	0.0	0.0	0.0	0.0	0.0	0.0	0.0	0.0	0.00.0	0.0	0.0	0.0	0.0	0.0	0.0	0.0	0.0
	3p	-	98	0.0	0.0	0.0	0.0	0.0	0.0	0.0	0.0	0.0	0.0	0.0	0.0	0.0	0.0	0.0	0.0	0.00.0	0.0	0.0	0.0	0.0	0.0	0.0	0.0	0.0
	3p	-	99	0.0	0.0	0.0	0.0	0.0	0.0	0.0	0.0	0.0	0.0	0.0	0.0	0.0	0.0	0.0	0.0	0.00.0	0.0	0.0	0.0	0.0	0.0	0.0	0.0	0.0
	3p	-	100	0.0	0.0	0.0	0.0	0.0	0.0	0.0	0.0	0.0	0.0	0.0	0.0	0.0	0.0	0.0	0.0	0.00.0	0.0	0.0	0.0	0.0	0.0	0.0	0.0	0.0
	5p	+	1	40182.0	22196.0	23507.0	43563.0	129448.0	107.0	2132.0	262.0	59.0	59.0	92.0	38.0	63.0	44.0	90.0	19.0	72.00.0	0.0	0.0	0.0	0.0	0.0	0.0	0.0	0.0
	5p	+	2	36965.0	21629.0	26069.0	44829.0	129492.0	80.0	349.0	170.0	75.0	40.0	58.0	28.0	44.0	44.0	50.0	19.0	66.00.0	0.0	0.0	0.0	3.0	0.0	1.0	0.0	0.0
	5p	+	3	40003.0	25557.0	23821.0	40158.0	129539.0	96.0	234.0	106.0	59.0	37.0	48.0	19.0	51.0	18.0	35.0	25.0	38.00.0	0.0	0.0	0.0	3.0	0.0	3.0	1.0	0.0
	5p	+	4	41218.0	24927.0	24891.0	38522.0	129558.0	79.0	154.0	91.0	76.0	24.0	26.0	19.0	32.0	18.0	20.0	22.0	44.00.0	0.0	0.0	0.0	7.0	0.0	6.0	2.0	0.0
	5p	+	5	40168.0	25574.0	24202.0	39603.0	129547.0	90.0	117.0	104.0	74.0	17.0	21.0	20.0	29.0	18.0	27.0	22.0	46.00.0	0.0	0.0	0.0	16.0	0.0	7.0	6.0	0.0
	5p	+	6	39144.0	25481.0	24387.0	40548.0	129560.0	73.0	91.0	87.0	73.0	22.0	23.0	22.0	18.0	17.0	22.0	13.0	50.00.0	0.0	0.0	0.0	24.0	0.0	10.0	7.0	0.0
	5p	+	7	41256.0	25099.0	23895.0	39322.0	129572.0	73.0	99.0	76.0	70.0	27.0	28.0	16.0	29.0	24.0	22.0	24.0	49.00.0	0.0	0.0	0.0	16.0	0.0	15.0	9.0	0.0
	5p	+	8	42722.0	24318.0	23143.0	39389.0	129572.0	72.0	78.0	80.0	65.0	23.0	28.0	18.0	26.0	16.0	31.0	19.0	36.00.0	0.0	0.0	0.0	25.0	0.0	6.0	8.0	0.0
	5p	+	9	42499.0	24487.0	22956.0	39634.0	129576.0	76.0	94.0	80.0	59.0	17.0	24.0	20.0	31.0	27.0	21.0	21.0	49.00.0	0.0	0.0	0.0	24.0	0.0	3.0	4.0	0.0
	5p	+	10	42243.0	24793.0	22861.0	39690.0	129587.0	77.0	89.0	87.0	76.0	22.0	22.0	18.0	27.0	25.0	24.0	27.0	40.00.0	0.0	0.0	0.0	19.0	0.0	9.0	4.0	0.0
	5p	+	11	42229.0	25024.0	22878.0	39460.0	129591.0	80.0	91.0	68.0	74.0	27.0	28.0	16.0	26.0	15.0	13.0	17.0	43.00.0	0.0	0.0	0.0	20.0	0.0	4.0	8.0	0.0
	5p	+	12	42043.0	25130.0	22936.0	39480.0	129589.0	91.0	82.0	72.0	72.0	25.0	29.0	22.0	27.0	20.0	18.0	16.0	27.00.0	0.0	0.0	0.0	24.0	0.0	5.0	9.0	0.0
	5p	+	13	41746.0	25150.0	22652.0	40039.0	129587.0	66.0	92.0	72.0	63.0	26.0	21.0	21.0	25.0	25.0	20.0	18.0	34.00.0	0.0	0.0	0.0	23.0	0.0	4.0	6.0	0.0
	5p	+	14	41601.0	24982.0	22793.0	40213.0	129589.0	61.0	84.0	76.0	86.0	21.0	26.0	18.0	28.0	26.0	20.0	20.0	43.00.0	0.0	0.0	0.0	25.0	0.0	11.0	6.0	0.0
	5p	+	15	41435.0	25106.0	22953.0	40081.0	129575.0	61.0	104.0	76.0	69.0	26.0	25.0	17.0	28.0	27.0	16.0	19.0	33.00.0	0.0	0.0	0.0	31.0	0.0	10.0	7.0	0.0
	5p	+	16	41396.0	25322.0	23128.0	39734.0	129580.0	69.0	88.0	70.0	71.0	25.0	16.0	17.0	21.0	16.0	15.0	16.0	42.00.0	0.0	0.0	0.0	27.0	0.0	8.0	9.0	0.0
	5p	+	17	41910.0	25159.0	22997.0	39538.0	129604.0	86.0	91.0	69.0	60.0	20.0	35.0	20.0	23.0	14.0	19.0	24.0	50.00.0	0.0	0.0	0.0	16.0	0.0	5.0	2.0	0.0
	5p	+	18	41909.0	25035.0	22993.0	39657.0	129594.0	67.0	83.0	71.0	84.0	22.0	20.0	10.0	22.0	10.0	22.0	16.0	43.00.0	0.0	0.0	0.0	20.0	0.0	3.0	5.0	0.0
	5p	+	19	41809.0	25016.0	23145.0	39628.0	129598.0	70.0	88.0	84.0	86.0	17.0	19.0	17.0	17.0	18.0	22.0	18.0	27.00.0	0.0	0.0	0.0	14.0	0.0	3.0	8.0	0.0
	5p	+	20	41846.0	24896.0	23018.0	39833.0	129593.0	60.0	93.0	70.0	74.0	19.0	25.0	12.0	34.0	18.0	17.0	16.0	35.00.0	0.0	0.0	0.0	23.0	0.0	8.0	5.0	0.0
	5p	+	21	41751.0	25087.0	22898.0	39861.0	129597.0	74.0	73.0	79.0	80.0	18.0	25.0	13.0	27.0	20.0	18.0	15.0	46.00.0	0.0	0.0	0.0	23.0	0.0	5.0	5.0	0.0
	5p	+	22	41915.0	24579.0	23099.0	40002.0	129595.0	73.0	65.0	79.0	73.0	24.0	26.0	19.0	26.0	21.0	22.0	22.0	39.00.0	0.0	0.0	0.0	18.0	0.0	5.0	2.0	0.0
	5p	+	23	42182.0	25000.0	22625.0	39798.0	129605.0	66.0	86.0	56.0	82.0	20.0	20.0	20.0	30.0	10.0	33.0	25.0	38.00.0	0.0	0.0	0.0	11.0	0.0	0.0	8.0	0.0
	5p	+	24	42386.0	24691.0	22785.0	39737.0	129599.0	69.0	109.0	84.0	67.0	17.0	29.0	18.0	21.0	22.0	15.0	17.0	44.00.0	0.0	0.0	0.0	17.0	0.0	6.0	3.0	0.0
	5p	+	25	43225.0	24311.0	22879.0	39191.0	129606.0	85.0	81.0	75.0	75.0	17.0	32.0	18.0	22.0	17.0	16.0	20.0	37.00.0	0.0	0.0	0.0	11.0	0.0	5.0	7.0	0.0
	5p	+	26	43440.0	24428.0	22803.0	38942.0	129613.0	89.0	102.0	87.0	69.0	24.0	27.0	13.0	32.0	28.0	16.0	13.0	52.00.0	0.0	0.0	0.0	10.0	0.0	4.0	3.0	0.0
	5p	+	27	43508.0	24233.0	22837.0	39030.0	129608.0	62.0	112.0	71.0	71.0	29.0	24.0	23.0	28.0	19.0	20.0	23.0	50.00.0	0.0	0.0	0.0	15.0	0.0	2.0	4.0	0.0
	5p	+	28	43579.0	24658.0	22486.0	38881.0	129604.0	85.0	96.0	90.0	69.0	26.0	29.0	16.0	40.0	22.0	39.0	16.0	47.00.0	0.0	0.0	0.0	17.0	0.0	0.0	0.0	0.0
	5p	+	29	44105.0	24393.0	22168.0	38927.0	129593.0	66.0	238.0	83.0	77.0	24.0	36.0	13.0	23.0	24.0	19.0	21.0	33.00.0	0.0	0.0	0.0	16.0	0.0	5.0	5.0	0.0
	5p	+	30	43751.0	24633.0	22097.0	39100.0	129581.0	93.0	810.0	74.0	72.0	26.0	26.0	19.0	23.0	28.0	30.0	23.0	43.00.0	0.0	0.0	0.0	13.0	0.0	3.0	2.0	0.0
	5p	+	31	41025.0	22978.0	20190.0	36375.0	120568.0	86.0	896.0	75.0	88.0	29.0	34.0	14.0	36.0	13.0	28.0	11.0	61.00.0	0.0	0.0	0.0	5.0	0.0	2.0	3.0	0.0
	5p	+	32	38048.0	21137.0	18729.0	33866.0	111780.0	65.0	834.0	83.0	54.0	14.0	28.0	16.0	24.0	15.0	23.0	16.0	33.00.0	0.0	0.0	0.0	6.0	0.0	2.0	2.0	0.0
	5p	+	33	35237.0	19489.0	16942.0	31458.0	103126.0	51.0	835.0	73.0	64.0	20.0	32.0	8.0	29.0	20.0	16.0	9.0	41.00.0	0.0	0.0	0.0	7.0	0.0	2.0	1.0	0.0
	5p	+	34	32054.0	17680.0	15631.0	29384.0	94749.0	55.0	827.0	72.0	48.0	22.0	37.0	12.0	30.0	15.0	19.0	14.0	30.00.0	0.0	0.0	0.0	6.0	0.0	1.0	3.0	0.0
	5p	+	35	29344.0	16378.0	14296.0	26614.0	86632.0	46.0	799.0	62.0	51.0	21.0	27.0	12.0	26.0	15.0	18.0	13.0	29.00.0	0.0	0.0	0.0	8.0	0.0	2.0	3.0	0.0
	5p	+	36	27059.0	14758.0	12867.0	24264.0	78948.0	58.0	762.0	54.0	44.0	17.0	14.0	12.0	21.0	19.0	21.0	13.0	26.00.0	0.0	0.0	0.0	7.0	0.0	6.0	2.0	0.0
	5p	+	37	24356.0	13194.0	11995.0	22199.0	71744.0	48.0	696.0	47.0	43.0	14.0	22.0	7.0	17.0	16.0	19.0	15.0	33.00.0	0.0	0.0	0.0	3.0	0.0	0.0	1.0	0.0
	5p	+	38	22165.0	12196.0	10622.0	19997.0	64980.0	32.0	650.0	49.0	33.0	10.0	15.0	7.0	23.0	13.0	17.0	7.0	13.00.0	0.0	0.0	0.0	5.0	0.0	0.0	3.0	0.0
	5p	+	39	19796.0	10905.0	9650.0	18359.0	58710.0	53.0	624.0	46.0	37.0	13.0	18.0	8.0	13.0	10.0	17.0	7.0	16.00.0	0.0	0.0	0.0	4.0	0.0	0.0	1.0	0.0
	5p	+	40	17961.0	9813.0	8786.0	16341.0	52901.0	41.0	543.0	46.0	26.0	9.0	8.0	5.0	14.0	10.0	23.0	4.0	24.00.0	0.0	0.0	0.0	2.0	0.0	2.0	0.0	0.0
	5p	+	41	16022.0	8879.0	7813.0	14866.0	47580.0	29.0	514.0	41.0	30.0	8.0	23.0	10.0	14.0	7.0	11.0	12.0	22.00.0	0.0	0.0	0.0	1.0	0.0	3.0	0.0	0.0
	5p	+	42	14380.0	8006.0	6929.0	13299.0	42614.0	24.0	517.0	35.0	27.0	17.0	15.0	4.0	10.0	10.0	10.0	6.0	12.00.0	0.0	0.0	0.0	2.0	0.0	0.0	3.0	0.0
	5p	+	43	12640.0	7107.0	6227.0	12122.0	38096.0	15.0	433.0	28.0	13.0	3.0	9.0	10.0	12.0	6.0	10.0	6.0	15.00.0	0.0	0.0	0.0	1.0	0.0	2.0	0.0	0.0
	5p	+	44	11474.0	6291.0	5402.0	10720.0	33887.0	20.0	438.0	19.0	17.0	8.0	8.0	7.0	15.0	6.0	11.0	3.0	11.00.0	0.0	0.0	0.0	1.0	0.0	1.0	0.0	0.0
	5p	+	45	10146.0	5446.0	4930.0	9556.0	30078.0	30.0	359.0	25.0	12.0	9.0	9.0	8.0	13.0	6.0	12.0	6.0	8.00.0	0.0	0.0	0.0	2.0	0.0	0.0	0.0	0.0
	5p	+	46	9112.0	4899.0	4196.0	8404.0	26611.0	6.0	350.0	16.0	10.0	6.0	11.0	6.0	4.0	5.0	3.0	7.0	4.00.0	0.0	0.0	0.0	2.0	0.0	2.0	0.0	0.0
	5p	+	47	7877.0	4316.0	3900.0	7505.0	23598.0	15.0	301.0	20.0	13.0	6.0	6.0	2.0	6.0	1.0	4.0	3.0	8.00.0	0.0	0.0	0.0	0.0	0.0	0.0	0.0	0.0
	5p	+	48	7080.0	3815.0	3445.0	6523.0	20863.0	9.0	282.0	16.0	16.0	1.0	5.0	2.0	3.0	2.0	7.0	4.0	6.00.0	0.0	0.0	0.0	0.0	0.0	0.0	0.0	0.0
	5p	+	49	6139.0	3491.0	3018.0	5887.0	18535.0	10.0	258.0	15.0	7.0	2.0	4.0	4.0	5.0	5.0	5.0	7.0	6.00.0	0.0	0.0	0.0	1.0	0.0	0.0	0.0	0.0
	5p	+	50	5538.0	2996.0	2627.0	5185.0	16346.0	14.0	195.0	19.0	8.0	5.0	7.0	2.0	4.0	0.0	3.0	4.0	10.00.0	0.0	0.0	0.0	1.0	0.0	0.0	0.0	0.0
	5p	+	51	4827.0	2664.0	2391.0	4594.0	14476.0	8.0	195.0	13.0	4.0	3.0	4.0	2.0	7.0	1.0	6.0	3.0	5.00.0	0.0	0.0	0.0	0.0	0.0	0.0	0.0	0.0
	5p	+	52	4251.0	2392.0	2042.0	4037.0	12722.0	8.0	185.0	11.0	9.0	2.0	8.0	5.0	14.0	1.0	3.0	4.0	8.00.0	0.0	0.0	0.0	0.0	0.0	0.0	0.0	0.0
	5p	+	53	3839.0	2038.0	1741.0	3551.0	11169.0	3.0	147.0	13.0	8.0	6.0	12.0	3.0	5.0	4.0	5.0	0.0	9.00.0	0.0	0.0	0.0	1.0	0.0	0.0	0.0	0.0
	5p	+	54	3298.0	1792.0	1557.0	3127.0	9774.0	9.0	129.0	7.0	8.0	5.0	6.0	1.0	10.0	3.0	3.0	3.0	7.00.0	0.0	0.0	0.0	2.0	0.0	0.0	1.0	0.0
	5p	+	55	2910.0	1509.0	1366.0	2746.0	8531.0	7.0	109.0	8.0	4.0	4.0	4.0	3.0	7.0	1.0	3.0	2.0	8.00.0	0.0	0.0	0.0	1.0	0.0	0.0	0.0	0.0
	5p	+	56	2519.0	1360.0	1196.0	2414.0	7489.0	6.0	120.0	4.0	5.0	5.0	12.0	2.0	6.0	1.0	1.0	1.0	2.00.0	0.0	0.0	0.0	0.0	0.0	0.0	0.0	0.0
	5p	+	57	2189.0	1178.0	1047.0	2154.0	6568.0	3.0	92.0	8.0	8.0	0.0	5.0	0.0	2.0	1.0	4.0	2.0	0.00.0	0.0	0.0	0.0	0.0	0.0	1.0	0.0	0.0
	5p	+	58	1925.0	943.0	898.0	1922.0	5688.0	6.0	72.0	2.0	6.0	2.0	3.0	0.0	3.0	1.0	3.0	0.0	4.00.0	0.0	0.0	0.0	1.0	0.0	0.0	0.0	0.0
	5p	+	59	1616.0	933.0	828.0	1580.0	4957.0	3.0	72.0	2.0	0.0	3.0	3.0	1.0	1.0	2.0	1.0	1.0	4.00.0	0.0	0.0	0.0	0.0	0.0	0.0	0.0	0.0
	5p	+	60	1465.0	789.0	703.0	1375.0	4332.0	5.0	78.0	2.0	5.0	2.0	4.0	1.0	0.0	0.0	3.0	0.0	2.00.0	0.0	0.0	0.0	0.0	0.0	0.0	1.0	0.0
	5p	+	61	1246.0	682.0	600.0	1258.0	3786.0	3.0	52.0	2.0	2.0	0.0	6.0	2.0	1.0	1.0	3.0	0.0	0.00.0	0.0	0.0	0.0	0.0	0.0	0.0	0.0	0.0
	5p	+	62	1099.0	577.0	480.0	1135.0	3291.0	6.0	43.0	4.0	1.0	2.0	2.0	2.0	0.0	1.0	1.0	0.0	3.00.0	0.0	0.0	0.0	0.0	0.0	0.0	0.0	0.0
	5p	+	63	982.0	513.0	466.0	886.0	2847.0	1.0	28.0	2.0	0.0	2.0	3.0	0.0	0.0	1.0	2.0	1.0	1.00.0	0.0	0.0	0.0	0.0	0.0	0.0	0.0	0.0
	5p	+	64	867.0	473.0	374.0	774.0	2488.0	3.0	45.0	4.0	2.0	5.0	2.0	1.0	0.0	1.0	1.0	1.0	3.00.0	0.0	0.0	0.0	1.0	0.0	0.0	0.0	0.0
	5p	+	65	732.0	390.0	321.0	705.0	2148.0	4.0	27.0	1.0	4.0	2.0	4.0	0.0	1.0	1.0	0.0	0.0	0.00.0	0.0	0.0	0.0	0.0	0.0	0.0	0.0	0.0
	5p	+	66	607.0	304.0	323.0	613.0	1847.0	5.0	35.0	2.0	1.0	0.0	1.0	0.0	3.0	0.0	0.0	0.0	1.00.0	0.0	0.0	0.0	0.0	0.0	0.0	0.0	0.0
	5p	+	67	532.0	281.0	248.0	546.0	1607.0	1.0	27.0	1.0	3.0	0.0	3.0	1.0	1.0	0.0	1.0	0.0	0.00.0	0.0	0.0	0.0	0.0	0.0	0.0	0.0	0.0
	5p	+	68	449.0	259.0	227.0	465.0	1400.0	3.0	16.0	4.0	2.0	0.0	1.0	1.0	2.0	0.0	0.0	1.0	0.00.0	0.0	0.0	0.0	1.0	0.0	0.0	0.0	0.0
	5p	+	69	402.0	230.0	174.0	389.0	1195.0	0.0	29.0	1.0	0.0	0.0	1.0	1.0	1.0	0.0	1.0	0.0	0.00.0	0.0	0.0	0.0	0.0	0.0	0.0	0.0	0.0
	5p	+	70	377.0	179.0	147.0	333.0	1036.0	0.0	12.0	1.0	0.0	1.0	2.0	0.0	1.0	0.0	0.0	0.0	1.00.0	0.0	0.0	0.0	0.0	0.0	0.0	0.0	0.0
	5p	+	71	326.0	169.0	133.0	285.0	913.0	0.0	16.0	3.0	1.0	0.0	1.0	1.0	1.0	0.0	0.0	0.0	1.00.0	0.0	0.0	0.0	0.0	0.0	0.0	0.0	0.0
	5p	+	72	273.0	150.0	140.0	223.0	786.0	1.0	15.0	3.0	1.0	0.0	0.0	0.0	0.0	0.0	1.0	0.0	0.00.0	0.0	0.0	0.0	0.0	0.0	0.0	0.0	0.0
	5p	+	73	238.0	111.0	119.0	211.0	679.0	1.0	5.0	0.0	0.0	0.0	0.0	0.0	0.0	0.0	1.0	0.0	0.00.0	0.0	0.0	0.0	0.0	0.0	0.0	0.0	0.0
	5p	+	74	197.0	125.0	86.0	183.0	591.0	0.0	12.0	0.0	2.0	0.0	1.0	0.0	0.0	1.0	1.0	0.0	0.00.0	0.0	0.0	0.0	0.0	0.0	0.0	0.0	0.0
	5p	+	75	175.0	82.0	75.0	167.0	499.0	0.0	10.0	0.0	0.0	0.0	0.0	0.0	0.0	1.0	0.0	0.0	1.00.0	0.0	0.0	0.0	0.0	0.0	0.0	0.0	0.0
	5p	+	76	155.0	66.0	77.0	138.0	436.0	0.0	4.0	1.0	0.0	0.0	0.0	0.0	0.0	0.0	0.0	0.0	0.00.0	0.0	0.0	0.0	0.0	0.0	0.0	0.0	0.0
	5p	+	77	132.0	69.0	61.0	114.0	376.0	2.0	11.0	0.0	0.0	1.0	0.0	0.0	0.0	0.0	0.0	0.0	0.00.0	0.0	0.0	0.0	0.0	0.0	0.0	0.0	0.0
	5p	+	78	124.0	49.0	50.0	95.0	318.0	0.0	3.0	0.0	1.0	0.0	2.0	0.0	0.0	0.0	0.0	0.0	0.00.0	0.0	0.0	0.0	0.0	0.0	0.0	0.0	0.0
	5p	+	79	99.0	51.0	45.0	76.0	271.0	0.0	6.0	0.0	0.0	1.0	0.0	0.0	0.0	0.0	0.0	0.0	0.00.0	0.0	0.0	0.0	0.0	0.0	0.0	0.0	0.0
	5p	+	80	76.0	37.0	33.0	92.0	238.0	0.0	4.0	0.0	0.0	0.0	0.0	0.0	0.0	0.0	0.0	0.0	0.00.0	0.0	0.0	0.0	0.0	0.0	0.0	0.0	0.0
	5p	+	81	77.0	29.0	32.0	69.0	207.0	0.0	5.0	0.0	1.0	0.0	0.0	0.0	0.0	0.0	0.0	0.0	0.00.0	0.0	0.0	0.0	0.0	0.0	0.0	0.0	0.0
	5p	+	82	54.0	30.0	32.0	58.0	174.0	0.0	3.0	0.0	0.0	0.0	0.0	0.0	0.0	1.0	0.0	0.0	0.00.0	0.0	0.0	0.0	0.0	0.0	0.0	0.0	0.0
	5p	+	83	53.0	32.0	27.0	44.0	156.0	0.0	3.0	0.0	0.0	0.0	0.0	0.0	0.0	0.0	0.0	0.0	0.00.0	0.0	0.0	0.0	0.0	0.0	0.0	0.0	0.0
	5p	+	84	50.0	24.0	24.0	33.0	131.0	0.0	2.0	0.0	0.0	0.0	0.0	0.0	0.0	0.0	0.0	0.0	0.00.0	0.0	0.0	0.0	0.0	0.0	0.0	0.0	0.0
	5p	+	85	54.0	19.0	12.0	24.0	109.0	0.0	2.0	0.0	0.0	0.0	0.0	0.0	0.0	0.0	0.0	0.0	0.00.0	0.0	0.0	0.0	0.0	0.0	0.0	0.0	0.0
	5p	+	86	27.0	23.0	9.0	28.0	87.0	0.0	7.0	0.0	0.0	1.0	0.0	0.0	0.0	0.0	0.0	0.0	0.00.0	0.0	0.0	0.0	0.0	0.0	0.0	0.0	0.0
	5p	+	87	19.0	10.0	9.0	24.0	62.0	0.0	4.0	0.0	0.0	0.0	0.0	0.0	0.0	0.0	0.0	0.0	0.00.0	0.0	0.0	0.0	0.0	0.0	0.0	0.0	0.0
	5p	+	88	15.0	5.0	7.0	17.0	44.0	0.0	2.0	0.0	0.0	0.0	0.0	0.0	0.0	0.0	0.0	0.0	0.00.0	0.0	0.0	0.0	0.0	0.0	0.0	0.0	0.0
	5p	+	89	12.0	5.0	2.0	11.0	30.0	0.0	0.0	0.0	0.0	0.0	0.0	0.0	0.0	0.0	0.0	0.0	0.00.0	0.0	0.0	0.0	0.0	0.0	0.0	0.0	0.0
	5p	+	90	9.0	1.0	1.0	7.0	18.0	0.0	0.0	0.0	0.0	0.0	0.0	0.0	0.0	0.0	0.0	0.0	0.00.0	0.0	0.0	0.0	0.0	0.0	0.0	0.0	0.0
	5p	+	91	3.0	2.0	1.0	5.0	11.0	0.0	0.0	0.0	0.0	0.0	0.0	0.0	0.0	0.0	0.0	0.0	0.00.0	0.0	0.0	0.0	0.0	0.0	0.0	0.0	0.0
	5p	+	92	0.0	0.0	0.0	0.0	0.0	0.0	0.0	0.0	0.0	0.0	0.0	0.0	0.0	0.0	0.0	0.0	0.00.0	0.0	0.0	0.0	0.0	0.0	0.0	0.0	0.0
	5p	+	93	0.0	0.0	0.0	0.0	0.0	0.0	0.0	0.0	0.0	0.0	0.0	0.0	0.0	0.0	0.0	0.0	0.00.0	0.0	0.0	0.0	0.0	0.0	0.0	0.0	0.0
	5p	+	94	0.0	0.0	0.0	0.0	0.0	0.0	0.0	0.0	0.0	0.0	0.0	0.0	0.0	0.0	0.0	0.0	0.00.0	0.0	0.0	0.0	0.0	0.0	0.0	0.0	0.0
	5p	+	95	0.0	0.0	0.0	0.0	0.0	0.0	0.0	0.0	0.0	0.0	0.0	0.0	0.0	0.0	0.0	0.0	0.00.0	0.0	0.0	0.0	0.0	0.0	0.0	0.0	0.0
	5p	+	96	0.0	0.0	0.0	0.0	0.0	0.0	0.0	0.0	0.0	0.0	0.0	0.0	0.0	0.0	0.0	0.0	0.00.0	0.0	0.0	0.0	0.0	0.0	0.0	0.0	0.0
	5p	+	97	0.0	0.0	0.0	0.0	0.0	0.0	0.0	0.0	0.0	0.0	0.0	0.0	0.0	0.0	0.0	0.0	0.00.0	0.0	0.0	0.0	0.0	0.0	0.0	0.0	0.0
	5p	+	98	0.0	0.0	0.0	0.0	0.0	0.0	0.0	0.0	0.0	0.0	0.0	0.0	0.0	0.0	0.0	0.0	0.00.0	0.0	0.0	0.0	0.0	0.0	0.0	0.0	0.0
	5p	+	99	0.0	0.0	0.0	0.0	0.0	0.0	0.0	0.0	0.0	0.0	0.0	0.0	0.0	0.0	0.0	0.0	0.00.0	0.0	0.0	0.0	0.0	0.0	0.0	0.0	0.0
	5p	+	100	0.0	0.0	0.0	0.0	0.0	0.0	0.0	0.0	0.0	0.0	0.0	0.0	0.0	0.0	0.0	0.0	0.00.0	0.0	0.0	0.0	0.0	0.0	0.0	0.0	0.0
	5p	-	1	39156.0	21859.0	23417.0	44425.0	128857.0	106.0	2084.0	239.0	77.0	45.0	92.0	24.0	54.0	54.0	74.0	23.0	59.00.0	0.0	0.0	0.0	0.0	0.0	0.0	0.0	0.0
	5p	-	2	36082.0	21144.0	26337.0	45343.0	128906.0	77.0	366.0	147.0	85.0	22.0	41.0	33.0	41.0	23.0	39.0	22.0	51.00.0	0.0	0.0	0.0	0.0	0.0	0.0	0.0	0.0
	5p	-	3	38966.0	25103.0	23643.0	41249.0	128961.0	84.0	214.0	129.0	74.0	27.0	29.0	15.0	25.0	25.0	36.0	30.0	48.00.0	0.0	0.0	0.0	0.0	0.0	0.0	0.0	0.0
	5p	-	4	40034.0	24910.0	24892.0	39165.0	129001.0	66.0	153.0	86.0	90.0	11.0	33.0	19.0	40.0	28.0	35.0	28.0	45.00.0	0.0	0.0	0.0	1.0	0.0	1.0	0.0	0.0
	5p	-	5	39452.0	25102.0	24211.0	40235.0	129000.0	74.0	129.0	94.0	67.0	35.0	26.0	12.0	23.0	29.0	25.0	17.0	44.00.0	0.0	0.0	0.0	16.0	0.0	7.0	9.0	0.0
	5p	-	6	38399.0	25388.0	24179.0	41048.0	129014.0	69.0	106.0	92.0	57.0	22.0	26.0	20.0	19.0	24.0	16.0	23.0	44.00.0	0.0	0.0	0.0	13.0	0.0	4.0	7.0	0.0
	5p	-	7	40080.0	24862.0	24214.0	39875.0	129031.0	84.0	97.0	70.0	81.0	23.0	22.0	22.0	20.0	23.0	46.0	20.0	41.00.0	0.0	0.0	0.0	4.0	0.0	13.0	10.0	0.0
	5p	-	8	42037.0	24289.0	22968.0	39752.0	129046.0	54.0	95.0	77.0	89.0	28.0	28.0	17.0	21.0	21.0	16.0	14.0	43.00.0	0.0	0.0	0.0	6.0	0.0	12.0	4.0	0.0
	5p	-	9	41394.0	24431.0	22973.0	40255.0	129053.0	77.0	102.0	70.0	75.0	17.0	31.0	15.0	27.0	23.0	16.0	21.0	37.00.0	0.0	0.0	0.0	9.0	0.0	5.0	5.0	0.0
	5p	-	10	41167.0	24690.0	22941.0	40255.0	129053.0	68.0	81.0	69.0	78.0	18.0	30.0	12.0	35.0	26.0	25.0	16.0	37.00.0	0.0	0.0	0.0	7.0	0.0	5.0	7.0	0.0
	5p	-	11	40769.0	24824.0	22829.0	40625.0	129047.0	78.0	69.0	80.0	82.0	20.0	23.0	18.0	25.0	17.0	23.0	14.0	53.00.0	0.0	0.0	0.0	14.0	0.0	2.0	6.0	0.0
	5p	-	12	40696.0	25211.0	22629.0	40513.0	129049.0	59.0	84.0	79.0	60.0	20.0	21.0	21.0	23.0	19.0	26.0	18.0	37.00.0	0.0	0.0	0.0	10.0	0.0	8.0	3.0	0.0
	5p	-	13	40766.0	24936.0	22595.0	40762.0	129059.0	80.0	83.0	72.0	68.0	17.0	24.0	15.0	20.0	15.0	21.0	22.0	32.00.0	0.0	0.0	0.0	6.0	0.0	3.0	3.0	0.0
	5p	-	14	40350.0	24731.0	23020.0	40952.0	129053.0	67.0	91.0	66.0	71.0	22.0	23.0	17.0	21.0	20.0	21.0	21.0	35.00.0	0.0	0.0	0.0	13.0	0.0	2.0	5.0	0.0
	5p	-	15	40465.0	24990.0	22777.0	40818.0	129050.0	63.0	78.0	69.0	72.0	15.0	28.0	18.0	28.0	27.0	23.0	23.0	52.00.0	0.0	0.0	0.0	9.0	0.0	6.0	4.0	0.0
	5p	-	16	40590.0	24874.0	23089.0	40490.0	129043.0	63.0	72.0	59.0	78.0	23.0	17.0	22.0	26.0	21.0	23.0	24.0	37.00.0	0.0	0.0	0.0	14.0	0.0	5.0	4.0	0.0
	5p	-	17	40567.0	24804.0	22990.0	40678.0	129039.0	67.0	80.0	77.0	81.0	16.0	18.0	15.0	26.0	23.0	25.0	21.0	42.00.0	0.0	0.0	0.0	14.0	0.0	6.0	8.0	0.0
	5p	-	18	40402.0	25124.0	22993.0	40520.0	129039.0	76.0	84.0	77.0	77.0	18.0	22.0	15.0	29.0	20.0	24.0	18.0	38.00.0	0.0	0.0	0.0	13.0	0.0	6.0	6.0	0.0
	5p	-	19	40686.0	24819.0	22895.0	40636.0	129036.0	68.0	72.0	70.0	74.0	25.0	35.0	21.0	28.0	18.0	22.0	14.0	40.00.0	0.0	0.0	0.0	15.0	0.0	6.0	2.0	0.0
	5p	-	20	40607.0	25031.0	23090.0	40309.0	129037.0	66.0	85.0	72.0	75.0	21.0	23.0	24.0	32.0	20.0	20.0	25.0	41.00.0	0.0	0.0	0.0	14.0	0.0	9.0	5.0	0.0
	5p	-	21	40632.0	24960.0	22916.0	40535.0	129043.0	63.0	77.0	82.0	82.0	28.0	27.0	19.0	28.0	15.0	22.0	17.0	28.00.0	0.0	0.0	0.0	19.0	0.0	4.0	4.0	0.0
	5p	-	22	40883.0	24691.0	23030.0	40426.0	129030.0	62.0	70.0	81.0	74.0	24.0	14.0	11.0	21.0	22.0	24.0	18.0	49.00.0	0.0	0.0	0.0	22.0	0.0	11.0	6.0	0.0
	5p	-	23	40944.0	24491.0	23003.0	40603.0	129041.0	69.0	98.0	59.0	77.0	28.0	24.0	18.0	34.0	20.0	18.0	23.0	38.00.0	0.0	0.0	0.0	14.0	0.0	8.0	3.0	0.0
	5p	-	24	41112.0	24573.0	23019.0	40334.0	129038.0	58.0	83.0	72.0	76.0	26.0	29.0	20.0	28.0	16.0	21.0	9.0	37.00.0	0.0	0.0	0.0	15.0	0.0	7.0	5.0	0.0
	5p	-	25	41436.0	24453.0	22992.0	40158.0	129039.0	64.0	91.0	71.0	76.0	20.0	31.0	17.0	21.0	20.0	21.0	18.0	43.00.0	0.0	0.0	0.0	15.0	0.0	5.0	6.0	0.0
	5p	-	26	41744.0	24203.0	22791.0	40284.0	129022.0	74.0	85.0	85.0	85.0	20.0	31.0	14.0	40.0	18.0	28.0	17.0	40.00.0	0.0	0.0	0.0	12.0	0.0	12.0	6.0	0.0
	5p	-	27	42276.0	24277.0	22729.0	39752.0	129034.0	65.0	89.0	72.0	74.0	21.0	20.0	20.0	21.0	21.0	23.0	16.0	43.00.0	0.0	0.0	0.0	12.0	0.0	7.0	8.0	0.0
	5p	-	28	42347.0	24189.0	22648.0	39848.0	129032.0	71.0	76.0	45.0	72.0	22.0	30.0	21.0	25.0	34.0	31.0	23.0	56.00.0	0.0	0.0	0.0	20.0	0.0	5.0	4.0	0.0
	5p	-	29	42920.0	24319.0	22509.0	39272.0	129020.0	73.0	253.0	85.0	74.0	31.0	29.0	15.0	29.0	30.0	28.0	11.0	33.00.0	0.0	0.0	0.0	26.0	0.0	9.0	3.0	0.0
	5p	-	30	42946.0	24673.0	21888.0	39518.0	129025.0	78.0	917.0	91.0	77.0	27.0	26.0	15.0	33.0	14.0	24.0	18.0	50.00.0	0.0	0.0	0.0	18.0	0.0	2.0	1.0	0.0
	5p	-	31	39862.0	22727.0	20149.0	37129.0	119867.0	84.0	861.0	96.0	81.0	25.0	34.0	11.0	25.0	22.0	31.0	22.0	53.00.0	0.0	0.0	0.0	8.0	0.0	1.0	1.0	0.0
	5p	-	32	36964.0	20982.0	18612.0	34466.0	111024.0	82.0	831.0	75.0	66.0	15.0	17.0	14.0	36.0	23.0	23.0	18.0	37.00.0	0.0	0.0	0.0	14.0	0.0	1.0	6.0	0.0
	5p	-	33	34121.0	19191.0	17197.0	32032.0	102541.0	62.0	836.0	70.0	57.0	19.0	27.0	10.0	31.0	25.0	29.0	19.0	36.00.0	0.0	0.0	0.0	14.0	0.0	3.0	2.0	0.0
	5p	-	34	31203.0	17417.0	15737.0	29647.0	94004.0	66.0	816.0	54.0	55.0	11.0	37.0	12.0	25.0	13.0	25.0	16.0	29.00.0	0.0	0.0	0.0	14.0	0.0	0.0	1.0	0.0
	5p	-	35	28487.0	16249.0	14470.0	26858.0	86064.0	59.0	810.0	69.0	43.0	12.0	26.0	9.0	17.0	12.0	25.0	14.0	37.00.0	0.0	0.0	0.0	7.0	0.0	4.0	0.0	0.0
	5p	-	36	26067.0	14618.0	13075.0	24680.0	78440.0	51.0	683.0	71.0	44.0	13.0	20.0	8.0	27.0	11.0	18.0	14.0	22.00.0	0.0	0.0	0.0	10.0	0.0	5.0	2.0	0.0
	5p	-	37	23881.0	13048.0	11766.0	22656.0	71351.0	55.0	718.0	55.0	36.0	16.0	21.0	5.0	14.0	17.0	9.0	6.0	19.00.0	0.0	0.0	0.0	8.0	0.0	0.0	2.0	0.0
	5p	-	38	21434.0	11747.0	10855.0	20517.0	64553.0	33.0	606.0	41.0	38.0	17.0	14.0	9.0	11.0	10.0	17.0	10.0	21.00.0	0.0	0.0	0.0	3.0	0.0	2.0	4.0	0.0
	5p	-	39	19281.0	10881.0	9721.0	18367.0	58250.0	36.0	612.0	47.0	31.0	10.0	15.0	8.0	12.0	7.0	15.0	10.0	9.00.0	0.0	0.0	0.0	5.0	0.0	1.0	3.0	0.0
	5p	-	40	17161.0	9732.0	8713.0	16948.0	52554.0	37.0	570.0	40.0	32.0	14.0	12.0	5.0	17.0	7.0	13.0	4.0	22.00.0	0.0	0.0	0.0	5.0	0.0	2.0	1.0	0.0
	5p	-	41	15556.0	8785.0	7736.0	15196.0	47273.0	27.0	530.0	35.0	26.0	12.0	17.0	6.0	18.0	12.0	18.0	8.0	29.00.0	0.0	0.0	0.0	4.0	0.0	1.0	0.0	0.0
	5p	-	42	14082.0	7676.0	6915.0	13653.0	42326.0	33.0	504.0	36.0	25.0	8.0	15.0	5.0	12.0	6.0	10.0	3.0	11.00.0	0.0	0.0	0.0	3.0	0.0	1.0	1.0	0.0
	5p	-	43	12313.0	6988.0	6159.0	12260.0	37720.0	21.0	440.0	40.0	25.0	6.0	10.0	10.0	9.0	9.0	12.0	3.0	13.00.0	0.0	0.0	0.0	3.0	0.0	0.0	1.0	0.0
	5p	-	44	11121.0	6173.0	5466.0	10900.0	33660.0	22.0	439.0	26.0	26.0	8.0	11.0	2.0	7.0	9.0	11.0	8.0	10.00.0	0.0	0.0	0.0	4.0	0.0	0.0	1.0	0.0
	5p	-	45	9900.0	5454.0	4789.0	9888.0	30031.0	17.0	366.0	21.0	23.0	3.0	6.0	3.0	9.0	6.0	9.0	3.0	7.00.0	0.0	0.0	0.0	3.0	0.0	2.0	2.0	0.0
	5p	-	46	8702.0	4980.0	4240.0	8760.0	26682.0	23.0	356.0	20.0	15.0	4.0	4.0	3.0	3.0	5.0	4.0	3.0	8.00.0	0.0	0.0	0.0	4.0	0.0	1.0	1.0	0.0
	5p	-	47	7835.0	4252.0	3817.0	7787.0	23691.0	13.0	294.0	26.0	11.0	5.0	7.0	4.0	7.0	4.0	9.0	4.0	10.00.0	0.0	0.0	0.0	2.0	0.0	0.0	1.0	0.0
	5p	-	48	6964.0	3772.0	3367.0	6800.0	20903.0	10.0	279.0	19.0	13.0	3.0	4.0	5.0	4.0	2.0	4.0	3.0	15.00.0	0.0	0.0	0.0	2.0	0.0	2.0	0.0	0.0
	5p	-	49	6080.0	3343.0	3010.0	6030.0	18463.0	17.0	259.0	4.0	11.0	5.0	5.0	1.0	3.0	3.0	2.0	4.0	7.00.0	0.0	0.0	0.0	2.0	0.0	0.0	0.0	0.0
	5p	-	50	5311.0	2858.0	2698.0	5373.0	16240.0	9.0	197.0	9.0	9.0	2.0	8.0	1.0	1.0	4.0	5.0	4.0	12.00.0	0.0	0.0	0.0	3.0	0.0	2.0	0.0	0.0
	5p	-	51	4797.0	2614.0	2289.0	4628.0	14328.0	14.0	179.0	11.0	13.0	1.0	9.0	1.0	4.0	3.0	7.0	4.0	5.00.0	0.0	0.0	0.0	2.0	0.0	0.0	0.0	0.0
	5p	-	52	4108.0	2277.0	2074.0	4143.0	12602.0	9.0	162.0	12.0	8.0	6.0	14.0	5.0	5.0	5.0	5.0	4.0	5.00.0	0.0	0.0	0.0	3.0	0.0	0.0	0.0	0.0
	5p	-	53	3607.0	1978.0	1813.0	3695.0	11093.0	8.0	176.0	8.0	7.0	6.0	8.0	3.0	5.0	0.0	1.0	2.0	5.00.0	0.0	0.0	0.0	0.0	0.0	0.0	1.0	0.0
	5p	-	54	3148.0	1780.0	1556.0	3252.0	9736.0	7.0	146.0	5.0	2.0	5.0	8.0	2.0	1.0	0.0	2.0	4.0	6.00.0	0.0	0.0	0.0	0.0	0.0	0.0	0.0	0.0
	5p	-	55	2767.0	1574.0	1308.0	2852.0	8501.0	4.0	128.0	7.0	8.0	2.0	10.0	1.0	3.0	4.0	0.0	1.0	5.00.0	0.0	0.0	0.0	2.0	0.0	1.0	0.0	0.0
	5p	-	56	2438.0	1297.0	1234.0	2478.0	7447.0	7.0	102.0	5.0	5.0	4.0	3.0	1.0	5.0	2.0	4.0	1.0	7.00.0	0.0	0.0	0.0	0.0	0.0	1.0	0.0	0.0
	5p	-	57	2158.0	1134.0	1040.0	2197.0	6529.0	7.0	86.0	0.0	1.0	3.0	0.0	0.0	3.0	0.0	1.0	1.0	2.00.0	0.0	0.0	0.0	0.0	0.0	0.0	0.0	0.0
	5p	-	58	1863.0	1008.0	938.0	1932.0	5741.0	6.0	86.0	1.0	7.0	4.0	5.0	1.0	1.0	7.0	2.0	1.0	1.00.0	0.0	0.0	0.0	0.0	0.0	1.0	0.0	0.0
	5p	-	59	1609.0	887.0	806.0	1685.0	4987.0	3.0	72.0	3.0	4.0	3.0	3.0	1.0	2.0	2.0	3.0	0.0	3.00.0	0.0	0.0	0.0	0.0	0.0	1.0	0.0	0.0
	5p	-	60	1432.0	822.0	679.0	1447.0	4380.0	6.0	69.0	2.0	4.0	1.0	2.0	1.0	1.0	0.0	2.0	2.0	2.00.0	0.0	0.0	0.0	0.0	0.0	0.0	0.0	0.0
	5p	-	61	1255.0	646.0	600.0	1316.0	3817.0	3.0	49.0	2.0	5.0	2.0	2.0	0.0	6.0	0.0	2.0	2.0	1.00.0	0.0	0.0	0.0	1.0	0.0	0.0	0.0	0.0
	5p	-	62	1034.0	595.0	539.0	1157.0	3325.0	3.0	58.0	1.0	5.0	1.0	6.0	0.0	1.0	1.0	1.0	2.0	0.00.0	0.0	0.0	0.0	0.0	0.0	0.0	0.0	0.0
	5p	-	63	920.0	563.0	473.0	940.0	2896.0	0.0	31.0	3.0	2.0	1.0	4.0	0.0	0.0	1.0	3.0	1.0	1.00.0	0.0	0.0	0.0	0.0	0.0	0.0	0.0	0.0
	5p	-	64	851.0	448.0	415.0	824.0	2538.0	1.0	43.0	1.0	0.0	1.0	1.0	0.0	1.0	0.0	0.0	2.0	3.00.0	0.0	0.0	0.0	0.0	0.0	0.0	0.0	0.0
	5p	-	65	696.0	361.0	355.0	785.0	2197.0	2.0	28.0	2.0	1.0	1.0	2.0	0.0	2.0	1.0	3.0	1.0	2.00.0	0.0	0.0	0.0	0.0	0.0	0.0	0.0	0.0
	5p	-	66	640.0	363.0	284.0	617.0	1904.0	0.0	29.0	2.0	1.0	3.0	2.0	2.0	0.0	1.0	0.0	0.0	0.00.0	0.0	0.0	0.0	0.0	0.0	1.0	0.0	0.0
	5p	-	67	524.0	317.0	261.0	545.0	1647.0	2.0	29.0	2.0	0.0	0.0	3.0	1.0	0.0	0.0	1.0	0.0	3.00.0	0.0	0.0	0.0	0.0	0.0	0.0	0.0	0.0
	5p	-	68	482.0	240.0	215.0	460.0	1397.0	1.0	22.0	2.0	1.0	2.0	0.0	1.0	1.0	2.0	1.0	1.0	0.00.0	0.0	0.0	0.0	0.0	0.0	0.0	0.0	0.0
	5p	-	69	396.0	229.0	180.0	406.0	1211.0	1.0	18.0	1.0	1.0	0.0	0.0	0.0	0.0	0.0	1.0	1.0	1.00.0	0.0	0.0	0.0	0.0	0.0	0.0	0.0	0.0
	5p	-	70	340.0	188.0	156.0	351.0	1035.0	1.0	14.0	0.0	0.0	1.0	1.0	0.0	0.0	0.0	2.0	0.0	1.00.0	0.0	0.0	0.0	0.0	0.0	0.0	0.0	0.0
	5p	-	71	319.0	174.0	128.0	270.0	891.0	1.0	16.0	1.0	0.0	1.0	0.0	0.0	0.0	0.0	2.0	0.0	0.00.0	0.0	0.0	0.0	0.0	0.0	0.0	0.0	0.0
	5p	-	72	260.0	129.0	119.0	263.0	771.0	0.0	16.0	2.0	0.0	0.0	0.0	0.0	0.0	1.0	0.0	0.0	1.00.0	0.0	0.0	0.0	0.0	0.0	0.0	0.0	0.0
	5p	-	73	225.0	107.0	99.0	236.0	667.0	2.0	5.0	0.0	0.0	0.0	1.0	0.0	0.0	0.0	1.0	0.0	1.00.0	0.0	0.0	0.0	0.0	0.0	0.0	0.0	0.0
	5p	-	74	175.0	108.0	88.0	202.0	573.0	0.0	9.0	1.0	0.0	0.0	0.0	0.0	0.0	0.0	0.0	0.0	0.00.0	0.0	0.0	0.0	0.0	0.0	0.0	0.0	0.0
	5p	-	75	176.0	86.0	73.0	162.0	497.0	0.0	6.0	1.0	0.0	0.0	0.0	0.0	0.0	0.0	0.0	0.0	0.00.0	0.0	0.0	0.0	0.0	0.0	0.0	0.0	0.0
	5p	-	76	137.0	66.0	77.0	155.0	435.0	1.0	4.0	0.0	0.0	0.0	0.0	0.0	0.0	0.0	1.0	0.0	0.00.0	0.0	0.0	0.0	0.0	0.0	0.0	0.0	0.0
	5p	-	77	114.0	82.0	67.0	121.0	384.0	0.0	9.0	0.0	0.0	0.0	0.0	0.0	0.0	0.0	2.0	0.0	0.00.0	0.0	0.0	0.0	1.0	0.0	0.0	0.0	0.0
	5p	-	78	107.0	56.0	53.0	110.0	326.0	1.0	5.0	0.0	0.0	0.0	0.0	0.0	0.0	0.0	0.0	0.0	0.00.0	0.0	0.0	0.0	1.0	0.0	0.0	0.0	0.0
	5p	-	79	98.0	54.0	44.0	83.0	279.0	1.0	3.0	0.0	0.0	0.0	0.0	0.0	0.0	0.0	0.0	0.0	0.00.0	0.0	0.0	0.0	0.0	0.0	0.0	0.0	0.0
	5p	-	80	89.0	44.0	44.0	68.0	245.0	0.0	3.0	1.0	0.0	0.0	0.0	0.0	0.0	0.0	0.0	0.0	0.00.0	0.0	0.0	0.0	0.0	0.0	0.0	0.0	0.0
	5p	-	81	73.0	30.0	38.0	67.0	208.0	0.0	5.0	0.0	0.0	0.0	0.0	0.0	0.0	0.0	0.0	0.0	0.00.0	0.0	0.0	0.0	0.0	0.0	0.0	0.0	0.0
	5p	-	82	60.0	28.0	28.0	54.0	170.0	0.0	1.0	0.0	0.0	0.0	1.0	0.0	0.0	0.0	0.0	0.0	0.00.0	0.0	0.0	0.0	0.0	0.0	0.0	0.0	0.0
	5p	-	83	56.0	30.0	25.0	38.0	149.0	0.0	2.0	0.0	0.0	1.0	0.0	0.0	0.0	0.0	0.0	0.0	0.00.0	0.0	0.0	0.0	0.0	0.0	0.0	0.0	0.0
	5p	-	84	49.0	19.0	20.0	28.0	116.0	0.0	2.0	1.0	0.0	0.0	0.0	0.0	0.0	0.0	0.0	0.0	0.00.0	0.0	0.0	0.0	0.0	0.0	0.0	0.0	0.0
	5p	-	85	30.0	25.0	12.0	31.0	98.0	0.0	3.0	0.0	0.0	0.0	0.0	0.0	0.0	0.0	0.0	0.0	0.00.0	0.0	0.0	0.0	0.0	0.0	0.0	0.0	0.0
	5p	-	86	28.0	21.0	8.0	23.0	80.0	0.0	5.0	0.0	0.0	0.0	0.0	0.0	1.0	0.0	0.0	0.0	0.00.0	0.0	0.0	0.0	0.0	0.0	0.0	0.0	0.0
	5p	-	87	25.0	11.0	9.0	20.0	65.0	0.0	4.0	0.0	0.0	0.0	0.0	0.0	0.0	0.0	0.0	0.0	0.00.0	0.0	0.0	0.0	0.0	0.0	0.0	0.0	0.0
	5p	-	88	15.0	10.0	6.0	17.0	48.0	0.0	0.0	0.0	0.0	0.0	0.0	0.0	0.0	0.0	0.0	0.0	0.00.0	0.0	0.0	0.0	0.0	0.0	0.0	0.0	0.0
	5p	-	89	12.0	3.0	5.0	12.0	32.0	0.0	1.0	0.0	0.0	0.0	0.0	0.0	0.0	0.0	0.0	0.0	0.00.0	0.0	0.0	0.0	0.0	0.0	0.0	0.0	0.0
	5p	-	90	4.0	2.0	4.0	6.0	16.0	0.0	0.0	0.0	0.0	0.0	0.0	0.0	0.0	0.0	0.0	0.0	0.00.0	0.0	0.0	0.0	0.0	0.0	0.0	0.0	0.0
	5p	-	91	3.0	3.0	1.0	2.0	9.0	0.0	0.0	0.0	0.0	0.0	0.0	0.0	0.0	0.0	0.0	0.0	0.00.0	0.0	0.0	0.0	0.0	0.0	0.0	0.0	0.0
	5p	-	92	0.0	0.0	0.0	0.0	0.0	0.0	0.0	0.0	0.0	0.0	0.0	0.0	0.0	0.0	0.0	0.0	0.00.0	0.0	0.0	0.0	0.0	0.0	0.0	0.0	0.0
	5p	-	93	0.0	0.0	0.0	0.0	0.0	0.0	0.0	0.0	0.0	0.0	0.0	0.0	0.0	0.0	0.0	0.0	0.00.0	0.0	0.0	0.0	0.0	0.0	0.0	0.0	0.0
	5p	-	94	0.0	0.0	0.0	0.0	0.0	0.0	0.0	0.0	0.0	0.0	0.0	0.0	0.0	0.0	0.0	0.0	0.00.0	0.0	0.0	0.0	0.0	0.0	0.0	0.0	0.0
	5p	-	95	0.0	0.0	0.0	0.0	0.0	0.0	0.0	0.0	0.0	0.0	0.0	0.0	0.0	0.0	0.0	0.0	0.00.0	0.0	0.0	0.0	0.0	0.0	0.0	0.0	0.0
	5p	-	96	0.0	0.0	0.0	0.0	0.0	0.0	0.0	0.0	0.0	0.0	0.0	0.0	0.0	0.0	0.0	0.0	0.00.0	0.0	0.0	0.0	0.0	0.0	0.0	0.0	0.0
	5p	-	97	0.0	0.0	0.0	0.0	0.0	0.0	0.0	0.0	0.0	0.0	0.0	0.0	0.0	0.0	0.0	0.0	0.00.0	0.0	0.0	0.0	0.0	0.0	0.0	0.0	0.0
	5p	-	98	0.0	0.0	0.0	0.0	0.0	0.0	0.0	0.0	0.0	0.0	0.0	0.0	0.0	0.0	0.0	0.0	0.00.0	0.0	0.0	0.0	0.0	0.0	0.0	0.0	0.0
	5p	-	99	0.0	0.0	0.0	0.0	0.0	0.0	0.0	0.0	0.0	0.0	0.0	0.0	0.0	0.0	0.0	0.0	0.00.0	0.0	0.0	0.0	0.0	0.0	0.0	0.0	0.0
	5p	-	100	0.0	0.0	0.0	0.0	0.0	0.0	0.0	0.0	0.0	0.0	0.0	0.0	0.0	0.0	0.0	0.0	0.00.0	0.0	0.0	0.0	0.0	0.0	0.0	0.0	0.0
