# table produced by DamageProfiler
# using mapped file ScA030.BuffaloCape_Human_nc.Target.rmdup.noMicro.bam
# Sample ID: ScA030.BuffaloCape_Human_nc.Target.rmdup.noMicro.bam
Pos	C>T	G>A	A>C	A>G	A>T	C>A	C>G	G>C	G>T	T>A	T>C	T>G	->ACGT	ACGT>-
24	0.004922	0.003600	0.000793	0.002356	0.000850	0.001284	0.000838	0.000798	0.004806	0.000479	0.002116	0.000795	0.000310	0.000000
23	0.004105	0.003748	0.000678	0.002079	0.000881	0.001542	0.000950	0.001231	0.005109	0.000687	0.002469	0.000629	0.000282	0.000000
22	0.005179	0.003811	0.000691	0.002312	0.000884	0.001434	0.000842	0.000971	0.005156	0.000731	0.002506	0.000812	0.000342	0.000000
21	0.004598	0.003291	0.000887	0.002695	0.000716	0.001336	0.000731	0.000997	0.004909	0.000566	0.002114	0.000635	0.000317	0.000000
20	0.004568	0.003444	0.000838	0.002214	0.000700	0.001209	0.000853	0.000824	0.004586	0.000552	0.002300	0.000587	0.000292	0.000000
19	0.003868	0.003444	0.000868	0.001851	0.000914	0.001230	0.000820	0.001104	0.005296	0.000830	0.002225	0.000634	0.000261	0.000000
18	0.004018	0.003472	0.000821	0.002428	0.000980	0.001280	0.000711	0.000896	0.004555	0.000557	0.001983	0.000905	0.000349	0.000000
17	0.004270	0.003102	0.000673	0.001835	0.000935	0.001108	0.000715	0.000984	0.004773	0.000568	0.002354	0.000684	0.000310	0.000000
16	0.004346	0.003746	0.000919	0.002054	0.000987	0.001478	0.000837	0.000764	0.005647	0.000792	0.002341	0.000815	0.000289	0.000000
15	0.004415	0.003536	0.000758	0.002275	0.001143	0.001489	0.000709	0.001010	0.005013	0.000537	0.002115	0.000806	0.000307	0.000000
14	0.004587	0.004153	0.000865	0.002044	0.000876	0.001885	0.000729	0.000917	0.005219	0.000635	0.002304	0.000682	0.000296	0.000000
13	0.004081	0.003444	0.000927	0.002088	0.000882	0.001325	0.000859	0.000753	0.005024	0.000669	0.002253	0.000645	0.000335	0.000000
12	0.004520	0.004038	0.000788	0.002014	0.000844	0.001686	0.000843	0.000962	0.005020	0.000719	0.002158	0.000719	0.000257	0.000000
11	0.004436	0.003655	0.000780	0.001898	0.001073	0.001437	0.000682	0.000821	0.004942	0.000698	0.001977	0.000663	0.000268	0.000000
10	0.004861	0.004031	0.000667	0.002160	0.001052	0.001471	0.000861	0.000975	0.005138	0.000591	0.002376	0.000649	0.000261	0.000000
9	0.004046	0.003621	0.000785	0.002097	0.000886	0.001535	0.000939	0.001069	0.005422	0.000930	0.002117	0.000605	0.000254	0.000000
8	0.004435	0.003477	0.000767	0.002212	0.000956	0.001624	0.000931	0.000991	0.005047	0.000725	0.002092	0.000806	0.000240	0.000000
7	0.004553	0.004475	0.000880	0.002281	0.000847	0.001561	0.000836	0.000925	0.005270	0.000644	0.002038	0.000691	0.000243	0.000000
6	0.005192	0.003892	0.000830	0.002036	0.001196	0.001543	0.000799	0.000737	0.004875	0.000578	0.002301	0.000964	0.000201	0.000000
5	0.004782	0.004130	0.000923	0.002115	0.001472	0.002076	0.001075	0.001118	0.006081	0.000831	0.002343	0.000917	0.000155	0.000000
4	0.004787	0.004621	0.000980	0.001918	0.001220	0.001681	0.000895	0.000924	0.006056	0.000911	0.002453	0.000826	0.000077	0.000000
3	0.005483	0.004819	0.001074	0.002053	0.001611	0.002492	0.000928	0.001351	0.005766	0.001392	0.002932	0.001010	0.000042	0.000000
2	0.006209	0.005994	0.001297	0.002406	0.001618	0.003701	0.000982	0.001896	0.005729	0.002198	0.002934	0.001608	0.000025	0.000000
1	0.045699	0.008130	0.001399	0.001952	0.001671	0.002718	0.000809	0.002453	0.004678	0.002170	0.003408	0.001158	0.000004	0.000000
0	0.185205	0.010076	0.000902	0.001778	0.002539	0.005915	0.001012	0.001354	0.006013	0.001978	0.002374	0.000961	0.000000	0.000000
