# table produced by DamageProfiler
# using mapped file RxA007_BEST_012.ReedbuckBh_Human_nc.Target.rmdup.noMicro.bam
# Sample ID: RxA007_BEST_012.ReedbuckBh_Human_nc.Target.rmdup.noMicro.bam
Pos	C>T	G>A	A>C	A>G	A>T	C>A	C>G	G>C	G>T	T>A	T>C	T>G	->ACGT	ACGT>-
0	0.029056	0.023494	0.006303	0.011827	0.004108	0.004549	0.002919	0.007192	0.004219	0.005902	0.021763	0.004795	0.000000	0.000000
1	0.029850	0.010821	0.009732	0.028726	0.006800	0.003155	0.004530	0.005194	0.005266	0.002017	0.014512	0.005076	0.000020	0.000000
2	0.018942	0.015244	0.005287	0.021878	0.003464	0.003701	0.004572	0.004764	0.004446	0.002583	0.015031	0.005715	0.000040	0.000000
3	0.020071	0.023839	0.004952	0.011198	0.003809	0.003826	0.002166	0.006907	0.007575	0.002684	0.012643	0.002967	0.000140	0.000000
4	0.022661	0.016844	0.003486	0.012733	0.003032	0.005000	0.004113	0.005122	0.007092	0.002508	0.012542	0.003344	0.000279	0.000000
5	0.021873	0.012807	0.004727	0.016137	0.002771	0.003845	0.004187	0.003909	0.003992	0.002270	0.012058	0.003405	0.000319	0.000000
6	0.019092	0.015812	0.004001	0.013694	0.002770	0.004816	0.004472	0.003679	0.003366	0.001812	0.013790	0.003861	0.000339	0.000000
7	0.017272	0.013321	0.005166	0.014692	0.003229	0.003758	0.004318	0.004086	0.004086	0.001928	0.014114	0.003933	0.000299	0.000000
8	0.018318	0.014808	0.004552	0.013738	0.002814	0.004315	0.004315	0.004336	0.003109	0.001702	0.013101	0.005033	0.000299	0.000000
9	0.019427	0.014299	0.004641	0.014725	0.003041	0.003648	0.004496	0.003369	0.003287	0.002199	0.014731	0.005203	0.000160	0.000000
10	0.016683	0.013958	0.004217	0.016949	0.002894	0.002235	0.003432	0.003785	0.003233	0.001878	0.014241	0.003521	0.000339	0.000000
11	0.015747	0.013501	0.004053	0.016212	0.002481	0.004317	0.004476	0.003925	0.004474	0.002353	0.015297	0.004001	0.000419	0.000000
12	0.017000	0.012546	0.002766	0.016351	0.002278	0.003303	0.003867	0.003551	0.003393	0.002045	0.015262	0.003934	0.000339	0.000000
13	0.017065	0.013800	0.005037	0.015772	0.002477	0.002978	0.003300	0.004652	0.003799	0.002610	0.014474	0.004429	0.000499	0.000000
14	0.015241	0.013074	0.003984	0.018540	0.001708	0.003931	0.004492	0.003658	0.003813	0.002006	0.016446	0.003450	0.000499	0.000000
15	0.013816	0.013350	0.004386	0.016975	0.002112	0.004472	0.004073	0.003848	0.003141	0.002237	0.014543	0.004555	0.000499	0.000000
16	0.015347	0.013457	0.004363	0.017290	0.002262	0.004604	0.003877	0.003578	0.002411	0.001684	0.015638	0.003929	0.000519	0.000000
17	0.015030	0.013153	0.004591	0.015988	0.001476	0.003164	0.004272	0.003736	0.004280	0.002423	0.015991	0.003715	0.000719	0.000000
18	0.015812	0.015587	0.004295	0.015611	0.002313	0.004190	0.003716	0.002482	0.002792	0.002093	0.014649	0.004266	0.000439	0.000000
19	0.013872	0.014201	0.003806	0.017331	0.002430	0.003667	0.004704	0.002809	0.003823	0.002103	0.013991	0.004044	0.000439	0.000000
20	0.013153	0.014619	0.004288	0.015614	0.002831	0.004647	0.004332	0.003398	0.003714	0.001860	0.014959	0.004447	0.000439	0.000000
21	0.014417	0.013746	0.004310	0.015450	0.002195	0.004119	0.003248	0.003849	0.003456	0.002011	0.012547	0.004343	0.000379	0.000000
22	0.014217	0.014240	0.004275	0.015406	0.001855	0.004016	0.003213	0.003776	0.003934	0.002397	0.014541	0.004155	0.000599	0.000000
23	0.014576	0.013580	0.004619	0.015236	0.001297	0.003425	0.003505	0.004449	0.004058	0.002182	0.016162	0.004848	0.000439	0.000000
24	0.014578	0.015674	0.004748	0.015986	0.001978	0.002665	0.003605	0.002843	0.003980	0.002262	0.017934	0.003716	0.000519	0.000000
