# table produced by DamageProfiler
# using mapped file RxA007_BEST_012.ReedbuckBh_Human_nc.Target.rmdup.noMicro.bam
# Sample ID: RxA007_BEST_012.ReedbuckBh_Human_nc.Target.rmdup.noMicro.bam
Chr	End	Std	Pos	A	C	G	T	Total	G>A	C>T	A>G	T>C	A>C	A>T	C>G	C>A	T>G	T>A	G>C	G>T	A>-	T>-	C>-	G>-	->A	->T	->C	->G	S
	3p	+	1	5969.0	5253.0	6559.0	7166.0	24947.0	267.0	111.0	116.0	88.0	33.0	38.0	46.0	21.0	50.0	30.0	31.0	29.0	0.0	0.0	0.0	0.0	0.0	0.0	0.0	0.0	0.0
	3p	+	2	7226.0	7129.0	6153.0	4439.0	24947.0	199.0	64.0	82.0	112.0	36.0	15.0	22.0	31.0	39.0	29.0	26.0	24.0	0.0	0.0	0.0	0.0	0.0	0.0	0.0	0.0	0.0
	3p	+	3	6276.0	6473.0	6793.0	5404.0	24946.0	114.0	75.0	94.0	122.0	28.0	10.0	42.0	26.0	35.0	16.0	24.0	19.0	0.0	0.0	0.0	0.0	0.0	0.0	0.0	0.0	0.0
	3p	+	4	6895.0	4628.0	7038.0	6386.0	24947.0	127.0	108.0	112.0	86.0	28.0	29.0	26.0	18.0	31.0	15.0	26.0	24.0	0.0	0.0	0.0	0.0	0.0	0.0	0.0	0.0	0.0
	3p	+	5	7173.0	5025.0	6257.0	6488.0	24943.0	131.0	110.0	96.0	96.0	18.0	18.0	30.0	32.0	23.0	22.0	14.0	22.0	0.0	0.0	0.0	0.0	2.0	0.0	0.0	2.0	0.0
	3p	+	6	6915.0	5973.0	5976.0	6076.0	24940.0	123.0	86.0	93.0	109.0	32.0	14.0	37.0	29.0	19.0	17.0	30.0	24.0	0.0	0.0	0.0	0.0	1.0	0.0	2.0	2.0	0.0
	3p	+	7	6381.0	6405.0	5836.0	6316.0	24938.0	112.0	102.0	102.0	84.0	27.0	20.0	22.0	26.0	33.0	13.0	15.0	15.0	0.0	0.0	0.0	0.0	2.0	0.0	3.0	2.0	0.0
	3p	+	8	6438.0	6254.0	6182.0	6062.0	24936.0	107.0	89.0	122.0	84.0	28.0	14.0	25.0	36.0	36.0	12.0	23.0	17.0	0.0	0.0	0.0	0.0	2.0	0.0	5.0	1.0	0.0
	3p	+	9	6588.0	6367.0	6034.0	5946.0	24935.0	116.0	89.0	83.0	95.0	21.0	15.0	21.0	25.0	22.0	15.0	18.0	21.0	0.0	0.0	0.0	0.0	5.0	0.0	4.0	4.0	0.0
	3p	+	10	6682.0	6166.0	5857.0	6226.0	24931.0	102.0	84.0	85.0	91.0	23.0	9.0	15.0	28.0	27.0	19.0	31.0	23.0	0.0	0.0	0.0	0.0	1.0	0.0	7.0	6.0	0.0
	3p	+	11	6415.0	6305.0	6169.0	6043.0	24932.0	111.0	83.0	82.0	98.0	32.0	10.0	22.0	20.0	27.0	16.0	22.0	23.0	0.0	0.0	0.0	0.0	6.0	0.0	3.0	3.0	0.0
	3p	+	12	6272.0	6312.0	6477.0	5864.0	24925.0	117.0	89.0	74.0	97.0	22.0	19.0	15.0	26.0	20.0	13.0	19.0	23.0	0.0	0.0	0.0	0.0	6.0	0.0	3.0	5.0	0.0
	3p	+	13	6292.0	6248.0	6233.0	6145.0	24918.0	110.0	70.0	111.0	97.0	28.0	16.0	25.0	24.0	26.0	14.0	27.0	26.0	0.0	0.0	0.0	0.0	8.0	0.0	5.0	14.0	0.0
	3p	+	14	6339.0	6329.0	6234.0	6028.0	24930.0	120.0	85.0	103.0	102.0	28.0	18.0	14.0	28.0	25.0	8.0	18.0	30.0	0.0	0.0	0.0	0.0	7.0	0.0	7.0	2.0	0.0
	3p	+	15	6272.0	6505.0	6071.0	6076.0	24924.0	78.0	85.0	112.0	89.0	27.0	20.0	16.0	32.0	25.0	10.0	21.0	19.0	0.0	0.0	0.0	0.0	5.0	0.0	7.0	10.0	0.0
	3p	+	16	6343.0	6382.0	6214.0	5979.0	24918.0	106.0	77.0	84.0	90.0	27.0	19.0	30.0	25.0	26.0	18.0	29.0	25.0	0.0	0.0	0.0	0.0	8.0	0.0	9.0	3.0	0.0
	3p	+	17	6256.0	6422.0	6140.0	6110.0	24928.0	94.0	82.0	112.0	81.0	32.0	10.0	28.0	21.0	28.0	10.0	27.0	25.0	0.0	0.0	0.0	0.0	6.0	0.0	7.0	3.0	0.0
	3p	+	18	6205.0	6435.0	6245.0	6047.0	24932.0	96.0	95.0	93.0	93.0	33.0	13.0	24.0	27.0	23.0	13.0	28.0	26.0	0.0	0.0	0.0	0.0	7.0	0.0	2.0	5.0	0.0
	3p	+	19	6318.0	6315.0	6244.0	6053.0	24930.0	81.0	82.0	112.0	78.0	32.0	13.0	26.0	25.0	34.0	17.0	28.0	22.0	0.0	0.0	0.0	0.0	4.0	0.0	5.0	6.0	0.0
	3p	+	20	6125.0	6491.0	6306.0	6007.0	24929.0	89.0	81.0	101.0	98.0	29.0	12.0	17.0	16.0	25.0	10.0	22.0	22.0	0.0	0.0	0.0	0.0	9.0	0.0	3.0	3.0	0.0
	3p	+	21	6161.0	6320.0	6325.0	6129.0	24935.0	89.0	96.0	107.0	97.0	24.0	14.0	36.0	24.0	34.0	10.0	21.0	20.0	0.0	0.0	0.0	0.0	3.0	0.0	5.0	2.0	0.0
	3p	+	22	6149.0	6352.0	6326.0	6091.0	24918.0	101.0	87.0	103.0	100.0	32.0	10.0	25.0	26.0	20.0	12.0	20.0	17.0	0.0	0.0	0.0	0.0	8.0	0.0	9.0	4.0	0.0
	3p	+	23	6260.0	6238.0	6298.0	6130.0	24926.0	101.0	84.0	77.0	85.0	20.0	12.0	26.0	19.0	30.0	16.0	18.0	20.0	0.0	0.0	0.0	0.0	7.0	0.0	5.0	5.0	0.0
	3p	+	24	6174.0	6279.0	6363.0	6115.0	24931.0	98.0	86.0	96.0	76.0	32.0	10.0	18.0	18.0	24.0	8.0	30.0	18.0	0.0	0.0	0.0	0.0	3.0	0.0	7.0	3.0	0.0
	3p	+	25	6190.0	6209.0	6319.0	6208.0	24926.0	94.0	91.0	92.0	93.0	20.0	15.0	29.0	26.0	31.0	14.0	21.0	34.0	0.0	0.0	0.0	0.0	5.0	0.0	2.0	6.0	0.0
	3p	+	26	6208.0	6192.0	6233.0	6295.0	24928.0	84.0	107.0	99.0	104.0	22.0	13.0	18.0	17.0	21.0	11.0	27.0	26.0	0.0	0.0	0.0	0.0	8.0	0.0	7.0	5.0	0.0
	3p	+	27	6188.0	6193.0	6085.0	6452.0	24918.0	98.0	116.0	105.0	98.0	27.0	12.0	27.0	23.0	25.0	16.0	14.0	25.0	0.0	0.0	0.0	0.0	8.0	0.0	10.0	10.0	0.0
	3p	+	28	6161.0	6221.0	6169.0	6373.0	24924.0	106.0	97.0	107.0	85.0	25.0	10.0	21.0	28.0	24.0	14.0	36.0	24.0	0.0	0.0	0.0	0.0	10.0	0.0	7.0	3.0	0.0
	3p	+	29	6172.0	6282.0	6131.0	6346.0	24931.0	76.0	119.0	87.0	73.0	33.0	21.0	27.0	22.0	35.0	17.0	23.0	18.0	0.0	0.0	0.0	0.0	6.0	0.0	4.0	3.0	0.0
	3p	+	30	6236.0	6152.0	6204.0	6327.0	24919.0	79.0	111.0	92.0	96.0	26.0	14.0	32.0	26.0	29.0	17.0	19.0	27.0	0.0	0.0	0.0	0.0	12.0	0.0	4.0	5.0	0.0
	3p	+	31	6151.0	5954.0	5837.0	6293.0	24235.0	78.0	115.0	97.0	81.0	24.0	14.0	21.0	22.0	24.0	10.0	28.0	14.0	0.0	0.0	0.0	0.0	7.0	0.0	2.0	4.0	0.0
	3p	+	32	6034.0	5753.0	5639.0	6075.0	23501.0	79.0	95.0	79.0	96.0	22.0	20.0	26.0	27.0	22.0	8.0	17.0	32.0	0.0	0.0	0.0	0.0	8.0	0.0	0.0	3.0	0.0
	3p	+	33	5814.0	5560.0	5483.0	5873.0	22730.0	93.0	100.0	94.0	87.0	29.0	21.0	25.0	20.0	29.0	17.0	14.0	25.0	0.0	0.0	0.0	0.0	4.0	0.0	2.0	1.0	0.0
	3p	+	34	5580.0	5401.0	5138.0	5742.0	21861.0	88.0	84.0	87.0	77.0	20.0	9.0	25.0	23.0	24.0	14.0	23.0	22.0	0.0	0.0	0.0	0.0	8.0	0.0	2.0	5.0	0.0
	3p	+	35	5420.0	5026.0	4901.0	5645.0	20992.0	79.0	108.0	76.0	69.0	26.0	15.0	15.0	20.0	22.0	8.0	15.0	23.0	0.0	0.0	0.0	0.0	6.0	0.0	4.0	3.0	0.0
	3p	+	36	5076.0	4861.0	4726.0	5451.0	20114.0	73.0	86.0	81.0	76.0	28.0	13.0	21.0	22.0	22.0	12.0	17.0	25.0	0.0	0.0	0.0	0.0	3.0	0.0	0.0	2.0	0.0
	3p	+	37	4903.0	4615.0	4437.0	5174.0	19129.0	53.0	96.0	74.0	76.0	20.0	7.0	18.0	14.0	16.0	18.0	18.0	21.0	0.0	0.0	0.0	0.0	4.0	0.0	5.0	3.0	0.0
	3p	+	38	4707.0	4455.0	4179.0	4851.0	18192.0	68.0	94.0	66.0	55.0	40.0	12.0	15.0	17.0	23.0	10.0	17.0	14.0	0.0	0.0	0.0	0.0	4.0	0.0	5.0	3.0	0.0
	3p	+	39	4493.0	4253.0	3979.0	4578.0	17303.0	70.0	91.0	53.0	67.0	13.0	17.0	21.0	16.0	16.0	8.0	21.0	14.0	0.0	0.0	0.0	0.0	6.0	0.0	2.0	2.0	0.0
	3p	+	40	4290.0	3827.0	3775.0	4497.0	16389.0	57.0	73.0	52.0	63.0	15.0	21.0	15.0	22.0	17.0	13.0	17.0	9.0	0.0	0.0	0.0	0.0	8.0	0.0	3.0	3.0	0.0
	3p	+	41	4066.0	3629.0	3553.0	4234.0	15482.0	58.0	77.0	49.0	70.0	12.0	15.0	10.0	21.0	20.0	10.0	11.0	15.0	0.0	0.0	0.0	0.0	5.0	0.0	3.0	2.0	0.0
	3p	+	42	3817.0	3496.0	3296.0	4036.0	14645.0	40.0	81.0	52.0	57.0	12.0	14.0	14.0	9.0	21.0	10.0	14.0	7.0	0.0	0.0	0.0	0.0	3.0	0.0	4.0	1.0	0.0
	3p	+	43	3651.0	3183.0	3181.0	3786.0	13801.0	60.0	76.0	51.0	51.0	17.0	11.0	16.0	11.0	13.0	7.0	8.0	16.0	0.0	0.0	0.0	0.0	1.0	0.0	7.0	3.0	0.0
	3p	+	44	3498.0	3043.0	2882.0	3587.0	13010.0	49.0	70.0	51.0	32.0	11.0	6.0	19.0	14.0	13.0	7.0	16.0	8.0	0.0	0.0	0.0	0.0	4.0	0.0	1.0	2.0	0.0
	3p	+	45	3359.0	2859.0	2721.0	3303.0	12242.0	36.0	45.0	43.0	46.0	13.0	11.0	11.0	10.0	12.0	8.0	10.0	16.0	0.0	0.0	0.0	0.0	1.0	0.0	6.0	0.0	0.0
	3p	+	46	3089.0	2634.0	2565.0	3232.0	11520.0	38.0	55.0	45.0	39.0	12.0	12.0	12.0	8.0	10.0	10.0	8.0	10.0	0.0	0.0	0.0	0.0	4.0	0.0	2.0	2.0	0.0
	3p	+	47	2869.0	2472.0	2408.0	3087.0	10836.0	52.0	39.0	32.0	21.0	13.0	8.0	7.0	13.0	11.0	8.0	11.0	13.0	0.0	0.0	0.0	0.0	3.0	0.0	3.0	2.0	0.0
	3p	+	48	2698.0	2320.0	2141.0	2933.0	10092.0	50.0	47.0	38.0	37.0	9.0	10.0	7.0	5.0	14.0	4.0	9.0	11.0	0.0	0.0	0.0	0.0	3.0	0.0	1.0	0.0	0.0
	3p	+	49	2551.0	2138.0	2103.0	2666.0	9458.0	40.0	31.0	33.0	32.0	16.0	6.0	6.0	8.0	11.0	12.0	7.0	7.0	0.0	0.0	0.0	0.0	1.0	0.0	0.0	2.0	0.0
	3p	+	50	2313.0	2079.0	2002.0	2512.0	8906.0	36.0	34.0	39.0	33.0	8.0	6.0	10.0	6.0	9.0	9.0	16.0	11.0	0.0	0.0	0.0	0.0	0.0	0.0	0.0	0.0	0.0
	3p	+	51	2284.0	1890.0	1771.0	2418.0	8363.0	21.0	39.0	32.0	26.0	7.0	11.0	4.0	8.0	9.0	4.0	5.0	10.0	0.0	0.0	0.0	0.0	1.0	0.0	0.0	1.0	0.0
	3p	+	52	2122.0	1640.0	1754.0	2275.0	7791.0	20.0	32.0	25.0	26.0	14.0	2.0	6.0	7.0	21.0	4.0	5.0	5.0	0.0	0.0	0.0	0.0	4.0	0.0	1.0	0.0	0.0
	3p	+	53	1981.0	1588.0	1559.0	2113.0	7241.0	18.0	36.0	27.0	26.0	9.0	5.0	9.0	3.0	8.0	6.0	11.0	16.0	0.0	0.0	0.0	0.0	2.0	0.0	1.0	0.0	0.0
	3p	+	54	1774.0	1519.0	1452.0	1964.0	6709.0	12.0	33.0	22.0	26.0	5.0	4.0	11.0	3.0	10.0	6.0	13.0	8.0	0.0	0.0	0.0	0.0	1.0	0.0	3.0	2.0	0.0
	3p	+	55	1738.0	1393.0	1368.0	1757.0	6256.0	22.0	28.0	14.0	23.0	8.0	2.0	10.0	6.0	3.0	2.0	11.0	7.0	0.0	0.0	0.0	0.0	1.0	0.0	2.0	1.0	0.0
	3p	+	56	1569.0	1338.0	1309.0	1632.0	5848.0	18.0	23.0	22.0	14.0	8.0	4.0	0.0	7.0	2.0	6.0	4.0	7.0	0.0	0.0	0.0	0.0	2.0	0.0	0.0	1.0	0.0
	3p	+	57	1421.0	1214.0	1250.0	1595.0	5480.0	19.0	27.0	16.0	14.0	14.0	3.0	6.0	7.0	5.0	3.0	7.0	5.0	0.0	0.0	0.0	0.0	4.0	0.0	0.0	0.0	0.0
	3p	+	58	1371.0	1172.0	1109.0	1483.0	5135.0	18.0	26.0	23.0	19.0	9.0	8.0	2.0	1.0	5.0	3.0	6.0	7.0	0.0	0.0	0.0	0.0	2.0	0.0	0.0	0.0	0.0
	3p	+	59	1347.0	1066.0	1023.0	1356.0	4792.0	8.0	24.0	15.0	10.0	10.0	5.0	9.0	4.0	7.0	4.0	4.0	4.0	0.0	0.0	0.0	0.0	0.0	0.0	2.0	0.0	0.0
	3p	+	60	1256.0	990.0	987.0	1250.0	4483.0	19.0	19.0	15.0	12.0	10.0	8.0	6.0	5.0	2.0	3.0	1.0	2.0	0.0	0.0	0.0	0.0	1.0	0.0	0.0	1.0	0.0
	3p	+	61	1147.0	962.0	910.0	1208.0	4227.0	13.0	25.0	13.0	15.0	6.0	2.0	5.0	9.0	7.0	5.0	4.0	10.0	0.0	0.0	0.0	0.0	2.0	0.0	0.0	1.0	0.0
	3p	+	62	1051.0	883.0	926.0	1096.0	3956.0	14.0	19.0	13.0	18.0	4.0	6.0	4.0	7.0	3.0	0.0	6.0	4.0	0.0	0.0	0.0	0.0	0.0	0.0	0.0	0.0	0.0
	3p	+	63	1001.0	828.0	847.0	1025.0	3701.0	14.0	15.0	12.0	14.0	7.0	4.0	1.0	2.0	3.0	2.0	8.0	3.0	0.0	0.0	0.0	0.0	0.0	0.0	2.0	2.0	0.0
	3p	+	64	886.0	769.0	756.0	1047.0	3458.0	15.0	15.0	10.0	11.0	2.0	5.0	2.0	1.0	2.0	2.0	2.0	2.0	0.0	0.0	0.0	0.0	1.0	0.0	0.0	1.0	0.0
	3p	+	65	875.0	697.0	708.0	958.0	3238.0	14.0	19.0	13.0	16.0	4.0	3.0	5.0	1.0	2.0	4.0	1.0	5.0	0.0	0.0	0.0	0.0	3.0	0.0	2.0	1.0	0.0
	3p	+	66	785.0	702.0	669.0	885.0	3041.0	13.0	13.0	5.0	14.0	5.0	1.0	4.0	0.0	2.0	1.0	2.0	11.0	0.0	0.0	0.0	0.0	0.0	0.0	1.0	2.0	0.0
	3p	+	67	746.0	626.0	621.0	854.0	2847.0	14.0	13.0	5.0	14.0	3.0	1.0	3.0	2.0	0.0	3.0	1.0	1.0	0.0	0.0	0.0	0.0	3.0	0.0	0.0	0.0	0.0
	3p	+	68	749.0	563.0	591.0	764.0	2667.0	8.0	13.0	7.0	12.0	8.0	2.0	5.0	2.0	4.0	1.0	3.0	2.0	0.0	0.0	0.0	0.0	0.0	0.0	0.0	0.0	0.0
	3p	+	69	656.0	564.0	551.0	703.0	2474.0	8.0	7.0	7.0	10.0	5.0	3.0	1.0	5.0	1.0	0.0	4.0	3.0	0.0	0.0	0.0	0.0	2.0	0.0	0.0	0.0	0.0
	3p	+	70	656.0	508.0	496.0	664.0	2324.0	7.0	11.0	13.0	9.0	3.0	1.0	3.0	2.0	5.0	3.0	6.0	2.0	0.0	0.0	0.0	0.0	1.0	0.0	0.0	0.0	0.0
	3p	+	71	600.0	501.0	438.0	641.0	2180.0	11.0	6.0	5.0	11.0	3.0	1.0	2.0	1.0	3.0	1.0	2.0	4.0	0.0	0.0	0.0	0.0	0.0	0.0	0.0	0.0	0.0
	3p	+	72	544.0	468.0	466.0	551.0	2029.0	4.0	7.0	5.0	6.0	5.0	6.0	1.0	1.0	2.0	1.0	1.0	2.0	0.0	0.0	0.0	0.0	1.0	0.0	0.0	0.0	0.0
	3p	+	73	564.0	432.0	401.0	516.0	1913.0	4.0	7.0	5.0	3.0	0.0	3.0	3.0	2.0	0.0	2.0	2.0	6.0	0.0	0.0	0.0	0.0	0.0	0.0	0.0	0.0	0.0
	3p	+	74	495.0	390.0	376.0	541.0	1802.0	9.0	7.0	4.0	10.0	5.0	2.0	0.0	1.0	2.0	3.0	2.0	2.0	0.0	0.0	0.0	0.0	0.0	0.0	0.0	0.0	0.0
	3p	+	75	463.0	385.0	350.0	503.0	1701.0	3.0	11.0	8.0	4.0	3.0	1.0	3.0	2.0	2.0	2.0	1.0	1.0	0.0	0.0	0.0	0.0	0.0	0.0	0.0	0.0	0.0
	3p	+	76	428.0	357.0	347.0	467.0	1599.0	9.0	9.0	4.0	5.0	5.0	2.0	5.0	0.0	1.0	4.0	2.0	0.0	0.0	0.0	0.0	0.0	0.0	0.0	0.0	0.0	0.0
	3p	+	77	410.0	336.0	310.0	461.0	1517.0	8.0	5.0	3.0	3.0	0.0	1.0	1.0	0.0	2.0	1.0	1.0	2.0	0.0	0.0	0.0	0.0	0.0	0.0	0.0	0.0	0.0
	3p	+	78	392.0	300.0	332.0	413.0	1437.0	4.0	4.0	6.0	5.0	2.0	2.0	2.0	3.0	0.0	0.0	3.0	1.0	0.0	0.0	0.0	0.0	1.0	0.0	0.0	0.0	0.0
	3p	+	79	376.0	307.0	294.0	375.0	1352.0	3.0	7.0	7.0	5.0	2.0	1.0	2.0	1.0	0.0	1.0	2.0	2.0	0.0	0.0	0.0	0.0	0.0	0.0	0.0	0.0	0.0
	3p	+	80	338.0	300.0	291.0	353.0	1282.0	5.0	8.0	2.0	5.0	2.0	1.0	2.0	4.0	1.0	1.0	1.0	3.0	0.0	0.0	0.0	0.0	1.0	0.0	0.0	0.0	0.0
	3p	+	81	362.0	251.0	259.0	336.0	1208.0	7.0	5.0	7.0	5.0	1.0	0.0	1.0	2.0	2.0	0.0	1.0	4.0	0.0	0.0	0.0	0.0	0.0	0.0	1.0	0.0	0.0
	3p	+	82	345.0	240.0	240.0	316.0	1141.0	1.0	8.0	4.0	4.0	1.0	1.0	0.0	0.0	1.0	0.0	1.0	2.0	0.0	0.0	0.0	0.0	0.0	0.0	0.0	1.0	0.0
	3p	+	83	295.0	255.0	247.0	284.0	1081.0	2.0	0.0	2.0	5.0	0.0	1.0	0.0	0.0	1.0	0.0	1.0	1.0	0.0	0.0	0.0	0.0	0.0	0.0	0.0	0.0	0.0
	3p	+	84	306.0	207.0	217.0	293.0	1023.0	2.0	4.0	4.0	2.0	1.0	2.0	1.0	0.0	3.0	0.0	0.0	1.0	0.0	0.0	0.0	0.0	0.0	0.0	0.0	1.0	0.0
	3p	+	85	277.0	217.0	190.0	288.0	972.0	1.0	2.0	3.0	5.0	1.0	0.0	2.0	2.0	1.0	0.0	2.0	2.0	0.0	0.0	0.0	0.0	0.0	0.0	0.0	0.0	0.0
	3p	+	86	245.0	227.0	193.0	249.0	914.0	2.0	9.0	4.0	6.0	2.0	3.0	3.0	0.0	1.0	0.0	0.0	4.0	0.0	0.0	0.0	0.0	0.0	0.0	0.0	0.0	0.0
	3p	+	87	238.0	188.0	179.0	257.0	862.0	2.0	3.0	2.0	2.0	3.0	0.0	0.0	2.0	1.0	2.0	3.0	3.0	0.0	0.0	0.0	0.0	0.0	0.0	0.0	0.0	0.0
	3p	+	88	225.0	155.0	192.0	236.0	808.0	2.0	1.0	3.0	6.0	2.0	0.0	1.0	0.0	1.0	0.0	1.0	0.0	0.0	0.0	0.0	0.0	0.0	0.0	0.0	0.0	0.0
	3p	+	89	198.0	167.0	185.0	220.0	770.0	2.0	1.0	3.0	1.0	0.0	0.0	1.0	0.0	0.0	0.0	2.0	1.0	0.0	0.0	0.0	0.0	0.0	0.0	0.0	0.0	0.0
	3p	+	90	203.0	157.0	146.0	215.0	721.0	1.0	2.0	8.0	2.0	0.0	1.0	0.0	1.0	1.0	0.0	2.0	0.0	0.0	0.0	0.0	0.0	0.0	0.0	0.0	0.0	0.0
	3p	+	91	205.0	146.0	153.0	180.0	684.0	0.0	2.0	1.0	2.0	3.0	1.0	1.0	0.0	0.0	1.0	1.0	0.0	0.0	0.0	0.0	0.0	0.0	0.0	0.0	0.0	0.0
	3p	+	92	179.0	120.0	148.0	197.0	644.0	1.0	1.0	2.0	1.0	0.0	0.0	0.0	0.0	0.0	0.0	0.0	0.0	0.0	0.0	0.0	0.0	0.0	0.0	0.0	0.0	0.0
	3p	+	93	160.0	130.0	150.0	175.0	615.0	5.0	0.0	1.0	2.0	0.0	1.0	0.0	0.0	1.0	1.0	0.0	0.0	0.0	0.0	0.0	0.0	1.0	0.0	0.0	0.0	0.0
	3p	+	94	169.0	108.0	114.0	198.0	589.0	0.0	2.0	3.0	0.0	0.0	0.0	0.0	0.0	1.0	0.0	1.0	0.0	0.0	0.0	0.0	0.0	0.0	0.0	0.0	0.0	0.0
	3p	+	95	139.0	126.0	120.0	174.0	559.0	2.0	1.0	4.0	3.0	0.0	0.0	2.0	1.0	0.0	0.0	0.0	0.0	0.0	0.0	0.0	0.0	0.0	0.0	0.0	0.0	0.0
	3p	+	96	151.0	111.0	105.0	164.0	531.0	1.0	1.0	1.0	3.0	0.0	2.0	1.0	2.0	1.0	1.0	0.0	2.0	0.0	0.0	0.0	0.0	0.0	0.0	0.0	0.0	0.0
	3p	+	97	136.0	116.0	114.0	145.0	511.0	1.0	3.0	1.0	0.0	0.0	0.0	0.0	0.0	0.0	0.0	0.0	0.0	0.0	0.0	0.0	0.0	0.0	0.0	0.0	0.0	0.0
	3p	+	98	143.0	107.0	104.0	140.0	494.0	2.0	3.0	3.0	0.0	1.0	0.0	0.0	1.0	1.0	1.0	0.0	0.0	0.0	0.0	0.0	0.0	0.0	0.0	0.0	0.0	0.0
	3p	+	99	124.0	118.0	93.0	125.0	460.0	3.0	0.0	1.0	0.0	0.0	0.0	2.0	0.0	2.0	0.0	0.0	0.0	0.0	0.0	0.0	0.0	1.0	0.0	0.0	0.0	0.0
	3p	+	100	132.0	95.0	81.0	127.0	435.0	4.0	4.0	0.0	3.0	0.0	0.0	1.0	0.0	0.0	1.0	0.0	0.0	0.0	0.0	0.0	0.0	0.0	0.0	0.0	0.0	0.0
	3p	-	1	5873.0	5397.0	6658.0	7244.0	25172.0	234.0	119.0	121.0	94.0	27.0	28.0	33.0	25.0	41.0	25.0	24.0	34.00.0	0.0	0.0	0.0	0.0	0.0	0.0	0.0	0.0
	3p	-	2	7136.0	7182.0	6246.0	4608.0	25172.0	198.0	68.0	104.0	148.0	41.0	12.0	35.0	36.0	42.0	23.0	29.0	28.00.0	0.0	0.0	0.0	0.0	0.0	1.0	0.0	0.0
	3p	-	3	6367.0	6535.0	6737.0	5533.0	25172.0	113.0	78.0	99.0	113.0	29.0	23.0	38.0	31.0	37.0	26.0	36.0	25.00.0	0.0	0.0	0.0	1.0	0.0	0.0	0.0	0.0
	3p	-	4	6916.0	4736.0	7013.0	6496.0	25161.0	146.0	109.0	105.0	80.0	29.0	22.0	32.0	26.0	21.0	24.0	25.0	30.00.0	0.0	0.0	0.0	2.0	0.0	2.0	4.0	0.0
	3p	-	5	7322.0	5145.0	6179.0	6507.0	25153.0	146.0	100.0	81.0	89.0	25.0	10.0	23.0	32.0	17.0	21.0	23.0	20.00.0	0.0	0.0	0.0	7.0	0.0	2.0	4.0	0.0
	3p	-	6	6900.0	6111.0	5936.0	6196.0	25143.0	125.0	80.0	100.0	108.0	27.0	16.0	29.0	24.0	30.0	16.0	26.0	23.00.0	0.0	0.0	0.0	8.0	0.0	6.0	7.0	0.0
	3p	-	7	6378.0	6436.0	5861.0	6477.0	25152.0	132.0	95.0	72.0	87.0	21.0	16.0	28.0	26.0	23.0	14.0	27.0	29.00.0	0.0	0.0	0.0	8.0	0.0	6.0	4.0	0.0
	3p	-	8	6411.0	6279.0	6250.0	6214.0	25154.0	107.0	82.0	112.0	127.0	26.0	13.0	24.0	21.0	19.0	12.0	29.0	22.00.0	0.0	0.0	0.0	10.0	0.0	6.0	1.0	0.0
	3p	-	9	6646.0	6273.0	6225.0	6011.0	25155.0	133.0	84.0	109.0	115.0	22.0	13.0	22.0	34.0	21.0	12.0	33.0	19.00.0	0.0	0.0	0.0	1.0	0.0	5.0	5.0	0.0
	3p	-	10	6597.0	6165.0	5983.0	6400.0	25145.0	122.0	79.0	80.0	98.0	27.0	19.0	21.0	30.0	25.0	19.0	23.0	28.00.0	0.0	0.0	0.0	7.0	0.0	7.0	9.0	0.0
	3p	-	11	6306.0	6316.0	6314.0	6205.0	25141.0	106.0	111.0	86.0	114.0	25.0	13.0	23.0	26.0	21.0	12.0	22.0	29.00.0	0.0	0.0	0.0	7.0	0.0	11.0	10.0	0.0
	3p	-	12	6410.0	6153.0	6427.0	6157.0	25147.0	116.0	82.0	95.0	115.0	33.0	5.0	33.0	18.0	19.0	20.0	16.0	19.00.0	0.0	0.0	0.0	6.0	0.0	7.0	13.0	0.0
	3p	-	13	6316.0	6328.0	6303.0	6207.0	25154.0	85.0	98.0	98.0	99.0	34.0	15.0	33.0	22.0	36.0	12.0	28.0	14.00.0	0.0	0.0	0.0	3.0	0.0	2.0	6.0	0.0
	3p	-	14	6264.0	6497.0	6259.0	6133.0	25153.0	100.0	71.0	93.0	101.0	18.0	11.0	16.0	23.0	27.0	12.0	27.0	31.00.0	0.0	0.0	0.0	6.0	0.0	5.0	7.0	0.0
	3p	-	15	6265.0	6471.0	6142.0	6280.0	25158.0	84.0	96.0	84.0	105.0	22.0	15.0	26.0	33.0	26.0	13.0	19.0	22.00.0	0.0	0.0	0.0	3.0	0.0	8.0	5.0	0.0
	3p	-	16	6281.0	6466.0	6168.0	6238.0	25153.0	88.0	85.0	90.0	105.0	30.0	18.0	28.0	32.0	22.0	15.0	18.0	14.00.0	0.0	0.0	0.0	7.0	0.0	4.0	7.0	0.0
	3p	-	17	6159.0	6441.0	6352.0	6199.0	25151.0	95.0	81.0	86.0	103.0	22.0	17.0	26.0	24.0	34.0	17.0	31.0	18.00.0	0.0	0.0	0.0	5.0	0.0	9.0	4.0	0.0
	3p	-	18	6218.0	6351.0	6345.0	6240.0	25154.0	91.0	85.0	102.0	103.0	27.0	15.0	23.0	27.0	18.0	15.0	30.0	24.00.0	0.0	0.0	0.0	6.0	0.0	9.0	5.0	0.0
	3p	-	19	6256.0	6467.0	6325.0	6106.0	25154.0	91.0	84.0	96.0	88.0	29.0	16.0	23.0	20.0	21.0	16.0	20.0	19.00.0	0.0	0.0	0.0	9.0	0.0	3.0	6.0	0.0
	3p	-	20	6162.0	6380.0	6401.0	6215.0	25158.0	83.0	88.0	89.0	101.0	26.0	15.0	20.0	24.0	25.0	7.0	29.0	26.00.0	0.0	0.0	0.0	7.0	0.0	3.0	6.0	0.0
	3p	-	21	6162.0	6344.0	6418.0	6226.0	25150.0	86.0	85.0	81.0	118.0	24.0	9.0	19.0	20.0	24.0	17.0	17.0	14.00.0	0.0	0.0	0.0	5.0	0.0	7.0	5.0	0.0
	3p	-	22	6251.0	6362.0	6357.0	6179.0	25149.0	80.0	96.0	102.0	81.0	26.0	17.0	22.0	30.0	32.0	20.0	18.0	21.00.0	0.0	0.0	0.0	7.0	0.0	4.0	7.0	0.0
	3p	-	23	6188.0	6300.0	6463.0	6200.0	25151.0	96.0	87.0	96.0	107.0	30.0	14.0	38.0	20.0	25.0	13.0	15.0	27.00.0	0.0	0.0	0.0	5.0	0.0	9.0	6.0	0.0
	3p	-	24	6284.0	6299.0	6312.0	6261.0	25156.0	99.0	108.0	99.0	108.0	32.0	11.0	30.0	30.0	21.0	10.0	22.0	24.00.0	0.0	0.0	0.0	6.0	0.0	6.0	2.0	0.0
	3p	-	25	6226.0	6210.0	6427.0	6292.0	25155.0	106.0	79.0	98.0	92.0	24.0	10.0	18.0	21.0	31.0	18.0	33.0	18.00.0	0.0	0.0	0.0	6.0	0.0	3.0	8.0	0.0
	3p	-	26	6195.0	6260.0	6295.0	6402.0	25152.0	86.0	89.0	96.0	100.0	26.0	11.0	21.0	27.0	34.0	19.0	24.0	31.00.0	0.0	0.0	0.0	5.0	0.0	4.0	8.0	0.0
	3p	-	27	6292.0	6310.0	6266.0	6286.0	25154.0	89.0	84.0	79.0	88.0	22.0	15.0	20.0	18.0	29.0	13.0	21.0	28.00.0	0.0	0.0	0.0	9.0	0.0	4.0	6.0	0.0
	3p	-	28	6255.0	6339.0	6114.0	6453.0	25161.0	96.0	115.0	75.0	103.0	21.0	18.0	19.0	27.0	22.0	16.0	21.0	20.00.0	0.0	0.0	0.0	5.0	0.0	0.0	3.0	0.0
	3p	-	29	6145.0	6286.0	6251.0	6477.0	25159.0	88.0	110.0	91.0	99.0	30.0	13.0	28.0	28.0	31.0	12.0	27.0	29.00.0	0.0	0.0	0.0	8.0	0.0	4.0	2.0	0.0
	3p	-	30	6156.0	6339.0	6115.0	6550.0	25160.0	92.0	115.0	105.0	91.0	26.0	16.0	23.0	17.0	28.0	13.0	22.0	26.00.0	0.0	0.0	0.0	7.0	0.0	3.0	4.0	0.0
	3p	-	31	6145.0	6179.0	5852.0	6277.0	24453.0	73.0	116.0	91.0	78.0	19.0	14.0	29.0	15.0	30.0	12.0	24.0	21.00.0	0.0	0.0	0.0	5.0	0.0	5.0	4.0	0.0
	3p	-	32	6041.0	5782.0	5700.0	6181.0	23704.0	74.0	98.0	98.0	93.0	28.0	16.0	17.0	22.0	30.0	11.0	25.0	21.00.0	0.0	0.0	0.0	6.0	0.0	3.0	3.0	0.0
	3p	-	33	5812.0	5569.0	5395.0	6106.0	22882.0	77.0	102.0	79.0	75.0	18.0	12.0	19.0	23.0	25.0	16.0	28.0	17.00.0	0.0	0.0	0.0	0.0	0.0	5.0	3.0	0.0
	3p	-	34	5523.0	5443.0	5236.0	5860.0	22062.0	97.0	99.0	91.0	71.0	17.0	7.0	21.0	26.0	24.0	17.0	20.0	27.00.0	0.0	0.0	0.0	3.0	0.0	4.0	3.0	0.0
	3p	-	35	5357.0	5138.0	4998.0	5714.0	21207.0	68.0	84.0	75.0	74.0	26.0	16.0	21.0	18.0	19.0	13.0	14.0	21.00.0	0.0	0.0	0.0	5.0	0.0	3.0	2.0	0.0
	3p	-	36	5223.0	4951.0	4656.0	5461.0	20291.0	72.0	95.0	92.0	62.0	22.0	18.0	16.0	19.0	24.0	18.0	17.0	18.00.0	0.0	0.0	0.0	5.0	0.0	5.0	2.0	0.0
	3p	-	37	4932.0	4568.0	4614.0	5286.0	19400.0	73.0	99.0	62.0	70.0	18.0	7.0	19.0	22.0	26.0	10.0	19.0	21.00.0	0.0	0.0	0.0	4.0	0.0	1.0	1.0	0.0
	3p	-	38	4668.0	4421.0	4320.0	5066.0	18475.0	68.0	82.0	68.0	72.0	17.0	16.0	15.0	14.0	23.0	8.0	24.0	16.00.0	0.0	0.0	0.0	1.0	0.0	8.0	4.0	0.0
	3p	-	39	4481.0	4194.0	4047.0	4823.0	17545.0	56.0	90.0	73.0	74.0	13.0	12.0	15.0	18.0	27.0	11.0	18.0	15.00.0	0.0	0.0	0.0	2.0	0.0	3.0	3.0	0.0
	3p	-	40	4406.0	3808.0	3785.0	4618.0	16617.0	58.0	88.0	70.0	65.0	21.0	16.0	9.0	12.0	22.0	12.0	19.0	12.00.0	0.0	0.0	0.0	5.0	0.0	3.0	0.0	0.0
	3p	-	41	4187.0	3655.0	3525.0	4355.0	15722.0	57.0	71.0	52.0	58.0	15.0	16.0	12.0	15.0	16.0	12.0	13.0	15.00.0	0.0	0.0	0.0	3.0	0.0	1.0	4.0	0.0
	3p	-	42	3865.0	3446.0	3426.0	4108.0	14845.0	43.0	60.0	68.0	58.0	10.0	7.0	15.0	17.0	16.0	11.0	14.0	11.00.0	0.0	0.0	0.0	5.0	0.0	2.0	2.0	0.0
	3p	-	43	3650.0	3200.0	3254.0	3912.0	14016.0	49.0	66.0	50.0	49.0	17.0	9.0	9.0	12.0	22.0	14.0	18.0	19.00.0	0.0	0.0	0.0	6.0	0.0	0.0	0.0	0.0
	3p	-	44	3395.0	3105.0	2985.0	3703.0	13188.0	56.0	69.0	53.0	44.0	17.0	11.0	10.0	13.0	21.0	12.0	11.0	14.00.0	0.0	0.0	0.0	0.0	0.0	3.0	3.0	0.0
	3p	-	45	3274.0	2775.0	2824.0	3545.0	12418.0	47.0	60.0	46.0	46.0	15.0	9.0	8.0	14.0	13.0	11.0	12.0	10.00.0	0.0	0.0	0.0	2.0	0.0	2.0	1.0	0.0
	3p	-	46	3048.0	2686.0	2652.0	3302.0	11688.0	52.0	54.0	40.0	47.0	10.0	14.0	12.0	12.0	16.0	5.0	9.0	18.00.0	0.0	0.0	0.0	1.0	0.0	0.0	1.0	0.0
	3p	-	47	2833.0	2561.0	2426.0	3133.0	10953.0	46.0	57.0	32.0	39.0	14.0	9.0	5.0	11.0	14.0	11.0	12.0	12.00.0	0.0	0.0	0.0	1.0	0.0	1.0	1.0	0.0
	3p	-	48	2725.0	2417.0	2284.0	2829.0	10255.0	42.0	49.0	38.0	37.0	18.0	9.0	6.0	12.0	10.0	9.0	10.0	8.00.0	0.0	0.0	0.0	2.0	0.0	0.0	0.0	0.0
	3p	-	49	2459.0	2208.0	2125.0	2776.0	9568.0	25.0	46.0	32.0	33.0	9.0	11.0	12.0	4.0	8.0	6.0	6.0	9.00.0	0.0	0.0	0.0	1.0	0.0	2.0	0.0	0.0
	3p	-	50	2342.0	1970.0	2000.0	2608.0	8920.0	45.0	48.0	33.0	28.0	10.0	11.0	7.0	6.0	3.0	6.0	7.0	6.00.0	0.0	0.0	0.0	1.0	0.0	2.0	1.0	0.0
	3p	-	51	2258.0	1876.0	1813.0	2367.0	8314.0	24.0	39.0	43.0	34.0	11.0	11.0	6.0	7.0	11.0	7.0	4.0	11.00.0	0.0	0.0	0.0	1.0	0.0	1.0	0.0	0.0
	3p	-	52	2086.0	1743.0	1758.0	2213.0	7800.0	21.0	43.0	20.0	34.0	5.0	7.0	9.0	15.0	7.0	1.0	9.0	12.00.0	0.0	0.0	0.0	1.0	0.0	1.0	1.0	0.0
	3p	-	53	1993.0	1622.0	1597.0	2078.0	7290.0	23.0	42.0	20.0	34.0	7.0	6.0	7.0	5.0	8.0	5.0	7.0	12.00.0	0.0	0.0	0.0	1.0	0.0	0.0	0.0	0.0
	3p	-	54	1817.0	1555.0	1506.0	1948.0	6826.0	24.0	39.0	20.0	24.0	11.0	3.0	5.0	6.0	8.0	5.0	2.0	8.00.0	0.0	0.0	0.0	1.0	0.0	0.0	0.0	0.0
	3p	-	55	1649.0	1468.0	1379.0	1883.0	6379.0	26.0	37.0	17.0	32.0	8.0	6.0	5.0	5.0	5.0	5.0	4.0	2.00.0	0.0	0.0	0.0	2.0	0.0	0.0	0.0	0.0
	3p	-	56	1565.0	1359.0	1263.0	1792.0	5979.0	19.0	18.0	18.0	18.0	7.0	4.0	6.0	4.0	4.0	4.0	3.0	6.00.0	0.0	0.0	0.0	2.0	0.0	0.0	2.0	0.0
	3p	-	57	1495.0	1313.0	1191.0	1605.0	5604.0	12.0	33.0	18.0	23.0	10.0	2.0	10.0	8.0	5.0	5.0	4.0	2.00.0	0.0	0.0	0.0	1.0	0.0	1.0	0.0	0.0
	3p	-	58	1420.0	1208.0	1141.0	1478.0	5247.0	18.0	25.0	23.0	12.0	6.0	4.0	3.0	7.0	8.0	1.0	4.0	5.00.0	0.0	0.0	0.0	2.0	0.0	2.0	1.0	0.0
	3p	-	59	1331.0	1122.0	1057.0	1395.0	4905.0	19.0	24.0	20.0	14.0	2.0	4.0	2.0	9.0	4.0	2.0	3.0	10.00.0	0.0	0.0	0.0	1.0	0.0	0.0	2.0	0.0
	3p	-	60	1241.0	1017.0	987.0	1371.0	4616.0	14.0	16.0	17.0	13.0	6.0	4.0	2.0	6.0	7.0	7.0	4.0	3.00.0	0.0	0.0	0.0	0.0	0.0	1.0	0.0	0.0
	3p	-	61	1149.0	1002.0	920.0	1270.0	4341.0	13.0	20.0	17.0	15.0	6.0	3.0	5.0	6.0	7.0	5.0	1.0	5.00.0	0.0	0.0	0.0	1.0	0.0	0.0	0.0	0.0
	3p	-	62	1034.0	940.0	915.0	1197.0	4086.0	20.0	16.0	16.0	17.0	9.0	4.0	4.0	4.0	3.0	5.0	2.0	5.00.0	0.0	0.0	0.0	1.0	0.0	1.0	0.0	0.0
	3p	-	63	1023.0	875.0	840.0	1097.0	3835.0	16.0	18.0	8.0	15.0	6.0	3.0	4.0	2.0	3.0	4.0	5.0	4.00.0	0.0	0.0	0.0	2.0	0.0	1.0	0.0	0.0
	3p	-	64	975.0	785.0	800.0	1030.0	3590.0	17.0	9.0	12.0	15.0	7.0	3.0	2.0	2.0	4.0	4.0	9.0	4.00.0	0.0	0.0	0.0	0.0	0.0	0.0	1.0	0.0
	3p	-	65	887.0	758.0	712.0	1004.0	3361.0	12.0	14.0	13.0	16.0	6.0	3.0	3.0	4.0	1.0	1.0	2.0	7.00.0	0.0	0.0	0.0	0.0	0.0	1.0	0.0	0.0
	3p	-	66	847.0	724.0	684.0	899.0	3154.0	15.0	11.0	10.0	13.0	4.0	3.0	1.0	0.0	3.0	2.0	1.0	1.00.0	0.0	0.0	0.0	0.0	0.0	1.0	0.0	0.0
	3p	-	67	780.0	678.0	628.0	884.0	2970.0	14.0	20.0	5.0	9.0	8.0	4.0	3.0	4.0	5.0	3.0	4.0	3.00.0	0.0	0.0	0.0	0.0	0.0	0.0	0.0	0.0
	3p	-	68	692.0	654.0	592.0	858.0	2796.0	8.0	14.0	8.0	3.0	6.0	3.0	0.0	2.0	2.0	3.0	1.0	1.00.0	0.0	0.0	0.0	0.0	0.0	0.0	2.0	0.0
	3p	-	69	677.0	603.0	582.0	780.0	2642.0	9.0	12.0	11.0	5.0	1.0	1.0	4.0	2.0	6.0	1.0	1.0	1.00.0	0.0	0.0	0.0	0.0	0.0	0.0	0.0	0.0
	3p	-	70	656.0	559.0	550.0	713.0	2478.0	10.0	11.0	7.0	6.0	6.0	1.0	3.0	1.0	4.0	2.0	1.0	1.00.0	0.0	0.0	0.0	0.0	0.0	0.0	0.0	0.0
	3p	-	71	650.0	495.0	531.0	681.0	2357.0	11.0	9.0	12.0	8.0	0.0	3.0	2.0	2.0	1.0	2.0	1.0	4.00.0	0.0	0.0	0.0	0.0	0.0	0.0	0.0	0.0
	3p	-	72	609.0	495.0	470.0	649.0	2223.0	5.0	11.0	10.0	1.0	5.0	2.0	0.0	1.0	3.0	3.0	2.0	1.00.0	0.0	0.0	0.0	0.0	0.0	0.0	0.0	0.0
	3p	-	73	576.0	467.0	463.0	604.0	2110.0	5.0	11.0	5.0	7.0	1.0	1.0	5.0	0.0	3.0	0.0	3.0	3.00.0	0.0	0.0	0.0	0.0	0.0	0.0	0.0	0.0
	3p	-	74	536.0	438.0	416.0	583.0	1973.0	5.0	10.0	7.0	7.0	3.0	0.0	3.0	1.0	2.0	1.0	1.0	2.00.0	0.0	0.0	0.0	0.0	0.0	0.0	0.0	0.0
	3p	-	75	494.0	436.0	380.0	537.0	1847.0	7.0	8.0	8.0	7.0	5.0	1.0	1.0	3.0	2.0	1.0	1.0	3.00.0	0.0	0.0	0.0	0.0	0.0	0.0	1.0	0.0
	3p	-	76	463.0	416.0	375.0	491.0	1745.0	7.0	11.0	5.0	1.0	0.0	4.0	1.0	1.0	5.0	0.0	1.0	3.00.0	0.0	0.0	0.0	1.0	0.0	0.0	0.0	0.0
	3p	-	77	441.0	343.0	363.0	496.0	1643.0	4.0	10.0	5.0	3.0	0.0	0.0	4.0	1.0	2.0	0.0	6.0	2.00.0	0.0	0.0	0.0	2.0	0.0	0.0	0.0	0.0
	3p	-	78	394.0	333.0	357.0	466.0	1550.0	10.0	4.0	6.0	4.0	3.0	1.0	0.0	2.0	2.0	0.0	1.0	2.00.0	0.0	0.0	0.0	0.0	0.0	0.0	0.0	0.0
	3p	-	79	384.0	324.0	336.0	404.0	1448.0	10.0	4.0	5.0	2.0	0.0	0.0	1.0	1.0	1.0	2.0	5.0	3.00.0	0.0	0.0	0.0	0.0	0.0	0.0	0.0	0.0
	3p	-	80	356.0	298.0	293.0	429.0	1376.0	5.0	4.0	6.0	3.0	2.0	1.0	3.0	2.0	5.0	0.0	1.0	3.00.0	0.0	0.0	0.0	0.0	0.0	1.0	0.0	0.0
	3p	-	81	337.0	293.0	278.0	383.0	1291.0	3.0	6.0	3.0	5.0	1.0	2.0	0.0	2.0	4.0	4.0	3.0	3.00.0	0.0	0.0	0.0	0.0	0.0	0.0	0.0	0.0
	3p	-	82	341.0	275.0	246.0	361.0	1223.0	3.0	3.0	3.0	4.0	2.0	1.0	1.0	1.0	2.0	2.0	1.0	1.00.0	0.0	0.0	0.0	0.0	0.0	0.0	0.0	0.0
	3p	-	83	319.0	286.0	253.0	304.0	1162.0	0.0	4.0	3.0	7.0	0.0	2.0	3.0	2.0	2.0	2.0	0.0	0.00.0	0.0	0.0	0.0	0.0	0.0	0.0	0.0	0.0
	3p	-	84	318.0	241.0	223.0	311.0	1093.0	2.0	6.0	1.0	2.0	2.0	0.0	0.0	2.0	1.0	1.0	0.0	0.00.0	0.0	0.0	0.0	0.0	0.0	0.0	0.0	0.0
	3p	-	85	273.0	251.0	217.0	293.0	1034.0	4.0	4.0	5.0	1.0	0.0	1.0	4.0	2.0	2.0	0.0	0.0	1.00.0	0.0	0.0	0.0	0.0	0.0	0.0	0.0	0.0
	3p	-	86	262.0	226.0	208.0	291.0	987.0	4.0	6.0	2.0	2.0	0.0	1.0	0.0	1.0	2.0	1.0	0.0	0.00.0	0.0	0.0	0.0	0.0	0.0	0.0	0.0	0.0
	3p	-	87	210.0	228.0	211.0	277.0	926.0	3.0	8.0	4.0	3.0	5.0	1.0	2.0	1.0	1.0	0.0	4.0	0.00.0	0.0	0.0	0.0	0.0	0.0	0.0	0.0	0.0
	3p	-	88	235.0	183.0	176.0	272.0	866.0	2.0	5.0	4.0	6.0	1.0	0.0	2.0	0.0	0.0	2.0	2.0	0.00.0	0.0	0.0	0.0	0.0	0.0	0.0	0.0	0.0
	3p	-	89	237.0	175.0	171.0	227.0	810.0	3.0	5.0	0.0	4.0	1.0	0.0	0.0	0.0	6.0	0.0	0.0	1.00.0	0.0	0.0	0.0	0.0	0.0	0.0	0.0	0.0
	3p	-	90	197.0	169.0	171.0	217.0	754.0	4.0	4.0	0.0	3.0	2.0	1.0	1.0	0.0	3.0	0.0	1.0	2.00.0	0.0	0.0	0.0	0.0	0.0	0.0	0.0	0.0
	3p	-	91	168.0	162.0	162.0	227.0	719.0	3.0	1.0	4.0	5.0	1.0	0.0	0.0	0.0	0.0	2.0	0.0	2.00.0	0.0	0.0	0.0	0.0	0.0	0.0	0.0	0.0
	3p	-	92	183.0	155.0	161.0	179.0	678.0	6.0	4.0	2.0	2.0	0.0	0.0	1.0	0.0	1.0	0.0	0.0	0.00.0	0.0	0.0	0.0	0.0	0.0	0.0	0.0	0.0
	3p	-	93	164.0	159.0	133.0	183.0	639.0	2.0	3.0	0.0	4.0	2.0	0.0	1.0	0.0	1.0	0.0	0.0	1.00.0	0.0	0.0	0.0	0.0	0.0	0.0	0.0	0.0
	3p	-	94	169.0	137.0	125.0	175.0	606.0	2.0	5.0	4.0	1.0	2.0	1.0	1.0	0.0	1.0	1.0	1.0	0.00.0	0.0	0.0	0.0	0.0	0.0	0.0	0.0	0.0
	3p	-	95	157.0	135.0	102.0	184.0	578.0	0.0	3.0	0.0	2.0	1.0	0.0	1.0	1.0	1.0	1.0	1.0	0.00.0	0.0	0.0	0.0	0.0	0.0	0.0	0.0	0.0
	3p	-	96	135.0	153.0	112.0	139.0	539.0	1.0	3.0	2.0	2.0	1.0	1.0	0.0	0.0	1.0	2.0	1.0	1.00.0	0.0	0.0	0.0	0.0	0.0	0.0	0.0	0.0
	3p	-	97	139.0	123.0	92.0	162.0	516.0	0.0	1.0	1.0	1.0	2.0	0.0	2.0	1.0	0.0	1.0	0.0	1.00.0	0.0	0.0	0.0	0.0	0.0	0.0	0.0	0.0
	3p	-	98	139.0	114.0	92.0	134.0	479.0	0.0	4.0	0.0	1.0	0.0	0.0	0.0	0.0	1.0	2.0	1.0	1.00.0	0.0	0.0	0.0	0.0	0.0	0.0	0.0	0.0
	3p	-	99	140.0	97.0	97.0	117.0	451.0	0.0	5.0	4.0	3.0	1.0	0.0	1.0	0.0	0.0	0.0	0.0	0.00.0	0.0	0.0	0.0	0.0	0.0	0.0	0.0	0.0
	3p	-	100	118.0	98.0	84.0	120.0	420.0	0.0	0.0	0.0	1.0	0.0	1.0	0.0	0.0	0.0	0.0	0.0	0.00.0	0.0	0.0	0.0	0.0	0.0	0.0	0.0	0.0
	5p	+	1	7122.0	7318.0	5148.0	5360.0	24948.0	125.0	203.0	77.0	124.0	42.0	36.0	23.0	34.0	30.0	26.0	40.0	26.00.0	0.0	0.0	0.0	0.0	0.0	0.0	0.0	0.0
	5p	+	2	4297.0	6110.0	6887.0	7651.0	24945.0	78.0	176.0	112.0	111.0	41.0	31.0	26.0	16.0	41.0	16.0	38.0	36.00.0	0.0	0.0	0.0	1.0	0.0	0.0	0.0	0.0
	5p	+	3	5522.0	6839.0	6237.0	6345.0	24943.0	81.0	135.0	114.0	100.0	21.0	19.0	34.0	25.0	37.0	16.0	27.0	29.00.0	0.0	0.0	0.0	0.0	0.0	2.0	0.0	0.0
	5p	+	4	6589.0	6868.0	4482.0	7000.0	24939.0	117.0	142.0	74.0	88.0	26.0	29.0	15.0	25.0	24.0	19.0	29.0	33.00.0	0.0	0.0	0.0	2.0	0.0	4.0	0.0	0.0
	5p	+	5	6654.0	6161.0	5041.0	7075.0	24931.0	82.0	144.0	82.0	89.0	30.0	18.0	30.0	28.0	22.0	15.0	19.0	37.00.0	0.0	0.0	0.0	5.0	0.0	4.0	3.0	0.0
	5p	+	6	6228.0	5849.0	5959.0	6892.0	24928.0	79.0	126.0	91.0	71.0	29.0	18.0	32.0	21.0	22.0	13.0	22.0	22.00.0	0.0	0.0	0.0	7.0	0.0	3.0	5.0	0.0
	5p	+	7	6491.0	5745.0	6427.0	6263.0	24926.0	107.0	110.0	94.0	89.0	22.0	16.0	27.0	22.0	20.0	13.0	21.0	22.00.0	0.0	0.0	0.0	7.0	0.0	5.0	2.0	0.0
	5p	+	8	6257.0	6223.0	6088.0	6367.0	24935.0	73.0	107.0	101.0	92.0	25.0	19.0	26.0	26.0	20.0	8.0	21.0	20.00.0	0.0	0.0	0.0	2.0	0.0	4.0	5.0	0.0
	5p	+	9	6000.0	6148.0	6135.0	6652.0	24935.0	90.0	112.0	78.0	88.0	34.0	18.0	31.0	30.0	38.0	7.0	30.0	24.00.0	0.0	0.0	0.0	6.0	0.0	3.0	3.0	0.0
	5p	+	10	6293.0	5853.0	6053.0	6735.0	24934.0	82.0	124.0	99.0	97.0	38.0	20.0	22.0	21.0	36.0	16.0	19.0	21.00.0	0.0	0.0	0.0	1.0	0.0	3.0	3.0	0.0
	5p	+	11	6071.0	6214.0	6236.0	6411.0	24932.0	87.0	117.0	103.0	97.0	23.0	19.0	21.0	14.0	28.0	9.0	21.0	17.00.0	0.0	0.0	0.0	4.0	0.0	5.0	6.0	0.0
	5p	+	12	6048.0	6144.0	6383.0	6357.0	24932.0	81.0	106.0	95.0	82.0	21.0	15.0	25.0	25.0	25.0	12.0	28.0	32.00.0	0.0	0.0	0.0	6.0	0.0	3.0	5.0	0.0
	5p	+	13	6146.0	6124.0	6317.0	6345.0	24932.0	74.0	100.0	109.0	76.0	21.0	13.0	24.0	21.0	30.0	11.0	22.0	25.00.0	0.0	0.0	0.0	5.0	0.0	7.0	0.0	0.0
	5p	+	14	6041.0	6200.0	6440.0	6243.0	24924.0	82.0	97.0	101.0	90.0	30.0	16.0	29.0	14.0	30.0	15.0	29.0	27.00.0	0.0	0.0	0.0	10.0	0.0	6.0	4.0	0.0
	5p	+	15	6158.0	6278.0	6333.0	6158.0	24927.0	84.0	95.0	129.0	105.0	26.0	9.0	32.0	17.0	25.0	12.0	25.0	24.00.0	0.0	0.0	0.0	10.0	0.0	6.0	4.0	0.0
	5p	+	16	6172.0	6228.0	6351.0	6174.0	24925.0	87.0	80.0	114.0	104.0	28.0	14.0	21.0	33.0	23.0	8.0	34.0	16.00.0	0.0	0.0	0.0	10.0	0.0	7.0	4.0	0.0
	5p	+	17	6217.0	6168.0	6407.0	6131.0	24923.0	85.0	99.0	113.0	95.0	26.0	13.0	20.0	27.0	22.0	7.0	23.0	14.00.0	0.0	0.0	0.0	9.0	0.0	7.0	3.0	0.0
	5p	+	18	6103.0	6289.0	6394.0	6129.0	24915.0	91.0	81.0	97.0	92.0	29.0	9.0	29.0	16.0	22.0	14.0	23.0	26.00.0	0.0	0.0	0.0	9.0	0.0	7.0	10.0	0.0
	5p	+	19	6077.0	6289.0	6383.0	6175.0	24924.0	107.0	104.0	91.0	80.0	25.0	15.0	22.0	19.0	23.0	14.0	22.0	15.00.0	0.0	0.0	0.0	6.0	0.0	5.0	5.0	0.0
	5p	+	20	6214.0	6123.0	6430.0	6158.0	24925.0	96.0	80.0	115.0	78.0	29.0	13.0	36.0	21.0	22.0	15.0	20.0	23.00.0	0.0	0.0	0.0	5.0	0.0	2.0	6.0	0.0
	5p	+	21	6172.0	6323.0	6294.0	6142.0	24931.0	93.0	70.0	95.0	86.0	24.0	19.0	29.0	25.0	27.0	9.0	27.0	28.00.0	0.0	0.0	0.0	4.0	0.0	3.0	6.0	0.0
	5p	+	22	6131.0	6266.0	6255.0	6278.0	24930.0	84.0	90.0	91.0	84.0	29.0	15.0	21.0	29.0	24.0	12.0	27.0	26.00.0	0.0	0.0	0.0	4.0	0.0	2.0	9.0	0.0
	5p	+	23	6172.0	6202.0	6352.0	6197.0	24923.0	102.0	87.0	95.0	98.0	22.0	11.0	20.0	28.0	25.0	20.0	26.0	30.00.0	0.0	0.0	0.0	7.0	0.0	8.0	8.0	0.0
	5p	+	24	6137.0	6377.0	6338.0	6074.0	24926.0	90.0	91.0	104.0	91.0	26.0	7.0	24.0	17.0	25.0	17.0	31.0	28.00.0	0.0	0.0	0.0	8.0	0.0	5.0	4.0	0.0
	5p	+	25	6304.0	6370.0	6157.0	6094.0	24925.0	93.0	91.0	102.0	104.0	29.0	14.0	22.0	18.0	22.0	14.0	15.0	22.00.0	0.0	0.0	0.0	7.0	0.0	8.0	6.0	0.0
	5p	+	26	6305.0	6269.0	6248.0	6104.0	24926.0	114.0	82.0	93.0	101.0	26.0	14.0	23.0	24.0	31.0	9.0	21.0	23.00.0	0.0	0.0	0.0	8.0	0.0	7.0	3.0	0.0
	5p	+	27	6241.0	6224.0	6189.0	6274.0	24928.0	104.0	97.0	100.0	101.0	34.0	10.0	25.0	27.0	31.0	15.0	21.0	29.00.0	0.0	0.0	0.0	8.0	0.0	4.0	3.0	0.0
	5p	+	28	6323.0	6399.0	6134.0	6068.0	24924.0	104.0	113.0	104.0	74.0	28.0	18.0	29.0	19.0	31.0	10.0	20.0	17.00.0	0.0	0.0	0.0	6.0	0.0	6.0	5.0	0.0
	5p	+	29	6336.0	6294.0	6173.0	6115.0	24918.0	123.0	88.0	85.0	91.0	28.0	14.0	28.0	26.0	30.0	15.0	23.0	25.00.0	0.0	0.0	0.0	13.0	0.0	3.0	7.0	0.0
	5p	+	30	6209.0	6199.0	6252.0	6263.0	24923.0	117.0	78.0	73.0	96.0	26.0	13.0	28.0	28.0	27.0	13.0	18.0	18.00.0	0.0	0.0	0.0	9.0	0.0	4.0	4.0	0.0
	5p	+	31	6241.0	5899.0	6015.0	6084.0	24239.0	119.0	98.0	81.0	93.0	35.0	14.0	25.0	24.0	30.0	18.0	21.0	21.00.0	0.0	0.0	0.0	4.0	0.0	8.0	1.0	0.0
	5p	+	32	6061.0	5727.0	5787.0	5928.0	23503.0	103.0	89.0	105.0	89.0	27.0	16.0	19.0	22.0	29.0	15.0	20.0	25.00.0	0.0	0.0	0.0	4.0	0.0	1.0	3.0	0.0
	5p	+	33	6026.0	5489.0	5456.0	5753.0	22724.0	95.0	79.0	83.0	95.0	26.0	16.0	23.0	14.0	34.0	17.0	22.0	26.00.0	0.0	0.0	0.0	5.0	0.0	5.0	2.0	0.0
	5p	+	34	5817.0	5182.0	5490.0	5373.0	21862.0	94.0	74.0	86.0	63.0	31.0	19.0	30.0	15.0	19.0	7.0	16.0	25.00.0	0.0	0.0	0.0	5.0	0.0	2.0	6.0	0.0
	5p	+	35	5698.0	4932.0	5114.0	5252.0	20996.0	97.0	86.0	79.0	69.0	21.0	14.0	13.0	22.0	24.0	12.0	18.0	15.00.0	0.0	0.0	0.0	5.0	0.0	6.0	1.0	0.0
	5p	+	36	5398.0	4727.0	4836.0	5154.0	20115.0	81.0	70.0	72.0	94.0	22.0	17.0	27.0	15.0	22.0	7.0	10.0	21.00.0	0.0	0.0	0.0	2.0	0.0	1.0	1.0	0.0
	5p	+	37	5049.0	4581.0	4603.0	4907.0	19140.0	82.0	63.0	60.0	75.0	24.0	10.0	23.0	12.0	19.0	21.0	28.0	17.00.0	0.0	0.0	0.0	2.0	0.0	3.0	0.0	0.0
	5p	+	38	5013.0	4277.0	4279.0	4636.0	18205.0	97.0	53.0	71.0	61.0	19.0	8.0	22.0	19.0	21.0	16.0	25.0	13.00.0	0.0	0.0	0.0	2.0	0.0	3.0	0.0	0.0
	5p	+	39	4638.0	4065.0	4125.0	4480.0	17308.0	78.0	67.0	69.0	64.0	11.0	13.0	9.0	16.0	8.0	14.0	14.0	17.00.0	0.0	0.0	0.0	4.0	0.0	3.0	0.0	0.0
	5p	+	40	4489.0	3737.0	3867.0	4298.0	16391.0	74.0	61.0	57.0	70.0	19.0	12.0	17.0	13.0	16.0	14.0	18.0	13.00.0	0.0	0.0	0.0	6.0	0.0	1.0	4.0	0.0
	5p	+	41	4308.0	3602.0	3640.0	3930.0	15480.0	71.0	45.0	44.0	62.0	18.0	7.0	18.0	16.0	21.0	17.0	12.0	14.00.0	0.0	0.0	0.0	3.0	0.0	3.0	7.0	0.0
	5p	+	42	4070.0	3409.0	3333.0	3836.0	14648.0	54.0	56.0	45.0	61.0	9.0	7.0	13.0	17.0	18.0	13.0	13.0	19.00.0	0.0	0.0	0.0	4.0	0.0	3.0	3.0	0.0
	5p	+	43	3841.0	3116.0	3178.0	3666.0	13801.0	64.0	44.0	43.0	40.0	12.0	8.0	16.0	6.0	9.0	9.0	13.0	15.00.0	0.0	0.0	0.0	3.0	0.0	2.0	2.0	0.0
	5p	+	44	3619.0	2886.0	3064.0	3438.0	13007.0	67.0	37.0	40.0	43.0	10.0	11.0	17.0	22.0	15.0	9.0	9.0	13.00.0	0.0	0.0	0.0	1.0	0.0	2.0	4.0	0.0
	5p	+	45	3454.0	2878.0	2754.0	3157.0	12243.0	55.0	53.0	39.0	45.0	16.0	11.0	9.0	14.0	11.0	10.0	10.0	5.00.0	0.0	0.0	0.0	5.0	0.0	1.0	0.0	0.0
	5p	+	46	3266.0	2656.0	2512.0	3083.0	11517.0	54.0	33.0	31.0	37.0	13.0	7.0	11.0	18.0	23.0	9.0	17.0	11.00.0	0.0	0.0	0.0	3.0	0.0	0.0	6.0	0.0
	5p	+	47	3065.0	2425.0	2481.0	2863.0	10834.0	59.0	39.0	39.0	31.0	15.0	9.0	12.0	18.0	12.0	10.0	9.0	12.00.0	0.0	0.0	0.0	1.0	0.0	2.0	5.0	0.0
	5p	+	48	2855.0	2228.0	2415.0	2593.0	10091.0	47.0	39.0	36.0	28.0	15.0	6.0	12.0	8.0	12.0	9.0	10.0	6.00.0	0.0	0.0	0.0	3.0	0.0	3.0	0.0	0.0
	5p	+	49	2651.0	2137.0	2120.0	2548.0	9456.0	40.0	26.0	39.0	35.0	6.0	4.0	4.0	18.0	12.0	6.0	5.0	12.00.0	0.0	0.0	0.0	4.0	0.0	0.0	0.0	0.0
	5p	+	50	2555.0	1928.0	2058.0	2365.0	8906.0	45.0	34.0	32.0	36.0	6.0	7.0	5.0	13.0	9.0	10.0	12.0	9.00.0	0.0	0.0	0.0	1.0	0.0	1.0	0.0	0.0
	5p	+	51	2368.0	1833.0	1917.0	2246.0	8364.0	46.0	33.0	37.0	28.0	15.0	13.0	10.0	12.0	8.0	5.0	7.0	9.00.0	0.0	0.0	0.0	2.0	0.0	2.0	0.0	0.0
	5p	+	52	2221.0	1707.0	1784.0	2084.0	7796.0	40.0	28.0	20.0	36.0	10.0	7.0	5.0	14.0	13.0	3.0	7.0	8.00.0	0.0	0.0	0.0	0.0	0.0	0.0	0.0	0.0
	5p	+	53	2007.0	1631.0	1652.0	1953.0	7243.0	42.0	23.0	19.0	32.0	5.0	5.0	7.0	9.0	12.0	3.0	5.0	4.00.0	0.0	0.0	0.0	2.0	0.0	0.0	0.0	0.0
	5p	+	54	1961.0	1452.0	1517.0	1783.0	6713.0	30.0	21.0	30.0	18.0	7.0	6.0	8.0	6.0	8.0	3.0	7.0	5.00.0	0.0	0.0	0.0	0.0	0.0	2.0	0.0	0.0
	5p	+	55	1813.0	1364.0	1363.0	1717.0	6257.0	24.0	18.0	21.0	24.0	3.0	4.0	10.0	6.0	11.0	8.0	4.0	5.00.0	0.0	0.0	0.0	1.0	0.0	0.0	1.0	0.0
	5p	+	56	1657.0	1247.0	1359.0	1582.0	5845.0	26.0	18.0	17.0	25.0	9.0	4.0	2.0	6.0	5.0	3.0	3.0	7.00.0	0.0	0.0	0.0	2.0	0.0	3.0	0.0	0.0
	5p	+	57	1580.0	1238.0	1202.0	1461.0	5481.0	30.0	15.0	24.0	20.0	3.0	3.0	2.0	7.0	10.0	5.0	5.0	3.00.0	0.0	0.0	0.0	0.0	0.0	1.0	0.0	0.0
	5p	+	58	1510.0	1147.0	1097.0	1382.0	5136.0	25.0	22.0	23.0	23.0	7.0	4.0	5.0	0.0	5.0	1.0	1.0	12.00.0	0.0	0.0	0.0	1.0	0.0	0.0	0.0	0.0
	5p	+	59	1390.0	1056.0	1056.0	1290.0	4792.0	18.0	12.0	20.0	16.0	4.0	5.0	3.0	5.0	6.0	2.0	5.0	4.00.0	0.0	0.0	0.0	2.0	0.0	0.0	0.0	0.0
	5p	+	60	1318.0	1013.0	1004.0	1151.0	4486.0	28.0	12.0	10.0	12.0	10.0	3.0	3.0	6.0	5.0	4.0	2.0	3.00.0	0.0	0.0	0.0	0.0	0.0	2.0	1.0	0.0
	5p	+	61	1206.0	920.0	928.0	1174.0	4228.0	32.0	15.0	17.0	16.0	4.0	1.0	3.0	6.0	3.0	1.0	5.0	4.00.0	0.0	0.0	0.0	3.0	0.0	0.0	0.0	0.0
	5p	+	62	1148.0	842.0	900.0	1064.0	3954.0	13.0	14.0	19.0	11.0	7.0	2.0	2.0	4.0	5.0	3.0	0.0	5.00.0	0.0	0.0	0.0	1.0	0.0	0.0	0.0	0.0
	5p	+	63	1024.0	872.0	824.0	984.0	3704.0	22.0	12.0	18.0	12.0	6.0	2.0	2.0	7.0	5.0	5.0	1.0	3.00.0	0.0	0.0	0.0	0.0	0.0	0.0	1.0	0.0
	5p	+	64	995.0	776.0	741.0	950.0	3462.0	14.0	9.0	15.0	14.0	3.0	1.0	2.0	5.0	5.0	1.0	5.0	2.00.0	0.0	0.0	0.0	0.0	0.0	1.0	0.0	0.0
	5p	+	65	967.0	673.0	701.0	901.0	3242.0	11.0	9.0	12.0	8.0	2.0	1.0	1.0	0.0	3.0	3.0	1.0	5.00.0	0.0	0.0	0.0	1.0	0.0	1.0	0.0	0.0
	5p	+	66	837.0	635.0	760.0	809.0	3041.0	22.0	7.0	10.0	7.0	4.0	5.0	1.0	1.0	1.0	5.0	5.0	2.00.0	0.0	0.0	0.0	0.0	0.0	1.0	1.0	0.0
	5p	+	67	839.0	633.0	641.0	737.0	2850.0	14.0	7.0	8.0	8.0	7.0	1.0	2.0	5.0	3.0	1.0	4.0	5.00.0	0.0	0.0	0.0	0.0	0.0	0.0	0.0	0.0
	5p	+	68	803.0	569.0	569.0	726.0	2667.0	15.0	11.0	10.0	7.0	5.0	1.0	5.0	3.0	2.0	1.0	4.0	3.00.0	0.0	0.0	0.0	0.0	0.0	0.0	0.0	0.0
	5p	+	69	740.0	550.0	556.0	628.0	2474.0	8.0	5.0	5.0	14.0	3.0	1.0	2.0	3.0	5.0	0.0	3.0	1.00.0	0.0	0.0	0.0	1.0	0.0	0.0	0.0	0.0
	5p	+	70	694.0	501.0	512.0	617.0	2324.0	6.0	8.0	9.0	6.0	8.0	2.0	3.0	1.0	3.0	1.0	2.0	3.00.0	0.0	0.0	0.0	0.0	0.0	0.0	1.0	0.0
	5p	+	71	629.0	473.0	489.0	589.0	2180.0	5.0	8.0	3.0	6.0	6.0	2.0	1.0	6.0	4.0	2.0	0.0	0.00.0	0.0	0.0	0.0	0.0	0.0	0.0	0.0	0.0
	5p	+	72	616.0	430.0	461.0	522.0	2029.0	12.0	13.0	8.0	3.0	2.0	3.0	3.0	5.0	6.0	2.0	1.0	1.00.0	0.0	0.0	0.0	0.0	0.0	1.0	0.0	0.0
	5p	+	73	567.0	397.0	405.0	544.0	1913.0	11.0	9.0	7.0	7.0	3.0	2.0	2.0	3.0	5.0	2.0	1.0	3.00.0	0.0	0.0	0.0	0.0	0.0	0.0	0.0	0.0
	5p	+	74	564.0	395.0	379.0	464.0	1802.0	10.0	8.0	3.0	3.0	4.0	1.0	1.0	2.0	3.0	0.0	0.0	0.00.0	0.0	0.0	0.0	0.0	0.0	0.0	0.0	0.0
	5p	+	75	484.0	362.0	397.0	458.0	1701.0	12.0	7.0	9.0	7.0	2.0	2.0	2.0	2.0	2.0	2.0	0.0	2.00.0	0.0	0.0	0.0	0.0	0.0	0.0	0.0	0.0
	5p	+	76	446.0	365.0	339.0	448.0	1598.0	6.0	3.0	7.0	5.0	1.0	2.0	5.0	1.0	1.0	0.0	3.0	0.00.0	0.0	0.0	0.0	1.0	0.0	0.0	0.0	0.0
	5p	+	77	464.0	306.0	334.0	412.0	1516.0	7.0	4.0	2.0	9.0	2.0	0.0	1.0	5.0	2.0	1.0	3.0	1.00.0	0.0	0.0	0.0	1.0	0.0	0.0	0.0	0.0
	5p	+	78	449.0	319.0	304.0	365.0	1437.0	9.0	5.0	4.0	2.0	0.0	1.0	1.0	2.0	1.0	0.0	2.0	1.00.0	0.0	0.0	0.0	0.0	0.0	0.0	1.0	0.0
	5p	+	79	412.0	291.0	296.0	354.0	1353.0	10.0	2.0	3.0	4.0	5.0	2.0	0.0	0.0	0.0	2.0	2.0	3.00.0	0.0	0.0	0.0	0.0	0.0	0.0	0.0	0.0
	5p	+	80	393.0	282.0	301.0	305.0	1281.0	7.0	6.0	5.0	4.0	0.0	1.0	1.0	1.0	1.0	1.0	0.0	2.00.0	0.0	0.0	0.0	1.0	0.0	0.0	0.0	0.0
	5p	+	81	388.0	261.0	257.0	301.0	1207.0	5.0	4.0	6.0	2.0	1.0	2.0	1.0	0.0	1.0	0.0	0.0	0.00.0	0.0	0.0	0.0	1.0	0.0	0.0	0.0	0.0
	5p	+	82	339.0	256.0	238.0	308.0	1141.0	6.0	3.0	4.0	3.0	2.0	0.0	0.0	0.0	0.0	4.0	0.0	1.00.0	0.0	0.0	0.0	0.0	0.0	1.0	0.0	0.0
	5p	+	83	301.0	240.0	240.0	300.0	1081.0	2.0	3.0	2.0	3.0	1.0	0.0	2.0	1.0	0.0	0.0	0.0	2.00.0	0.0	0.0	0.0	0.0	0.0	0.0	0.0	0.0
	5p	+	84	301.0	222.0	241.0	260.0	1024.0	4.0	6.0	1.0	1.0	0.0	4.0	0.0	0.0	3.0	0.0	2.0	0.00.0	0.0	0.0	0.0	0.0	0.0	0.0	0.0	0.0
	5p	+	85	284.0	205.0	216.0	267.0	972.0	5.0	2.0	6.0	1.0	2.0	1.0	0.0	1.0	0.0	0.0	2.0	0.00.0	0.0	0.0	0.0	0.0	0.0	0.0	0.0	0.0
	5p	+	86	253.0	203.0	218.0	240.0	914.0	3.0	5.0	2.0	5.0	3.0	1.0	3.0	4.0	0.0	1.0	0.0	3.00.0	0.0	0.0	0.0	0.0	0.0	0.0	0.0	0.0
	5p	+	87	261.0	168.0	226.0	207.0	862.0	6.0	2.0	2.0	4.0	2.0	3.0	0.0	1.0	0.0	0.0	2.0	0.00.0	0.0	0.0	0.0	0.0	0.0	0.0	0.0	0.0
	5p	+	88	237.0	176.0	174.0	221.0	808.0	1.0	2.0	6.0	1.0	2.0	1.0	2.0	0.0	0.0	0.0	0.0	1.00.0	0.0	0.0	0.0	0.0	0.0	0.0	0.0	0.0
	5p	+	89	246.0	176.0	159.0	189.0	770.0	0.0	4.0	5.0	3.0	3.0	0.0	1.0	2.0	0.0	2.0	1.0	1.00.0	0.0	0.0	0.0	0.0	0.0	0.0	0.0	0.0
	5p	+	90	230.0	150.0	151.0	190.0	721.0	3.0	5.0	2.0	2.0	1.0	0.0	1.0	1.0	1.0	2.0	0.0	1.00.0	0.0	0.0	0.0	0.0	0.0	0.0	0.0	0.0
	5p	+	91	218.0	131.0	162.0	174.0	685.0	3.0	5.0	4.0	2.0	1.0	4.0	0.0	0.0	2.0	2.0	1.0	0.00.0	0.0	0.0	0.0	0.0	0.0	0.0	0.0	0.0
	5p	+	92	191.0	133.0	153.0	167.0	644.0	2.0	2.0	3.0	0.0	0.0	2.0	1.0	0.0	0.0	2.0	0.0	2.00.0	0.0	0.0	0.0	0.0	0.0	0.0	0.0	0.0
	5p	+	93	178.0	138.0	133.0	167.0	616.0	2.0	3.0	4.0	1.0	1.0	0.0	0.0	0.0	1.0	0.0	1.0	0.00.0	0.0	0.0	0.0	0.0	0.0	0.0	0.0	0.0
	5p	+	94	183.0	118.0	124.0	164.0	589.0	2.0	1.0	1.0	6.0	0.0	2.0	0.0	0.0	0.0	0.0	1.0	1.00.0	0.0	0.0	0.0	0.0	0.0	0.0	0.0	0.0
	5p	+	95	185.0	122.0	111.0	141.0	559.0	3.0	1.0	3.0	3.0	1.0	1.0	0.0	0.0	2.0	0.0	0.0	1.00.0	0.0	0.0	0.0	0.0	0.0	0.0	0.0	0.0
	5p	+	96	161.0	108.0	136.0	126.0	531.0	1.0	1.0	2.0	0.0	2.0	1.0	0.0	0.0	2.0	2.0	0.0	0.00.0	0.0	0.0	0.0	0.0	0.0	0.0	0.0	0.0
	5p	+	97	143.0	116.0	105.0	147.0	511.0	3.0	2.0	0.0	2.0	0.0	0.0	0.0	1.0	0.0	1.0	0.0	0.00.0	0.0	0.0	0.0	0.0	0.0	0.0	0.0	0.0
	5p	+	98	136.0	89.0	120.0	149.0	494.0	4.0	0.0	3.0	3.0	2.0	1.0	1.0	0.0	1.0	1.0	0.0	1.00.0	0.0	0.0	0.0	0.0	0.0	0.0	0.0	0.0
	5p	+	99	153.0	85.0	110.0	113.0	461.0	0.0	0.0	2.0	3.0	1.0	1.0	0.0	1.0	0.0	0.0	1.0	0.00.0	0.0	0.0	0.0	0.0	0.0	0.0	0.0	0.0
	5p	+	100	110.0	99.0	118.0	109.0	436.0	2.0	1.0	1.0	2.0	1.0	0.0	1.0	0.0	1.0	0.0	0.0	1.00.0	0.0	0.0	0.0	0.0	0.0	0.0	0.0	0.0
	5p	-	1	6998.0	7412.0	5280.0	5484.0	25174.0	120.0	225.0	90.0	112.0	47.0	22.0	20.0	33.0	22.0	38.0	35.0	18.00.0	0.0	0.0	0.0	0.0	0.0	0.0	0.0	0.0
	5p	-	2	4232.0	6252.0	6975.0	7716.0	25175.0	72.0	193.0	133.0	112.0	42.0	27.0	30.0	23.0	37.0	15.0	34.0	37.00.0	0.0	0.0	0.0	0.0	0.0	0.0	0.0	0.0
	5p	-	3	5448.0	6940.0	6358.0	6429.0	25175.0	111.0	126.0	126.0	92.0	37.0	19.0	29.0	26.0	36.0	17.0	33.0	27.00.0	0.0	0.0	0.0	0.0	0.0	0.0	0.0	0.0
	5p	-	4	6538.0	6983.0	4495.0	7158.0	25174.0	97.0	136.0	73.0	91.0	39.0	21.0	15.0	28.0	18.0	19.0	33.0	35.00.0	0.0	0.0	0.0	1.0	0.0	0.0	1.0	0.0
	5p	-	5	6540.0	6239.0	5111.0	7277.0	25167.0	89.0	137.0	86.0	91.0	16.0	22.0	21.0	34.0	26.0	21.0	33.0	35.00.0	0.0	0.0	0.0	2.0	0.0	3.0	2.0	0.0
	5p	-	6	6042.0	5855.0	6066.0	7206.0	25169.0	75.0	130.0	107.0	99.0	29.0	16.0	17.0	24.0	26.0	19.0	25.0	26.00.0	0.0	0.0	0.0	1.0	0.0	1.0	3.0	0.0
	5p	-	7	6507.0	5883.0	6348.0	6427.0	25165.0	95.0	112.0	84.0	86.0	30.0	20.0	25.0	34.0	29.0	10.0	26.0	21.00.0	0.0	0.0	0.0	3.0	0.0	1.0	5.0	0.0
	5p	-	8	6131.0	6283.0	6148.0	6599.0	25161.0	90.0	109.0	81.0	91.0	39.0	21.0	28.0	21.0	31.0	17.0	29.0	30.00.0	0.0	0.0	0.0	4.0	0.0	5.0	5.0	0.0
	5p	-	9	6083.0	6135.0	6088.0	6858.0	25164.0	91.0	113.0	88.0	89.0	21.0	16.0	22.0	23.0	30.0	16.0	23.0	14.00.0	0.0	0.0	0.0	3.0	0.0	4.0	4.0	0.0
	5p	-	10	6203.0	5935.0	6116.0	6910.0	25164.0	92.0	105.0	85.0	104.0	20.0	18.0	31.0	22.0	35.0	14.0	22.0	19.00.0	0.0	0.0	0.0	1.0	0.0	8.0	1.0	0.0
	5p	-	11	6024.0	6314.0	6445.0	6369.0	25152.0	90.0	92.0	102.0	85.0	28.0	16.0	22.0	14.0	17.0	15.0	27.0	24.00.0	0.0	0.0	0.0	2.0	0.0	8.0	5.0	0.0
	5p	-	12	6042.0	6366.0	6357.0	6391.0	25156.0	91.0	91.0	101.0	113.0	28.0	15.0	31.0	29.0	26.0	18.0	22.0	25.00.0	0.0	0.0	0.0	7.0	0.0	3.0	5.0	0.0
	5p	-	13	6147.0	6288.0	6356.0	6366.0	25157.0	85.0	111.0	92.0	118.0	13.0	15.0	24.0	20.0	20.0	15.0	23.0	18.00.0	0.0	0.0	0.0	5.0	0.0	8.0	3.0	0.0
	5p	-	14	6069.0	6223.0	6459.0	6400.0	25151.0	96.0	115.0	90.0	93.0	31.0	14.0	12.0	23.0	26.0	18.0	31.0	22.00.0	0.0	0.0	0.0	5.0	0.0	9.0	9.0	0.0
	5p	-	15	6140.0	6188.0	6517.0	6307.0	25152.0	84.0	95.0	99.0	100.0	23.0	12.0	24.0	32.0	18.0	13.0	22.0	25.00.0	0.0	0.0	0.0	5.0	0.0	5.0	6.0	0.0
	5p	-	16	6140.0	6294.0	6383.0	6341.0	25158.0	83.0	93.0	95.0	78.0	26.0	12.0	30.0	23.0	34.0	20.0	15.0	24.00.0	0.0	0.0	0.0	4.0	0.0	4.0	6.0	0.0
	5p	-	17	6160.0	6212.0	6449.0	6339.0	25160.0	88.0	91.0	101.0	100.0	28.0	15.0	28.0	30.0	27.0	14.0	23.0	17.00.0	0.0	0.0	0.0	7.0	0.0	3.0	3.0	0.0
	5p	-	18	6094.0	6352.0	6455.0	6253.0	25154.0	78.0	109.0	98.0	106.0	27.0	9.0	25.0	24.0	24.0	16.0	25.0	29.00.0	0.0	0.0	0.0	10.0	0.0	7.0	4.0	0.0
	5p	-	19	6030.0	6360.0	6512.0	6249.0	25151.0	94.0	96.0	98.0	102.0	27.0	13.0	25.0	34.0	30.0	12.0	10.0	21.00.0	0.0	0.0	0.0	6.0	0.0	11.0	4.0	0.0
	5p	-	20	6134.0	6420.0	6386.0	6207.0	25147.0	86.0	94.0	99.0	95.0	18.0	17.0	23.0	25.0	28.0	11.0	16.0	26.00.0	0.0	0.0	0.0	9.0	0.0	3.0	8.0	0.0
	5p	-	21	6189.0	6374.0	6361.0	6225.0	25149.0	92.0	97.0	98.0	99.0	29.0	16.0	26.0	34.0	28.0	14.0	16.0	19.00.0	0.0	0.0	0.0	9.0	0.0	3.0	10.0	0.0
	5p	-	22	6167.0	6358.0	6476.0	6155.0	25156.0	91.0	92.0	99.0	72.0	24.0	12.0	20.0	23.0	30.0	13.0	22.0	18.00.0	0.0	0.0	0.0	4.0	0.0	6.0	4.0	0.0
	5p	-	23	6226.0	6248.0	6359.0	6319.0	25152.0	79.0	90.0	96.0	84.0	31.0	12.0	20.0	22.0	27.0	10.0	22.0	20.00.0	0.0	0.0	0.0	7.0	0.0	4.0	7.0	0.0
	5p	-	24	6202.0	6178.0	6475.0	6301.0	25156.0	84.0	92.0	84.0	109.0	31.0	9.0	20.0	26.0	35.0	10.0	26.0	24.00.0	0.0	0.0	0.0	5.0	0.0	8.0	5.0	0.0
	5p	-	25	6332.0	6389.0	6156.0	6285.0	25162.0	100.0	95.0	100.0	118.0	31.0	11.0	24.0	16.0	24.0	14.0	20.0	27.00.0	0.0	0.0	0.0	5.0	0.0	6.0	1.0	0.0
	5p	-	26	6261.0	6356.0	6315.0	6222.0	25154.0	94.0	80.0	95.0	115.0	23.0	19.0	19.0	29.0	24.0	10.0	24.0	22.00.0	0.0	0.0	0.0	7.0	0.0	4.0	7.0	0.0
	5p	-	27	6372.0	6294.0	6177.0	6305.0	25148.0	87.0	88.0	69.0	97.0	28.0	12.0	27.0	23.0	30.0	16.0	18.0	27.00.0	0.0	0.0	0.0	9.0	0.0	5.0	8.0	0.0
	5p	-	28	6315.0	6205.0	6322.0	6313.0	25155.0	101.0	99.0	89.0	114.0	15.0	11.0	28.0	22.0	29.0	14.0	27.0	19.00.0	0.0	0.0	0.0	3.0	0.0	4.0	8.0	0.0
	5p	-	29	6480.0	6094.0	6400.0	6191.0	25165.0	93.0	90.0	88.0	106.0	24.0	10.0	27.0	28.0	25.0	14.0	34.0	22.00.0	0.0	0.0	0.0	4.0	0.0	2.0	1.0	0.0
	5p	-	30	6357.0	6092.0	6359.0	6348.0	25156.0	146.0	100.0	99.0	85.0	30.0	21.0	19.0	25.0	32.0	27.0	22.0	17.00.0	0.0	0.0	0.0	3.0	0.0	6.0	5.0	0.0
	5p	-	31	6300.0	5948.0	6005.0	6191.0	24444.0	115.0	87.0	75.0	87.0	29.0	15.0	20.0	21.0	22.0	14.0	11.0	26.00.0	0.0	0.0	0.0	6.0	0.0	7.0	3.0	0.0
	5p	-	32	6124.0	5742.0	5821.0	6008.0	23695.0	103.0	73.0	94.0	98.0	27.0	11.0	25.0	21.0	30.0	13.0	22.0	27.00.0	0.0	0.0	0.0	7.0	0.0	6.0	5.0	0.0
	5p	-	33	6010.0	5527.0	5418.0	5922.0	22877.0	99.0	84.0	95.0	100.0	27.0	10.0	27.0	23.0	19.0	13.0	31.0	22.00.0	0.0	0.0	0.0	5.0	0.0	4.0	4.0	0.0
	5p	-	34	5804.0	5210.0	5493.0	5551.0	22058.0	108.0	79.0	84.0	80.0	22.0	11.0	27.0	11.0	20.0	12.0	20.0	19.00.0	0.0	0.0	0.0	2.0	0.0	5.0	2.0	0.0
	5p	-	35	5517.0	5025.0	5155.0	5513.0	21210.0	104.0	75.0	69.0	81.0	26.0	14.0	23.0	22.0	19.0	12.0	20.0	27.00.0	0.0	0.0	0.0	2.0	0.0	5.0	2.0	0.0
	5p	-	36	5512.0	4868.0	4861.0	5051.0	20292.0	85.0	70.0	73.0	81.0	19.0	15.0	21.0	19.0	17.0	10.0	12.0	20.00.0	0.0	0.0	0.0	5.0	0.0	2.0	3.0	0.0
	5p	-	37	5280.0	4516.0	4634.0	4963.0	19393.0	83.0	58.0	70.0	72.0	9.0	19.0	16.0	19.0	19.0	14.0	18.0	19.00.0	0.0	0.0	0.0	5.0	0.0	2.0	4.0	0.0
	5p	-	38	5059.0	4290.0	4378.0	4743.0	18470.0	94.0	76.0	69.0	73.0	17.0	14.0	21.0	9.0	20.0	14.0	19.0	9.00.0	0.0	0.0	0.0	6.0	0.0	2.0	5.0	0.0
	5p	-	39	4805.0	4005.0	4196.0	4536.0	17542.0	88.0	57.0	53.0	70.0	15.0	7.0	13.0	18.0	27.0	12.0	22.0	18.00.0	0.0	0.0	0.0	5.0	0.0	3.0	3.0	0.0
	5p	-	40	4575.0	3841.0	3886.0	4308.0	16610.0	71.0	70.0	54.0	47.0	17.0	10.0	14.0	19.0	21.0	11.0	23.0	11.00.0	0.0	0.0	0.0	3.0	0.0	3.0	4.0	0.0
	5p	-	41	4403.0	3563.0	3675.0	4075.0	15716.0	78.0	64.0	54.0	58.0	12.0	11.0	10.0	17.0	16.0	6.0	5.0	14.00.0	0.0	0.0	0.0	5.0	0.0	3.0	2.0	0.0
	5p	-	42	4102.0	3340.0	3489.0	3909.0	14840.0	82.0	44.0	50.0	54.0	13.0	11.0	11.0	12.0	17.0	13.0	12.0	24.00.0	0.0	0.0	0.0	3.0	0.0	2.0	4.0	0.0
	5p	-	43	3837.0	3176.0	3220.0	3779.0	14012.0	71.0	61.0	53.0	44.0	18.0	11.0	12.0	12.0	13.0	11.0	11.0	18.00.0	0.0	0.0	0.0	2.0	0.0	1.0	1.0	0.0
	5p	-	44	3646.0	3039.0	2946.0	3551.0	13182.0	58.0	45.0	54.0	58.0	13.0	12.0	21.0	12.0	16.0	11.0	22.0	11.00.0	0.0	0.0	0.0	4.0	0.0	6.0	2.0	0.0
	5p	-	45	3387.0	2835.0	2836.0	3360.0	12418.0	61.0	44.0	47.0	62.0	15.0	12.0	6.0	14.0	7.0	14.0	9.0	15.00.0	0.0	0.0	0.0	2.0	0.0	0.0	2.0	0.0
	5p	-	46	3296.0	2637.0	2655.0	3095.0	11683.0	45.0	48.0	45.0	57.0	9.0	7.0	12.0	12.0	18.0	11.0	10.0	9.00.0	0.0	0.0	0.0	4.0	0.0	3.0	0.0	0.0
	5p	-	47	3134.0	2437.0	2476.0	2899.0	10946.0	55.0	38.0	50.0	39.0	17.0	14.0	13.0	13.0	9.0	11.0	8.0	7.00.0	0.0	0.0	0.0	3.0	0.0	1.0	1.0	0.0
	5p	-	48	2874.0	2284.0	2319.0	2772.0	10249.0	57.0	36.0	30.0	33.0	11.0	8.0	13.0	10.0	13.0	11.0	10.0	10.00.0	0.0	0.0	0.0	2.0	0.0	1.0	4.0	0.0
	5p	-	49	2624.0	2149.0	2212.0	2582.0	9567.0	35.0	31.0	43.0	48.0	11.0	5.0	7.0	11.0	15.0	6.0	6.0	10.00.0	0.0	0.0	0.0	5.0	0.0	0.0	1.0	0.0
	5p	-	50	2493.0	1947.0	2051.0	2427.0	8918.0	42.0	26.0	29.0	35.0	8.0	8.0	10.0	8.0	17.0	8.0	7.0	8.00.0	0.0	0.0	0.0	3.0	0.0	0.0	1.0	0.0
	5p	-	51	2300.0	1897.0	1840.0	2274.0	8311.0	29.0	37.0	27.0	34.0	6.0	2.0	4.0	11.0	9.0	7.0	9.0	11.00.0	0.0	0.0	0.0	4.0	0.0	1.0	1.0	0.0
	5p	-	52	2207.0	1738.0	1733.0	2113.0	7791.0	35.0	32.0	31.0	26.0	9.0	4.0	7.0	8.0	12.0	7.0	9.0	8.00.0	0.0	0.0	0.0	3.0	0.0	1.0	3.0	0.0
	5p	-	53	2012.0	1656.0	1644.0	1970.0	7282.0	34.0	30.0	25.0	27.0	16.0	5.0	9.0	4.0	14.0	6.0	4.0	13.00.0	0.0	0.0	0.0	2.0	0.0	3.0	3.0	0.0
	5p	-	54	1931.0	1554.0	1484.0	1853.0	6822.0	30.0	18.0	34.0	25.0	4.0	5.0	9.0	8.0	11.0	5.0	4.0	7.00.0	0.0	0.0	0.0	2.0	0.0	1.0	1.0	0.0
	5p	-	55	1858.0	1470.0	1390.0	1660.0	6378.0	36.0	25.0	23.0	19.0	6.0	6.0	5.0	8.0	10.0	5.0	4.0	5.00.0	0.0	0.0	0.0	1.0	0.0	1.0	0.0	0.0
	5p	-	56	1677.0	1339.0	1316.0	1643.0	5975.0	34.0	18.0	17.0	19.0	4.0	6.0	7.0	8.0	4.0	4.0	5.0	4.00.0	0.0	0.0	0.0	1.0	0.0	2.0	1.0	0.0
	5p	-	57	1549.0	1290.0	1230.0	1532.0	5601.0	29.0	12.0	22.0	18.0	5.0	7.0	10.0	6.0	8.0	4.0	6.0	3.00.0	0.0	0.0	0.0	2.0	0.0	1.0	1.0	0.0
	5p	-	58	1526.0	1139.0	1144.0	1436.0	5245.0	25.0	16.0	13.0	18.0	8.0	2.0	3.0	4.0	5.0	6.0	3.0	2.00.0	0.0	0.0	0.0	2.0	0.0	1.0	1.0	0.0
	5p	-	59	1418.0	1094.0	1106.0	1289.0	4907.0	17.0	14.0	10.0	11.0	6.0	2.0	6.0	10.0	7.0	4.0	6.0	5.00.0	0.0	0.0	0.0	1.0	0.0	0.0	0.0	0.0
	5p	-	60	1261.0	1040.0	1071.0	1246.0	4618.0	22.0	17.0	9.0	19.0	3.0	1.0	4.0	3.0	2.0	5.0	2.0	7.00.0	0.0	0.0	0.0	1.0	0.0	0.0	1.0	0.0
	5p	-	61	1256.0	973.0	957.0	1157.0	4343.0	29.0	14.0	10.0	14.0	11.0	1.0	2.0	2.0	5.0	3.0	7.0	3.00.0	0.0	0.0	0.0	0.0	0.0	0.0	0.0	0.0
	5p	-	62	1149.0	889.0	905.0	1142.0	4085.0	20.0	8.0	13.0	15.0	6.0	6.0	2.0	5.0	7.0	4.0	4.0	6.00.0	0.0	0.0	0.0	2.0	0.0	1.0	0.0	0.0
	5p	-	63	1069.0	861.0	796.0	1107.0	3833.0	20.0	12.0	12.0	13.0	7.0	1.0	10.0	2.0	3.0	3.0	4.0	5.00.0	0.0	0.0	0.0	1.0	0.0	0.0	3.0	0.0
	5p	-	64	994.0	809.0	763.0	1024.0	3590.0	10.0	13.0	7.0	21.0	1.0	6.0	4.0	1.0	7.0	5.0	3.0	1.00.0	0.0	0.0	0.0	1.0	0.0	1.0	0.0	0.0
	5p	-	65	962.0	748.0	732.0	919.0	3361.0	15.0	5.0	12.0	6.0	2.0	3.0	4.0	5.0	5.0	2.0	0.0	3.00.0	0.0	0.0	0.0	0.0	0.0	0.0	1.0	0.0
	5p	-	66	941.0	704.0	628.0	879.0	3152.0	16.0	11.0	10.0	11.0	4.0	4.0	3.0	3.0	4.0	0.0	1.0	3.00.0	0.0	0.0	0.0	1.0	0.0	1.0	0.0	0.0
	5p	-	67	862.0	674.0	663.0	769.0	2968.0	15.0	9.0	10.0	8.0	4.0	3.0	7.0	1.0	4.0	1.0	2.0	2.00.0	0.0	0.0	0.0	0.0	0.0	0.0	1.0	0.0
	5p	-	68	820.0	605.0	619.0	753.0	2797.0	11.0	7.0	5.0	10.0	2.0	4.0	4.0	3.0	2.0	1.0	8.0	3.00.0	0.0	0.0	0.0	0.0	0.0	0.0	0.0	0.0
	5p	-	69	748.0	580.0	623.0	691.0	2642.0	11.0	9.0	10.0	9.0	2.0	1.0	3.0	4.0	1.0	2.0	1.0	1.00.0	0.0	0.0	0.0	0.0	0.0	0.0	0.0	0.0
	5p	-	70	698.0	510.0	558.0	711.0	2477.0	11.0	13.0	15.0	9.0	3.0	1.0	4.0	2.0	5.0	4.0	5.0	1.00.0	0.0	0.0	0.0	2.0	0.0	0.0	0.0	0.0
	5p	-	71	667.0	544.0	505.0	641.0	2357.0	13.0	11.0	6.0	13.0	3.0	3.0	1.0	1.0	4.0	2.0	4.0	4.00.0	0.0	0.0	0.0	0.0	0.0	0.0	0.0	0.0
	5p	-	72	611.0	492.0	510.0	608.0	2221.0	14.0	7.0	8.0	8.0	2.0	1.0	1.0	2.0	5.0	2.0	3.0	3.00.0	0.0	0.0	0.0	0.0	0.0	0.0	0.0	0.0
	5p	-	73	620.0	478.0	460.0	552.0	2110.0	7.0	7.0	9.0	9.0	4.0	4.0	2.0	5.0	3.0	4.0	2.0	4.00.0	0.0	0.0	0.0	0.0	0.0	0.0	0.0	0.0
	5p	-	74	518.0	450.0	468.0	535.0	1971.0	11.0	9.0	4.0	6.0	3.0	1.0	0.0	1.0	5.0	3.0	3.0	2.00.0	0.0	0.0	0.0	0.0	0.0	1.0	0.0	0.0
	5p	-	75	534.0	407.0	404.0	503.0	1848.0	10.0	7.0	1.0	5.0	3.0	1.0	0.0	3.0	7.0	2.0	1.0	3.00.0	0.0	0.0	0.0	0.0	0.0	0.0	0.0	0.0
	5p	-	76	514.0	389.0	366.0	477.0	1746.0	4.0	4.0	3.0	4.0	1.0	2.0	3.0	0.0	3.0	1.0	1.0	1.00.0	0.0	0.0	0.0	0.0	0.0	0.0	0.0	0.0
	5p	-	77	451.0	359.0	387.0	448.0	1645.0	7.0	3.0	9.0	6.0	0.0	0.0	2.0	6.0	2.0	0.0	1.0	3.00.0	0.0	0.0	0.0	0.0	0.0	0.0	0.0	0.0
	5p	-	78	426.0	354.0	351.0	419.0	1550.0	5.0	7.0	6.0	5.0	3.0	1.0	3.0	2.0	3.0	1.0	0.0	3.00.0	0.0	0.0	0.0	0.0	0.0	0.0	0.0	0.0
	5p	-	79	417.0	325.0	306.0	399.0	1447.0	8.0	6.0	6.0	7.0	1.0	0.0	2.0	0.0	1.0	0.0	1.0	2.00.0	0.0	0.0	0.0	0.0	0.0	0.0	2.0	0.0
	5p	-	80	393.0	301.0	308.0	375.0	1377.0	8.0	5.0	3.0	2.0	0.0	0.0	2.0	1.0	0.0	0.0	4.0	2.00.0	0.0	0.0	0.0	0.0	0.0	0.0	0.0	0.0
	5p	-	81	369.0	296.0	263.0	363.0	1291.0	1.0	2.0	8.0	10.0	1.0	0.0	1.0	1.0	1.0	0.0	0.0	1.00.0	0.0	0.0	0.0	0.0	0.0	0.0	0.0	0.0
	5p	-	82	353.0	255.0	266.0	349.0	1223.0	7.0	6.0	5.0	3.0	2.0	2.0	0.0	3.0	1.0	1.0	2.0	2.00.0	0.0	0.0	0.0	0.0	0.0	0.0	0.0	0.0
	5p	-	83	347.0	245.0	286.0	283.0	1161.0	10.0	2.0	3.0	6.0	4.0	2.0	2.0	1.0	1.0	0.0	1.0	1.00.0	0.0	0.0	0.0	0.0	0.0	0.0	1.0	0.0
	5p	-	84	315.0	224.0	252.0	302.0	1093.0	4.0	3.0	6.0	4.0	1.0	0.0	1.0	2.0	0.0	0.0	1.0	1.00.0	0.0	0.0	0.0	1.0	0.0	0.0	0.0	0.0
	5p	-	85	303.0	225.0	235.0	270.0	1033.0	4.0	4.0	3.0	6.0	0.0	0.0	0.0	1.0	0.0	2.0	1.0	2.00.0	0.0	0.0	0.0	1.0	0.0	0.0	0.0	0.0
	5p	-	86	266.0	219.0	220.0	282.0	987.0	8.0	1.0	8.0	4.0	1.0	2.0	0.0	2.0	2.0	1.0	1.0	2.00.0	0.0	0.0	0.0	0.0	0.0	0.0	0.0	0.0
	5p	-	87	243.0	213.0	218.0	251.0	925.0	5.0	4.0	2.0	3.0	1.0	1.0	1.0	1.0	0.0	0.0	1.0	1.00.0	0.0	0.0	0.0	1.0	0.0	0.0	0.0	0.0
	5p	-	88	264.0	187.0	195.0	220.0	866.0	4.0	2.0	2.0	6.0	1.0	0.0	1.0	0.0	0.0	1.0	1.0	1.00.0	0.0	0.0	0.0	0.0	0.0	0.0	0.0	0.0
	5p	-	89	225.0	153.0	200.0	232.0	810.0	7.0	6.0	6.0	3.0	0.0	0.0	1.0	1.0	1.0	0.0	0.0	0.00.0	0.0	0.0	0.0	0.0	0.0	0.0	0.0	0.0
	5p	-	90	215.0	171.0	180.0	189.0	755.0	6.0	3.0	4.0	4.0	1.0	1.0	3.0	1.0	0.0	2.0	0.0	0.00.0	0.0	0.0	0.0	0.0	0.0	0.0	0.0	0.0
	5p	-	91	198.0	162.0	165.0	194.0	719.0	2.0	5.0	6.0	3.0	1.0	0.0	1.0	0.0	0.0	1.0	1.0	2.00.0	0.0	0.0	0.0	0.0	0.0	0.0	0.0	0.0
	5p	-	92	204.0	148.0	145.0	181.0	678.0	3.0	3.0	4.0	3.0	0.0	0.0	1.0	1.0	2.0	0.0	1.0	1.00.0	0.0	0.0	0.0	0.0	0.0	0.0	0.0	0.0
	5p	-	93	195.0	144.0	129.0	171.0	639.0	4.0	0.0	4.0	3.0	0.0	2.0	1.0	1.0	2.0	0.0	2.0	0.00.0	0.0	0.0	0.0	0.0	0.0	0.0	0.0	0.0
	5p	-	94	181.0	114.0	141.0	171.0	607.0	4.0	0.0	1.0	3.0	0.0	0.0	2.0	0.0	1.0	1.0	2.0	2.00.0	0.0	0.0	0.0	0.0	0.0	0.0	0.0	0.0
	5p	-	95	160.0	132.0	127.0	158.0	577.0	3.0	2.0	3.0	1.0	0.0	0.0	0.0	0.0	0.0	1.0	2.0	1.00.0	0.0	0.0	0.0	0.0	0.0	1.0	0.0	0.0
	5p	-	96	138.0	104.0	134.0	163.0	539.0	3.0	1.0	2.0	0.0	0.0	1.0	0.0	0.0	0.0	1.0	1.0	0.00.0	0.0	0.0	0.0	0.0	0.0	0.0	0.0	0.0
	5p	-	97	123.0	111.0	128.0	154.0	516.0	3.0	1.0	2.0	1.0	0.0	0.0	1.0	0.0	0.0	0.0	0.0	0.00.0	0.0	0.0	0.0	0.0	0.0	0.0	0.0	0.0
	5p	-	98	139.0	109.0	113.0	118.0	479.0	2.0	1.0	3.0	4.0	1.0	0.0	1.0	0.0	1.0	0.0	0.0	1.00.0	0.0	0.0	0.0	0.0	0.0	0.0	0.0	0.0
	5p	-	99	129.0	96.0	117.0	109.0	451.0	3.0	2.0	2.0	1.0	1.0	0.0	0.0	2.0	0.0	0.0	1.0	0.00.0	0.0	0.0	0.0	0.0	0.0	0.0	0.0	0.0
	5p	-	100	130.0	95.0	92.0	103.0	420.0	2.0	3.0	1.0	0.0	0.0	1.0	0.0	1.0	0.0	1.0	1.0	0.00.0	0.0	0.0	0.0	0.0	0.0	0.0	0.0	0.0
