# table produced by DamageProfiler
# using mapped file PaA004.BuffaloCape_Human_nc.Target.rmdup.noMicro_BEST_013.bam
# Sample ID: PaA004.BuffaloCape_Human_nc.Target.rmdup.noMicro_BEST_013.bam
Pos	C>T	G>A	A>C	A>G	A>T	C>A	C>G	G>C	G>T	T>A	T>C	T>G	->ACGT	ACGT>-
0	0.007519	0.006061	0.006993	0.020979	0.000000	0.003759	0.018797	0.036364	0.012121	0.009346	0.056075	0.009346	0.000000	0.000000
1	0.022936	0.011236	0.017544	0.035088	0.017544	0.004587	0.013761	0.005618	0.016854	0.000000	0.035088	0.011696	0.000000	0.000000
2	0.000000	0.032258	0.000000	0.029412	0.014706	0.014354	0.000000	0.021505	0.010753	0.006667	0.013333	0.000000	0.000000	0.000000
3	0.008475	0.036765	0.000000	0.000000	0.006849	0.008475	0.004237	0.007353	0.022059	0.000000	0.012500	0.018750	0.004425	0.000000
4	0.019900	0.045161	0.006369	0.019108	0.000000	0.004975	0.009950	0.012903	0.006452	0.000000	0.006061	0.006061	0.002950	0.000000
5	0.010929	0.010582	0.007937	0.039683	0.000000	0.010929	0.010929	0.005291	0.021164	0.011494	0.017241	0.005747	0.008929	0.000000
6	0.009901	0.047872	0.006623	0.019868	0.000000	0.019802	0.024752	0.005319	0.000000	0.000000	0.022388	0.007463	0.004444	0.000000
7	0.020833	0.022472	0.000000	0.006711	0.006711	0.015625	0.020833	0.011236	0.011236	0.000000	0.032258	0.012903	0.002967	0.000000
8	0.005618	0.010695	0.006289	0.037736	0.006289	0.016854	0.022472	0.016043	0.026738	0.000000	0.013605	0.000000	0.010432	0.000000
9	0.026596	0.028249	0.006803	0.027211	0.000000	0.000000	0.015957	0.005650	0.011299	0.006211	0.024845	0.018634	0.008915	0.000000
10	0.027933	0.000000	0.005814	0.063953	0.000000	0.005587	0.016760	0.033708	0.000000	0.000000	0.013699	0.013699	0.002963	0.000000
11	0.010204	0.021978	0.000000	0.027778	0.000000	0.005102	0.020408	0.010989	0.005495	0.006803	0.013605	0.013605	0.008969	0.000000
12	0.016043	0.027933	0.024845	0.031056	0.006211	0.032086	0.000000	0.011173	0.000000	0.000000	0.020833	0.020833	0.004471	0.000000
13	0.014218	0.021164	0.023256	0.007752	0.015504	0.023697	0.028436	0.015873	0.005291	0.000000	0.047945	0.000000	0.005926	0.000000
14	0.009709	0.011364	0.012048	0.018072	0.006024	0.009709	0.000000	0.005682	0.005682	0.000000	0.015625	0.007813	0.004438	0.000000
15	0.011364	0.017241	0.000000	0.012658	0.012658	0.000000	0.022727	0.017241	0.000000	0.000000	0.017857	0.000000	0.002959	0.000000
16	0.010638	0.027473	0.013793	0.027586	0.006897	0.005319	0.026596	0.010989	0.005495	0.006211	0.018634	0.012422	0.002959	0.000000
17	0.005435	0.010870	0.012500	0.025000	0.000000	0.016304	0.016304	0.005435	0.005435	0.006897	0.041379	0.006897	0.005944	0.000000
18	0.022099	0.030612	0.000000	0.007042	0.007042	0.000000	0.005525	0.000000	0.005102	0.006494	0.019481	0.006494	0.005944	0.000000
19	0.027322	0.037234	0.000000	0.037736	0.000000	0.005464	0.010929	0.015957	0.005319	0.007092	0.014184	0.014184	0.005961	0.000000
20	0.031414	0.022099	0.024845	0.024845	0.018634	0.015707	0.010471	0.005525	0.000000	0.006944	0.020833	0.013889	0.002954	0.000000
21	0.021739	0.015625	0.013333	0.026667	0.020000	0.005435	0.005435	0.010417	0.015625	0.000000	0.020134	0.000000	0.004444	0.000000
22	0.016043	0.010989	0.000000	0.043210	0.006173	0.010695	0.021390	0.038462	0.000000	0.007092	0.042553	0.021277	0.002976	0.000000
23	0.010870	0.034653	0.027027	0.006757	0.006757	0.000000	0.021739	0.004950	0.004950	0.000000	0.021583	0.007194	0.004458	0.000000
24	0.010526	0.011834	0.011494	0.017241	0.000000	0.010526	0.000000	0.011834	0.023669	0.000000	0.028777	0.000000	0.002976	0.000000
