# table produced by DamageProfiler
# using mapped file PaA004.BuffaloCape_Human_nc.Target.rmdup.noMicro_BEST_013.bam
# Sample ID: PaA004.BuffaloCape_Human_nc.Target.rmdup.noMicro_BEST_013.bam
Chr	End	Std	Pos	A	C	G	T	Total
	3p	+	1	54	89	136	79	358
	3p	+	2	73	107	128	50	358
	3p	+	3	78	83	127	70	358
	3p	+	4	79	93	110	76	358
	3p	+	5	85	73	115	85	358
	3p	+	6	97	86	94	81	358
	3p	+	7	84	94	93	87	358
	3p	+	8	79	95	109	75	358
	3p	+	9	83	99	93	83	358
	3p	+	10	93	96	92	77	358
	3p	+	11	91	97	94	76	358
	3p	+	12	80	96	103	79	358
	3p	+	13	84	93	101	80	358
	3p	+	14	85	103	105	65	358
	3p	+	15	81	96	100	81	358
	3p	+	16	88	98	108	64	358
	3p	+	17	84	90	89	95	358
	3p	+	18	91	104	93	70	358
	3p	+	19	83	94	104	77	358
	3p	+	20	89	85	105	79	358
	3p	+	21	85	104	97	72	358
	3p	+	22	75	104	100	79	358
	3p	+	23	68	100	93	97	358
	3p	+	24	74	103	97	84	358
	3p	+	25	83	103	102	70	358
	3p	+	26	87	96	100	75	358
	3p	+	27	86	100	96	76	358
	3p	+	28	72	91	97	98	358
	3p	+	29	74	95	99	90	358
	3p	+	30	71	122	96	69	358
	3p	+	31	78	75	67	77	297
	3p	+	32	69	74	59	68	270
	3p	+	33	66	63	50	77	256
	3p	+	34	74	57	53	68	252
	3p	+	35	70	65	49	68	252
	3p	+	36	75	65	52	60	252
	3p	+	37	74	61	58	58	251
	3p	+	38	70	65	47	68	250
	3p	+	39	74	64	43	68	249
	3p	+	40	73	72	51	50	246
	3p	+	41	66	69	40	70	245
	3p	+	42	58	66	55	65	244
	3p	+	43	65	48	59	70	242
	3p	+	44	71	59	52	59	241
	3p	+	45	63	58	60	59	240
	3p	+	46	68	51	59	60	238
	3p	+	47	74	51	56	54	235
	3p	+	48	68	55	50	59	232
	3p	+	49	66	55	53	56	230
	3p	+	50	52	52	48	75	227
	3p	+	51	64	40	49	73	226
	3p	+	52	54	64	38	68	224
	3p	+	53	58	46	46	70	220
	3p	+	54	49	63	43	61	216
	3p	+	55	77	39	46	51	213
	3p	+	56	60	48	47	53	208
	3p	+	57	59	43	44	59	205
	3p	+	58	49	49	29	76	203
	3p	+	59	44	43	53	61	201
	3p	+	60	59	50	39	50	198
	3p	+	61	69	43	37	49	198
	3p	+	62	64	44	38	50	196
	3p	+	63	49	48	39	54	190
	3p	+	64	53	42	38	56	189
	3p	+	65	48	37	45	57	187
	3p	+	66	52	36	41	54	183
	3p	+	67	53	40	42	47	182
	3p	+	68	49	38	48	44	179
	3p	+	69	61	36	37	43	177
	3p	+	70	51	33	39	51	174
	3p	+	71	58	32	29	53	172
	3p	+	72	52	38	30	51	171
	3p	+	73	64	39	29	36	168
	3p	+	74	47	43	29	41	160
	3p	+	75	40	33	30	53	156
	3p	+	76	56	30	28	41	155
	3p	+	77	34	46	32	38	150
	3p	+	78	45	37	30	36	148
	3p	+	79	40	29	34	39	142
	3p	+	80	41	28	27	43	139
	3p	+	81	35	31	31	40	137
	3p	+	82	45	25	31	34	135
	3p	+	83	38	31	21	42	132
	3p	+	84	32	31	28	40	131
	3p	+	85	40	26	32	32	130
	3p	+	86	30	28	32	35	125
	3p	+	87	39	29	20	32	120
	3p	+	88	31	19	27	41	118
	3p	+	89	33	22	25	38	118
	3p	+	90	32	28	25	33	118
	3p	+	91	32	27	23	33	115
	3p	+	92	31	27	22	30	110
	3p	+	93	24	21	26	35	106
	3p	+	94	32	22	25	25	104
	3p	+	95	24	28	22	28	102
	3p	+	96	31	28	18	24	101
	3p	+	97	22	26	22	28	98
	3p	+	98	23	19	28	25	95
	3p	+	99	23	17	28	26	94
	3p	+	100	25	22	21	23	91
	3p	-	1	50	84	112	77	323
	3p	-	2	60	99	99	65	323
	3p	-	3	67	91	99	66	323
	3p	-	4	76	67	100	80	323
	3p	-	5	66	72	101	84	323
	3p	-	6	68	90	93	72	323
	3p	-	7	74	84	85	80	323
	3p	-	8	76	85	96	66	323
	3p	-	9	73	85	97	68	323
	3p	-	10	68	86	82	87	323
	3p	-	11	70	100	82	71	323
	3p	-	12	81	84	87	71	323
	3p	-	13	74	87	85	77	323
	3p	-	14	59	88	90	86	323
	3p	-	15	69	79	99	76	323
	3p	-	16	84	87	85	67	323
	3p	-	17	73	91	91	68	323
	3p	-	18	81	93	87	62	323
	3p	-	19	70	85	86	82	323
	3p	-	20	68	95	89	71	323
	3p	-	21	71	84	87	81	323
	3p	-	22	65	99	97	62	323
	3p	-	23	75	85	89	74	323
	3p	-	24	78	79	96	70	323
	3p	-	25	80	93	82	68	323
	3p	-	26	74	90	96	63	323
	3p	-	27	78	87	93	65	323
	3p	-	28	69	96	80	78	323
	3p	-	29	60	94	93	76	323
	3p	-	30	63	98	95	67	323
	3p	-	31	61	66	77	60	264
	3p	-	32	67	44	59	73	243
	3p	-	33	64	63	48	59	234
	3p	-	34	61	50	52	64	227
	3p	-	35	60	56	51	59	226
	3p	-	36	48	60	57	57	222
	3p	-	37	49	40	53	78	220
	3p	-	38	68	43	47	60	218
	3p	-	39	57	46	37	74	214
	3p	-	40	56	47	50	61	214
	3p	-	41	60	46	42	64	212
	3p	-	42	62	50	41	56	209
	3p	-	43	57	41	46	64	208
	3p	-	44	60	38	48	60	206
	3p	-	45	63	39	47	56	205
	3p	-	46	53	56	31	60	200
	3p	-	47	54	43	44	56	197
	3p	-	48	59	34	37	63	193
	3p	-	49	56	41	47	46	190
	3p	-	50	57	49	35	48	189
	3p	-	51	53	49	43	44	189
	3p	-	52	56	47	36	49	188
	3p	-	53	49	49	38	44	180
	3p	-	54	55	41	35	48	179
	3p	-	55	43	53	42	41	179
	3p	-	56	50	34	44	46	174
	3p	-	57	47	39	36	48	170
	3p	-	58	40	37	40	50	167
	3p	-	59	44	28	37	56	165
	3p	-	60	45	37	40	42	164
	3p	-	61	47	36	38	39	160
	3p	-	62	50	32	35	39	156
	3p	-	63	38	40	29	45	152
	3p	-	64	44	43	32	31	150
	3p	-	65	48	31	30	38	147
	3p	-	66	49	36	25	36	146
	3p	-	67	38	33	34	40	145
	3p	-	68	44	30	28	43	145
	3p	-	69	34	41	27	42	144
	3p	-	70	45	29	32	36	142
	3p	-	71	40	31	34	34	139
	3p	-	72	39	30	35	34	138
	3p	-	73	41	26	29	36	132
	3p	-	74	46	26	34	24	130
	3p	-	75	41	31	29	26	127
	3p	-	76	36	26	33	30	125
	3p	-	77	32	26	30	36	124
	3p	-	78	37	30	20	34	121
	3p	-	79	34	27	23	36	120
	3p	-	80	35	30	19	36	120
	3p	-	81	23	33	27	35	118
	3p	-	82	30	24	24	39	117
	3p	-	83	41	27	19	29	116
	3p	-	84	28	22	38	26	114
	3p	-	85	35	19	26	29	109
	3p	-	86	26	28	24	28	106
	3p	-	87	23	23	21	36	103
	3p	-	88	29	21	24	27	101
	3p	-	89	20	27	21	29	97
	3p	-	90	29	21	21	25	96
	3p	-	91	25	17	25	29	96
	3p	-	92	27	19	24	25	95
	3p	-	93	19	21	19	32	91
	3p	-	94	19	24	17	29	89
	3p	-	95	22	16	14	36	88
	3p	-	96	18	22	16	29	85
	3p	-	97	27	20	19	16	82
	3p	-	98	19	16	18	27	80
	3p	-	99	22	19	17	22	80
	3p	-	100	18	11	22	26	77
	5p	+	1	65	148	85	60	358
	5p	+	2	62	108	95	93	358
	5p	+	3	69	115	94	80	358
	5p	+	4	81	122	73	82	358
	5p	+	5	101	115	70	72	358
	5p	+	6	64	99	96	99	358
	5p	+	7	90	105	103	60	358
	5p	+	8	80	110	93	75	358
	5p	+	9	76	102	99	81	358
	5p	+	10	82	91	93	92	358
	5p	+	11	90	87	94	87	358
	5p	+	12	73	97	109	79	358
	5p	+	13	86	102	92	78	358
	5p	+	14	75	109	93	81	358
	5p	+	15	93	101	96	68	358
	5p	+	16	95	83	99	81	358
	5p	+	17	82	102	93	81	358
	5p	+	18	85	92	115	66	358
	5p	+	19	76	96	106	80	358
	5p	+	20	88	99	88	83	358
	5p	+	21	87	101	96	74	358
	5p	+	22	69	92	109	88	358
	5p	+	23	83	100	103	72	358
	5p	+	24	79	106	97	76	358
	5p	+	25	90	105	92	71	358
	5p	+	26	97	78	105	78	358
	5p	+	27	77	108	101	72	358
	5p	+	28	76	92	112	78	358
	5p	+	29	68	108	110	72	358
	5p	+	30	84	89	108	77	358
	5p	+	31	64	77	70	86	297
	5p	+	32	75	50	72	73	270
	5p	+	33	67	60	57	72	256
	5p	+	34	73	62	59	58	252
	5p	+	35	62	61	52	77	252
	5p	+	36	75	49	57	71	252
	5p	+	37	64	63	55	69	251
	5p	+	38	75	55	45	75	250
	5p	+	39	65	67	43	74	249
	5p	+	40	69	52	48	77	246
	5p	+	41	60	59	55	71	245
	5p	+	42	63	58	56	67	244
	5p	+	43	54	67	52	69	242
	5p	+	44	64	57	45	75	241
	5p	+	45	70	54	46	70	240
	5p	+	46	64	64	55	55	238
	5p	+	47	68	66	42	59	235
	5p	+	48	70	56	55	51	232
	5p	+	49	68	47	57	58	230
	5p	+	50	62	47	60	58	227
	5p	+	51	63	53	58	52	226
	5p	+	52	65	49	53	57	224
	5p	+	53	56	49	51	64	220
	5p	+	54	65	51	45	55	216
	5p	+	55	54	53	54	52	213
	5p	+	56	58	44	53	53	208
	5p	+	57	58	42	58	47	205
	5p	+	58	61	54	43	45	203
	5p	+	59	48	53	51	49	201
	5p	+	60	55	44	37	62	198
	5p	+	61	48	41	56	53	198
	5p	+	62	56	47	42	51	196
	5p	+	63	49	46	37	58	190
	5p	+	64	57	39	36	57	189
	5p	+	65	41	41	48	57	187
	5p	+	66	42	40	43	58	183
	5p	+	67	51	41	44	46	182
	5p	+	68	59	42	36	42	179
	5p	+	69	54	29	46	48	177
	5p	+	70	44	40	50	40	174
	5p	+	71	53	29	43	47	172
	5p	+	72	58	30	48	35	171
	5p	+	73	52	42	34	40	168
	5p	+	74	43	40	28	49	160
	5p	+	75	51	24	37	44	156
	5p	+	76	41	28	38	48	155
	5p	+	77	42	36	31	41	150
	5p	+	78	44	24	34	46	148
	5p	+	79	35	36	37	34	142
	5p	+	80	35	34	32	38	139
	5p	+	81	41	34	30	32	137
	5p	+	82	42	28	33	32	135
	5p	+	83	46	25	31	30	132
	5p	+	84	33	28	34	36	131
	5p	+	85	39	24	27	40	130
	5p	+	86	39	27	29	30	125
	5p	+	87	41	21	23	35	120
	5p	+	88	29	21	27	41	118
	5p	+	89	30	31	25	32	118
	5p	+	90	33	26	29	30	118
	5p	+	91	32	17	30	36	115
	5p	+	92	31	18	24	37	110
	5p	+	93	24	16	31	35	106
	5p	+	94	26	22	28	28	104
	5p	+	95	36	18	18	30	102
	5p	+	96	30	26	17	28	101
	5p	+	97	30	21	15	32	98
	5p	+	98	29	15	17	34	95
	5p	+	99	37	23	12	22	94
	5p	+	100	19	19	19	34	91
	5p	-	1	77	123	80	43	323
	5p	-	2	47	110	86	80	323
	5p	-	3	71	97	84	71	323
	5p	-	4	73	113	58	79	323
	5p	-	5	61	83	82	97	323
	5p	-	6	67	84	96	76	323
	5p	-	7	72	93	86	72	323
	5p	-	8	76	78	87	82	323
	5p	-	9	83	76	91	73	323
	5p	-	10	67	96	90	70	323
	5p	-	11	72	94	96	61	323
	5p	-	12	76	101	79	67	323
	5p	-	13	77	87	93	66	323
	5p	-	14	58	104	96	65	323
	5p	-	15	73	107	82	61	323
	5p	-	16	64	93	76	90	323
	5p	-	17	63	86	95	79	323
	5p	-	18	76	97	76	74	323
	5p	-	19	73	85	87	78	323
	5p	-	20	76	84	101	62	323
	5p	-	21	72	88	89	74	323
	5p	-	22	77	94	83	69	323
	5p	-	23	76	94	87	66	323
	5p	-	24	72	82	104	65	323
	5p	-	25	84	91	75	73	323
	5p	-	26	74	90	81	78	323
	5p	-	27	69	76	108	70	323
	5p	-	28	82	78	88	75	323
	5p	-	29	71	88	91	73	323
	5p	-	30	63	74	110	76	323
	5p	-	31	64	75	75	50	264
	5p	-	32	66	56	56	65	243
	5p	-	33	69	55	47	63	234
	5p	-	34	57	44	63	63	227
	5p	-	35	57	53	56	60	226
	5p	-	36	67	55	57	43	222
	5p	-	37	55	50	44	71	220
	5p	-	38	53	41	52	72	218
	5p	-	39	42	55	52	65	214
	5p	-	40	59	45	53	57	214
	5p	-	41	52	40	53	67	212
	5p	-	42	64	48	54	43	209
	5p	-	43	41	58	49	60	208
	5p	-	44	52	50	48	56	206
	5p	-	45	54	41	53	57	205
	5p	-	46	50	47	38	65	200
	5p	-	47	42	34	59	62	197
	5p	-	48	48	35	45	65	193
	5p	-	49	57	45	36	52	190
	5p	-	50	49	35	43	62	189
	5p	-	51	53	43	37	56	189
	5p	-	52	43	48	42	55	188
	5p	-	53	56	39	39	46	180
	5p	-	54	61	40	37	41	179
	5p	-	55	53	39	43	44	179
	5p	-	56	52	34	39	49	174
	5p	-	57	58	31	39	42	170
	5p	-	58	56	30	25	56	167
	5p	-	59	57	29	35	44	165
	5p	-	60	45	30	40	49	164
	5p	-	61	39	44	33	44	160
	5p	-	62	37	32	32	55	156
	5p	-	63	44	38	27	43	152
	5p	-	64	44	38	29	39	150
	5p	-	65	35	31	36	45	147
	5p	-	66	31	28	42	45	146
	5p	-	67	43	32	36	34	145
	5p	-	68	41	30	38	36	145
	5p	-	69	49	24	31	40	144
	5p	-	70	42	23	27	50	142
	5p	-	71	37	35	27	40	139
	5p	-	72	33	35	37	33	138
	5p	-	73	30	35	34	33	132
	5p	-	74	35	31	27	37	130
	5p	-	75	40	21	33	33	127
	5p	-	76	39	26	28	32	125
	5p	-	77	31	34	30	29	124
	5p	-	78	35	24	24	38	121
	5p	-	79	28	23	32	37	120
	5p	-	80	32	34	27	27	120
	5p	-	81	30	31	29	28	118
	5p	-	82	32	21	21	43	117
	5p	-	83	36	24	27	29	116
	5p	-	84	36	20	28	30	114
	5p	-	85	29	22	27	31	109
	5p	-	86	20	22	22	42	106
	5p	-	87	27	18	27	31	103
	5p	-	88	38	16	17	30	101
	5p	-	89	28	20	23	26	97
	5p	-	90	34	14	20	28	96
	5p	-	91	21	19	30	26	96
	5p	-	92	26	24	24	21	95
	5p	-	93	26	22	18	25	91
	5p	-	94	23	21	15	30	89
	5p	-	95	19	21	16	32	88
	5p	-	96	24	10	17	34	85
	5p	-	97	19	14	25	24	82
	5p	-	98	25	14	15	26	80
	5p	-	99	25	14	18	23	80
	5p	-	100	23	16	17	21	77
