# table produced by DamageProfiler
# using mapped file RmA006.GrysbokCape_Human_nc.Target.rmdup.noMicro.bam
# Sample ID: RmA006.GrysbokCape_Human_nc.Target.rmdup.noMicro.bam
Pos	C>T	G>A	A>C	A>G	A>T	C>A	C>G	G>C	G>T	T>A	T>C	T>G	->ACGT	ACGT>-
0	0.081878	0.016103	0.004547	0.014102	0.013963	0.013832	0.006119	0.002928	0.014604	0.016583	0.004184	0.004112	0.000000	0.000000
1	0.019125	0.009201	0.002994	0.006971	0.006480	0.007076	0.004108	0.001647	0.008219	0.008834	0.002976	0.002976	0.000057	0.000000
2	0.010595	0.004619	0.001782	0.003841	0.003356	0.003351	0.001982	0.001213	0.003733	0.003811	0.002281	0.001541	0.000141	0.000000
3	0.006366	0.003232	0.001107	0.002689	0.001967	0.001968	0.001009	0.000937	0.002108	0.001993	0.001821	0.000948	0.000358	0.000000
4	0.004954	0.002167	0.000714	0.002528	0.001130	0.001127	0.000762	0.000597	0.001932	0.001313	0.001409	0.000886	0.000747	0.000000
5	0.004559	0.002018	0.000476	0.001842	0.000759	0.000801	0.000556	0.000554	0.001633	0.000832	0.001301	0.000501	0.000879	0.000000
6	0.003981	0.002134	0.000296	0.001611	0.000534	0.000760	0.000512	0.000605	0.001338	0.000637	0.001252	0.000637	0.000900	0.000000
7	0.003412	0.001795	0.000332	0.001466	0.000626	0.000749	0.000549	0.000534	0.001326	0.000697	0.001247	0.000454	0.000975	0.000000
8	0.003376	0.001614	0.000436	0.001456	0.000535	0.000612	0.000463	0.000500	0.001130	0.000534	0.001110	0.000398	0.001013	0.000000
9	0.003240	0.001599	0.000332	0.001530	0.000584	0.000704	0.000327	0.000464	0.001407	0.000511	0.000845	0.000417	0.001048	0.000000
10	0.002899	0.001797	0.000303	0.001331	0.000484	0.000810	0.000389	0.000518	0.001263	0.000582	0.001113	0.000302	0.001095	0.000000
11	0.002988	0.001412	0.000322	0.001490	0.000352	0.000669	0.000441	0.000417	0.001171	0.000543	0.001221	0.000470	0.001239	0.000000
12	0.002849	0.001550	0.000272	0.001259	0.000332	0.000770	0.000442	0.000400	0.001215	0.000407	0.001158	0.000334	0.001129	0.000000
13	0.003077	0.001799	0.000360	0.001441	0.000500	0.000524	0.000393	0.000292	0.001394	0.000354	0.001457	0.000364	0.001233	0.000000
14	0.002825	0.001642	0.000363	0.001179	0.000484	0.001023	0.000422	0.000374	0.001365	0.000415	0.001244	0.000301	0.001123	0.000000
15	0.002795	0.001837	0.000444	0.001413	0.000504	0.000617	0.000357	0.000455	0.001219	0.000404	0.001274	0.000290	0.001239	0.000000
16	0.002733	0.001523	0.000384	0.001273	0.000515	0.000618	0.000358	0.000337	0.001426	0.000448	0.001011	0.000281	0.001302	0.000000
17	0.003061	0.001650	0.000403	0.001261	0.000494	0.000684	0.000374	0.000323	0.001326	0.000509	0.001079	0.000322	0.001255	0.000000
18	0.002596	0.001790	0.000393	0.001210	0.000504	0.000624	0.000378	0.000358	0.001041	0.000401	0.001203	0.000288	0.001318	0.000000
19	0.002978	0.001888	0.000467	0.001564	0.000437	0.000635	0.000504	0.000339	0.001452	0.000361	0.001198	0.000496	0.001267	0.000000
20	0.003118	0.001825	0.000374	0.001203	0.000536	0.000698	0.000357	0.000391	0.001499	0.000382	0.001073	0.000382	0.001217	0.000000
21	0.002776	0.001770	0.000363	0.001250	0.000484	0.000558	0.000394	0.000341	0.001185	0.000495	0.001217	0.000278	0.001324	0.000000
22	0.002670	0.001695	0.000312	0.001330	0.000423	0.000610	0.000379	0.000436	0.001194	0.000413	0.001136	0.000434	0.001365	0.000000
23	0.003052	0.002043	0.000280	0.001618	0.000579	0.000709	0.000429	0.000340	0.001475	0.000488	0.001090	0.000353	0.001380	0.000000
24	0.002618	0.001967	0.000419	0.001386	0.000449	0.000663	0.000331	0.000423	0.001252	0.000611	0.001346	0.000393	0.001048	0.000000
