# table produced by DamageProfiler
# using mapped file PcA012.ReedbuckBh_Human_nc.Target.rmdup.noMicro.bam
# Sample ID: PcA012.ReedbuckBh_Human_nc.Target.rmdup.noMicro.bam
Pos	C>T	G>A	A>C	A>G	A>T	C>A	C>G	G>C	G>T	T>A	T>C	T>G	->ACGT	ACGT>-
0	0.062407	0.035647	0.008459	0.014098	0.009398	0.014859	0.014859	0.011257	0.013133	0.005382	0.012917	0.007535	0.000000	0.000000
1	0.022887	0.024138	0.004883	0.017578	0.006836	0.014085	0.005282	0.008621	0.012069	0.007775	0.019436	0.007775	0.000000	0.000000
2	0.021703	0.020690	0.003810	0.005714	0.008571	0.008347	0.013356	0.013793	0.008621	0.010320	0.015480	0.003096	0.000938	0.000000
3	0.028523	0.008052	0.004864	0.016537	0.017510	0.011745	0.005034	0.019324	0.017713	0.003148	0.016789	0.016789	0.000938	0.000000
4	0.033175	0.012987	0.009662	0.009662	0.004831	0.009479	0.007899	0.016698	0.018553	0.008395	0.016789	0.010493	0.007278	0.000000
5	0.022071	0.014085	0.005076	0.014213	0.008122	0.015280	0.015280	0.007825	0.014085	0.010515	0.014721	0.006309	0.006637	0.000000
6	0.018333	0.010345	0.004897	0.015671	0.007835	0.010000	0.016667	0.005172	0.006897	0.011494	0.010449	0.010449	0.006333	0.000000
7	0.015306	0.010582	0.011396	0.013295	0.002849	0.006803	0.005102	0.008818	0.003527	0.012526	0.014614	0.007307	0.007896	0.000000
8	0.031414	0.025467	0.008451	0.015962	0.007512	0.001745	0.003490	0.010187	0.013582	0.006376	0.017003	0.008502	0.004735	0.000000
9	0.018149	0.026132	0.009225	0.015683	0.004613	0.010889	0.007260	0.017422	0.006969	0.007384	0.005274	0.005274	0.007285	0.000000
10	0.016779	0.023256	0.004664	0.013060	0.010261	0.016779	0.001678	0.008945	0.008945	0.008511	0.017021	0.009574	0.006315	0.000000
11	0.016287	0.027881	0.014939	0.015873	0.009337	0.011401	0.011401	0.011152	0.016729	0.007431	0.009554	0.011677	0.006003	0.000000
12	0.022770	0.023256	0.011429	0.013333	0.006667	0.007590	0.005693	0.014950	0.008306	0.006186	0.019588	0.005155	0.006669	0.000000
13	0.019704	0.020270	0.010628	0.015459	0.009662	0.016420	0.000000	0.003378	0.005068	0.012022	0.010929	0.012022	0.008569	0.000000
14	0.013245	0.026786	0.009497	0.018044	0.004748	0.013245	0.011589	0.003571	0.017857	0.005225	0.019854	0.005225	0.005671	0.000000
15	0.021703	0.019031	0.010223	0.013011	0.006506	0.005008	0.008347	0.008651	0.006920	0.011038	0.016556	0.009934	0.006648	0.000000
16	0.028219	0.020333	0.007194	0.016187	0.004496	0.012346	0.012346	0.011091	0.005545	0.008421	0.010526	0.009474	0.005678	0.000000
17	0.010753	0.029160	0.004673	0.014953	0.014019	0.012545	0.007168	0.008576	0.008576	0.009356	0.016632	0.008316	0.005673	0.000000
18	0.018987	0.027826	0.014340	0.011472	0.005736	0.007911	0.004747	0.010435	0.003478	0.009740	0.016234	0.005411	0.003462	0.000000
19	0.022767	0.023050	0.006404	0.013724	0.005489	0.012259	0.003503	0.017730	0.008865	0.008547	0.016026	0.004274	0.009166	0.000000
20	0.016920	0.019538	0.004798	0.004798	0.008637	0.011844	0.005076	0.010657	0.003552	0.011352	0.016512	0.007224	0.005687	0.000000
21	0.011475	0.031716	0.006876	0.015717	0.009823	0.011475	0.006557	0.005597	0.020522	0.007992	0.009990	0.008991	0.006319	0.000000
22	0.021997	0.021359	0.005655	0.016023	0.005655	0.016920	0.006768	0.001942	0.009709	0.007976	0.003988	0.013958	0.005363	0.000000
23	0.020690	0.015986	0.006579	0.005639	0.005639	0.015517	0.012069	0.008881	0.005329	0.010438	0.011482	0.009395	0.006951	0.000000
24	0.012389	0.023636	0.012400	0.009743	0.004429	0.015929	0.005310	0.016364	0.012727	0.011752	0.028846	0.006410	0.004717	0.000000
