# table produced by DamageProfiler
# using mapped file ToA008.ElandCommon_Human_nc.Target.rmdup.noMicro_SCR_009.bam
# Sample ID: ToA008.ElandCommon_Human_nc.Target.rmdup.noMicro_SCR_009.bam
Pos	C>T	G>A	A>C	A>G	A>T	C>A	C>G	G>C	G>T	T>A	T>C	T>G	->ACGT	ACGT>-
0	0.000000	0.000000	0.042254	0.014085	0.014085	0.044444	0.022222	0.048780	0.024390	0.100000	0.000000	0.033333	0.000000	0.000000
1	0.020408	0.000000	0.014925	0.014925	0.014925	0.061224	0.020408	0.022727	0.022727	0.037037	0.037037	0.000000	0.000000	0.000000
2	0.016949	0.000000	0.032787	0.000000	0.016393	0.016949	0.016949	0.000000	0.000000	0.027027	0.054054	0.027027	0.000000	0.000000
3	0.000000	0.000000	0.015625	0.000000	0.000000	0.000000	0.000000	0.000000	0.050000	0.026316	0.105263	0.000000	0.000000	0.000000
4	0.000000	0.027027	0.046512	0.000000	0.000000	0.015385	0.046154	0.054054	0.000000	0.083333	0.000000	0.000000	0.022099	0.000000
5	0.000000	0.000000	0.056604	0.018868	0.000000	0.000000	0.022222	0.027778	0.000000	0.024390	0.024390	0.000000	0.045714	0.000000
6	0.000000	0.029412	0.048387	0.016129	0.000000	0.020000	0.020000	0.000000	0.000000	0.000000	0.000000	0.000000	0.033708	0.000000
7	0.000000	0.018519	0.023256	0.000000	0.023256	0.041667	0.020833	0.037037	0.018519	0.030303	0.000000	0.000000	0.022472	0.000000
8	0.000000	0.030303	0.016393	0.000000	0.000000	0.000000	0.040816	0.000000	0.000000	0.000000	0.000000	0.055556	0.016760	0.000000
9	0.000000	0.000000	0.015873	0.015873	0.000000	0.037037	0.000000	0.025000	0.000000	0.040000	0.000000	0.000000	0.005495	0.000000
10	0.042553	0.000000	0.033898	0.000000	0.016949	0.021277	0.042553	0.048780	0.000000	0.000000	0.000000	0.029412	0.027624	0.000000
11	0.000000	0.000000	0.016949	0.016949	0.016949	0.056604	0.000000	0.026316	0.000000	0.000000	0.000000	0.000000	0.011050	0.000000
12	0.000000	0.000000	0.033898	0.016949	0.000000	0.000000	0.018519	0.025641	0.000000	0.000000	0.000000	0.000000	0.033149	0.000000
13	0.000000	0.031250	0.032258	0.016129	0.016129	0.017544	0.017544	0.000000	0.000000	0.000000	0.000000	0.032258	0.005495	0.000000
14	0.044444	0.000000	0.000000	0.035088	0.000000	0.022222	0.022222	0.026316	0.000000	0.000000	0.000000	0.000000	0.017143	0.000000
15	0.000000	0.024390	0.000000	0.057692	0.000000	0.000000	0.081633	0.000000	0.024390	0.027027	0.027027	0.027027	0.039106	0.000000
16	0.022727	0.060000	0.000000	0.000000	0.000000	0.000000	0.045455	0.020000	0.000000	0.030303	0.060606	0.030303	0.017045	0.000000
17	0.000000	0.000000	0.015625	0.015625	0.015625	0.000000	0.018182	0.000000	0.000000	0.033333	0.000000	0.000000	0.022099	0.000000
18	0.000000	0.027778	0.000000	0.020833	0.041667	0.000000	0.065217	0.027778	0.000000	0.000000	0.023810	0.047619	0.040698	0.000000
19	0.023256	0.000000	0.018519	0.000000	0.000000	0.023256	0.046512	0.040000	0.020000	0.000000	0.000000	0.000000	0.016575	0.000000
20	0.020408	0.000000	0.014925	0.014925	0.000000	0.020408	0.040816	0.029412	0.029412	0.033333	0.000000	0.000000	0.011111	0.000000
21	0.021739	0.000000	0.012987	0.012987	0.012987	0.000000	0.043478	0.000000	0.030303	0.000000	0.040000	0.040000	0.011050	0.000000
22	0.000000	0.000000	0.028986	0.014493	0.014493	0.000000	0.046512	0.048780	0.000000	0.000000	0.040000	0.040000	0.016854	0.000000
23	0.022727	0.066667	0.014493	0.014493	0.014493	0.022727	0.022727	0.033333	0.000000	0.057143	0.028571	0.028571	0.033708	0.000000
24	0.041667	0.071429	0.000000	0.000000	0.014706	0.083333	0.020833	0.035714	0.035714	0.000000	0.030303	0.030303	0.016949	0.000000
