# table produced by DamageProfiler
# using mapped file ToA008.ElandCommon_Human_nc.Target.rmdup.noMicro_SCR_009.bam
# Sample ID: ToA008.ElandCommon_Human_nc.Target.rmdup.noMicro_SCR_009.bam
Chr	End	Std	Pos	A	C	G	T	Total
	3p	+	1	47	25	16	13	101
	3p	+	2	43	24	16	18	101
	3p	+	3	37	35	23	6	101
	3p	+	4	47	25	16	13	101
	3p	+	5	43	17	24	17	101
	3p	+	6	41	21	26	13	101
	3p	+	7	38	29	18	16	101
	3p	+	8	43	20	18	20	101
	3p	+	9	38	25	16	22	101
	3p	+	10	41	29	17	14	101
	3p	+	11	37	24	25	15	101
	3p	+	12	32	28	19	22	101
	3p	+	13	38	34	15	14	101
	3p	+	14	31	31	19	20	101
	3p	+	15	29	24	29	19	101
	3p	+	16	37	19	30	15	101
	3p	+	17	40	24	12	25	101
	3p	+	18	36	33	20	12	101
	3p	+	19	35	26	20	20	101
	3p	+	20	35	28	19	19	101
	3p	+	21	33	31	24	13	101
	3p	+	22	42	28	20	11	101
	3p	+	23	33	28	25	15	101
	3p	+	24	34	24	21	22	101
	3p	+	25	38	27	17	19	101
	3p	+	26	34	28	23	16	101
	3p	+	27	33	24	25	19	101
	3p	+	28	36	31	14	20	101
	3p	+	29	34	28	23	16	101
	3p	+	30	42	19	23	17	101
	3p	+	31	21	15	7	6	49
	3p	+	32	15	5	1	5	26
	3p	+	33	8	9	4	1	22
	3p	+	34	3	4	2	6	15
	3p	+	35	6	2	3	4	15
	3p	+	36	7	2	3	3	15
	3p	+	37	5	2	4	3	14
	3p	+	38	6	2	1	3	12
	3p	+	39	5	5	1	1	12
	3p	+	40	4	5	3	0	12
	3p	+	41	1	3	2	5	11
	3p	+	42	3	3	1	3	10
	3p	+	43	3	2	2	3	10
	3p	+	44	6	2	0	2	10
	3p	+	45	4	1	3	1	9
	3p	+	46	4	1	1	2	8
	3p	+	47	5	1	2	0	8
	3p	+	48	2	3	1	1	7
	3p	+	49	2	0	2	2	6
	3p	+	50	2	1	1	1	5
	3p	+	51	1	1	3	0	5
	3p	+	52	2	1	1	1	5
	3p	+	53	3	1	1	0	5
	3p	+	54	1	3	0	1	5
	3p	+	55	0	2	2	1	5
	3p	+	56	3	0	1	1	5
	3p	+	57	2	3	0	0	5
	3p	+	58	2	1	2	0	5
	3p	+	59	3	1	1	0	5
	3p	+	60	0	1	1	3	5
	3p	+	61	3	1	1	0	5
	3p	+	62	1	1	0	2	4
	3p	+	63	1	1	0	2	4
	3p	+	64	2	2	0	0	4
	3p	+	65	1	2	0	1	4
	3p	+	66	0	1	2	1	4
	3p	+	67	0	1	2	1	4
	3p	+	68	2	0	1	1	4
	3p	+	69	0	1	2	1	4
	3p	+	70	1	1	1	1	4
	3p	+	71	0	1	1	1	3
	3p	+	72	1	0	0	2	3
	3p	+	73	1	1	0	1	3
	3p	+	74	0	0	1	2	3
	3p	+	75	1	0	1	1	3
	3p	+	76	2	0	1	0	3
	3p	+	77	1	0	1	1	3
	3p	+	78	0	1	1	1	3
	3p	+	79	0	1	0	2	3
	3p	+	80	0	0	2	0	2
	3p	+	81	0	0	0	1	1
	3p	+	82	0	1	0	0	1
	3p	+	83	0	0	1	0	1
	3p	+	84	0	0	0	1	1
	3p	+	85	1	0	0	0	1
	3p	+	86	0	1	0	0	1
	3p	+	87	0	0	1	0	1
	3p	+	88	1	0	0	0	1
	3p	+	89	0	0	0	1	1
	3p	+	90	0	0	0	1	1
	3p	+	91	0	0	0	1	1
	3p	+	92	0	0	0	1	1
	3p	+	93	0	0	0	1	1
	3p	+	94	0	1	0	0	1
	3p	+	95	0	0	1	0	1
	3p	+	96	0	0	0	1	1
	3p	+	97	0	1	0	0	1
	3p	+	98	0	0	0	1	1
	3p	+	99	0	1	0	0	1
	3p	+	100	0	0	0	1	1
	3p	-	1	36	27	14	12	89
	3p	-	2	25	30	18	16	89
	3p	-	3	31	29	15	14	89
	3p	-	4	26	26	22	15	89
	3p	-	5	29	18	20	22	89
	3p	-	6	40	21	12	16	89
	3p	-	7	27	24	22	16	89
	3p	-	8	32	22	20	15	89
	3p	-	9	27	26	23	13	89
	3p	-	10	28	24	21	16	89
	3p	-	11	27	18	26	18	89
	3p	-	12	22	30	18	19	89
	3p	-	13	25	30	19	15	89
	3p	-	14	27	19	28	15	89
	3p	-	15	27	28	22	12	89
	3p	-	16	20	20	27	22	89
	3p	-	17	24	28	23	14	89
	3p	-	18	28	25	22	14	89
	3p	-	19	21	33	10	25	89
	3p	-	20	33	19	22	15	89
	3p	-	21	24	25	23	17	89
	3p	-	22	26	23	19	21	89
	3p	-	23	18	22	30	19	89
	3p	-	24	33	23	17	16	89
	3p	-	25	16	37	23	13	89
	3p	-	26	21	29	19	20	89
	3p	-	27	21	33	14	21	89
	3p	-	28	32	24	18	15	89
	3p	-	29	26	24	24	15	89
	3p	-	30	31	22	21	15	89
	3p	-	31	19	13	7	10	49
	3p	-	32	4	6	4	3	17
	3p	-	33	2	4	3	2	11
	3p	-	34	4	1	2	2	9
	3p	-	35	2	2	1	3	8
	3p	-	36	4	2	1	1	8
	3p	-	37	3	2	3	0	8
	3p	-	38	3	1	3	0	7
	3p	-	39	3	1	0	3	7
	3p	-	40	3	1	2	1	7
	3p	-	41	1	3	2	1	7
	3p	-	42	1	2	3	1	7
	3p	-	43	2	1	2	2	7
	3p	-	44	2	1	2	1	6
	3p	-	45	1	1	2	2	6
	3p	-	46	2	1	0	3	6
	3p	-	47	1	1	3	1	6
	3p	-	48	2	0	2	2	6
	3p	-	49	1	2	2	1	6
	3p	-	50	1	2	1	2	6
	3p	-	51	1	2	0	3	6
	3p	-	52	2	1	1	2	6
	3p	-	53	0	3	2	1	6
	3p	-	54	4	0	1	1	6
	3p	-	55	1	1	2	1	5
	3p	-	56	2	0	3	0	5
	3p	-	57	1	1	3	0	5
	3p	-	58	4	0	0	1	5
	3p	-	59	1	2	2	0	5
	3p	-	60	4	0	0	1	5
	3p	-	61	0	2	2	0	4
	3p	-	62	2	0	2	0	4
	3p	-	63	1	1	1	0	3
	3p	-	64	2	0	1	0	3
	3p	-	65	0	0	2	0	2
	3p	-	66	1	0	0	1	2
	3p	-	67	0	1	1	0	2
	3p	-	68	1	1	0	0	2
	3p	-	69	0	2	0	0	2
	3p	-	70	0	0	1	0	1
	3p	-	71	0	0	1	0	1
	3p	-	72	0	0	0	1	1
	3p	-	73	0	0	1	0	1
	3p	-	74	0	0	0	1	1
	3p	-	75	0	1	0	0	1
	3p	-	76	0	1	0	0	1
	3p	-	77	0	1	0	0	1
	3p	-	78	0	0	0	1	1
	3p	-	79	0	0	1	0	1
	3p	-	80	0	0	1	0	1
	3p	-	81	1	0	0	0	1
	3p	-	82	0	0	0	1	1
	3p	-	83	0	1	0	0	1
	3p	-	84	0	0	0	1	1
	3p	-	85	0	0	0	1	1
	3p	-	86	0	0	1	0	1
	3p	-	87	0	0	0	1	1
	3p	-	88	0	1	0	0	1
	3p	-	89	0	1	0	0	1
	3p	-	90	0	0	0	1	1
	3p	-	91	0	0	0	1	1
	3p	-	92	1	0	0	0	1
	3p	-	93	0	1	0	0	1
	3p	-	94	0	1	0	0	1
	3p	-	95	1	0	0	0	1
	3p	-	96	0	1	0	0	1
	3p	-	97	1	0	0	0	1
	3p	-	98	0	0	1	0	1
	3p	-	99	0	0	0	0	0
	3p	-	100	0	0	0	0	0
	5p	+	1	41	24	25	11	101
	5p	+	2	40	22	22	17	101
	5p	+	3	38	30	13	20	101
	5p	+	4	31	30	21	19	101
	5p	+	5	26	31	27	17	101
	5p	+	6	35	26	15	25	101
	5p	+	7	36	26	21	18	101
	5p	+	8	26	32	24	19	101
	5p	+	9	39	27	18	17	101
	5p	+	10	40	31	21	9	101
	5p	+	11	33	22	25	21	101
	5p	+	12	33	30	20	18	101
	5p	+	13	31	31	30	9	101
	5p	+	14	40	31	13	17	101
	5p	+	15	37	17	22	25	101
	5p	+	16	33	27	24	17	101
	5p	+	17	36	23	23	19	101
	5p	+	18	30	35	14	22	101
	5p	+	19	27	27	24	23	101
	5p	+	20	38	22	24	17	101
	5p	+	21	39	29	15	18	101
	5p	+	22	43	27	18	13	101
	5p	+	23	43	22	21	15	101
	5p	+	24	44	25	13	19	101
	5p	+	25	41	22	20	18	101
	5p	+	26	46	18	23	14	101
	5p	+	27	41	24	21	15	101
	5p	+	28	41	33	24	3	101
	5p	+	29	41	26	18	16	101
	5p	+	30	43	25	21	12	101
	5p	+	31	21	14	6	8	49
	5p	+	32	13	3	3	7	26
	5p	+	33	6	7	3	6	22
	5p	+	34	9	2	2	2	15
	5p	+	35	9	2	3	1	15
	5p	+	36	5	4	5	1	15
	5p	+	37	7	3	0	4	14
	5p	+	38	1	6	5	0	12
	5p	+	39	4	1	2	5	12
	5p	+	40	3	4	3	2	12
	5p	+	41	7	2	1	1	11
	5p	+	42	1	5	1	3	10
	5p	+	43	6	1	2	1	10
	5p	+	44	4	2	2	2	10
	5p	+	45	1	5	1	2	9
	5p	+	46	3	0	1	4	8
	5p	+	47	2	2	3	1	8
	5p	+	48	3	1	2	1	7
	5p	+	49	3	0	1	2	6
	5p	+	50	2	1	2	0	5
	5p	+	51	1	0	1	3	5
	5p	+	52	0	1	2	2	5
	5p	+	53	1	2	1	1	5
	5p	+	54	3	0	0	2	5
	5p	+	55	3	0	1	1	5
	5p	+	56	2	0	3	0	5
	5p	+	57	1	2	1	1	5
	5p	+	58	3	1	1	0	5
	5p	+	59	2	1	2	0	5
	5p	+	60	0	4	0	1	5
	5p	+	61	3	1	0	1	5
	5p	+	62	1	0	1	2	4
	5p	+	63	1	0	0	3	4
	5p	+	64	3	1	0	0	4
	5p	+	65	2	0	2	0	4
	5p	+	66	1	1	0	2	4
	5p	+	67	0	1	1	2	4
	5p	+	68	2	1	0	1	4
	5p	+	69	1	2	1	0	4
	5p	+	70	1	1	0	2	4
	5p	+	71	1	1	0	1	3
	5p	+	72	2	0	1	0	3
	5p	+	73	3	0	0	0	3
	5p	+	74	0	1	2	0	3
	5p	+	75	2	1	0	0	3
	5p	+	76	3	0	0	0	3
	5p	+	77	1	1	1	0	3
	5p	+	78	2	0	0	1	3
	5p	+	79	2	1	0	0	3
	5p	+	80	0	0	0	2	2
	5p	+	81	0	0	1	0	1
	5p	+	82	0	0	1	0	1
	5p	+	83	1	0	0	0	1
	5p	+	84	1	0	0	0	1
	5p	+	85	1	0	0	0	1
	5p	+	86	0	0	1	0	1
	5p	+	87	1	0	0	0	1
	5p	+	88	1	0	0	0	1
	5p	+	89	0	0	0	1	1
	5p	+	90	1	0	0	0	1
	5p	+	91	1	0	0	0	1
	5p	+	92	0	1	0	0	1
	5p	+	93	0	0	0	1	1
	5p	+	94	0	1	0	0	1
	5p	+	95	1	0	0	0	1
	5p	+	96	0	0	0	1	1
	5p	+	97	0	0	0	1	1
	5p	+	98	0	0	0	1	1
	5p	+	99	0	1	0	0	1
	5p	+	100	0	0	0	1	1
	5p	-	1	31	24	16	18	89
	5p	-	2	28	27	23	11	89
	5p	-	3	24	30	20	15	89
	5p	-	4	33	21	18	17	89
	5p	-	5	20	36	14	19	89
	5p	-	6	20	26	27	16	89
	5p	-	7	27	31	16	15	89
	5p	-	8	21	21	31	16	89
	5p	-	9	25	23	22	19	89
	5p	-	10	25	26	20	18	89
	5p	-	11	28	26	20	15	89
	5p	-	12	26	26	20	17	89
	5p	-	13	29	25	14	21	89
	5p	-	14	22	28	24	15	89
	5p	-	15	22	25	22	20	89
	5p	-	16	21	23	26	19	89
	5p	-	17	19	25	29	16	89
	5p	-	18	35	23	21	10	89
	5p	-	19	22	23	22	22	89
	5p	-	20	17	24	28	20	89
	5p	-	21	29	20	22	18	89
	5p	-	22	32	21	20	16	89
	5p	-	23	25	26	25	13	89
	5p	-	24	30	25	19	15	89
	5p	-	25	35	24	11	19	89
	5p	-	26	29	18	25	17	89
	5p	-	27	31	23	19	16	89
	5p	-	28	26	26	20	17	89
	5p	-	29	29	26	19	15	89
	5p	-	30	29	31	12	17	89
	5p	-	31	22	14	5	8	49
	5p	-	32	6	4	5	2	17
	5p	-	33	3	2	2	4	11
	5p	-	34	4	1	3	1	9
	5p	-	35	2	2	2	2	8
	5p	-	36	5	1	1	1	8
	5p	-	37	3	2	2	1	8
	5p	-	38	4	1	1	1	7
	5p	-	39	2	2	1	2	7
	5p	-	40	3	1	1	2	7
	5p	-	41	2	2	3	0	7
	5p	-	42	3	1	1	2	7
	5p	-	43	2	1	4	0	7
	5p	-	44	1	1	1	3	6
	5p	-	45	2	1	2	1	6
	5p	-	46	1	2	1	2	6
	5p	-	47	1	3	1	1	6
	5p	-	48	2	2	1	1	6
	5p	-	49	1	1	2	2	6
	5p	-	50	1	2	1	2	6
	5p	-	51	0	2	3	1	6
	5p	-	52	1	1	2	2	6
	5p	-	53	1	3	1	1	6
	5p	-	54	3	1	1	1	6
	5p	-	55	1	3	1	0	5
	5p	-	56	3	1	0	1	5
	5p	-	57	0	1	3	1	5
	5p	-	58	1	0	3	1	5
	5p	-	59	2	2	0	1	5
	5p	-	60	3	0	2	0	5
	5p	-	61	1	3	0	0	4
	5p	-	62	3	0	1	0	4
	5p	-	63	1	2	0	0	3
	5p	-	64	1	1	0	1	3
	5p	-	65	1	1	0	0	2
	5p	-	66	1	0	1	0	2
	5p	-	67	0	1	1	0	2
	5p	-	68	1	1	0	0	2
	5p	-	69	0	1	0	1	2
	5p	-	70	0	1	0	0	1
	5p	-	71	0	1	0	0	1
	5p	-	72	0	1	0	0	1
	5p	-	73	0	0	0	1	1
	5p	-	74	0	0	0	1	1
	5p	-	75	1	0	0	0	1
	5p	-	76	0	0	0	1	1
	5p	-	77	0	0	0	1	1
	5p	-	78	0	1	0	0	1
	5p	-	79	0	0	0	1	1
	5p	-	80	0	1	0	0	1
	5p	-	81	1	0	0	0	1
	5p	-	82	0	1	0	0	1
	5p	-	83	0	1	0	0	1
	5p	-	84	1	0	0	0	1
	5p	-	85	1	0	0	0	1
	5p	-	86	1	0	0	0	1
	5p	-	87	0	1	0	0	1
	5p	-	88	0	0	0	1	1
	5p	-	89	0	1	0	0	1
	5p	-	90	1	0	0	0	1
	5p	-	91	0	0	1	0	1
	5p	-	92	0	0	1	0	1
	5p	-	93	1	0	0	0	1
	5p	-	94	1	0	0	0	1
	5p	-	95	1	0	0	0	1
	5p	-	96	0	0	1	0	1
	5p	-	97	1	0	0	0	1
	5p	-	98	1	0	0	0	1
	5p	-	99	0	0	0	0	0
	5p	-	100	0	0	0	0	0
