# table produced by DamageProfiler
# using mapped file ToA008.ElandCommon_Human_nc.Target.rmdup.noMicro_SCR_009.bam
# Sample ID: ToA008.ElandCommon_Human_nc.Target.rmdup.noMicro_SCR_009.bam
Chr	End	Std	Pos	A	C	G	T	Total	G>A	C>T	A>G	T>C	A>C	A>T	C>G	C>A	T>G	T>A	G>C	G>T	A>-	T>-	C>-	G>-	->A	->T	->C	->G	S
	3p	+	1	45.0	25.0	15.0	12.0	97.0	0.0	1.0	0.0	0.0	1.0	0.0	0.0	1.0	1.0	0.0	0.0	1.0	0.0	0.0	0.0	0.0	0.0	0.0	0.0	0.0	0.0
	3p	+	2	42.0	22.0	16.0	17.0	97.0	1.0	0.0	0.0	1.0	1.0	1.0	1.0	0.0	0.0	1.0	0.0	0.0	0.0	0.0	0.0	0.0	0.0	0.0	0.0	0.0	0.0
	3p	+	3	36.0	33.0	22.0	6.0	97.0	0.0	0.0	0.0	0.0	1.0	0.0	0.0	0.0	1.0	0.0	0.0	0.0	0.0	0.0	0.0	0.0	0.0	0.0	0.0	0.0	0.0
	3p	+	4	42.0	25.0	17.0	13.0	97.0	2.0	1.0	0.0	0.0	0.0	0.0	0.0	0.0	0.0	1.0	0.0	0.0	0.0	0.0	0.0	0.0	0.0	0.0	0.0	0.0	0.0
	3p	+	5	42.0	18.0	21.0	17.0	98.0	0.0	0.0	0.0	0.0	0.0	0.0	1.0	0.0	0.0	1.0	0.0	0.0	0.0	0.0	0.0	0.0	0.0	0.0	0.0	0.0	0.0
	3p	+	6	38.0	22.0	25.0	12.0	97.0	1.0	1.0	0.0	0.0	0.0	0.0	2.0	0.0	0.0	1.0	1.0	1.0	0.0	0.0	0.0	0.0	0.0	0.0	0.0	1.0	0.0
	3p	+	7	39.0	24.0	16.0	18.0	97.0	1.0	0.0	1.0	1.0	2.0	0.0	1.0	1.0	1.0	0.0	1.0	0.0	0.0	0.0	0.0	0.0	0.0	0.0	1.0	1.0	0.0
	3p	+	8	43.0	16.0	16.0	16.0	91.0	0.0	0.0	0.0	0.0	1.0	2.0	0.0	0.0	1.0	0.0	0.0	0.0	0.0	0.0	0.0	0.0	3.0	0.0	3.0	0.0	0.0
	3p	+	9	36.0	23.0	16.0	18.0	93.0	0.0	2.0	0.0	1.0	0.0	1.0	1.0	1.0	0.0	0.0	2.0	0.0	0.0	0.0	0.0	0.0	2.0	0.0	2.0	0.0	0.0
	3p	+	10	41.0	30.0	16.0	8.0	95.0	0.0	2.0	0.0	0.0	1.0	0.0	0.0	1.0	0.0	0.0	0.0	1.0	0.0	0.0	0.0	0.0	0.0	0.0	0.0	1.0	0.0
	3p	+	11	38.0	23.0	21.0	13.0	95.0	0.0	0.0	1.0	0.0	0.0	0.0	2.0	0.0	0.0	0.0	1.0	0.0	0.0	0.0	0.0	0.0	0.0	0.0	1.0	1.0	0.0
	3p	+	12	32.0	25.0	13.0	21.0	91.0	0.0	0.0	0.0	1.0	1.0	0.0	1.0	0.0	1.0	0.0	0.0	0.0	0.0	0.0	0.0	0.0	1.0	0.0	1.0	4.0	0.0
	3p	+	13	38.0	31.0	15.0	14.0	98.0	0.0	0.0	0.0	0.0	1.0	0.0	1.0	0.0	0.0	0.0	1.0	0.0	0.0	0.0	0.0	0.0	1.0	0.0	1.0	0.0	0.0
	3p	+	14	26.0	33.0	18.0	18.0	95.0	3.0	0.0	1.0	0.0	0.0	0.0	2.0	1.0	0.0	1.0	0.0	0.0	0.0	0.0	0.0	0.0	1.0	0.0	1.0	1.0	0.0
	3p	+	15	27.0	26.0	27.0	17.0	97.0	1.0	2.0	0.0	0.0	0.0	0.0	1.0	0.0	1.0	0.0	0.0	0.0	0.0	0.0	0.0	0.0	0.0	0.0	1.0	1.0	0.0
	3p	+	16	36.0	17.0	26.0	13.0	92.0	0.0	0.0	2.0	1.0	0.0	0.0	0.0	0.0	0.0	0.0	0.0	0.0	0.0	0.0	0.0	0.0	3.0	0.0	1.0	2.0	0.0
	3p	+	17	38.0	24.0	13.0	22.0	97.0	1.0	1.0	0.0	0.0	1.0	0.0	0.0	1.0	1.0	1.0	0.0	1.0	0.0	0.0	0.0	0.0	0.0	0.0	0.0	0.0	0.0
	3p	+	18	38.0	32.0	17.0	12.0	99.0	0.0	0.0	0.0	0.0	2.0	0.0	1.0	0.0	0.0	0.0	0.0	0.0	0.0	0.0	0.0	0.0	0.0	0.0	0.0	1.0	0.0
	3p	+	19	34.0	27.0	17.0	18.0	96.0	0.0	0.0	2.0	0.0	0.0	0.0	0.0	2.0	0.0	0.0	0.0	0.0	0.0	0.0	0.0	0.0	1.0	0.0	1.0	1.0	0.0
	3p	+	20	34.0	28.0	16.0	18.0	96.0	0.0	0.0	0.0	0.0	0.0	1.0	2.0	0.0	0.0	0.0	0.0	0.0	0.0	0.0	0.0	0.0	2.0	0.0	2.0	0.0	0.0
	3p	+	21	33.0	31.0	22.0	13.0	99.0	0.0	0.0	1.0	0.0	2.0	0.0	0.0	2.0	1.0	0.0	0.0	0.0	0.0	0.0	0.0	0.0	0.0	0.0	0.0	0.0	0.0
	3p	+	22	40.0	27.0	18.0	12.0	97.0	0.0	0.0	0.0	0.0	0.0	0.0	0.0	0.0	1.0	0.0	0.0	0.0	0.0	0.0	0.0	0.0	1.0	0.0	1.0	1.0	0.0
	3p	+	23	29.0	28.0	24.0	16.0	97.0	1.0	0.0	0.0	1.0	1.0	0.0	2.0	1.0	0.0	1.0	0.0	0.0	0.0	0.0	0.0	0.0	2.0	0.0	1.0	0.0	0.0
	3p	+	24	33.0	22.0	23.0	20.0	98.0	1.0	0.0	0.0	0.0	0.0	1.0	0.0	1.0	0.0	0.0	1.0	1.0	0.0	0.0	0.0	0.0	0.0	0.0	2.0	1.0	0.0
	3p	+	25	35.0	25.0	14.0	18.0	92.0	0.0	0.0	0.0	0.0	0.0	0.0	0.0	0.0	0.0	0.0	0.0	0.0	0.0	0.0	0.0	0.0	3.0	0.0	2.0	3.0	0.0
	3p	+	26	33.0	29.0	17.0	15.0	94.0	0.0	0.0	0.0	0.0	1.0	0.0	4.0	0.0	0.0	0.0	1.0	0.0	0.0	0.0	0.0	0.0	1.0	0.0	1.0	3.0	0.0
	3p	+	27	32.0	22.0	25.0	20.0	99.0	0.0	0.0	0.0	0.0	1.0	0.0	0.0	0.0	0.0	2.0	0.0	1.0	0.0	0.0	0.0	0.0	0.0	0.0	0.0	1.0	0.0
	3p	+	28	35.0	25.0	16.0	23.0	99.0	1.0	0.0	0.0	3.0	2.0	0.0	0.0	1.0	0.0	1.0	0.0	1.0	0.0	0.0	0.0	0.0	0.0	0.0	1.0	0.0	0.0
	3p	+	29	36.0	27.0	21.0	16.0	100.0	0.0	0.0	0.0	0.0	3.0	1.0	2.0	0.0	0.0	1.0	0.0	0.0	0.0	0.0	0.0	0.0	0.0	0.0	0.0	0.0	0.0
	3p	+	30	41.0	18.0	21.0	20.0	100.0	0.0	0.0	0.0	1.0	1.0	0.0	1.0	1.0	1.0	1.0	0.0	0.0	0.0	0.0	0.0	0.0	0.0	0.0	0.0	0.0	0.0
	3p	+	31	21.0	15.0	7.0	5.0	48.0	0.0	1.0	0.0	0.0	1.0	0.0	0.0	0.0	0.0	0.0	0.0	0.0	0.0	0.0	0.0	0.0	0.0	0.0	0.0	0.0	0.0
	3p	+	32	13.0	7.0	1.0	5.0	26.0	0.0	0.0	0.0	0.0	0.0	0.0	0.0	2.0	0.0	0.0	0.0	0.0	0.0	0.0	0.0	0.0	0.0	0.0	0.0	0.0	0.0
	3p	+	33	8.0	9.0	4.0	1.0	22.0	0.0	0.0	0.0	0.0	0.0	0.0	0.0	0.0	0.0	0.0	0.0	0.0	0.0	0.0	0.0	0.0	0.0	0.0	0.0	0.0	0.0
	3p	+	34	4.0	4.0	1.0	6.0	15.0	0.0	0.0	0.0	0.0	1.0	0.0	1.0	0.0	0.0	0.0	0.0	0.0	0.0	0.0	0.0	0.0	0.0	0.0	0.0	0.0	0.0
	3p	+	35	6.0	2.0	3.0	4.0	15.0	0.0	0.0	0.0	0.0	0.0	0.0	0.0	0.0	0.0	0.0	0.0	0.0	0.0	0.0	0.0	0.0	0.0	0.0	0.0	0.0	0.0
	3p	+	36	7.0	2.0	3.0	3.0	15.0	0.0	0.0	0.0	0.0	0.0	0.0	0.0	0.0	0.0	0.0	0.0	0.0	0.0	0.0	0.0	0.0	0.0	0.0	0.0	0.0	0.0
	3p	+	37	5.0	2.0	4.0	3.0	14.0	0.0	0.0	0.0	0.0	0.0	0.0	0.0	0.0	0.0	0.0	0.0	0.0	0.0	0.0	0.0	0.0	0.0	0.0	0.0	0.0	0.0
	3p	+	38	6.0	2.0	1.0	3.0	12.0	0.0	0.0	0.0	0.0	0.0	0.0	0.0	0.0	0.0	0.0	0.0	0.0	0.0	0.0	0.0	0.0	0.0	0.0	0.0	0.0	0.0
	3p	+	39	5.0	5.0	1.0	1.0	12.0	0.0	0.0	0.0	0.0	0.0	0.0	0.0	0.0	0.0	0.0	0.0	0.0	0.0	0.0	0.0	0.0	0.0	0.0	0.0	0.0	0.0
	3p	+	40	5.0	4.0	3.0	0.0	12.0	0.0	0.0	0.0	0.0	1.0	0.0	0.0	0.0	0.0	0.0	0.0	0.0	0.0	0.0	0.0	0.0	0.0	0.0	0.0	0.0	0.0
	3p	+	41	1.0	3.0	2.0	5.0	11.0	0.0	0.0	0.0	0.0	0.0	0.0	0.0	0.0	0.0	0.0	0.0	0.0	0.0	0.0	0.0	0.0	0.0	0.0	0.0	0.0	0.0
	3p	+	42	4.0	3.0	1.0	2.0	10.0	0.0	0.0	1.0	0.0	0.0	0.0	0.0	0.0	0.0	0.0	0.0	1.0	0.0	0.0	0.0	0.0	0.0	0.0	0.0	0.0	0.0
	3p	+	43	3.0	2.0	2.0	3.0	10.0	0.0	0.0	0.0	0.0	0.0	0.0	0.0	0.0	0.0	0.0	0.0	0.0	0.0	0.0	0.0	0.0	0.0	0.0	0.0	0.0	0.0
	3p	+	44	6.0	2.0	0.0	2.0	10.0	0.0	0.0	0.0	0.0	0.0	0.0	0.0	0.0	0.0	0.0	0.0	0.0	0.0	0.0	0.0	0.0	0.0	0.0	0.0	0.0	0.0
	3p	+	45	4.0	1.0	3.0	1.0	9.0	0.0	0.0	0.0	0.0	0.0	0.0	0.0	0.0	0.0	0.0	0.0	0.0	0.0	0.0	0.0	0.0	0.0	0.0	0.0	0.0	0.0
	3p	+	46	4.0	1.0	1.0	2.0	8.0	0.0	0.0	0.0	0.0	0.0	0.0	0.0	0.0	0.0	0.0	0.0	0.0	0.0	0.0	0.0	0.0	0.0	0.0	0.0	0.0	0.0
	3p	+	47	5.0	1.0	2.0	0.0	8.0	0.0	0.0	0.0	0.0	0.0	0.0	0.0	0.0	0.0	0.0	0.0	0.0	0.0	0.0	0.0	0.0	0.0	0.0	0.0	0.0	0.0
	3p	+	48	2.0	2.0	1.0	2.0	7.0	0.0	0.0	0.0	1.0	0.0	0.0	0.0	0.0	0.0	0.0	0.0	0.0	0.0	0.0	0.0	0.0	0.0	0.0	0.0	0.0	0.0
	3p	+	49	2.0	0.0	2.0	2.0	6.0	0.0	0.0	0.0	0.0	0.0	0.0	0.0	0.0	0.0	0.0	0.0	0.0	0.0	0.0	0.0	0.0	0.0	0.0	0.0	0.0	0.0
	3p	+	50	2.0	1.0	1.0	1.0	5.0	0.0	0.0	0.0	0.0	0.0	0.0	0.0	0.0	0.0	0.0	0.0	0.0	0.0	0.0	0.0	0.0	0.0	0.0	0.0	0.0	0.0
	3p	+	51	0.0	2.0	3.0	0.0	5.0	0.0	0.0	0.0	0.0	0.0	0.0	0.0	1.0	0.0	0.0	0.0	0.0	0.0	0.0	0.0	0.0	0.0	0.0	0.0	0.0	0.0
	3p	+	52	3.0	0.0	1.0	1.0	5.0	0.0	0.0	0.0	0.0	1.0	0.0	0.0	0.0	0.0	0.0	0.0	0.0	0.0	0.0	0.0	0.0	0.0	0.0	0.0	0.0	0.0
	3p	+	53	3.0	1.0	1.0	0.0	5.0	0.0	0.0	0.0	0.0	0.0	0.0	0.0	0.0	0.0	0.0	0.0	0.0	0.0	0.0	0.0	0.0	0.0	0.0	0.0	0.0	0.0
	3p	+	54	1.0	3.0	0.0	1.0	5.0	0.0	0.0	0.0	0.0	0.0	0.0	0.0	0.0	0.0	0.0	0.0	0.0	0.0	0.0	0.0	0.0	0.0	0.0	0.0	0.0	0.0
	3p	+	55	0.0	2.0	2.0	1.0	5.0	0.0	0.0	0.0	0.0	0.0	0.0	0.0	0.0	0.0	0.0	0.0	0.0	0.0	0.0	0.0	0.0	0.0	0.0	0.0	0.0	0.0
	3p	+	56	3.0	0.0	1.0	1.0	5.0	0.0	0.0	0.0	0.0	0.0	0.0	0.0	0.0	0.0	0.0	0.0	0.0	0.0	0.0	0.0	0.0	0.0	0.0	0.0	0.0	0.0
	3p	+	57	2.0	3.0	0.0	0.0	5.0	0.0	0.0	0.0	0.0	0.0	0.0	0.0	0.0	0.0	0.0	0.0	0.0	0.0	0.0	0.0	0.0	0.0	0.0	0.0	0.0	0.0
	3p	+	58	3.0	1.0	1.0	0.0	5.0	0.0	0.0	1.0	0.0	0.0	0.0	0.0	0.0	0.0	0.0	0.0	0.0	0.0	0.0	0.0	0.0	0.0	0.0	0.0	0.0	0.0
	3p	+	59	3.0	1.0	1.0	0.0	5.0	0.0	0.0	0.0	0.0	0.0	0.0	0.0	0.0	0.0	0.0	0.0	0.0	0.0	0.0	0.0	0.0	0.0	0.0	0.0	0.0	0.0
	3p	+	60	0.0	1.0	1.0	3.0	5.0	0.0	0.0	0.0	0.0	0.0	0.0	0.0	0.0	0.0	0.0	0.0	0.0	0.0	0.0	0.0	0.0	0.0	0.0	0.0	0.0	0.0
	3p	+	61	3.0	1.0	1.0	0.0	5.0	0.0	0.0	0.0	0.0	0.0	0.0	0.0	0.0	0.0	0.0	0.0	0.0	0.0	0.0	0.0	0.0	0.0	0.0	0.0	0.0	0.0
	3p	+	62	1.0	1.0	0.0	2.0	4.0	0.0	0.0	0.0	0.0	0.0	0.0	0.0	0.0	0.0	0.0	0.0	0.0	0.0	0.0	0.0	0.0	0.0	0.0	0.0	0.0	0.0
	3p	+	63	1.0	1.0	0.0	2.0	4.0	0.0	0.0	0.0	0.0	0.0	0.0	0.0	0.0	0.0	0.0	0.0	0.0	0.0	0.0	0.0	0.0	0.0	0.0	0.0	0.0	0.0
	3p	+	64	2.0	2.0	0.0	0.0	4.0	0.0	0.0	0.0	0.0	0.0	0.0	0.0	0.0	0.0	0.0	0.0	0.0	0.0	0.0	0.0	0.0	0.0	0.0	0.0	0.0	0.0
	3p	+	65	1.0	2.0	0.0	1.0	4.0	0.0	0.0	0.0	0.0	0.0	0.0	0.0	0.0	0.0	0.0	0.0	0.0	0.0	0.0	0.0	0.0	0.0	0.0	0.0	0.0	0.0
	3p	+	66	0.0	1.0	2.0	1.0	4.0	0.0	0.0	0.0	0.0	0.0	0.0	0.0	0.0	0.0	0.0	0.0	0.0	0.0	0.0	0.0	0.0	0.0	0.0	0.0	0.0	0.0
	3p	+	67	0.0	1.0	2.0	1.0	4.0	0.0	0.0	0.0	0.0	0.0	0.0	0.0	0.0	0.0	0.0	0.0	0.0	0.0	0.0	0.0	0.0	0.0	0.0	0.0	0.0	0.0
	3p	+	68	2.0	0.0	1.0	1.0	4.0	0.0	0.0	0.0	0.0	0.0	0.0	0.0	0.0	0.0	0.0	0.0	0.0	0.0	0.0	0.0	0.0	0.0	0.0	0.0	0.0	0.0
	3p	+	69	0.0	1.0	2.0	1.0	4.0	0.0	0.0	0.0	0.0	0.0	0.0	0.0	0.0	0.0	0.0	0.0	0.0	0.0	0.0	0.0	0.0	0.0	0.0	0.0	0.0	0.0
	3p	+	70	1.0	1.0	1.0	1.0	4.0	0.0	0.0	0.0	0.0	0.0	0.0	0.0	0.0	0.0	0.0	0.0	0.0	0.0	0.0	0.0	0.0	0.0	0.0	0.0	0.0	0.0
	3p	+	71	0.0	1.0	1.0	1.0	3.0	0.0	0.0	0.0	0.0	0.0	0.0	0.0	0.0	0.0	0.0	0.0	0.0	0.0	0.0	0.0	0.0	0.0	0.0	0.0	0.0	0.0
	3p	+	72	1.0	0.0	0.0	2.0	3.0	0.0	0.0	0.0	0.0	0.0	0.0	0.0	0.0	0.0	0.0	0.0	0.0	0.0	0.0	0.0	0.0	0.0	0.0	0.0	0.0	0.0
	3p	+	73	1.0	1.0	0.0	1.0	3.0	0.0	0.0	0.0	0.0	0.0	0.0	0.0	0.0	0.0	0.0	0.0	0.0	0.0	0.0	0.0	0.0	0.0	0.0	0.0	0.0	0.0
	3p	+	74	0.0	0.0	1.0	2.0	3.0	0.0	0.0	0.0	0.0	0.0	0.0	0.0	0.0	0.0	0.0	0.0	0.0	0.0	0.0	0.0	0.0	0.0	0.0	0.0	0.0	0.0
	3p	+	75	1.0	0.0	1.0	1.0	3.0	0.0	0.0	0.0	0.0	0.0	0.0	0.0	0.0	0.0	0.0	0.0	0.0	0.0	0.0	0.0	0.0	0.0	0.0	0.0	0.0	0.0
	3p	+	76	2.0	0.0	1.0	0.0	3.0	0.0	0.0	0.0	0.0	0.0	0.0	0.0	0.0	0.0	0.0	0.0	0.0	0.0	0.0	0.0	0.0	0.0	0.0	0.0	0.0	0.0
	3p	+	77	1.0	0.0	1.0	1.0	3.0	0.0	0.0	0.0	0.0	0.0	0.0	0.0	0.0	0.0	0.0	0.0	0.0	0.0	0.0	0.0	0.0	0.0	0.0	0.0	0.0	0.0
	3p	+	78	1.0	1.0	0.0	1.0	3.0	0.0	0.0	1.0	0.0	0.0	0.0	0.0	0.0	0.0	0.0	0.0	0.0	0.0	0.0	0.0	0.0	0.0	0.0	0.0	0.0	0.0
	3p	+	79	0.0	1.0	0.0	2.0	3.0	0.0	0.0	0.0	0.0	0.0	0.0	0.0	0.0	0.0	0.0	0.0	0.0	0.0	0.0	0.0	0.0	0.0	0.0	0.0	0.0	0.0
	3p	+	80	0.0	0.0	2.0	0.0	2.0	0.0	0.0	0.0	0.0	0.0	0.0	0.0	0.0	0.0	0.0	0.0	0.0	0.0	0.0	0.0	0.0	0.0	0.0	0.0	0.0	0.0
	3p	+	81	0.0	0.0	0.0	1.0	1.0	0.0	0.0	0.0	0.0	0.0	0.0	0.0	0.0	0.0	0.0	0.0	0.0	0.0	0.0	0.0	0.0	0.0	0.0	0.0	0.0	0.0
	3p	+	82	0.0	1.0	0.0	0.0	1.0	0.0	0.0	0.0	0.0	0.0	0.0	0.0	0.0	0.0	0.0	0.0	0.0	0.0	0.0	0.0	0.0	0.0	0.0	0.0	0.0	0.0
	3p	+	83	0.0	0.0	1.0	0.0	1.0	0.0	0.0	0.0	0.0	0.0	0.0	0.0	0.0	0.0	0.0	0.0	0.0	0.0	0.0	0.0	0.0	0.0	0.0	0.0	0.0	0.0
	3p	+	84	0.0	0.0	0.0	1.0	1.0	0.0	0.0	0.0	0.0	0.0	0.0	0.0	0.0	0.0	0.0	0.0	0.0	0.0	0.0	0.0	0.0	0.0	0.0	0.0	0.0	0.0
	3p	+	85	1.0	0.0	0.0	0.0	1.0	0.0	0.0	0.0	0.0	0.0	0.0	0.0	0.0	0.0	0.0	0.0	0.0	0.0	0.0	0.0	0.0	0.0	0.0	0.0	0.0	0.0
	3p	+	86	0.0	0.0	0.0	1.0	1.0	0.0	0.0	0.0	1.0	0.0	0.0	0.0	0.0	0.0	0.0	0.0	0.0	0.0	0.0	0.0	0.0	0.0	0.0	0.0	0.0	0.0
	3p	+	87	1.0	0.0	0.0	0.0	1.0	0.0	0.0	1.0	0.0	0.0	0.0	0.0	0.0	0.0	0.0	0.0	0.0	0.0	0.0	0.0	0.0	0.0	0.0	0.0	0.0	0.0
	3p	+	88	1.0	0.0	0.0	0.0	1.0	0.0	0.0	0.0	0.0	0.0	0.0	0.0	0.0	0.0	0.0	0.0	0.0	0.0	0.0	0.0	0.0	0.0	0.0	0.0	0.0	0.0
	3p	+	89	0.0	0.0	0.0	1.0	1.0	0.0	0.0	0.0	0.0	0.0	0.0	0.0	0.0	0.0	0.0	0.0	0.0	0.0	0.0	0.0	0.0	0.0	0.0	0.0	0.0	0.0
	3p	+	90	0.0	0.0	0.0	1.0	1.0	0.0	0.0	0.0	0.0	0.0	0.0	0.0	0.0	0.0	0.0	0.0	0.0	0.0	0.0	0.0	0.0	0.0	0.0	0.0	0.0	0.0
	3p	+	91	0.0	0.0	0.0	1.0	1.0	0.0	0.0	0.0	0.0	0.0	0.0	0.0	0.0	0.0	0.0	0.0	0.0	0.0	0.0	0.0	0.0	0.0	0.0	0.0	0.0	0.0
	3p	+	92	0.0	0.0	0.0	1.0	1.0	0.0	0.0	0.0	0.0	0.0	0.0	0.0	0.0	0.0	0.0	0.0	0.0	0.0	0.0	0.0	0.0	0.0	0.0	0.0	0.0	0.0
	3p	+	93	0.0	0.0	0.0	1.0	1.0	0.0	0.0	0.0	0.0	0.0	0.0	0.0	0.0	0.0	0.0	0.0	0.0	0.0	0.0	0.0	0.0	0.0	0.0	0.0	0.0	0.0
	3p	+	94	0.0	1.0	0.0	0.0	1.0	0.0	0.0	0.0	0.0	0.0	0.0	0.0	0.0	0.0	0.0	0.0	0.0	0.0	0.0	0.0	0.0	0.0	0.0	0.0	0.0	0.0
	3p	+	95	0.0	0.0	1.0	0.0	1.0	0.0	0.0	0.0	0.0	0.0	0.0	0.0	0.0	0.0	0.0	0.0	0.0	0.0	0.0	0.0	0.0	0.0	0.0	0.0	0.0	0.0
	3p	+	96	0.0	0.0	0.0	1.0	1.0	0.0	0.0	0.0	0.0	0.0	0.0	0.0	0.0	0.0	0.0	0.0	0.0	0.0	0.0	0.0	0.0	0.0	0.0	0.0	0.0	0.0
	3p	+	97	0.0	1.0	0.0	0.0	1.0	0.0	0.0	0.0	0.0	0.0	0.0	0.0	0.0	0.0	0.0	0.0	0.0	0.0	0.0	0.0	0.0	0.0	0.0	0.0	0.0	0.0
	3p	+	98	0.0	0.0	0.0	1.0	1.0	0.0	0.0	0.0	0.0	0.0	0.0	0.0	0.0	0.0	0.0	0.0	0.0	0.0	0.0	0.0	0.0	0.0	0.0	0.0	0.0	0.0
	3p	+	99	0.0	1.0	0.0	0.0	1.0	0.0	0.0	0.0	0.0	0.0	0.0	0.0	0.0	0.0	0.0	0.0	0.0	0.0	0.0	0.0	0.0	0.0	0.0	0.0	0.0	0.0
	3p	+	100	0.0	0.0	0.0	1.0	1.0	0.0	0.0	0.0	0.0	0.0	0.0	0.0	0.0	0.0	0.0	0.0	0.0	0.0	0.0	0.0	0.0	0.0	0.0	0.0	0.0	0.0
	3p	-	1	32.0	29.0	13.0	14.0	88.0	1.0	0.0	0.0	1.0	0.0	0.0	1.0	2.0	1.0	0.0	0.0	0.00.0	0.0	0.0	0.0	0.0	0.0	0.0	0.0	0.0
	3p	-	2	26.0	29.0	17.0	16.0	88.0	0.0	0.0	1.0	0.0	0.0	0.0	1.0	0.0	0.0	0.0	2.0	0.00.0	0.0	0.0	0.0	0.0	0.0	0.0	0.0	0.0
	3p	-	3	31.0	26.0	16.0	15.0	88.0	1.0	0.0	0.0	0.0	2.0	0.0	0.0	0.0	0.0	1.0	1.0	0.00.0	0.0	0.0	0.0	0.0	0.0	0.0	0.0	0.0
	3p	-	4	24.0	26.0	22.0	16.0	88.0	0.0	0.0	0.0	0.0	0.0	0.0	0.0	1.0	0.0	1.0	0.0	0.00.0	0.0	0.0	0.0	0.0	0.0	0.0	0.0	0.0
	3p	-	5	30.0	19.0	19.0	20.0	88.0	0.0	1.0	0.0	0.0	0.0	1.0	0.0	0.0	0.0	0.0	0.0	0.00.0	0.0	0.0	0.0	0.0	0.0	0.0	0.0	0.0
	3p	-	6	38.0	21.0	11.0	14.0	84.0	0.0	1.0	0.0	1.0	0.0	1.0	0.0	0.0	0.0	0.0	0.0	0.00.0	0.0	0.0	0.0	2.0	0.0	0.0	1.0	0.0
	3p	-	7	23.0	24.0	18.0	16.0	81.0	0.0	0.0	1.0	0.0	0.0	0.0	0.0	2.0	1.0	1.0	0.0	1.00.0	0.0	0.0	0.0	1.0	0.0	2.0	3.0	0.0
	3p	-	8	29.0	20.0	21.0	16.0	86.0	1.0	0.0	0.0	1.0	0.0	0.0	1.0	0.0	0.0	1.0	1.0	0.00.0	0.0	0.0	0.0	0.0	0.0	1.0	0.0	0.0
	3p	-	9	29.0	23.0	18.0	14.0	84.0	0.0	0.0	1.0	1.0	1.0	1.0	1.0	1.0	1.0	0.0	0.0	0.00.0	0.0	0.0	0.0	0.0	0.0	3.0	1.0	0.0
	3p	-	10	28.0	25.0	19.0	15.0	87.0	0.0	0.0	0.0	0.0	0.0	0.0	1.0	0.0	0.0	0.0	0.0	0.00.0	0.0	0.0	0.0	0.0	0.0	0.0	1.0	0.0
	3p	-	11	26.0	22.0	23.0	16.0	87.0	0.0	1.0	1.0	0.0	0.0	0.0	2.0	1.0	0.0	0.0	0.0	0.00.0	0.0	0.0	0.0	0.0	0.0	0.0	0.0	0.0
	3p	-	12	20.0	29.0	13.0	19.0	81.0	1.0	0.0	1.0	0.0	0.0	1.0	2.0	0.0	1.0	1.0	1.0	0.00.0	0.0	0.0	0.0	2.0	0.0	1.0	3.0	0.0
	3p	-	13	26.0	27.0	19.0	11.0	83.0	0.0	0.0	1.0	0.0	0.0	1.0	1.0	0.0	0.0	0.0	1.0	1.00.0	0.0	0.0	0.0	1.0	0.0	2.0	0.0	0.0
	3p	-	14	25.0	15.0	26.0	15.0	81.0	0.0	0.0	0.0	1.0	0.0	1.0	0.0	0.0	1.0	1.0	1.0	0.00.0	0.0	0.0	0.0	2.0	0.0	2.0	2.0	0.0
	3p	-	15	26.0	22.0	22.0	13.0	83.0	0.0	0.0	1.0	1.0	0.0	0.0	0.0	0.0	0.0	0.0	1.0	0.00.0	0.0	0.0	0.0	2.0	0.0	3.0	0.0	0.0
	3p	-	16	20.0	24.0	19.0	19.0	82.0	0.0	1.0	2.0	0.0	0.0	0.0	2.0	1.0	0.0	0.0	0.0	0.00.0	0.0	0.0	0.0	1.0	0.0	0.0	4.0	0.0
	3p	-	17	23.0	30.0	19.0	13.0	85.0	1.0	0.0	0.0	0.0	0.0	0.0	3.0	0.0	0.0	0.0	1.0	0.00.0	0.0	0.0	0.0	0.0	0.0	0.0	1.0	0.0
	3p	-	18	27.0	24.0	22.0	13.0	86.0	0.0	0.0	1.0	0.0	0.0	0.0	0.0	0.0	0.0	0.0	1.0	0.00.0	0.0	0.0	0.0	1.0	0.0	0.0	0.0	0.0
	3p	-	19	22.0	29.0	9.0	22.0	82.0	0.0	0.0	0.0	0.0	1.0	2.0	0.0	0.0	0.0	0.0	0.0	0.00.0	0.0	0.0	0.0	1.0	0.0	3.0	1.0	0.0
	3p	-	20	31.0	19.0	23.0	13.0	86.0	0.0	1.0	0.0	0.0	0.0	0.0	0.0	1.0	0.0	0.0	2.0	0.00.0	0.0	0.0	0.0	1.0	0.0	0.0	0.0	0.0
	3p	-	21	23.0	23.0	20.0	15.0	81.0	0.0	1.0	0.0	0.0	1.0	0.0	0.0	1.0	0.0	0.0	1.0	0.00.0	0.0	0.0	0.0	1.0	0.0	1.0	4.0	0.0
	3p	-	22	25.0	19.0	17.0	19.0	80.0	0.0	0.0	0.0	0.0	0.0	0.0	0.0	0.0	0.0	1.0	1.0	0.00.0	0.0	0.0	0.0	0.0	0.0	2.0	3.0	0.0
	3p	-	23	18.0	21.0	24.0	19.0	82.0	0.0	0.0	0.0	0.0	1.0	0.0	1.0	1.0	1.0	0.0	0.0	0.00.0	0.0	0.0	0.0	0.0	0.0	2.0	4.0	0.0
	3p	-	24	31.0	18.0	17.0	15.0	81.0	1.0	0.0	0.0	0.0	3.0	0.0	0.0	0.0	0.0	0.0	1.0	0.00.0	0.0	0.0	0.0	4.0	0.0	1.0	1.0	0.0
	3p	-	25	19.0	28.0	21.0	14.0	82.0	0.0	0.0	2.0	1.0	1.0	0.0	0.0	0.0	0.0	0.0	1.0	0.00.0	0.0	0.0	0.0	0.0	0.0	6.0	1.0	0.0
	3p	-	26	19.0	28.0	20.0	21.0	88.0	1.0	0.0	0.0	0.0	1.0	0.0	0.0	0.0	0.0	1.0	0.0	0.00.0	0.0	0.0	0.0	0.0	0.0	0.0	0.0	0.0
	3p	-	27	22.0	30.0	15.0	20.0	87.0	0.0	0.0	0.0	1.0	1.0	0.0	0.0	0.0	0.0	0.0	1.0	0.00.0	0.0	0.0	0.0	0.0	0.0	0.0	0.0	0.0
	3p	-	28	31.0	25.0	18.0	14.0	88.0	0.0	0.0	0.0	0.0	0.0	0.0	0.0	1.0	0.0	0.0	0.0	0.00.0	0.0	0.0	0.0	0.0	0.0	0.0	0.0	0.0
	3p	-	29	26.0	23.0	22.0	16.0	87.0	0.0	1.0	0.0	2.0	0.0	1.0	0.0	0.0	1.0	1.0	0.0	1.00.0	0.0	0.0	0.0	0.0	0.0	0.0	1.0	0.0
	3p	-	30	31.0	22.0	21.0	14.0	88.0	0.0	0.0	1.0	0.0	1.0	1.0	0.0	2.0	0.0	1.0	1.0	1.00.0	0.0	0.0	0.0	0.0	0.0	0.0	0.0	0.0
	3p	-	31	19.0	12.0	8.0	9.0	48.0	0.0	0.0	0.0	0.0	0.0	0.0	0.0	0.0	0.0	0.0	1.0	0.00.0	0.0	0.0	0.0	0.0	0.0	0.0	0.0	0.0
	3p	-	32	4.0	6.0	3.0	3.0	16.0	0.0	0.0	0.0	0.0	0.0	0.0	0.0	0.0	0.0	0.0	0.0	0.00.0	0.0	0.0	0.0	0.0	0.0	0.0	0.0	0.0
	3p	-	33	2.0	3.0	4.0	1.0	10.0	0.0	0.0	0.0	0.0	0.0	0.0	0.0	0.0	0.0	0.0	1.0	0.00.0	0.0	0.0	0.0	0.0	0.0	0.0	0.0	0.0
	3p	-	34	4.0	1.0	1.0	2.0	8.0	0.0	0.0	0.0	0.0	0.0	0.0	0.0	0.0	0.0	0.0	0.0	0.00.0	0.0	0.0	0.0	0.0	0.0	0.0	0.0	0.0
	3p	-	35	1.0	2.0	1.0	3.0	7.0	0.0	0.0	0.0	0.0	0.0	0.0	0.0	0.0	0.0	0.0	0.0	0.00.0	0.0	0.0	0.0	0.0	0.0	0.0	0.0	0.0
	3p	-	36	4.0	1.0	1.0	1.0	7.0	0.0	0.0	0.0	0.0	0.0	0.0	0.0	0.0	0.0	0.0	0.0	0.00.0	0.0	0.0	0.0	0.0	0.0	0.0	0.0	0.0
	3p	-	37	3.0	1.0	3.0	0.0	7.0	0.0	0.0	0.0	0.0	0.0	0.0	0.0	0.0	0.0	0.0	0.0	0.00.0	0.0	0.0	0.0	0.0	0.0	0.0	0.0	0.0
	3p	-	38	3.0	1.0	2.0	0.0	6.0	0.0	0.0	0.0	0.0	0.0	0.0	0.0	0.0	0.0	0.0	0.0	0.00.0	0.0	0.0	0.0	0.0	0.0	0.0	1.0	0.0
	3p	-	39	3.0	1.0	0.0	2.0	6.0	0.0	0.0	0.0	0.0	0.0	0.0	0.0	0.0	0.0	0.0	0.0	0.00.0	0.0	0.0	0.0	0.0	0.0	0.0	0.0	0.0
	3p	-	40	3.0	1.0	2.0	1.0	7.0	0.0	0.0	0.0	0.0	0.0	0.0	0.0	0.0	0.0	0.0	0.0	0.00.0	0.0	0.0	0.0	0.0	0.0	0.0	0.0	0.0
	3p	-	41	1.0	3.0	2.0	1.0	7.0	0.0	0.0	0.0	0.0	0.0	0.0	0.0	0.0	0.0	0.0	0.0	0.00.0	0.0	0.0	0.0	0.0	0.0	0.0	0.0	0.0
	3p	-	42	1.0	2.0	3.0	1.0	7.0	0.0	0.0	0.0	0.0	0.0	0.0	0.0	0.0	0.0	0.0	0.0	0.00.0	0.0	0.0	0.0	0.0	0.0	0.0	0.0	0.0
	3p	-	43	2.0	1.0	2.0	2.0	7.0	0.0	0.0	0.0	0.0	0.0	0.0	0.0	0.0	0.0	0.0	0.0	0.00.0	0.0	0.0	0.0	0.0	0.0	0.0	0.0	0.0
	3p	-	44	2.0	1.0	2.0	1.0	6.0	0.0	0.0	0.0	0.0	0.0	0.0	0.0	0.0	0.0	0.0	0.0	0.00.0	0.0	0.0	0.0	0.0	0.0	0.0	0.0	0.0
	3p	-	45	1.0	1.0	2.0	2.0	6.0	0.0	0.0	0.0	0.0	0.0	0.0	0.0	0.0	0.0	0.0	0.0	0.00.0	0.0	0.0	0.0	0.0	0.0	0.0	0.0	0.0
	3p	-	46	2.0	1.0	0.0	3.0	6.0	0.0	0.0	0.0	0.0	0.0	0.0	0.0	0.0	0.0	0.0	0.0	0.00.0	0.0	0.0	0.0	0.0	0.0	0.0	0.0	0.0
	3p	-	47	1.0	1.0	3.0	1.0	6.0	0.0	0.0	0.0	0.0	0.0	0.0	0.0	0.0	0.0	0.0	0.0	0.00.0	0.0	0.0	0.0	0.0	0.0	0.0	0.0	0.0
	3p	-	48	2.0	0.0	2.0	2.0	6.0	0.0	0.0	0.0	0.0	0.0	0.0	0.0	0.0	0.0	0.0	0.0	0.00.0	0.0	0.0	0.0	0.0	0.0	0.0	0.0	0.0
	3p	-	49	1.0	2.0	2.0	1.0	6.0	0.0	0.0	0.0	0.0	0.0	0.0	0.0	0.0	0.0	0.0	0.0	0.00.0	0.0	0.0	0.0	0.0	0.0	0.0	0.0	0.0
	3p	-	50	1.0	2.0	1.0	2.0	6.0	0.0	0.0	0.0	0.0	0.0	0.0	0.0	0.0	0.0	0.0	0.0	0.00.0	0.0	0.0	0.0	0.0	0.0	0.0	0.0	0.0
	3p	-	51	1.0	2.0	0.0	3.0	6.0	0.0	0.0	0.0	0.0	0.0	0.0	0.0	0.0	0.0	0.0	0.0	0.00.0	0.0	0.0	0.0	0.0	0.0	0.0	0.0	0.0
	3p	-	52	2.0	1.0	1.0	2.0	6.0	0.0	0.0	0.0	0.0	0.0	0.0	0.0	0.0	0.0	0.0	0.0	0.00.0	0.0	0.0	0.0	0.0	0.0	0.0	0.0	0.0
	3p	-	53	0.0	3.0	2.0	1.0	6.0	0.0	0.0	0.0	0.0	0.0	0.0	0.0	0.0	0.0	0.0	0.0	0.00.0	0.0	0.0	0.0	0.0	0.0	0.0	0.0	0.0
	3p	-	54	3.0	0.0	1.0	2.0	6.0	0.0	0.0	0.0	0.0	0.0	0.0	0.0	0.0	0.0	1.0	0.0	0.00.0	0.0	0.0	0.0	0.0	0.0	0.0	0.0	0.0
	3p	-	55	1.0	1.0	2.0	1.0	5.0	0.0	0.0	0.0	0.0	0.0	0.0	0.0	0.0	0.0	0.0	0.0	0.00.0	0.0	0.0	0.0	0.0	0.0	0.0	0.0	0.0
	3p	-	56	2.0	0.0	3.0	0.0	5.0	0.0	0.0	0.0	0.0	0.0	0.0	0.0	0.0	0.0	0.0	0.0	0.00.0	0.0	0.0	0.0	0.0	0.0	0.0	0.0	0.0
	3p	-	57	1.0	1.0	3.0	0.0	5.0	0.0	0.0	0.0	0.0	0.0	0.0	0.0	0.0	0.0	0.0	0.0	0.00.0	0.0	0.0	0.0	0.0	0.0	0.0	0.0	0.0
	3p	-	58	4.0	0.0	0.0	1.0	5.0	0.0	0.0	0.0	0.0	0.0	0.0	0.0	0.0	0.0	0.0	0.0	0.00.0	0.0	0.0	0.0	0.0	0.0	0.0	0.0	0.0
	3p	-	59	1.0	2.0	2.0	0.0	5.0	0.0	0.0	0.0	0.0	0.0	0.0	0.0	0.0	0.0	0.0	0.0	0.00.0	0.0	0.0	0.0	0.0	0.0	0.0	0.0	0.0
	3p	-	60	3.0	0.0	0.0	2.0	5.0	0.0	0.0	0.0	0.0	0.0	0.0	0.0	0.0	0.0	1.0	0.0	0.00.0	0.0	0.0	0.0	0.0	0.0	0.0	0.0	0.0
	3p	-	61	0.0	2.0	2.0	0.0	4.0	0.0	0.0	0.0	0.0	0.0	0.0	0.0	0.0	0.0	0.0	0.0	0.00.0	0.0	0.0	0.0	0.0	0.0	0.0	0.0	0.0
	3p	-	62	2.0	0.0	2.0	0.0	4.0	0.0	0.0	0.0	0.0	0.0	0.0	0.0	0.0	0.0	0.0	0.0	0.00.0	0.0	0.0	0.0	0.0	0.0	0.0	0.0	0.0
	3p	-	63	1.0	1.0	1.0	0.0	3.0	0.0	0.0	0.0	0.0	0.0	0.0	0.0	0.0	0.0	0.0	0.0	0.00.0	0.0	0.0	0.0	0.0	0.0	0.0	0.0	0.0
	3p	-	64	2.0	0.0	1.0	0.0	3.0	0.0	0.0	0.0	0.0	0.0	0.0	0.0	0.0	0.0	0.0	0.0	0.00.0	0.0	0.0	0.0	0.0	0.0	0.0	0.0	0.0
	3p	-	65	0.0	0.0	2.0	0.0	2.0	0.0	0.0	0.0	0.0	0.0	0.0	0.0	0.0	0.0	0.0	0.0	0.00.0	0.0	0.0	0.0	0.0	0.0	0.0	0.0	0.0
	3p	-	66	1.0	0.0	0.0	1.0	2.0	0.0	0.0	0.0	0.0	0.0	0.0	0.0	0.0	0.0	0.0	0.0	0.00.0	0.0	0.0	0.0	0.0	0.0	0.0	0.0	0.0
	3p	-	67	0.0	1.0	1.0	0.0	2.0	0.0	0.0	0.0	0.0	0.0	0.0	0.0	0.0	0.0	0.0	0.0	0.00.0	0.0	0.0	0.0	0.0	0.0	0.0	0.0	0.0
	3p	-	68	1.0	0.0	0.0	1.0	2.0	0.0	0.0	0.0	1.0	0.0	0.0	0.0	0.0	0.0	0.0	0.0	0.00.0	0.0	0.0	0.0	0.0	0.0	0.0	0.0	0.0
	3p	-	69	0.0	2.0	0.0	0.0	2.0	0.0	0.0	0.0	0.0	0.0	0.0	0.0	0.0	0.0	0.0	0.0	0.00.0	0.0	0.0	0.0	0.0	0.0	0.0	0.0	0.0
	3p	-	70	0.0	0.0	1.0	0.0	1.0	0.0	0.0	0.0	0.0	0.0	0.0	0.0	0.0	0.0	0.0	0.0	0.00.0	0.0	0.0	0.0	0.0	0.0	0.0	0.0	0.0
	3p	-	71	0.0	0.0	1.0	0.0	1.0	0.0	0.0	0.0	0.0	0.0	0.0	0.0	0.0	0.0	0.0	0.0	0.00.0	0.0	0.0	0.0	0.0	0.0	0.0	0.0	0.0
	3p	-	72	0.0	0.0	0.0	1.0	1.0	0.0	0.0	0.0	0.0	0.0	0.0	0.0	0.0	0.0	0.0	0.0	0.00.0	0.0	0.0	0.0	0.0	0.0	0.0	0.0	0.0
	3p	-	73	0.0	0.0	1.0	0.0	1.0	0.0	0.0	0.0	0.0	0.0	0.0	0.0	0.0	0.0	0.0	0.0	0.00.0	0.0	0.0	0.0	0.0	0.0	0.0	0.0	0.0
	3p	-	74	0.0	0.0	0.0	1.0	1.0	0.0	0.0	0.0	0.0	0.0	0.0	0.0	0.0	0.0	0.0	0.0	0.00.0	0.0	0.0	0.0	0.0	0.0	0.0	0.0	0.0
	3p	-	75	0.0	1.0	0.0	0.0	1.0	0.0	0.0	0.0	0.0	0.0	0.0	0.0	0.0	0.0	0.0	0.0	0.00.0	0.0	0.0	0.0	0.0	0.0	0.0	0.0	0.0
	3p	-	76	0.0	1.0	0.0	0.0	1.0	0.0	0.0	0.0	0.0	0.0	0.0	0.0	0.0	0.0	0.0	0.0	0.00.0	0.0	0.0	0.0	0.0	0.0	0.0	0.0	0.0
	3p	-	77	0.0	1.0	0.0	0.0	1.0	0.0	0.0	0.0	0.0	0.0	0.0	0.0	0.0	0.0	0.0	0.0	0.00.0	0.0	0.0	0.0	0.0	0.0	0.0	0.0	0.0
	3p	-	78	0.0	0.0	0.0	1.0	1.0	0.0	0.0	0.0	0.0	0.0	0.0	0.0	0.0	0.0	0.0	0.0	0.00.0	0.0	0.0	0.0	0.0	0.0	0.0	0.0	0.0
	3p	-	79	0.0	0.0	1.0	0.0	1.0	0.0	0.0	0.0	0.0	0.0	0.0	0.0	0.0	0.0	0.0	0.0	0.00.0	0.0	0.0	0.0	0.0	0.0	0.0	0.0	0.0
	3p	-	80	0.0	0.0	1.0	0.0	1.0	0.0	0.0	0.0	0.0	0.0	0.0	0.0	0.0	0.0	0.0	0.0	0.00.0	0.0	0.0	0.0	0.0	0.0	0.0	0.0	0.0
	3p	-	81	1.0	0.0	0.0	0.0	1.0	0.0	0.0	0.0	0.0	0.0	0.0	0.0	0.0	0.0	0.0	0.0	0.00.0	0.0	0.0	0.0	0.0	0.0	0.0	0.0	0.0
	3p	-	82	0.0	0.0	0.0	1.0	1.0	0.0	0.0	0.0	0.0	0.0	0.0	0.0	0.0	0.0	0.0	0.0	0.00.0	0.0	0.0	0.0	0.0	0.0	0.0	0.0	0.0
	3p	-	83	0.0	1.0	0.0	0.0	1.0	0.0	0.0	0.0	0.0	0.0	0.0	0.0	0.0	0.0	0.0	0.0	0.00.0	0.0	0.0	0.0	0.0	0.0	0.0	0.0	0.0
	3p	-	84	0.0	0.0	0.0	1.0	1.0	0.0	0.0	0.0	0.0	0.0	0.0	0.0	0.0	0.0	0.0	0.0	0.00.0	0.0	0.0	0.0	0.0	0.0	0.0	0.0	0.0
	3p	-	85	0.0	0.0	0.0	1.0	1.0	0.0	0.0	0.0	0.0	0.0	0.0	0.0	0.0	0.0	0.0	0.0	0.00.0	0.0	0.0	0.0	0.0	0.0	0.0	0.0	0.0
	3p	-	86	0.0	0.0	1.0	0.0	1.0	0.0	0.0	0.0	0.0	0.0	0.0	0.0	0.0	0.0	0.0	0.0	0.00.0	0.0	0.0	0.0	0.0	0.0	0.0	0.0	0.0
	3p	-	87	0.0	0.0	0.0	1.0	1.0	0.0	0.0	0.0	0.0	0.0	0.0	0.0	0.0	0.0	0.0	0.0	0.00.0	0.0	0.0	0.0	0.0	0.0	0.0	0.0	0.0
	3p	-	88	0.0	1.0	0.0	0.0	1.0	0.0	0.0	0.0	0.0	0.0	0.0	0.0	0.0	0.0	0.0	0.0	0.00.0	0.0	0.0	0.0	0.0	0.0	0.0	0.0	0.0
	3p	-	89	0.0	1.0	0.0	0.0	1.0	0.0	0.0	0.0	0.0	0.0	0.0	0.0	0.0	0.0	0.0	0.0	0.00.0	0.0	0.0	0.0	0.0	0.0	0.0	0.0	0.0
	3p	-	90	0.0	0.0	0.0	1.0	1.0	0.0	0.0	0.0	0.0	0.0	0.0	0.0	0.0	0.0	0.0	0.0	0.00.0	0.0	0.0	0.0	0.0	0.0	0.0	0.0	0.0
	3p	-	91	0.0	0.0	0.0	1.0	1.0	0.0	0.0	0.0	0.0	0.0	0.0	0.0	0.0	0.0	0.0	0.0	0.00.0	0.0	0.0	0.0	0.0	0.0	0.0	0.0	0.0
	3p	-	92	1.0	0.0	0.0	0.0	1.0	0.0	0.0	0.0	0.0	0.0	0.0	0.0	0.0	0.0	0.0	0.0	0.00.0	0.0	0.0	0.0	0.0	0.0	0.0	0.0	0.0
	3p	-	93	0.0	1.0	0.0	0.0	1.0	0.0	0.0	0.0	0.0	0.0	0.0	0.0	0.0	0.0	0.0	0.0	0.00.0	0.0	0.0	0.0	0.0	0.0	0.0	0.0	0.0
	3p	-	94	0.0	1.0	0.0	0.0	1.0	0.0	0.0	0.0	0.0	0.0	0.0	0.0	0.0	0.0	0.0	0.0	0.00.0	0.0	0.0	0.0	0.0	0.0	0.0	0.0	0.0
	3p	-	95	1.0	0.0	0.0	0.0	1.0	0.0	0.0	0.0	0.0	0.0	0.0	0.0	0.0	0.0	0.0	0.0	0.00.0	0.0	0.0	0.0	0.0	0.0	0.0	0.0	0.0
	3p	-	96	0.0	1.0	0.0	0.0	1.0	0.0	0.0	0.0	0.0	0.0	0.0	0.0	0.0	0.0	0.0	0.0	0.00.0	0.0	0.0	0.0	0.0	0.0	0.0	0.0	0.0
	3p	-	97	1.0	0.0	0.0	0.0	1.0	0.0	0.0	0.0	0.0	0.0	0.0	0.0	0.0	0.0	0.0	0.0	0.00.0	0.0	0.0	0.0	0.0	0.0	0.0	0.0	0.0
	3p	-	98	0.0	0.0	1.0	0.0	1.0	0.0	0.0	0.0	0.0	0.0	0.0	0.0	0.0	0.0	0.0	0.0	0.00.0	0.0	0.0	0.0	0.0	0.0	0.0	0.0	0.0
	3p	-	99	0.0	0.0	0.0	0.0	0.0	0.0	0.0	0.0	0.0	0.0	0.0	0.0	0.0	0.0	0.0	0.0	0.00.0	0.0	0.0	0.0	0.0	0.0	0.0	0.0	0.0
	3p	-	100	0.0	0.0	0.0	0.0	0.0	0.0	0.0	0.0	0.0	0.0	0.0	0.0	0.0	0.0	0.0	0.0	0.00.0	0.0	0.0	0.0	0.0	0.0	0.0	0.0	0.0
	5p	+	1	40.0	24.0	23.0	13.0	100.0	0.0	0.0	0.0	0.0	2.0	0.0	1.0	1.0	1.0	1.0	0.0	0.00.0	0.0	0.0	0.0	0.0	0.0	0.0	0.0	0.0
	5p	+	2	41.0	23.0	20.0	16.0	100.0	0.0	0.0	1.0	0.0	1.0	1.0	1.0	2.0	0.0	0.0	0.0	0.00.0	0.0	0.0	0.0	0.0	0.0	0.0	0.0	0.0
	5p	+	3	37.0	30.0	12.0	21.0	100.0	0.0	1.0	0.0	1.0	2.0	0.0	1.0	1.0	0.0	1.0	0.0	0.00.0	0.0	0.0	0.0	0.0	0.0	0.0	0.0	0.0
	5p	+	4	31.0	25.0	23.0	21.0	100.0	0.0	0.0	0.0	3.0	1.0	0.0	0.0	0.0	0.0	1.0	0.0	2.00.0	0.0	0.0	0.0	0.0	0.0	0.0	0.0	0.0
	5p	+	5	25.0	30.0	22.0	18.0	95.0	0.0	0.0	0.0	0.0	1.0	0.0	3.0	0.0	0.0	2.0	1.0	0.00.0	0.0	0.0	0.0	0.0	0.0	1.0	3.0	0.0
	5p	+	6	32.0	24.0	11.0	24.0	91.0	0.0	0.0	0.0	0.0	1.0	0.0	1.0	0.0	0.0	0.0	0.0	0.00.0	0.0	0.0	0.0	3.0	0.0	2.0	3.0	0.0
	5p	+	7	35.0	25.0	19.0	18.0	97.0	0.0	0.0	0.0	0.0	1.0	0.0	1.0	1.0	0.0	0.0	0.0	0.00.0	0.0	0.0	0.0	1.0	0.0	2.0	1.0	0.0
	5p	+	8	25.0	29.0	27.0	17.0	98.0	1.0	0.0	0.0	0.0	1.0	1.0	0.0	1.0	0.0	1.0	1.0	1.00.0	0.0	0.0	0.0	0.0	0.0	2.0	0.0	0.0
	5p	+	9	35.0	29.0	15.0	18.0	97.0	1.0	0.0	0.0	0.0	0.0	0.0	2.0	0.0	1.0	0.0	0.0	0.00.0	0.0	0.0	0.0	2.0	0.0	0.0	1.0	0.0
	5p	+	10	39.0	31.0	20.0	8.0	98.0	0.0	0.0	1.0	0.0	1.0	0.0	0.0	2.0	0.0	0.0	0.0	0.00.0	0.0	0.0	0.0	0.0	0.0	1.0	0.0	0.0
	5p	+	11	33.0	22.0	21.0	21.0	97.0	0.0	0.0	0.0	0.0	1.0	1.0	2.0	0.0	1.0	0.0	0.0	0.00.0	0.0	0.0	0.0	2.0	0.0	1.0	0.0	0.0
	5p	+	12	32.0	30.0	19.0	17.0	98.0	0.0	0.0	1.0	0.0	0.0	0.0	0.0	2.0	0.0	0.0	0.0	0.00.0	0.0	0.0	0.0	0.0	0.0	2.0	0.0	0.0
	5p	+	13	33.0	30.0	24.0	9.0	96.0	0.0	0.0	1.0	0.0	2.0	0.0	1.0	0.0	0.0	0.0	0.0	0.00.0	0.0	0.0	0.0	1.0	0.0	0.0	3.0	0.0
	5p	+	14	38.0	30.0	13.0	17.0	98.0	1.0	0.0	0.0	0.0	1.0	0.0	0.0	1.0	1.0	0.0	0.0	0.00.0	0.0	0.0	0.0	1.0	0.0	0.0	0.0	0.0
	5p	+	15	36.0	18.0	21.0	18.0	93.0	0.0	1.0	1.0	0.0	0.0	0.0	0.0	0.0	0.0	0.0	0.0	0.00.0	0.0	0.0	0.0	2.0	0.0	0.0	0.0	0.0
	5p	+	16	30.0	25.0	20.0	19.0	94.0	1.0	0.0	1.0	1.0	0.0	0.0	1.0	0.0	1.0	1.0	0.0	1.00.0	0.0	0.0	0.0	1.0	0.0	2.0	3.0	0.0
	5p	+	17	32.0	26.0	22.0	15.0	95.0	2.0	1.0	0.0	0.0	0.0	0.0	2.0	0.0	0.0	1.0	0.0	0.00.0	0.0	0.0	0.0	1.0	0.0	0.0	1.0	0.0
	5p	+	18	31.0	33.0	13.0	22.0	99.0	0.0	0.0	0.0	0.0	1.0	0.0	1.0	0.0	0.0	0.0	0.0	0.00.0	0.0	0.0	0.0	0.0	0.0	1.0	0.0	0.0
	5p	+	19	26.0	26.0	18.0	23.0	93.0	0.0	0.0	0.0	1.0	0.0	0.0	1.0	0.0	1.0	0.0	0.0	0.00.0	0.0	0.0	0.0	1.0	0.0	0.0	4.0	0.0
	5p	+	20	38.0	20.0	21.0	16.0	95.0	0.0	0.0	0.0	0.0	1.0	0.0	1.0	1.0	0.0	0.0	0.0	0.00.0	0.0	0.0	0.0	0.0	0.0	2.0	1.0	0.0
	5p	+	21	39.0	27.0	15.0	13.0	94.0	0.0	1.0	0.0	0.0	1.0	0.0	1.0	0.0	0.0	0.0	1.0	1.00.0	0.0	0.0	0.0	1.0	0.0	1.0	0.0	0.0
	5p	+	22	45.0	25.0	16.0	9.0	95.0	0.0	1.0	1.0	1.0	1.0	1.0	1.0	0.0	0.0	0.0	0.0	1.00.0	0.0	0.0	0.0	1.0	0.0	1.0	0.0	0.0
	5p	+	23	42.0	19.0	20.0	12.0	93.0	0.0	0.0	0.0	0.0	1.0	0.0	0.0	0.0	1.0	0.0	1.0	0.00.0	0.0	0.0	0.0	2.0	0.0	1.0	0.0	0.0
	5p	+	24	43.0	20.0	13.0	18.0	94.0	2.0	1.0	0.0	0.0	1.0	1.0	1.0	0.0	1.0	0.0	1.0	0.00.0	0.0	0.0	0.0	1.0	0.0	3.0	1.0	0.0
	5p	+	25	38.0	24.0	20.0	14.0	96.0	1.0	2.0	0.0	0.0	0.0	1.0	1.0	2.0	0.0	0.0	1.0	1.00.0	0.0	0.0	0.0	0.0	0.0	1.0	1.0	0.0
	5p	+	26	43.0	18.0	20.0	15.0	96.0	0.0	0.0	0.0	1.0	0.0	0.0	1.0	0.0	0.0	2.0	0.0	0.00.0	0.0	0.0	0.0	1.0	0.0	0.0	0.0	0.0
	5p	+	27	39.0	22.0	20.0	16.0	97.0	1.0	0.0	1.0	0.0	1.0	0.0	0.0	0.0	0.0	1.0	0.0	0.00.0	0.0	0.0	0.0	0.0	0.0	0.0	0.0	0.0
	5p	+	28	38.0	32.0	24.0	2.0	96.0	1.0	0.0	0.0	0.0	0.0	0.0	0.0	0.0	0.0	0.0	0.0	0.00.0	0.0	0.0	0.0	0.0	0.0	0.0	1.0	0.0
	5p	+	29	40.0	25.0	18.0	14.0	97.0	0.0	1.0	0.0	1.0	1.0	0.0	0.0	1.0	0.0	0.0	0.0	0.00.0	0.0	0.0	0.0	0.0	0.0	0.0	0.0	0.0
	5p	+	30	44.0	22.0	17.0	14.0	97.0	0.0	0.0	0.0	0.0	3.0	1.0	1.0	0.0	2.0	1.0	0.0	0.00.0	0.0	0.0	0.0	0.0	0.0	0.0	0.0	0.0
	5p	+	31	21.0	16.0	6.0	6.0	49.0	0.0	1.0	0.0	0.0	0.0	0.0	1.0	0.0	0.0	0.0	0.0	1.00.0	0.0	0.0	0.0	0.0	0.0	0.0	0.0	0.0
	5p	+	32	14.0	2.0	3.0	7.0	26.0	0.0	0.0	1.0	0.0	0.0	0.0	0.0	0.0	0.0	0.0	1.0	0.00.0	0.0	0.0	0.0	0.0	0.0	0.0	0.0	0.0
	5p	+	33	6.0	7.0	3.0	6.0	22.0	0.0	0.0	0.0	0.0	0.0	0.0	0.0	0.0	0.0	0.0	0.0	0.00.0	0.0	0.0	0.0	0.0	0.0	0.0	0.0	0.0
	5p	+	34	9.0	2.0	2.0	2.0	15.0	0.0	0.0	0.0	0.0	0.0	0.0	0.0	0.0	0.0	0.0	0.0	0.00.0	0.0	0.0	0.0	0.0	0.0	0.0	0.0	0.0
	5p	+	35	8.0	3.0	3.0	1.0	15.0	0.0	0.0	0.0	0.0	0.0	0.0	0.0	1.0	0.0	0.0	0.0	0.00.0	0.0	0.0	0.0	0.0	0.0	0.0	0.0	0.0
	5p	+	36	5.0	4.0	5.0	1.0	15.0	1.0	0.0	1.0	0.0	0.0	0.0	0.0	0.0	0.0	0.0	0.0	0.00.0	0.0	0.0	0.0	0.0	0.0	0.0	0.0	0.0
	5p	+	37	8.0	1.0	0.0	5.0	14.0	0.0	0.0	0.0	1.0	1.0	0.0	0.0	0.0	0.0	0.0	0.0	0.00.0	0.0	0.0	0.0	0.0	0.0	0.0	0.0	0.0
	5p	+	38	1.0	6.0	5.0	0.0	12.0	0.0	0.0	0.0	0.0	0.0	0.0	0.0	0.0	0.0	0.0	0.0	0.00.0	0.0	0.0	0.0	0.0	0.0	0.0	0.0	0.0
	5p	+	39	4.0	1.0	2.0	5.0	12.0	0.0	0.0	0.0	0.0	0.0	0.0	0.0	0.0	0.0	0.0	0.0	0.00.0	0.0	0.0	0.0	0.0	0.0	0.0	0.0	0.0
	5p	+	40	3.0	4.0	3.0	2.0	12.0	0.0	0.0	0.0	0.0	0.0	0.0	0.0	0.0	0.0	0.0	0.0	0.00.0	0.0	0.0	0.0	0.0	0.0	0.0	0.0	0.0
	5p	+	41	7.0	2.0	1.0	1.0	11.0	0.0	0.0	0.0	0.0	0.0	0.0	0.0	0.0	0.0	0.0	0.0	0.00.0	0.0	0.0	0.0	0.0	0.0	0.0	0.0	0.0
	5p	+	42	1.0	5.0	1.0	3.0	10.0	0.0	0.0	0.0	0.0	0.0	0.0	0.0	0.0	0.0	0.0	0.0	0.00.0	0.0	0.0	0.0	0.0	0.0	0.0	0.0	0.0
	5p	+	43	5.0	1.0	3.0	1.0	10.0	1.0	0.0	0.0	0.0	0.0	0.0	0.0	0.0	0.0	0.0	0.0	0.00.0	0.0	0.0	0.0	0.0	0.0	0.0	0.0	0.0
	5p	+	44	3.0	3.0	2.0	2.0	10.0	0.0	0.0	0.0	0.0	0.0	0.0	0.0	1.0	0.0	0.0	0.0	0.00.0	0.0	0.0	0.0	0.0	0.0	0.0	0.0	0.0
	5p	+	45	1.0	5.0	1.0	2.0	9.0	0.0	0.0	0.0	0.0	0.0	0.0	0.0	0.0	0.0	0.0	0.0	0.00.0	0.0	0.0	0.0	0.0	0.0	0.0	0.0	0.0
	5p	+	46	3.0	0.0	1.0	4.0	8.0	0.0	0.0	0.0	0.0	0.0	0.0	0.0	0.0	0.0	0.0	0.0	0.00.0	0.0	0.0	0.0	0.0	0.0	0.0	0.0	0.0
	5p	+	47	2.0	2.0	3.0	1.0	8.0	0.0	0.0	0.0	0.0	0.0	0.0	0.0	0.0	0.0	0.0	0.0	0.00.0	0.0	0.0	0.0	0.0	0.0	0.0	0.0	0.0
	5p	+	48	3.0	1.0	2.0	1.0	7.0	0.0	0.0	0.0	0.0	0.0	0.0	0.0	0.0	0.0	0.0	0.0	0.00.0	0.0	0.0	0.0	0.0	0.0	0.0	0.0	0.0
	5p	+	49	3.0	0.0	1.0	2.0	6.0	0.0	0.0	0.0	0.0	0.0	0.0	0.0	0.0	0.0	0.0	0.0	0.00.0	0.0	0.0	0.0	0.0	0.0	0.0	0.0	0.0
	5p	+	50	2.0	1.0	2.0	0.0	5.0	0.0	0.0	0.0	0.0	0.0	0.0	0.0	0.0	0.0	0.0	0.0	0.00.0	0.0	0.0	0.0	0.0	0.0	0.0	0.0	0.0
	5p	+	51	1.0	0.0	1.0	3.0	5.0	0.0	0.0	0.0	0.0	0.0	0.0	0.0	0.0	0.0	0.0	0.0	0.00.0	0.0	0.0	0.0	0.0	0.0	0.0	0.0	0.0
	5p	+	52	0.0	1.0	2.0	2.0	5.0	0.0	0.0	0.0	0.0	0.0	0.0	0.0	0.0	0.0	0.0	0.0	0.00.0	0.0	0.0	0.0	0.0	0.0	0.0	0.0	0.0
	5p	+	53	1.0	2.0	1.0	1.0	5.0	0.0	0.0	0.0	0.0	0.0	0.0	0.0	0.0	0.0	0.0	0.0	0.00.0	0.0	0.0	0.0	0.0	0.0	0.0	0.0	0.0
	5p	+	54	3.0	0.0	0.0	2.0	5.0	0.0	0.0	0.0	0.0	0.0	0.0	0.0	0.0	0.0	0.0	0.0	0.00.0	0.0	0.0	0.0	0.0	0.0	0.0	0.0	0.0
	5p	+	55	3.0	0.0	1.0	1.0	5.0	0.0	0.0	0.0	0.0	0.0	0.0	0.0	0.0	0.0	0.0	0.0	0.00.0	0.0	0.0	0.0	0.0	0.0	0.0	0.0	0.0
	5p	+	56	2.0	0.0	3.0	0.0	5.0	0.0	0.0	0.0	0.0	0.0	0.0	0.0	0.0	0.0	0.0	0.0	0.00.0	0.0	0.0	0.0	0.0	0.0	0.0	0.0	0.0
	5p	+	57	1.0	2.0	1.0	1.0	5.0	0.0	0.0	0.0	0.0	0.0	0.0	0.0	0.0	0.0	0.0	0.0	0.00.0	0.0	0.0	0.0	0.0	0.0	0.0	0.0	0.0
	5p	+	58	3.0	1.0	1.0	0.0	5.0	0.0	0.0	0.0	0.0	0.0	0.0	0.0	0.0	0.0	0.0	0.0	0.00.0	0.0	0.0	0.0	0.0	0.0	0.0	0.0	0.0
	5p	+	59	2.0	1.0	2.0	0.0	5.0	0.0	0.0	0.0	0.0	0.0	0.0	0.0	0.0	0.0	0.0	0.0	0.00.0	0.0	0.0	0.0	0.0	0.0	0.0	0.0	0.0
	5p	+	60	0.0	4.0	0.0	1.0	5.0	0.0	0.0	0.0	0.0	0.0	0.0	0.0	0.0	0.0	0.0	0.0	0.00.0	0.0	0.0	0.0	0.0	0.0	0.0	0.0	0.0
	5p	+	61	3.0	1.0	0.0	1.0	5.0	0.0	0.0	0.0	0.0	0.0	0.0	0.0	0.0	0.0	0.0	0.0	0.00.0	0.0	0.0	0.0	0.0	0.0	0.0	0.0	0.0
	5p	+	62	1.0	0.0	1.0	2.0	4.0	0.0	0.0	0.0	0.0	0.0	0.0	0.0	0.0	0.0	0.0	0.0	0.00.0	0.0	0.0	0.0	0.0	0.0	0.0	0.0	0.0
	5p	+	63	1.0	0.0	0.0	3.0	4.0	0.0	0.0	0.0	0.0	0.0	0.0	0.0	0.0	0.0	0.0	0.0	0.00.0	0.0	0.0	0.0	0.0	0.0	0.0	0.0	0.0
	5p	+	64	3.0	1.0	0.0	0.0	4.0	0.0	0.0	0.0	0.0	0.0	0.0	0.0	0.0	0.0	0.0	0.0	0.00.0	0.0	0.0	0.0	0.0	0.0	0.0	0.0	0.0
	5p	+	65	2.0	0.0	2.0	0.0	4.0	0.0	0.0	0.0	0.0	0.0	0.0	0.0	0.0	0.0	0.0	0.0	0.00.0	0.0	0.0	0.0	0.0	0.0	0.0	0.0	0.0
	5p	+	66	1.0	1.0	0.0	2.0	4.0	0.0	0.0	0.0	0.0	0.0	0.0	0.0	0.0	0.0	0.0	0.0	0.00.0	0.0	0.0	0.0	0.0	0.0	0.0	0.0	0.0
	5p	+	67	0.0	0.0	2.0	2.0	4.0	0.0	0.0	0.0	0.0	0.0	0.0	0.0	0.0	0.0	0.0	1.0	0.00.0	0.0	0.0	0.0	0.0	0.0	0.0	0.0	0.0
	5p	+	68	2.0	1.0	0.0	1.0	4.0	0.0	0.0	0.0	0.0	0.0	0.0	0.0	0.0	0.0	0.0	0.0	0.00.0	0.0	0.0	0.0	0.0	0.0	0.0	0.0	0.0
	5p	+	69	1.0	2.0	1.0	0.0	4.0	0.0	0.0	0.0	0.0	0.0	0.0	0.0	0.0	0.0	0.0	0.0	0.00.0	0.0	0.0	0.0	0.0	0.0	0.0	0.0	0.0
	5p	+	70	1.0	2.0	0.0	1.0	4.0	0.0	1.0	0.0	0.0	0.0	0.0	0.0	0.0	0.0	0.0	0.0	0.00.0	0.0	0.0	0.0	0.0	0.0	0.0	0.0	0.0
	5p	+	71	1.0	1.0	0.0	1.0	3.0	0.0	0.0	0.0	0.0	0.0	0.0	0.0	0.0	0.0	0.0	0.0	0.00.0	0.0	0.0	0.0	0.0	0.0	0.0	0.0	0.0
	5p	+	72	2.0	0.0	1.0	0.0	3.0	0.0	0.0	0.0	0.0	0.0	0.0	0.0	0.0	0.0	0.0	0.0	0.00.0	0.0	0.0	0.0	0.0	0.0	0.0	0.0	0.0
	5p	+	73	3.0	0.0	0.0	0.0	3.0	0.0	0.0	0.0	0.0	0.0	0.0	0.0	0.0	0.0	0.0	0.0	0.00.0	0.0	0.0	0.0	0.0	0.0	0.0	0.0	0.0
	5p	+	74	0.0	0.0	2.0	1.0	3.0	0.0	0.0	0.0	1.0	0.0	0.0	0.0	0.0	0.0	0.0	0.0	0.00.0	0.0	0.0	0.0	0.0	0.0	0.0	0.0	0.0
	5p	+	75	2.0	0.0	0.0	1.0	3.0	0.0	0.0	0.0	1.0	0.0	0.0	0.0	0.0	0.0	0.0	0.0	0.00.0	0.0	0.0	0.0	0.0	0.0	0.0	0.0	0.0
	5p	+	76	3.0	0.0	0.0	0.0	3.0	0.0	0.0	0.0	0.0	0.0	0.0	0.0	0.0	0.0	0.0	0.0	0.00.0	0.0	0.0	0.0	0.0	0.0	0.0	0.0	0.0
	5p	+	77	1.0	1.0	1.0	0.0	3.0	0.0	0.0	0.0	0.0	0.0	0.0	0.0	0.0	0.0	0.0	0.0	0.00.0	0.0	0.0	0.0	0.0	0.0	0.0	0.0	0.0
	5p	+	78	2.0	0.0	0.0	1.0	3.0	0.0	0.0	0.0	0.0	0.0	0.0	0.0	0.0	0.0	0.0	0.0	0.00.0	0.0	0.0	0.0	0.0	0.0	0.0	0.0	0.0
	5p	+	79	2.0	1.0	0.0	0.0	3.0	0.0	0.0	0.0	0.0	0.0	0.0	0.0	0.0	0.0	0.0	0.0	0.00.0	0.0	0.0	0.0	0.0	0.0	0.0	0.0	0.0
	5p	+	80	0.0	0.0	0.0	2.0	2.0	0.0	0.0	0.0	0.0	0.0	0.0	0.0	0.0	0.0	0.0	0.0	0.00.0	0.0	0.0	0.0	0.0	0.0	0.0	0.0	0.0
	5p	+	81	1.0	0.0	0.0	0.0	1.0	0.0	0.0	1.0	0.0	0.0	0.0	0.0	0.0	0.0	0.0	0.0	0.00.0	0.0	0.0	0.0	0.0	0.0	0.0	0.0	0.0
	5p	+	82	0.0	0.0	1.0	0.0	1.0	0.0	0.0	0.0	0.0	0.0	0.0	0.0	0.0	0.0	0.0	0.0	0.00.0	0.0	0.0	0.0	0.0	0.0	0.0	0.0	0.0
	5p	+	83	1.0	0.0	0.0	0.0	1.0	0.0	0.0	0.0	0.0	0.0	0.0	0.0	0.0	0.0	0.0	0.0	0.00.0	0.0	0.0	0.0	0.0	0.0	0.0	0.0	0.0
	5p	+	84	1.0	0.0	0.0	0.0	1.0	0.0	0.0	0.0	0.0	0.0	0.0	0.0	0.0	0.0	0.0	0.0	0.00.0	0.0	0.0	0.0	0.0	0.0	0.0	0.0	0.0
	5p	+	85	1.0	0.0	0.0	0.0	1.0	0.0	0.0	0.0	0.0	0.0	0.0	0.0	0.0	0.0	0.0	0.0	0.00.0	0.0	0.0	0.0	0.0	0.0	0.0	0.0	0.0
	5p	+	86	0.0	0.0	1.0	0.0	1.0	0.0	0.0	0.0	0.0	0.0	0.0	0.0	0.0	0.0	0.0	0.0	0.00.0	0.0	0.0	0.0	0.0	0.0	0.0	0.0	0.0
	5p	+	87	1.0	0.0	0.0	0.0	1.0	0.0	0.0	0.0	0.0	0.0	0.0	0.0	0.0	0.0	0.0	0.0	0.00.0	0.0	0.0	0.0	0.0	0.0	0.0	0.0	0.0
	5p	+	88	1.0	0.0	0.0	0.0	1.0	0.0	0.0	0.0	0.0	0.0	0.0	0.0	0.0	0.0	0.0	0.0	0.00.0	0.0	0.0	0.0	0.0	0.0	0.0	0.0	0.0
	5p	+	89	0.0	0.0	0.0	1.0	1.0	0.0	0.0	0.0	0.0	0.0	0.0	0.0	0.0	0.0	0.0	0.0	0.00.0	0.0	0.0	0.0	0.0	0.0	0.0	0.0	0.0
	5p	+	90	1.0	0.0	0.0	0.0	1.0	0.0	0.0	0.0	0.0	0.0	0.0	0.0	0.0	0.0	0.0	0.0	0.00.0	0.0	0.0	0.0	0.0	0.0	0.0	0.0	0.0
	5p	+	91	1.0	0.0	0.0	0.0	1.0	0.0	0.0	0.0	0.0	0.0	0.0	0.0	0.0	0.0	0.0	0.0	0.00.0	0.0	0.0	0.0	0.0	0.0	0.0	0.0	0.0
	5p	+	92	0.0	1.0	0.0	0.0	1.0	0.0	0.0	0.0	0.0	0.0	0.0	0.0	0.0	0.0	0.0	0.0	0.00.0	0.0	0.0	0.0	0.0	0.0	0.0	0.0	0.0
	5p	+	93	0.0	0.0	0.0	1.0	1.0	0.0	0.0	0.0	0.0	0.0	0.0	0.0	0.0	0.0	0.0	0.0	0.00.0	0.0	0.0	0.0	0.0	0.0	0.0	0.0	0.0
	5p	+	94	0.0	1.0	0.0	0.0	1.0	0.0	0.0	0.0	0.0	0.0	0.0	0.0	0.0	0.0	0.0	0.0	0.00.0	0.0	0.0	0.0	0.0	0.0	0.0	0.0	0.0
	5p	+	95	1.0	0.0	0.0	0.0	1.0	0.0	0.0	0.0	0.0	0.0	0.0	0.0	0.0	0.0	0.0	0.0	0.00.0	0.0	0.0	0.0	0.0	0.0	0.0	0.0	0.0
	5p	+	96	0.0	0.0	0.0	1.0	1.0	0.0	0.0	0.0	0.0	0.0	0.0	0.0	0.0	0.0	0.0	0.0	0.00.0	0.0	0.0	0.0	0.0	0.0	0.0	0.0	0.0
	5p	+	97	0.0	0.0	0.0	1.0	1.0	0.0	0.0	0.0	0.0	0.0	0.0	0.0	0.0	0.0	0.0	0.0	0.00.0	0.0	0.0	0.0	0.0	0.0	0.0	0.0	0.0
	5p	+	98	0.0	0.0	0.0	1.0	1.0	0.0	0.0	0.0	0.0	0.0	0.0	0.0	0.0	0.0	0.0	0.0	0.00.0	0.0	0.0	0.0	0.0	0.0	0.0	0.0	0.0
	5p	+	99	0.0	1.0	0.0	0.0	1.0	0.0	0.0	0.0	0.0	0.0	0.0	0.0	0.0	0.0	0.0	0.0	0.00.0	0.0	0.0	0.0	0.0	0.0	0.0	0.0	0.0
	5p	+	100	0.0	0.0	0.0	1.0	1.0	0.0	0.0	0.0	0.0	0.0	0.0	0.0	0.0	0.0	0.0	0.0	0.00.0	0.0	0.0	0.0	0.0	0.0	0.0	0.0	0.0
	5p	-	1	31.0	21.0	18.0	17.0	87.0	0.0	0.0	1.0	0.0	1.0	1.0	0.0	1.0	0.0	2.0	2.0	1.00.0	0.0	0.0	0.0	0.0	0.0	0.0	0.0	0.0
	5p	-	2	26.0	26.0	24.0	11.0	87.0	0.0	1.0	0.0	1.0	0.0	0.0	0.0	1.0	0.0	1.0	1.0	1.00.0	0.0	0.0	0.0	0.0	0.0	0.0	0.0	0.0
	5p	-	3	24.0	29.0	18.0	16.0	87.0	0.0	0.0	0.0	1.0	0.0	1.0	0.0	0.0	1.0	0.0	0.0	0.00.0	0.0	0.0	0.0	0.0	0.0	0.0	0.0	0.0
	5p	-	4	33.0	20.0	17.0	17.0	87.0	0.0	0.0	0.0	1.0	0.0	0.0	0.0	0.0	0.0	0.0	0.0	0.00.0	0.0	0.0	0.0	0.0	0.0	0.0	0.0	0.0
	5p	-	5	18.0	35.0	15.0	18.0	86.0	1.0	0.0	0.0	0.0	1.0	0.0	0.0	1.0	0.0	1.0	1.0	0.00.0	0.0	0.0	0.0	0.0	0.0	0.0	1.0	0.0
	5p	-	6	21.0	21.0	25.0	17.0	84.0	0.0	0.0	1.0	1.0	2.0	0.0	0.0	0.0	0.0	1.0	1.0	0.00.0	0.0	0.0	0.0	0.0	0.0	1.0	1.0	0.0
	5p	-	7	27.0	25.0	15.0	14.0	81.0	1.0	0.0	1.0	0.0	2.0	0.0	0.0	0.0	0.0	0.0	0.0	0.00.0	0.0	0.0	0.0	2.0	0.0	4.0	1.0	0.0
	5p	-	8	18.0	19.0	27.0	16.0	80.0	0.0	0.0	0.0	0.0	0.0	0.0	1.0	1.0	0.0	0.0	1.0	0.00.0	0.0	0.0	0.0	2.0	0.0	3.0	3.0	0.0
	5p	-	9	26.0	20.0	18.0	18.0	82.0	0.0	0.0	0.0	0.0	1.0	0.0	0.0	0.0	1.0	0.0	0.0	0.00.0	0.0	0.0	0.0	0.0	0.0	2.0	3.0	0.0
	5p	-	10	24.0	23.0	20.0	17.0	84.0	0.0	0.0	0.0	0.0	0.0	0.0	0.0	0.0	0.0	1.0	1.0	0.00.0	0.0	0.0	0.0	0.0	0.0	1.0	1.0	0.0
	5p	-	11	26.0	25.0	20.0	13.0	84.0	0.0	2.0	0.0	0.0	1.0	0.0	0.0	1.0	0.0	0.0	2.0	0.00.0	0.0	0.0	0.0	2.0	0.0	0.0	2.0	0.0
	5p	-	12	27.0	23.0	19.0	14.0	83.0	0.0	0.0	0.0	0.0	1.0	1.0	0.0	1.0	0.0	0.0	1.0	0.00.0	0.0	0.0	0.0	0.0	0.0	2.0	1.0	0.0
	5p	-	13	26.0	24.0	15.0	20.0	85.0	0.0	0.0	0.0	0.0	0.0	0.0	0.0	0.0	0.0	0.0	1.0	0.00.0	0.0	0.0	0.0	2.0	0.0	0.0	0.0	0.0
	5p	-	14	24.0	27.0	19.0	14.0	84.0	0.0	0.0	1.0	0.0	1.0	1.0	1.0	0.0	0.0	0.0	0.0	0.00.0	0.0	0.0	0.0	0.0	0.0	1.0	2.0	0.0
	5p	-	15	21.0	27.0	17.0	17.0	82.0	0.0	1.0	1.0	0.0	0.0	0.0	1.0	1.0	0.0	0.0	1.0	0.00.0	0.0	0.0	0.0	1.0	0.0	0.0	3.0	0.0
	5p	-	16	22.0	24.0	21.0	18.0	85.0	0.0	0.0	2.0	0.0	0.0	0.0	3.0	0.0	0.0	0.0	0.0	0.00.0	0.0	0.0	0.0	1.0	0.0	1.0	0.0	0.0
	5p	-	17	17.0	18.0	28.0	18.0	81.0	1.0	0.0	0.0	2.0	0.0	0.0	0.0	0.0	1.0	0.0	1.0	0.00.0	0.0	0.0	0.0	1.0	0.0	4.0	2.0	0.0
	5p	-	18	33.0	22.0	19.0	8.0	82.0	0.0	0.0	1.0	0.0	0.0	1.0	0.0	0.0	0.0	1.0	0.0	0.00.0	0.0	0.0	0.0	3.0	0.0	1.0	1.0	0.0
	5p	-	19	22.0	20.0	18.0	19.0	79.0	1.0	0.0	1.0	0.0	0.0	2.0	2.0	0.0	1.0	0.0	1.0	0.00.0	0.0	0.0	0.0	2.0	0.0	2.0	2.0	0.0
	5p	-	20	16.0	23.0	29.0	18.0	86.0	0.0	1.0	0.0	0.0	0.0	0.0	1.0	0.0	0.0	0.0	2.0	1.00.0	0.0	0.0	0.0	0.0	0.0	1.0	1.0	0.0
	5p	-	21	28.0	22.0	19.0	17.0	86.0	0.0	0.0	1.0	0.0	0.0	0.0	1.0	1.0	0.0	1.0	0.0	0.00.0	0.0	0.0	0.0	0.0	0.0	0.0	1.0	0.0
	5p	-	22	32.0	21.0	17.0	16.0	86.0	0.0	0.0	0.0	0.0	0.0	0.0	1.0	0.0	1.0	0.0	0.0	0.00.0	0.0	0.0	0.0	0.0	0.0	1.0	0.0	0.0
	5p	-	23	27.0	24.0	21.0	13.0	85.0	0.0	0.0	1.0	1.0	1.0	1.0	2.0	0.0	0.0	0.0	1.0	0.00.0	0.0	0.0	0.0	0.0	0.0	1.0	2.0	0.0
	5p	-	24	26.0	24.0	17.0	17.0	84.0	0.0	0.0	1.0	1.0	0.0	0.0	0.0	1.0	0.0	2.0	0.0	0.00.0	0.0	0.0	0.0	1.0	0.0	1.0	1.0	0.0
	5p	-	25	30.0	24.0	8.0	19.0	81.0	1.0	0.0	0.0	1.0	0.0	0.0	0.0	2.0	1.0	0.0	0.0	0.00.0	0.0	0.0	0.0	1.0	0.0	1.0	3.0	0.0
	5p	-	26	30.0	19.0	24.0	14.0	87.0	0.0	1.0	0.0	0.0	0.0	2.0	0.0	0.0	0.0	0.0	0.0	0.00.0	0.0	0.0	0.0	1.0	0.0	0.0	0.0	0.0
	5p	-	27	31.0	23.0	19.0	15.0	88.0	0.0	1.0	0.0	0.0	0.0	0.0	0.0	0.0	0.0	0.0	0.0	0.00.0	0.0	0.0	0.0	0.0	0.0	0.0	0.0	0.0
	5p	-	28	25.0	24.0	22.0	17.0	88.0	1.0	0.0	0.0	0.0	2.0	0.0	0.0	1.0	0.0	1.0	1.0	1.00.0	0.0	0.0	0.0	0.0	0.0	0.0	0.0	0.0
	5p	-	29	28.0	26.0	18.0	16.0	88.0	0.0	0.0	0.0	0.0	0.0	0.0	1.0	0.0	0.0	1.0	1.0	0.00.0	0.0	0.0	0.0	0.0	0.0	0.0	0.0	0.0
	5p	-	30	28.0	31.0	11.0	18.0	88.0	0.0	0.0	1.0	1.0	0.0	0.0	0.0	1.0	0.0	0.0	0.0	0.00.0	0.0	0.0	0.0	0.0	0.0	0.0	0.0	0.0
	5p	-	31	21.0	12.0	6.0	10.0	49.0	1.0	0.0	0.0	1.0	0.0	0.0	0.0	0.0	1.0	0.0	1.0	0.00.0	0.0	0.0	0.0	0.0	0.0	0.0	0.0	0.0
	5p	-	32	6.0	4.0	5.0	2.0	17.0	0.0	0.0	0.0	0.0	0.0	0.0	0.0	0.0	0.0	0.0	0.0	0.00.0	0.0	0.0	0.0	0.0	0.0	0.0	0.0	0.0
	5p	-	33	3.0	2.0	2.0	4.0	11.0	0.0	0.0	0.0	0.0	0.0	0.0	0.0	0.0	0.0	0.0	0.0	0.00.0	0.0	0.0	0.0	0.0	0.0	0.0	0.0	0.0
	5p	-	34	4.0	1.0	3.0	1.0	9.0	0.0	0.0	0.0	0.0	0.0	0.0	0.0	0.0	0.0	0.0	0.0	0.00.0	0.0	0.0	0.0	0.0	0.0	0.0	0.0	0.0
	5p	-	35	2.0	2.0	2.0	2.0	8.0	0.0	0.0	0.0	0.0	0.0	0.0	0.0	0.0	0.0	0.0	0.0	0.00.0	0.0	0.0	0.0	0.0	0.0	0.0	0.0	0.0
	5p	-	36	5.0	1.0	1.0	1.0	8.0	0.0	0.0	0.0	0.0	0.0	0.0	0.0	0.0	0.0	0.0	0.0	0.00.0	0.0	0.0	0.0	0.0	0.0	0.0	0.0	0.0
	5p	-	37	3.0	3.0	1.0	1.0	8.0	0.0	0.0	0.0	0.0	0.0	0.0	1.0	0.0	0.0	0.0	0.0	0.00.0	0.0	0.0	0.0	0.0	0.0	0.0	0.0	0.0
	5p	-	38	4.0	1.0	1.0	1.0	7.0	0.0	0.0	0.0	0.0	0.0	0.0	0.0	0.0	0.0	0.0	0.0	0.00.0	0.0	0.0	0.0	0.0	0.0	0.0	0.0	0.0
	5p	-	39	2.0	2.0	1.0	1.0	6.0	0.0	0.0	0.0	0.0	0.0	0.0	0.0	0.0	0.0	0.0	0.0	0.00.0	0.0	0.0	0.0	0.0	0.0	0.0	0.0	0.0
	5p	-	40	3.0	1.0	0.0	2.0	6.0	0.0	0.0	0.0	0.0	0.0	0.0	0.0	0.0	0.0	0.0	0.0	0.00.0	0.0	0.0	0.0	0.0	0.0	0.0	1.0	0.0
	5p	-	41	2.0	2.0	3.0	0.0	7.0	0.0	0.0	0.0	0.0	0.0	0.0	0.0	0.0	0.0	0.0	0.0	0.00.0	0.0	0.0	0.0	0.0	0.0	0.0	0.0	0.0
	5p	-	42	3.0	1.0	1.0	2.0	7.0	0.0	0.0	0.0	0.0	0.0	0.0	0.0	0.0	0.0	0.0	0.0	0.00.0	0.0	0.0	0.0	0.0	0.0	0.0	0.0	0.0
	5p	-	43	1.0	2.0	4.0	0.0	7.0	0.0	0.0	0.0	0.0	0.0	0.0	0.0	1.0	0.0	0.0	0.0	0.00.0	0.0	0.0	0.0	0.0	0.0	0.0	0.0	0.0
	5p	-	44	1.0	1.0	1.0	3.0	6.0	0.0	0.0	0.0	0.0	0.0	0.0	0.0	0.0	0.0	0.0	0.0	0.00.0	0.0	0.0	0.0	0.0	0.0	0.0	0.0	0.0
	5p	-	45	2.0	1.0	2.0	1.0	6.0	0.0	0.0	0.0	0.0	0.0	0.0	0.0	0.0	0.0	0.0	0.0	0.00.0	0.0	0.0	0.0	0.0	0.0	0.0	0.0	0.0
	5p	-	46	1.0	2.0	1.0	2.0	6.0	0.0	0.0	0.0	0.0	0.0	0.0	0.0	0.0	0.0	0.0	0.0	0.00.0	0.0	0.0	0.0	0.0	0.0	0.0	0.0	0.0
	5p	-	47	1.0	3.0	1.0	1.0	6.0	0.0	0.0	0.0	0.0	0.0	0.0	0.0	0.0	0.0	0.0	0.0	0.00.0	0.0	0.0	0.0	0.0	0.0	0.0	0.0	0.0
	5p	-	48	2.0	2.0	1.0	1.0	6.0	0.0	0.0	0.0	0.0	0.0	0.0	0.0	0.0	0.0	0.0	0.0	0.00.0	0.0	0.0	0.0	0.0	0.0	0.0	0.0	0.0
	5p	-	49	1.0	1.0	2.0	2.0	6.0	0.0	0.0	0.0	0.0	0.0	0.0	0.0	0.0	0.0	0.0	0.0	0.00.0	0.0	0.0	0.0	0.0	0.0	0.0	0.0	0.0
	5p	-	50	1.0	2.0	1.0	2.0	6.0	0.0	0.0	0.0	0.0	0.0	0.0	0.0	0.0	0.0	0.0	0.0	0.00.0	0.0	0.0	0.0	0.0	0.0	0.0	0.0	0.0
	5p	-	51	0.0	2.0	3.0	1.0	6.0	0.0	0.0	0.0	0.0	0.0	0.0	0.0	0.0	0.0	0.0	0.0	0.00.0	0.0	0.0	0.0	0.0	0.0	0.0	0.0	0.0
	5p	-	52	1.0	1.0	2.0	2.0	6.0	0.0	0.0	0.0	0.0	0.0	0.0	0.0	0.0	0.0	0.0	0.0	0.00.0	0.0	0.0	0.0	0.0	0.0	0.0	0.0	0.0
	5p	-	53	1.0	3.0	1.0	1.0	6.0	0.0	0.0	0.0	0.0	0.0	0.0	0.0	0.0	0.0	0.0	0.0	0.00.0	0.0	0.0	0.0	0.0	0.0	0.0	0.0	0.0
	5p	-	54	3.0	1.0	1.0	1.0	6.0	0.0	0.0	0.0	0.0	0.0	0.0	0.0	0.0	0.0	0.0	0.0	0.00.0	0.0	0.0	0.0	0.0	0.0	0.0	0.0	0.0
	5p	-	55	1.0	3.0	1.0	0.0	5.0	0.0	0.0	0.0	0.0	0.0	0.0	0.0	0.0	0.0	0.0	0.0	0.00.0	0.0	0.0	0.0	0.0	0.0	0.0	0.0	0.0
	5p	-	56	3.0	0.0	0.0	1.0	4.0	0.0	0.0	0.0	0.0	0.0	0.0	0.0	0.0	0.0	0.0	0.0	0.00.0	0.0	0.0	0.0	0.0	0.0	1.0	0.0	0.0
	5p	-	57	0.0	1.0	2.0	1.0	4.0	0.0	0.0	0.0	0.0	0.0	0.0	1.0	0.0	0.0	0.0	0.0	0.00.0	0.0	0.0	0.0	0.0	0.0	1.0	0.0	0.0
	5p	-	58	1.0	0.0	3.0	1.0	5.0	0.0	0.0	0.0	0.0	0.0	0.0	0.0	0.0	0.0	0.0	0.0	0.00.0	0.0	0.0	0.0	0.0	0.0	0.0	0.0	0.0
	5p	-	59	2.0	2.0	0.0	1.0	5.0	0.0	0.0	0.0	0.0	0.0	0.0	0.0	0.0	0.0	0.0	0.0	0.00.0	0.0	0.0	0.0	0.0	0.0	0.0	0.0	0.0
	5p	-	60	3.0	0.0	2.0	0.0	5.0	0.0	0.0	0.0	0.0	0.0	0.0	0.0	0.0	0.0	0.0	0.0	0.00.0	0.0	0.0	0.0	0.0	0.0	0.0	0.0	0.0
	5p	-	61	1.0	3.0	0.0	0.0	4.0	0.0	0.0	0.0	0.0	0.0	0.0	0.0	0.0	0.0	0.0	0.0	0.00.0	0.0	0.0	0.0	0.0	0.0	0.0	0.0	0.0
	5p	-	62	3.0	0.0	1.0	0.0	4.0	0.0	0.0	0.0	0.0	0.0	0.0	0.0	0.0	0.0	0.0	0.0	0.00.0	0.0	0.0	0.0	0.0	0.0	0.0	0.0	0.0
	5p	-	63	1.0	2.0	0.0	0.0	3.0	0.0	0.0	0.0	0.0	0.0	0.0	0.0	0.0	0.0	0.0	0.0	0.00.0	0.0	0.0	0.0	0.0	0.0	0.0	0.0	0.0
	5p	-	64	1.0	1.0	0.0	1.0	3.0	0.0	0.0	0.0	0.0	0.0	0.0	0.0	0.0	0.0	0.0	0.0	0.00.0	0.0	0.0	0.0	0.0	0.0	0.0	0.0	0.0
	5p	-	65	1.0	1.0	0.0	0.0	2.0	0.0	0.0	0.0	0.0	0.0	0.0	0.0	0.0	0.0	0.0	0.0	0.00.0	0.0	0.0	0.0	0.0	0.0	0.0	0.0	0.0
	5p	-	66	1.0	0.0	1.0	0.0	2.0	0.0	0.0	0.0	0.0	0.0	0.0	0.0	0.0	0.0	0.0	0.0	0.00.0	0.0	0.0	0.0	0.0	0.0	0.0	0.0	0.0
	5p	-	67	0.0	1.0	1.0	0.0	2.0	0.0	0.0	0.0	0.0	0.0	0.0	0.0	0.0	0.0	0.0	0.0	0.00.0	0.0	0.0	0.0	0.0	0.0	0.0	0.0	0.0
	5p	-	68	1.0	1.0	0.0	0.0	2.0	0.0	0.0	0.0	0.0	0.0	0.0	0.0	0.0	0.0	0.0	0.0	0.00.0	0.0	0.0	0.0	0.0	0.0	0.0	0.0	0.0
	5p	-	69	0.0	1.0	0.0	1.0	2.0	0.0	0.0	0.0	0.0	0.0	0.0	0.0	0.0	0.0	0.0	0.0	0.00.0	0.0	0.0	0.0	0.0	0.0	0.0	0.0	0.0
	5p	-	70	0.0	1.0	0.0	0.0	1.0	0.0	0.0	0.0	0.0	0.0	0.0	0.0	0.0	0.0	0.0	0.0	0.00.0	0.0	0.0	0.0	0.0	0.0	0.0	0.0	0.0
	5p	-	71	0.0	1.0	0.0	0.0	1.0	0.0	0.0	0.0	0.0	0.0	0.0	0.0	0.0	0.0	0.0	0.0	0.00.0	0.0	0.0	0.0	0.0	0.0	0.0	0.0	0.0
	5p	-	72	0.0	1.0	0.0	0.0	1.0	0.0	0.0	0.0	0.0	0.0	0.0	0.0	0.0	0.0	0.0	0.0	0.00.0	0.0	0.0	0.0	0.0	0.0	0.0	0.0	0.0
	5p	-	73	0.0	0.0	0.0	1.0	1.0	0.0	0.0	0.0	0.0	0.0	0.0	0.0	0.0	0.0	0.0	0.0	0.00.0	0.0	0.0	0.0	0.0	0.0	0.0	0.0	0.0
	5p	-	74	0.0	0.0	0.0	1.0	1.0	0.0	0.0	0.0	0.0	0.0	0.0	0.0	0.0	0.0	0.0	0.0	0.00.0	0.0	0.0	0.0	0.0	0.0	0.0	0.0	0.0
	5p	-	75	1.0	0.0	0.0	0.0	1.0	0.0	0.0	0.0	0.0	0.0	0.0	0.0	0.0	0.0	0.0	0.0	0.00.0	0.0	0.0	0.0	0.0	0.0	0.0	0.0	0.0
	5p	-	76	0.0	0.0	0.0	1.0	1.0	0.0	0.0	0.0	0.0	0.0	0.0	0.0	0.0	0.0	0.0	0.0	0.00.0	0.0	0.0	0.0	0.0	0.0	0.0	0.0	0.0
	5p	-	77	0.0	0.0	0.0	1.0	1.0	0.0	0.0	0.0	0.0	0.0	0.0	0.0	0.0	0.0	0.0	0.0	0.00.0	0.0	0.0	0.0	0.0	0.0	0.0	0.0	0.0
	5p	-	78	0.0	1.0	0.0	0.0	1.0	0.0	0.0	0.0	0.0	0.0	0.0	0.0	0.0	0.0	0.0	0.0	0.00.0	0.0	0.0	0.0	0.0	0.0	0.0	0.0	0.0
	5p	-	79	0.0	0.0	0.0	1.0	1.0	0.0	0.0	0.0	0.0	0.0	0.0	0.0	0.0	0.0	0.0	0.0	0.00.0	0.0	0.0	0.0	0.0	0.0	0.0	0.0	0.0
	5p	-	80	0.0	1.0	0.0	0.0	1.0	0.0	0.0	0.0	0.0	0.0	0.0	0.0	0.0	0.0	0.0	0.0	0.00.0	0.0	0.0	0.0	0.0	0.0	0.0	0.0	0.0
	5p	-	81	1.0	0.0	0.0	0.0	1.0	0.0	0.0	0.0	0.0	0.0	0.0	0.0	0.0	0.0	0.0	0.0	0.00.0	0.0	0.0	0.0	0.0	0.0	0.0	0.0	0.0
	5p	-	82	0.0	1.0	0.0	0.0	1.0	0.0	0.0	0.0	0.0	0.0	0.0	0.0	0.0	0.0	0.0	0.0	0.00.0	0.0	0.0	0.0	0.0	0.0	0.0	0.0	0.0
	5p	-	83	0.0	1.0	0.0	0.0	1.0	0.0	0.0	0.0	0.0	0.0	0.0	0.0	0.0	0.0	0.0	0.0	0.00.0	0.0	0.0	0.0	0.0	0.0	0.0	0.0	0.0
	5p	-	84	1.0	0.0	0.0	0.0	1.0	0.0	0.0	0.0	0.0	0.0	0.0	0.0	0.0	0.0	0.0	0.0	0.00.0	0.0	0.0	0.0	0.0	0.0	0.0	0.0	0.0
	5p	-	85	1.0	0.0	0.0	0.0	1.0	0.0	0.0	0.0	0.0	0.0	0.0	0.0	0.0	0.0	0.0	0.0	0.00.0	0.0	0.0	0.0	0.0	0.0	0.0	0.0	0.0
	5p	-	86	1.0	0.0	0.0	0.0	1.0	0.0	0.0	0.0	0.0	0.0	0.0	0.0	0.0	0.0	0.0	0.0	0.00.0	0.0	0.0	0.0	0.0	0.0	0.0	0.0	0.0
	5p	-	87	0.0	1.0	0.0	0.0	1.0	0.0	0.0	0.0	0.0	0.0	0.0	0.0	0.0	0.0	0.0	0.0	0.00.0	0.0	0.0	0.0	0.0	0.0	0.0	0.0	0.0
	5p	-	88	0.0	0.0	0.0	1.0	1.0	0.0	0.0	0.0	0.0	0.0	0.0	0.0	0.0	0.0	0.0	0.0	0.00.0	0.0	0.0	0.0	0.0	0.0	0.0	0.0	0.0
	5p	-	89	0.0	1.0	0.0	0.0	1.0	0.0	0.0	0.0	0.0	0.0	0.0	0.0	0.0	0.0	0.0	0.0	0.00.0	0.0	0.0	0.0	0.0	0.0	0.0	0.0	0.0
	5p	-	90	1.0	0.0	0.0	0.0	1.0	0.0	0.0	0.0	0.0	0.0	0.0	0.0	0.0	0.0	0.0	0.0	0.00.0	0.0	0.0	0.0	0.0	0.0	0.0	0.0	0.0
	5p	-	91	0.0	0.0	1.0	0.0	1.0	0.0	0.0	0.0	0.0	0.0	0.0	0.0	0.0	0.0	0.0	0.0	0.00.0	0.0	0.0	0.0	0.0	0.0	0.0	0.0	0.0
	5p	-	92	0.0	0.0	1.0	0.0	1.0	0.0	0.0	0.0	0.0	0.0	0.0	0.0	0.0	0.0	0.0	0.0	0.00.0	0.0	0.0	0.0	0.0	0.0	0.0	0.0	0.0
	5p	-	93	1.0	0.0	0.0	0.0	1.0	0.0	0.0	0.0	0.0	0.0	0.0	0.0	0.0	0.0	0.0	0.0	0.00.0	0.0	0.0	0.0	0.0	0.0	0.0	0.0	0.0
	5p	-	94	1.0	0.0	0.0	0.0	1.0	0.0	0.0	0.0	0.0	0.0	0.0	0.0	0.0	0.0	0.0	0.0	0.00.0	0.0	0.0	0.0	0.0	0.0	0.0	0.0	0.0
	5p	-	95	1.0	0.0	0.0	0.0	1.0	0.0	0.0	0.0	0.0	0.0	0.0	0.0	0.0	0.0	0.0	0.0	0.00.0	0.0	0.0	0.0	0.0	0.0	0.0	0.0	0.0
	5p	-	96	0.0	0.0	1.0	0.0	1.0	0.0	0.0	0.0	0.0	0.0	0.0	0.0	0.0	0.0	0.0	0.0	0.00.0	0.0	0.0	0.0	0.0	0.0	0.0	0.0	0.0
	5p	-	97	1.0	0.0	0.0	0.0	1.0	0.0	0.0	0.0	0.0	0.0	0.0	0.0	0.0	0.0	0.0	0.0	0.00.0	0.0	0.0	0.0	0.0	0.0	0.0	0.0	0.0
	5p	-	98	1.0	0.0	0.0	0.0	1.0	0.0	0.0	0.0	0.0	0.0	0.0	0.0	0.0	0.0	0.0	0.0	0.00.0	0.0	0.0	0.0	0.0	0.0	0.0	0.0	0.0
	5p	-	99	0.0	0.0	0.0	0.0	0.0	0.0	0.0	0.0	0.0	0.0	0.0	0.0	0.0	0.0	0.0	0.0	0.00.0	0.0	0.0	0.0	0.0	0.0	0.0	0.0	0.0
	5p	-	100	0.0	0.0	0.0	0.0	0.0	0.0	0.0	0.0	0.0	0.0	0.0	0.0	0.0	0.0	0.0	0.0	0.00.0	0.0	0.0	0.0	0.0	0.0	0.0	0.0	0.0
