# table produced by DamageProfiler
# using mapped file PcA025.ReedbuckBh_Human_nc.Target.rmdup.noMicro.bam
# Sample ID: PcA025.ReedbuckBh_Human_nc.Target.rmdup.noMicro.bam
Chr	End	Std	Pos	A	C	G	T	Total
	3p	+	1	1524	548	523	1458	4053
	3p	+	2	1499	819	694	1041	4053
	3p	+	3	1410	774	686	1183	4053
	3p	+	4	1350	858	680	1165	4053
	3p	+	5	1371	762	719	1201	4053
	3p	+	6	1372	798	746	1137	4053
	3p	+	7	1358	776	742	1177	4053
	3p	+	8	1290	795	766	1202	4053
	3p	+	9	1319	748	783	1203	4053
	3p	+	10	1289	808	724	1232	4053
	3p	+	11	1226	815	779	1233	4053
	3p	+	12	1293	794	763	1203	4053
	3p	+	13	1329	837	731	1156	4053
	3p	+	14	1282	811	721	1239	4053
	3p	+	15	1287	826	758	1182	4053
	3p	+	16	1236	789	752	1276	4053
	3p	+	17	1251	795	792	1215	4053
	3p	+	18	1241	804	799	1209	4053
	3p	+	19	1243	828	752	1230	4053
	3p	+	20	1223	815	756	1259	4053
	3p	+	21	1261	807	769	1216	4053
	3p	+	22	1239	845	740	1229	4053
	3p	+	23	1277	773	762	1241	4053
	3p	+	24	1333	766	790	1164	4053
	3p	+	25	1255	779	775	1244	4053
	3p	+	26	1262	841	763	1187	4053
	3p	+	27	1274	791	790	1198	4053
	3p	+	28	1297	798	735	1223	4053
	3p	+	29	1268	830	735	1220	4053
	3p	+	30	1237	813	792	1211	4053
	3p	+	31	1168	755	703	1202	3828
	3p	+	32	1149	781	631	1137	3698
	3p	+	33	1110	732	658	1105	3605
	3p	+	34	1110	665	658	1080	3513
	3p	+	35	1056	681	669	1011	3417
	3p	+	36	981	672	647	1020	3320
	3p	+	37	969	642	608	1014	3233
	3p	+	38	970	612	596	944	3122
	3p	+	39	921	606	522	976	3025
	3p	+	40	902	573	548	890	2913
	3p	+	41	895	552	468	899	2814
	3p	+	42	841	506	520	842	2709
	3p	+	43	811	501	512	789	2613
	3p	+	44	806	493	471	750	2520
	3p	+	45	763	450	438	779	2430
	3p	+	46	681	454	471	726	2332
	3p	+	47	740	441	376	695	2252
	3p	+	48	669	423	440	625	2157
	3p	+	49	647	383	399	649	2078
	3p	+	50	625	361	388	619	1993
	3p	+	51	564	370	394	584	1912
	3p	+	52	562	357	351	540	1810
	3p	+	53	541	333	345	511	1730
	3p	+	54	521	341	308	492	1662
	3p	+	55	467	317	300	497	1581
	3p	+	56	472	280	266	477	1495
	3p	+	57	430	284	267	454	1435
	3p	+	58	431	256	264	414	1365
	3p	+	59	417	284	221	386	1308
	3p	+	60	382	251	251	367	1251
	3p	+	61	349	242	216	369	1176
	3p	+	62	352	218	188	372	1130
	3p	+	63	344	215	197	307	1063
	3p	+	64	299	229	177	297	1002
	3p	+	65	311	176	185	283	955
	3p	+	66	253	185	178	288	904
	3p	+	67	275	150	161	267	853
	3p	+	68	264	162	133	248	807
	3p	+	69	233	145	131	242	751
	3p	+	70	211	136	124	228	699
	3p	+	71	200	135	125	185	645
	3p	+	72	176	102	119	211	608
	3p	+	73	168	115	99	174	556
	3p	+	74	150	103	97	173	523
	3p	+	75	155	84	90	154	483
	3p	+	76	134	69	86	144	433
	3p	+	77	128	82	69	118	397
	3p	+	78	112	73	69	104	358
	3p	+	79	86	68	56	119	329
	3p	+	80	110	57	53	80	300
	3p	+	81	81	46	57	82	266
	3p	+	82	80	48	35	75	238
	3p	+	83	65	40	44	55	204
	3p	+	84	55	36	30	56	177
	3p	+	85	70	28	18	35	151
	3p	+	86	39	27	25	34	125
	3p	+	87	33	15	18	36	102
	3p	+	88	25	17	14	21	77
	3p	+	89	15	11	11	15	52
	3p	+	90	12	10	8	7	37
	3p	+	91	6	5	5	6	22
	3p	+	92	0	0	0	0	0
	3p	+	93	0	0	0	0	0
	3p	+	94	0	0	0	0	0
	3p	+	95	0	0	0	0	0
	3p	+	96	0	0	0	0	0
	3p	+	97	0	0	0	0	0
	3p	+	98	0	0	0	0	0
	3p	+	99	0	0	0	0	0
	3p	+	100	0	0	0	0	0
	3p	-	1	1601	509	519	1389	4018
	3p	-	2	1493	820	672	1033	4018
	3p	-	3	1358	820	684	1156	4018
	3p	-	4	1388	851	668	1111	4018
	3p	-	5	1338	815	737	1128	4018
	3p	-	6	1393	752	717	1156	4018
	3p	-	7	1334	805	768	1111	4018
	3p	-	8	1325	748	766	1179	4018
	3p	-	9	1294	805	725	1194	4018
	3p	-	10	1254	806	824	1134	4018
	3p	-	11	1270	774	786	1188	4018
	3p	-	12	1214	761	797	1246	4018
	3p	-	13	1273	746	758	1241	4018
	3p	-	14	1264	800	751	1203	4018
	3p	-	15	1217	804	737	1260	4018
	3p	-	16	1227	822	745	1224	4018
	3p	-	17	1204	818	776	1220	4018
	3p	-	18	1277	795	725	1221	4018
	3p	-	19	1185	823	742	1268	4018
	3p	-	20	1211	849	757	1201	4018
	3p	-	21	1208	819	772	1219	4018
	3p	-	22	1224	776	784	1234	4018
	3p	-	23	1248	784	747	1239	4018
	3p	-	24	1263	825	740	1190	4018
	3p	-	25	1249	832	743	1194	4018
	3p	-	26	1209	810	750	1249	4018
	3p	-	27	1237	821	736	1224	4018
	3p	-	28	1279	820	750	1169	4018
	3p	-	29	1211	819	771	1217	4018
	3p	-	30	1218	823	753	1224	4018
	3p	-	31	1144	801	699	1181	3825
	3p	-	32	1134	731	672	1159	3696
	3p	-	33	1128	715	676	1063	3582
	3p	-	34	1036	737	697	1040	3510
	3p	-	35	1093	649	617	1067	3426
	3p	-	36	1030	679	597	1017	3323
	3p	-	37	1031	639	580	978	3228
	3p	-	38	991	664	545	939	3139
	3p	-	39	916	611	597	917	3041
	3p	-	40	923	560	583	899	2965
	3p	-	41	867	584	521	898	2870
	3p	-	42	843	554	511	857	2765
	3p	-	43	832	490	496	839	2657
	3p	-	44	764	461	478	874	2577
	3p	-	45	756	460	455	807	2478
	3p	-	46	775	453	452	707	2387
	3p	-	47	726	456	389	708	2279
	3p	-	48	680	454	378	671	2183
	3p	-	49	627	406	389	685	2107
	3p	-	50	616	361	388	653	2018
	3p	-	51	594	350	346	625	1915
	3p	-	52	571	338	323	599	1831
	3p	-	53	510	302	356	564	1732
	3p	-	54	546	329	301	492	1668
	3p	-	55	463	340	316	475	1594
	3p	-	56	463	283	299	467	1512
	3p	-	57	448	277	272	452	1449
	3p	-	58	401	249	288	432	1370
	3p	-	59	391	237	231	431	1290
	3p	-	60	365	245	206	401	1217
	3p	-	61	337	240	208	370	1155
	3p	-	62	356	203	197	348	1104
	3p	-	63	317	196	199	328	1040
	3p	-	64	309	182	180	306	977
	3p	-	65	257	189	155	299	900
	3p	-	66	225	167	181	274	847
	3p	-	67	231	160	145	248	784
	3p	-	68	213	142	142	241	738
	3p	-	69	192	131	132	231	686
	3p	-	70	200	135	103	206	644
	3p	-	71	167	139	103	193	602
	3p	-	72	164	117	99	170	550
	3p	-	73	132	104	90	185	511
	3p	-	74	158	96	93	131	478
	3p	-	75	132	83	85	144	444
	3p	-	76	111	79	80	138	408
	3p	-	77	111	76	74	113	374
	3p	-	78	106	62	59	111	338
	3p	-	79	80	54	60	107	301
	3p	-	80	71	55	52	93	271
	3p	-	81	81	36	37	85	239
	3p	-	82	58	42	42	73	215
	3p	-	83	52	39	30	61	182
	3p	-	84	42	32	32	39	145
	3p	-	85	27	25	24	39	115
	3p	-	86	32	17	19	35	103
	3p	-	87	16	16	22	28	82
	3p	-	88	24	10	9	24	67
	3p	-	89	9	8	7	17	41
	3p	-	90	10	7	3	10	30
	3p	-	91	7	2	1	6	16
	3p	-	92	0	0	0	0	0
	3p	-	93	0	0	0	0	0
	3p	-	94	0	0	0	0	0
	3p	-	95	0	0	0	0	0
	3p	-	96	0	0	0	0	0
	3p	-	97	0	0	0	0	0
	3p	-	98	0	0	0	0	0
	3p	-	99	0	0	0	0	0
	3p	-	100	0	0	0	0	0
	5p	+	1	1264	797	646	1346	4053
	5p	+	2	1157	762	798	1336	4053
	5p	+	3	1219	852	741	1241	4053
	5p	+	4	1282	849	824	1098	4053
	5p	+	5	1253	858	762	1180	4053
	5p	+	6	1214	874	806	1159	4053
	5p	+	7	1222	850	795	1186	4053
	5p	+	8	1315	751	752	1235	4053
	5p	+	9	1318	751	764	1220	4053
	5p	+	10	1280	793	737	1243	4053
	5p	+	11	1256	818	767	1212	4053
	5p	+	12	1284	801	737	1231	4053
	5p	+	13	1232	827	794	1200	4053
	5p	+	14	1285	804	772	1192	4053
	5p	+	15	1307	798	731	1217	4053
	5p	+	16	1277	833	720	1223	4053
	5p	+	17	1266	840	789	1158	4053
	5p	+	18	1284	817	757	1195	4053
	5p	+	19	1265	815	805	1168	4053
	5p	+	20	1261	797	719	1276	4053
	5p	+	21	1273	803	777	1200	4053
	5p	+	22	1298	791	747	1217	4053
	5p	+	23	1268	796	771	1218	4053
	5p	+	24	1297	805	746	1205	4053
	5p	+	25	1277	820	738	1218	4053
	5p	+	26	1269	813	726	1245	4053
	5p	+	27	1262	831	751	1209	4053
	5p	+	28	1279	780	737	1257	4053
	5p	+	29	1278	787	783	1205	4053
	5p	+	30	1313	771	725	1244	4053
	5p	+	31	1231	756	697	1144	3828
	5p	+	32	1199	743	705	1051	3698
	5p	+	33	1192	710	682	1021	3605
	5p	+	34	1131	689	627	1066	3513
	5p	+	35	1104	652	618	1043	3417
	5p	+	36	1031	627	623	1039	3320
	5p	+	37	1006	629	605	993	3233
	5p	+	38	1067	597	552	906	3122
	5p	+	39	969	591	536	929	3025
	5p	+	40	921	582	507	903	2913
	5p	+	41	861	568	504	881	2814
	5p	+	42	859	531	493	826	2709
	5p	+	43	820	515	454	824	2613
	5p	+	44	771	464	482	803	2520
	5p	+	45	768	474	474	714	2430
	5p	+	46	759	443	434	696	2332
	5p	+	47	715	453	425	659	2252
	5p	+	48	689	421	353	694	2157
	5p	+	49	688	379	405	606	2078
	5p	+	50	640	389	347	617	1993
	5p	+	51	620	377	351	564	1912
	5p	+	52	544	356	336	574	1810
	5p	+	53	557	327	301	545	1730
	5p	+	54	506	317	301	538	1662
	5p	+	55	488	314	277	502	1581
	5p	+	56	506	281	263	445	1495
	5p	+	57	442	290	283	420	1435
	5p	+	58	419	249	233	464	1365
	5p	+	59	420	238	233	417	1308
	5p	+	60	397	211	250	393	1251
	5p	+	61	408	191	215	362	1176
	5p	+	62	375	217	205	333	1130
	5p	+	63	348	196	202	317	1063
	5p	+	64	346	159	165	332	1002
	5p	+	65	297	182	171	305	955
	5p	+	66	281	170	173	280	904
	5p	+	67	272	159	157	265	853
	5p	+	68	267	149	126	265	807
	5p	+	69	241	148	138	224	751
	5p	+	70	257	127	112	203	699
	5p	+	71	207	114	117	207	645
	5p	+	72	193	101	112	202	608
	5p	+	73	153	95	123	185	556
	5p	+	74	162	97	108	156	523
	5p	+	75	166	85	94	138	483
	5p	+	76	167	93	62	111	433
	5p	+	77	129	67	73	128	397
	5p	+	78	126	67	58	107	358
	5p	+	79	109	66	62	92	329
	5p	+	80	106	47	49	98	300
	5p	+	81	106	38	41	81	266
	5p	+	82	68	46	44	80	238
	5p	+	83	67	34	39	64	204
	5p	+	84	54	31	30	62	177
	5p	+	85	58	28	14	51	151
	5p	+	86	34	15	23	53	125
	5p	+	87	34	22	18	28	102
	5p	+	88	33	7	10	27	77
	5p	+	89	27	10	4	11	52
	5p	+	90	14	6	8	9	37
	5p	+	91	8	4	4	6	22
	5p	+	92	0	0	0	0	0
	5p	+	93	0	0	0	0	0
	5p	+	94	0	0	0	0	0
	5p	+	95	0	0	0	0	0
	5p	+	96	0	0	0	0	0
	5p	+	97	0	0	0	0	0
	5p	+	98	0	0	0	0	0
	5p	+	99	0	0	0	0	0
	5p	+	100	0	0	0	0	0
	5p	-	1	1194	810	662	1352	4018
	5p	-	2	1168	793	785	1271	4017
	5p	-	3	1204	874	741	1199	4018
	5p	-	4	1261	841	760	1156	4018
	5p	-	5	1200	810	797	1211	4018
	5p	-	6	1166	809	826	1217	4018
	5p	-	7	1232	772	792	1222	4018
	5p	-	8	1284	819	746	1169	4018
	5p	-	9	1288	793	711	1226	4018
	5p	-	10	1312	794	734	1178	4018
	5p	-	11	1210	794	768	1246	4018
	5p	-	12	1184	834	770	1230	4018
	5p	-	13	1227	757	780	1254	4018
	5p	-	14	1223	821	749	1225	4018
	5p	-	15	1254	770	737	1257	4018
	5p	-	16	1227	811	768	1212	4018
	5p	-	17	1257	777	766	1218	4018
	5p	-	18	1254	828	729	1207	4018
	5p	-	19	1220	752	750	1296	4018
	5p	-	20	1240	779	779	1220	4018
	5p	-	21	1206	816	730	1266	4018
	5p	-	22	1218	840	740	1220	4018
	5p	-	23	1245	776	757	1240	4018
	5p	-	24	1215	816	794	1193	4018
	5p	-	25	1247	834	745	1192	4018
	5p	-	26	1276	790	774	1178	4018
	5p	-	27	1275	790	740	1213	4018
	5p	-	28	1232	826	738	1222	4018
	5p	-	29	1292	799	716	1211	4018
	5p	-	30	1366	800	679	1173	4018
	5p	-	31	1250	722	692	1161	3825
	5p	-	32	1163	746	661	1126	3696
	5p	-	33	1103	684	683	1112	3582
	5p	-	34	1140	706	640	1024	3510
	5p	-	35	1092	670	617	1047	3426
	5p	-	36	1054	692	581	996	3323
	5p	-	37	1058	593	574	1003	3228
	5p	-	38	995	636	556	952	3139
	5p	-	39	972	591	540	938	3041
	5p	-	40	942	547	538	938	2965
	5p	-	41	896	559	543	872	2870
	5p	-	42	845	572	487	861	2765
	5p	-	43	862	505	483	807	2657
	5p	-	44	823	523	440	791	2577
	5p	-	45	815	458	433	772	2478
	5p	-	46	773	439	473	702	2387
	5p	-	47	737	442	416	684	2279
	5p	-	48	726	417	381	659	2183
	5p	-	49	626	400	401	680	2107
	5p	-	50	648	392	329	649	2018
	5p	-	51	566	362	379	608	1915
	5p	-	52	533	347	351	600	1831
	5p	-	53	521	344	334	533	1732
	5p	-	54	562	285	317	504	1668
	5p	-	55	534	289	298	473	1594
	5p	-	56	479	291	273	469	1512
	5p	-	57	475	278	248	448	1449
	5p	-	58	450	275	237	408	1370
	5p	-	59	423	237	204	426	1290
	5p	-	60	398	248	232	340	1218
	5p	-	61	365	222	209	359	1155
	5p	-	62	377	215	208	304	1104
	5p	-	63	323	214	214	289	1040
	5p	-	64	311	191	182	293	977
	5p	-	65	307	166	158	269	900
	5p	-	66	288	157	141	261	847
	5p	-	67	235	170	149	230	784
	5p	-	68	249	131	119	239	738
	5p	-	69	209	136	136	205	686
	5p	-	70	209	119	107	209	644
	5p	-	71	196	121	101	184	602
	5p	-	72	177	101	104	168	550
	5p	-	73	175	90	92	154	511
	5p	-	74	140	67	115	156	478
	5p	-	75	160	84	85	115	444
	5p	-	76	149	65	63	131	408
	5p	-	77	125	69	65	115	374
	5p	-	78	106	79	69	84	338
	5p	-	79	105	53	50	93	301
	5p	-	80	99	49	40	83	271
	5p	-	81	72	39	55	73	239
	5p	-	82	72	47	29	67	215
	5p	-	83	69	33	19	61	182
	5p	-	84	53	23	28	41	145
	5p	-	85	41	21	20	33	115
	5p	-	86	30	23	17	33	103
	5p	-	87	33	15	15	19	82
	5p	-	88	15	13	18	21	67
	5p	-	89	13	9	5	14	41
	5p	-	90	12	10	1	7	30
	5p	-	91	4	4	3	5	16
	5p	-	92	0	0	0	0	0
	5p	-	93	0	0	0	0	0
	5p	-	94	0	0	0	0	0
	5p	-	95	0	0	0	0	0
	5p	-	96	0	0	0	0	0
	5p	-	97	0	0	0	0	0
	5p	-	98	0	0	0	0	0
	5p	-	99	0	0	0	0	0
	5p	-	100	0	0	0	0	0
