# table produced by DamageProfiler
# using mapped file ScA035.BuffaloCape_Human_nc.Target.rmdup.noMicro.bam
# Sample ID: ScA035.BuffaloCape_Human_nc.Target.rmdup.noMicro.bam
Pos	C>T	G>A	A>C	A>G	A>T	C>A	C>G	G>C	G>T	T>A	T>C	T>G	->ACGT	ACGT>-
24	0.019608	0.025210	0.011696	0.011696	0.005848	0.009804	0.019608	0.008403	0.016807	0.017094	0.000000	0.008547	0.019646	0.000000
23	0.020202	0.011236	0.005435	0.005435	0.021739	0.030303	0.020202	0.022472	0.033708	0.015385	0.000000	0.015385	0.023904	0.000000
22	0.028302	0.031250	0.012903	0.025806	0.006452	0.009434	0.009434	0.041667	0.000000	0.014925	0.007463	0.014925	0.044807	0.000000
21	0.009434	0.045455	0.023256	0.034884	0.029070	0.009434	0.018868	0.011364	0.000000	0.000000	0.000000	0.000000	0.024048	0.000000
20	0.029126	0.020000	0.000000	0.006452	0.006452	0.038835	0.019417	0.030000	0.030000	0.014388	0.014388	0.014388	0.028169	0.000000
19	0.008547	0.011111	0.006410	0.012821	0.019231	0.000000	0.017094	0.011111	0.000000	0.035714	0.007143	0.035714	0.023857	0.000000
18	0.000000	0.011236	0.012195	0.000000	0.012195	0.000000	0.026316	0.033708	0.078652	0.015152	0.000000	0.007576	0.026052	0.000000
17	0.020408	0.010204	0.011976	0.005988	0.005988	0.000000	0.030612	0.020408	0.030612	0.056911	0.024390	0.024390	0.053498	0.000000
16	0.000000	0.000000	0.012346	0.000000	0.018519	0.000000	0.009346	0.022989	0.011494	0.007042	0.000000	0.007042	0.038153	0.000000
15	0.019231	0.012048	0.011976	0.017964	0.023952	0.009615	0.000000	0.048193	0.048193	0.028169	0.021127	0.021127	0.040323	0.000000
14	0.021978	0.031579	0.000000	0.005917	0.017751	0.032967	0.000000	0.031579	0.042105	0.007143	0.014286	0.007143	0.040404	0.000000
13	0.008929	0.021739	0.000000	0.023810	0.000000	0.026786	0.000000	0.000000	0.010870	0.007576	0.000000	0.000000	0.021825	0.000000
12	0.027027	0.009804	0.006211	0.006211	0.012422	0.009009	0.009009	0.009804	0.029412	0.015748	0.015748	0.000000	0.027944	0.000000
11	0.000000	0.025641	0.018634	0.018634	0.018634	0.008696	0.008696	0.000000	0.025641	0.021739	0.021739	0.014493	0.044715	0.000000
10	0.030303	0.012346	0.015957	0.015957	0.010638	0.030303	0.030303	0.000000	0.024691	0.015504	0.015504	0.007752	0.036217	0.000000
9	0.000000	0.000000	0.012270	0.006135	0.018405	0.009174	0.009174	0.032967	0.010989	0.015504	0.007752	0.007752	0.046748	0.000000
8	0.036036	0.034483	0.005747	0.022989	0.017241	0.000000	0.000000	0.022989	0.011494	0.022556	0.015038	0.007519	0.021782	0.000000
7	0.012195	0.011111	0.016575	0.011050	0.005525	0.024390	0.024390	0.022222	0.033333	0.014184	0.014184	0.007092	0.036437	0.000000
6	0.010417	0.023810	0.032432	0.005405	0.005405	0.010417	0.020833	0.035714	0.011905	0.000000	0.023256	0.015504	0.040486	0.000000
5	0.000000	0.024096	0.011050	0.000000	0.005525	0.019608	0.029412	0.024096	0.000000	0.027778	0.013889	0.000000	0.013725	0.000000
4	0.000000	0.025316	0.016304	0.021739	0.021739	0.009346	0.018692	0.000000	0.025316	0.000000	0.013699	0.006849	0.003876	0.000000
3	0.034483	0.000000	0.021053	0.015789	0.010526	0.000000	0.017241	0.025641	0.012821	0.022222	0.007407	0.022222	0.000000	0.000000
2	0.000000	0.045977	0.006098	0.018293	0.006098	0.016129	0.024194	0.011494	0.022989	0.000000	0.020979	0.000000	0.001931	0.000000
1	0.014286	0.000000	0.005988	0.005988	0.023952	0.007143	0.007143	0.055556	0.000000	0.021583	0.035971	0.000000	0.000000	0.000000
0	0.019231	0.069444	0.009346	0.004673	0.014019	0.019231	0.028846	0.013889	0.027778	0.015504	0.015504	0.007752	0.000000	0.000000
