# table produced by DamageProfiler
# using mapped file ScA035.BuffaloCape_Human_nc.Target.rmdup.noMicro.bam
# Sample ID: ScA035.BuffaloCape_Human_nc.Target.rmdup.noMicro.bam
Pos	C>T	G>A	A>C	A>G	A>T	C>A	C>G	G>C	G>T	T>A	T>C	T>G	->ACGT	ACGT>-
0	0.026786	0.009524	0.022099	0.011050	0.005525	0.000000	0.017857	0.019048	0.009524	0.008264	0.008264	0.049587	0.000000	0.000000
1	0.009091	0.018349	0.005618	0.022472	0.028090	0.018182	0.009091	0.018349	0.009174	0.016393	0.008197	0.016393	0.000000	0.000000
2	0.007874	0.000000	0.000000	0.006536	0.000000	0.015748	0.007874	0.027027	0.018018	0.015625	0.000000	0.023438	0.000000	0.000000
3	0.011111	0.008929	0.017045	0.017045	0.005682	0.000000	0.000000	0.026786	0.000000	0.007353	0.014706	0.000000	0.007782	0.000000
4	0.019608	0.000000	0.005952	0.029762	0.005952	0.000000	0.000000	0.040816	0.040816	0.029197	0.014599	0.014599	0.017822	0.000000
5	0.010309	0.033333	0.006024	0.012048	0.012048	0.010309	0.010309	0.008333	0.008333	0.024000	0.008000	0.000000	0.007874	0.000000
6	0.037383	0.010638	0.006369	0.006369	0.012739	0.018692	0.009346	0.010638	0.031915	0.006849	0.006849	0.020548	0.013889	0.000000
7	0.009709	0.011765	0.005618	0.016854	0.000000	0.009709	0.009709	0.023529	0.011765	0.000000	0.007874	0.015748	0.032454	0.000000
8	0.018182	0.032609	0.017964	0.041916	0.023952	0.018182	0.027273	0.054348	0.000000	0.007634	0.000000	0.000000	0.010000	0.000000
9	0.021277	0.037037	0.006211	0.006211	0.000000	0.021277	0.031915	0.018519	0.018519	0.030075	0.015038	0.015038	0.010081	0.000000
10	0.009434	0.012195	0.006452	0.006452	0.019355	0.018868	0.000000	0.000000	0.012195	0.025806	0.006452	0.019355	0.020080	0.000000
11	0.019048	0.009091	0.018519	0.000000	0.024691	0.000000	0.009524	0.045455	0.045455	0.023077	0.000000	0.015385	0.013807	0.000000
12	0.034483	0.021739	0.012903	0.012903	0.019355	0.000000	0.043103	0.021739	0.054348	0.031008	0.015504	0.007752	0.034553	0.000000
13	0.000000	0.000000	0.012422	0.000000	0.012422	0.008547	0.017094	0.024390	0.012195	0.022727	0.007576	0.022727	0.024390	0.000000
14	0.009434	0.011628	0.017241	0.005747	0.011494	0.009434	0.000000	0.046512	0.023256	0.015504	0.031008	0.031008	0.022222	0.000000
15	0.040404	0.010417	0.006135	0.012270	0.012270	0.020202	0.010101	0.000000	0.020833	0.021739	0.021739	0.000000	0.024194	0.000000
16	0.009804	0.021277	0.000000	0.011561	0.023121	0.009804	0.000000	0.021277	0.031915	0.007353	0.000000	0.007353	0.015842	0.000000
17	0.009346	0.000000	0.000000	0.020000	0.000000	0.018692	0.009346	0.017544	0.026316	0.007874	0.007874	0.000000	0.018072	0.000000
18	0.009709	0.000000	0.000000	0.027397	0.020548	0.019417	0.009709	0.000000	0.020833	0.020833	0.020833	0.006944	0.034765	0.000000
19	0.017391	0.013158	0.011299	0.005650	0.016949	0.017391	0.017391	0.000000	0.013158	0.015152	0.022727	0.007576	0.016000	0.000000
20	0.000000	0.000000	0.023256	0.000000	0.000000	0.008264	0.016529	0.022727	0.022727	0.008621	0.017241	0.008621	0.028169	0.000000
21	0.045045	0.048193	0.005405	0.032432	0.032432	0.009009	0.009009	0.036145	0.024096	0.032258	0.016129	0.016129	0.023857	0.000000
22	0.000000	0.022989	0.011561	0.011561	0.011561	0.024691	0.012346	0.022989	0.011494	0.013245	0.019868	0.006623	0.024390	0.000000
23	0.010638	0.021739	0.023529	0.005882	0.011765	0.010638	0.031915	0.021739	0.021739	0.014599	0.021898	0.007299	0.024341	0.000000
24	0.000000	0.036145	0.016667	0.005556	0.011111	0.021505	0.010753	0.012048	0.000000	0.006711	0.000000	0.006711	0.017822	0.000000
