# table produced by DamageProfiler
# using mapped file ScA035.BuffaloCape_Human_nc.Target.rmdup.noMicro.bam
# Sample ID: ScA035.BuffaloCape_Human_nc.Target.rmdup.noMicro.bam
Chr	End	Std	Pos	A	C	G	T	Total
	3p	+	1	112	53	30	59	254
	3p	+	2	89	78	28	59	254
	3p	+	3	83	63	42	66	254
	3p	+	4	92	52	45	65	254
	3p	+	5	89	58	30	77	254
	3p	+	6	95	59	34	66	254
	3p	+	7	90	52	45	67	254
	3p	+	8	94	44	34	82	254
	3p	+	9	82	51	46	75	254
	3p	+	10	86	55	49	64	254
	3p	+	11	98	48	39	69	254
	3p	+	12	83	58	46	67	254
	3p	+	13	77	58	45	74	254
	3p	+	14	88	53	54	59	254
	3p	+	15	84	51	41	78	254
	3p	+	16	84	57	47	66	254
	3p	+	17	71	57	48	78	254
	3p	+	18	82	58	52	62	254
	3p	+	19	75	72	35	72	254
	3p	+	20	80	68	51	55	254
	3p	+	21	99	53	36	66	254
	3p	+	22	79	60	45	70	254
	3p	+	23	85	58	49	62	254
	3p	+	24	103	42	43	66	254
	3p	+	25	95	47	56	56	254
	3p	+	26	80	60	52	62	254
	3p	+	27	85	60	47	62	254
	3p	+	28	90	61	49	54	254
	3p	+	29	77	68	46	63	254
	3p	+	30	87	46	62	59	254
	3p	+	31	38	24	37	39	138
	3p	+	32	33	20	13	24	90
	3p	+	33	21	18	14	19	72
	3p	+	34	18	14	18	15	65
	3p	+	35	16	14	12	17	59
	3p	+	36	16	11	11	16	54
	3p	+	37	16	13	10	12	51
	3p	+	38	14	14	13	7	48
	3p	+	39	19	5	8	14	46
	3p	+	40	9	9	6	18	42
	3p	+	41	15	5	6	15	41
	3p	+	42	11	8	8	12	39
	3p	+	43	12	9	3	14	38
	3p	+	44	11	8	7	10	36
	3p	+	45	8	9	10	7	34
	3p	+	46	8	7	5	11	31
	3p	+	47	14	2	4	11	31
	3p	+	48	7	5	10	7	29
	3p	+	49	7	4	5	11	27
	3p	+	50	6	6	4	10	26
	3p	+	51	7	5	3	10	25
	3p	+	52	8	7	4	6	25
	3p	+	53	4	7	6	7	24
	3p	+	54	2	7	5	10	24
	3p	+	55	6	3	7	7	23
	3p	+	56	4	8	3	7	22
	3p	+	57	5	4	3	9	21
	3p	+	58	6	5	3	5	19
	3p	+	59	3	8	2	3	16
	3p	+	60	7	2	4	3	16
	3p	+	61	4	4	3	5	16
	3p	+	62	4	3	2	5	14
	3p	+	63	3	4	2	3	12
	3p	+	64	2	5	2	3	12
	3p	+	65	3	1	1	6	11
	3p	+	66	6	0	0	4	10
	3p	+	67	2	2	4	1	9
	3p	+	68	1	0	1	6	8
	3p	+	69	0	5	0	3	8
	3p	+	70	3	0	2	3	8
	3p	+	71	2	3	2	0	7
	3p	+	72	1	3	2	1	7
	3p	+	73	0	3	1	3	7
	3p	+	74	2	3	1	1	7
	3p	+	75	1	2	1	3	7
	3p	+	76	2	1	2	2	7
	3p	+	77	2	0	1	2	5
	3p	+	78	3	2	0	0	5
	3p	+	79	1	2	1	0	4
	3p	+	80	2	0	0	1	3
	3p	+	81	2	1	0	0	3
	3p	+	82	0	1	2	0	3
	3p	+	83	0	1	2	0	3
	3p	+	84	2	1	0	0	3
	3p	+	85	0	1	2	0	3
	3p	+	86	1	1	0	1	3
	3p	+	87	2	0	1	0	3
	3p	+	88	1	0	1	0	2
	3p	+	89	0	0	0	0	0
	3p	+	90	0	0	0	0	0
	3p	+	91	0	0	0	0	0
	3p	+	92	0	0	0	0	0
	3p	+	93	0	0	0	0	0
	3p	+	94	0	0	0	0	0
	3p	+	95	0	0	0	0	0
	3p	+	96	0	0	0	0	0
	3p	+	97	0	0	0	0	0
	3p	+	98	0	0	0	0	0
	3p	+	99	0	0	0	0	0
	3p	+	100	0	0	0	0	0
	3p	-	1	105	49	39	72	265
	3p	-	2	76	68	42	79	265
	3p	-	3	83	61	44	77	265
	3p	-	4	92	65	38	70	265
	3p	-	5	89	51	52	73	265
	3p	-	6	96	46	48	75	265
	3p	-	7	97	60	43	65	265
	3p	-	8	95	47	57	66	265
	3p	-	9	92	65	45	63	265
	3p	-	10	84	65	47	69	265
	3p	-	11	94	57	48	66	265
	3p	-	12	80	67	45	73	265
	3p	-	13	87	59	58	61	265
	3p	-	14	83	60	44	78	265
	3p	-	15	94	51	49	71	265
	3p	-	16	86	58	42	79	265
	3p	-	17	92	58	47	68	265
	3p	-	18	96	54	54	61	265
	3p	-	19	91	52	49	73	265
	3p	-	20	80	56	47	82	265
	3p	-	21	67	51	65	82	265
	3p	-	22	86	51	51	77	265
	3p	-	23	79	60	49	77	265
	3p	-	24	84	57	50	74	265
	3p	-	25	80	55	67	63	265
	3p	-	26	78	47	64	76	265
	3p	-	27	87	49	55	74	265
	3p	-	28	94	56	52	63	265
	3p	-	29	90	61	50	64	265
	3p	-	30	96	61	55	53	265
	3p	-	31	44	28	32	34	138
	3p	-	32	32	17	17	32	98
	3p	-	33	24	19	20	14	77
	3p	-	34	17	14	12	19	62
	3p	-	35	15	9	16	20	60
	3p	-	36	23	10	10	15	58
	3p	-	37	17	12	7	16	52
	3p	-	38	18	16	3	15	52
	3p	-	39	9	10	9	21	49
	3p	-	40	14	13	7	12	46
	3p	-	41	17	14	5	9	45
	3p	-	42	14	6	12	8	40
	3p	-	43	15	6	6	12	39
	3p	-	44	19	4	5	10	38
	3p	-	45	7	13	6	10	36
	3p	-	46	8	8	3	16	35
	3p	-	47	12	9	10	4	35
	3p	-	48	10	3	5	14	32
	3p	-	49	7	5	7	12	31
	3p	-	50	8	4	7	11	30
	3p	-	51	8	3	7	10	28
	3p	-	52	10	4	7	7	28
	3p	-	53	6	6	3	9	24
	3p	-	54	8	5	4	7	24
	3p	-	55	11	3	4	6	24
	3p	-	56	10	3	5	6	24
	3p	-	57	9	2	4	8	23
	3p	-	58	5	6	2	8	21
	3p	-	59	2	6	5	7	20
	3p	-	60	6	4	2	8	20
	3p	-	61	4	4	6	5	19
	3p	-	62	9	2	2	5	18
	3p	-	63	5	4	2	4	15
	3p	-	64	6	3	3	3	15
	3p	-	65	4	0	3	7	14
	3p	-	66	6	2	3	3	14
	3p	-	67	4	1	5	4	14
	3p	-	68	7	0	3	3	13
	3p	-	69	4	0	2	7	13
	3p	-	70	4	1	2	6	13
	3p	-	71	4	2	3	3	12
	3p	-	72	1	1	2	6	10
	3p	-	73	3	3	1	3	10
	3p	-	74	2	0	2	4	8
	3p	-	75	3	1	2	0	6
	3p	-	76	3	2	0	0	5
	3p	-	77	1	2	0	1	4
	3p	-	78	2	0	0	0	2
	3p	-	79	0	2	0	0	2
	3p	-	80	0	1	0	1	2
	3p	-	81	0	1	1	0	2
	3p	-	82	1	0	0	1	2
	3p	-	83	0	0	0	2	2
	3p	-	84	1	0	0	1	2
	3p	-	85	2	0	0	0	2
	3p	-	86	1	0	1	0	2
	3p	-	87	0	0	0	1	1
	3p	-	88	0	0	0	1	1
	3p	-	89	0	0	0	0	0
	3p	-	90	0	0	0	0	0
	3p	-	91	0	0	0	0	0
	3p	-	92	0	0	0	0	0
	3p	-	93	0	0	0	0	0
	3p	-	94	0	0	0	0	0
	3p	-	95	0	0	0	0	0
	3p	-	96	0	0	0	0	0
	3p	-	97	0	0	0	0	0
	3p	-	98	0	0	0	0	0
	3p	-	99	0	0	0	0	0
	3p	-	100	0	0	0	0	0
	5p	+	1	83	56	59	56	254
	5p	+	2	89	57	49	59	254
	5p	+	3	72	62	53	67	254
	5p	+	4	83	55	59	57	254
	5p	+	5	84	62	46	62	254
	5p	+	6	89	48	48	69	254
	5p	+	7	80	49	47	78	254
	5p	+	8	98	53	43	60	254
	5p	+	9	77	59	53	65	254
	5p	+	10	91	51	54	58	254
	5p	+	11	86	57	43	68	254
	5p	+	12	65	65	47	77	254
	5p	+	13	82	60	46	66	254
	5p	+	14	73	67	47	67	254
	5p	+	15	91	57	47	59	254
	5p	+	16	77	55	44	78	254
	5p	+	17	87	58	48	61	254
	5p	+	18	65	61	63	65	254
	5p	+	19	77	52	56	69	254
	5p	+	20	93	55	33	73	254
	5p	+	21	88	60	50	56	254
	5p	+	22	91	53	41	69	254
	5p	+	23	83	39	42	90	254
	5p	+	24	82	47	55	70	254
	5p	+	25	97	54	32	71	254
	5p	+	26	95	56	26	77	254
	5p	+	27	85	68	44	57	254
	5p	+	28	86	64	33	71	254
	5p	+	29	98	66	37	53	254
	5p	+	30	92	62	37	63	254
	5p	+	31	50	27	23	38	138
	5p	+	32	34	15	16	25	90
	5p	+	33	19	21	9	23	72
	5p	+	34	29	8	9	19	65
	5p	+	35	18	10	10	21	59
	5p	+	36	15	12	8	19	54
	5p	+	37	19	11	4	17	51
	5p	+	38	16	10	9	13	48
	5p	+	39	14	11	8	13	46
	5p	+	40	16	12	3	11	42
	5p	+	41	13	13	5	10	41
	5p	+	42	15	9	5	10	39
	5p	+	43	11	12	8	7	38
	5p	+	44	14	11	6	5	36
	5p	+	45	11	10	1	12	34
	5p	+	46	12	5	6	8	31
	5p	+	47	12	5	8	6	31
	5p	+	48	11	5	7	6	29
	5p	+	49	4	10	5	8	27
	5p	+	50	12	3	3	8	26
	5p	+	51	8	5	5	7	25
	5p	+	52	11	5	3	6	25
	5p	+	53	7	7	4	6	24
	5p	+	54	10	3	6	5	24
	5p	+	55	8	5	5	5	23
	5p	+	56	10	5	3	4	22
	5p	+	57	8	4	2	7	21
	5p	+	58	6	4	5	4	19
	5p	+	59	3	3	7	3	16
	5p	+	60	6	2	2	6	16
	5p	+	61	6	3	3	4	16
	5p	+	62	3	2	4	5	14
	5p	+	63	7	0	1	4	12
	5p	+	64	3	5	2	2	12
	5p	+	65	3	3	0	5	11
	5p	+	66	4	1	2	3	10
	5p	+	67	1	1	1	6	9
	5p	+	68	2	1	3	2	8
	5p	+	69	0	4	2	2	8
	5p	+	70	2	2	2	2	8
	5p	+	71	0	5	0	2	7
	5p	+	72	2	2	1	2	7
	5p	+	73	0	2	0	5	7
	5p	+	74	2	0	2	3	7
	5p	+	75	3	2	2	0	7
	5p	+	76	5	1	0	1	7
	5p	+	77	0	1	1	3	5
	5p	+	78	1	3	0	1	5
	5p	+	79	2	0	0	2	4
	5p	+	80	1	1	0	1	3
	5p	+	81	1	0	0	2	3
	5p	+	82	1	0	1	1	3
	5p	+	83	2	0	0	1	3
	5p	+	84	0	0	1	2	3
	5p	+	85	2	0	0	1	3
	5p	+	86	0	0	1	2	3
	5p	+	87	2	0	0	1	3
	5p	+	88	1	0	0	1	2
	5p	+	89	0	0	0	0	0
	5p	+	90	0	0	0	0	0
	5p	+	91	0	0	0	0	0
	5p	+	92	0	0	0	0	0
	5p	+	93	0	0	0	0	0
	5p	+	94	0	0	0	0	0
	5p	+	95	0	0	0	0	0
	5p	+	96	0	0	0	0	0
	5p	+	97	0	0	0	0	0
	5p	+	98	0	0	0	0	0
	5p	+	99	0	0	0	0	0
	5p	+	100	0	0	0	0	0
	5p	-	1	93	58	52	62	265
	5p	-	2	85	53	62	65	265
	5p	-	3	84	64	58	59	265
	5p	-	4	89	43	54	79	265
	5p	-	5	85	49	56	75	265
	5p	-	6	82	53	73	57	265
	5p	-	7	81	58	51	75	265
	5p	-	8	86	61	49	69	265
	5p	-	9	86	56	45	78	265
	5p	-	10	81	47	56	81	265
	5p	-	11	76	53	44	92	265
	5p	-	12	99	48	56	62	265
	5p	-	13	78	67	50	70	265
	5p	-	14	93	59	45	68	265
	5p	-	15	85	62	47	71	265
	5p	-	16	90	52	57	66	265
	5p	-	17	88	49	45	83	265
	5p	-	18	88	52	56	69	265
	5p	-	19	73	58	55	79	265
	5p	-	20	86	68	46	65	265
	5p	-	21	90	73	41	61	265
	5p	-	22	96	62	46	61	265
	5p	-	23	99	50	52	64	265
	5p	-	24	92	61	39	73	265
	5p	-	25	91	43	50	81	265
	5p	-	26	91	47	56	71	265
	5p	-	27	98	56	42	69	265
	5p	-	28	84	62	40	79	265
	5p	-	29	86	52	39	88	265
	5p	-	30	89	56	52	68	265
	5p	-	31	39	40	25	34	138
	5p	-	32	34	26	16	22	98
	5p	-	33	26	17	13	21	77
	5p	-	34	26	19	8	9	62
	5p	-	35	21	13	9	17	60
	5p	-	36	15	13	12	18	58
	5p	-	37	15	11	5	21	52
	5p	-	38	20	8	10	14	52
	5p	-	39	21	5	7	16	49
	5p	-	40	13	10	9	14	46
	5p	-	41	18	12	5	10	45
	5p	-	42	11	10	7	12	40
	5p	-	43	13	8	4	14	39
	5p	-	44	12	10	3	13	38
	5p	-	45	12	7	9	8	36
	5p	-	46	10	8	8	9	35
	5p	-	47	15	6	7	7	35
	5p	-	48	9	5	7	11	32
	5p	-	49	11	4	6	10	31
	5p	-	50	13	5	3	9	30
	5p	-	51	9	3	8	8	28
	5p	-	52	11	5	5	7	28
	5p	-	53	7	2	5	10	24
	5p	-	54	7	6	5	6	24
	5p	-	55	3	5	6	10	24
	5p	-	56	7	3	6	8	24
	5p	-	57	6	4	1	12	23
	5p	-	58	7	7	2	5	21
	5p	-	59	5	6	3	6	20
	5p	-	60	4	6	5	5	20
	5p	-	61	4	7	3	5	19
	5p	-	62	8	2	3	5	18
	5p	-	63	4	2	6	3	15
	5p	-	64	5	2	1	7	15
	5p	-	65	5	1	2	6	14
	5p	-	66	4	3	4	3	14
	5p	-	67	6	1	2	5	14
	5p	-	68	3	4	3	3	13
	5p	-	69	4	4	3	2	13
	5p	-	70	5	3	3	2	13
	5p	-	71	3	2	5	2	12
	5p	-	72	5	1	3	1	10
	5p	-	73	6	0	1	3	10
	5p	-	74	2	1	1	4	8
	5p	-	75	2	0	1	3	6
	5p	-	76	1	0	0	4	5
	5p	-	77	0	1	1	2	4
	5p	-	78	0	0	0	2	2
	5p	-	79	0	0	0	2	2
	5p	-	80	0	0	2	0	2
	5p	-	81	1	0	0	1	2
	5p	-	82	0	0	2	0	2
	5p	-	83	1	0	0	1	2
	5p	-	84	0	0	1	1	2
	5p	-	85	0	0	0	2	2
	5p	-	86	1	0	1	0	2
	5p	-	87	0	1	0	0	1
	5p	-	88	1	0	0	0	1
	5p	-	89	0	0	0	0	0
	5p	-	90	0	0	0	0	0
	5p	-	91	0	0	0	0	0
	5p	-	92	0	0	0	0	0
	5p	-	93	0	0	0	0	0
	5p	-	94	0	0	0	0	0
	5p	-	95	0	0	0	0	0
	5p	-	96	0	0	0	0	0
	5p	-	97	0	0	0	0	0
	5p	-	98	0	0	0	0	0
	5p	-	99	0	0	0	0	0
	5p	-	100	0	0	0	0	0
