# table produced by DamageProfiler
# using mapped file RmA034.GrysbokCape_Human_nc.Target.rmdup.noMicro.bam
# Sample ID: RmA034.GrysbokCape_Human_nc.Target.rmdup.noMicro.bam
Pos	C>T	G>A	A>C	A>G	A>T	C>A	C>G	G>C	G>T	T>A	T>C	T>G	->ACGT	ACGT>-
0	0.039130	0.010835	0.004579	0.006869	0.004865	0.009239	0.003261	0.006373	0.010835	0.006575	0.003431	0.004002	0.000000	0.000000
1	0.016539	0.004929	0.003947	0.003339	0.004250	0.004135	0.002363	0.002464	0.006900	0.003827	0.003238	0.002355	0.000000	0.000000
2	0.010828	0.004775	0.002895	0.004053	0.004343	0.003790	0.001083	0.004775	0.001592	0.003711	0.001546	0.002474	0.000192	0.000000
3	0.008065	0.002867	0.002687	0.002389	0.002986	0.002520	0.001512	0.001911	0.003822	0.002001	0.002334	0.001000	0.000671	0.000000
4	0.006085	0.005102	0.002418	0.003023	0.001814	0.001521	0.000507	0.001020	0.002041	0.001570	0.001570	0.000628	0.002014	0.000000
5	0.003085	0.001907	0.001908	0.003499	0.000636	0.002571	0.003085	0.000000	0.000477	0.002171	0.001861	0.000931	0.002017	0.000000
6	0.003106	0.002041	0.001190	0.002082	0.000595	0.002588	0.001553	0.001020	0.004082	0.002541	0.001906	0.000635	0.002980	0.000000
7	0.005266	0.001583	0.001447	0.002026	0.001737	0.002106	0.000527	0.001055	0.003166	0.001267	0.001267	0.001267	0.003844	0.000000
8	0.004219	0.003282	0.001446	0.001446	0.002314	0.001055	0.002110	0.001094	0.004376	0.002158	0.001542	0.002158	0.002015	0.000000
9	0.005092	0.001566	0.000597	0.001194	0.000597	0.000509	0.002037	0.001044	0.000522	0.002813	0.001876	0.000938	0.002301	0.000000
10	0.003518	0.002193	0.000903	0.002408	0.001505	0.001508	0.001005	0.001096	0.001645	0.000912	0.002433	0.000912	0.002111	0.000000
11	0.003030	0.002687	0.002090	0.002389	0.000000	0.001515	0.002525	0.001612	0.003224	0.001239	0.001549	0.000929	0.002880	0.000000
12	0.001970	0.002105	0.000909	0.002727	0.001212	0.000493	0.000493	0.000000	0.005789	0.002822	0.001254	0.001254	0.002783	0.000000
13	0.003486	0.002641	0.000591	0.001478	0.002660	0.000996	0.000000	0.001585	0.001585	0.002536	0.001268	0.002853	0.001820	0.000000
14	0.003112	0.002091	0.001172	0.003809	0.000879	0.002075	0.001037	0.001045	0.004182	0.000631	0.001577	0.000631	0.002302	0.000000
15	0.002038	0.001616	0.000890	0.002966	0.002077	0.000509	0.000509	0.000539	0.001078	0.001238	0.001548	0.002476	0.002687	0.000000
16	0.004053	0.003619	0.001178	0.000883	0.000589	0.000507	0.002026	0.001034	0.004137	0.000968	0.000968	0.000323	0.003268	0.000000
17	0.000000	0.001623	0.000862	0.002585	0.001723	0.002050	0.000000	0.000541	0.002165	0.000000	0.001591	0.000955	0.002302	0.000000
18	0.004028	0.002254	0.000590	0.001771	0.001181	0.003525	0.001007	0.000563	0.004507	0.001833	0.002444	0.001833	0.002591	0.000000
19	0.002485	0.003266	0.000910	0.001819	0.001213	0.000497	0.000000	0.001089	0.002722	0.001224	0.002448	0.000918	0.003457	0.000000
20	0.002514	0.002614	0.002688	0.000896	0.001792	0.002011	0.000000	0.000523	0.003659	0.000947	0.000947	0.001262	0.002687	0.000000
21	0.005260	0.001633	0.000869	0.002606	0.001158	0.002104	0.000526	0.002177	0.002722	0.000617	0.002160	0.000617	0.001630	0.000000
22	0.000521	0.001570	0.000594	0.002078	0.002375	0.000521	0.001562	0.000523	0.003140	0.001240	0.001550	0.001860	0.002685	0.000000
23	0.001487	0.003214	0.000900	0.001800	0.000900	0.004462	0.002479	0.002142	0.003214	0.000936	0.001248	0.000312	0.002207	0.000000
24	0.003627	0.002089	0.000872	0.001162	0.001162	0.002073	0.000518	0.001044	0.002611	0.000953	0.001589	0.001271	0.001821	0.000000
