# table produced by DamageProfiler
# using mapped file ToA003.ElandCommon_Human_nc.Target.rmdup.noMicro.bam
# Sample ID: ToA003.ElandCommon_Human_nc.Target.rmdup.noMicro.bam
Pos	C>T	G>A	A>C	A>G	A>T	C>A	C>G	G>C	G>T	T>A	T>C	T>G	->ACGT	ACGT>-
24	0.015000	0.004348	0.010840	0.002710	0.005420	0.005000	0.000000	0.000000	0.000000	0.003125	0.006250	0.000000	0.007149	0.000000
23	0.004651	0.000000	0.002907	0.000000	0.000000	0.000000	0.000000	0.000000	0.004854	0.002817	0.000000	0.002817	0.005357	0.000000
22	0.000000	0.013699	0.000000	0.002833	0.002833	0.004975	0.004975	0.009132	0.000000	0.002833	0.005666	0.002833	0.000000	0.000000
21	0.004525	0.004566	0.000000	0.005747	0.005747	0.009050	0.004525	0.000000	0.013699	0.008876	0.011834	0.002959	0.001776	0.000000
20	0.004785	0.000000	0.000000	0.002710	0.000000	0.000000	0.000000	0.005051	0.000000	0.000000	0.002933	0.000000	0.008057	0.000000
19	0.013825	0.009434	0.002717	0.002717	0.005435	0.004608	0.000000	0.004717	0.000000	0.000000	0.003096	0.006192	0.004464	0.000000
18	0.004785	0.004630	0.005333	0.000000	0.002667	0.004785	0.004785	0.000000	0.004630	0.000000	0.003145	0.000000	0.005367	0.000000
17	0.000000	0.009662	0.000000	0.002725	0.000000	0.004608	0.004608	0.004831	0.000000	0.000000	0.003021	0.000000	0.003565	0.000000
16	0.009132	0.005102	0.002833	0.002833	0.000000	0.009132	0.009132	0.000000	0.005102	0.002817	0.008451	0.002817	0.001781	0.000000
15	0.000000	0.004310	0.000000	0.000000	0.012195	0.000000	0.004608	0.000000	0.004310	0.002915	0.002915	0.000000	0.004464	0.000000
14	0.010204	0.000000	0.000000	0.002611	0.000000	0.005102	0.000000	0.004695	0.018779	0.003003	0.003003	0.000000	0.001778	0.000000
13	0.000000	0.009662	0.002933	0.008798	0.000000	0.004386	0.000000	0.000000	0.004831	0.000000	0.005831	0.000000	0.003575	0.000000
12	0.004386	0.010256	0.000000	0.000000	0.008197	0.004386	0.000000	0.000000	0.005128	0.000000	0.005952	0.000000	0.000889	0.000000
11	0.005102	0.000000	0.000000	0.000000	0.000000	0.000000	0.005102	0.004831	0.000000	0.003049	0.003049	0.000000	0.004456	0.000000
10	0.004484	0.015544	0.002770	0.005540	0.000000	0.013453	0.004484	0.000000	0.000000	0.002907	0.002907	0.000000	0.004460	0.000000
9	0.004545	0.000000	0.000000	0.000000	0.008219	0.009091	0.004545	0.000000	0.000000	0.000000	0.005865	0.000000	0.004460	0.000000
8	0.009434	0.000000	0.000000	0.000000	0.002725	0.004717	0.000000	0.005208	0.000000	0.000000	0.005747	0.000000	0.006256	0.000000
7	0.019802	0.000000	0.002597	0.002597	0.005195	0.000000	0.000000	0.004926	0.004926	0.000000	0.003003	0.000000	0.002671	0.000000
6	0.004762	0.009434	0.002551	0.007653	0.005102	0.000000	0.004762	0.000000	0.000000	0.000000	0.003236	0.003236	0.001781	0.000000
5	0.005376	0.000000	0.002632	0.002632	0.002632	0.000000	0.016129	0.000000	0.004425	0.003003	0.006006	0.003003	0.002667	0.000000
4	0.005682	0.000000	0.002415	0.002415	0.002415	0.000000	0.000000	0.000000	0.000000	0.003115	0.000000	0.003115	0.000000	0.000000
3	0.010695	0.000000	0.004843	0.002421	0.000000	0.010695	0.000000	0.000000	0.000000	0.003086	0.006173	0.000000	0.000000	0.000000
2	0.004405	0.018779	0.002410	0.004819	0.002410	0.000000	0.000000	0.000000	0.009390	0.000000	0.007353	0.000000	0.000887	0.000000
1	0.079832	0.010811	0.002123	0.008493	0.000000	0.000000	0.000000	0.000000	0.005405	0.008547	0.004274	0.004274	0.000000	0.000000
0	0.194805	0.012579	0.000000	0.007371	0.002457	0.004329	0.000000	0.000000	0.000000	0.000000	0.000000	0.003040	0.000000	0.000000
