# table produced by DamageProfiler
# using mapped file ToA003.ElandCommon_Human_nc.Target.rmdup.noMicro.bam
# Sample ID: ToA003.ElandCommon_Human_nc.Target.rmdup.noMicro.bam
Pos	C>T	G>A	A>C	A>G	A>T	C>A	C>G	G>C	G>T	T>A	T>C	T>G	->ACGT	ACGT>-
0	0.191489	0.023529	0.000000	0.018919	0.024324	0.025532	0.017021	0.000000	0.023529	0.019943	0.002849	0.000000	0.000000	0.000000
1	0.040201	0.015873	0.000000	0.005510	0.005510	0.005025	0.015075	0.000000	0.010582	0.016000	0.002667	0.000000	0.000000	0.000000
2	0.012000	0.004673	0.002817	0.000000	0.000000	0.004000	0.008000	0.014019	0.009346	0.006515	0.009772	0.000000	0.000000	0.000000
3	0.008475	0.017094	0.000000	0.000000	0.000000	0.004237	0.000000	0.008547	0.000000	0.000000	0.000000	0.000000	0.000000	0.000000
4	0.004032	0.009050	0.000000	0.002695	0.002695	0.000000	0.000000	0.000000	0.009050	0.003521	0.003521	0.003521	0.002669	0.000000
5	0.000000	0.000000	0.002865	0.002865	0.005731	0.008299	0.000000	0.000000	0.000000	0.000000	0.009375	0.000000	0.007156	0.000000
6	0.004525	0.004762	0.005952	0.000000	0.000000	0.000000	0.000000	0.004762	0.004762	0.000000	0.005650	0.000000	0.002676	0.000000
7	0.004310	0.015625	0.005435	0.000000	0.000000	0.000000	0.000000	0.005208	0.000000	0.002994	0.002994	0.002994	0.000000	0.000000
8	0.000000	0.008621	0.000000	0.008000	0.005333	0.005181	0.005181	0.000000	0.000000	0.003086	0.006173	0.000000	0.000890	0.000000
9	0.004950	0.000000	0.000000	0.000000	0.000000	0.000000	0.000000	0.008000	0.004000	0.003289	0.000000	0.000000	0.006267	0.000000
10	0.008929	0.010101	0.000000	0.002500	0.002500	0.004464	0.004464	0.005051	0.005051	0.003300	0.003300	0.006601	0.000889	0.000000
11	0.004762	0.009950	0.005051	0.000000	0.000000	0.000000	0.000000	0.000000	0.004975	0.000000	0.009646	0.000000	0.003578	0.000000
12	0.009302	0.008929	0.000000	0.002786	0.005571	0.009302	0.004651	0.004464	0.008929	0.000000	0.006154	0.003077	0.000890	0.000000
13	0.004219	0.000000	0.005525	0.008287	0.005525	0.004219	0.000000	0.000000	0.005025	0.003067	0.003067	0.003067	0.002669	0.000000
14	0.004484	0.004926	0.000000	0.000000	0.005618	0.000000	0.008969	0.000000	0.009852	0.002985	0.002985	0.000000	0.003581	0.000000
15	0.008734	0.000000	0.002950	0.000000	0.005900	0.000000	0.000000	0.004292	0.004292	0.006192	0.009288	0.000000	0.000890	0.000000
16	0.008811	0.009756	0.002933	0.008798	0.002933	0.004405	0.000000	0.000000	0.014634	0.002857	0.005714	0.000000	0.002671	0.000000
17	0.009901	0.009901	0.000000	0.002825	0.002825	0.014851	0.000000	0.000000	0.000000	0.000000	0.008197	0.000000	0.001779	0.000000
18	0.004425	0.000000	0.002924	0.002924	0.005848	0.000000	0.000000	0.004630	0.004630	0.000000	0.002950	0.000000	0.002671	0.000000
19	0.009132	0.000000	0.000000	0.002994	0.000000	0.004566	0.000000	0.000000	0.000000	0.002817	0.008451	0.000000	0.002679	0.000000
20	0.004673	0.004695	0.002933	0.002933	0.002933	0.004673	0.000000	0.004695	0.000000	0.000000	0.000000	0.000000	0.000000	0.000000
21	0.004566	0.004587	0.000000	0.000000	0.002924	0.004566	0.009132	0.004587	0.000000	0.000000	0.005935	0.000000	0.006272	0.000000
22	0.005076	0.004695	0.002639	0.000000	0.005277	0.000000	0.000000	0.009390	0.000000	0.003012	0.000000	0.000000	0.002676	0.000000
23	0.004115	0.000000	0.000000	0.008174	0.008174	0.000000	0.004115	0.000000	0.005587	0.000000	0.002976	0.002976	0.000889	0.000000
24	0.009901	0.000000	0.002681	0.002681	0.005362	0.000000	0.014851	0.004950	0.004950	0.002882	0.000000	0.002882	0.002669	0.000000
