# table produced by DamageProfiler
# using mapped file PaA028.BuffaloCape_Human_nc.Target.rmdup.noMicro.bam
# Sample ID: PaA028.BuffaloCape_Human_nc.Target.rmdup.noMicro.bam
Chr	End	Std	Pos	A	C	G	T	Total
	3p	+	1	164	90	52	143	449
	3p	+	2	160	103	67	119	449
	3p	+	3	133	104	86	126	449
	3p	+	4	169	78	73	129	449
	3p	+	5	154	89	66	140	449
	3p	+	6	140	88	92	129	449
	3p	+	7	143	101	87	118	449
	3p	+	8	156	84	84	125	449
	3p	+	9	148	86	90	125	449
	3p	+	10	140	88	91	130	449
	3p	+	11	138	98	80	133	449
	3p	+	12	140	105	82	122	449
	3p	+	13	152	84	96	117	449
	3p	+	14	156	87	89	117	449
	3p	+	15	156	80	88	125	449
	3p	+	16	123	83	101	142	449
	3p	+	17	130	97	105	117	449
	3p	+	18	141	89	98	121	449
	3p	+	19	135	95	88	131	449
	3p	+	20	147	108	76	118	449
	3p	+	21	153	78	80	138	449
	3p	+	22	156	89	91	113	449
	3p	+	23	161	86	88	114	449
	3p	+	24	160	83	82	124	449
	3p	+	25	135	88	96	130	449
	3p	+	26	157	85	77	130	449
	3p	+	27	158	83	79	129	449
	3p	+	28	150	103	81	115	449
	3p	+	29	158	105	63	123	449
	3p	+	30	130	111	84	124	449
	3p	+	31	123	79	85	104	391
	3p	+	32	105	73	62	104	344
	3p	+	33	100	61	74	88	323
	3p	+	34	100	54	67	80	301
	3p	+	35	93	59	48	87	287
	3p	+	36	91	53	45	84	273
	3p	+	37	82	43	48	84	257
	3p	+	38	81	51	43	73	248
	3p	+	39	72	43	57	67	239
	3p	+	40	71	46	48	67	232
	3p	+	41	66	39	36	72	213
	3p	+	42	58	43	52	52	205
	3p	+	43	55	34	34	74	197
	3p	+	44	63	39	33	53	188
	3p	+	45	66	24	27	60	177
	3p	+	46	61	28	28	54	171
	3p	+	47	50	27	30	51	158
	3p	+	48	45	29	30	49	153
	3p	+	49	49	23	28	43	143
	3p	+	50	46	24	27	40	137
	3p	+	51	37	16	28	47	128
	3p	+	52	32	29	25	36	122
	3p	+	53	32	23	29	32	116
	3p	+	54	39	21	19	32	111
	3p	+	55	34	24	14	33	105
	3p	+	56	45	23	13	18	99
	3p	+	57	23	18	20	28	89
	3p	+	58	24	17	16	28	85
	3p	+	59	19	17	19	21	76
	3p	+	60	20	10	20	26	76
	3p	+	61	13	15	15	28	71
	3p	+	62	19	15	11	23	68
	3p	+	63	23	15	10	18	66
	3p	+	64	14	11	15	22	62
	3p	+	65	13	17	13	15	58
	3p	+	66	14	8	11	21	54
	3p	+	67	14	8	10	20	52
	3p	+	68	14	8	12	14	48
	3p	+	69	11	10	4	22	47
	3p	+	70	14	10	10	10	44
	3p	+	71	9	6	15	11	41
	3p	+	72	15	5	6	14	40
	3p	+	73	9	6	6	15	36
	3p	+	74	11	5	5	11	32
	3p	+	75	10	8	4	9	31
	3p	+	76	4	5	6	13	28
	3p	+	77	11	6	3	8	28
	3p	+	78	6	3	6	10	25
	3p	+	79	13	4	3	5	25
	3p	+	80	7	5	7	5	24
	3p	+	81	9	4	4	3	20
	3p	+	82	5	3	4	5	17
	3p	+	83	7	1	1	4	13
	3p	+	84	4	2	4	2	12
	3p	+	85	3	1	2	4	10
	3p	+	86	5	2	1	2	10
	3p	+	87	2	2	1	3	8
	3p	+	88	1	2	2	2	7
	3p	+	89	1	2	1	2	6
	3p	+	90	1	0	2	0	3
	3p	+	91	1	0	0	0	1
	3p	+	92	0	0	0	0	0
	3p	+	93	0	0	0	0	0
	3p	+	94	0	0	0	0	0
	3p	+	95	0	0	0	0	0
	3p	+	96	0	0	0	0	0
	3p	+	97	0	0	0	0	0
	3p	+	98	0	0	0	0	0
	3p	+	99	0	0	0	0	0
	3p	+	100	0	0	0	0	0
	3p	-	1	181	59	61	132	433
	3p	-	2	161	101	60	111	433
	3p	-	3	160	96	68	109	433
	3p	-	4	141	97	72	123	433
	3p	-	5	136	105	64	128	433
	3p	-	6	144	82	82	125	433
	3p	-	7	153	73	88	119	433
	3p	-	8	163	86	74	110	433
	3p	-	9	140	85	89	119	433
	3p	-	10	153	84	76	120	433
	3p	-	11	126	90	92	125	433
	3p	-	12	138	80	77	138	433
	3p	-	13	128	82	95	128	433
	3p	-	14	127	97	77	132	433
	3p	-	15	141	79	74	139	433
	3p	-	16	144	69	79	141	433
	3p	-	17	149	83	80	121	433
	3p	-	18	129	79	86	139	433
	3p	-	19	153	77	94	109	433
	3p	-	20	141	90	80	122	433
	3p	-	21	152	77	84	120	433
	3p	-	22	122	86	90	135	433
	3p	-	23	115	81	92	145	433
	3p	-	24	141	79	80	133	433
	3p	-	25	136	85	79	133	433
	3p	-	26	140	86	75	132	433
	3p	-	27	128	95	96	114	433
	3p	-	28	136	93	78	126	433
	3p	-	29	139	101	84	109	433
	3p	-	30	146	85	73	129	433
	3p	-	31	125	75	73	89	362
	3p	-	32	88	76	66	95	325
	3p	-	33	105	53	70	78	306
	3p	-	34	97	49	54	87	287
	3p	-	35	82	54	56	80	272
	3p	-	36	75	47	60	75	257
	3p	-	37	74	45	42	82	243
	3p	-	38	77	49	47	60	233
	3p	-	39	68	38	48	70	224
	3p	-	40	61	47	42	66	216
	3p	-	41	56	43	36	65	200
	3p	-	42	75	33	24	63	195
	3p	-	43	58	43	28	52	181
	3p	-	44	63	36	20	47	166
	3p	-	45	35	44	27	56	162
	3p	-	46	40	41	29	45	155
	3p	-	47	34	25	28	56	143
	3p	-	48	42	28	19	42	131
	3p	-	49	32	29	26	38	125
	3p	-	50	31	22	29	40	122
	3p	-	51	36	21	24	36	117
	3p	-	52	41	20	17	35	113
	3p	-	53	32	17	17	43	109
	3p	-	54	26	16	17	40	99
	3p	-	55	30	24	11	31	96
	3p	-	56	26	22	19	27	94
	3p	-	57	24	18	21	27	90
	3p	-	58	21	16	12	33	82
	3p	-	59	27	18	13	22	80
	3p	-	60	21	23	8	25	77
	3p	-	61	28	18	6	19	71
	3p	-	62	18	23	13	15	69
	3p	-	63	18	16	8	25	67
	3p	-	64	19	17	15	13	64
	3p	-	65	17	13	8	19	57
	3p	-	66	13	17	11	11	52
	3p	-	67	11	15	5	18	49
	3p	-	68	10	14	8	10	42
	3p	-	69	12	8	5	14	39
	3p	-	70	9	9	9	10	37
	3p	-	71	11	4	8	12	35
	3p	-	72	7	9	6	12	34
	3p	-	73	12	5	6	8	31
	3p	-	74	6	3	6	12	27
	3p	-	75	11	2	3	9	25
	3p	-	76	7	1	5	6	19
	3p	-	77	9	3	4	3	19
	3p	-	78	0	2	6	7	15
	3p	-	79	4	2	3	5	14
	3p	-	80	2	4	3	2	11
	3p	-	81	3	1	3	3	10
	3p	-	82	7	0	1	2	10
	3p	-	83	0	5	3	0	8
	3p	-	84	2	1	0	4	7
	3p	-	85	2	1	2	1	6
	3p	-	86	1	2	0	1	4
	3p	-	87	2	0	0	2	4
	3p	-	88	0	0	1	2	3
	3p	-	89	0	0	0	2	2
	3p	-	90	0	2	0	0	2
	3p	-	91	0	0	0	0	0
	3p	-	92	0	0	0	0	0
	3p	-	93	0	0	0	0	0
	3p	-	94	0	0	0	0	0
	3p	-	95	0	0	0	0	0
	3p	-	96	0	0	0	0	0
	3p	-	97	0	0	0	0	0
	3p	-	98	0	0	0	0	0
	3p	-	99	0	0	0	0	0
	3p	-	100	0	0	0	0	0
	5p	+	1	128	106	77	138	449
	5p	+	2	145	85	93	126	449
	5p	+	3	143	85	94	127	449
	5p	+	4	134	107	78	130	449
	5p	+	5	144	81	84	140	449
	5p	+	6	152	86	87	124	449
	5p	+	7	140	88	101	120	449
	5p	+	8	148	85	96	120	449
	5p	+	9	156	96	83	114	449
	5p	+	10	145	81	90	133	449
	5p	+	11	144	90	72	143	449
	5p	+	12	142	94	82	131	449
	5p	+	13	151	100	77	121	449
	5p	+	14	150	91	87	121	449
	5p	+	15	137	89	90	133	449
	5p	+	16	161	68	94	126	449
	5p	+	17	151	87	95	116	449
	5p	+	18	156	83	99	111	449
	5p	+	19	151	90	100	108	449
	5p	+	20	147	92	95	115	449
	5p	+	21	133	92	105	119	449
	5p	+	22	135	109	87	118	449
	5p	+	23	150	83	79	137	449
	5p	+	24	149	79	91	130	449
	5p	+	25	148	92	87	122	449
	5p	+	26	153	80	93	123	449
	5p	+	27	149	101	74	125	449
	5p	+	28	156	89	72	132	449
	5p	+	29	142	104	91	112	449
	5p	+	30	148	97	78	126	449
	5p	+	31	123	74	78	116	391
	5p	+	32	116	68	64	96	344
	5p	+	33	113	60	57	93	323
	5p	+	34	102	59	47	93	301
	5p	+	35	80	63	53	91	287
	5p	+	36	82	58	42	91	273
	5p	+	37	92	55	30	80	257
	5p	+	38	77	57	39	75	248
	5p	+	39	68	43	46	82	239
	5p	+	40	78	44	41	69	232
	5p	+	41	71	42	39	61	213
	5p	+	42	59	38	41	67	205
	5p	+	43	68	34	33	62	197
	5p	+	44	64	31	39	54	188
	5p	+	45	57	33	36	51	177
	5p	+	46	61	38	24	48	171
	5p	+	47	47	22	33	56	158
	5p	+	48	39	23	30	61	153
	5p	+	49	43	24	34	42	143
	5p	+	50	57	24	19	37	137
	5p	+	51	41	24	32	31	128
	5p	+	52	31	30	27	34	122
	5p	+	53	36	25	19	36	116
	5p	+	54	38	24	22	27	111
	5p	+	55	36	20	12	37	105
	5p	+	56	34	18	22	25	99
	5p	+	57	32	16	17	24	89
	5p	+	58	30	18	16	21	85
	5p	+	59	18	18	13	27	76
	5p	+	60	25	10	14	27	76
	5p	+	61	14	23	15	19	71
	5p	+	62	17	14	11	26	68
	5p	+	63	21	13	7	25	66
	5p	+	64	26	8	11	17	62
	5p	+	65	17	14	10	17	58
	5p	+	66	18	8	9	19	54
	5p	+	67	12	7	12	21	52
	5p	+	68	13	12	8	15	48
	5p	+	69	19	8	4	16	47
	5p	+	70	11	6	9	18	44
	5p	+	71	9	7	6	19	41
	5p	+	72	12	8	8	12	40
	5p	+	73	15	6	4	11	36
	5p	+	74	9	4	8	11	32
	5p	+	75	9	6	8	8	31
	5p	+	76	15	2	3	8	28
	5p	+	77	11	6	4	7	28
	5p	+	78	9	6	4	6	25
	5p	+	79	9	11	3	2	25
	5p	+	80	8	7	1	8	24
	5p	+	81	4	4	4	8	20
	5p	+	82	4	5	2	6	17
	5p	+	83	3	4	2	4	13
	5p	+	84	2	3	3	4	12
	5p	+	85	3	3	2	2	10
	5p	+	86	4	3	1	2	10
	5p	+	87	2	3	0	3	8
	5p	+	88	2	0	2	3	7
	5p	+	89	3	2	0	1	6
	5p	+	90	1	1	0	1	3
	5p	+	91	0	0	0	1	1
	5p	+	92	0	0	0	0	0
	5p	+	93	0	0	0	0	0
	5p	+	94	0	0	0	0	0
	5p	+	95	0	0	0	0	0
	5p	+	96	0	0	0	0	0
	5p	+	97	0	0	0	0	0
	5p	+	98	0	0	0	0	0
	5p	+	99	0	0	0	0	0
	5p	+	100	0	0	0	0	0
	5p	-	1	145	102	71	115	433
	5p	-	2	137	93	65	138	433
	5p	-	3	125	96	90	122	433
	5p	-	4	125	89	88	131	433
	5p	-	5	127	100	98	108	433
	5p	-	6	130	104	75	124	433
	5p	-	7	148	71	103	111	433
	5p	-	8	137	80	79	137	433
	5p	-	9	127	96	81	129	433
	5p	-	10	135	85	88	125	433
	5p	-	11	130	86	76	141	433
	5p	-	12	125	94	83	131	433
	5p	-	13	138	89	88	118	433
	5p	-	14	133	94	63	143	433
	5p	-	15	141	77	87	128	433
	5p	-	16	136	78	89	130	433
	5p	-	17	135	88	85	125	433
	5p	-	18	128	83	86	136	433
	5p	-	19	149	80	78	126	433
	5p	-	20	150	70	93	120	433
	5p	-	21	143	87	84	119	433
	5p	-	22	136	72	98	127	433
	5p	-	23	135	102	84	112	433
	5p	-	24	131	87	83	132	433
	5p	-	25	133	109	82	109	433
	5p	-	26	141	88	75	129	433
	5p	-	27	139	93	70	131	433
	5p	-	28	156	96	71	110	433
	5p	-	29	142	92	75	124	433
	5p	-	30	147	79	89	118	433
	5p	-	31	116	73	77	96	362
	5p	-	32	107	52	49	117	325
	5p	-	33	111	59	63	73	306
	5p	-	34	91	56	49	91	287
	5p	-	35	95	56	48	73	272
	5p	-	36	81	44	51	81	257
	5p	-	37	81	51	50	61	243
	5p	-	38	73	43	53	64	233
	5p	-	39	71	51	43	59	224
	5p	-	40	69	41	30	76	216
	5p	-	41	81	35	32	52	200
	5p	-	42	61	34	37	63	195
	5p	-	43	61	30	35	55	181
	5p	-	44	53	29	26	58	166
	5p	-	45	42	35	26	59	162
	5p	-	46	51	28	28	48	155
	5p	-	47	44	27	25	47	143
	5p	-	48	44	27	14	46	131
	5p	-	49	45	21	16	43	125
	5p	-	50	39	29	15	39	122
	5p	-	51	40	22	16	39	117
	5p	-	52	38	18	17	40	113
	5p	-	53	35	26	15	33	109
	5p	-	54	28	15	16	40	99
	5p	-	55	35	17	14	30	96
	5p	-	56	26	14	20	34	94
	5p	-	57	31	21	13	25	90
	5p	-	58	32	13	7	30	82
	5p	-	59	23	14	18	25	80
	5p	-	60	28	18	13	18	77
	5p	-	61	24	19	12	16	71
	5p	-	62	20	13	17	19	69
	5p	-	63	28	11	10	18	67
	5p	-	64	18	15	9	22	64
	5p	-	65	22	10	6	19	57
	5p	-	66	14	9	11	18	52
	5p	-	67	19	8	6	16	49
	5p	-	68	16	8	6	12	42
	5p	-	69	12	9	5	13	39
	5p	-	70	9	8	6	14	37
	5p	-	71	12	7	7	9	35
	5p	-	72	8	11	5	10	34
	5p	-	73	15	5	5	6	31
	5p	-	74	6	3	6	12	27
	5p	-	75	8	5	3	9	25
	5p	-	76	5	3	5	6	19
	5p	-	77	2	7	5	5	19
	5p	-	78	7	2	2	4	15
	5p	-	79	8	1	3	2	14
	5p	-	80	1	5	2	3	11
	5p	-	81	4	3	1	2	10
	5p	-	82	4	2	0	4	10
	5p	-	83	2	2	3	1	8
	5p	-	84	0	2	0	5	7
	5p	-	85	2	0	1	3	6
	5p	-	86	2	0	0	2	4
	5p	-	87	2	0	0	2	4
	5p	-	88	0	2	1	0	3
	5p	-	89	0	1	0	1	2
	5p	-	90	0	1	0	1	2
	5p	-	91	0	0	0	0	0
	5p	-	92	0	0	0	0	0
	5p	-	93	0	0	0	0	0
	5p	-	94	0	0	0	0	0
	5p	-	95	0	0	0	0	0
	5p	-	96	0	0	0	0	0
	5p	-	97	0	0	0	0	0
	5p	-	98	0	0	0	0	0
	5p	-	99	0	0	0	0	0
	5p	-	100	0	0	0	0	0
