# table produced by DamageProfiler
# using mapped file ToA028.ElandCommon_Human_nc.Target.rmdup.noMicro.bam
# Sample ID: ToA028.ElandCommon_Human_nc.Target.rmdup.noMicro.bam
Chr	End	Std	Pos	A	C	G	T	Total	G>A	C>T	A>G	T>C	A>C	A>T	C>G	C>A	T>G	T>A	G>C	G>T	A>-	T>-	C>-	G>-	->A	->T	->C	->G	S
	3p	+	1	8245.0	2831.0	2133.0	5648.0	18857.0	17.0	730.0	14.0	6.0	4.0	13.0	5.0	15.0	6.0	10.0	6.0	10.0	0.0	0.0	0.0	0.0	0.0	0.0	0.0	0.0	0.0
	3p	+	2	7408.0	3994.0	2571.0	4889.0	18862.0	19.0	403.0	8.0	8.0	8.0	12.0	7.0	11.0	5.0	7.0	4.0	10.0	0.0	0.0	0.0	0.0	0.0	0.0	0.0	0.0	0.0
	3p	+	3	6720.0	3702.0	2977.0	5470.0	18869.0	17.0	37.0	13.0	23.0	7.0	11.0	10.0	13.0	4.0	8.0	11.0	5.0	0.0	0.0	0.0	0.0	0.0	0.0	0.0	0.0	0.0
	3p	+	4	6712.0	3832.0	3109.0	5224.0	18877.0	14.0	22.0	10.0	11.0	12.0	7.0	4.0	6.0	3.0	6.0	6.0	13.0	0.0	0.0	0.0	0.0	0.0	0.0	0.0	0.0	0.0
	3p	+	5	6805.0	3455.0	3196.0	5428.0	18884.0	14.0	15.0	9.0	18.0	6.0	7.0	4.0	7.0	6.0	12.0	4.0	18.0	0.0	0.0	0.0	0.0	0.0	0.0	0.0	0.0	0.0
	3p	+	6	6859.0	3449.0	3178.0	5396.0	18882.0	7.0	14.0	8.0	8.0	8.0	6.0	6.0	4.0	3.0	6.0	5.0	6.0	0.0	0.0	0.0	0.0	4.0	0.0	0.0	1.0	0.0
	3p	+	7	6531.0	3558.0	3389.0	5406.0	18884.0	11.0	15.0	11.0	10.0	5.0	9.0	1.0	5.0	7.0	2.0	1.0	9.0	0.0	0.0	0.0	0.0	1.0	0.0	1.0	2.0	0.0
	3p	+	8	6443.0	3466.0	3402.0	5566.0	18877.0	9.0	18.0	8.0	9.0	6.0	11.0	0.0	10.0	5.0	2.0	4.0	14.0	0.0	0.0	0.0	0.0	3.0	0.0	3.0	6.0	0.0
	3p	+	9	6240.0	3579.0	3548.0	5508.0	18875.0	8.0	25.0	9.0	9.0	5.0	6.0	2.0	7.0	6.0	1.0	6.0	13.0	0.0	0.0	0.0	0.0	4.0	0.0	4.0	6.0	0.0
	3p	+	10	6140.0	3616.0	3389.0	5732.0	18877.0	21.0	19.0	9.0	10.0	4.0	6.0	4.0	4.0	8.0	7.0	6.0	12.0	0.0	0.0	0.0	0.0	5.0	0.0	4.0	1.0	0.0
	3p	+	11	6003.0	3569.0	3503.0	5809.0	18884.0	9.0	16.0	11.0	9.0	7.0	10.0	4.0	3.0	3.0	8.0	7.0	18.0	0.0	0.0	0.0	0.0	3.0	0.0	2.0	2.0	0.0
	3p	+	12	6200.0	3570.0	3364.0	5740.0	18874.0	15.0	22.0	11.0	10.0	4.0	12.0	5.0	3.0	3.0	2.0	1.0	11.0	0.0	0.0	0.0	0.0	3.0	0.0	7.0	1.0	0.0
	3p	+	13	6245.0	3432.0	3476.0	5726.0	18879.0	5.0	16.0	11.0	9.0	5.0	3.0	3.0	3.0	2.0	5.0	4.0	9.0	0.0	0.0	0.0	0.0	3.0	0.0	3.0	3.0	0.0
	3p	+	14	6105.0	3615.0	3376.0	5785.0	18881.0	13.0	13.0	15.0	8.0	5.0	3.0	3.0	7.0	4.0	4.0	3.0	10.0	0.0	0.0	0.0	0.0	6.0	0.0	2.0	2.0	0.0
	3p	+	15	6223.0	3679.0	3359.0	5613.0	18874.0	11.0	23.0	18.0	19.0	4.0	6.0	2.0	11.0	4.0	3.0	2.0	10.0	0.0	0.0	0.0	0.0	7.0	0.0	3.0	6.0	0.0
	3p	+	16	6167.0	3699.0	3481.0	5533.0	18880.0	13.0	17.0	12.0	14.0	7.0	5.0	4.0	5.0	4.0	2.0	2.0	8.0	0.0	0.0	0.0	0.0	5.0	0.0	1.0	2.0	0.0
	3p	+	17	6074.0	3485.0	3480.0	5838.0	18877.0	12.0	11.0	16.0	8.0	6.0	2.0	3.0	5.0	3.0	2.0	1.0	11.0	0.0	0.0	0.0	0.0	5.0	0.0	6.0	4.0	0.0
	3p	+	18	5965.0	3581.0	3529.0	5801.0	18876.0	10.0	21.0	7.0	13.0	8.0	5.0	4.0	4.0	2.0	3.0	2.0	14.0	0.0	0.0	0.0	0.0	7.0	0.0	3.0	4.0	0.0
	3p	+	19	6062.0	3622.0	3401.0	5790.0	18875.0	15.0	13.0	10.0	6.0	5.0	7.0	4.0	5.0	0.0	6.0	5.0	7.0	0.0	0.0	0.0	0.0	5.0	0.0	3.0	4.0	0.0
	3p	+	20	6000.0	3650.0	3440.0	5789.0	18879.0	17.0	22.0	7.0	10.0	3.0	8.0	3.0	8.0	12.0	7.0	4.0	15.0	0.0	0.0	0.0	0.0	4.0	0.0	3.0	1.0	0.0
	3p	+	21	5906.0	3664.0	3385.0	5921.0	18876.0	10.0	16.0	15.0	12.0	3.0	9.0	3.0	6.0	7.0	3.0	4.0	11.0	0.0	0.0	0.0	0.0	5.0	0.0	1.0	6.0	0.0
	3p	+	22	6034.0	3693.0	3407.0	5746.0	18880.0	12.0	15.0	11.0	13.0	4.0	7.0	5.0	2.0	3.0	3.0	3.0	9.0	0.0	0.0	0.0	0.0	2.0	0.0	4.0	2.0	0.0
	3p	+	23	6184.0	3609.0	3395.0	5693.0	18881.0	13.0	21.0	10.0	9.0	6.0	5.0	3.0	3.0	4.0	6.0	4.0	16.0	0.0	0.0	0.0	0.0	3.0	0.0	4.0	2.0	0.0
	3p	+	24	6055.0	3557.0	3598.0	5668.0	18878.0	13.0	12.0	8.0	12.0	7.0	4.0	4.0	4.0	3.0	3.0	1.0	12.0	0.0	0.0	0.0	0.0	6.0	0.0	3.0	1.0	0.0
	3p	+	25	6131.0	3564.0	3519.0	5665.0	18879.0	15.0	12.0	12.0	13.0	3.0	5.0	4.0	5.0	3.0	3.0	1.0	7.0	0.0	0.0	0.0	0.0	2.0	0.0	1.0	8.0	0.0
	3p	+	26	6068.0	3612.0	3528.0	5664.0	18872.0	7.0	21.0	10.0	8.0	6.0	6.0	7.0	2.0	8.0	4.0	0.0	8.0	0.0	0.0	0.0	0.0	4.0	0.0	8.0	1.0	0.0
	3p	+	27	6137.0	3588.0	3483.0	5670.0	18878.0	15.0	14.0	12.0	14.0	9.0	3.0	2.0	6.0	6.0	8.0	3.0	9.0	0.0	0.0	0.0	0.0	4.0	0.0	1.0	4.0	0.0
	3p	+	28	6061.0	3578.0	3442.0	5803.0	18884.0	11.0	15.0	7.0	15.0	2.0	2.0	3.0	13.0	5.0	6.0	7.0	8.0	0.0	0.0	0.0	0.0	4.0	0.0	1.0	1.0	0.0
	3p	+	29	6062.0	3687.0	3501.0	5634.0	18884.0	10.0	21.0	13.0	13.0	5.0	1.0	3.0	7.0	3.0	2.0	2.0	13.0	0.0	0.0	0.0	0.0	2.0	0.0	2.0	1.0	0.0
	3p	+	30	6070.0	3589.0	3585.0	5643.0	18887.0	11.0	30.0	9.0	8.0	4.0	7.0	3.0	2.0	1.0	2.0	3.0	9.0	0.0	0.0	0.0	0.0	2.0	0.0	0.0	1.0	0.0
	3p	+	31	5828.0	3607.0	3323.0	5535.0	18293.0	8.0	25.0	6.0	9.0	4.0	8.0	3.0	5.0	4.0	5.0	2.0	6.0	0.0	0.0	0.0	0.0	2.0	0.0	0.0	2.0	0.0
	3p	+	32	5613.0	3531.0	3212.0	5444.0	17800.0	9.0	20.0	7.0	7.0	4.0	3.0	2.0	2.0	1.0	3.0	1.0	6.0	0.0	0.0	0.0	0.0	1.0	0.0	0.0	0.0	0.0
	3p	+	33	5498.0	3317.0	3182.0	5353.0	17350.0	13.0	20.0	14.0	8.0	2.0	3.0	1.0	9.0	5.0	1.0	5.0	9.0	0.0	0.0	0.0	0.0	0.0	0.0	1.0	0.0	0.0
	3p	+	34	5377.0	3225.0	3065.0	5216.0	16883.0	11.0	29.0	13.0	13.0	2.0	2.0	2.0	3.0	2.0	6.0	4.0	12.0	0.0	0.0	0.0	0.0	0.0	0.0	0.0	1.0	0.0
	3p	+	35	5316.0	3113.0	3022.0	4977.0	16428.0	7.0	24.0	13.0	7.0	4.0	6.0	2.0	3.0	5.0	4.0	4.0	8.0	0.0	0.0	0.0	0.0	2.0	0.0	0.0	1.0	0.0
	3p	+	36	5108.0	3086.0	2836.0	4927.0	15957.0	12.0	32.0	10.0	9.0	1.0	1.0	4.0	5.0	2.0	3.0	2.0	10.0	0.0	0.0	0.0	0.0	1.0	0.0	0.0	0.0	0.0
	3p	+	37	4932.0	2997.0	2839.0	4710.0	15478.0	8.0	21.0	7.0	9.0	3.0	3.0	2.0	4.0	3.0	2.0	2.0	7.0	0.0	0.0	0.0	0.0	3.0	0.0	0.0	0.0	0.0
	3p	+	38	4708.0	2928.0	2735.0	4637.0	15008.0	10.0	29.0	13.0	8.0	6.0	3.0	3.0	4.0	3.0	4.0	1.0	8.0	0.0	0.0	0.0	0.0	4.0	0.0	0.0	0.0	0.0
	3p	+	39	4567.0	2835.0	2627.0	4459.0	14488.0	11.0	25.0	14.0	8.0	4.0	2.0	0.0	3.0	5.0	3.0	0.0	10.0	0.0	0.0	0.0	0.0	3.0	0.0	0.0	0.0	0.0
	3p	+	40	4430.0	2707.0	2606.0	4238.0	13981.0	8.0	33.0	9.0	11.0	1.0	2.0	3.0	6.0	2.0	7.0	1.0	12.0	0.0	0.0	0.0	0.0	2.0	0.0	0.0	1.0	0.0
	3p	+	41	4244.0	2563.0	2436.0	4146.0	13389.0	4.0	30.0	7.0	10.0	3.0	3.0	1.0	3.0	1.0	3.0	7.0	7.0	0.0	0.0	0.0	0.0	1.0	0.0	0.0	0.0	0.0
	3p	+	42	4083.0	2473.0	2326.0	3978.0	12860.0	9.0	35.0	5.0	6.0	1.0	3.0	3.0	4.0	4.0	3.0	3.0	10.0	0.0	0.0	0.0	0.0	2.0	0.0	0.0	0.0	0.0
	3p	+	43	3919.0	2318.0	2271.0	3809.0	12317.0	10.0	26.0	6.0	10.0	4.0	5.0	5.0	0.0	1.0	1.0	0.0	5.0	0.0	0.0	0.0	0.0	1.0	0.0	0.0	1.0	0.0
	3p	+	44	3846.0	2266.0	2164.0	3514.0	11790.0	9.0	24.0	5.0	9.0	1.0	4.0	2.0	2.0	1.0	3.0	6.0	6.0	0.0	0.0	0.0	0.0	3.0	0.0	2.0	2.0	0.0
	3p	+	45	3596.0	2154.0	2075.0	3450.0	11275.0	4.0	25.0	11.0	7.0	2.0	2.0	0.0	2.0	4.0	0.0	0.0	5.0	0.0	0.0	0.0	0.0	2.0	0.0	0.0	2.0	0.0
	3p	+	46	3398.0	2074.0	2014.0	3292.0	10778.0	5.0	27.0	4.0	2.0	2.0	3.0	0.0	3.0	3.0	1.0	2.0	5.0	0.0	0.0	0.0	0.0	1.0	0.0	0.0	0.0	0.0
	3p	+	47	3274.0	1987.0	1883.0	3156.0	10300.0	4.0	24.0	8.0	6.0	0.0	4.0	0.0	3.0	4.0	1.0	1.0	9.0	0.0	0.0	0.0	0.0	1.0	0.0	0.0	0.0	0.0
	3p	+	48	3063.0	1947.0	1753.0	3100.0	9863.0	11.0	35.0	2.0	9.0	3.0	3.0	1.0	5.0	3.0	1.0	0.0	3.0	0.0	0.0	0.0	0.0	0.0	0.0	0.0	0.0	0.0
	3p	+	49	2825.0	1841.0	1769.0	2942.0	9377.0	6.0	25.0	7.0	5.0	1.0	0.0	0.0	3.0	2.0	3.0	3.0	6.0	0.0	0.0	0.0	0.0	2.0	0.0	0.0	0.0	0.0
	3p	+	50	2896.0	1677.0	1555.0	2776.0	8904.0	7.0	29.0	2.0	4.0	2.0	3.0	1.0	1.0	0.0	3.0	0.0	8.0	0.0	0.0	0.0	0.0	0.0	0.0	0.0	0.0	0.0
	3p	+	51	2592.0	1697.0	1542.0	2625.0	8456.0	5.0	20.0	5.0	5.0	1.0	1.0	1.0	3.0	1.0	2.0	1.0	10.0	0.0	0.0	0.0	0.0	0.0	0.0	1.0	0.0	0.0
	3p	+	52	2477.0	1484.0	1453.0	2581.0	7995.0	9.0	17.0	5.0	4.0	1.0	0.0	1.0	2.0	1.0	4.0	2.0	7.0	0.0	0.0	0.0	0.0	0.0	0.0	0.0	0.0	0.0
	3p	+	53	2406.0	1463.0	1326.0	2355.0	7550.0	3.0	17.0	7.0	2.0	2.0	1.0	0.0	0.0	2.0	1.0	0.0	7.0	0.0	0.0	0.0	0.0	0.0	0.0	0.0	1.0	0.0
	3p	+	54	2308.0	1334.0	1303.0	2217.0	7162.0	3.0	24.0	5.0	5.0	2.0	2.0	1.0	6.0	4.0	2.0	1.0	6.0	0.0	0.0	0.0	0.0	0.0	0.0	0.0	0.0	0.0
	3p	+	55	2166.0	1294.0	1225.0	2114.0	6799.0	4.0	14.0	3.0	4.0	2.0	2.0	1.0	4.0	2.0	3.0	1.0	2.0	0.0	0.0	0.0	0.0	1.0	0.0	0.0	1.0	0.0
	3p	+	56	1964.0	1224.0	1166.0	2093.0	6447.0	4.0	10.0	3.0	3.0	1.0	2.0	1.0	5.0	1.0	2.0	1.0	2.0	0.0	0.0	0.0	0.0	1.0	0.0	0.0	1.0	0.0
	3p	+	57	1925.0	1126.0	1123.0	1934.0	6108.0	3.0	9.0	3.0	4.0	0.0	2.0	1.0	4.0	1.0	1.0	0.0	6.0	0.0	0.0	0.0	0.0	0.0	0.0	0.0	0.0	0.0
	3p	+	58	1849.0	1088.0	1066.0	1797.0	5800.0	2.0	11.0	4.0	2.0	2.0	2.0	0.0	0.0	0.0	3.0	0.0	5.0	0.0	0.0	0.0	0.0	0.0	0.0	0.0	0.0	0.0
	3p	+	59	1710.0	1085.0	905.0	1787.0	5487.0	1.0	23.0	5.0	3.0	2.0	3.0	2.0	0.0	0.0	1.0	2.0	1.0	0.0	0.0	0.0	0.0	0.0	0.0	0.0	0.0	0.0
	3p	+	60	1570.0	1040.0	938.0	1587.0	5135.0	2.0	14.0	6.0	2.0	0.0	1.0	0.0	2.0	0.0	1.0	0.0	1.0	0.0	0.0	0.0	0.0	1.0	0.0	0.0	0.0	0.0
	3p	+	61	1517.0	924.0	873.0	1537.0	4851.0	2.0	11.0	5.0	2.0	0.0	0.0	1.0	3.0	2.0	2.0	0.0	4.0	0.0	0.0	0.0	0.0	0.0	0.0	0.0	0.0	0.0
	3p	+	62	1455.0	866.0	800.0	1436.0	4557.0	3.0	10.0	5.0	2.0	2.0	0.0	0.0	1.0	1.0	2.0	0.0	5.0	0.0	0.0	0.0	0.0	0.0	0.0	0.0	0.0	0.0
	3p	+	63	1304.0	816.0	846.0	1303.0	4269.0	1.0	11.0	4.0	0.0	3.0	1.0	1.0	2.0	1.0	1.0	0.0	8.0	0.0	0.0	0.0	0.0	1.0	0.0	0.0	0.0	0.0
	3p	+	64	1249.0	738.0	722.0	1275.0	3984.0	0.0	19.0	2.0	1.0	0.0	1.0	1.0	2.0	1.0	2.0	0.0	2.0	0.0	0.0	0.0	0.0	0.0	0.0	0.0	0.0	0.0
	3p	+	65	1236.0	671.0	653.0	1179.0	3739.0	1.0	11.0	3.0	9.0	0.0	1.0	0.0	1.0	1.0	2.0	1.0	1.0	0.0	0.0	0.0	0.0	0.0	0.0	0.0	0.0	0.0
	3p	+	66	1084.0	659.0	668.0	1092.0	3503.0	4.0	8.0	0.0	4.0	0.0	0.0	0.0	2.0	2.0	1.0	1.0	2.0	0.0	0.0	0.0	0.0	0.0	0.0	0.0	0.0	0.0
	3p	+	67	1095.0	604.0	582.0	987.0	3268.0	1.0	15.0	4.0	5.0	0.0	0.0	0.0	1.0	1.0	1.0	0.0	2.0	0.0	0.0	0.0	0.0	0.0	0.0	0.0	0.0	0.0
	3p	+	68	976.0	576.0	568.0	926.0	3046.0	4.0	4.0	1.0	1.0	1.0	0.0	1.0	1.0	0.0	1.0	0.0	1.0	0.0	0.0	0.0	0.0	0.0	0.0	0.0	0.0	0.0
	3p	+	69	885.0	542.0	527.0	884.0	2838.0	1.0	15.0	3.0	3.0	1.0	0.0	0.0	0.0	1.0	2.0	1.0	3.0	0.0	0.0	0.0	0.0	0.0	0.0	0.0	0.0	0.0
	3p	+	70	749.0	487.0	531.0	842.0	2609.0	1.0	8.0	2.0	1.0	2.0	0.0	0.0	3.0	0.0	2.0	1.0	4.0	0.0	0.0	0.0	0.0	1.0	0.0	0.0	0.0	0.0
	3p	+	71	782.0	463.0	429.0	757.0	2431.0	1.0	9.0	1.0	1.0	1.0	1.0	1.0	0.0	1.0	2.0	1.0	2.0	0.0	0.0	0.0	0.0	0.0	0.0	0.0	0.0	0.0
	3p	+	72	746.0	389.0	410.0	683.0	2228.0	2.0	3.0	1.0	1.0	2.0	1.0	0.0	0.0	1.0	0.0	1.0	2.0	0.0	0.0	0.0	0.0	0.0	0.0	0.0	0.0	0.0
	3p	+	73	632.0	406.0	354.0	650.0	2042.0	2.0	5.0	2.0	2.0	0.0	0.0	0.0	0.0	1.0	2.0	0.0	1.0	0.0	0.0	0.0	0.0	1.0	0.0	0.0	0.0	0.0
	3p	+	74	583.0	364.0	303.0	581.0	1831.0	1.0	6.0	0.0	2.0	2.0	0.0	0.0	1.0	0.0	0.0	1.0	1.0	0.0	0.0	0.0	0.0	0.0	0.0	0.0	0.0	0.0
	3p	+	75	511.0	304.0	318.0	552.0	1685.0	2.0	5.0	1.0	0.0	0.0	1.0	0.0	1.0	1.0	1.0	0.0	3.0	0.0	0.0	0.0	0.0	0.0	0.0	0.0	0.0	0.0
	3p	+	76	483.0	284.0	271.0	517.0	1555.0	1.0	5.0	0.0	1.0	1.0	0.0	0.0	3.0	1.0	0.0	1.0	0.0	0.0	0.0	0.0	0.0	0.0	0.0	0.0	0.0	0.0
	3p	+	77	420.0	281.0	244.0	472.0	1417.0	1.0	6.0	2.0	0.0	0.0	1.0	0.0	1.0	0.0	1.0	0.0	0.0	0.0	0.0	0.0	0.0	0.0	0.0	0.0	0.0	0.0
	3p	+	78	392.0	247.0	246.0	410.0	1295.0	3.0	6.0	1.0	0.0	0.0	1.0	0.0	1.0	0.0	0.0	0.0	0.0	0.0	0.0	0.0	0.0	1.0	0.0	0.0	0.0	0.0
	3p	+	79	379.0	237.0	173.0	369.0	1158.0	0.0	4.0	0.0	1.0	0.0	0.0	0.0	0.0	0.0	0.0	0.0	2.0	0.0	0.0	0.0	0.0	0.0	0.0	0.0	0.0	0.0
	3p	+	80	336.0	190.0	207.0	303.0	1036.0	1.0	5.0	0.0	1.0	0.0	0.0	0.0	2.0	1.0	0.0	0.0	2.0	0.0	0.0	0.0	0.0	0.0	0.0	0.0	0.0	0.0
	3p	+	81	324.0	162.0	144.0	309.0	939.0	1.0	3.0	0.0	0.0	0.0	1.0	0.0	0.0	0.0	0.0	0.0	1.0	0.0	0.0	0.0	0.0	0.0	0.0	0.0	0.0	0.0
	3p	+	82	231.0	184.0	156.0	255.0	826.0	1.0	7.0	1.0	0.0	0.0	0.0	0.0	0.0	0.0	0.0	0.0	1.0	0.0	0.0	0.0	0.0	0.0	0.0	0.0	0.0	0.0
	3p	+	83	214.0	138.0	133.0	233.0	718.0	0.0	3.0	1.0	0.0	0.0	0.0	0.0	0.0	1.0	1.0	1.0	0.0	0.0	0.0	0.0	0.0	0.0	0.0	0.0	0.0	0.0
	3p	+	84	199.0	122.0	124.0	181.0	626.0	0.0	1.0	0.0	0.0	0.0	0.0	0.0	0.0	0.0	1.0	0.0	0.0	0.0	0.0	0.0	0.0	0.0	0.0	0.0	0.0	0.0
	3p	+	85	173.0	94.0	95.0	162.0	524.0	0.0	3.0	1.0	0.0	0.0	1.0	0.0	0.0	0.0	1.0	0.0	0.0	0.0	0.0	0.0	0.0	0.0	0.0	0.0	0.0	0.0
	3p	+	86	119.0	87.0	85.0	135.0	426.0	0.0	2.0	0.0	0.0	0.0	0.0	0.0	0.0	0.0	0.0	0.0	0.0	0.0	0.0	0.0	0.0	0.0	0.0	0.0	0.0	0.0
	3p	+	87	106.0	46.0	75.0	125.0	352.0	1.0	3.0	0.0	0.0	0.0	0.0	0.0	0.0	0.0	0.0	0.0	1.0	0.0	0.0	0.0	0.0	0.0	0.0	0.0	0.0	0.0
	3p	+	88	82.0	43.0	48.0	90.0	263.0	0.0	1.0	0.0	0.0	0.0	0.0	0.0	0.0	0.0	0.0	0.0	0.0	0.0	0.0	0.0	0.0	0.0	0.0	0.0	0.0	0.0
	3p	+	89	52.0	39.0	41.0	63.0	195.0	0.0	3.0	0.0	1.0	0.0	0.0	0.0	0.0	0.0	0.0	0.0	0.0	0.0	0.0	0.0	0.0	0.0	0.0	0.0	0.0	0.0
	3p	+	90	41.0	22.0	20.0	38.0	121.0	1.0	3.0	0.0	1.0	0.0	0.0	0.0	0.0	0.0	0.0	0.0	0.0	0.0	0.0	0.0	0.0	0.0	0.0	0.0	0.0	0.0
	3p	+	91	19.0	10.0	6.0	13.0	48.0	0.0	0.0	0.0	0.0	0.0	0.0	0.0	0.0	0.0	0.0	0.0	0.0	0.0	0.0	0.0	0.0	0.0	0.0	0.0	0.0	0.0
	3p	+	92	0.0	0.0	0.0	0.0	0.0	0.0	0.0	0.0	0.0	0.0	0.0	0.0	0.0	0.0	0.0	0.0	0.0	0.0	0.0	0.0	0.0	0.0	0.0	0.0	0.0	0.0
	3p	+	93	0.0	0.0	0.0	0.0	0.0	0.0	0.0	0.0	0.0	0.0	0.0	0.0	0.0	0.0	0.0	0.0	0.0	0.0	0.0	0.0	0.0	0.0	0.0	0.0	0.0	0.0
	3p	+	94	0.0	0.0	0.0	0.0	0.0	0.0	0.0	0.0	0.0	0.0	0.0	0.0	0.0	0.0	0.0	0.0	0.0	0.0	0.0	0.0	0.0	0.0	0.0	0.0	0.0	0.0
	3p	+	95	0.0	0.0	0.0	0.0	0.0	0.0	0.0	0.0	0.0	0.0	0.0	0.0	0.0	0.0	0.0	0.0	0.0	0.0	0.0	0.0	0.0	0.0	0.0	0.0	0.0	0.0
	3p	+	96	0.0	0.0	0.0	0.0	0.0	0.0	0.0	0.0	0.0	0.0	0.0	0.0	0.0	0.0	0.0	0.0	0.0	0.0	0.0	0.0	0.0	0.0	0.0	0.0	0.0	0.0
	3p	+	97	0.0	0.0	0.0	0.0	0.0	0.0	0.0	0.0	0.0	0.0	0.0	0.0	0.0	0.0	0.0	0.0	0.0	0.0	0.0	0.0	0.0	0.0	0.0	0.0	0.0	0.0
	3p	+	98	0.0	0.0	0.0	0.0	0.0	0.0	0.0	0.0	0.0	0.0	0.0	0.0	0.0	0.0	0.0	0.0	0.0	0.0	0.0	0.0	0.0	0.0	0.0	0.0	0.0	0.0
	3p	+	99	0.0	0.0	0.0	0.0	0.0	0.0	0.0	0.0	0.0	0.0	0.0	0.0	0.0	0.0	0.0	0.0	0.0	0.0	0.0	0.0	0.0	0.0	0.0	0.0	0.0	0.0
	3p	+	100	0.0	0.0	0.0	0.0	0.0	0.0	0.0	0.0	0.0	0.0	0.0	0.0	0.0	0.0	0.0	0.0	0.0	0.0	0.0	0.0	0.0	0.0	0.0	0.0	0.0	0.0
	3p	-	1	7777.0	2747.0	1993.0	5672.0	18189.0	19.0	784.0	5.0	12.0	5.0	11.0	4.0	10.0	2.0	9.0	6.0	17.00.0	0.0	0.0	0.0	0.0	0.0	0.0	0.0	0.0
	3p	-	2	6867.0	3922.0	2524.0	4879.0	18192.0	19.0	345.0	14.0	12.0	12.0	14.0	4.0	6.0	6.0	8.0	4.0	6.00.0	0.0	0.0	0.0	0.0	0.0	0.0	0.0	0.0
	3p	-	3	6432.0	3462.0	2928.0	5382.0	18204.0	28.0	32.0	15.0	15.0	4.0	19.0	4.0	15.0	8.0	7.0	3.0	24.00.0	0.0	0.0	0.0	2.0	0.0	0.0	0.0	0.0
	3p	-	4	6398.0	3597.0	2924.0	5288.0	18207.0	12.0	16.0	13.0	9.0	11.0	10.0	3.0	5.0	6.0	4.0	4.0	11.00.0	0.0	0.0	0.0	2.0	0.0	0.0	0.0	0.0
	3p	-	5	6422.0	3317.0	3171.0	5296.0	18206.0	11.0	14.0	10.0	18.0	9.0	9.0	4.0	6.0	1.0	9.0	3.0	16.00.0	0.0	0.0	0.0	4.0	0.0	2.0	0.0	0.0
	3p	-	6	6505.0	3335.0	3201.0	5164.0	18205.0	15.0	16.0	5.0	10.0	10.0	7.0	3.0	6.0	2.0	11.0	5.0	12.00.0	0.0	0.0	0.0	1.0	0.0	4.0	0.0	0.0
	3p	-	7	6112.0	3412.0	3211.0	5468.0	18203.0	9.0	20.0	15.0	10.0	2.0	8.0	1.0	5.0	5.0	3.0	4.0	4.00.0	0.0	0.0	0.0	9.0	0.0	2.0	5.0	0.0
	3p	-	8	6104.0	3209.0	3335.0	5551.0	18199.0	12.0	11.0	6.0	9.0	3.0	3.0	5.0	4.0	5.0	3.0	1.0	15.00.0	0.0	0.0	0.0	8.0	0.0	3.0	6.0	0.0
	3p	-	9	5867.0	3364.0	3419.0	5560.0	18210.0	12.0	11.0	10.0	13.0	5.0	10.0	3.0	4.0	4.0	3.0	3.0	13.00.0	0.0	0.0	0.0	3.0	0.0	3.0	5.0	0.0
	3p	-	10	5874.0	3439.0	3242.0	5644.0	18199.0	12.0	16.0	11.0	13.0	6.0	5.0	0.0	5.0	8.0	4.0	5.0	17.00.0	0.0	0.0	0.0	4.0	0.0	6.0	5.0	0.0
	3p	-	11	5737.0	3502.0	3316.0	5652.0	18207.0	14.0	16.0	10.0	10.0	9.0	8.0	6.0	3.0	2.0	4.0	2.0	18.00.0	0.0	0.0	0.0	7.0	0.0	1.0	4.0	0.0
	3p	-	12	5802.0	3469.0	3236.0	5697.0	18204.0	10.0	19.0	13.0	11.0	5.0	8.0	9.0	6.0	3.0	5.0	4.0	7.00.0	0.0	0.0	0.0	5.0	0.0	6.0	3.0	0.0
	3p	-	13	5900.0	3431.0	3278.0	5592.0	18201.0	5.0	15.0	6.0	13.0	4.0	6.0	6.0	6.0	2.0	6.0	3.0	7.00.0	0.0	0.0	0.0	4.0	0.0	4.0	10.0	0.0
	3p	-	14	5833.0	3427.0	3376.0	5570.0	18206.0	9.0	13.0	18.0	13.0	10.0	3.0	4.0	6.0	1.0	6.0	3.0	19.00.0	0.0	0.0	0.0	5.0	0.0	4.0	5.0	0.0
	3p	-	15	5799.0	3437.0	3342.0	5633.0	18211.0	13.0	13.0	10.0	11.0	7.0	7.0	4.0	7.0	6.0	3.0	2.0	18.00.0	0.0	0.0	0.0	5.0	0.0	1.0	1.0	0.0
	3p	-	16	5720.0	3437.0	3300.0	5753.0	18210.0	10.0	15.0	13.0	15.0	5.0	6.0	4.0	8.0	7.0	5.0	1.0	11.00.0	0.0	0.0	0.0	5.0	0.0	2.0	5.0	0.0
	3p	-	17	5635.0	3571.0	3311.0	5685.0	18202.0	10.0	18.0	12.0	14.0	6.0	6.0	7.0	7.0	4.0	9.0	5.0	12.00.0	0.0	0.0	0.0	11.0	0.0	1.0	2.0	0.0
	3p	-	18	5685.0	3534.0	3321.0	5663.0	18203.0	8.0	14.0	11.0	9.0	5.0	3.0	0.0	5.0	5.0	1.0	7.0	9.00.0	0.0	0.0	0.0	3.0	0.0	3.0	3.0	0.0
	3p	-	19	5661.0	3584.0	3335.0	5626.0	18206.0	12.0	18.0	8.0	13.0	5.0	8.0	2.0	6.0	6.0	3.0	4.0	7.00.0	0.0	0.0	0.0	5.0	0.0	0.0	5.0	0.0
	3p	-	20	5704.0	3576.0	3320.0	5600.0	18200.0	13.0	19.0	9.0	12.0	4.0	3.0	0.0	1.0	3.0	6.0	6.0	14.00.0	0.0	0.0	0.0	5.0	0.0	9.0	3.0	0.0
	3p	-	21	5727.0	3483.0	3300.0	5694.0	18204.0	11.0	16.0	11.0	7.0	3.0	5.0	1.0	3.0	3.0	2.0	3.0	10.00.0	0.0	0.0	0.0	1.0	0.0	6.0	5.0	0.0
	3p	-	22	5789.0	3505.0	3248.0	5663.0	18205.0	10.0	19.0	9.0	10.0	2.0	6.0	2.0	4.0	4.0	6.0	7.0	11.00.0	0.0	0.0	0.0	5.0	0.0	4.0	5.0	0.0
	3p	-	23	5711.0	3486.0	3272.0	5739.0	18208.0	5.0	17.0	13.0	11.0	7.0	7.0	5.0	5.0	6.0	1.0	2.0	10.00.0	0.0	0.0	0.0	4.0	0.0	3.0	4.0	0.0
	3p	-	24	5757.0	3524.0	3330.0	5595.0	18206.0	13.0	14.0	12.0	10.0	8.0	9.0	3.0	6.0	5.0	6.0	4.0	8.00.0	0.0	0.0	0.0	5.0	0.0	4.0	4.0	0.0
	3p	-	25	5867.0	3460.0	3346.0	5531.0	18204.0	15.0	17.0	15.0	13.0	1.0	2.0	1.0	0.0	4.0	0.0	1.0	8.00.0	0.0	0.0	0.0	3.0	0.0	3.0	7.0	0.0
	3p	-	26	5712.0	3420.0	3448.0	5626.0	18206.0	6.0	12.0	15.0	9.0	1.0	4.0	3.0	3.0	4.0	4.0	1.0	15.00.0	0.0	0.0	0.0	5.0	0.0	2.0	1.0	0.0
	3p	-	27	5715.0	3538.0	3340.0	5610.0	18203.0	10.0	18.0	16.0	15.0	7.0	5.0	0.0	6.0	5.0	9.0	5.0	10.00.0	0.0	0.0	0.0	6.0	0.0	3.0	5.0	0.0
	3p	-	28	5789.0	3538.0	3385.0	5504.0	18216.0	10.0	12.0	12.0	12.0	2.0	6.0	4.0	2.0	8.0	2.0	5.0	15.00.0	0.0	0.0	0.0	0.0	0.0	1.0	1.0	0.0
	3p	-	29	5817.0	3418.0	3384.0	5598.0	18217.0	13.0	15.0	8.0	10.0	2.0	7.0	3.0	5.0	3.0	7.0	3.0	10.00.0	0.0	0.0	0.0	1.0	0.0	0.0	1.0	0.0
	3p	-	30	5709.0	3572.0	3386.0	5549.0	18216.0	10.0	25.0	11.0	7.0	6.0	8.0	4.0	7.0	2.0	2.0	2.0	6.00.0	0.0	0.0	0.0	0.0	0.0	1.0	0.0	0.0
	3p	-	31	5498.0	3383.0	3307.0	5501.0	17689.0	6.0	27.0	8.0	12.0	2.0	2.0	3.0	5.0	6.0	2.0	2.0	7.00.0	0.0	0.0	0.0	2.0	0.0	0.0	0.0	0.0
	3p	-	32	5333.0	3379.0	3146.0	5356.0	17214.0	8.0	30.0	10.0	9.0	3.0	2.0	3.0	4.0	4.0	7.0	4.0	13.00.0	0.0	0.0	0.0	2.0	0.0	1.0	0.0	0.0
	3p	-	33	5312.0	3189.0	3077.0	5211.0	16789.0	10.0	18.0	7.0	10.0	4.0	4.0	1.0	2.0	3.0	1.0	1.0	13.00.0	0.0	0.0	0.0	2.0	0.0	0.0	0.0	0.0
	3p	-	34	5104.0	3082.0	3027.0	5131.0	16344.0	6.0	29.0	10.0	11.0	4.0	6.0	3.0	1.0	3.0	2.0	1.0	13.00.0	0.0	0.0	0.0	3.0	0.0	1.0	1.0	0.0
	3p	-	35	4928.0	2979.0	2941.0	5031.0	15879.0	6.0	22.0	10.0	11.0	2.0	4.0	1.0	1.0	5.0	6.0	2.0	15.00.0	0.0	0.0	0.0	2.0	0.0	1.0	2.0	0.0
	3p	-	36	4931.0	2923.0	2839.0	4757.0	15450.0	5.0	24.0	15.0	7.0	2.0	0.0	2.0	5.0	1.0	3.0	1.0	5.00.0	0.0	0.0	0.0	1.0	0.0	0.0	1.0	0.0
	3p	-	37	4762.0	2874.0	2690.0	4627.0	14953.0	8.0	25.0	5.0	8.0	3.0	5.0	1.0	5.0	3.0	5.0	2.0	2.00.0	0.0	0.0	0.0	3.0	0.0	0.0	1.0	0.0
	3p	-	38	4463.0	2841.0	2672.0	4469.0	14445.0	11.0	24.0	14.0	10.0	1.0	7.0	1.0	5.0	6.0	2.0	3.0	11.00.0	0.0	0.0	0.0	0.0	0.0	2.0	0.0	0.0
	3p	-	39	4327.0	2700.0	2612.0	4342.0	13981.0	7.0	20.0	8.0	14.0	1.0	3.0	5.0	3.0	1.0	0.0	3.0	10.00.0	0.0	0.0	0.0	2.0	0.0	0.0	0.0	0.0
	3p	-	40	4243.0	2502.0	2435.0	4238.0	13418.0	8.0	29.0	8.0	6.0	1.0	1.0	1.0	2.0	1.0	4.0	3.0	5.00.0	0.0	0.0	0.0	0.0	0.0	0.0	1.0	0.0
	3p	-	41	3899.0	2481.0	2423.0	4109.0	12912.0	5.0	21.0	8.0	17.0	2.0	2.0	1.0	1.0	1.0	2.0	5.0	4.00.0	0.0	0.0	0.0	0.0	0.0	0.0	0.0	0.0
	3p	-	42	3867.0	2363.0	2331.0	3813.0	12374.0	8.0	28.0	9.0	8.0	0.0	4.0	5.0	4.0	2.0	3.0	3.0	7.00.0	0.0	0.0	0.0	1.0	0.0	0.0	0.0	0.0
	3p	-	43	3764.0	2135.0	2211.0	3715.0	11825.0	9.0	23.0	8.0	3.0	0.0	1.0	0.0	4.0	1.0	1.0	4.0	9.00.0	0.0	0.0	0.0	0.0	0.0	0.0	0.0	0.0
	3p	-	44	3567.0	2076.0	2056.0	3579.0	11278.0	6.0	34.0	9.0	6.0	3.0	0.0	2.0	5.0	0.0	5.0	4.0	3.00.0	0.0	0.0	0.0	0.0	0.0	1.0	0.0	0.0
	3p	-	45	3374.0	2019.0	1943.0	3433.0	10769.0	9.0	19.0	6.0	3.0	1.0	1.0	3.0	1.0	3.0	2.0	4.0	10.00.0	0.0	0.0	0.0	0.0	0.0	0.0	0.0	0.0
	3p	-	46	3235.0	1920.0	1987.0	3147.0	10289.0	6.0	25.0	5.0	5.0	2.0	4.0	3.0	1.0	3.0	1.0	3.0	4.00.0	0.0	0.0	0.0	0.0	0.0	0.0	0.0	0.0
	3p	-	47	3129.0	1873.0	1826.0	2991.0	9819.0	2.0	25.0	6.0	2.0	0.0	4.0	0.0	4.0	4.0	3.0	1.0	6.00.0	0.0	0.0	0.0	1.0	0.0	0.0	0.0	0.0
	3p	-	48	2992.0	1782.0	1731.0	2871.0	9376.0	5.0	26.0	3.0	4.0	1.0	3.0	3.0	2.0	0.0	1.0	0.0	5.00.0	0.0	0.0	0.0	0.0	0.0	0.0	1.0	0.0
	3p	-	49	2785.0	1724.0	1651.0	2765.0	8925.0	7.0	25.0	5.0	10.0	4.0	2.0	2.0	2.0	4.0	3.0	0.0	10.00.0	0.0	0.0	0.0	0.0	0.0	0.0	0.0	0.0
	3p	-	50	2724.0	1549.0	1559.0	2647.0	8479.0	4.0	17.0	8.0	4.0	1.0	3.0	3.0	0.0	4.0	2.0	0.0	3.00.0	0.0	0.0	0.0	0.0	0.0	0.0	0.0	0.0
	3p	-	51	2467.0	1564.0	1516.0	2521.0	8068.0	7.0	23.0	10.0	4.0	3.0	4.0	1.0	0.0	2.0	1.0	1.0	2.00.0	0.0	0.0	0.0	0.0	0.0	0.0	0.0	0.0
	3p	-	52	2335.0	1394.0	1402.0	2488.0	7619.0	6.0	11.0	5.0	3.0	1.0	3.0	1.0	3.0	2.0	4.0	1.0	4.00.0	0.0	0.0	0.0	0.0	0.0	0.0	0.0	0.0
	3p	-	53	2226.0	1315.0	1362.0	2299.0	7202.0	6.0	10.0	6.0	4.0	2.0	2.0	2.0	2.0	1.0	1.0	1.0	2.00.0	0.0	0.0	0.0	0.0	0.0	0.0	0.0	0.0
	3p	-	54	2129.0	1255.0	1263.0	2183.0	6830.0	1.0	19.0	9.0	3.0	2.0	2.0	0.0	8.0	3.0	4.0	3.0	4.00.0	0.0	0.0	0.0	1.0	0.0	0.0	0.0	0.0
	3p	-	55	1945.0	1227.0	1157.0	2112.0	6441.0	4.0	14.0	1.0	1.0	0.0	0.0	0.0	0.0	0.0	3.0	0.0	2.00.0	0.0	0.0	0.0	0.0	0.0	0.0	0.0	0.0
	3p	-	56	1865.0	1201.0	1150.0	1871.0	6087.0	4.0	13.0	7.0	5.0	2.0	1.0	2.0	5.0	2.0	2.0	0.0	4.00.0	0.0	0.0	0.0	0.0	0.0	0.0	0.0	0.0
	3p	-	57	1847.0	1077.0	1038.0	1806.0	5768.0	4.0	15.0	2.0	7.0	4.0	0.0	1.0	2.0	4.0	0.0	1.0	2.00.0	0.0	0.0	0.0	0.0	0.0	0.0	0.0	0.0
	3p	-	58	1659.0	1065.0	963.0	1776.0	5463.0	2.0	13.0	5.0	0.0	3.0	1.0	2.0	2.0	1.0	3.0	3.0	2.00.0	0.0	0.0	0.0	0.0	0.0	0.0	0.0	0.0
	3p	-	59	1573.0	1014.0	957.0	1651.0	5195.0	3.0	10.0	1.0	5.0	2.0	0.0	1.0	3.0	3.0	4.0	1.0	2.00.0	0.0	0.0	0.0	0.0	0.0	0.0	0.0	0.0
	3p	-	60	1497.0	954.0	862.0	1594.0	4907.0	3.0	17.0	4.0	3.0	0.0	1.0	1.0	1.0	0.0	3.0	0.0	1.00.0	0.0	0.0	0.0	0.0	0.0	0.0	0.0	0.0
	3p	-	61	1417.0	876.0	841.0	1493.0	4627.0	4.0	12.0	4.0	3.0	2.0	0.0	0.0	1.0	1.0	2.0	1.0	2.00.0	0.0	0.0	0.0	0.0	0.0	0.0	0.0	0.0
	3p	-	62	1285.0	815.0	830.0	1424.0	4354.0	1.0	15.0	5.0	1.0	0.0	2.0	2.0	2.0	1.0	3.0	0.0	7.00.0	0.0	0.0	0.0	0.0	0.0	0.0	0.0	0.0
	3p	-	63	1267.0	793.0	742.0	1274.0	4076.0	3.0	9.0	3.0	1.0	0.0	1.0	0.0	0.0	1.0	0.0	0.0	1.00.0	0.0	0.0	0.0	0.0	0.0	0.0	0.0	0.0
	3p	-	64	1171.0	747.0	700.0	1233.0	3851.0	4.0	13.0	4.0	2.0	0.0	0.0	1.0	2.0	0.0	1.0	1.0	2.00.0	0.0	0.0	0.0	0.0	0.0	1.0	0.0	0.0
	3p	-	65	1088.0	715.0	665.0	1124.0	3592.0	3.0	9.0	2.0	3.0	0.0	0.0	1.0	0.0	0.0	2.0	1.0	1.00.0	0.0	0.0	0.0	0.0	0.0	0.0	0.0	0.0
	3p	-	66	1065.0	652.0	612.0	1048.0	3377.0	2.0	8.0	4.0	1.0	1.0	1.0	1.0	1.0	1.0	4.0	0.0	1.00.0	0.0	0.0	0.0	0.0	0.0	0.0	0.0	0.0
	3p	-	67	969.0	596.0	581.0	1007.0	3153.0	1.0	13.0	2.0	3.0	0.0	0.0	0.0	1.0	2.0	1.0	0.0	3.00.0	0.0	0.0	0.0	0.0	0.0	0.0	0.0	0.0
	3p	-	68	897.0	553.0	500.0	1009.0	2959.0	2.0	5.0	2.0	5.0	1.0	1.0	0.0	2.0	2.0	3.0	0.0	0.00.0	0.0	0.0	0.0	0.0	0.0	0.0	0.0	0.0
	3p	-	69	831.0	541.0	520.0	881.0	2773.0	3.0	6.0	2.0	1.0	1.0	0.0	1.0	1.0	0.0	1.0	0.0	2.00.0	0.0	0.0	0.0	0.0	0.0	0.0	0.0	0.0
	3p	-	70	824.0	435.0	488.0	840.0	2587.0	0.0	10.0	1.0	2.0	1.0	0.0	1.0	1.0	1.0	1.0	0.0	2.00.0	0.0	0.0	0.0	0.0	0.0	0.0	0.0	0.0
	3p	-	71	757.0	476.0	428.0	759.0	2420.0	0.0	10.0	2.0	1.0	1.0	0.0	1.0	1.0	1.0	0.0	0.0	0.00.0	0.0	0.0	0.0	0.0	0.0	0.0	0.0	0.0
	3p	-	72	701.0	391.0	418.0	675.0	2185.0	1.0	5.0	2.0	2.0	0.0	0.0	2.0	0.0	0.0	1.0	0.0	2.00.0	0.0	0.0	0.0	0.0	0.0	0.0	0.0	0.0
	3p	-	73	585.0	369.0	385.0	678.0	2017.0	2.0	4.0	0.0	0.0	0.0	0.0	0.0	1.0	1.0	0.0	1.0	1.00.0	0.0	0.0	0.0	1.0	0.0	0.0	0.0	0.0
	3p	-	74	534.0	383.0	324.0	632.0	1873.0	4.0	8.0	1.0	1.0	0.0	0.0	3.0	0.0	0.0	0.0	0.0	2.00.0	0.0	0.0	0.0	0.0	0.0	0.0	0.0	0.0
	3p	-	75	502.0	334.0	319.0	571.0	1726.0	3.0	6.0	1.0	0.0	0.0	0.0	0.0	0.0	3.0	0.0	0.0	1.00.0	0.0	0.0	0.0	0.0	0.0	0.0	0.0	0.0
	3p	-	76	491.0	300.0	283.0	522.0	1596.0	1.0	6.0	2.0	0.0	0.0	0.0	0.0	1.0	0.0	0.0	1.0	2.00.0	0.0	0.0	0.0	0.0	0.0	0.0	1.0	0.0
	3p	-	77	442.0	289.0	234.0	504.0	1469.0	1.0	3.0	2.0	0.0	0.0	1.0	0.0	0.0	1.0	1.0	0.0	0.00.0	0.0	0.0	0.0	0.0	0.0	0.0	0.0	0.0
	3p	-	78	381.0	266.0	232.0	453.0	1332.0	1.0	6.0	0.0	0.0	0.0	1.0	0.0	1.0	1.0	1.0	0.0	3.00.0	0.0	0.0	0.0	0.0	0.0	0.0	0.0	0.0
	3p	-	79	371.0	238.0	197.0	406.0	1212.0	2.0	2.0	1.0	0.0	0.0	0.0	1.0	0.0	0.0	1.0	0.0	0.00.0	0.0	0.0	0.0	0.0	0.0	0.0	0.0	0.0
	3p	-	80	297.0	202.0	210.0	374.0	1083.0	2.0	5.0	0.0	1.0	1.0	0.0	0.0	1.0	0.0	1.0	0.0	3.00.0	0.0	0.0	0.0	0.0	0.0	0.0	0.0	0.0
	3p	-	81	276.0	169.0	171.0	344.0	960.0	0.0	2.0	0.0	2.0	1.0	0.0	1.0	0.0	0.0	2.0	0.0	3.00.0	0.0	0.0	0.0	0.0	0.0	0.0	0.0	0.0
	3p	-	82	278.0	149.0	147.0	279.0	853.0	0.0	3.0	2.0	0.0	1.0	0.0	0.0	1.0	1.0	0.0	0.0	0.00.0	0.0	0.0	0.0	0.0	0.0	0.0	0.0	0.0
	3p	-	83	211.0	145.0	142.0	259.0	757.0	0.0	7.0	0.0	1.0	0.0	0.0	0.0	0.0	1.0	1.0	0.0	0.00.0	0.0	0.0	0.0	0.0	0.0	0.0	0.0	0.0
	3p	-	84	195.0	116.0	119.0	217.0	647.0	0.0	1.0	1.0	0.0	0.0	0.0	0.0	1.0	1.0	0.0	0.0	1.00.0	0.0	0.0	0.0	0.0	0.0	0.0	0.0	0.0
	3p	-	85	159.0	100.0	100.0	178.0	537.0	0.0	3.0	1.0	2.0	0.0	0.0	0.0	0.0	0.0	0.0	0.0	0.00.0	0.0	0.0	0.0	0.0	0.0	0.0	0.0	0.0
	3p	-	86	139.0	77.0	92.0	145.0	453.0	1.0	1.0	0.0	0.0	0.0	0.0	0.0	0.0	0.0	3.0	0.0	0.00.0	0.0	0.0	0.0	0.0	0.0	0.0	0.0	0.0
	3p	-	87	104.0	82.0	58.0	133.0	377.0	0.0	2.0	0.0	1.0	0.0	0.0	0.0	0.0	0.0	0.0	0.0	0.00.0	0.0	0.0	0.0	0.0	0.0	0.0	0.0	0.0
	3p	-	88	98.0	51.0	43.0	92.0	284.0	0.0	0.0	0.0	0.0	0.0	0.0	0.0	0.0	0.0	0.0	0.0	0.00.0	0.0	0.0	0.0	0.0	0.0	0.0	0.0	0.0
	3p	-	89	58.0	41.0	35.0	71.0	205.0	0.0	1.0	0.0	0.0	0.0	0.0	0.0	1.0	1.0	0.0	0.0	0.00.0	0.0	0.0	0.0	0.0	0.0	0.0	0.0	0.0
	3p	-	90	36.0	30.0	20.0	46.0	132.0	0.0	1.0	0.0	0.0	1.0	0.0	0.0	0.0	0.0	0.0	0.0	0.00.0	0.0	0.0	0.0	0.0	0.0	0.0	0.0	0.0
	3p	-	91	25.0	10.0	12.0	16.0	63.0	0.0	3.0	0.0	0.0	0.0	0.0	0.0	0.0	0.0	0.0	0.0	0.00.0	0.0	0.0	0.0	0.0	0.0	0.0	0.0	0.0
	3p	-	92	0.0	0.0	0.0	0.0	0.0	0.0	0.0	0.0	0.0	0.0	0.0	0.0	0.0	0.0	0.0	0.0	0.00.0	0.0	0.0	0.0	0.0	0.0	0.0	0.0	0.0
	3p	-	93	0.0	0.0	0.0	0.0	0.0	0.0	0.0	0.0	0.0	0.0	0.0	0.0	0.0	0.0	0.0	0.0	0.00.0	0.0	0.0	0.0	0.0	0.0	0.0	0.0	0.0
	3p	-	94	0.0	0.0	0.0	0.0	0.0	0.0	0.0	0.0	0.0	0.0	0.0	0.0	0.0	0.0	0.0	0.0	0.00.0	0.0	0.0	0.0	0.0	0.0	0.0	0.0	0.0
	3p	-	95	0.0	0.0	0.0	0.0	0.0	0.0	0.0	0.0	0.0	0.0	0.0	0.0	0.0	0.0	0.0	0.0	0.00.0	0.0	0.0	0.0	0.0	0.0	0.0	0.0	0.0
	3p	-	96	0.0	0.0	0.0	0.0	0.0	0.0	0.0	0.0	0.0	0.0	0.0	0.0	0.0	0.0	0.0	0.0	0.00.0	0.0	0.0	0.0	0.0	0.0	0.0	0.0	0.0
	3p	-	97	0.0	0.0	0.0	0.0	0.0	0.0	0.0	0.0	0.0	0.0	0.0	0.0	0.0	0.0	0.0	0.0	0.00.0	0.0	0.0	0.0	0.0	0.0	0.0	0.0	0.0
	3p	-	98	0.0	0.0	0.0	0.0	0.0	0.0	0.0	0.0	0.0	0.0	0.0	0.0	0.0	0.0	0.0	0.0	0.00.0	0.0	0.0	0.0	0.0	0.0	0.0	0.0	0.0
	3p	-	99	0.0	0.0	0.0	0.0	0.0	0.0	0.0	0.0	0.0	0.0	0.0	0.0	0.0	0.0	0.0	0.0	0.00.0	0.0	0.0	0.0	0.0	0.0	0.0	0.0	0.0
	3p	-	100	0.0	0.0	0.0	0.0	0.0	0.0	0.0	0.0	0.0	0.0	0.0	0.0	0.0	0.0	0.0	0.0	0.00.0	0.0	0.0	0.0	0.0	0.0	0.0	0.0	0.0
	5p	+	1	5828.0	4098.0	3070.0	5865.0	18861.0	14.0	501.0	19.0	11.0	7.0	14.0	3.0	9.0	4.0	11.0	7.0	13.00.0	0.0	0.0	0.0	0.0	0.0	0.0	0.0	0.0
	5p	+	2	5687.0	3303.0	3720.0	6157.0	18867.0	11.0	57.0	10.0	14.0	4.0	10.0	1.0	7.0	4.0	8.0	7.0	18.00.0	0.0	0.0	0.0	0.0	0.0	0.0	0.0	0.0
	5p	+	3	5859.0	3749.0	3655.0	5609.0	18872.0	9.0	23.0	26.0	10.0	7.0	5.0	1.0	8.0	4.0	5.0	3.0	13.00.0	0.0	0.0	0.0	0.0	0.0	1.0	0.0	0.0
	5p	+	4	5960.0	3801.0	3744.0	5365.0	18870.0	14.0	20.0	12.0	12.0	4.0	4.0	1.0	6.0	5.0	2.0	4.0	12.00.0	0.0	0.0	0.0	4.0	0.0	0.0	1.0	0.0
	5p	+	5	5911.0	3742.0	3679.0	5538.0	18870.0	9.0	25.0	15.0	18.0	4.0	4.0	3.0	5.0	10.0	8.0	3.0	9.00.0	0.0	0.0	0.0	3.0	0.0	5.0	3.0	0.0
	5p	+	6	5667.0	3778.0	3753.0	5677.0	18875.0	13.0	22.0	12.0	14.0	5.0	2.0	4.0	6.0	6.0	4.0	1.0	11.00.0	0.0	0.0	0.0	0.0	0.0	0.0	7.0	0.0
	5p	+	7	6059.0	3650.0	3663.0	5504.0	18876.0	10.0	23.0	13.0	9.0	5.0	5.0	4.0	8.0	1.0	8.0	0.0	14.00.0	0.0	0.0	0.0	2.0	0.0	5.0	3.0	0.0
	5p	+	8	6193.0	3544.0	3422.0	5717.0	18876.0	11.0	17.0	11.0	6.0	9.0	4.0	5.0	8.0	3.0	5.0	5.0	17.00.0	0.0	0.0	0.0	6.0	0.0	2.0	5.0	0.0
	5p	+	9	6184.0	3607.0	3350.0	5736.0	18877.0	7.0	17.0	9.0	11.0	3.0	5.0	4.0	7.0	3.0	4.0	1.0	9.00.0	0.0	0.0	0.0	7.0	0.0	3.0	4.0	0.0
	5p	+	10	6127.0	3568.0	3450.0	5732.0	18877.0	8.0	18.0	13.0	12.0	2.0	5.0	0.0	8.0	6.0	4.0	5.0	7.00.0	0.0	0.0	0.0	5.0	0.0	4.0	3.0	0.0
	5p	+	11	6012.0	3631.0	3458.0	5776.0	18877.0	16.0	16.0	13.0	10.0	5.0	6.0	5.0	4.0	10.0	6.0	1.0	10.00.0	0.0	0.0	0.0	4.0	0.0	1.0	2.0	0.0
	5p	+	12	6034.0	3668.0	3534.0	5645.0	18881.0	9.0	9.0	17.0	13.0	1.0	6.0	1.0	6.0	5.0	4.0	4.0	18.00.0	0.0	0.0	0.0	3.0	0.0	4.0	3.0	0.0
	5p	+	13	6163.0	3605.0	3462.0	5648.0	18878.0	8.0	16.0	14.0	11.0	7.0	2.0	6.0	10.0	2.0	5.0	2.0	11.00.0	0.0	0.0	0.0	5.0	0.0	3.0	2.0	0.0
	5p	+	14	6008.0	3719.0	3467.0	5687.0	18881.0	14.0	11.0	13.0	5.0	6.0	2.0	1.0	6.0	4.0	5.0	7.0	15.00.0	0.0	0.0	0.0	2.0	0.0	3.0	4.0	0.0
	5p	+	15	5943.0	3684.0	3442.0	5806.0	18875.0	9.0	18.0	17.0	14.0	5.0	4.0	5.0	5.0	2.0	1.0	5.0	11.00.0	0.0	0.0	0.0	7.0	0.0	4.0	3.0	0.0
	5p	+	16	5986.0	3700.0	3483.0	5703.0	18872.0	7.0	17.0	7.0	17.0	6.0	3.0	4.0	4.0	1.0	7.0	2.0	9.00.0	0.0	0.0	0.0	7.0	0.0	2.0	5.0	0.0
	5p	+	17	6073.0	3570.0	3494.0	5739.0	18876.0	15.0	15.0	14.0	14.0	9.0	5.0	7.0	9.0	4.0	5.0	4.0	10.00.0	0.0	0.0	0.0	8.0	0.0	2.0	2.0	0.0
	5p	+	18	6037.0	3617.0	3474.0	5747.0	18875.0	14.0	14.0	14.0	8.0	4.0	3.0	3.0	9.0	6.0	2.0	2.0	8.00.0	0.0	0.0	0.0	8.0	0.0	2.0	3.0	0.0
	5p	+	19	6065.0	3569.0	3468.0	5769.0	18871.0	7.0	13.0	13.0	17.0	2.0	6.0	5.0	5.0	3.0	2.0	2.0	11.00.0	0.0	0.0	0.0	3.0	0.0	6.0	3.0	0.0
	5p	+	20	6034.0	3642.0	3427.0	5779.0	18882.0	14.0	14.0	11.0	12.0	6.0	7.0	2.0	8.0	4.0	4.0	5.0	10.00.0	0.0	0.0	0.0	1.0	0.0	2.0	3.0	0.0
	5p	+	21	6035.0	3740.0	3353.0	5746.0	18874.0	11.0	17.0	13.0	10.0	5.0	7.0	2.0	4.0	5.0	8.0	4.0	13.00.0	0.0	0.0	0.0	6.0	0.0	4.0	3.0	0.0
	5p	+	22	5981.0	3624.0	3405.0	5864.0	18874.0	12.0	16.0	8.0	14.0	1.0	4.0	2.0	5.0	5.0	2.0	1.0	8.00.0	0.0	0.0	0.0	5.0	0.0	5.0	3.0	0.0
	5p	+	23	6073.0	3596.0	3484.0	5727.0	18880.0	19.0	23.0	12.0	8.0	4.0	2.0	3.0	2.0	8.0	8.0	5.0	8.00.0	0.0	0.0	0.0	4.0	0.0	3.0	4.0	0.0
	5p	+	24	6096.0	3646.0	3383.0	5761.0	18886.0	15.0	16.0	14.0	3.0	7.0	6.0	1.0	6.0	10.0	4.0	2.0	13.00.0	0.0	0.0	0.0	0.0	0.0	1.0	3.0	0.0
	5p	+	25	6087.0	3648.0	3377.0	5774.0	18886.0	9.0	10.0	7.0	12.0	2.0	4.0	2.0	1.0	6.0	5.0	2.0	12.00.0	0.0	0.0	0.0	4.0	0.0	2.0	1.0	0.0
	5p	+	26	6155.0	3559.0	3478.0	5699.0	18891.0	9.0	15.0	15.0	9.0	2.0	5.0	6.0	6.0	4.0	8.0	7.0	9.00.0	0.0	0.0	0.0	2.0	0.0	0.0	0.0	0.0
	5p	+	27	6252.0	3585.0	3434.0	5620.0	18891.0	13.0	19.0	10.0	8.0	9.0	1.0	2.0	7.0	3.0	4.0	3.0	7.00.0	0.0	0.0	0.0	2.0	0.0	0.0	0.0	0.0
	5p	+	28	6285.0	3615.0	3424.0	5566.0	18890.0	14.0	18.0	14.0	8.0	2.0	10.0	7.0	8.0	4.0	5.0	4.0	13.00.0	0.0	0.0	0.0	1.0	0.0	0.0	1.0	0.0
	5p	+	29	6261.0	3573.0	3375.0	5679.0	18888.0	14.0	19.0	6.0	2.0	4.0	1.0	3.0	4.0	5.0	5.0	2.0	8.00.0	0.0	0.0	0.0	1.0	0.0	1.0	2.0	0.0
	5p	+	30	6217.0	3550.0	3226.0	5892.0	18885.0	7.0	47.0	5.0	12.0	9.0	5.0	2.0	6.0	3.0	4.0	1.0	12.00.0	0.0	0.0	0.0	1.0	0.0	1.0	1.0	0.0
	5p	+	31	6038.0	3541.0	3168.0	5544.0	18291.0	8.0	45.0	12.0	7.0	2.0	7.0	3.0	7.0	3.0	3.0	4.0	9.00.0	0.0	0.0	0.0	4.0	0.0	1.0	1.0	0.0
	5p	+	32	5957.0	3380.0	3091.0	5366.0	17794.0	11.0	39.0	13.0	5.0	2.0	5.0	1.0	4.0	1.0	4.0	6.0	6.00.0	0.0	0.0	0.0	2.0	0.0	0.0	2.0	0.0
	5p	+	33	5730.0	3348.0	3053.0	5222.0	17353.0	8.0	42.0	5.0	8.0	8.0	2.0	1.0	3.0	4.0	5.0	8.0	19.00.0	0.0	0.0	0.0	0.0	0.0	0.0	0.0	0.0
	5p	+	34	5655.0	3186.0	2963.0	5080.0	16884.0	10.0	50.0	9.0	11.0	4.0	6.0	4.0	5.0	1.0	3.0	3.0	6.00.0	0.0	0.0	0.0	0.0	0.0	0.0	0.0	0.0
	5p	+	35	5554.0	3093.0	2813.0	4969.0	16429.0	14.0	50.0	6.0	11.0	0.0	4.0	1.0	6.0	4.0	2.0	1.0	12.00.0	0.0	0.0	0.0	2.0	0.0	0.0	0.0	0.0
	5p	+	36	5315.0	2963.0	2791.0	4889.0	15958.0	11.0	57.0	9.0	7.0	2.0	3.0	2.0	6.0	2.0	5.0	1.0	7.00.0	0.0	0.0	0.0	2.0	0.0	0.0	0.0	0.0
	5p	+	37	5280.0	2846.0	2775.0	4575.0	15476.0	15.0	42.0	4.0	9.0	3.0	5.0	3.0	2.0	2.0	2.0	2.0	7.00.0	0.0	0.0	0.0	4.0	0.0	1.0	0.0	0.0
	5p	+	38	5180.0	2798.0	2597.0	4432.0	15007.0	13.0	33.0	4.0	8.0	4.0	5.0	1.0	0.0	4.0	4.0	2.0	10.00.0	0.0	0.0	0.0	2.0	0.0	1.0	0.0	0.0
	5p	+	39	5017.0	2687.0	2499.0	4291.0	14494.0	6.0	55.0	4.0	10.0	2.0	4.0	5.0	2.0	1.0	2.0	3.0	12.00.0	0.0	0.0	0.0	1.0	0.0	0.0	1.0	0.0
	5p	+	40	4721.0	2600.0	2391.0	4274.0	13986.0	9.0	62.0	6.0	6.0	2.0	5.0	1.0	4.0	4.0	1.0	4.0	11.00.0	0.0	0.0	0.0	1.0	0.0	0.0	1.0	0.0
	5p	+	41	4467.0	2526.0	2403.0	4000.0	13396.0	8.0	53.0	6.0	8.0	1.0	4.0	2.0	4.0	0.0	3.0	2.0	7.00.0	0.0	0.0	0.0	1.0	0.0	1.0	0.0	0.0
	5p	+	42	4221.0	2443.0	2274.0	3926.0	12864.0	6.0	31.0	5.0	7.0	2.0	5.0	2.0	2.0	1.0	2.0	3.0	9.00.0	0.0	0.0	0.0	1.0	0.0	0.0	0.0	0.0
	5p	+	43	4160.0	2263.0	2166.0	3731.0	12320.0	9.0	39.0	3.0	11.0	2.0	0.0	0.0	6.0	3.0	2.0	0.0	10.00.0	0.0	0.0	0.0	1.0	0.0	0.0	0.0	0.0
	5p	+	44	3999.0	2192.0	2036.0	3569.0	11796.0	9.0	52.0	8.0	11.0	4.0	1.0	3.0	1.0	2.0	0.0	2.0	8.00.0	0.0	0.0	0.0	0.0	0.0	1.0	1.0	0.0
	5p	+	45	3843.0	2161.0	1910.0	3363.0	11277.0	9.0	41.0	5.0	11.0	1.0	3.0	2.0	4.0	4.0	2.0	1.0	4.00.0	0.0	0.0	0.0	1.0	0.0	0.0	0.0	0.0
	5p	+	46	3630.0	2048.0	1821.0	3279.0	10778.0	8.0	35.0	5.0	11.0	4.0	2.0	2.0	6.0	1.0	3.0	3.0	3.00.0	0.0	0.0	0.0	0.0	0.0	0.0	0.0	0.0
	5p	+	47	3503.0	1858.0	1746.0	3191.0	10298.0	6.0	26.0	13.0	6.0	1.0	0.0	1.0	0.0	0.0	5.0	1.0	13.00.0	0.0	0.0	0.0	2.0	0.0	0.0	1.0	0.0
	5p	+	48	3387.0	1816.0	1737.0	2923.0	9863.0	7.0	31.0	3.0	3.0	0.0	3.0	0.0	2.0	2.0	1.0	3.0	4.00.0	0.0	0.0	0.0	2.0	0.0	0.0	0.0	0.0
	5p	+	49	3199.0	1701.0	1631.0	2849.0	9380.0	10.0	34.0	4.0	10.0	0.0	2.0	3.0	3.0	0.0	3.0	2.0	2.00.0	0.0	0.0	0.0	0.0	0.0	0.0	0.0	0.0
	5p	+	50	3026.0	1690.0	1544.0	2643.0	8903.0	5.0	39.0	6.0	6.0	3.0	3.0	3.0	4.0	2.0	1.0	0.0	3.00.0	0.0	0.0	0.0	0.0	0.0	0.0	1.0	0.0
	5p	+	51	2859.0	1573.0	1446.0	2579.0	8457.0	3.0	41.0	6.0	3.0	1.0	1.0	1.0	5.0	1.0	2.0	2.0	5.00.0	0.0	0.0	0.0	1.0	0.0	1.0	0.0	0.0
	5p	+	52	2721.0	1471.0	1343.0	2457.0	7992.0	5.0	30.0	4.0	4.0	2.0	5.0	1.0	4.0	2.0	6.0	2.0	3.00.0	0.0	0.0	0.0	1.0	0.0	1.0	0.0	0.0
	5p	+	53	2529.0	1434.0	1284.0	2297.0	7544.0	5.0	27.0	5.0	2.0	3.0	2.0	1.0	2.0	0.0	0.0	1.0	4.00.0	0.0	0.0	0.0	3.0	0.0	0.0	0.0	0.0
	5p	+	54	2395.0	1370.0	1241.0	2153.0	7159.0	6.0	35.0	3.0	7.0	0.0	7.0	3.0	3.0	3.0	2.0	0.0	4.00.0	0.0	0.0	0.0	0.0	0.0	1.0	1.0	0.0
	5p	+	55	2241.0	1339.0	1137.0	2082.0	6799.0	3.0	28.0	5.0	4.0	1.0	5.0	3.0	1.0	1.0	2.0	1.0	3.00.0	0.0	0.0	0.0	1.0	0.0	0.0	0.0	0.0
	5p	+	56	2184.0	1202.0	1048.0	2014.0	6448.0	3.0	28.0	0.0	5.0	4.0	6.0	0.0	1.0	1.0	2.0	0.0	2.00.0	0.0	0.0	0.0	0.0	0.0	0.0	0.0	0.0
	5p	+	57	2072.0	1102.0	1037.0	1895.0	6106.0	2.0	18.0	1.0	5.0	1.0	3.0	2.0	4.0	2.0	4.0	1.0	4.00.0	0.0	0.0	0.0	0.0	0.0	0.0	0.0	0.0
	5p	+	58	1990.0	1073.0	981.0	1754.0	5798.0	1.0	17.0	3.0	7.0	4.0	4.0	1.0	4.0	4.0	3.0	2.0	6.00.0	0.0	0.0	0.0	0.0	0.0	0.0	0.0	0.0
	5p	+	59	1886.0	1011.0	927.0	1664.0	5488.0	3.0	24.0	2.0	0.0	2.0	5.0	0.0	2.0	1.0	0.0	0.0	5.00.0	0.0	0.0	0.0	0.0	0.0	0.0	0.0	0.0
	5p	+	60	1698.0	955.0	956.0	1525.0	5134.0	3.0	21.0	2.0	7.0	1.0	1.0	0.0	2.0	3.0	1.0	0.0	1.00.0	0.0	0.0	0.0	0.0	0.0	0.0	0.0	0.0
	5p	+	61	1617.0	942.0	818.0	1474.0	4851.0	6.0	25.0	2.0	2.0	2.0	2.0	1.0	0.0	3.0	1.0	2.0	2.00.0	0.0	0.0	0.0	0.0	0.0	0.0	0.0	0.0
	5p	+	62	1545.0	829.0	745.0	1436.0	4555.0	3.0	16.0	1.0	2.0	1.0	3.0	0.0	5.0	1.0	3.0	2.0	3.00.0	0.0	0.0	0.0	0.0	0.0	0.0	0.0	0.0
	5p	+	63	1406.0	829.0	724.0	1311.0	4270.0	3.0	17.0	1.0	3.0	3.0	2.0	3.0	2.0	1.0	1.0	0.0	0.00.0	0.0	0.0	0.0	0.0	0.0	0.0	0.0	0.0
	5p	+	64	1399.0	709.0	675.0	1202.0	3985.0	2.0	14.0	3.0	0.0	1.0	1.0	0.0	0.0	4.0	1.0	1.0	2.00.0	0.0	0.0	0.0	0.0	0.0	0.0	0.0	0.0
	5p	+	65	1234.0	711.0	642.0	1153.0	3740.0	2.0	16.0	0.0	0.0	1.0	2.0	0.0	3.0	1.0	1.0	0.0	1.00.0	0.0	0.0	0.0	0.0	0.0	0.0	0.0	0.0
	5p	+	66	1207.0	660.0	546.0	1089.0	3502.0	1.0	17.0	1.0	4.0	4.0	1.0	2.0	2.0	1.0	2.0	0.0	4.00.0	0.0	0.0	0.0	1.0	0.0	0.0	0.0	0.0
	5p	+	67	1094.0	616.0	537.0	1020.0	3267.0	4.0	21.0	0.0	2.0	2.0	3.0	1.0	0.0	1.0	1.0	0.0	2.00.0	0.0	0.0	0.0	0.0	0.0	0.0	0.0	0.0
	5p	+	68	1036.0	557.0	479.0	972.0	3044.0	2.0	15.0	1.0	2.0	4.0	1.0	1.0	1.0	1.0	2.0	1.0	2.00.0	0.0	0.0	0.0	0.0	0.0	0.0	0.0	0.0
	5p	+	69	978.0	555.0	471.0	831.0	2835.0	4.0	18.0	1.0	1.0	1.0	4.0	0.0	1.0	0.0	0.0	0.0	3.00.0	0.0	0.0	0.0	0.0	0.0	0.0	2.0	0.0
	5p	+	70	891.0	481.0	433.0	804.0	2609.0	3.0	12.0	1.0	1.0	1.0	2.0	0.0	2.0	0.0	0.0	0.0	2.00.0	0.0	0.0	0.0	0.0	0.0	0.0	0.0	0.0
	5p	+	71	855.0	421.0	420.0	731.0	2427.0	1.0	23.0	6.0	1.0	1.0	2.0	0.0	0.0	2.0	0.0	1.0	0.00.0	0.0	0.0	0.0	1.0	0.0	0.0	0.0	0.0
	5p	+	72	776.0	413.0	359.0	678.0	2226.0	3.0	16.0	2.0	2.0	0.0	2.0	0.0	1.0	0.0	0.0	0.0	3.00.0	0.0	0.0	0.0	0.0	0.0	0.0	0.0	0.0
	5p	+	73	677.0	396.0	328.0	639.0	2040.0	2.0	15.0	3.0	1.0	1.0	0.0	1.0	0.0	1.0	1.0	0.0	0.00.0	0.0	0.0	0.0	1.0	0.0	0.0	0.0	0.0
	5p	+	74	616.0	345.0	311.0	558.0	1830.0	4.0	13.0	3.0	0.0	1.0	0.0	0.0	0.0	0.0	0.0	0.0	3.00.0	0.0	0.0	0.0	0.0	0.0	0.0	0.0	0.0
	5p	+	75	554.0	310.0	292.0	528.0	1684.0	3.0	6.0	2.0	2.0	3.0	0.0	2.0	1.0	0.0	1.0	0.0	0.00.0	0.0	0.0	0.0	0.0	0.0	0.0	0.0	0.0
	5p	+	76	523.0	303.0	245.0	482.0	1553.0	2.0	11.0	1.0	1.0	2.0	1.0	1.0	1.0	0.0	0.0	0.0	0.00.0	0.0	0.0	0.0	1.0	0.0	0.0	0.0	0.0
	5p	+	77	481.0	269.0	233.0	432.0	1415.0	2.0	10.0	1.0	1.0	1.0	1.0	1.0	1.0	0.0	0.0	0.0	0.00.0	0.0	0.0	0.0	0.0	0.0	0.0	0.0	0.0
	5p	+	78	471.0	255.0	219.0	349.0	1294.0	3.0	9.0	1.0	2.0	0.0	1.0	0.0	0.0	1.0	0.0	0.0	0.00.0	0.0	0.0	0.0	0.0	0.0	0.0	0.0	0.0
	5p	+	79	397.0	206.0	186.0	368.0	1157.0	1.0	7.0	0.0	0.0	0.0	1.0	0.0	0.0	0.0	0.0	1.0	1.00.0	0.0	0.0	0.0	0.0	0.0	0.0	0.0	0.0
	5p	+	80	340.0	209.0	175.0	310.0	1034.0	0.0	4.0	1.0	0.0	0.0	0.0	1.0	0.0	0.0	0.0	0.0	1.00.0	0.0	0.0	0.0	0.0	0.0	0.0	0.0	0.0
	5p	+	81	355.0	173.0	151.0	258.0	937.0	0.0	10.0	2.0	2.0	1.0	0.0	1.0	0.0	0.0	0.0	0.0	2.00.0	0.0	0.0	0.0	0.0	0.0	0.0	0.0	0.0
	5p	+	82	312.0	141.0	131.0	241.0	825.0	1.0	5.0	0.0	1.0	1.0	1.0	0.0	0.0	0.0	0.0	2.0	1.00.0	0.0	0.0	0.0	0.0	0.0	0.0	0.0	0.0
	5p	+	83	266.0	142.0	100.0	210.0	718.0	0.0	7.0	0.0	0.0	1.0	0.0	0.0	0.0	0.0	0.0	1.0	1.00.0	0.0	0.0	0.0	0.0	0.0	0.0	0.0	0.0
	5p	+	84	249.0	106.0	90.0	181.0	626.0	0.0	6.0	2.0	0.0	0.0	1.0	1.0	0.0	0.0	0.0	0.0	0.00.0	0.0	0.0	0.0	0.0	0.0	0.0	0.0	0.0
	5p	+	85	190.0	96.0	80.0	158.0	524.0	0.0	6.0	0.0	1.0	1.0	0.0	0.0	0.0	0.0	1.0	0.0	1.00.0	0.0	0.0	0.0	0.0	0.0	0.0	0.0	0.0
	5p	+	86	149.0	94.0	50.0	134.0	427.0	0.0	6.0	0.0	0.0	0.0	0.0	0.0	0.0	0.0	1.0	1.0	0.00.0	0.0	0.0	0.0	0.0	0.0	0.0	0.0	0.0
	5p	+	87	126.0	65.0	41.0	120.0	352.0	0.0	5.0	0.0	0.0	1.0	1.0	0.0	0.0	0.0	1.0	0.0	0.00.0	0.0	0.0	0.0	0.0	0.0	0.0	0.0	0.0
	5p	+	88	100.0	51.0	44.0	68.0	263.0	1.0	4.0	0.0	0.0	0.0	0.0	0.0	1.0	1.0	0.0	0.0	0.00.0	0.0	0.0	0.0	0.0	0.0	0.0	0.0	0.0
	5p	+	89	84.0	36.0	21.0	54.0	195.0	1.0	7.0	0.0	0.0	0.0	0.0	0.0	0.0	0.0	0.0	0.0	0.00.0	0.0	0.0	0.0	0.0	0.0	0.0	0.0	0.0
	5p	+	90	50.0	19.0	18.0	34.0	121.0	0.0	7.0	0.0	0.0	0.0	0.0	0.0	0.0	0.0	0.0	0.0	0.00.0	0.0	0.0	0.0	0.0	0.0	0.0	0.0	0.0
	5p	+	91	10.0	11.0	9.0	18.0	48.0	0.0	2.0	0.0	0.0	0.0	0.0	0.0	0.0	0.0	0.0	0.0	0.00.0	0.0	0.0	0.0	0.0	0.0	0.0	0.0	0.0
	5p	+	92	0.0	0.0	0.0	0.0	0.0	0.0	0.0	0.0	0.0	0.0	0.0	0.0	0.0	0.0	0.0	0.0	0.00.0	0.0	0.0	0.0	0.0	0.0	0.0	0.0	0.0
	5p	+	93	0.0	0.0	0.0	0.0	0.0	0.0	0.0	0.0	0.0	0.0	0.0	0.0	0.0	0.0	0.0	0.0	0.00.0	0.0	0.0	0.0	0.0	0.0	0.0	0.0	0.0
	5p	+	94	0.0	0.0	0.0	0.0	0.0	0.0	0.0	0.0	0.0	0.0	0.0	0.0	0.0	0.0	0.0	0.0	0.00.0	0.0	0.0	0.0	0.0	0.0	0.0	0.0	0.0
	5p	+	95	0.0	0.0	0.0	0.0	0.0	0.0	0.0	0.0	0.0	0.0	0.0	0.0	0.0	0.0	0.0	0.0	0.00.0	0.0	0.0	0.0	0.0	0.0	0.0	0.0	0.0
	5p	+	96	0.0	0.0	0.0	0.0	0.0	0.0	0.0	0.0	0.0	0.0	0.0	0.0	0.0	0.0	0.0	0.0	0.00.0	0.0	0.0	0.0	0.0	0.0	0.0	0.0	0.0
	5p	+	97	0.0	0.0	0.0	0.0	0.0	0.0	0.0	0.0	0.0	0.0	0.0	0.0	0.0	0.0	0.0	0.0	0.00.0	0.0	0.0	0.0	0.0	0.0	0.0	0.0	0.0
	5p	+	98	0.0	0.0	0.0	0.0	0.0	0.0	0.0	0.0	0.0	0.0	0.0	0.0	0.0	0.0	0.0	0.0	0.00.0	0.0	0.0	0.0	0.0	0.0	0.0	0.0	0.0
	5p	+	99	0.0	0.0	0.0	0.0	0.0	0.0	0.0	0.0	0.0	0.0	0.0	0.0	0.0	0.0	0.0	0.0	0.00.0	0.0	0.0	0.0	0.0	0.0	0.0	0.0	0.0
	5p	+	100	0.0	0.0	0.0	0.0	0.0	0.0	0.0	0.0	0.0	0.0	0.0	0.0	0.0	0.0	0.0	0.0	0.00.0	0.0	0.0	0.0	0.0	0.0	0.0	0.0	0.0
	5p	-	1	5509.0	3890.0	2933.0	5847.0	18179.0	8.0	488.0	11.0	14.0	7.0	14.0	3.0	9.0	7.0	10.0	8.0	11.00.0	0.0	0.0	0.0	0.0	0.0	0.0	0.0	0.0
	5p	-	2	5462.0	3090.0	3626.0	6011.0	18189.0	13.0	35.0	15.0	9.0	4.0	11.0	3.0	9.0	7.0	9.0	5.0	15.00.0	0.0	0.0	0.0	0.0	0.0	0.0	0.0	0.0
	5p	-	3	5519.0	3572.0	3662.0	5445.0	18198.0	13.0	26.0	15.0	12.0	2.0	4.0	4.0	6.0	9.0	11.0	7.0	8.00.0	0.0	0.0	0.0	0.0	0.0	0.0	0.0	0.0
	5p	-	4	5601.0	3691.0	3599.0	5318.0	18209.0	11.0	22.0	14.0	13.0	3.0	5.0	3.0	5.0	5.0	6.0	4.0	12.00.0	0.0	0.0	0.0	1.0	0.0	0.0	0.0	0.0
	5p	-	5	5416.0	3693.0	3665.0	5428.0	18202.0	12.0	20.0	15.0	14.0	8.0	5.0	9.0	9.0	12.0	5.0	0.0	13.00.0	0.0	0.0	0.0	2.0	0.0	5.0	3.0	0.0
	5p	-	6	5458.0	3643.0	3576.0	5524.0	18201.0	15.0	20.0	10.0	10.0	0.0	5.0	4.0	3.0	3.0	5.0	3.0	10.00.0	0.0	0.0	0.0	1.0	0.0	5.0	7.0	0.0
	5p	-	7	5828.0	3400.0	3542.0	5436.0	18206.0	8.0	20.0	11.0	7.0	7.0	6.0	2.0	7.0	5.0	2.0	3.0	10.00.0	0.0	0.0	0.0	3.0	0.0	2.0	3.0	0.0
	5p	-	8	5997.0	3373.0	3321.0	5511.0	18202.0	13.0	16.0	21.0	13.0	3.0	3.0	3.0	8.0	10.0	4.0	5.0	13.00.0	0.0	0.0	0.0	5.0	0.0	5.0	6.0	0.0
	5p	-	9	5841.0	3307.0	3288.0	5767.0	18203.0	15.0	15.0	11.0	14.0	5.0	4.0	2.0	5.0	2.0	7.0	4.0	17.00.0	0.0	0.0	0.0	8.0	0.0	4.0	4.0	0.0
	5p	-	10	5746.0	3505.0	3318.0	5635.0	18204.0	9.0	15.0	13.0	5.0	6.0	4.0	3.0	5.0	3.0	6.0	3.0	11.00.0	0.0	0.0	0.0	2.0	0.0	6.0	5.0	0.0
	5p	-	11	5676.0	3544.0	3292.0	5693.0	18205.0	7.0	13.0	16.0	15.0	2.0	2.0	1.0	8.0	3.0	8.0	6.0	15.00.0	0.0	0.0	0.0	1.0	0.0	9.0	4.0	0.0
	5p	-	12	5859.0	3462.0	3392.0	5495.0	18208.0	9.0	16.0	13.0	18.0	2.0	4.0	1.0	3.0	9.0	4.0	5.0	9.00.0	0.0	0.0	0.0	7.0	0.0	0.0	1.0	0.0
	5p	-	13	5710.0	3539.0	3327.0	5630.0	18206.0	8.0	13.0	12.0	7.0	4.0	2.0	2.0	3.0	3.0	5.0	6.0	8.00.0	0.0	0.0	0.0	2.0	0.0	3.0	5.0	0.0
	5p	-	14	5747.0	3607.0	3302.0	5551.0	18207.0	10.0	8.0	12.0	12.0	5.0	4.0	7.0	2.0	5.0	10.0	5.0	9.00.0	0.0	0.0	0.0	3.0	0.0	2.0	5.0	0.0
	5p	-	15	5611.0	3512.0	3317.0	5770.0	18210.0	10.0	7.0	14.0	11.0	4.0	3.0	1.0	3.0	4.0	5.0	3.0	10.00.0	0.0	0.0	0.0	2.0	0.0	3.0	4.0	0.0
	5p	-	16	5798.0	3515.0	3350.0	5546.0	18209.0	8.0	17.0	18.0	9.0	4.0	5.0	5.0	5.0	0.0	2.0	1.0	10.00.0	0.0	0.0	0.0	6.0	0.0	1.0	1.0	0.0
	5p	-	17	5747.0	3544.0	3317.0	5605.0	18213.0	13.0	14.0	10.0	7.0	3.0	3.0	5.0	8.0	5.0	4.0	2.0	11.00.0	0.0	0.0	0.0	3.0	0.0	1.0	4.0	0.0
	5p	-	18	5779.0	3551.0	3329.0	5546.0	18205.0	4.0	12.0	16.0	9.0	1.0	1.0	6.0	9.0	4.0	2.0	3.0	13.00.0	0.0	0.0	0.0	2.0	0.0	3.0	8.0	0.0
	5p	-	19	5824.0	3497.0	3282.0	5600.0	18203.0	13.0	16.0	10.0	7.0	5.0	2.0	12.0	3.0	1.0	2.0	4.0	8.00.0	0.0	0.0	0.0	5.0	0.0	4.0	7.0	0.0
	5p	-	20	5678.0	3559.0	3244.0	5722.0	18203.0	15.0	14.0	16.0	6.0	6.0	4.0	2.0	5.0	3.0	5.0	4.0	11.00.0	0.0	0.0	0.0	6.0	0.0	7.0	4.0	0.0
	5p	-	21	5537.0	3525.0	3517.0	5627.0	18206.0	20.0	11.0	10.0	16.0	2.0	5.0	4.0	1.0	6.0	2.0	2.0	10.00.0	0.0	0.0	0.0	3.0	0.0	4.0	5.0	0.0
	5p	-	22	5788.0	3503.0	3328.0	5590.0	18209.0	9.0	15.0	12.0	7.0	8.0	5.0	2.0	5.0	1.0	1.0	4.0	10.00.0	0.0	0.0	0.0	5.0	0.0	2.0	4.0	0.0
	5p	-	23	5783.0	3494.0	3387.0	5538.0	18202.0	13.0	10.0	12.0	13.0	4.0	4.0	4.0	3.0	4.0	6.0	5.0	10.00.0	0.0	0.0	0.0	6.0	0.0	4.0	7.0	0.0
	5p	-	24	5884.0	3446.0	3320.0	5561.0	18211.0	6.0	18.0	10.0	12.0	5.0	4.0	2.0	4.0	2.0	7.0	2.0	7.00.0	0.0	0.0	0.0	8.0	0.0	0.0	3.0	0.0
	5p	-	25	5833.0	3484.0	3350.0	5545.0	18212.0	14.0	16.0	9.0	6.0	3.0	4.0	6.0	4.0	4.0	8.0	5.0	7.00.0	0.0	0.0	0.0	1.0	0.0	5.0	2.0	0.0
	5p	-	26	5800.0	3484.0	3377.0	5550.0	18211.0	8.0	16.0	11.0	16.0	6.0	1.0	5.0	4.0	4.0	9.0	4.0	10.00.0	0.0	0.0	0.0	1.0	0.0	5.0	1.0	0.0
	5p	-	27	5930.0	3489.0	3230.0	5565.0	18214.0	10.0	15.0	16.0	13.0	9.0	7.0	3.0	4.0	3.0	9.0	2.0	13.00.0	0.0	0.0	0.0	5.0	0.0	0.0	0.0	0.0
	5p	-	28	5867.0	3352.0	3321.0	5678.0	18218.0	18.0	20.0	9.0	8.0	4.0	1.0	5.0	5.0	3.0	7.0	1.0	10.00.0	0.0	0.0	0.0	1.0	0.0	0.0	0.0	0.0
	5p	-	29	5945.0	3504.0	3246.0	5518.0	18213.0	11.0	14.0	11.0	21.0	6.0	6.0	4.0	7.0	5.0	4.0	4.0	12.00.0	0.0	0.0	0.0	2.0	0.0	0.0	1.0	0.0
	5p	-	30	5906.0	3438.0	3152.0	5710.0	18206.0	10.0	43.0	6.0	10.0	4.0	7.0	2.0	11.0	4.0	6.0	2.0	10.00.0	0.0	0.0	0.0	6.0	0.0	0.0	0.0	0.0
	5p	-	31	5854.0	3233.0	3120.0	5479.0	17686.0	9.0	40.0	12.0	13.0	4.0	6.0	2.0	2.0	5.0	2.0	1.0	14.00.0	0.0	0.0	0.0	2.0	0.0	0.0	1.0	0.0
	5p	-	32	5588.0	3224.0	3047.0	5353.0	17212.0	13.0	30.0	9.0	10.0	3.0	4.0	0.0	3.0	3.0	5.0	3.0	15.00.0	0.0	0.0	0.0	3.0	0.0	0.0	1.0	0.0
	5p	-	33	5374.0	3183.0	2952.0	5282.0	16791.0	6.0	42.0	9.0	7.0	3.0	3.0	4.0	6.0	0.0	1.0	0.0	11.00.0	0.0	0.0	0.0	3.0	0.0	0.0	0.0	0.0
	5p	-	34	5343.0	3148.0	2936.0	4925.0	16352.0	11.0	37.0	9.0	7.0	3.0	3.0	3.0	3.0	2.0	2.0	0.0	8.00.0	0.0	0.0	0.0	1.0	0.0	0.0	1.0	0.0
	5p	-	35	5248.0	2973.0	2707.0	4953.0	15881.0	8.0	38.0	6.0	9.0	2.0	1.0	3.0	1.0	5.0	6.0	3.0	6.00.0	0.0	0.0	0.0	3.0	0.0	0.0	0.0	0.0
	5p	-	36	5172.0	2857.0	2781.0	4638.0	15448.0	10.0	41.0	13.0	8.0	1.0	6.0	0.0	4.0	5.0	2.0	2.0	11.00.0	0.0	0.0	0.0	1.0	0.0	0.0	0.0	0.0
	5p	-	37	4871.0	2799.0	2614.0	4668.0	14952.0	9.0	40.0	13.0	6.0	6.0	2.0	3.0	2.0	3.0	4.0	6.0	10.00.0	0.0	0.0	0.0	1.0	0.0	1.0	0.0	0.0
	5p	-	38	4758.0	2759.0	2545.0	4380.0	14442.0	5.0	38.0	13.0	12.0	1.0	4.0	3.0	5.0	6.0	4.0	2.0	10.00.0	0.0	0.0	0.0	4.0	0.0	1.0	1.0	0.0
	5p	-	39	4631.0	2582.0	2445.0	4320.0	13978.0	6.0	42.0	8.0	6.0	4.0	3.0	0.0	1.0	2.0	4.0	0.0	8.00.0	0.0	0.0	0.0	1.0	0.0	1.0	0.0	0.0
	5p	-	40	4345.0	2539.0	2302.0	4232.0	13418.0	7.0	39.0	7.0	12.0	0.0	3.0	4.0	5.0	3.0	2.0	3.0	7.00.0	0.0	0.0	0.0	0.0	0.0	0.0	0.0	0.0
	5p	-	41	4136.0	2380.0	2278.0	4115.0	12909.0	12.0	40.0	9.0	8.0	1.0	5.0	1.0	1.0	3.0	3.0	0.0	7.00.0	0.0	0.0	0.0	0.0	0.0	0.0	0.0	0.0
	5p	-	42	4027.0	2280.0	2169.0	3896.0	12372.0	10.0	52.0	2.0	7.0	2.0	3.0	0.0	2.0	0.0	3.0	3.0	5.00.0	0.0	0.0	0.0	3.0	0.0	0.0	1.0	0.0
	5p	-	43	3930.0	2190.0	2096.0	3604.0	11820.0	8.0	39.0	7.0	9.0	5.0	5.0	3.0	3.0	2.0	4.0	0.0	9.00.0	0.0	0.0	0.0	0.0	0.0	0.0	1.0	0.0
	5p	-	44	3809.0	2083.0	1900.0	3486.0	11278.0	8.0	39.0	5.0	7.0	4.0	3.0	2.0	2.0	2.0	2.0	3.0	6.00.0	0.0	0.0	0.0	2.0	0.0	0.0	0.0	0.0
	5p	-	45	3639.0	2015.0	1883.0	3237.0	10774.0	3.0	46.0	8.0	5.0	3.0	3.0	3.0	4.0	2.0	2.0	2.0	6.00.0	0.0	0.0	0.0	0.0	0.0	0.0	0.0	0.0
	5p	-	46	3450.0	1811.0	1778.0	3250.0	10289.0	9.0	33.0	11.0	4.0	5.0	3.0	1.0	5.0	2.0	2.0	1.0	5.00.0	0.0	0.0	0.0	0.0	0.0	1.0	0.0	0.0
	5p	-	47	3257.0	1845.0	1670.0	3047.0	9819.0	6.0	35.0	5.0	7.0	5.0	2.0	0.0	2.0	0.0	2.0	4.0	6.00.0	0.0	0.0	0.0	2.0	0.0	0.0	0.0	0.0
	5p	-	48	3150.0	1760.0	1607.0	2858.0	9375.0	5.0	47.0	6.0	6.0	3.0	1.0	0.0	2.0	4.0	3.0	2.0	10.00.0	0.0	0.0	0.0	4.0	0.0	0.0	0.0	0.0
	5p	-	49	3051.0	1616.0	1528.0	2733.0	8928.0	3.0	35.0	6.0	5.0	1.0	2.0	2.0	2.0	0.0	1.0	0.0	3.00.0	0.0	0.0	0.0	1.0	0.0	0.0	0.0	0.0
	5p	-	50	2803.0	1523.0	1478.0	2678.0	8482.0	6.0	33.0	5.0	6.0	2.0	1.0	0.0	2.0	2.0	1.0	1.0	1.00.0	0.0	0.0	0.0	1.0	0.0	0.0	0.0	0.0
	5p	-	51	2659.0	1482.0	1424.0	2501.0	8066.0	4.0	39.0	9.0	5.0	2.0	1.0	1.0	2.0	3.0	1.0	1.0	3.00.0	0.0	0.0	0.0	1.0	0.0	0.0	1.0	0.0
	5p	-	52	2475.0	1489.0	1251.0	2403.0	7618.0	1.0	34.0	3.0	8.0	2.0	6.0	1.0	4.0	4.0	2.0	1.0	3.00.0	0.0	0.0	0.0	0.0	0.0	0.0	0.0	0.0
	5p	-	53	2320.0	1367.0	1265.0	2248.0	7200.0	11.0	32.0	2.0	6.0	1.0	12.0	0.0	2.0	0.0	1.0	1.0	6.00.0	0.0	0.0	0.0	0.0	0.0	0.0	0.0	0.0
	5p	-	54	2256.0	1302.0	1114.0	2159.0	6831.0	5.0	26.0	4.0	5.0	3.0	3.0	3.0	2.0	2.0	3.0	1.0	3.00.0	0.0	0.0	0.0	0.0	0.0	0.0	0.0	0.0
	5p	-	55	2168.0	1158.0	1089.0	2027.0	6442.0	7.0	23.0	0.0	9.0	3.0	6.0	1.0	2.0	2.0	2.0	2.0	3.00.0	0.0	0.0	0.0	0.0	0.0	0.0	0.0	0.0
	5p	-	56	1990.0	1178.0	1052.0	1866.0	6086.0	5.0	22.0	3.0	5.0	3.0	5.0	2.0	2.0	1.0	1.0	1.0	5.00.0	0.0	0.0	0.0	2.0	0.0	0.0	0.0	0.0
	5p	-	57	1905.0	1061.0	981.0	1819.0	5766.0	3.0	28.0	2.0	3.0	1.0	2.0	2.0	1.0	2.0	0.0	3.0	7.00.0	0.0	0.0	0.0	0.0	0.0	1.0	0.0	0.0
	5p	-	58	1762.0	1004.0	990.0	1709.0	5465.0	6.0	17.0	2.0	1.0	1.0	5.0	1.0	3.0	3.0	1.0	3.0	4.00.0	0.0	0.0	0.0	0.0	0.0	0.0	0.0	0.0
	5p	-	59	1683.0	966.0	893.0	1654.0	5196.0	3.0	23.0	2.0	7.0	6.0	4.0	0.0	2.0	2.0	0.0	0.0	4.00.0	0.0	0.0	0.0	1.0	0.0	0.0	0.0	0.0
	5p	-	60	1591.0	922.0	858.0	1534.0	4905.0	4.0	25.0	1.0	6.0	1.0	2.0	1.0	2.0	0.0	2.0	1.0	3.00.0	0.0	0.0	0.0	0.0	0.0	0.0	1.0	0.0
	5p	-	61	1608.0	832.0	684.0	1497.0	4621.0	2.0	29.0	2.0	0.0	2.0	6.0	0.0	4.0	0.0	2.0	0.0	1.00.0	0.0	0.0	0.0	1.0	0.0	0.0	0.0	0.0
	5p	-	62	1379.0	838.0	721.0	1412.0	4350.0	4.0	22.0	0.0	3.0	3.0	1.0	1.0	1.0	1.0	3.0	0.0	3.00.0	0.0	0.0	0.0	0.0	0.0	0.0	0.0	0.0
	5p	-	63	1351.0	773.0	686.0	1261.0	4071.0	4.0	17.0	2.0	4.0	1.0	4.0	0.0	2.0	2.0	1.0	0.0	7.00.0	0.0	0.0	0.0	0.0	0.0	0.0	0.0	0.0
	5p	-	64	1288.0	742.0	612.0	1206.0	3848.0	4.0	21.0	2.0	3.0	0.0	2.0	0.0	1.0	2.0	3.0	1.0	7.00.0	0.0	0.0	0.0	1.0	0.0	0.0	0.0	0.0
	5p	-	65	1200.0	654.0	590.0	1146.0	3590.0	1.0	18.0	6.0	3.0	0.0	5.0	1.0	2.0	2.0	0.0	1.0	4.00.0	0.0	0.0	0.0	1.0	0.0	0.0	0.0	0.0
	5p	-	66	1110.0	600.0	572.0	1095.0	3377.0	1.0	21.0	1.0	2.0	1.0	0.0	1.0	1.0	1.0	0.0	1.0	4.00.0	0.0	0.0	0.0	0.0	0.0	0.0	0.0	0.0
	5p	-	67	1029.0	568.0	552.0	1004.0	3153.0	0.0	11.0	1.0	0.0	3.0	2.0	0.0	1.0	1.0	3.0	0.0	2.00.0	0.0	0.0	0.0	0.0	0.0	0.0	0.0	0.0
	5p	-	68	987.0	523.0	499.0	949.0	2958.0	1.0	15.0	0.0	0.0	1.0	1.0	0.0	1.0	1.0	0.0	1.0	3.00.0	0.0	0.0	0.0	0.0	0.0	0.0	0.0	0.0
	5p	-	69	962.0	524.0	445.0	842.0	2773.0	2.0	21.0	1.0	0.0	1.0	4.0	0.0	1.0	0.0	0.0	2.0	4.00.0	0.0	0.0	0.0	0.0	0.0	0.0	0.0	0.0
	5p	-	70	866.0	466.0	435.0	819.0	2586.0	0.0	13.0	1.0	2.0	1.0	2.0	0.0	1.0	0.0	1.0	0.0	2.00.0	0.0	0.0	0.0	1.0	0.0	0.0	0.0	0.0
	5p	-	71	812.0	429.0	390.0	788.0	2419.0	1.0	20.0	0.0	3.0	1.0	2.0	0.0	1.0	0.0	2.0	0.0	4.00.0	0.0	0.0	0.0	1.0	0.0	0.0	0.0	0.0
	5p	-	72	749.0	372.0	359.0	705.0	2185.0	4.0	13.0	1.0	2.0	0.0	3.0	1.0	0.0	1.0	0.0	0.0	3.00.0	0.0	0.0	0.0	1.0	0.0	0.0	0.0	0.0
	5p	-	73	692.0	367.0	326.0	634.0	2019.0	1.0	13.0	0.0	1.0	2.0	0.0	0.0	0.0	0.0	0.0	0.0	2.00.0	0.0	0.0	0.0	0.0	0.0	0.0	0.0	0.0
	5p	-	74	619.0	337.0	340.0	576.0	1872.0	2.0	10.0	0.0	0.0	2.0	2.0	0.0	2.0	0.0	1.0	0.0	5.00.0	0.0	0.0	0.0	0.0	0.0	0.0	0.0	0.0
	5p	-	75	575.0	335.0	286.0	529.0	1725.0	0.0	10.0	1.0	2.0	0.0	1.0	0.0	0.0	2.0	0.0	1.0	0.00.0	0.0	0.0	0.0	0.0	0.0	0.0	0.0	0.0
	5p	-	76	546.0	290.0	274.0	486.0	1596.0	0.0	7.0	1.0	0.0	0.0	1.0	0.0	0.0	0.0	0.0	0.0	1.00.0	0.0	0.0	0.0	0.0	0.0	0.0	0.0	0.0
	5p	-	77	492.0	261.0	246.0	470.0	1469.0	2.0	11.0	0.0	2.0	0.0	1.0	0.0	0.0	1.0	0.0	0.0	0.00.0	0.0	0.0	0.0	0.0	0.0	0.0	0.0	0.0
	5p	-	78	418.0	256.0	223.0	437.0	1334.0	0.0	9.0	2.0	0.0	0.0	3.0	0.0	2.0	0.0	0.0	0.0	0.00.0	0.0	0.0	0.0	0.0	0.0	0.0	0.0	0.0
	5p	-	79	436.0	226.0	189.0	361.0	1212.0	0.0	11.0	0.0	1.0	0.0	2.0	1.0	1.0	0.0	0.0	0.0	1.00.0	0.0	0.0	0.0	0.0	0.0	0.0	0.0	0.0
	5p	-	80	373.0	205.0	168.0	338.0	1084.0	1.0	6.0	0.0	0.0	0.0	2.0	0.0	0.0	2.0	0.0	0.0	0.00.0	0.0	0.0	0.0	0.0	0.0	0.0	0.0	0.0
	5p	-	81	334.0	177.0	154.0	296.0	961.0	0.0	7.0	0.0	1.0	0.0	0.0	0.0	0.0	0.0	0.0	0.0	1.00.0	0.0	0.0	0.0	0.0	0.0	0.0	1.0	0.0
	5p	-	82	288.0	149.0	160.0	258.0	855.0	2.0	5.0	0.0	0.0	0.0	2.0	1.0	0.0	0.0	0.0	0.0	0.00.0	0.0	0.0	0.0	0.0	0.0	0.0	0.0	0.0
	5p	-	83	239.0	151.0	128.0	241.0	759.0	1.0	10.0	0.0	1.0	1.0	0.0	0.0	0.0	0.0	1.0	0.0	0.00.0	0.0	0.0	0.0	0.0	0.0	0.0	0.0	0.0
	5p	-	84	248.0	117.0	112.0	172.0	649.0	2.0	9.0	1.0	0.0	0.0	0.0	0.0	0.0	1.0	0.0	0.0	1.00.0	0.0	0.0	0.0	0.0	0.0	0.0	0.0	0.0
	5p	-	85	176.0	103.0	80.0	179.0	538.0	0.0	10.0	0.0	1.0	1.0	1.0	1.0	0.0	0.0	0.0	0.0	1.00.0	0.0	0.0	0.0	0.0	0.0	0.0	0.0	0.0
	5p	-	86	167.0	78.0	68.0	141.0	454.0	0.0	3.0	0.0	0.0	0.0	0.0	0.0	0.0	0.0	0.0	0.0	0.00.0	0.0	0.0	0.0	0.0	0.0	0.0	0.0	0.0
	5p	-	87	139.0	67.0	59.0	113.0	378.0	1.0	8.0	0.0	0.0	0.0	0.0	0.0	0.0	0.0	0.0	1.0	1.00.0	0.0	0.0	0.0	0.0	0.0	0.0	0.0	0.0
	5p	-	88	110.0	48.0	35.0	92.0	285.0	1.0	5.0	0.0	0.0	0.0	0.0	0.0	0.0	0.0	0.0	0.0	0.00.0	0.0	0.0	0.0	0.0	0.0	0.0	0.0	0.0
	5p	-	89	62.0	35.0	33.0	76.0	206.0	0.0	5.0	0.0	0.0	0.0	1.0	0.0	1.0	0.0	0.0	0.0	0.00.0	0.0	0.0	0.0	0.0	0.0	0.0	0.0	0.0
	5p	-	90	54.0	24.0	9.0	45.0	132.0	0.0	2.0	0.0	0.0	0.0	0.0	0.0	0.0	0.0	1.0	0.0	0.00.0	0.0	0.0	0.0	0.0	0.0	0.0	0.0	0.0
	5p	-	91	28.0	8.0	6.0	21.0	63.0	0.0	3.0	0.0	0.0	0.0	0.0	0.0	0.0	0.0	0.0	0.0	0.00.0	0.0	0.0	0.0	0.0	0.0	0.0	0.0	0.0
	5p	-	92	0.0	0.0	0.0	0.0	0.0	0.0	0.0	0.0	0.0	0.0	0.0	0.0	0.0	0.0	0.0	0.0	0.00.0	0.0	0.0	0.0	0.0	0.0	0.0	0.0	0.0
	5p	-	93	0.0	0.0	0.0	0.0	0.0	0.0	0.0	0.0	0.0	0.0	0.0	0.0	0.0	0.0	0.0	0.0	0.00.0	0.0	0.0	0.0	0.0	0.0	0.0	0.0	0.0
	5p	-	94	0.0	0.0	0.0	0.0	0.0	0.0	0.0	0.0	0.0	0.0	0.0	0.0	0.0	0.0	0.0	0.0	0.00.0	0.0	0.0	0.0	0.0	0.0	0.0	0.0	0.0
	5p	-	95	0.0	0.0	0.0	0.0	0.0	0.0	0.0	0.0	0.0	0.0	0.0	0.0	0.0	0.0	0.0	0.0	0.00.0	0.0	0.0	0.0	0.0	0.0	0.0	0.0	0.0
	5p	-	96	0.0	0.0	0.0	0.0	0.0	0.0	0.0	0.0	0.0	0.0	0.0	0.0	0.0	0.0	0.0	0.0	0.00.0	0.0	0.0	0.0	0.0	0.0	0.0	0.0	0.0
	5p	-	97	0.0	0.0	0.0	0.0	0.0	0.0	0.0	0.0	0.0	0.0	0.0	0.0	0.0	0.0	0.0	0.0	0.00.0	0.0	0.0	0.0	0.0	0.0	0.0	0.0	0.0
	5p	-	98	0.0	0.0	0.0	0.0	0.0	0.0	0.0	0.0	0.0	0.0	0.0	0.0	0.0	0.0	0.0	0.0	0.00.0	0.0	0.0	0.0	0.0	0.0	0.0	0.0	0.0
	5p	-	99	0.0	0.0	0.0	0.0	0.0	0.0	0.0	0.0	0.0	0.0	0.0	0.0	0.0	0.0	0.0	0.0	0.00.0	0.0	0.0	0.0	0.0	0.0	0.0	0.0	0.0
	5p	-	100	0.0	0.0	0.0	0.0	0.0	0.0	0.0	0.0	0.0	0.0	0.0	0.0	0.0	0.0	0.0	0.0	0.00.0	0.0	0.0	0.0	0.0	0.0	0.0	0.0	0.0
