# table produced by DamageProfiler
# using mapped file PcA003.ReedbuckBh_Human_nc.Target.rmdup.noMicro.bam
# Sample ID: PcA003.ReedbuckBh_Human_nc.Target.rmdup.noMicro.bam
Pos	C>T	G>A	A>C	A>G	A>T	C>A	C>G	G>C	G>T	T>A	T>C	T>G	->ACGT	ACGT>-
24	0.013384	0.013895	0.002075	0.011414	0.001556	0.003442	0.003059	0.004087	0.004904	0.004076	0.011141	0.002446	0.001429	0.000000
23	0.017551	0.012684	0.001247	0.009479	0.001746	0.006630	0.003120	0.004092	0.009820	0.002510	0.009205	0.003068	0.001190	0.000000
22	0.015012	0.016736	0.002508	0.008275	0.002508	0.005389	0.001540	0.001674	0.007113	0.001937	0.011898	0.003597	0.002303	0.000000
21	0.018526	0.017971	0.002800	0.008654	0.002291	0.005124	0.003547	0.005192	0.004393	0.002205	0.012404	0.003308	0.001508	0.000000
20	0.012997	0.016842	0.004284	0.010585	0.002016	0.004205	0.005352	0.002105	0.004211	0.001096	0.008491	0.003287	0.000952	0.000000
19	0.020776	0.015748	0.002289	0.007886	0.003053	0.005096	0.001960	0.002901	0.004559	0.001883	0.009416	0.004574	0.000555	0.000000
18	0.018384	0.015777	0.002333	0.008815	0.002852	0.002681	0.004213	0.002427	0.005259	0.002458	0.008465	0.003550	0.001190	0.000000
17	0.014068	0.012510	0.003059	0.009941	0.002549	0.004943	0.003042	0.003336	0.006255	0.001369	0.013143	0.003560	0.001349	0.000000
16	0.017301	0.017048	0.004052	0.011395	0.002532	0.003460	0.003460	0.004574	0.007900	0.001370	0.007123	0.002466	0.000873	0.000000
15	0.022718	0.022177	0.004342	0.008685	0.002554	0.006085	0.004462	0.004107	0.006982	0.001851	0.012431	0.002116	0.001826	0.000000
14	0.016285	0.013739	0.003280	0.011100	0.002523	0.003877	0.003490	0.004580	0.009159	0.003558	0.012863	0.003558	0.001270	0.000000
13	0.018853	0.021023	0.003077	0.008718	0.002564	0.002749	0.002749	0.005553	0.004760	0.002471	0.012081	0.003844	0.000952	0.000000
12	0.016916	0.011803	0.002299	0.010731	0.002299	0.003934	0.004327	0.004070	0.005698	0.002707	0.011911	0.003249	0.001190	0.000000
11	0.017269	0.016267	0.002255	0.009018	0.002004	0.003213	0.003614	0.002440	0.006507	0.003545	0.009545	0.002454	0.001110	0.000000
10	0.014493	0.016122	0.003537	0.011117	0.002021	0.006267	0.004309	0.007028	0.007441	0.003802	0.011678	0.003259	0.000634	0.000000
9	0.015962	0.017133	0.002736	0.011440	0.001990	0.006385	0.001596	0.002925	0.007522	0.004336	0.011111	0.003794	0.000872	0.000000
8	0.015507	0.021946	0.003203	0.008869	0.003203	0.005567	0.003181	0.003727	0.006211	0.003312	0.014077	0.003864	0.000714	0.000000
7	0.020728	0.014267	0.003455	0.009443	0.003224	0.002961	0.003807	0.003891	0.007350	0.003342	0.008633	0.004456	0.000634	0.000000
6	0.014167	0.012992	0.004740	0.006637	0.002133	0.005417	0.002917	0.005512	0.005906	0.004059	0.012467	0.003189	0.000952	0.000000
5	0.016173	0.013183	0.003104	0.009754	0.001552	0.005391	0.003145	0.004143	0.004520	0.003726	0.009935	0.004346	0.000634	0.000000
4	0.016525	0.017189	0.003429	0.011888	0.002058	0.006780	0.004237	0.003438	0.005730	0.003984	0.010726	0.003678	0.000555	0.000000
3	0.018891	0.013460	0.004444	0.013111	0.001333	0.006160	0.004107	0.003563	0.006334	0.004117	0.013300	0.005700	0.000396	0.000000
2	0.015086	0.017864	0.006019	0.009954	0.002083	0.005388	0.002874	0.004561	0.005321	0.004849	0.019051	0.003810	0.000079	0.000000
1	0.044579	0.027754	0.004283	0.008158	0.005711	0.007846	0.003566	0.003036	0.004770	0.005364	0.013793	0.006513	0.000000	0.000000
0	0.200309	0.026436	0.006161	0.010427	0.006161	0.011601	0.004254	0.005469	0.009116	0.006352	0.016570	0.004419	0.000000	0.000000
