# table produced by DamageProfiler
# using mapped file PcA003.ReedbuckBh_Human_nc.Target.rmdup.noMicro.bam
# Sample ID: PcA003.ReedbuckBh_Human_nc.Target.rmdup.noMicro.bam
Pos	C>T	G>A	A>C	A>G	A>T	C>A	C>G	G>C	G>T	T>A	T>C	T>G	->ACGT	ACGT>-
0	0.073361	0.051828	0.011430	0.038667	0.029426	0.035939	0.012597	0.011651	0.030534	0.052774	0.018999	0.014174	0.000000	0.000000
1	0.034866	0.039679	0.008579	0.025738	0.014131	0.011111	0.006897	0.008818	0.018437	0.025655	0.018043	0.007612	0.000000	0.000000
2	0.019752	0.023486	0.008364	0.010716	0.006796	0.008920	0.005097	0.008241	0.008653	0.008062	0.017984	0.004961	0.000079	0.000000
3	0.018525	0.024878	0.006012	0.011022	0.004509	0.003575	0.003575	0.005710	0.004894	0.005818	0.012605	0.002909	0.000238	0.000000
4	0.012282	0.014375	0.006035	0.013382	0.003411	0.004202	0.004202	0.003885	0.003885	0.003201	0.015045	0.006082	0.001111	0.000000
5	0.011913	0.011137	0.006827	0.012288	0.003550	0.004633	0.002647	0.004224	0.006144	0.003017	0.012368	0.004223	0.001270	0.000000
6	0.012576	0.011656	0.003050	0.010419	0.002033	0.005031	0.005390	0.004019	0.006029	0.001764	0.011758	0.002939	0.000635	0.000000
7	0.022433	0.014769	0.003981	0.010202	0.001493	0.006084	0.003042	0.002332	0.005830	0.003251	0.013593	0.002955	0.001190	0.000000
8	0.015426	0.021077	0.003762	0.010785	0.003010	0.005785	0.003857	0.003123	0.007026	0.003176	0.013572	0.004043	0.000793	0.000000
9	0.018154	0.016850	0.002228	0.011637	0.002228	0.006566	0.003862	0.002351	0.007053	0.001458	0.013120	0.003790	0.000714	0.000000
10	0.018772	0.014782	0.003401	0.009959	0.001214	0.004302	0.004693	0.005593	0.006792	0.002043	0.009632	0.003503	0.001349	0.000000
11	0.016210	0.017138	0.001500	0.008750	0.002250	0.005403	0.003860	0.004783	0.008370	0.002284	0.010848	0.003140	0.000714	0.000000
12	0.019320	0.019262	0.002745	0.011976	0.001497	0.003091	0.002318	0.002049	0.005328	0.002240	0.010638	0.002520	0.000714	0.000000
13	0.016641	0.017580	0.003114	0.011676	0.002335	0.004160	0.003026	0.003271	0.006950	0.003005	0.012565	0.004644	0.000952	0.000000
14	0.015792	0.016063	0.002536	0.009130	0.002790	0.003158	0.006317	0.002471	0.006178	0.001083	0.010014	0.002706	0.001111	0.000000
15	0.018314	0.020115	0.003565	0.013496	0.002037	0.003434	0.003815	0.002874	0.005337	0.001938	0.013289	0.003045	0.001111	0.000000
16	0.015683	0.018265	0.003665	0.011518	0.003403	0.002614	0.002987	0.004981	0.007057	0.001083	0.010563	0.004063	0.001270	0.000000
17	0.015739	0.016122	0.002040	0.009691	0.002805	0.003455	0.001536	0.002480	0.005788	0.003010	0.013133	0.005472	0.000556	0.000000
18	0.014459	0.013642	0.002525	0.010101	0.001768	0.002345	0.005080	0.005788	0.008268	0.002453	0.009267	0.002453	0.000397	0.000000
19	0.018920	0.016526	0.002806	0.010459	0.004082	0.005124	0.003547	0.003628	0.007658	0.002720	0.010881	0.004897	0.000555	0.000000
20	0.019448	0.011703	0.002588	0.011646	0.002329	0.003890	0.002723	0.004439	0.002825	0.002165	0.010823	0.004600	0.000714	0.000000
21	0.022222	0.015453	0.004130	0.014197	0.002065	0.004981	0.003831	0.003660	0.006507	0.003543	0.009539	0.002998	0.000555	0.000000
22	0.015342	0.018315	0.004748	0.012244	0.000500	0.006688	0.002360	0.002442	0.008140	0.002494	0.011918	0.001940	0.000555	0.000000
23	0.017920	0.019794	0.003097	0.010323	0.001548	0.005064	0.005454	0.002375	0.007126	0.002751	0.012105	0.005502	0.000952	0.000000
24	0.019345	0.012906	0.002006	0.009276	0.002006	0.002369	0.002764	0.005828	0.004996	0.003254	0.010304	0.003796	0.000555	0.000000
