# table produced by DamageProfiler
# using mapped file PcA003.ReedbuckBh_Human_nc.Target.rmdup.noMicro.bam
# Sample ID: PcA003.ReedbuckBh_Human_nc.Target.rmdup.noMicro.bam
Chr	End	Std	Pos	A	C	G	T	Total
	3p	+	1	2089	1087	1069	2052	6297
	3p	+	2	2516	1364	1129	1288	6297
	3p	+	3	2106	1397	1345	1449	6297
	3p	+	4	2225	1190	1273	1609	6297
	3p	+	5	2173	1176	1305	1643	6297
	3p	+	6	2264	1094	1321	1618	6297
	3p	+	7	2073	1211	1273	1740	6297
	3p	+	8	2152	1174	1156	1815	6297
	3p	+	9	1997	1282	1171	1847	6297
	3p	+	10	2017	1290	1152	1838	6297
	3p	+	11	1993	1290	1224	1790	6297
	3p	+	12	2009	1296	1223	1769	6297
	3p	+	13	1948	1268	1238	1843	6297
	3p	+	14	1953	1274	1246	1824	6297
	3p	+	15	1956	1312	1191	1838	6297
	3p	+	16	1945	1228	1221	1903	6297
	3p	+	17	1985	1317	1182	1813	6297
	3p	+	18	1966	1340	1178	1813	6297
	3p	+	19	1897	1338	1232	1830	6297
	3p	+	20	1942	1238	1227	1890	6297
	3p	+	21	2015	1276	1193	1813	6297
	3p	+	22	1975	1260	1263	1799	6297
	3p	+	23	1999	1314	1210	1774	6297
	3p	+	24	2023	1276	1214	1784	6297
	3p	+	25	1912	1334	1240	1811	6297
	3p	+	26	1985	1307	1195	1810	6297
	3p	+	27	1992	1331	1241	1733	6297
	3p	+	28	1913	1326	1271	1787	6297
	3p	+	29	1985	1330	1204	1778	6297
	3p	+	30	1895	1362	1258	1782	6297
	3p	+	31	1832	1203	1220	1697	5952
	3p	+	32	1749	1195	1091	1625	5660
	3p	+	33	1687	1165	1027	1504	5383
	3p	+	34	1541	1102	1006	1462	5111
	3p	+	35	1511	1033	957	1355	4856
	3p	+	36	1440	1002	875	1281	4598
	3p	+	37	1356	980	871	1169	4376
	3p	+	38	1299	818	807	1222	4146
	3p	+	39	1275	801	773	1110	3959
	3p	+	40	1161	782	751	1082	3776
	3p	+	41	1067	760	720	1007	3554
	3p	+	42	1037	689	668	982	3376
	3p	+	43	977	681	647	889	3194
	3p	+	44	930	578	633	882	3023
	3p	+	45	905	612	526	847	2890
	3p	+	46	851	577	564	770	2762
	3p	+	47	807	536	521	751	2615
	3p	+	48	749	561	464	709	2483
	3p	+	49	733	513	440	675	2361
	3p	+	50	695	477	426	650	2248
	3p	+	51	658	460	406	610	2134
	3p	+	52	602	406	403	609	2020
	3p	+	53	592	415	362	551	1920
	3p	+	54	549	396	354	523	1822
	3p	+	55	542	332	364	499	1737
	3p	+	56	508	360	316	477	1661
	3p	+	57	463	347	315	444	1569
	3p	+	58	445	324	279	455	1503
	3p	+	59	421	295	298	414	1428
	3p	+	60	432	254	282	376	1344
	3p	+	61	430	250	261	348	1289
	3p	+	62	365	268	259	337	1229
	3p	+	63	353	233	226	353	1165
	3p	+	64	316	234	229	341	1120
	3p	+	65	330	200	195	344	1069
	3p	+	66	315	236	186	280	1017
	3p	+	67	306	175	193	296	970
	3p	+	68	284	195	176	263	918
	3p	+	69	296	162	168	244	870
	3p	+	70	268	171	161	233	833
	3p	+	71	268	178	140	209	795
	3p	+	72	234	152	135	238	759
	3p	+	73	224	132	143	222	721
	3p	+	74	229	141	123	199	692
	3p	+	75	225	112	123	190	650
	3p	+	76	204	139	115	167	625
	3p	+	77	191	119	110	171	591
	3p	+	78	180	112	101	154	547
	3p	+	79	153	100	98	171	522
	3p	+	80	149	113	89	147	498
	3p	+	81	133	107	97	138	475
	3p	+	82	151	80	79	140	450
	3p	+	83	139	91	83	120	433
	3p	+	84	131	71	80	123	405
	3p	+	85	117	84	71	117	389
	3p	+	86	115	74	75	103	367
	3p	+	87	99	61	74	113	347
	3p	+	88	93	59	72	111	335
	3p	+	89	97	73	52	97	319
	3p	+	90	85	67	62	89	303
	3p	+	91	87	54	60	90	291
	3p	+	92	91	63	46	81	281
	3p	+	93	93	43	51	85	272
	3p	+	94	92	38	52	76	258
	3p	+	95	81	46	47	73	247
	3p	+	96	81	47	37	71	236
	3p	+	97	65	49	44	63	221
	3p	+	98	77	41	37	59	214
	3p	+	99	67	44	37	60	208
	3p	+	100	69	43	33	58	203
	3p	-	1	2147	1039	1107	2034	6327
	3p	-	2	2399	1347	1162	1419	6327
	3p	-	3	2214	1415	1275	1423	6327
	3p	-	4	2256	1246	1281	1544	6327
	3p	-	5	2204	1180	1319	1624	6327
	3p	-	6	2244	1135	1345	1603	6327
	3p	-	7	2157	1214	1253	1703	6327
	3p	-	8	2175	1181	1168	1803	6327
	3p	-	9	2084	1247	1227	1769	6327
	3p	-	10	2016	1220	1241	1850	6327
	3p	-	11	1971	1274	1192	1890	6327
	3p	-	12	1997	1188	1232	1910	6327
	3p	-	13	1963	1276	1235	1853	6327
	3p	-	14	1963	1285	1255	1824	6327
	3p	-	15	2007	1280	1214	1826	6327
	3p	-	16	1996	1237	1190	1904	6327
	3p	-	17	1953	1277	1218	1879	6327
	3p	-	18	1951	1305	1232	1839	6327
	3p	-	19	1964	1259	1246	1858	6327
	3p	-	20	1999	1295	1184	1849	6327
	3p	-	21	1948	1337	1197	1845	6327
	3p	-	22	1978	1280	1231	1838	6327
	3p	-	23	2006	1297	1176	1848	6327
	3p	-	24	1998	1269	1229	1831	6327
	3p	-	25	1954	1291	1217	1865	6327
	3p	-	26	1950	1337	1233	1807	6327
	3p	-	27	1979	1332	1279	1737	6327
	3p	-	28	1971	1361	1226	1769	6327
	3p	-	29	1948	1356	1239	1784	6327
	3p	-	30	1948	1340	1225	1814	6327
	3p	-	31	1874	1245	1173	1717	6009
	3p	-	32	1769	1168	1125	1617	5679
	3p	-	33	1655	1085	1085	1549	5374
	3p	-	34	1571	1067	1019	1447	5104
	3p	-	35	1533	955	954	1417	4859
	3p	-	36	1474	958	910	1272	4614
	3p	-	37	1282	962	868	1263	4375
	3p	-	38	1314	871	793	1181	4159
	3p	-	39	1209	796	739	1204	3948
	3p	-	40	1172	763	732	1071	3738
	3p	-	41	1094	752	681	1022	3549
	3p	-	42	964	711	706	993	3374
	3p	-	43	977	651	606	958	3192
	3p	-	44	932	653	589	858	3032
	3p	-	45	858	636	557	811	2862
	3p	-	46	858	563	494	813	2728
	3p	-	47	813	541	501	742	2597
	3p	-	48	752	492	507	711	2462
	3p	-	49	778	464	414	690	2346
	3p	-	50	708	478	403	625	2214
	3p	-	51	616	470	428	595	2109
	3p	-	52	630	413	406	555	2004
	3p	-	53	614	359	360	580	1913
	3p	-	54	556	380	352	535	1823
	3p	-	55	534	363	334	512	1743
	3p	-	56	510	347	317	477	1651
	3p	-	57	490	329	315	453	1587
	3p	-	58	501	306	258	436	1501
	3p	-	59	429	297	297	411	1434
	3p	-	60	434	260	262	413	1369
	3p	-	61	358	297	257	394	1306
	3p	-	62	380	250	223	384	1237
	3p	-	63	355	265	228	330	1178
	3p	-	64	321	228	243	319	1111
	3p	-	65	342	234	190	288	1054
	3p	-	66	309	197	181	299	986
	3p	-	67	288	187	194	268	937
	3p	-	68	259	187	164	277	887
	3p	-	69	257	196	150	243	846
	3p	-	70	227	170	155	246	798
	3p	-	71	231	156	144	214	745
	3p	-	72	226	143	128	221	718
	3p	-	73	204	147	142	190	683
	3p	-	74	197	137	140	182	656
	3p	-	75	194	135	111	188	628
	3p	-	76	173	129	117	177	596
	3p	-	77	189	123	102	145	559
	3p	-	78	171	121	97	144	533
	3p	-	79	153	109	91	157	510
	3p	-	80	154	95	98	128	475
	3p	-	81	109	105	89	154	457
	3p	-	82	119	96	77	135	427
	3p	-	83	103	90	70	139	402
	3p	-	84	125	69	76	113	383
	3p	-	85	106	71	73	115	365
	3p	-	86	104	65	72	106	347
	3p	-	87	87	72	66	109	334
	3p	-	88	102	54	57	103	316
	3p	-	89	89	74	53	87	303
	3p	-	90	102	55	45	88	290
	3p	-	91	79	72	49	74	274
	3p	-	92	82	56	54	69	261
	3p	-	93	76	54	45	70	245
	3p	-	94	62	53	48	68	231
	3p	-	95	63	54	44	58	219
	3p	-	96	62	40	46	64	212
	3p	-	97	59	38	37	65	199
	3p	-	98	57	40	33	59	189
	3p	-	99	59	41	33	43	176
	3p	-	100	53	32	37	48	170
	5p	+	1	2069	1272	1282	1674	6297
	5p	+	2	1980	1308	1229	1780	6297
	5p	+	3	1936	1570	1181	1610	6297
	5p	+	4	1995	1539	1217	1546	6297
	5p	+	5	1851	1597	1305	1544	6297
	5p	+	6	1831	1505	1287	1674	6297
	5p	+	7	2018	1399	1258	1622	6297
	5p	+	8	2012	1306	1259	1720	6297
	5p	+	9	1961	1308	1277	1751	6297
	5p	+	10	2008	1273	1261	1755	6297
	5p	+	11	2083	1281	1235	1698	6297
	5p	+	12	2001	1279	1223	1794	6297
	5p	+	13	1953	1313	1257	1774	6297
	5p	+	14	1958	1329	1208	1802	6297
	5p	+	15	2028	1278	1173	1818	6297
	5p	+	16	1945	1322	1234	1796	6297
	5p	+	17	1916	1370	1161	1850	6297
	5p	+	18	1919	1381	1198	1799	6297
	5p	+	19	1984	1289	1206	1818	6297
	5p	+	20	1924	1241	1269	1863	6297
	5p	+	21	1907	1281	1247	1862	6297
	5p	+	22	1927	1302	1248	1820	6297
	5p	+	23	2041	1242	1239	1775	6297
	5p	+	24	1916	1292	1285	1804	6297
	5p	+	25	1973	1314	1205	1805	6297
	5p	+	26	2015	1251	1203	1828	6297
	5p	+	27	1992	1314	1187	1804	6297
	5p	+	28	1981	1287	1279	1750	6297
	5p	+	29	2095	1271	1205	1726	6297
	5p	+	30	2017	1290	1236	1754	6297
	5p	+	31	1911	1150	1202	1689	5952
	5p	+	32	1876	1058	1066	1660	5660
	5p	+	33	1769	1116	968	1530	5383
	5p	+	34	1653	1007	980	1471	5111
	5p	+	35	1579	958	925	1394	4856
	5p	+	36	1492	923	836	1347	4598
	5p	+	37	1423	873	851	1229	4376
	5p	+	38	1294	845	801	1206	4146
	5p	+	39	1264	762	743	1190	3959
	5p	+	40	1237	721	738	1080	3776
	5p	+	41	1133	686	715	1020	3554
	5p	+	42	1122	659	648	947	3376
	5p	+	43	1027	628	623	916	3194
	5p	+	44	973	606	585	859	3023
	5p	+	45	960	504	558	868	2890
	5p	+	46	847	525	549	841	2762
	5p	+	47	792	520	512	791	2615
	5p	+	48	820	448	475	740	2483
	5p	+	49	745	455	484	677	2361
	5p	+	50	697	437	450	664	2248
	5p	+	51	693	430	401	610	2134
	5p	+	52	669	373	368	610	2020
	5p	+	53	592	372	378	578	1920
	5p	+	54	592	358	369	503	1822
	5p	+	55	544	343	357	493	1737
	5p	+	56	532	306	324	499	1661
	5p	+	57	510	269	331	459	1569
	5p	+	58	493	285	302	423	1503
	5p	+	59	484	259	261	424	1428
	5p	+	60	440	246	269	389	1344
	5p	+	61	399	270	239	381	1289
	5p	+	62	399	258	221	351	1229
	5p	+	63	372	223	205	365	1165
	5p	+	64	366	212	217	325	1120
	5p	+	65	347	179	200	343	1069
	5p	+	66	328	196	187	306	1017
	5p	+	67	331	185	184	270	970
	5p	+	68	306	173	173	266	918
	5p	+	69	275	182	167	246	870
	5p	+	70	269	155	134	275	833
	5p	+	71	233	155	146	261	795
	5p	+	72	255	164	130	210	759
	5p	+	73	239	132	142	208	721
	5p	+	74	223	129	127	213	692
	5p	+	75	205	131	122	192	650
	5p	+	76	183	148	105	189	625
	5p	+	77	190	119	110	172	591
	5p	+	78	170	109	104	164	547
	5p	+	79	159	105	102	156	522
	5p	+	80	160	78	92	168	498
	5p	+	81	153	93	100	129	475
	5p	+	82	138	101	74	137	450
	5p	+	83	132	90	75	136	433
	5p	+	84	139	66	77	123	405
	5p	+	85	127	72	82	108	389
	5p	+	86	121	76	78	92	367
	5p	+	87	118	65	64	100	347
	5p	+	88	108	57	65	105	335
	5p	+	89	108	58	68	85	319
	5p	+	90	112	52	53	86	303
	5p	+	91	103	54	57	77	291
	5p	+	92	100	43	61	77	281
	5p	+	93	81	56	52	83	272
	5p	+	94	100	41	54	63	258
	5p	+	95	76	46	61	64	247
	5p	+	96	95	41	27	73	236
	5p	+	97	65	39	44	73	221
	5p	+	98	74	37	31	72	214
	5p	+	99	70	40	43	55	208
	5p	+	100	70	47	34	52	203
	5p	-	1	2120	1238	1215	1754	6327
	5p	-	2	2013	1284	1247	1783	6327
	5p	-	3	1904	1573	1222	1628	6327
	5p	-	4	2004	1537	1214	1572	6327
	5p	-	5	1941	1518	1299	1569	6327
	5p	-	6	1810	1539	1334	1644	6327
	5p	-	7	1911	1382	1247	1787	6327
	5p	-	8	2013	1316	1319	1679	6327
	5p	-	9	2042	1292	1277	1716	6327
	5p	-	10	2036	1305	1298	1688	6327
	5p	-	11	2038	1271	1270	1748	6327
	5p	-	12	2017	1309	1272	1729	6327
	5p	-	13	2061	1267	1183	1816	6327
	5p	-	14	1904	1321	1243	1859	6327
	5p	-	15	1915	1250	1261	1901	6327
	5p	-	16	1983	1306	1210	1828	6327
	5p	-	17	1901	1321	1245	1860	6327
	5p	-	18	2007	1234	1232	1854	6327
	5p	-	19	1969	1276	1212	1870	6327
	5p	-	20	1996	1289	1213	1829	6327
	5p	-	21	1943	1290	1257	1837	6327
	5p	-	22	1937	1289	1226	1875	6327
	5p	-	23	1968	1307	1213	1839	6327
	5p	-	24	1983	1271	1243	1830	6327
	5p	-	25	2016	1219	1200	1892	6327
	5p	-	26	1968	1305	1200	1854	6327
	5p	-	27	2059	1234	1209	1825	6327
	5p	-	28	2074	1262	1225	1766	6327
	5p	-	29	2053	1367	1193	1714	6327
	5p	-	30	2133	1168	1220	1806	6327
	5p	-	31	1897	1180	1211	1721	6009
	5p	-	32	1935	1073	1101	1570	5679
	5p	-	33	1766	1044	1055	1509	5374
	5p	-	34	1626	976	1014	1488	5104
	5p	-	35	1566	932	928	1433	4859
	5p	-	36	1521	846	894	1353	4614
	5p	-	37	1403	860	883	1229	4375
	5p	-	38	1399	815	806	1139	4159
	5p	-	39	1321	754	724	1149	3948
	5p	-	40	1210	685	725	1118	3738
	5p	-	41	1150	697	689	1013	3549
	5p	-	42	1101	643	624	1006	3374
	5p	-	43	1051	639	618	884	3192
	5p	-	44	1005	570	560	897	3032
	5p	-	45	900	595	568	799	2862
	5p	-	46	872	577	532	747	2728
	5p	-	47	835	513	470	779	2597
	5p	-	48	782	501	454	725	2462
	5p	-	49	745	490	421	690	2346
	5p	-	50	666	428	468	652	2214
	5p	-	51	698	401	394	616	2109
	5p	-	52	636	407	370	591	2004
	5p	-	53	596	393	343	581	1913
	5p	-	54	544	389	321	569	1823
	5p	-	55	548	340	300	555	1743
	5p	-	56	520	312	325	494	1651
	5p	-	57	491	324	289	483	1587
	5p	-	58	445	299	286	471	1501
	5p	-	59	447	281	280	426	1434
	5p	-	60	445	257	248	419	1369
	5p	-	61	417	271	254	364	1306
	5p	-	62	380	254	237	366	1237
	5p	-	63	372	229	210	367	1178
	5p	-	64	326	219	219	347	1111
	5p	-	65	322	244	180	308	1054
	5p	-	66	317	163	181	325	986
	5p	-	67	288	174	204	271	937
	5p	-	68	256	188	166	277	887
	5p	-	69	266	167	167	246	846
	5p	-	70	252	163	148	235	798
	5p	-	71	240	159	123	223	745
	5p	-	72	219	148	137	214	718
	5p	-	73	192	147	141	203	683
	5p	-	74	205	144	106	201	656
	5p	-	75	195	121	106	206	628
	5p	-	76	173	117	124	182	596
	5p	-	77	167	119	110	163	559
	5p	-	78	162	118	105	148	533
	5p	-	79	148	111	86	165	510
	5p	-	80	145	86	103	141	475
	5p	-	81	133	111	95	118	457
	5p	-	82	131	85	86	125	427
	5p	-	83	127	78	69	128	402
	5p	-	84	105	78	79	121	383
	5p	-	85	116	94	58	97	365
	5p	-	86	126	73	67	81	347
	5p	-	87	125	53	74	82	334
	5p	-	88	108	60	52	96	316
	5p	-	89	109	49	66	79	303
	5p	-	90	100	62	51	77	290
	5p	-	91	83	57	55	79	274
	5p	-	92	88	50	42	81	261
	5p	-	93	81	40	36	88	245
	5p	-	94	76	46	41	68	231
	5p	-	95	62	45	31	81	219
	5p	-	96	80	35	32	65	212
	5p	-	97	66	36	36	61	199
	5p	-	98	68	37	29	55	189
	5p	-	99	63	31	36	46	176
	5p	-	100	48	30	36	56	170
