# table produced by DamageProfiler
# using mapped file PcA003.ReedbuckBh_Human_nc.Target.rmdup.noMicro.bam
# Sample ID: PcA003.ReedbuckBh_Human_nc.Target.rmdup.noMicro.bam
Chr	End	Std	Pos	A	C	G	T	Total	G>A	C>T	A>G	T>C	A>C	A>T	C>G	C>A	T>G	T>A	G>C	G>T	A>-	T>-	C>-	G>-	->A	->T	->C	->G	S
	3p	+	1	2078.0	1317.0	1077.0	1824.0	6296.0	33.0	256.0	22.0	29.0	13.0	13.0	5.0	16.0	7.0	10.0	4.0	5.0	0.0	0.0	0.0	0.0	0.0	0.0	0.0	0.0	0.0
	3p	+	2	2516.0	1409.0	1135.0	1237.0	6297.0	30.0	63.0	23.0	17.0	10.0	13.0	2.0	11.0	8.0	5.0	4.0	5.0	0.0	0.0	0.0	0.0	0.0	0.0	0.0	0.0	0.0
	3p	+	3	2100.0	1379.0	1357.0	1461.0	6297.0	28.0	22.0	19.0	33.0	11.0	3.0	3.0	7.0	4.0	4.0	6.0	4.0	0.0	0.0	0.0	0.0	0.0	0.0	0.0	0.0	0.0
	3p	+	4	2235.0	1191.0	1269.0	1602.0	6297.0	18.0	26.0	27.0	22.0	8.0	4.0	4.0	6.0	4.0	5.0	5.0	8.0	0.0	0.0	0.0	0.0	0.0	0.0	0.0	0.0	0.0
	3p	+	5	2181.0	1175.0	1294.0	1642.0	6292.0	20.0	15.0	31.0	17.0	6.0	7.0	7.0	8.0	9.0	7.0	6.0	11.0	0.0	0.0	0.0	0.0	1.0	0.0	2.0	1.0	0.0
	3p	+	6	2266.0	1096.0	1317.0	1614.0	6293.0	18.0	19.0	21.0	15.0	8.0	3.0	5.0	6.0	6.0	5.0	5.0	6.0	0.0	0.0	0.0	0.0	1.0	0.0	0.0	1.0	0.0
	3p	+	7	2064.0	1202.0	1285.0	1741.0	6292.0	19.0	18.0	12.0	24.0	8.0	5.0	3.0	7.0	5.0	5.0	5.0	9.0	0.0	0.0	0.0	0.0	3.0	0.0	0.0	1.0	0.0
	3p	+	8	2167.0	1177.0	1142.0	1804.0	6290.0	12.0	23.0	19.0	18.0	7.0	8.0	7.0	1.0	7.0	5.0	2.0	7.0	0.0	0.0	0.0	0.0	1.0	0.0	1.0	2.0	0.0
	3p	+	9	1989.0	1275.0	1181.0	1844.0	6289.0	26.0	22.0	18.0	22.0	6.0	7.0	3.0	4.0	7.0	7.0	6.0	8.0	0.0	0.0	0.0	0.0	2.0	0.0	2.0	2.0	0.0
	3p	+	10	2012.0	1288.0	1142.0	1847.0	6289.0	16.0	19.0	22.0	25.0	5.0	3.0	4.0	11.0	9.0	8.0	2.0	9.0	0.0	0.0	0.0	0.0	0.0	0.0	4.0	2.0	0.0
	3p	+	11	1995.0	1288.0	1212.0	1794.0	6289.0	18.0	16.0	25.0	17.0	7.0	5.0	5.0	7.0	8.0	8.0	5.0	7.0	0.0	0.0	0.0	0.0	2.0	0.0	1.0	4.0	0.0
	3p	+	12	2014.0	1299.0	1215.0	1761.0	6289.0	17.0	21.0	25.0	15.0	5.0	3.0	4.0	2.0	5.0	5.0	3.0	9.0	0.0	0.0	0.0	0.0	4.0	0.0	1.0	3.0	0.0
	3p	+	13	1950.0	1268.0	1231.0	1841.0	6290.0	18.0	22.0	22.0	19.0	6.0	4.0	5.0	3.0	7.0	6.0	4.0	8.0	0.0	0.0	0.0	0.0	3.0	0.0	1.0	3.0	0.0
	3p	+	14	1946.0	1266.0	1261.0	1819.0	6292.0	24.0	23.0	16.0	22.0	5.0	4.0	2.0	5.0	6.0	2.0	9.0	6.0	0.0	0.0	0.0	0.0	1.0	0.0	2.0	0.0	0.0
	3p	+	15	1955.0	1309.0	1193.0	1826.0	6283.0	18.0	24.0	22.0	23.0	3.0	6.0	3.0	3.0	8.0	5.0	5.0	14.0	0.0	0.0	0.0	0.0	6.0	0.0	2.0	2.0	0.0
	3p	+	16	1935.0	1219.0	1239.0	1896.0	6289.0	31.0	27.0	17.0	25.0	11.0	5.0	6.0	5.0	2.0	4.0	6.0	6.0	0.0	0.0	0.0	0.0	3.0	0.0	5.0	0.0	0.0
	3p	+	17	1993.0	1316.0	1177.0	1805.0	6291.0	18.0	19.0	22.0	17.0	7.0	3.0	6.0	3.0	5.0	1.0	5.0	7.0	0.0	0.0	0.0	0.0	2.0	0.0	0.0	2.0	0.0
	3p	+	18	1971.0	1330.0	1167.0	1822.0	6290.0	20.0	16.0	26.0	22.0	6.0	6.0	2.0	8.0	10.0	3.0	5.0	4.0	0.0	0.0	0.0	0.0	2.0	0.0	3.0	2.0	0.0
	3p	+	19	1897.0	1344.0	1228.0	1822.0	6291.0	18.0	21.0	17.0	17.0	4.0	5.0	6.0	5.0	7.0	3.0	4.0	8.0	0.0	0.0	0.0	0.0	0.0	0.0	1.0	4.0	0.0
	3p	+	20	1933.0	1261.0	1225.0	1873.0	6292.0	21.0	34.0	16.0	16.0	3.0	7.0	1.0	8.0	10.0	4.0	1.0	4.0	0.0	0.0	0.0	0.0	2.0	0.0	0.0	1.0	0.0
	3p	+	21	2017.0	1280.0	1185.0	1810.0	6292.0	20.0	18.0	23.0	15.0	6.0	3.0	9.0	4.0	5.0	3.0	5.0	5.0	0.0	0.0	0.0	0.0	3.0	0.0	1.0	1.0	0.0
	3p	+	22	1968.0	1245.0	1264.0	1806.0	6283.0	22.0	20.0	20.0	31.0	10.0	3.0	6.0	7.0	3.0	4.0	5.0	6.0	0.0	0.0	0.0	0.0	7.0	0.0	2.0	3.0	0.0
	3p	+	23	1985.0	1308.0	1215.0	1770.0	6278.0	20.0	22.0	11.0	23.0	4.0	4.0	1.0	9.0	5.0	2.0	1.0	6.0	0.0	0.0	0.0	0.0	2.0	0.0	10.0	5.0	0.0
	3p	+	24	2017.0	1282.0	1215.0	1770.0	6284.0	14.0	19.0	19.0	16.0	2.0	3.0	1.0	9.0	4.0	4.0	3.0	12.0	0.0	0.0	0.0	0.0	3.0	0.0	2.0	4.0	0.0
	3p	+	25	1909.0	1330.0	1227.0	1817.0	6283.0	20.0	17.0	28.0	20.0	3.0	4.0	4.0	5.0	9.0	7.0	5.0	4.0	0.0	0.0	0.0	0.0	6.0	0.0	2.0	1.0	0.0
	3p	+	26	1990.0	1302.0	1179.0	1816.0	6287.0	12.0	16.0	22.0	20.0	7.0	6.0	6.0	6.0	8.0	9.0	4.0	5.0	0.0	0.0	0.0	0.0	3.0	0.0	2.0	1.0	0.0
	3p	+	27	2007.0	1334.0	1234.0	1712.0	6287.0	13.0	25.0	23.0	10.0	13.0	3.0	1.0	6.0	5.0	0.0	4.0	7.0	0.0	0.0	0.0	0.0	5.0	0.0	2.0	2.0	0.0
	3p	+	28	1915.0	1336.0	1268.0	1773.0	6292.0	23.0	28.0	22.0	17.0	10.0	7.0	7.0	7.0	5.0	7.0	5.0	6.0	0.0	0.0	0.0	0.0	0.0	0.0	0.0	3.0	0.0
	3p	+	29	1980.0	1334.0	1211.0	1768.0	6293.0	19.0	25.0	19.0	22.0	7.0	7.0	5.0	11.0	7.0	7.0	7.0	12.0	0.0	0.0	0.0	0.0	1.0	0.0	1.0	0.0	0.0
	3p	+	30	1882.0	1365.0	1264.0	1778.0	6289.0	23.0	27.0	20.0	26.0	6.0	11.0	5.0	11.0	9.0	10.0	7.0	11.0	0.0	0.0	0.0	0.0	5.0	0.0	1.0	1.0	0.0
	3p	+	31	1823.0	1205.0	1212.0	1705.0	5945.0	23.0	17.0	27.0	23.0	6.0	6.0	5.0	12.0	9.0	10.0	3.0	9.0	0.0	0.0	0.0	0.0	3.0	0.0	0.0	2.0	0.0
	3p	+	32	1746.0	1203.0	1080.0	1627.0	5656.0	16.0	22.0	20.0	22.0	4.0	12.0	7.0	9.0	7.0	14.0	4.0	4.0	0.0	0.0	0.0	0.0	0.0	0.0	0.0	1.0	0.0
	3p	+	33	1684.0	1166.0	1024.0	1501.0	5375.0	23.0	23.0	29.0	22.0	6.0	7.0	1.0	10.0	4.0	10.0	3.0	5.0	0.0	0.0	0.0	0.0	2.0	0.0	2.0	0.0	0.0
	3p	+	34	1525.0	1116.0	1009.0	1454.0	5104.0	22.0	21.0	18.0	11.0	5.0	6.0	6.0	10.0	6.0	10.0	6.0	7.0	0.0	0.0	0.0	0.0	3.0	0.0	1.0	2.0	0.0
	3p	+	35	1515.0	1049.0	944.0	1343.0	4851.0	13.0	29.0	22.0	18.0	4.0	8.0	3.0	7.0	3.0	10.0	1.0	4.0	0.0	0.0	0.0	0.0	0.0	0.0	0.0	3.0	0.0
	3p	+	36	1434.0	997.0	885.0	1275.0	4591.0	17.0	19.0	16.0	19.0	8.0	7.0	1.0	9.0	3.0	9.0	7.0	8.0	0.0	0.0	0.0	0.0	2.0	0.0	0.0	1.0	0.0
	3p	+	37	1352.0	977.0	871.0	1171.0	4371.0	14.0	18.0	16.0	15.0	6.0	4.0	5.0	4.0	4.0	10.0	8.0	5.0	0.0	0.0	0.0	0.0	2.0	0.0	1.0	1.0	0.0
	3p	+	38	1304.0	822.0	797.0	1218.0	4141.0	11.0	21.0	18.0	13.0	10.0	5.0	2.0	7.0	7.0	8.0	3.0	5.0	0.0	0.0	0.0	0.0	2.0	0.0	0.0	2.0	0.0
	3p	+	39	1266.0	816.0	776.0	1096.0	3954.0	9.0	21.0	10.0	12.0	2.0	5.0	2.0	7.0	4.0	8.0	1.0	10.0	0.0	0.0	0.0	0.0	2.0	0.0	0.0	1.0	0.0
	3p	+	40	1160.0	791.0	757.0	1066.0	3774.0	17.0	17.0	14.0	8.0	6.0	5.0	4.0	7.0	2.0	1.0	5.0	5.0	0.0	0.0	0.0	0.0	1.0	0.0	0.0	1.0	0.0
	3p	+	41	1069.0	764.0	719.0	995.0	3547.0	16.0	18.0	15.0	7.0	9.0	5.0	6.0	3.0	4.0	8.0	3.0	6.0	0.0	0.0	0.0	0.0	0.0	0.0	4.0	1.0	0.0
	3p	+	42	1036.0	684.0	670.0	984.0	3374.0	19.0	14.0	15.0	12.0	7.0	5.0	5.0	2.0	7.0	6.0	7.0	3.0	0.0	0.0	0.0	0.0	1.0	0.0	0.0	0.0	0.0
	3p	+	43	987.0	681.0	644.0	881.0	3193.0	9.0	16.0	15.0	15.0	2.0	9.0	3.0	2.0	1.0	5.0	3.0	4.0	0.0	0.0	0.0	0.0	0.0	0.0	1.0	0.0	0.0
	3p	+	44	916.0	581.0	641.0	882.0	3020.0	22.0	18.0	14.0	13.0	3.0	4.0	3.0	2.0	3.0	10.0	4.0	3.0	0.0	0.0	0.0	0.0	1.0	0.0	0.0	1.0	0.0
	3p	+	45	894.0	609.0	532.0	851.0	2886.0	13.0	15.0	7.0	15.0	5.0	1.0	2.0	4.0	3.0	6.0	3.0	3.0	0.0	0.0	0.0	0.0	1.0	0.0	1.0	1.0	0.0
	3p	+	46	857.0	587.0	560.0	756.0	2760.0	5.0	18.0	12.0	8.0	3.0	5.0	0.0	5.0	1.0	3.0	2.0	3.0	0.0	0.0	0.0	0.0	1.0	0.0	0.0	1.0	0.0
	3p	+	47	812.0	539.0	522.0	739.0	2612.0	11.0	16.0	13.0	9.0	8.0	5.0	1.0	4.0	3.0	4.0	1.0	6.0	0.0	0.0	0.0	0.0	2.0	0.0	0.0	0.0	0.0
	3p	+	48	750.0	567.0	456.0	705.0	2478.0	11.0	15.0	15.0	10.0	2.0	4.0	1.0	2.0	3.0	5.0	0.0	3.0	0.0	0.0	0.0	0.0	2.0	0.0	0.0	3.0	0.0
	3p	+	49	721.0	514.0	451.0	671.0	2357.0	14.0	7.0	4.0	8.0	3.0	5.0	2.0	5.0	2.0	4.0	0.0	6.0	0.0	0.0	0.0	0.0	1.0	0.0	2.0	1.0	0.0
	3p	+	50	692.0	483.0	423.0	647.0	2245.0	9.0	17.0	8.0	10.0	3.0	0.0	2.0	1.0	4.0	3.0	1.0	2.0	0.0	0.0	0.0	0.0	1.0	0.0	0.0	1.0	0.0
	3p	+	51	645.0	457.0	412.0	616.0	2130.0	14.0	8.0	8.0	11.0	3.0	1.0	3.0	4.0	3.0	4.0	3.0	3.0	0.0	0.0	0.0	0.0	3.0	0.0	1.0	0.0	0.0
	3p	+	52	604.0	408.0	398.0	608.0	2018.0	5.0	6.0	8.0	6.0	3.0	3.0	1.0	5.0	5.0	1.0	0.0	4.0	0.0	0.0	0.0	0.0	1.0	0.0	1.0	0.0	0.0
	3p	+	53	594.0	420.0	358.0	547.0	1919.0	5.0	9.0	9.0	4.0	1.0	2.0	2.0	1.0	1.0	4.0	2.0	2.0	0.0	0.0	0.0	0.0	0.0	0.0	0.0	1.0	0.0
	3p	+	54	542.0	398.0	363.0	519.0	1822.0	13.0	6.0	9.0	5.0	1.0	4.0	0.0	3.0	0.0	5.0	1.0	4.0	0.0	0.0	0.0	0.0	0.0	0.0	0.0	0.0	0.0
	3p	+	55	545.0	342.0	363.0	486.0	1736.0	7.0	9.0	8.0	0.0	3.0	5.0	1.0	3.0	1.0	2.0	0.0	2.0	0.0	0.0	0.0	0.0	1.0	0.0	0.0	0.0	0.0
	3p	+	56	505.0	366.0	319.0	470.0	1660.0	8.0	14.0	5.0	9.0	1.0	2.0	1.0	2.0	0.0	1.0	1.0	0.0	0.0	0.0	0.0	0.0	0.0	0.0	0.0	0.0	0.0
	3p	+	57	473.0	337.0	315.0	443.0	1568.0	3.0	5.0	8.0	7.0	6.0	2.0	1.0	1.0	2.0	2.0	4.0	4.0	0.0	0.0	0.0	0.0	0.0	0.0	0.0	0.0	0.0
	3p	+	58	442.0	322.0	283.0	455.0	1502.0	9.0	5.0	4.0	7.0	4.0	2.0	1.0	4.0	3.0	0.0	0.0	3.0	0.0	0.0	0.0	0.0	0.0	0.0	0.0	0.0	0.0
	3p	+	59	419.0	299.0	301.0	408.0	1427.0	3.0	6.0	4.0	4.0	3.0	2.0	0.0	6.0	1.0	2.0	1.0	5.0	0.0	0.0	0.0	0.0	0.0	0.0	0.0	1.0	0.0
	3p	+	60	426.0	253.0	285.0	380.0	1344.0	6.0	4.0	4.0	7.0	0.0	1.0	0.0	3.0	1.0	2.0	1.0	1.0	0.0	0.0	0.0	0.0	0.0	0.0	0.0	0.0	0.0
	3p	+	61	440.0	255.0	251.0	342.0	1288.0	3.0	7.0	10.0	1.0	3.0	2.0	2.0	1.0	2.0	1.0	1.0	0.0	0.0	0.0	0.0	0.0	0.0	0.0	0.0	0.0	0.0
	3p	+	62	365.0	268.0	256.0	339.0	1228.0	2.0	4.0	6.0	6.0	0.0	0.0	1.0	2.0	1.0	1.0	1.0	2.0	0.0	0.0	0.0	0.0	1.0	0.0	0.0	0.0	0.0
	3p	+	63	354.0	235.0	224.0	349.0	1162.0	4.0	8.0	4.0	5.0	4.0	2.0	1.0	2.0	2.0	1.0	0.0	1.0	0.0	0.0	0.0	0.0	2.0	0.0	0.0	0.0	0.0
	3p	+	64	312.0	240.0	231.0	335.0	1118.0	5.0	9.0	2.0	3.0	2.0	1.0	3.0	2.0	2.0	1.0	2.0	2.0	0.0	0.0	0.0	0.0	1.0	0.0	1.0	0.0	0.0
	3p	+	65	329.0	202.0	198.0	340.0	1069.0	5.0	7.0	4.0	2.0	3.0	0.0	1.0	0.0	1.0	3.0	1.0	3.0	0.0	0.0	0.0	0.0	0.0	0.0	0.0	0.0	0.0
	3p	+	66	304.0	240.0	190.0	282.0	1016.0	9.0	2.0	5.0	2.0	0.0	1.0	2.0	4.0	1.0	3.0	2.0	1.0	0.0	0.0	0.0	0.0	1.0	0.0	0.0	0.0	0.0
	3p	+	67	304.0	180.0	191.0	294.0	969.0	3.0	7.0	4.0	2.0	0.0	1.0	0.0	1.0	2.0	3.0	1.0	1.0	0.0	0.0	0.0	0.0	0.0	0.0	0.0	1.0	0.0
	3p	+	68	289.0	192.0	170.0	266.0	917.0	0.0	4.0	7.0	6.0	0.0	1.0	0.0	0.0	1.0	2.0	1.0	1.0	0.0	0.0	0.0	0.0	1.0	0.0	0.0	0.0	0.0
	3p	+	69	298.0	163.0	167.0	242.0	870.0	1.0	6.0	5.0	3.0	2.0	0.0	0.0	1.0	0.0	3.0	1.0	2.0	0.0	0.0	0.0	0.0	0.0	0.0	0.0	0.0	0.0
	3p	+	70	270.0	175.0	159.0	229.0	833.0	1.0	5.0	2.0	3.0	0.0	3.0	0.0	2.0	3.0	0.0	0.0	2.0	0.0	0.0	0.0	0.0	0.0	0.0	0.0	0.0	0.0
	3p	+	71	265.0	179.0	141.0	210.0	795.0	3.0	2.0	3.0	1.0	1.0	0.0	1.0	1.0	0.0	3.0	1.0	1.0	0.0	0.0	0.0	0.0	0.0	0.0	0.0	0.0	0.0
	3p	+	72	231.0	154.0	136.0	237.0	758.0	3.0	3.0	2.0	1.0	0.0	1.0	0.0	1.0	1.0	2.0	1.0	0.0	0.0	0.0	0.0	0.0	0.0	0.0	0.0	0.0	0.0
	3p	+	73	221.0	135.0	145.0	220.0	721.0	4.0	7.0	3.0	5.0	1.0	2.0	0.0	3.0	1.0	2.0	1.0	1.0	0.0	0.0	0.0	0.0	0.0	0.0	0.0	0.0	0.0
	3p	+	74	222.0	141.0	124.0	204.0	691.0	3.0	2.0	1.0	2.0	1.0	0.0	1.0	0.0	0.0	5.0	0.0	0.0	0.0	0.0	0.0	0.0	1.0	0.0	0.0	0.0	0.0
	3p	+	75	227.0	111.0	123.0	188.0	649.0	1.0	0.0	3.0	0.0	0.0	0.0	0.0	0.0	0.0	0.0	1.0	1.0	0.0	0.0	0.0	0.0	0.0	0.0	0.0	0.0	0.0
	3p	+	76	201.0	141.0	116.0	167.0	625.0	1.0	1.0	0.0	2.0	0.0	0.0	2.0	2.0	2.0	0.0	1.0	3.0	0.0	0.0	0.0	0.0	0.0	0.0	0.0	0.0	0.0
	3p	+	77	195.0	121.0	109.0	166.0	591.0	3.0	2.0	4.0	0.0	2.0	1.0	2.0	0.0	0.0	0.0	0.0	2.0	0.0	0.0	0.0	0.0	0.0	0.0	0.0	0.0	0.0
	3p	+	78	178.0	110.0	103.0	156.0	547.0	2.0	3.0	1.0	3.0	4.0	0.0	0.0	2.0	0.0	3.0	0.0	1.0	0.0	0.0	0.0	0.0	0.0	0.0	0.0	0.0	0.0
	3p	+	79	150.0	99.0	101.0	172.0	522.0	5.0	1.0	2.0	2.0	1.0	1.0	0.0	1.0	1.0	1.0	0.0	1.0	0.0	0.0	0.0	0.0	0.0	0.0	0.0	0.0	0.0
	3p	+	80	149.0	114.0	89.0	146.0	498.0	1.0	3.0	1.0	2.0	2.0	0.0	2.0	1.0	0.0	1.0	1.0	1.0	0.0	0.0	0.0	0.0	0.0	0.0	0.0	0.0	0.0
	3p	+	81	133.0	107.0	95.0	140.0	475.0	1.0	3.0	2.0	3.0	0.0	0.0	0.0	0.0	2.0	1.0	0.0	1.0	0.0	0.0	0.0	0.0	0.0	0.0	0.0	0.0	0.0
	3p	+	82	154.0	80.0	79.0	137.0	450.0	2.0	0.0	2.0	0.0	1.0	2.0	1.0	0.0	0.0	0.0	0.0	1.0	0.0	0.0	0.0	0.0	0.0	0.0	0.0	0.0	0.0
	3p	+	83	139.0	91.0	84.0	119.0	433.0	1.0	2.0	2.0	0.0	1.0	0.0	0.0	0.0	0.0	2.0	1.0	1.0	0.0	0.0	0.0	0.0	0.0	0.0	0.0	0.0	0.0
	3p	+	84	133.0	72.0	77.0	123.0	405.0	0.0	1.0	1.0	1.0	0.0	1.0	1.0	0.0	1.0	0.0	0.0	0.0	0.0	0.0	0.0	0.0	0.0	0.0	0.0	0.0	0.0
	3p	+	85	118.0	86.0	68.0	117.0	389.0	1.0	4.0	3.0	3.0	0.0	0.0	1.0	0.0	0.0	1.0	0.0	0.0	0.0	0.0	0.0	0.0	0.0	0.0	0.0	0.0	0.0
	3p	+	86	113.0	73.0	74.0	107.0	367.0	1.0	1.0	1.0	3.0	0.0	0.0	1.0	0.0	0.0	2.0	0.0	0.0	0.0	0.0	0.0	0.0	0.0	0.0	0.0	0.0	0.0
	3p	+	87	100.0	60.0	75.0	112.0	347.0	1.0	1.0	1.0	1.0	1.0	0.0	0.0	0.0	0.0	0.0	0.0	1.0	0.0	0.0	0.0	0.0	0.0	0.0	0.0	0.0	0.0
	3p	+	88	94.0	59.0	74.0	108.0	335.0	3.0	1.0	2.0	1.0	0.0	2.0	0.0	0.0	0.0	0.0	0.0	1.0	0.0	0.0	0.0	0.0	0.0	0.0	0.0	0.0	0.0
	3p	+	89	92.0	74.0	53.0	100.0	319.0	2.0	2.0	0.0	4.0	0.0	0.0	1.0	2.0	0.0	1.0	0.0	0.0	0.0	0.0	0.0	0.0	0.0	0.0	0.0	0.0	0.0
	3p	+	90	88.0	64.0	59.0	92.0	303.0	0.0	2.0	1.0	3.0	2.0	1.0	0.0	0.0	2.0	1.0	0.0	0.0	0.0	0.0	0.0	0.0	0.0	0.0	0.0	0.0	0.0
	3p	+	91	90.0	54.0	58.0	89.0	291.0	1.0	1.0	3.0	1.0	0.0	1.0	1.0	0.0	1.0	0.0	1.0	1.0	0.0	0.0	0.0	0.0	0.0	0.0	0.0	0.0	0.0
	3p	+	92	90.0	63.0	48.0	80.0	281.0	2.0	1.0	0.0	0.0	1.0	0.0	0.0	0.0	0.0	0.0	0.0	0.0	0.0	0.0	0.0	0.0	0.0	0.0	0.0	0.0	0.0
	3p	+	93	94.0	39.0	55.0	84.0	272.0	2.0	0.0	1.0	0.0	2.0	0.0	0.0	0.0	0.0	0.0	2.0	1.0	0.0	0.0	0.0	0.0	0.0	0.0	0.0	0.0	0.0
	3p	+	94	91.0	38.0	52.0	77.0	258.0	0.0	1.0	0.0	1.0	0.0	0.0	0.0	0.0	0.0	1.0	0.0	0.0	0.0	0.0	0.0	0.0	0.0	0.0	0.0	0.0	0.0
	3p	+	95	83.0	44.0	47.0	73.0	247.0	2.0	1.0	2.0	1.0	2.0	0.0	0.0	0.0	0.0	0.0	0.0	0.0	0.0	0.0	0.0	0.0	0.0	0.0	0.0	0.0	0.0
	3p	+	96	81.0	48.0	38.0	69.0	236.0	1.0	2.0	0.0	0.0	1.0	1.0	0.0	0.0	0.0	1.0	0.0	0.0	0.0	0.0	0.0	0.0	0.0	0.0	0.0	0.0	0.0
	3p	+	97	65.0	50.0	44.0	62.0	221.0	0.0	1.0	0.0	0.0	0.0	0.0	1.0	0.0	0.0	0.0	1.0	0.0	0.0	0.0	0.0	0.0	0.0	0.0	0.0	0.0	0.0
	3p	+	98	75.0	41.0	38.0	59.0	213.0	0.0	1.0	0.0	0.0	0.0	0.0	0.0	0.0	0.0	1.0	1.0	0.0	0.0	0.0	0.0	0.0	1.0	0.0	0.0	0.0	0.0
	3p	+	99	67.0	42.0	38.0	61.0	208.0	1.0	0.0	0.0	2.0	0.0	1.0	0.0	0.0	0.0	0.0	0.0	0.0	0.0	0.0	0.0	0.0	0.0	0.0	0.0	0.0	0.0
	3p	+	100	67.0	45.0	34.0	57.0	203.0	2.0	1.0	1.0	0.0	0.0	1.0	0.0	1.0	0.0	1.0	0.0	0.0	0.0	0.0	0.0	0.0	0.0	0.0	0.0	0.0	0.0
	3p	-	1	2142.0	1269.0	1117.0	1797.0	6325.0	25.0	262.0	22.0	31.0	13.0	13.0	6.0	14.0	9.0	13.0	8.0	15.00.0	0.0	0.0	0.0	0.0	0.0	0.0	0.0	0.0
	3p	-	2	2387.0	1395.0	1171.0	1373.0	6326.0	34.0	62.0	17.0	19.0	11.0	15.0	8.0	11.0	9.0	9.0	3.0	6.00.0	0.0	0.0	0.0	0.0	0.0	0.0	0.0	0.0
	3p	-	3	2220.0	1405.0	1274.0	1426.0	6325.0	19.0	20.0	24.0	22.0	15.0	6.0	5.0	8.0	7.0	10.0	6.0	10.00.0	0.0	0.0	0.0	1.0	0.0	0.0	0.0	0.0
	3p	-	4	2265.0	1244.0	1257.0	1556.0	6322.0	16.0	20.0	32.0	20.0	12.0	2.0	6.0	9.0	14.0	8.0	4.0	8.00.0	0.0	0.0	0.0	4.0	0.0	1.0	0.0	0.0
	3p	-	5	2193.0	1185.0	1324.0	1621.0	6323.0	25.0	24.0	21.0	18.0	9.0	2.0	3.0	8.0	3.0	6.0	3.0	4.00.0	0.0	0.0	0.0	3.0	0.0	0.0	0.0	0.0
	3p	-	6	2245.0	1130.0	1338.0	1607.0	6320.0	17.0	17.0	23.0	17.0	6.0	4.0	2.0	6.0	8.0	7.0	6.0	6.00.0	0.0	0.0	0.0	2.0	0.0	1.0	3.0	0.0
	3p	-	7	2155.0	1198.0	1255.0	1708.0	6316.0	14.0	16.0	16.0	19.0	12.0	4.0	4.0	6.0	6.0	9.0	9.0	6.00.0	0.0	0.0	0.0	5.0	0.0	2.0	1.0	0.0
	3p	-	8	2175.0	1187.0	1171.0	1787.0	6320.0	21.0	26.0	22.0	13.0	8.0	6.0	2.0	6.0	9.0	7.0	7.0	10.00.0	0.0	0.0	0.0	2.0	0.0	0.0	2.0	0.0
	3p	-	9	2070.0	1240.0	1234.0	1779.0	6323.0	27.0	17.0	18.0	29.0	7.0	6.0	5.0	10.0	7.0	5.0	3.0	7.00.0	0.0	0.0	0.0	3.0	0.0	0.0	0.0	0.0
	3p	-	10	2009.0	1218.0	1251.0	1843.0	6321.0	25.0	21.0	24.0	16.0	6.0	5.0	0.0	5.0	5.0	8.0	5.0	9.00.0	0.0	0.0	0.0	4.0	0.0	1.0	0.0	0.0
	3p	-	11	1963.0	1265.0	1207.0	1888.0	6323.0	21.0	21.0	19.0	26.0	7.0	3.0	6.0	9.0	4.0	6.0	12.0	11.00.0	0.0	0.0	0.0	1.0	0.0	0.0	0.0	0.0
	3p	-	12	1978.0	1191.0	1244.0	1906.0	6319.0	23.0	22.0	11.0	20.0	4.0	5.0	5.0	6.0	4.0	8.0	3.0	7.00.0	0.0	0.0	0.0	2.0	0.0	3.0	1.0	0.0
	3p	-	13	1964.0	1274.0	1226.0	1853.0	6317.0	11.0	21.0	20.0	25.0	3.0	5.0	6.0	7.0	5.0	4.0	6.0	6.00.0	0.0	0.0	0.0	5.0	0.0	2.0	1.0	0.0
	3p	-	14	1954.0	1280.0	1260.0	1823.0	6317.0	29.0	25.0	18.0	22.0	7.0	6.0	5.0	2.0	8.0	7.0	5.0	6.00.0	0.0	0.0	0.0	2.0	0.0	3.0	4.0	0.0
	3p	-	15	2009.0	1270.0	1209.0	1828.0	6316.0	15.0	18.0	22.0	24.0	10.0	4.0	6.0	7.0	5.0	8.0	6.0	8.00.0	0.0	0.0	0.0	4.0	0.0	1.0	1.0	0.0
	3p	-	16	1980.0	1246.0	1196.0	1885.0	6307.0	23.0	29.0	17.0	22.0	6.0	5.0	5.0	10.0	6.0	3.0	4.0	11.00.0	0.0	0.0	0.0	8.0	0.0	3.0	4.0	0.0
	3p	-	17	1956.0	1285.0	1228.0	1845.0	6314.0	23.0	26.0	23.0	9.0	9.0	7.0	3.0	6.0	4.0	4.0	6.0	12.00.0	0.0	0.0	0.0	3.0	0.0	3.0	1.0	0.0
	3p	-	18	1952.0	1300.0	1231.0	1830.0	6313.0	10.0	21.0	13.0	26.0	6.0	4.0	6.0	5.0	3.0	2.0	3.0	11.00.0	0.0	0.0	0.0	5.0	0.0	2.0	3.0	0.0
	3p	-	19	1960.0	1267.0	1244.0	1840.0	6311.0	21.0	27.0	17.0	14.0	5.0	6.0	5.0	2.0	6.0	6.0	2.0	5.00.0	0.0	0.0	0.0	3.0	0.0	5.0	2.0	0.0
	3p	-	20	1998.0	1290.0	1188.0	1844.0	6320.0	17.0	19.0	15.0	19.0	6.0	5.0	4.0	5.0	7.0	3.0	6.0	7.00.0	0.0	0.0	0.0	2.0	0.0	2.0	0.0	0.0
	3p	-	21	1951.0	1336.0	1190.0	1841.0	6318.0	20.0	16.0	19.0	16.0	11.0	5.0	5.0	7.0	7.0	1.0	0.0	5.00.0	0.0	0.0	0.0	4.0	0.0	2.0	1.0	0.0
	3p	-	22	1961.0	1292.0	1240.0	1822.0	6315.0	23.0	27.0	14.0	14.0	1.0	6.0	3.0	6.0	9.0	4.0	8.0	5.00.0	0.0	0.0	0.0	5.0	0.0	1.0	1.0	0.0
	3p	-	23	2003.0	1290.0	1175.0	1844.0	6312.0	20.0	17.0	22.0	20.0	6.0	6.0	3.0	5.0	8.0	5.0	3.0	11.00.0	0.0	0.0	0.0	7.0	0.0	3.0	2.0	0.0
	3p	-	24	1992.0	1282.0	1229.0	1815.0	6318.0	17.0	26.0	19.0	17.0	3.0	4.0	7.0	8.0	7.0	5.0	7.0	12.00.0	0.0	0.0	0.0	2.0	0.0	1.0	3.0	0.0
	3p	-	25	1946.0	1285.0	1220.0	1863.0	6314.0	14.0	18.0	16.0	21.0	5.0	2.0	4.0	4.0	0.0	8.0	5.0	8.00.0	0.0	0.0	0.0	5.0	0.0	1.0	3.0	0.0
	3p	-	26	1957.0	1333.0	1219.0	1804.0	6313.0	13.0	30.0	24.0	29.0	11.0	3.0	7.0	6.0	9.0	5.0	4.0	10.00.0	0.0	0.0	0.0	7.0	0.0	2.0	1.0	0.0
	3p	-	27	1975.0	1341.0	1275.0	1726.0	6317.0	22.0	25.0	22.0	12.0	7.0	3.0	4.0	5.0	8.0	6.0	4.0	7.00.0	0.0	0.0	0.0	3.0	0.0	2.0	2.0	0.0
	3p	-	28	1975.0	1365.0	1228.0	1753.0	6321.0	26.0	31.0	28.0	21.0	11.0	4.0	5.0	5.0	5.0	4.0	5.0	9.00.0	0.0	0.0	0.0	3.0	0.0	0.0	0.0	0.0
	3p	-	29	1943.0	1376.0	1230.0	1773.0	6322.0	16.0	31.0	18.0	14.0	9.0	7.0	1.0	12.0	12.0	8.0	1.0	7.00.0	0.0	0.0	0.0	2.0	0.0	0.0	2.0	0.0
	3p	-	30	1940.0	1355.0	1232.0	1797.0	6324.0	24.0	32.0	19.0	15.0	8.0	8.0	4.0	8.0	8.0	9.0	6.0	8.00.0	0.0	0.0	0.0	1.0	0.0	0.0	0.0	0.0
	3p	-	31	1860.0	1243.0	1182.0	1718.0	6003.0	22.0	20.0	14.0	22.0	8.0	7.0	3.0	9.0	7.0	8.0	3.0	9.00.0	0.0	0.0	0.0	3.0	0.0	1.0	0.0	0.0
	3p	-	32	1777.0	1186.0	1119.0	1590.0	5672.0	24.0	29.0	28.0	12.0	6.0	9.0	6.0	4.0	8.0	4.0	2.0	11.00.0	0.0	0.0	0.0	3.0	0.0	1.0	1.0	0.0
	3p	-	33	1670.0	1111.0	1066.0	1522.0	5369.0	14.0	35.0	34.0	15.0	6.0	8.0	7.0	8.0	4.0	9.0	3.0	10.00.0	0.0	0.0	0.0	2.0	0.0	0.0	0.0	0.0
	3p	-	34	1569.0	1054.0	1022.0	1451.0	5096.0	18.0	15.0	17.0	21.0	8.0	6.0	6.0	1.0	2.0	11.0	6.0	6.00.0	0.0	0.0	0.0	3.0	0.0	0.0	1.0	0.0
	3p	-	35	1531.0	964.0	953.0	1404.0	4852.0	16.0	24.0	18.0	16.0	6.0	2.0	4.0	5.0	4.0	4.0	2.0	8.00.0	0.0	0.0	0.0	3.0	0.0	0.0	0.0	0.0
	3p	-	36	1473.0	963.0	912.0	1261.0	4609.0	20.0	20.0	23.0	12.0	5.0	5.0	6.0	3.0	5.0	10.0	7.0	10.00.0	0.0	0.0	0.0	1.0	0.0	0.0	1.0	0.0
	3p	-	37	1288.0	951.0	869.0	1264.0	4372.0	24.0	18.0	28.0	25.0	5.0	7.0	2.0	5.0	6.0	3.0	6.0	7.00.0	0.0	0.0	0.0	0.0	0.0	0.0	0.0	0.0
	3p	-	38	1318.0	874.0	788.0	1178.0	4158.0	12.0	19.0	19.0	17.0	5.0	7.0	3.0	5.0	3.0	9.0	2.0	6.00.0	0.0	0.0	0.0	1.0	0.0	0.0	0.0	0.0
	3p	-	39	1211.0	805.0	737.0	1192.0	3945.0	14.0	16.0	13.0	7.0	7.0	7.0	4.0	5.0	5.0	5.0	2.0	5.00.0	0.0	0.0	0.0	1.0	0.0	0.0	1.0	0.0
	3p	-	40	1184.0	761.0	717.0	1074.0	3736.0	14.0	10.0	24.0	15.0	1.0	8.0	5.0	2.0	6.0	4.0	2.0	4.00.0	0.0	0.0	0.0	1.0	0.0	1.0	0.0	0.0
	3p	-	41	1090.0	767.0	683.0	1006.0	3546.0	14.0	21.0	13.0	7.0	4.0	8.0	1.0	6.0	4.0	7.0	2.0	5.00.0	0.0	0.0	0.0	2.0	0.0	0.0	1.0	0.0
	3p	-	42	965.0	703.0	708.0	996.0	3372.0	12.0	9.0	16.0	16.0	4.0	7.0	3.0	9.0	5.0	5.0	8.0	7.00.0	0.0	0.0	0.0	0.0	0.0	1.0	1.0	0.0
	3p	-	43	989.0	655.0	599.0	948.0	3191.0	10.0	19.0	19.0	11.0	4.0	9.0	1.0	4.0	6.0	6.0	4.0	5.00.0	0.0	0.0	0.0	0.0	0.0	1.0	0.0	0.0
	3p	-	44	932.0	653.0	590.0	856.0	3031.0	12.0	12.0	15.0	11.0	3.0	4.0	3.0	4.0	2.0	6.0	5.0	5.00.0	0.0	0.0	0.0	0.0	0.0	0.0	1.0	0.0
	3p	-	45	854.0	649.0	553.0	804.0	2860.0	9.0	14.0	11.0	7.0	1.0	2.0	3.0	6.0	4.0	3.0	2.0	3.00.0	0.0	0.0	0.0	0.0	0.0	0.0	0.0	0.0
	3p	-	46	846.0	575.0	499.0	806.0	2726.0	12.0	12.0	8.0	8.0	1.0	4.0	3.0	6.0	3.0	7.0	0.0	7.00.0	0.0	0.0	0.0	0.0	0.0	0.0	0.0	0.0
	3p	-	47	804.0	540.0	513.0	736.0	2593.0	19.0	9.0	7.0	7.0	5.0	7.0	4.0	2.0	2.0	6.0	3.0	4.00.0	0.0	0.0	0.0	1.0	0.0	1.0	1.0	0.0
	3p	-	48	757.0	493.0	509.0	703.0	2462.0	11.0	12.0	11.0	4.0	6.0	3.0	3.0	1.0	3.0	3.0	5.0	3.00.0	0.0	0.0	0.0	0.0	0.0	0.0	0.0	0.0
	3p	-	49	771.0	468.0	414.0	693.0	2346.0	6.0	11.0	2.0	6.0	3.0	1.0	3.0	3.0	5.0	4.0	4.0	0.00.0	0.0	0.0	0.0	0.0	0.0	0.0	0.0	0.0
	3p	-	50	715.0	483.0	404.0	612.0	2214.0	9.0	15.0	9.0	9.0	5.0	8.0	1.0	4.0	1.0	2.0	1.0	2.00.0	0.0	0.0	0.0	0.0	0.0	0.0	0.0	0.0
	3p	-	51	619.0	471.0	430.0	588.0	2108.0	8.0	8.0	10.0	6.0	2.0	1.0	2.0	1.0	2.0	1.0	2.0	6.00.0	0.0	0.0	0.0	0.0	0.0	0.0	0.0	0.0
	3p	-	52	630.0	416.0	399.0	556.0	2001.0	5.0	6.0	10.0	8.0	2.0	3.0	3.0	4.0	3.0	5.0	0.0	4.00.0	0.0	0.0	0.0	1.0	0.0	0.0	0.0	0.0
	3p	-	53	610.0	360.0	374.0	567.0	1911.0	7.0	12.0	4.0	9.0	2.0	3.0	0.0	4.0	0.0	2.0	4.0	7.00.0	0.0	0.0	0.0	0.0	0.0	0.0	0.0	0.0
	3p	-	54	557.0	375.0	352.0	539.0	1823.0	10.0	4.0	6.0	7.0	5.0	6.0	2.0	1.0	7.0	5.0	0.0	5.00.0	0.0	0.0	0.0	0.0	0.0	0.0	0.0	0.0
	3p	-	55	530.0	356.0	337.0	520.0	1743.0	8.0	8.0	4.0	15.0	4.0	3.0	0.0	4.0	1.0	3.0	0.0	0.00.0	0.0	0.0	0.0	0.0	0.0	0.0	0.0	0.0
	3p	-	56	508.0	344.0	311.0	487.0	1650.0	2.0	5.0	7.0	6.0	3.0	2.0	2.0	1.0	4.0	10.0	2.0	3.00.0	0.0	0.0	0.0	0.0	0.0	0.0	0.0	0.0
	3p	-	57	490.0	332.0	319.0	446.0	1587.0	4.0	6.0	3.0	3.0	1.0	0.0	4.0	0.0	2.0	0.0	3.0	6.00.0	0.0	0.0	0.0	0.0	0.0	0.0	0.0	0.0
	3p	-	58	497.0	307.0	261.0	435.0	1500.0	9.0	4.0	6.0	4.0	4.0	2.0	1.0	4.0	1.0	3.0	0.0	2.00.0	0.0	0.0	0.0	0.0	0.0	0.0	0.0	0.0
	3p	-	59	432.0	297.0	299.0	405.0	1433.0	7.0	10.0	6.0	4.0	5.0	3.0	1.0	1.0	1.0	3.0	2.0	1.00.0	0.0	0.0	0.0	0.0	0.0	1.0	0.0	0.0
	3p	-	60	436.0	263.0	264.0	405.0	1368.0	8.0	6.0	9.0	2.0	2.0	0.0	1.0	1.0	1.0	0.0	1.0	5.00.0	0.0	0.0	0.0	0.0	0.0	0.0	1.0	0.0
	3p	-	61	357.0	300.0	255.0	393.0	1305.0	6.0	7.0	5.0	6.0	1.0	4.0	0.0	3.0	4.0	1.0	0.0	1.00.0	0.0	0.0	0.0	1.0	0.0	0.0	0.0	0.0
	3p	-	62	377.0	251.0	224.0	384.0	1236.0	1.0	8.0	3.0	6.0	0.0	2.0	0.0	2.0	2.0	5.0	3.0	2.00.0	0.0	0.0	0.0	0.0	0.0	0.0	0.0	0.0
	3p	-	63	349.0	269.0	230.0	329.0	1177.0	8.0	6.0	7.0	3.0	1.0	1.0	1.0	2.0	0.0	4.0	1.0	1.00.0	0.0	0.0	0.0	0.0	0.0	0.0	0.0	0.0
	3p	-	64	309.0	236.0	249.0	315.0	1109.0	10.0	4.0	5.0	1.0	0.0	1.0	1.0	5.0	3.0	2.0	1.0	4.00.0	0.0	0.0	0.0	1.0	0.0	0.0	0.0	0.0
	3p	-	65	345.0	238.0	183.0	285.0	1051.0	1.0	6.0	2.0	3.0	2.0	2.0	4.0	1.0	2.0	0.0	0.0	0.00.0	0.0	0.0	0.0	0.0	0.0	2.0	0.0	0.0
	3p	-	66	301.0	198.0	185.0	300.0	984.0	4.0	7.0	2.0	6.0	1.0	0.0	2.0	1.0	1.0	5.0	2.0	3.00.0	0.0	0.0	0.0	1.0	0.0	0.0	0.0	0.0
	3p	-	67	280.0	187.0	199.0	270.0	936.0	10.0	0.0	3.0	3.0	0.0	2.0	2.0	1.0	1.0	1.0	0.0	1.00.0	0.0	0.0	0.0	1.0	0.0	0.0	0.0	0.0
	3p	-	68	264.0	188.0	163.0	272.0	887.0	2.0	3.0	4.0	4.0	1.0	4.0	2.0	1.0	2.0	1.0	0.0	5.00.0	0.0	0.0	0.0	0.0	0.0	0.0	0.0	0.0
	3p	-	69	253.0	192.0	150.0	251.0	846.0	5.0	1.0	4.0	6.0	2.0	0.0	2.0	2.0	1.0	3.0	1.0	1.00.0	0.0	0.0	0.0	0.0	0.0	0.0	0.0	0.0
	3p	-	70	223.0	171.0	156.0	248.0	798.0	3.0	3.0	3.0	3.0	1.0	0.0	0.0	2.0	1.0	3.0	0.0	2.00.0	0.0	0.0	0.0	0.0	0.0	0.0	0.0	0.0
	3p	-	71	234.0	154.0	146.0	211.0	745.0	3.0	1.0	2.0	3.0	3.0	2.0	2.0	1.0	0.0	0.0	0.0	3.00.0	0.0	0.0	0.0	0.0	0.0	0.0	0.0	0.0
	3p	-	72	226.0	148.0	126.0	217.0	717.0	2.0	4.0	4.0	1.0	0.0	0.0	1.0	1.0	0.0	0.0	0.0	1.00.0	0.0	0.0	0.0	1.0	0.0	0.0	0.0	0.0
	3p	-	73	204.0	148.0	140.0	190.0	682.0	1.0	4.0	2.0	4.0	0.0	1.0	0.0	2.0	2.0	0.0	1.0	0.00.0	0.0	0.0	0.0	0.0	0.0	0.0	0.0	0.0
	3p	-	74	198.0	138.0	140.0	179.0	655.0	1.0	4.0	3.0	2.0	1.0	0.0	1.0	1.0	1.0	1.0	2.0	2.00.0	0.0	0.0	0.0	0.0	0.0	0.0	0.0	0.0
	3p	-	75	193.0	136.0	112.0	187.0	628.0	3.0	2.0	3.0	2.0	0.0	1.0	0.0	1.0	0.0	1.0	0.0	1.00.0	0.0	0.0	0.0	0.0	0.0	0.0	0.0	0.0
	3p	-	76	175.0	128.0	113.0	180.0	596.0	1.0	1.0	4.0	3.0	1.0	1.0	0.0	2.0	1.0	1.0	0.0	0.00.0	0.0	0.0	0.0	0.0	0.0	0.0	0.0	0.0
	3p	-	77	189.0	127.0	101.0	142.0	559.0	3.0	4.0	3.0	0.0	0.0	0.0	1.0	0.0	1.0	0.0	1.0	0.00.0	0.0	0.0	0.0	0.0	0.0	0.0	0.0	0.0
	3p	-	78	167.0	124.0	100.0	142.0	533.0	3.0	5.0	1.0	4.0	1.0	0.0	3.0	0.0	0.0	3.0	0.0	4.00.0	0.0	0.0	0.0	0.0	0.0	0.0	0.0	0.0
	3p	-	79	158.0	110.0	86.0	156.0	510.0	0.0	5.0	6.0	3.0	1.0	0.0	1.0	0.0	0.0	2.0	1.0	1.00.0	0.0	0.0	0.0	0.0	0.0	0.0	0.0	0.0
	3p	-	80	146.0	101.0	99.0	128.0	474.0	6.0	2.0	1.0	0.0	0.0	0.0	2.0	2.0	2.0	0.0	0.0	0.00.0	0.0	0.0	0.0	1.0	0.0	0.0	0.0	0.0
	3p	-	81	109.0	104.0	88.0	155.0	456.0	2.0	1.0	3.0	2.0	1.0	1.0	1.0	2.0	1.0	1.0	1.0	1.00.0	0.0	0.0	0.0	0.0	0.0	1.0	0.0	0.0
	3p	-	82	122.0	96.0	74.0	135.0	427.0	0.0	2.0	4.0	2.0	0.0	1.0	0.0	0.0	0.0	2.0	0.0	1.00.0	0.0	0.0	0.0	0.0	0.0	0.0	0.0	0.0
	3p	-	83	101.0	89.0	70.0	142.0	402.0	2.0	2.0	0.0	4.0	0.0	1.0	0.0	1.0	2.0	0.0	0.0	0.00.0	0.0	0.0	0.0	0.0	0.0	0.0	0.0	0.0
	3p	-	84	121.0	71.0	77.0	114.0	383.0	3.0	2.0	1.0	2.0	0.0	0.0	0.0	2.0	1.0	0.0	0.0	0.00.0	0.0	0.0	0.0	0.0	0.0	0.0	0.0	0.0
	3p	-	85	103.0	72.0	75.0	115.0	365.0	1.0	0.0	0.0	0.0	0.0	1.0	1.0	1.0	0.0	2.0	1.0	1.00.0	0.0	0.0	0.0	0.0	0.0	0.0	0.0	0.0
	3p	-	86	104.0	70.0	72.0	101.0	347.0	1.0	4.0	2.0	0.0	0.0	0.0	0.0	1.0	0.0	0.0	0.0	1.00.0	0.0	0.0	0.0	0.0	0.0	0.0	0.0	0.0
	3p	-	87	90.0	75.0	63.0	106.0	334.0	1.0	3.0	2.0	0.0	1.0	1.0	1.0	0.0	1.0	0.0	0.0	0.00.0	0.0	0.0	0.0	0.0	0.0	0.0	0.0	0.0
	3p	-	88	102.0	55.0	57.0	102.0	316.0	1.0	1.0	2.0	0.0	0.0	0.0	0.0	0.0	0.0	1.0	0.0	1.00.0	0.0	0.0	0.0	0.0	0.0	0.0	0.0	0.0
	3p	-	89	89.0	71.0	55.0	88.0	303.0	2.0	0.0	1.0	2.0	1.0	0.0	0.0	0.0	0.0	0.0	0.0	1.00.0	0.0	0.0	0.0	0.0	0.0	0.0	0.0	0.0
	3p	-	90	106.0	58.0	41.0	85.0	290.0	0.0	2.0	3.0	0.0	0.0	1.0	2.0	0.0	0.0	0.0	1.0	0.00.0	0.0	0.0	0.0	0.0	0.0	0.0	0.0	0.0
	3p	-	91	76.0	72.0	52.0	74.0	274.0	4.0	1.0	0.0	1.0	1.0	1.0	0.0	1.0	1.0	0.0	0.0	0.00.0	0.0	0.0	0.0	0.0	0.0	0.0	0.0	0.0
	3p	-	92	84.0	54.0	53.0	70.0	261.0	0.0	0.0	1.0	1.0	1.0	0.0	0.0	0.0	0.0	0.0	0.0	0.00.0	0.0	0.0	0.0	0.0	0.0	0.0	0.0	0.0
	3p	-	93	76.0	52.0	43.0	74.0	245.0	1.0	0.0	1.0	2.0	0.0	0.0	0.0	0.0	2.0	0.0	0.0	0.00.0	0.0	0.0	0.0	0.0	0.0	0.0	0.0	0.0
	3p	-	94	61.0	52.0	47.0	70.0	230.0	1.0	0.0	1.0	1.0	0.0	0.0	0.0	0.0	1.0	1.0	0.0	0.00.0	0.0	0.0	0.0	0.0	0.0	0.0	0.0	0.0
	3p	-	95	64.0	53.0	44.0	58.0	219.0	0.0	0.0	0.0	0.0	1.0	0.0	0.0	0.0	0.0	0.0	0.0	0.00.0	0.0	0.0	0.0	0.0	0.0	0.0	0.0	0.0
	3p	-	96	61.0	40.0	47.0	64.0	212.0	1.0	1.0	0.0	1.0	0.0	0.0	0.0	0.0	0.0	0.0	0.0	0.00.0	0.0	0.0	0.0	0.0	0.0	0.0	0.0	0.0
	3p	-	97	59.0	40.0	37.0	63.0	199.0	1.0	1.0	1.0	0.0	0.0	0.0	1.0	0.0	0.0	0.0	0.0	1.00.0	0.0	0.0	0.0	0.0	0.0	0.0	0.0	0.0
	3p	-	98	59.0	39.0	33.0	58.0	189.0	1.0	1.0	2.0	2.0	0.0	1.0	0.0	0.0	0.0	0.0	0.0	1.00.0	0.0	0.0	0.0	0.0	0.0	0.0	0.0	0.0
	3p	-	99	60.0	40.0	35.0	41.0	176.0	2.0	0.0	1.0	0.0	0.0	2.0	0.0	0.0	0.0	0.0	1.0	0.00.0	0.0	0.0	0.0	0.0	0.0	0.0	0.0	0.0
	3p	-	100	53.0	31.0	35.0	51.0	170.0	0.0	0.0	2.0	2.0	1.0	0.0	0.0	2.0	0.0	1.0	0.0	0.00.0	0.0	0.0	0.0	0.0	0.0	0.0	0.0	0.0
	5p	+	1	2019.0	1366.0	1266.0	1643.0	6294.0	67.0	95.0	89.0	32.0	24.0	53.0	15.0	53.0	23.0	96.0	12.0	33.00.0	0.0	0.0	0.0	0.0	0.0	0.0	0.0	0.0
	5p	+	2	1967.0	1313.0	1243.0	1769.0	6292.0	46.0	46.0	45.0	44.0	12.0	34.0	13.0	14.0	10.0	43.0	12.0	25.00.0	0.0	0.0	0.0	0.0	0.0	0.0	0.0	0.0
	5p	+	3	1931.0	1560.0	1188.0	1615.0	6294.0	27.0	32.0	25.0	32.0	15.0	13.0	7.0	13.0	9.0	17.0	15.0	6.00.0	0.0	0.0	0.0	1.0	0.0	0.0	0.0	0.0
	5p	+	4	1982.0	1536.0	1234.0	1540.0	6292.0	37.0	27.0	20.0	24.0	11.0	10.0	7.0	5.0	3.0	11.0	6.0	5.00.0	0.0	0.0	0.0	1.0	0.0	1.0	1.0	0.0
	5p	+	5	1869.0	1583.0	1288.0	1544.0	6284.0	13.0	23.0	26.0	23.0	17.0	5.0	4.0	8.0	8.0	4.0	5.0	5.00.0	0.0	0.0	0.0	5.0	0.0	4.0	2.0	0.0
	5p	+	6	1831.0	1499.0	1284.0	1671.0	6285.0	16.0	20.0	20.0	18.0	11.0	5.0	1.0	10.0	6.0	6.0	6.0	7.00.0	0.0	0.0	0.0	4.0	0.0	2.0	5.0	0.0
	5p	+	7	2020.0	1408.0	1242.0	1618.0	6288.0	13.0	16.0	21.0	18.0	7.0	3.0	11.0	10.0	3.0	3.0	3.0	6.00.0	0.0	0.0	0.0	3.0	0.0	0.0	3.0	0.0
	5p	+	8	2007.0	1311.0	1254.0	1709.0	6281.0	17.0	30.0	19.0	21.0	6.0	2.0	2.0	9.0	5.0	3.0	3.0	6.00.0	0.0	0.0	0.0	3.0	0.0	6.0	5.0	0.0
	5p	+	9	1956.0	1297.0	1280.0	1752.0	6285.0	27.0	13.0	21.0	23.0	11.0	6.0	6.0	7.0	6.0	5.0	3.0	10.00.0	0.0	0.0	0.0	4.0	0.0	0.0	4.0	0.0
	5p	+	10	2008.0	1288.0	1253.0	1738.0	6287.0	18.0	26.0	25.0	23.0	1.0	9.0	6.0	11.0	6.0	1.0	2.0	11.00.0	0.0	0.0	0.0	5.0	0.0	2.0	2.0	0.0
	5p	+	11	2073.0	1283.0	1239.0	1686.0	6281.0	21.0	24.0	17.0	16.0	7.0	4.0	6.0	6.0	7.0	5.0	7.0	10.00.0	0.0	0.0	0.0	6.0	0.0	4.0	4.0	0.0
	5p	+	12	1988.0	1283.0	1237.0	1779.0	6287.0	23.0	21.0	12.0	18.0	4.0	4.0	5.0	7.0	4.0	2.0	5.0	11.00.0	0.0	0.0	0.0	1.0	0.0	2.0	4.0	0.0
	5p	+	13	1954.0	1317.0	1255.0	1767.0	6293.0	22.0	27.0	25.0	23.0	6.0	4.0	3.0	6.0	4.0	3.0	3.0	6.00.0	0.0	0.0	0.0	3.0	0.0	0.0	1.0	0.0
	5p	+	14	1950.0	1327.0	1205.0	1807.0	6289.0	22.0	20.0	21.0	23.0	3.0	4.0	4.0	5.0	9.0	5.0	4.0	7.00.0	0.0	0.0	0.0	4.0	0.0	1.0	2.0	0.0
	5p	+	15	2028.0	1275.0	1171.0	1807.0	6281.0	20.0	19.0	19.0	19.0	6.0	8.0	5.0	7.0	4.0	3.0	4.0	5.00.0	0.0	0.0	0.0	3.0	0.0	5.0	3.0	0.0
	5p	+	16	1948.0	1327.0	1219.0	1793.0	6287.0	21.0	30.0	29.0	25.0	5.0	3.0	6.0	4.0	7.0	5.0	4.0	4.00.0	0.0	0.0	0.0	4.0	0.0	1.0	2.0	0.0
	5p	+	17	1919.0	1363.0	1167.0	1839.0	6288.0	24.0	23.0	23.0	17.0	7.0	7.0	2.0	3.0	9.0	1.0	8.0	8.00.0	0.0	0.0	0.0	6.0	0.0	3.0	0.0	0.0
	5p	+	18	1924.0	1375.0	1184.0	1805.0	6288.0	17.0	21.0	19.0	24.0	5.0	7.0	2.0	2.0	13.0	6.0	2.0	5.00.0	0.0	0.0	0.0	1.0	0.0	0.0	4.0	0.0
	5p	+	19	1988.0	1294.0	1205.0	1801.0	6288.0	19.0	24.0	25.0	14.0	4.0	2.0	5.0	2.0	4.0	4.0	6.0	9.00.0	0.0	0.0	0.0	2.0	0.0	2.0	1.0	0.0
	5p	+	20	1931.0	1241.0	1261.0	1860.0	6293.0	17.0	24.0	21.0	25.0	6.0	9.0	4.0	6.0	10.0	5.0	2.0	10.00.0	0.0	0.0	0.0	1.0	0.0	1.0	2.0	0.0
	5p	+	21	1917.0	1278.0	1234.0	1862.0	6291.0	14.0	24.0	22.0	17.0	6.0	3.0	3.0	3.0	9.0	4.0	6.0	3.00.0	0.0	0.0	0.0	0.0	0.0	4.0	2.0	0.0
	5p	+	22	1935.0	1317.0	1238.0	1803.0	6293.0	17.0	30.0	29.0	14.0	8.0	3.0	4.0	8.0	6.0	6.0	4.0	9.00.0	0.0	0.0	0.0	1.0	0.0	1.0	1.0	0.0
	5p	+	23	2042.0	1224.0	1242.0	1785.0	6293.0	24.0	10.0	24.0	21.0	16.0	1.0	3.0	8.0	3.0	7.0	2.0	8.00.0	0.0	0.0	0.0	1.0	0.0	0.0	1.0	0.0
	5p	+	24	1909.0	1289.0	1285.0	1805.0	6288.0	20.0	19.0	14.0	21.0	5.0	5.0	4.0	4.0	11.0	3.0	2.0	8.00.0	0.0	0.0	0.0	4.0	0.0	2.0	1.0	0.0
	5p	+	25	1975.0	1320.0	1197.0	1801.0	6293.0	15.0	27.0	22.0	18.0	2.0	3.0	5.0	4.0	8.0	6.0	9.0	5.00.0	0.0	0.0	0.0	0.0	0.0	1.0	2.0	0.0
	5p	+	26	2008.0	1260.0	1208.0	1815.0	6291.0	22.0	24.0	17.0	14.0	8.0	6.0	5.0	8.0	6.0	6.0	4.0	8.00.0	0.0	0.0	0.0	2.0	0.0	2.0	1.0	0.0
	5p	+	27	1985.0	1322.0	1186.0	1799.0	6292.0	18.0	24.0	16.0	19.0	5.0	6.0	6.0	8.0	5.0	6.0	6.0	4.00.0	0.0	0.0	0.0	2.0	0.0	0.0	2.0	0.0
	5p	+	28	2008.0	1279.0	1257.0	1746.0	6290.0	11.0	20.0	32.0	23.0	10.0	9.0	2.0	8.0	4.0	2.0	4.0	3.00.0	0.0	0.0	0.0	3.0	0.0	1.0	2.0	0.0
	5p	+	29	2090.0	1291.0	1204.0	1708.0	6293.0	18.0	31.0	18.0	16.0	5.0	1.0	5.0	8.0	2.0	3.0	3.0	4.00.0	0.0	0.0	0.0	0.0	0.0	0.0	1.0	0.0
	5p	+	30	2014.0	1295.0	1229.0	1753.0	6291.0	18.0	31.0	21.0	23.0	8.0	4.0	4.0	6.0	8.0	9.0	4.0	4.00.0	0.0	0.0	0.0	3.0	0.0	1.0	0.0	0.0
	5p	+	31	1898.0	1166.0	1200.0	1682.0	5946.0	26.0	37.0	15.0	22.0	6.0	4.0	4.0	6.0	12.0	5.0	2.0	4.00.0	0.0	0.0	0.0	1.0	0.0	1.0	3.0	0.0
	5p	+	32	1884.0	1064.0	1067.0	1639.0	5654.0	17.0	30.0	22.0	14.0	11.0	4.0	2.0	5.0	2.0	5.0	5.0	6.00.0	0.0	0.0	0.0	2.0	0.0	1.0	1.0	0.0
	5p	+	33	1758.0	1125.0	977.0	1519.0	5379.0	17.0	34.0	11.0	24.0	9.0	4.0	2.0	10.0	5.0	7.0	3.0	7.00.0	0.0	0.0	0.0	1.0	0.0	1.0	0.0	0.0
	5p	+	34	1654.0	1013.0	983.0	1458.0	5108.0	13.0	32.0	11.0	24.0	7.0	7.0	2.0	6.0	7.0	4.0	3.0	9.00.0	0.0	0.0	0.0	1.0	0.0	0.0	2.0	0.0
	5p	+	35	1578.0	978.0	920.0	1376.0	4852.0	11.0	32.0	13.0	12.0	6.0	5.0	3.0	5.0	4.0	7.0	1.0	4.00.0	0.0	0.0	0.0	2.0	0.0	1.0	1.0	0.0
	5p	+	36	1485.0	919.0	838.0	1349.0	4591.0	18.0	22.0	13.0	19.0	4.0	3.0	2.0	0.0	4.0	6.0	3.0	1.00.0	0.0	0.0	0.0	3.0	0.0	2.0	1.0	0.0
	5p	+	37	1413.0	890.0	858.0	1212.0	4373.0	17.0	25.0	11.0	13.0	2.0	5.0	2.0	8.0	5.0	3.0	2.0	8.00.0	0.0	0.0	0.0	0.0	0.0	1.0	2.0	0.0
	5p	+	38	1305.0	852.0	796.0	1192.0	4145.0	10.0	23.0	20.0	12.0	2.0	3.0	3.0	0.0	4.0	3.0	5.0	7.00.0	0.0	0.0	0.0	1.0	0.0	0.0	0.0	0.0
	5p	+	39	1264.0	775.0	745.0	1173.0	3957.0	7.0	28.0	10.0	16.0	3.0	3.0	4.0	5.0	3.0	3.0	4.0	8.00.0	0.0	0.0	0.0	1.0	0.0	1.0	0.0	0.0
	5p	+	40	1239.0	735.0	740.0	1058.0	3772.0	11.0	26.0	12.0	9.0	6.0	2.0	4.0	3.0	3.0	2.0	4.0	6.00.0	0.0	0.0	0.0	2.0	0.0	0.0	0.0	0.0
	5p	+	41	1134.0	690.0	713.0	1015.0	3552.0	11.0	16.0	11.0	8.0	3.0	0.0	2.0	0.0	5.0	1.0	2.0	3.00.0	0.0	0.0	0.0	1.0	0.0	1.0	0.0	0.0
	5p	+	42	1115.0	668.0	656.0	937.0	3376.0	14.0	25.0	7.0	15.0	3.0	2.0	2.0	1.0	1.0	4.0	1.0	3.00.0	0.0	0.0	0.0	0.0	0.0	0.0	0.0	0.0
	5p	+	43	1017.0	648.0	627.0	899.0	3191.0	12.0	23.0	10.0	10.0	0.0	2.0	1.0	7.0	0.0	2.0	0.0	3.00.0	0.0	0.0	0.0	1.0	0.0	1.0	0.0	0.0
	5p	+	44	966.0	613.0	591.0	852.0	3022.0	15.0	18.0	10.0	10.0	2.0	3.0	1.0	3.0	3.0	4.0	3.0	2.00.0	0.0	0.0	0.0	0.0	0.0	0.0	0.0	0.0
	5p	+	45	964.0	519.0	556.0	850.0	2889.0	8.0	22.0	10.0	6.0	3.0	2.0	1.0	2.0	1.0	1.0	1.0	2.00.0	0.0	0.0	0.0	0.0	0.0	0.0	1.0	0.0
	5p	+	46	843.0	537.0	553.0	827.0	2760.0	13.0	20.0	9.0	8.0	3.0	1.0	4.0	2.0	3.0	2.0	3.0	5.00.0	0.0	0.0	0.0	0.0	0.0	0.0	1.0	0.0
	5p	+	47	797.0	529.0	508.0	777.0	2611.0	4.0	20.0	11.0	10.0	2.0	1.0	1.0	3.0	0.0	0.0	2.0	2.00.0	0.0	0.0	0.0	2.0	0.0	1.0	0.0	0.0
	5p	+	48	813.0	444.0	478.0	746.0	2481.0	9.0	6.0	9.0	7.0	2.0	0.0	0.0	2.0	4.0	6.0	3.0	5.00.0	0.0	0.0	0.0	1.0	0.0	0.0	1.0	0.0
	5p	+	49	739.0	456.0	490.0	673.0	2358.0	9.0	17.0	6.0	12.0	2.0	0.0	1.0	2.0	2.0	1.0	4.0	2.00.0	0.0	0.0	0.0	2.0	0.0	1.0	0.0	0.0
	5p	+	50	692.0	443.0	459.0	654.0	2248.0	12.0	17.0	5.0	10.0	2.0	2.0	4.0	1.0	1.0	1.0	4.0	3.00.0	0.0	0.0	0.0	0.0	0.0	0.0	0.0	0.0
	5p	+	51	692.0	432.0	405.0	604.0	2133.0	11.0	8.0	9.0	4.0	2.0	3.0	0.0	2.0	4.0	2.0	1.0	5.00.0	0.0	0.0	0.0	0.0	0.0	1.0	0.0	0.0
	5p	+	52	666.0	378.0	378.0	596.0	2018.0	10.0	9.0	5.0	2.0	2.0	3.0	0.0	1.0	1.0	1.0	1.0	5.00.0	0.0	0.0	0.0	1.0	0.0	0.0	0.0	0.0
	5p	+	53	594.0	385.0	375.0	565.0	1919.0	4.0	15.0	7.0	5.0	1.0	4.0	0.0	4.0	2.0	1.0	0.0	2.00.0	0.0	0.0	0.0	1.0	0.0	0.0	0.0	0.0
	5p	+	54	592.0	360.0	369.0	500.0	1821.0	5.0	9.0	5.0	4.0	4.0	2.0	0.0	2.0	1.0	3.0	1.0	0.00.0	0.0	0.0	0.0	1.0	0.0	0.0	0.0	0.0
	5p	+	55	547.0	339.0	351.0	496.0	1733.0	3.0	8.0	9.0	8.0	1.0	2.0	0.0	0.0	1.0	5.0	0.0	1.00.0	0.0	0.0	0.0	1.0	0.0	2.0	0.0	0.0
	5p	+	56	531.0	312.0	323.0	494.0	1660.0	6.0	9.0	7.0	4.0	1.0	0.0	0.0	2.0	0.0	1.0	0.0	1.00.0	0.0	0.0	0.0	0.0	0.0	0.0	1.0	0.0
	5p	+	57	507.0	271.0	339.0	451.0	1568.0	9.0	9.0	5.0	4.0	2.0	1.0	1.0	1.0	0.0	1.0	3.0	2.00.0	0.0	0.0	0.0	0.0	0.0	0.0	0.0	0.0
	5p	+	58	493.0	288.0	299.0	421.0	1501.0	5.0	7.0	6.0	7.0	2.0	1.0	2.0	3.0	2.0	0.0	0.0	3.00.0	0.0	0.0	0.0	1.0	0.0	0.0	1.0	0.0
	5p	+	59	477.0	264.0	262.0	424.0	1427.0	8.0	9.0	5.0	3.0	3.0	0.0	0.0	4.0	5.0	2.0	2.0	1.00.0	0.0	0.0	0.0	1.0	0.0	0.0	0.0	0.0
	5p	+	60	444.0	243.0	272.0	384.0	1343.0	5.0	4.0	5.0	3.0	4.0	1.0	0.0	1.0	1.0	0.0	1.0	3.00.0	0.0	0.0	0.0	0.0	0.0	0.0	0.0	0.0
	5p	+	61	390.0	272.0	242.0	384.0	1288.0	4.0	3.0	1.0	5.0	1.0	0.0	0.0	5.0	1.0	1.0	0.0	1.00.0	0.0	0.0	0.0	1.0	0.0	0.0	0.0	0.0
	5p	+	62	395.0	255.0	218.0	358.0	1226.0	3.0	4.0	4.0	7.0	2.0	0.0	1.0	2.0	2.0	2.0	1.0	0.00.0	0.0	0.0	0.0	3.0	0.0	0.0	0.0	0.0
	5p	+	63	373.0	228.0	208.0	356.0	1165.0	4.0	10.0	3.0	4.0	2.0	1.0	1.0	1.0	2.0	0.0	1.0	4.00.0	0.0	0.0	0.0	0.0	0.0	0.0	0.0	0.0
	5p	+	64	367.0	207.0	220.0	325.0	1119.0	3.0	2.0	2.0	3.0	3.0	0.0	0.0	1.0	0.0	0.0	2.0	1.00.0	0.0	0.0	0.0	0.0	0.0	0.0	1.0	0.0
	5p	+	65	354.0	179.0	196.0	340.0	1069.0	2.0	4.0	6.0	3.0	1.0	4.0	0.0	0.0	0.0	2.0	0.0	0.00.0	0.0	0.0	0.0	0.0	0.0	0.0	0.0	0.0
	5p	+	66	329.0	198.0	189.0	300.0	1016.0	4.0	4.0	3.0	2.0	2.0	1.0	2.0	1.0	0.0	0.0	1.0	3.00.0	0.0	0.0	0.0	0.0	0.0	0.0	1.0	0.0
	5p	+	67	333.0	181.0	184.0	271.0	969.0	5.0	1.0	6.0	4.0	1.0	2.0	0.0	1.0	0.0	1.0	1.0	0.00.0	0.0	0.0	0.0	0.0	0.0	0.0	0.0	0.0
	5p	+	68	302.0	177.0	172.0	266.0	917.0	3.0	4.0	2.0	4.0	0.0	2.0	2.0	2.0	2.0	2.0	0.0	2.00.0	0.0	0.0	0.0	1.0	0.0	0.0	0.0	0.0
	5p	+	69	279.0	185.0	165.0	241.0	870.0	2.0	6.0	3.0	1.0	2.0	1.0	0.0	0.0	1.0	0.0	0.0	0.00.0	0.0	0.0	0.0	0.0	0.0	0.0	0.0	0.0
	5p	+	70	264.0	159.0	138.0	271.0	832.0	7.0	3.0	2.0	0.0	0.0	2.0	2.0	0.0	0.0	1.0	1.0	0.00.0	0.0	0.0	0.0	1.0	0.0	0.0	0.0	0.0
	5p	+	71	234.0	154.0	145.0	261.0	794.0	2.0	3.0	3.0	2.0	2.0	0.0	0.0	0.0	1.0	1.0	0.0	1.00.0	0.0	0.0	0.0	1.0	0.0	0.0	0.0	0.0
	5p	+	72	260.0	164.0	130.0	204.0	758.0	0.0	6.0	3.0	2.0	2.0	0.0	0.0	0.0	0.0	0.0	2.0	1.00.0	0.0	0.0	0.0	0.0	0.0	0.0	0.0	0.0
	5p	+	73	242.0	137.0	137.0	205.0	721.0	0.0	4.0	2.0	0.0	0.0	2.0	1.0	1.0	3.0	0.0	1.0	0.00.0	0.0	0.0	0.0	0.0	0.0	0.0	0.0	0.0
	5p	+	74	223.0	134.0	126.0	209.0	692.0	2.0	3.0	2.0	2.0	1.0	3.0	1.0	4.0	0.0	0.0	0.0	0.00.0	0.0	0.0	0.0	0.0	0.0	0.0	0.0	0.0
	5p	+	75	202.0	138.0	120.0	190.0	650.0	3.0	3.0	3.0	1.0	0.0	0.0	2.0	3.0	1.0	0.0	0.0	1.00.0	0.0	0.0	0.0	0.0	0.0	0.0	0.0	0.0
	5p	+	76	181.0	155.0	108.0	181.0	625.0	2.0	7.0	0.0	0.0	0.0	0.0	0.0	0.0	0.0	0.0	0.0	1.00.0	0.0	0.0	0.0	0.0	0.0	0.0	0.0	0.0
	5p	+	77	194.0	116.0	110.0	171.0	591.0	1.0	3.0	4.0	2.0	1.0	0.0	0.0	0.0	1.0	0.0	3.0	1.00.0	0.0	0.0	0.0	0.0	0.0	0.0	0.0	0.0
	5p	+	78	169.0	110.0	103.0	165.0	547.0	4.0	2.0	2.0	2.0	1.0	0.0	2.0	0.0	1.0	0.0	0.0	0.00.0	0.0	0.0	0.0	0.0	0.0	0.0	0.0	0.0
	5p	+	79	160.0	106.0	103.0	153.0	522.0	1.0	1.0	2.0	0.0	0.0	0.0	0.0	0.0	0.0	0.0	0.0	2.00.0	0.0	0.0	0.0	0.0	0.0	0.0	0.0	0.0
	5p	+	80	161.0	79.0	89.0	167.0	496.0	1.0	2.0	3.0	1.0	0.0	0.0	0.0	0.0	0.0	0.0	0.0	0.00.0	0.0	0.0	0.0	1.0	0.0	0.0	1.0	0.0
	5p	+	81	153.0	92.0	98.0	131.0	474.0	0.0	2.0	1.0	2.0	0.0	0.0	1.0	0.0	1.0	1.0	1.0	0.00.0	0.0	0.0	0.0	0.0	0.0	1.0	0.0	0.0
	5p	+	82	138.0	103.0	73.0	136.0	450.0	2.0	4.0	2.0	3.0	0.0	0.0	1.0	0.0	0.0	0.0	0.0	0.00.0	0.0	0.0	0.0	0.0	0.0	0.0	0.0	0.0
	5p	+	83	130.0	89.0	78.0	136.0	433.0	1.0	3.0	0.0	4.0	0.0	0.0	0.0	1.0	0.0	0.0	1.0	1.00.0	0.0	0.0	0.0	0.0	0.0	0.0	0.0	0.0
	5p	+	84	139.0	65.0	79.0	122.0	405.0	1.0	0.0	0.0	0.0	1.0	0.0	0.0	0.0	0.0	0.0	0.0	1.00.0	0.0	0.0	0.0	0.0	0.0	0.0	0.0	0.0
	5p	+	85	127.0	71.0	82.0	108.0	388.0	1.0	1.0	1.0	2.0	1.0	0.0	0.0	1.0	0.0	0.0	0.0	0.00.0	0.0	0.0	0.0	0.0	0.0	0.0	0.0	0.0
	5p	+	86	120.0	75.0	77.0	95.0	367.0	2.0	0.0	1.0	1.0	0.0	0.0	0.0	0.0	2.0	0.0	0.0	0.00.0	0.0	0.0	0.0	0.0	0.0	0.0	0.0	0.0
	5p	+	87	118.0	67.0	63.0	99.0	347.0	2.0	3.0	2.0	2.0	0.0	0.0	1.0	0.0	0.0	0.0	0.0	0.00.0	0.0	0.0	0.0	0.0	0.0	0.0	0.0	0.0
	5p	+	88	109.0	55.0	67.0	104.0	335.0	2.0	1.0	1.0	2.0	0.0	2.0	0.0	0.0	0.0	0.0	1.0	0.00.0	0.0	0.0	0.0	0.0	0.0	0.0	0.0	0.0
	5p	+	89	108.0	58.0	70.0	83.0	319.0	2.0	1.0	1.0	0.0	0.0	1.0	0.0	0.0	0.0	0.0	1.0	0.00.0	0.0	0.0	0.0	0.0	0.0	0.0	0.0	0.0
	5p	+	90	115.0	53.0	51.0	83.0	302.0	0.0	3.0	2.0	1.0	0.0	1.0	1.0	0.0	0.0	0.0	1.0	0.00.0	0.0	0.0	0.0	0.0	0.0	1.0	0.0	0.0
	5p	+	91	103.0	56.0	57.0	74.0	290.0	0.0	2.0	0.0	0.0	1.0	0.0	0.0	1.0	0.0	0.0	0.0	0.00.0	0.0	0.0	0.0	0.0	0.0	0.0	0.0	0.0
	5p	+	92	99.0	44.0	61.0	76.0	280.0	1.0	0.0	1.0	0.0	0.0	0.0	0.0	1.0	0.0	0.0	0.0	0.00.0	0.0	0.0	0.0	0.0	0.0	0.0	0.0	0.0
	5p	+	93	81.0	57.0	52.0	82.0	272.0	1.0	1.0	1.0	0.0	0.0	0.0	0.0	0.0	0.0	0.0	0.0	0.00.0	0.0	0.0	0.0	0.0	0.0	0.0	0.0	0.0
	5p	+	94	100.0	43.0	53.0	62.0	258.0	0.0	1.0	0.0	0.0	0.0	0.0	1.0	0.0	0.0	0.0	0.0	0.00.0	0.0	0.0	0.0	0.0	0.0	0.0	0.0	0.0
	5p	+	95	76.0	43.0	59.0	69.0	247.0	0.0	0.0	0.0	3.0	0.0	0.0	0.0	0.0	2.0	0.0	0.0	0.00.0	0.0	0.0	0.0	0.0	0.0	0.0	0.0	0.0
	5p	+	96	96.0	40.0	28.0	72.0	236.0	1.0	1.0	0.0	0.0	2.0	0.0	0.0	0.0	0.0	0.0	0.0	0.00.0	0.0	0.0	0.0	0.0	0.0	0.0	0.0	0.0
	5p	+	97	64.0	39.0	43.0	75.0	221.0	0.0	0.0	0.0	1.0	0.0	0.0	1.0	0.0	0.0	1.0	0.0	0.00.0	0.0	0.0	0.0	0.0	0.0	0.0	0.0	0.0
	5p	+	98	74.0	37.0	30.0	73.0	214.0	0.0	0.0	0.0	0.0	0.0	0.0	0.0	0.0	1.0	0.0	0.0	0.00.0	0.0	0.0	0.0	0.0	0.0	0.0	0.0	0.0
	5p	+	99	70.0	40.0	43.0	55.0	208.0	0.0	1.0	0.0	1.0	0.0	0.0	0.0	0.0	0.0	0.0	0.0	0.00.0	0.0	0.0	0.0	0.0	0.0	0.0	0.0	0.0
	5p	+	100	68.0	48.0	36.0	51.0	203.0	2.0	1.0	0.0	0.0	0.0	0.0	0.0	0.0	0.0	0.0	0.0	0.00.0	0.0	0.0	0.0	0.0	0.0	0.0	0.0	0.0
	5p	-	1	2093.0	1333.0	1223.0	1673.0	6322.0	62.0	103.0	70.0	31.0	23.0	68.0	19.0	44.0	24.0	79.0	17.0	43.00.0	0.0	0.0	0.0	0.0	0.0	0.0	0.0	0.0
	5p	-	2	1996.0	1297.0	1252.0	1778.0	6323.0	53.0	45.0	57.0	20.0	22.0	22.0	5.0	15.0	17.0	48.0	10.0	21.00.0	0.0	0.0	0.0	0.0	0.0	0.0	0.0	0.0
	5p	-	3	1895.0	1579.0	1239.0	1610.0	6323.0	30.0	30.0	16.0	26.0	17.0	13.0	9.0	15.0	7.0	9.0	5.0	15.00.0	0.0	0.0	0.0	0.0	0.0	0.0	0.0	0.0
	5p	-	4	2010.0	1541.0	1218.0	1554.0	6323.0	24.0	30.0	24.0	15.0	13.0	8.0	4.0	6.0	6.0	7.0	8.0	7.00.0	0.0	0.0	0.0	0.0	0.0	0.0	0.0	0.0
	5p	-	5	1942.0	1511.0	1286.0	1580.0	6319.0	24.0	15.0	25.0	24.0	6.0	8.0	9.0	5.0	11.0	6.0	5.0	5.00.0	0.0	0.0	0.0	3.0	0.0	1.0	0.0	0.0
	5p	-	6	1831.0	1523.0	1320.0	1644.0	6318.0	13.0	16.0	25.0	23.0	14.0	8.0	7.0	4.0	8.0	4.0	5.0	9.00.0	0.0	0.0	0.0	5.0	0.0	0.0	1.0	0.0
	5p	-	7	1915.0	1375.0	1246.0	1784.0	6320.0	16.0	19.0	20.0	22.0	5.0	5.0	4.0	4.0	7.0	3.0	7.0	9.00.0	0.0	0.0	0.0	2.0	0.0	0.0	1.0	0.0
	5p	-	8	2012.0	1319.0	1319.0	1675.0	6325.0	21.0	29.0	22.0	25.0	10.0	4.0	6.0	7.0	5.0	8.0	3.0	9.00.0	0.0	0.0	0.0	1.0	0.0	1.0	0.0	0.0
	5p	-	9	2031.0	1296.0	1282.0	1711.0	6320.0	27.0	27.0	22.0	24.0	4.0	6.0	4.0	8.0	8.0	6.0	5.0	8.00.0	0.0	0.0	0.0	2.0	0.0	2.0	1.0	0.0
	5p	-	10	2031.0	1301.0	1299.0	1692.0	6323.0	25.0	21.0	22.0	22.0	8.0	0.0	4.0	6.0	7.0	4.0	4.0	7.00.0	0.0	0.0	0.0	0.0	0.0	1.0	2.0	0.0
	5p	-	11	2044.0	1274.0	1264.0	1740.0	6322.0	16.0	24.0	24.0	17.0	7.0	1.0	6.0	5.0	5.0	2.0	7.0	7.00.0	0.0	0.0	0.0	3.0	0.0	1.0	1.0	0.0
	5p	-	12	2012.0	1308.0	1272.0	1724.0	6316.0	20.0	21.0	23.0	20.0	2.0	5.0	5.0	7.0	7.0	6.0	7.0	10.00.0	0.0	0.0	0.0	2.0	0.0	5.0	2.0	0.0
	5p	-	13	2054.0	1271.0	1185.0	1805.0	6315.0	25.0	23.0	23.0	15.0	5.0	2.0	3.0	2.0	5.0	5.0	2.0	7.00.0	0.0	0.0	0.0	5.0	0.0	2.0	1.0	0.0
	5p	-	14	1904.0	1317.0	1241.0	1854.0	6316.0	21.0	24.0	24.0	23.0	9.0	5.0	4.0	6.0	8.0	6.0	4.0	10.00.0	0.0	0.0	0.0	5.0	0.0	2.0	1.0	0.0
	5p	-	15	1915.0	1258.0	1257.0	1888.0	6318.0	19.0	21.0	17.0	18.0	4.0	3.0	11.0	1.0	6.0	1.0	2.0	10.00.0	0.0	0.0	0.0	3.0	0.0	1.0	1.0	0.0
	5p	-	16	1979.0	1294.0	1217.0	1819.0	6309.0	28.0	18.0	24.0	23.0	9.0	5.0	4.0	5.0	4.0	2.0	3.0	9.00.0	0.0	0.0	0.0	7.0	0.0	4.0	1.0	0.0
	5p	-	17	1901.0	1315.0	1242.0	1853.0	6311.0	20.0	19.0	21.0	22.0	7.0	6.0	6.0	4.0	6.0	3.0	4.0	9.00.0	0.0	0.0	0.0	7.0	0.0	2.0	3.0	0.0
	5p	-	18	1997.0	1230.0	1235.0	1850.0	6312.0	22.0	20.0	19.0	24.0	3.0	4.0	2.0	7.0	7.0	5.0	4.0	9.00.0	0.0	0.0	0.0	2.0	0.0	2.0	4.0	0.0
	5p	-	19	1972.0	1265.0	1214.0	1868.0	6319.0	14.0	13.0	15.0	20.0	6.0	5.0	8.0	4.0	5.0	5.0	8.0	11.00.0	0.0	0.0	0.0	0.0	0.0	2.0	3.0	0.0
	5p	-	20	1989.0	1296.0	1220.0	1816.0	6321.0	24.0	24.0	20.0	15.0	5.0	7.0	5.0	7.0	8.0	5.0	7.0	9.00.0	0.0	0.0	0.0	3.0	0.0	2.0	0.0	0.0
	5p	-	21	1947.0	1293.0	1244.0	1834.0	6318.0	15.0	26.0	23.0	23.0	4.0	6.0	4.0	7.0	8.0	4.0	5.0	4.00.0	0.0	0.0	0.0	3.0	0.0	2.0	2.0	0.0
	5p	-	22	1939.0	1293.0	1221.0	1866.0	6319.0	21.0	28.0	26.0	21.0	8.0	5.0	6.0	5.0	5.0	7.0	5.0	7.00.0	0.0	0.0	0.0	4.0	0.0	1.0	1.0	0.0
	5p	-	23	1960.0	1318.0	1215.0	1823.0	6316.0	21.0	29.0	25.0	22.0	3.0	1.0	3.0	9.0	4.0	2.0	4.0	12.00.0	0.0	0.0	0.0	5.0	0.0	1.0	3.0	0.0
	5p	-	24	1966.0	1278.0	1241.0	1830.0	6315.0	30.0	27.0	26.0	23.0	7.0	1.0	10.0	9.0	9.0	7.0	4.0	10.00.0	0.0	0.0	0.0	5.0	0.0	5.0	1.0	0.0
	5p	-	25	2014.0	1213.0	1205.0	1887.0	6319.0	16.0	22.0	15.0	20.0	6.0	5.0	2.0	2.0	6.0	6.0	5.0	7.00.0	0.0	0.0	0.0	4.0	0.0	1.0	0.0	0.0
	5p	-	26	1956.0	1311.0	1202.0	1851.0	6320.0	20.0	21.0	13.0	19.0	4.0	3.0	8.0	4.0	5.0	6.0	4.0	8.00.0	0.0	0.0	0.0	2.0	0.0	0.0	4.0	0.0
	5p	-	27	2065.0	1235.0	1221.0	1799.0	6320.0	19.0	18.0	20.0	11.0	8.0	10.0	3.0	6.0	2.0	1.0	7.0	11.00.0	0.0	0.0	0.0	6.0	0.0	0.0	0.0	0.0
	5p	-	28	2068.0	1262.0	1232.0	1760.0	6322.0	29.0	28.0	23.0	23.0	10.0	10.0	3.0	8.0	10.0	7.0	6.0	8.00.0	0.0	0.0	0.0	5.0	0.0	0.0	0.0	0.0
	5p	-	29	2050.0	1368.0	1194.0	1710.0	6322.0	18.0	23.0	19.0	15.0	8.0	6.0	3.0	7.0	10.0	8.0	8.0	7.00.0	0.0	0.0	0.0	3.0	0.0	1.0	0.0	0.0
	5p	-	30	2123.0	1197.0	1209.0	1793.0	6322.0	13.0	34.0	20.0	14.0	8.0	3.0	5.0	16.0	10.0	10.0	4.0	7.00.0	0.0	0.0	0.0	2.0	0.0	0.0	0.0	0.0
	5p	-	31	1895.0	1199.0	1204.0	1706.0	6004.0	14.0	35.0	14.0	16.0	7.0	2.0	5.0	5.0	10.0	4.0	3.0	5.00.0	0.0	0.0	0.0	2.0	0.0	0.0	0.0	0.0
	5p	-	32	1929.0	1091.0	1109.0	1543.0	5672.0	18.0	25.0	17.0	8.0	2.0	7.0	2.0	5.0	4.0	5.0	3.0	11.00.0	0.0	0.0	0.0	4.0	0.0	1.0	1.0	0.0
	5p	-	33	1759.0	1061.0	1058.0	1492.0	5370.0	18.0	35.0	14.0	19.0	4.0	2.0	6.0	3.0	5.0	4.0	4.0	7.00.0	0.0	0.0	0.0	2.0	0.0	0.0	1.0	0.0
	5p	-	34	1626.0	996.0	1012.0	1465.0	5099.0	14.0	30.0	15.0	10.0	8.0	3.0	3.0	9.0	4.0	2.0	4.0	4.00.0	0.0	0.0	0.0	1.0	0.0	0.0	2.0	0.0
	5p	-	35	1573.0	934.0	936.0	1412.0	4855.0	12.0	31.0	13.0	13.0	9.0	3.0	1.0	2.0	1.0	3.0	7.0	4.00.0	0.0	0.0	0.0	1.0	0.0	3.0	0.0	0.0
	5p	-	36	1519.0	859.0	903.0	1328.0	4609.0	15.0	28.0	13.0	16.0	3.0	4.0	4.0	4.0	3.0	2.0	4.0	10.00.0	0.0	0.0	0.0	1.0	0.0	0.0	0.0	0.0
	5p	-	37	1403.0	868.0	884.0	1217.0	4372.0	15.0	27.0	16.0	16.0	8.0	4.0	3.0	6.0	6.0	5.0	3.0	8.00.0	0.0	0.0	0.0	2.0	0.0	1.0	0.0	0.0
	5p	-	38	1393.0	830.0	805.0	1126.0	4154.0	20.0	26.0	20.0	12.0	1.0	6.0	4.0	4.0	4.0	7.0	6.0	2.00.0	0.0	0.0	0.0	1.0	0.0	0.0	1.0	0.0
	5p	-	39	1314.0	770.0	734.0	1125.0	3943.0	13.0	32.0	9.0	16.0	2.0	2.0	1.0	5.0	3.0	1.0	4.0	6.00.0	0.0	0.0	0.0	1.0	0.0	0.0	0.0	0.0
	5p	-	40	1211.0	692.0	728.0	1104.0	3735.0	8.0	19.0	8.0	9.0	4.0	4.0	2.0	1.0	1.0	5.0	2.0	5.00.0	0.0	0.0	0.0	1.0	0.0	0.0	1.0	0.0
	5p	-	41	1141.0	703.0	690.0	1013.0	3547.0	14.0	18.0	11.0	15.0	3.0	2.0	4.0	3.0	4.0	7.0	1.0	5.00.0	0.0	0.0	0.0	1.0	0.0	0.0	0.0	0.0
	5p	-	42	1100.0	652.0	621.0	998.0	3371.0	9.0	21.0	9.0	14.0	2.0	6.0	3.0	4.0	3.0	4.0	3.0	1.00.0	0.0	0.0	0.0	1.0	0.0	0.0	1.0	0.0
	5p	-	43	1042.0	649.0	618.0	880.0	3189.0	10.0	18.0	10.0	15.0	4.0	2.0	5.0	6.0	1.0	7.0	0.0	7.00.0	0.0	0.0	0.0	2.0	0.0	0.0	0.0	0.0
	5p	-	44	1015.0	569.0	556.0	890.0	3030.0	7.0	13.0	11.0	9.0	8.0	4.0	2.0	4.0	2.0	2.0	2.0	3.00.0	0.0	0.0	0.0	0.0	0.0	1.0	1.0	0.0
	5p	-	45	895.0	596.0	577.0	794.0	2862.0	14.0	10.0	10.0	7.0	2.0	3.0	2.0	3.0	3.0	3.0	5.0	5.00.0	0.0	0.0	0.0	0.0	0.0	0.0	0.0	0.0
	5p	-	46	874.0	579.0	528.0	746.0	2727.0	6.0	15.0	7.0	10.0	7.0	0.0	3.0	4.0	3.0	2.0	2.0	1.00.0	0.0	0.0	0.0	0.0	0.0	1.0	0.0	0.0
	5p	-	47	835.0	523.0	475.0	762.0	2595.0	11.0	16.0	13.0	6.0	2.0	2.0	3.0	2.0	0.0	2.0	3.0	7.00.0	0.0	0.0	0.0	2.0	0.0	0.0	0.0	0.0
	5p	-	48	782.0	497.0	454.0	729.0	2462.0	11.0	12.0	7.0	11.0	4.0	4.0	0.0	1.0	7.0	3.0	2.0	1.00.0	0.0	0.0	0.0	0.0	0.0	0.0	0.0	0.0
	5p	-	49	747.0	493.0	418.0	685.0	2343.0	11.0	11.0	12.0	6.0	3.0	4.0	0.0	1.0	2.0	3.0	0.0	1.00.0	0.0	0.0	0.0	2.0	0.0	0.0	1.0	0.0
	5p	-	50	657.0	438.0	468.0	649.0	2212.0	5.0	17.0	4.0	10.0	1.0	0.0	2.0	4.0	2.0	4.0	1.0	2.00.0	0.0	0.0	0.0	1.0	0.0	1.0	0.0	0.0
	5p	-	51	705.0	404.0	386.0	613.0	2108.0	3.0	14.0	9.0	9.0	5.0	2.0	1.0	2.0	2.0	3.0	0.0	1.00.0	0.0	0.0	0.0	1.0	0.0	0.0	0.0	0.0
	5p	-	52	626.0	410.0	373.0	591.0	2000.0	11.0	7.0	5.0	7.0	3.0	3.0	1.0	6.0	3.0	3.0	1.0	1.00.0	0.0	0.0	0.0	1.0	0.0	0.0	1.0	0.0
	5p	-	53	597.0	398.0	345.0	570.0	1910.0	4.0	10.0	6.0	4.0	2.0	1.0	0.0	3.0	1.0	0.0	2.0	3.00.0	0.0	0.0	0.0	1.0	0.0	0.0	0.0	0.0
	5p	-	54	541.0	394.0	327.0	558.0	1820.0	7.0	14.0	5.0	8.0	2.0	2.0	1.0	2.0	0.0	2.0	2.0	3.00.0	0.0	0.0	0.0	1.0	0.0	0.0	0.0	0.0
	5p	-	55	545.0	351.0	305.0	541.0	1742.0	7.0	17.0	3.0	5.0	2.0	2.0	0.0	2.0	1.0	1.0	1.0	1.00.0	0.0	0.0	0.0	0.0	0.0	0.0	0.0	0.0
	5p	-	56	523.0	317.0	322.0	489.0	1651.0	5.0	9.0	6.0	4.0	3.0	2.0	1.0	2.0	2.0	1.0	0.0	1.00.0	0.0	0.0	0.0	0.0	0.0	0.0	0.0	0.0
	5p	-	57	486.0	322.0	292.0	485.0	1585.0	7.0	6.0	3.0	7.0	1.0	1.0	1.0	0.0	2.0	1.0	1.0	1.00.0	0.0	0.0	0.0	2.0	0.0	0.0	0.0	0.0
	5p	-	58	444.0	304.0	288.0	463.0	1499.0	6.0	11.0	4.0	5.0	3.0	3.0	1.0	1.0	3.0	3.0	0.0	4.00.0	0.0	0.0	0.0	1.0	0.0	0.0	0.0	0.0
	5p	-	59	445.0	284.0	281.0	424.0	1434.0	5.0	11.0	3.0	7.0	1.0	1.0	0.0	0.0	3.0	2.0	0.0	2.00.0	0.0	0.0	0.0	0.0	0.0	0.0	0.0	0.0
	5p	-	60	444.0	261.0	247.0	417.0	1369.0	6.0	6.0	8.0	3.0	1.0	1.0	1.0	2.0	1.0	3.0	1.0	2.00.0	0.0	0.0	0.0	0.0	0.0	0.0	0.0	0.0
	5p	-	61	419.0	274.0	251.0	362.0	1306.0	6.0	6.0	8.0	1.0	3.0	1.0	1.0	2.0	2.0	2.0	2.0	0.00.0	0.0	0.0	0.0	0.0	0.0	0.0	0.0	0.0
	5p	-	62	384.0	254.0	234.0	364.0	1236.0	2.0	6.0	4.0	4.0	2.0	2.0	1.0	0.0	1.0	2.0	1.0	0.00.0	0.0	0.0	0.0	0.0	0.0	0.0	0.0	0.0
	5p	-	63	374.0	238.0	208.0	356.0	1176.0	2.0	11.0	4.0	4.0	3.0	2.0	3.0	4.0	1.0	1.0	2.0	3.00.0	0.0	0.0	0.0	0.0	0.0	0.0	1.0	0.0
	5p	-	64	330.0	217.0	220.0	344.0	1111.0	3.0	7.0	2.0	6.0	3.0	3.0	1.0	0.0	3.0	1.0	1.0	3.00.0	0.0	0.0	0.0	0.0	0.0	0.0	0.0	0.0
	5p	-	65	327.0	247.0	177.0	302.0	1053.0	1.0	9.0	4.0	3.0	3.0	1.0	0.0	0.0	0.0	1.0	0.0	0.00.0	0.0	0.0	0.0	1.0	0.0	0.0	0.0	0.0
	5p	-	66	320.0	164.0	180.0	320.0	984.0	2.0	5.0	5.0	4.0	1.0	1.0	1.0	0.0	1.0	1.0	0.0	4.00.0	0.0	0.0	0.0	1.0	0.0	0.0	0.0	0.0
	5p	-	67	286.0	177.0	204.0	269.0	936.0	1.0	6.0	2.0	5.0	0.0	1.0	1.0	3.0	0.0	1.0	2.0	1.00.0	0.0	0.0	0.0	0.0	0.0	0.0	1.0	0.0
	5p	-	68	260.0	190.0	165.0	270.0	885.0	3.0	7.0	4.0	1.0	3.0	1.0	0.0	1.0	2.0	0.0	1.0	1.00.0	0.0	0.0	0.0	0.0	0.0	1.0	0.0	0.0
	5p	-	69	264.0	174.0	167.0	239.0	844.0	1.0	8.0	1.0	3.0	1.0	0.0	2.0	2.0	0.0	0.0	1.0	1.00.0	0.0	0.0	0.0	1.0	0.0	0.0	0.0	0.0
	5p	-	70	248.0	165.0	148.0	233.0	794.0	5.0	4.0	3.0	2.0	1.0	0.0	1.0	1.0	1.0	0.0	0.0	1.00.0	0.0	0.0	0.0	1.0	0.0	1.0	1.0	0.0
	5p	-	71	238.0	160.0	121.0	224.0	743.0	1.0	2.0	0.0	1.0	1.0	0.0	2.0	0.0	1.0	1.0	0.0	0.00.0	0.0	0.0	0.0	0.0	0.0	1.0	0.0	0.0
	5p	-	72	216.0	151.0	137.0	212.0	716.0	3.0	5.0	2.0	2.0	0.0	0.0	1.0	0.0	1.0	1.0	1.0	0.00.0	0.0	0.0	0.0	0.0	0.0	0.0	0.0	0.0
	5p	-	73	191.0	152.0	140.0	199.0	682.0	2.0	4.0	2.0	1.0	0.0	0.0	1.0	1.0	1.0	0.0	0.0	1.00.0	0.0	0.0	0.0	0.0	0.0	0.0	0.0	0.0
	5p	-	74	202.0	141.0	111.0	202.0	656.0	4.0	2.0	1.0	4.0	1.0	0.0	0.0	1.0	0.0	0.0	1.0	1.00.0	0.0	0.0	0.0	0.0	0.0	0.0	0.0	0.0
	5p	-	75	193.0	123.0	106.0	206.0	628.0	1.0	4.0	0.0	2.0	0.0	0.0	0.0	1.0	2.0	0.0	1.0	0.00.0	0.0	0.0	0.0	0.0	0.0	0.0	0.0	0.0
	5p	-	76	174.0	123.0	123.0	176.0	596.0	1.0	5.0	2.0	0.0	1.0	1.0	0.0	2.0	1.0	0.0	0.0	1.00.0	0.0	0.0	0.0	0.0	0.0	0.0	0.0	0.0
	5p	-	77	165.0	119.0	111.0	164.0	559.0	1.0	2.0	1.0	2.0	0.0	0.0	0.0	0.0	1.0	2.0	0.0	2.00.0	0.0	0.0	0.0	0.0	0.0	0.0	0.0	0.0
	5p	-	78	165.0	117.0	102.0	149.0	533.0	2.0	3.0	3.0	1.0	2.0	0.0	0.0	0.0	3.0	0.0	1.0	0.00.0	0.0	0.0	0.0	0.0	0.0	0.0	0.0	0.0
	5p	-	79	148.0	105.0	86.0	170.0	509.0	2.0	0.0	2.0	5.0	0.0	0.0	0.0	0.0	0.0	0.0	0.0	0.00.0	0.0	0.0	0.0	0.0	0.0	1.0	0.0	0.0
	5p	-	80	146.0	89.0	99.0	141.0	475.0	0.0	1.0	2.0	1.0	1.0	0.0	2.0	2.0	0.0	0.0	0.0	0.00.0	0.0	0.0	0.0	0.0	0.0	0.0	0.0	0.0
	5p	-	81	131.0	112.0	96.0	118.0	457.0	2.0	1.0	1.0	1.0	1.0	0.0	0.0	2.0	0.0	0.0	0.0	0.00.0	0.0	0.0	0.0	0.0	0.0	0.0	0.0	0.0
	5p	-	82	138.0	86.0	78.0	125.0	427.0	0.0	0.0	6.0	0.0	0.0	1.0	1.0	0.0	2.0	0.0	0.0	1.00.0	0.0	0.0	0.0	0.0	0.0	0.0	0.0	0.0
	5p	-	83	122.0	78.0	74.0	128.0	402.0	5.0	3.0	0.0	3.0	0.0	1.0	0.0	0.0	0.0	1.0	0.0	0.00.0	0.0	0.0	0.0	0.0	0.0	0.0	0.0	0.0
	5p	-	84	105.0	79.0	78.0	120.0	382.0	1.0	1.0	1.0	0.0	0.0	0.0	0.0	0.0	1.0	0.0	0.0	0.00.0	0.0	0.0	0.0	0.0	0.0	0.0	0.0	0.0
	5p	-	85	116.0	99.0	58.0	92.0	365.0	0.0	4.0	0.0	0.0	0.0	1.0	1.0	1.0	0.0	0.0	1.0	0.00.0	0.0	0.0	0.0	0.0	0.0	0.0	0.0	0.0
	5p	-	86	127.0	72.0	66.0	82.0	347.0	1.0	0.0	1.0	1.0	0.0	1.0	0.0	0.0	1.0	0.0	0.0	0.00.0	0.0	0.0	0.0	0.0	0.0	0.0	0.0	0.0
	5p	-	87	124.0	55.0	77.0	78.0	334.0	2.0	3.0	1.0	0.0	0.0	0.0	0.0	0.0	0.0	0.0	1.0	1.00.0	0.0	0.0	0.0	0.0	0.0	0.0	0.0	0.0
	5p	-	88	110.0	62.0	48.0	96.0	316.0	0.0	1.0	4.0	1.0	0.0	0.0	0.0	2.0	0.0	0.0	0.0	0.00.0	0.0	0.0	0.0	0.0	0.0	0.0	0.0	0.0
	5p	-	89	112.0	49.0	64.0	78.0	303.0	1.0	2.0	3.0	2.0	0.0	1.0	0.0	0.0	0.0	0.0	0.0	0.00.0	0.0	0.0	0.0	0.0	0.0	0.0	0.0	0.0
	5p	-	90	98.0	62.0	51.0	79.0	290.0	1.0	2.0	0.0	2.0	0.0	0.0	0.0	0.0	1.0	1.0	0.0	0.00.0	0.0	0.0	0.0	0.0	0.0	0.0	0.0	0.0
	5p	-	91	84.0	60.0	54.0	76.0	274.0	1.0	6.0	2.0	3.0	0.0	0.0	0.0	0.0	0.0	0.0	0.0	0.00.0	0.0	0.0	0.0	0.0	0.0	0.0	0.0	0.0
	5p	-	92	86.0	51.0	42.0	81.0	260.0	1.0	1.0	0.0	0.0	0.0	0.0	0.0	1.0	1.0	0.0	1.0	0.00.0	0.0	0.0	0.0	0.0	0.0	0.0	1.0	0.0
	5p	-	93	83.0	39.0	36.0	87.0	245.0	0.0	0.0	0.0	0.0	1.0	1.0	0.0	0.0	0.0	0.0	0.0	0.00.0	0.0	0.0	0.0	0.0	0.0	0.0	0.0	0.0
	5p	-	94	75.0	44.0	44.0	68.0	231.0	2.0	0.0	1.0	2.0	0.0	0.0	0.0	0.0	0.0	0.0	0.0	2.00.0	0.0	0.0	0.0	0.0	0.0	0.0	0.0	0.0
	5p	-	95	62.0	45.0	32.0	80.0	219.0	0.0	0.0	0.0	0.0	0.0	1.0	0.0	1.0	0.0	0.0	1.0	0.00.0	0.0	0.0	0.0	0.0	0.0	0.0	0.0	0.0
	5p	-	96	77.0	37.0	35.0	63.0	212.0	3.0	2.0	0.0	0.0	0.0	0.0	0.0	0.0	0.0	0.0	0.0	0.00.0	0.0	0.0	0.0	0.0	0.0	0.0	0.0	0.0
	5p	-	97	66.0	37.0	37.0	59.0	199.0	1.0	2.0	1.0	1.0	1.0	0.0	0.0	1.0	0.0	0.0	0.0	1.00.0	0.0	0.0	0.0	0.0	0.0	0.0	0.0	0.0
	5p	-	98	67.0	36.0	29.0	57.0	189.0	0.0	0.0	0.0	1.0	0.0	0.0	0.0	0.0	0.0	1.0	0.0	0.00.0	0.0	0.0	0.0	0.0	0.0	0.0	0.0	0.0
	5p	-	99	64.0	30.0	36.0	46.0	176.0	0.0	1.0	0.0	2.0	0.0	1.0	0.0	0.0	0.0	0.0	0.0	0.00.0	0.0	0.0	0.0	0.0	0.0	0.0	0.0	0.0
	5p	-	100	47.0	30.0	37.0	56.0	170.0	0.0	1.0	0.0	1.0	0.0	0.0	0.0	1.0	0.0	0.0	1.0	0.00.0	0.0	0.0	0.0	0.0	0.0	0.0	0.0	0.0
