# table produced by DamageProfiler
# using mapped file ScA031.BuffaloCape_Human_nc.Target.rmdup.noMicro.bam
# Sample ID: ScA031.BuffaloCape_Human_nc.Target.rmdup.noMicro.bam
Chr	End	Std	Pos	A	C	G	T	Total
	3p	+	1	101234	34178	35338	92393	263143
	3p	+	2	93421	54292	41190	74240	263143
	3p	+	3	88260	52451	46418	76014	263143
	3p	+	4	88439	52099	46464	76141	263143
	3p	+	5	88657	50340	46993	77153	263143
	3p	+	6	88998	49786	48480	75879	263143
	3p	+	7	86404	50480	48577	77682	263143
	3p	+	8	85398	50152	49303	78290	263143
	3p	+	9	83766	50576	49536	79265	263143
	3p	+	10	82297	51363	49546	79937	263143
	3p	+	11	81938	51349	49385	80471	263143
	3p	+	12	82164	51485	49632	79862	263143
	3p	+	13	82161	51561	49320	80101	263143
	3p	+	14	81767	51751	49702	79923	263143
	3p	+	15	82418	51680	49601	79444	263143
	3p	+	16	81475	52113	49379	80176	263143
	3p	+	17	81514	52093	49382	80154	263143
	3p	+	18	81388	51795	49845	80115	263143
	3p	+	19	81563	52001	49773	79806	263143
	3p	+	20	80961	52079	49682	80421	263143
	3p	+	21	81090	51767	49530	80756	263143
	3p	+	22	81272	52114	49395	80362	263143
	3p	+	23	81230	51376	49586	80951	263143
	3p	+	24	81715	51549	49549	80330	263143
	3p	+	25	81489	51486	49938	80227	263140
	3p	+	26	81598	51810	49833	79902	263143
	3p	+	27	81594	51631	49877	80041	263143
	3p	+	28	81322	51947	50120	79754	263143
	3p	+	29	81419	51964	50023	79737	263143
	3p	+	30	80985	51971	50143	80044	263143
	3p	+	31	78964	50281	48645	78306	256196
	3p	+	32	76977	48801	47122	76065	248965
	3p	+	33	74637	47178	46083	73883	241781
	3p	+	34	72820	45763	44638	71244	234465
	3p	+	35	70571	44361	42899	69205	227036
	3p	+	36	68241	43009	41504	66801	219555
	3p	+	37	65786	41612	40153	64341	211892
	3p	+	38	63237	39670	38678	62601	204186
	3p	+	39	60628	38332	37440	60271	196671
	3p	+	40	58402	37047	35805	57904	189158
	3p	+	41	56003	35199	34487	55898	181587
	3p	+	42	53539	33888	33174	53581	174182
	3p	+	43	51668	32203	31856	51210	166937
	3p	+	44	49779	31028	30592	48705	160104
	3p	+	45	47644	29487	29032	47221	153384
	3p	+	46	45254	28388	27840	45286	146768
	3p	+	47	43274	27511	26692	42869	140346
	3p	+	48	41232	26477	25175	41182	134066
	3p	+	49	39722	24943	24076	39244	127985
	3p	+	50	37463	23919	23053	37504	121939
	3p	+	51	35770	22673	21930	35777	116150
	3p	+	52	33673	21666	21118	34029	110486
	3p	+	53	32435	20541	19930	32203	105109
	3p	+	54	30527	19485	19044	30843	99899
	3p	+	55	29514	18224	17961	29218	94917
	3p	+	56	27996	17557	16892	27646	90091
	3p	+	57	26203	16799	16202	26221	85425
	3p	+	58	24754	15691	15388	25001	80834
	3p	+	59	23655	14925	14531	23460	76571
	3p	+	60	22405	14183	13642	22308	72538
	3p	+	61	21242	13328	12892	21068	68530
	3p	+	62	20064	12509	12256	19873	64702
	3p	+	63	18717	11763	11583	18913	60976
	3p	+	64	17670	11167	10984	17656	57477
	3p	+	65	16740	10487	10395	16598	54220
	3p	+	66	15597	9929	9579	15864	50969
	3p	+	67	14717	9202	9076	14737	47732
	3p	+	68	13700	8613	8678	13755	44746
	3p	+	69	12956	8251	7791	12817	41815
	3p	+	70	12041	7609	7325	12053	39028
	3p	+	71	11191	7054	6793	11197	36235
	3p	+	72	10200	6723	6403	10316	33642
	3p	+	73	9499	6015	5913	9728	31155
	3p	+	74	8787	5670	5433	8966	28856
	3p	+	75	8212	5029	5142	8225	26608
	3p	+	76	7517	4685	4630	7512	24344
	3p	+	77	6882	4379	4197	6785	22243
	3p	+	78	6226	3969	3807	6286	20288
	3p	+	79	5622	3619	3434	5758	18433
	3p	+	80	5153	3240	3123	5137	16653
	3p	+	81	4595	2876	2888	4487	14846
	3p	+	82	4011	2571	2470	4114	13166
	3p	+	83	3410	2339	2192	3601	11542
	3p	+	84	3047	1938	1953	3031	9969
	3p	+	85	2578	1680	1584	2650	8492
	3p	+	86	2113	1422	1325	2263	7123
	3p	+	87	1772	1059	1159	1796	5786
	3p	+	88	1419	900	878	1382	4579
	3p	+	89	1032	629	615	1073	3349
	3p	+	90	666	387	417	723	2193
	3p	+	91	388	202	155	360	1105
	3p	+	92	0	0	0	0	0
	3p	+	93	0	0	0	0	0
	3p	+	94	0	0	0	0	0
	3p	+	95	0	0	0	0	0
	3p	+	96	0	0	0	0	0
	3p	+	97	0	0	0	0	0
	3p	+	98	0	0	0	0	0
	3p	+	99	0	0	0	0	0
	3p	+	100	0	0	0	0	0
	3p	-	1	101764	34434	35632	91923	263753
	3p	-	2	93611	54399	41092	74651	263753
	3p	-	3	88356	52882	46351	76164	263753
	3p	-	4	88523	52484	46647	76099	263753
	3p	-	5	88663	50182	47412	77496	263753
	3p	-	6	89248	49570	48821	76114	263753
	3p	-	7	85672	50489	49222	78370	263753
	3p	-	8	85535	49989	49447	78782	263753
	3p	-	9	83994	50733	49192	79834	263753
	3p	-	10	82529	51317	49400	80507	263753
	3p	-	11	82332	51450	49271	80700	263753
	3p	-	12	82144	51763	49720	80126	263753
	3p	-	13	82756	51477	48871	80649	263753
	3p	-	14	82420	52067	49782	79484	263753
	3p	-	15	81971	51764	49888	80130	263753
	3p	-	16	81555	51918	49625	80655	263753
	3p	-	17	81518	52010	49424	80801	263753
	3p	-	18	81568	51731	49462	80992	263753
	3p	-	19	81422	52353	49290	80688	263753
	3p	-	20	81297	51973	49478	81005	263753
	3p	-	21	81146	52230	49477	80900	263753
	3p	-	22	81420	51749	49644	80940	263753
	3p	-	23	81743	51375	49381	81254	263753
	3p	-	24	81955	51736	49535	80527	263753
	3p	-	25	81707	51358	50002	80685	263752
	3p	-	26	82059	51734	49791	80169	263753
	3p	-	27	81659	52341	49949	79804	263753
	3p	-	28	81265	52158	49983	80347	263753
	3p	-	29	80754	52205	49913	80881	263753
	3p	-	30	81395	51772	50354	80232	263753
	3p	-	31	79361	50630	48436	78320	256747
	3p	-	32	77112	49085	47060	76266	249523
	3p	-	33	74799	47546	45793	74169	242307
	3p	-	34	72478	46139	44708	71679	235004
	3p	-	35	70516	44158	43317	69668	227659
	3p	-	36	67932	43105	41961	67231	220229
	3p	-	37	65657	42145	39841	65022	212665
	3p	-	38	63315	39981	38682	63090	205068
	3p	-	39	61059	38541	37450	60365	197415
	3p	-	40	58611	37390	35865	57877	189743
	3p	-	41	56298	35623	34282	56065	182268
	3p	-	42	54201	33739	33315	53611	174866
	3p	-	43	51593	32591	31726	51647	167557
	3p	-	44	49891	31091	30306	49359	160647
	3p	-	45	47780	29642	29029	47352	153803
	3p	-	46	45896	28446	27730	45184	147256
	3p	-	47	43879	27316	26766	42871	140832
	3p	-	48	41485	26077	25645	41239	134446
	3p	-	49	39737	25093	24208	39355	128393
	3p	-	50	38094	23421	23121	37821	122457
	3p	-	51	36363	22573	21971	35735	116642
	3p	-	52	34245	21672	21043	34048	111008
	3p	-	53	32754	20516	19778	32444	105492
	3p	-	54	31255	19474	18868	30593	100190
	3p	-	55	29524	18475	18039	29120	95158
	3p	-	56	28143	17684	17282	27245	90354
	3p	-	57	26792	16386	16285	26268	85731
	3p	-	58	25237	15916	15172	24892	81217
	3p	-	59	23616	14989	14514	23812	76931
	3p	-	60	22435	14134	13722	22455	72746
	3p	-	61	21172	13404	12943	21196	68715
	3p	-	62	19978	12736	12218	19898	64830
	3p	-	63	18895	11957	11742	18500	61094
	3p	-	64	17859	11275	10899	17642	57675
	3p	-	65	16836	10556	10333	16584	54309
	3p	-	66	15832	9805	9722	15683	51042
	3p	-	67	14737	9337	9095	14683	47852
	3p	-	68	13756	8844	8587	13646	44833
	3p	-	69	12945	8186	7975	12773	41879
	3p	-	70	11986	7585	7387	12147	39105
	3p	-	71	11189	7048	7028	11201	36466
	3p	-	72	10309	6673	6426	10571	33979
	3p	-	73	9564	6152	6031	9754	31501
	3p	-	74	8856	5633	5640	9045	29174
	3p	-	75	8249	5199	5106	8298	26852
	3p	-	76	7533	4757	4733	7665	24688
	3p	-	77	6908	4417	4385	7004	22714
	3p	-	78	6405	3949	3948	6345	20647
	3p	-	79	5816	3682	3446	5835	18779
	3p	-	80	5203	3327	3141	5294	16965
	3p	-	81	4664	2984	2893	4609	15150
	3p	-	82	4138	2593	2599	4107	13437
	3p	-	83	3552	2301	2230	3781	11864
	3p	-	84	3091	2010	1983	3190	10274
	3p	-	85	2688	1718	1612	2806	8824
	3p	-	86	2177	1456	1428	2296	7357
	3p	-	87	1836	1101	1111	1872	5920
	3p	-	88	1332	870	851	1449	4502
	3p	-	89	984	648	616	1063	3311
	3p	-	90	668	406	359	706	2139
	3p	-	91	347	208	171	347	1073
	3p	-	92	0	0	0	0	0
	3p	-	93	0	0	0	0	0
	3p	-	94	0	0	0	0	0
	3p	-	95	0	0	0	0	0
	3p	-	96	0	0	0	0	0
	3p	-	97	0	0	0	0	0
	3p	-	98	0	0	0	0	0
	3p	-	99	0	0	0	0	0
	3p	-	100	0	0	0	0	0
	5p	+	1	86343	51372	42364	83064	263143
	5p	+	2	78369	47045	54234	83441	263089
	5p	+	3	80381	52447	51082	79233	263143
	5p	+	4	80579	52564	53335	76665	263143
	5p	+	5	79436	52437	52271	78999	263143
	5p	+	6	77897	52533	53198	79515	263143
	5p	+	7	81007	51341	52197	78598	263143
	5p	+	8	83690	50318	50299	78836	263143
	5p	+	9	82655	50890	49605	79993	263143
	5p	+	10	81878	51659	49482	80124	263143
	5p	+	11	81231	52189	49522	80201	263143
	5p	+	12	81316	52748	49482	79597	263143
	5p	+	13	81267	52604	49423	79849	263143
	5p	+	14	81013	52044	49900	80186	263143
	5p	+	15	81229	52320	49629	79960	263138
	5p	+	16	81612	52035	50209	79287	263143
	5p	+	17	81297	51914	49808	80124	263143
	5p	+	18	81639	52174	49617	79713	263143
	5p	+	19	81169	51812	49989	80173	263143
	5p	+	20	81113	52055	49422	80553	263143
	5p	+	21	81319	52106	49633	80085	263143
	5p	+	22	81442	52080	49323	80297	263142
	5p	+	23	82054	51707	49781	79601	263143
	5p	+	24	81883	51760	49610	79890	263143
	5p	+	25	81820	51821	49428	80074	263143
	5p	+	26	82246	51703	49127	80067	263143
	5p	+	27	82400	51644	49299	79800	263143
	5p	+	28	82614	51490	49476	79563	263143
	5p	+	29	83309	51054	48693	80087	263143
	5p	+	30	83840	51326	48482	79495	263143
	5p	+	31	81715	49825	46870	77786	256196
	5p	+	32	79493	48092	45564	75816	248965
	5p	+	33	77324	46877	44443	73137	241781
	5p	+	34	75384	45187	43075	70819	234465
	5p	+	35	72428	43660	41946	69002	227036
	5p	+	36	70389	42558	40178	66430	219555
	5p	+	37	68283	40616	38908	64085	211892
	5p	+	38	66151	38856	37310	61869	204186
	5p	+	39	63533	37533	35918	59687	196671
	5p	+	40	60778	36383	34312	57685	189158
	5p	+	41	58227	34752	33041	55567	181587
	5p	+	42	55917	33603	31576	53086	174182
	5p	+	43	53336	32318	30285	50998	166937
	5p	+	44	51389	30683	28931	49101	160104
	5p	+	45	49253	29357	27932	46842	153384
	5p	+	46	47198	28029	26680	44861	146768
	5p	+	47	45202	26737	25305	43102	140346
	5p	+	48	43024	25586	24513	40943	134066
	5p	+	49	41436	24163	22972	39414	127985
	5p	+	50	39109	23285	22228	37317	121939
	5p	+	51	37296	22362	21013	35479	116150
	5p	+	52	35468	20820	20170	34029	110487
	5p	+	53	33814	19821	19316	32158	105109
	5p	+	54	31950	18977	18210	30765	99902
	5p	+	55	30442	17958	17222	29298	94920
	5p	+	56	28803	17201	16417	27673	90094
	5p	+	57	27224	16366	15637	26200	85427
	5p	+	58	26038	15591	14423	24786	80838
	5p	+	59	24505	14469	13877	23723	76574
	5p	+	60	23094	13804	13385	22257	72540
	5p	+	61	21955	13262	12237	21080	68534
	5p	+	62	20663	12403	11861	19777	64704
	5p	+	63	19642	11497	10978	18860	60977
	5p	+	64	18356	10833	10531	17757	57477
	5p	+	65	17516	10303	9845	16558	54222
	5p	+	66	16487	9581	9291	15612	50971
	5p	+	67	15452	9015	8847	14419	47733
	5p	+	68	14392	8468	8055	13832	44747
	5p	+	69	13380	7938	7605	12894	41817
	5p	+	70	12640	7431	6985	11974	39030
	5p	+	71	11710	6902	6349	11274	36235
	5p	+	72	11034	6337	5987	10287	33645
	5p	+	73	10036	5927	5574	9618	31155
	5p	+	74	9377	5418	5187	8875	28857
	5p	+	75	8585	4981	4780	8266	26612
	5p	+	76	7923	4600	4437	7384	24344
	5p	+	77	7328	4216	4005	6694	22243
	5p	+	78	6614	3899	3644	6131	20288
	5p	+	79	6029	3496	3298	5611	18434
	5p	+	80	5463	3101	3006	5086	16656
	5p	+	81	4897	2751	2614	4584	14846
	5p	+	82	4342	2418	2382	4025	13167
	5p	+	83	3922	2118	1991	3511	11542
	5p	+	84	3348	1820	1777	3025	9970
	5p	+	85	2845	1592	1432	2625	8494
	5p	+	86	2431	1312	1214	2166	7123
	5p	+	87	1955	1067	965	1801	5788
	5p	+	88	1549	842	766	1422	4579
	5p	+	89	1158	611	499	1081	3349
	5p	+	90	794	383	325	692	2194
	5p	+	91	400	141	148	416	1105
	5p	+	92	0	0	0	0	0
	5p	+	93	0	0	0	0	0
	5p	+	94	0	0	0	0	0
	5p	+	95	0	0	0	0	0
	5p	+	96	0	0	0	0	0
	5p	+	97	0	0	0	0	0
	5p	+	98	0	0	0	0	0
	5p	+	99	0	0	0	0	0
	5p	+	100	0	0	0	0	0
	5p	-	1	86639	52148	41845	83121	263753
	5p	-	2	78690	47591	53847	83592	263720
	5p	-	3	80226	52891	51200	79436	263753
	5p	-	4	81232	52258	53108	77155	263753
	5p	-	5	79574	52893	52408	78878	263753
	5p	-	6	77500	52563	53256	80434	263753
	5p	-	7	81309	51250	52361	78833	263753
	5p	-	8	83420	50937	50231	79165	263753
	5p	-	9	83120	51102	49270	80261	263753
	5p	-	10	82015	51372	49806	80560	263753
	5p	-	11	81062	52278	49585	80828	263753
	5p	-	12	82218	52463	49300	79772	263753
	5p	-	13	81329	52632	49491	80300	263752
	5p	-	14	81629	52246	49813	80065	263753
	5p	-	15	81294	52342	50085	80030	263751
	5p	-	16	81763	52333	49969	79688	263753
	5p	-	17	81488	52089	50086	80089	263752
	5p	-	18	82227	51985	49466	80075	263753
	5p	-	19	81871	51773	49587	80522	263753
	5p	-	20	81666	51886	49735	80466	263753
	5p	-	21	81446	51846	49639	80822	263753
	5p	-	22	81434	52022	49787	80509	263752
	5p	-	23	82037	52169	49574	79973	263753
	5p	-	24	81755	51950	49520	80528	263753
	5p	-	25	82289	52007	49476	79981	263753
	5p	-	26	83115	51478	49330	79830	263753
	5p	-	27	83056	51608	49330	79759	263753
	5p	-	28	83104	51633	49480	79536	263753
	5p	-	29	83748	51721	49097	79187	263753
	5p	-	30	83884	51758	48181	79930	263753
	5p	-	31	82326	49944	46883	77593	256746
	5p	-	32	79851	48459	45559	75655	249524
	5p	-	33	77538	46591	44525	73653	242307
	5p	-	34	75325	45220	42975	71484	235004
	5p	-	35	72996	43862	41571	69230	227659
	5p	-	36	70859	42171	39827	67372	220229
	5p	-	37	68501	40857	38931	64376	212665
	5p	-	38	65778	39425	37448	62417	205068
	5p	-	39	63505	37758	35948	60204	197415
	5p	-	40	60845	36385	34832	57681	189743
	5p	-	41	58640	34706	33036	55886	182268
	5p	-	42	55804	33652	31487	53923	174866
	5p	-	43	53920	31610	30461	51566	167557
	5p	-	44	51335	30686	29296	49330	160647
	5p	-	45	49500	29253	27802	47248	153803
	5p	-	46	47262	27879	26771	45344	147256
	5p	-	47	45127	26725	25863	43117	140832
	5p	-	48	43102	25564	24583	41197	134446
	5p	-	49	41339	24531	23122	39401	128393
	5p	-	50	39365	23047	22146	37899	122457
	5p	-	51	37272	22254	21265	35851	116642
	5p	-	52	35519	21237	20065	34190	111011
	5p	-	53	33747	20137	19138	32471	105493
	5p	-	54	31926	19217	18103	30944	100190
	5p	-	55	30422	18191	17277	29269	95159
	5p	-	56	28827	17367	16552	27607	90353
	5p	-	57	27291	16165	15797	26479	85732
	5p	-	58	26017	15419	14818	24966	81220
	5p	-	59	24794	14554	14038	23546	76932
	5p	-	60	23273	13759	13233	22483	72748
	5p	-	61	21900	13090	12486	21240	68716
	5p	-	62	20756	12464	11632	19978	64830
	5p	-	63	19415	11671	10957	19051	61094
	5p	-	64	18241	11070	10342	18025	57678
	5p	-	65	17353	10314	9732	16911	54310
	5p	-	66	16397	9595	9281	15770	51043
	5p	-	67	15354	9228	8664	14609	47855
	5p	-	68	14513	8536	8090	13695	44834
	5p	-	69	13575	7992	7456	12856	41879
	5p	-	70	12656	7419	7065	11965	39105
	5p	-	71	11761	6900	6701	11108	36470
	5p	-	72	11044	6412	6074	10451	33981
	5p	-	73	10223	6065	5709	9505	31502
	5p	-	74	9432	5519	5124	9100	29175
	5p	-	75	8760	5105	4765	8222	26852
	5p	-	76	8009	4619	4463	7597	24688
	5p	-	77	7406	4349	4145	6817	22717
	5p	-	78	6696	3798	3761	6392	20647
	5p	-	79	6156	3542	3499	5582	18779
	5p	-	80	5607	3125	2982	5251	16965
	5p	-	81	4977	2846	2768	4559	15150
	5p	-	82	4427	2429	2388	4194	13438
	5p	-	83	3951	2143	2138	3632	11864
	5p	-	84	3399	1955	1736	3184	10274
	5p	-	85	2921	1674	1494	2735	8824
	5p	-	86	2511	1353	1218	2275	7357
	5p	-	87	2047	1081	986	1807	5921
	5p	-	88	1616	811	709	1369	4505
	5p	-	89	1157	557	524	1073	3311
	5p	-	90	746	373	353	667	2139
	5p	-	91	392	154	152	375	1073
	5p	-	92	0	0	0	0	0
	5p	-	93	0	0	0	0	0
	5p	-	94	0	0	0	0	0
	5p	-	95	0	0	0	0	0
	5p	-	96	0	0	0	0	0
	5p	-	97	0	0	0	0	0
	5p	-	98	0	0	0	0	0
	5p	-	99	0	0	0	0	0
	5p	-	100	0	0	0	0	0
