# table produced by DamageProfiler
# using mapped file RxA021.ReedbuckBh_Human_nc.Target.rmdup.noMicro.bam
# Sample ID: RxA021.ReedbuckBh_Human_nc.Target.rmdup.noMicro.bam
Pos	C>T	G>A	A>C	A>G	A>T	C>A	C>G	G>C	G>T	T>A	T>C	T>G	->ACGT	ACGT>-
0	0.000000	0.000000	0.000000	0.040000	0.000000	0.096774	0.000000	0.000000	0.034483	0.000000	0.064516	0.000000	0.000000	0.000000
1	0.000000	0.074074	0.035714	0.035714	0.000000	0.000000	0.000000	0.148148	0.037037	0.000000	0.000000	0.000000	0.000000	0.000000
2	0.000000	0.050000	0.000000	0.000000	0.041667	0.000000	0.035714	0.050000	0.000000	0.000000	0.000000	0.022727	0.000000	0.000000
3	0.037037	0.000000	0.035714	0.000000	0.000000	0.000000	0.037037	0.040000	0.000000	0.027778	0.000000	0.000000	0.000000	0.000000
4	0.027778	0.043478	0.000000	0.000000	0.000000	0.027778	0.000000	0.000000	0.000000	0.000000	0.000000	0.000000	0.008850	0.000000
5	0.000000	0.000000	0.038462	0.038462	0.000000	0.000000	0.000000	0.000000	0.000000	0.000000	0.000000	0.025000	0.008850	0.000000
6	0.121212	0.052632	0.031250	0.031250	0.000000	0.000000	0.000000	0.000000	0.000000	0.034483	0.000000	0.000000	0.008850	0.000000
7	0.064516	0.000000	0.037037	0.037037	0.074074	0.064516	0.032258	0.052632	0.052632	0.000000	0.000000	0.081081	0.000000	0.000000
8	0.000000	0.000000	0.000000	0.043478	0.043478	0.000000	0.040000	0.000000	0.000000	0.023810	0.047619	0.000000	0.008850	0.000000
9	0.000000	0.040000	0.000000	0.060606	0.000000	0.037037	0.074074	0.000000	0.000000	0.000000	0.035714	0.000000	0.008850	0.000000
10	0.000000	0.000000	0.000000	0.000000	0.000000	0.000000	0.000000	0.062500	0.062500	0.000000	0.031250	0.000000	0.017857	0.000000
11	0.000000	0.000000	0.000000	0.038462	0.000000	0.000000	0.000000	0.000000	0.000000	0.000000	0.057143	0.028571	0.017699	0.000000
12	0.043478	0.045455	0.037037	0.074074	0.037037	0.000000	0.000000	0.000000	0.000000	0.027027	0.027027	0.027027	0.027523	0.000000
13	0.031250	0.000000	0.000000	0.035714	0.000000	0.062500	0.000000	0.000000	0.000000	0.000000	0.032258	0.032258	0.008696	0.000000
14	0.000000	0.000000	0.037037	0.000000	0.000000	0.037037	0.074074	0.068966	0.137931	0.000000	0.000000	0.000000	0.008696	0.000000
15	0.000000	0.052632	0.000000	0.000000	0.000000	0.032258	0.000000	0.000000	0.000000	0.047619	0.047619	0.000000	0.008850	0.000000
16	0.000000	0.107143	0.032258	0.064516	0.096774	0.000000	0.034483	0.000000	0.071429	0.000000	0.071429	0.000000	0.000000	0.000000
17	0.000000	0.055556	0.000000	0.030303	0.000000	0.000000	0.000000	0.111111	0.000000	0.000000	0.034483	0.068966	0.036364	0.000000
18	0.033333	0.000000	0.058824	0.000000	0.029412	0.000000	0.000000	0.000000	0.000000	0.031250	0.031250	0.000000	0.008696	0.000000
19	0.037037	0.033333	0.000000	0.034483	0.034483	0.000000	0.000000	0.033333	0.000000	0.000000	0.071429	0.000000	0.008772	0.000000
20	0.037037	0.000000	0.000000	0.000000	0.125000	0.000000	0.111111	0.028571	0.085714	0.000000	0.000000	0.038462	0.008929	0.000000
21	0.032258	0.000000	0.041667	0.041667	0.000000	0.000000	0.032258	0.035714	0.000000	0.066667	0.000000	0.033333	0.026549	0.000000
22	0.090909	0.000000	0.000000	0.034483	0.034483	0.030303	0.030303	0.040000	0.000000	0.000000	0.107143	0.000000	0.000000	0.000000
23	0.000000	0.000000	0.038462	0.038462	0.038462	0.037037	0.037037	0.047619	0.000000	0.048780	0.000000	0.024390	0.000000	0.000000
24	0.032258	0.038462	0.000000	0.037037	0.037037	0.000000	0.000000	0.038462	0.038462	0.032258	0.000000	0.000000	0.000000	0.000000
