# table produced by DamageProfiler
# using mapped file RmA060.GrysbokCape_Human_nc.Target.rmdup.noMicro.bam
# Sample ID: RmA060.GrysbokCape_Human_nc.Target.rmdup.noMicro.bam
Pos	C>T	G>A	A>C	A>G	A>T	C>A	C>G	G>C	G>T	T>A	T>C	T>G	->ACGT	ACGT>-
24	0.000862	0.002580	0.003169	0.001811	0.000905	0.005172	0.000862	0.000860	0.004299	0.001942	0.001456	0.000971	0.004703	0.000000
23	0.005776	0.003506	0.001358	0.002716	0.002263	0.002475	0.000000	0.000000	0.002629	0.001472	0.003435	0.000981	0.003788	0.000000
22	0.004163	0.003568	0.000000	0.002691	0.000448	0.000833	0.003331	0.000892	0.004460	0.001467	0.000978	0.001467	0.004548	0.000000
21	0.002471	0.004521	0.001343	0.002239	0.000000	0.002471	0.000000	0.001808	0.001808	0.001969	0.000492	0.000985	0.006683	0.000000
20	0.004348	0.005376	0.000000	0.001349	0.002698	0.002609	0.003478	0.001792	0.005376	0.000478	0.002865	0.000478	0.004253	0.000000
19	0.005102	0.004521	0.001343	0.001791	0.000896	0.002551	0.000000	0.003617	0.003617	0.001443	0.001443	0.000962	0.003336	0.000000
18	0.003493	0.002650	0.000461	0.002764	0.001842	0.001747	0.000000	0.003534	0.003534	0.003276	0.000936	0.000936	0.004404	0.000000
17	0.000838	0.004529	0.001366	0.002277	0.000455	0.000838	0.003350	0.000906	0.004529	0.000957	0.002392	0.001435	0.005012	0.000000
16	0.003325	0.003597	0.001408	0.001408	0.003285	0.003325	0.004988	0.001799	0.001799	0.001405	0.000937	0.001405	0.005470	0.000000
15	0.004216	0.006222	0.000909	0.002727	0.000909	0.005902	0.000000	0.000889	0.004444	0.000960	0.001440	0.000000	0.003791	0.000000
14	0.001691	0.004545	0.001803	0.001352	0.000901	0.002536	0.000000	0.003636	0.002727	0.000957	0.000479	0.000479	0.004096	0.000000
13	0.003454	0.002562	0.000000	0.002276	0.000910	0.003454	0.000000	0.001708	0.003416	0.000487	0.002437	0.001462	0.006081	0.000000
12	0.008101	0.004329	0.001339	0.000446	0.000893	0.000000	0.000000	0.001732	0.003463	0.000483	0.002414	0.000966	0.005626	0.000000
11	0.003376	0.002632	0.002208	0.001766	0.000883	0.000000	0.000844	0.004386	0.000877	0.001496	0.000998	0.000998	0.003791	0.000000
10	0.003472	0.004405	0.000455	0.002727	0.000909	0.005208	0.002604	0.000881	0.006167	0.001414	0.001414	0.001414	0.003027	0.000000
9	0.003568	0.003457	0.000449	0.002694	0.002694	0.001784	0.001784	0.004322	0.005186	0.000956	0.001433	0.000478	0.003637	0.000000
8	0.002606	0.003559	0.001806	0.002257	0.001806	0.001738	0.001738	0.000890	0.001779	0.001430	0.000953	0.001907	0.004706	0.000000
7	0.006098	0.000931	0.000867	0.001734	0.000433	0.002613	0.001742	0.000931	0.005587	0.001452	0.000968	0.000484	0.003791	0.000000
6	0.005106	0.004739	0.000873	0.003054	0.001309	0.003404	0.003404	0.002844	0.005687	0.002889	0.001926	0.000481	0.003637	0.000000
5	0.000889	0.000923	0.001658	0.001243	0.003315	0.002667	0.008000	0.000923	0.004617	0.001007	0.002014	0.000504	0.002573	0.000000
4	0.005059	0.007859	0.002116	0.002539	0.000846	0.001686	0.003373	0.000982	0.003929	0.001953	0.003418	0.001465	0.001058	0.000000
3	0.006385	0.009814	0.002551	0.000425	0.002551	0.003192	0.003990	0.003925	0.002944	0.003514	0.003012	0.000000	0.000302	0.000000
2	0.009860	0.008214	0.001653	0.002893	0.001240	0.008217	0.003287	0.003080	0.006160	0.005525	0.003014	0.002511	0.000303	0.000000
1	0.113689	0.012387	0.001539	0.001924	0.004232	0.007734	0.003094	0.005631	0.004505	0.003322	0.001661	0.000000	0.000152	0.000000
0	0.314961	0.014859	0.001572	0.005894	0.007466	0.011811	0.000984	0.007429	0.008915	0.007271	0.001283	0.001711	0.000000	0.000000
