# table produced by DamageProfiler
# using mapped file RmA009.GrysbokCape_Human_nc.Target.rmdup.noMicro.bam
# Sample ID: RmA009.GrysbokCape_Human_nc.Target.rmdup.noMicro.bam
Pos	C>T	G>A	A>C	A>G	A>T	C>A	C>G	G>C	G>T	T>A	T>C	T>G	->ACGT	ACGT>-
24	0.003306	0.001835	0.000419	0.001552	0.000455	0.000620	0.000412	0.000376	0.001932	0.000430	0.001143	0.000358	0.001784	0.000000
23	0.003245	0.001857	0.000374	0.001456	0.000462	0.000630	0.000348	0.000508	0.001983	0.000474	0.001182	0.000343	0.001808	0.000000
22	0.003375	0.001755	0.000398	0.001373	0.000462	0.000693	0.000390	0.000494	0.002011	0.000460	0.001072	0.000346	0.001784	0.000000
21	0.003178	0.001759	0.000358	0.001427	0.000485	0.000575	0.000357	0.000443	0.001893	0.000474	0.001216	0.000348	0.001843	0.000000
20	0.003155	0.001733	0.000402	0.001476	0.000434	0.000644	0.000399	0.000343	0.001834	0.000455	0.001215	0.000316	0.001794	0.000000
19	0.003210	0.001803	0.000418	0.001403	0.000420	0.000727	0.000353	0.000453	0.001889	0.000450	0.001177	0.000291	0.001842	0.000000
18	0.003233	0.001680	0.000351	0.001431	0.000470	0.000595	0.000389	0.000369	0.001919	0.000440	0.001220	0.000362	0.001815	0.000000
17	0.003023	0.001785	0.000311	0.001557	0.000569	0.000710	0.000307	0.000440	0.001850	0.000545	0.001142	0.000330	0.001826	0.000000
16	0.003241	0.001818	0.000349	0.001350	0.000466	0.000571	0.000339	0.000448	0.001959	0.000442	0.001218	0.000356	0.001811	0.000000
15	0.003150	0.001826	0.000346	0.001449	0.000481	0.000636	0.000311	0.000450	0.002016	0.000418	0.001139	0.000335	0.001806	0.000000
14	0.003071	0.001955	0.000341	0.001369	0.000529	0.000633	0.000372	0.000417	0.001916	0.000521	0.001140	0.000307	0.001791	0.000000
13	0.003221	0.001948	0.000437	0.001348	0.000448	0.000768	0.000471	0.000395	0.001825	0.000416	0.001168	0.000351	0.001739	0.000000
12	0.003418	0.001976	0.000407	0.001507	0.000454	0.000599	0.000346	0.000379	0.001745	0.000473	0.001162	0.000354	0.001712	0.000000
11	0.003298	0.001913	0.000421	0.001574	0.000513	0.000662	0.000394	0.000371	0.001910	0.000467	0.001134	0.000384	0.001681	0.000000
10	0.003290	0.001989	0.000391	0.001548	0.000514	0.000621	0.000400	0.000430	0.001949	0.000479	0.001176	0.000369	0.001598	0.000000
9	0.003335	0.002105	0.000363	0.001625	0.000509	0.000732	0.000389	0.000539	0.001796	0.000508	0.001139	0.000420	0.001557	0.000000
8	0.003645	0.001946	0.000390	0.001595	0.000563	0.000711	0.000451	0.000451	0.001842	0.000512	0.001111	0.000345	0.001367	0.000000
7	0.003988	0.002234	0.000382	0.001745	0.000577	0.000922	0.000407	0.000417	0.001958	0.000567	0.001159	0.000375	0.001177	0.000000
6	0.004355	0.002131	0.000479	0.001771	0.000693	0.000857	0.000425	0.000486	0.001934	0.000715	0.001221	0.000415	0.001078	0.000000
5	0.004749	0.002219	0.000430	0.001902	0.000754	0.000973	0.000631	0.000453	0.001971	0.000794	0.001322	0.000553	0.000860	0.000000
4	0.005850	0.002549	0.000658	0.002244	0.000993	0.001283	0.000760	0.000567	0.002248	0.001066	0.001541	0.000703	0.000496	0.000000
3	0.006493	0.003264	0.000805	0.002723	0.001410	0.001757	0.000958	0.000753	0.002618	0.001542	0.001754	0.000889	0.000256	0.000000
2	0.007325	0.004320	0.001398	0.003162	0.001920	0.002293	0.001192	0.001082	0.003009	0.002447	0.002261	0.001465	0.000085	0.000000
1	0.038278	0.006042	0.001870	0.004202	0.002899	0.003471	0.001518	0.001698	0.003430	0.003962	0.003193	0.002254	0.000024	0.000000
0	0.183574	0.009703	0.001820	0.004261	0.004263	0.007012	0.002586	0.001924	0.005570	0.005655	0.002831	0.002454	0.000000	0.000000
