# table produced by DamageProfiler
# using mapped file RmA009.GrysbokCape_Human_nc.Target.rmdup.noMicro.bam
# Sample ID: RmA009.GrysbokCape_Human_nc.Target.rmdup.noMicro.bam
Chr	End	Std	Pos	A	C	G	T	Total	G>A	C>T	A>G	T>C	A>C	A>T	C>G	C>A	T>G	T>A	G>C	G>T	A>-	T>-	C>-	G>-	->A	->T	->C	->G	S
	3p	+	1	272906.0	114886.0	131277.0	197832.0	716901.0	1248.0	21128.0	1185.0	561.0	481.0	1194.0	302.0	766.0	452.0	1073.0	238.0	728.0	0.0	0.0	0.0	0.0	0.0	0.0	0.0	0.0	0.0
	3p	+	2	246076.0	146112.0	148575.0	177207.0	717970.0	893.0	5609.0	1042.0	531.0	465.0	735.0	225.0	484.0	416.0	681.0	254.0	491.0	0.0	0.0	0.0	0.0	2.0	0.0	3.0	0.0	0.0
	3p	+	3	238692.0	137902.0	153301.0	189096.0	718991.0	677.0	1046.0	722.0	456.0	323.0	474.0	160.0	303.0	279.0	456.0	172.0	465.0	0.0	0.0	0.0	0.0	2.0	0.0	5.0	6.0	0.0
	3p	+	4	239331.0	129300.0	154861.0	196366.0	719858.0	525.0	850.0	623.0	315.0	203.0	332.0	125.0	232.0	172.0	314.0	120.0	428.0	0.0	0.0	0.0	0.0	9.0	0.0	9.0	17.0	0.0
	3p	+	5	241409.0	126670.0	152591.0	199799.0	720469.0	389.0	749.0	543.0	299.0	139.0	258.0	104.0	164.0	151.0	231.0	81.0	332.0	0.0	0.0	0.0	0.0	63.0	0.0	44.0	39.0	0.0
	3p	+	6	243272.0	127933.0	149068.0	200405.0	720678.0	335.0	592.0	462.0	270.0	110.0	184.0	77.0	135.0	107.0	167.0	69.0	312.0	0.0	0.0	0.0	0.0	163.0	0.0	114.0	134.0	0.0
	3p	+	7	235599.0	134805.0	141743.0	208708.0	720855.0	297.0	611.0	417.0	265.0	107.0	168.0	63.0	131.0	85.0	157.0	69.0	279.0	0.0	0.0	0.0	0.0	231.0	0.0	148.0	167.0	0.0
	3p	+	8	235201.0	134069.0	139365.0	212238.0	720873.0	300.0	539.0	422.0	246.0	91.0	154.0	53.0	123.0	71.0	121.0	62.0	285.0	0.0	0.0	0.0	0.0	288.0	0.0	174.0	209.0	0.0
	3p	+	9	230405.0	136645.0	138536.0	215169.0	720755.0	281.0	501.0	358.0	244.0	90.0	124.0	66.0	102.0	73.0	105.0	70.0	261.0	0.0	0.0	0.0	0.0	381.0	0.0	217.0	223.0	0.0
	3p	+	10	226618.0	138739.0	139290.0	215906.0	720553.0	275.0	471.0	383.0	231.0	83.0	128.0	54.0	94.0	93.0	107.0	77.0	254.0	0.0	0.0	0.0	0.0	482.0	0.0	251.0	285.0	0.0
	3p	+	11	223643.0	139808.0	139562.0	217499.0	720512.0	278.0	468.0	332.0	266.0	80.0	128.0	47.0	94.0	79.0	108.0	63.0	259.0	0.0	0.0	0.0	0.0	481.0	0.0	275.0	262.0	0.0
	3p	+	12	223608.0	139877.0	140297.0	216613.0	720395.0	260.0	433.0	383.0	235.0	89.0	126.0	55.0	89.0	79.0	104.0	55.0	234.0	0.0	0.0	0.0	0.0	543.0	0.0	269.0	313.0	0.0
	3p	+	13	223282.0	140698.0	138345.0	218109.0	720434.0	275.0	466.0	335.0	241.0	80.0	105.0	57.0	91.0	68.0	99.0	42.0	238.0	0.0	0.0	0.0	0.0	568.0	0.0	293.0	287.0	0.0
	3p	+	14	223289.0	141169.0	138919.0	216918.0	720295.0	253.0	472.0	313.0	257.0	102.0	112.0	77.0	119.0	74.0	89.0	62.0	246.0	0.0	0.0	0.0	0.0	586.0	0.0	323.0	335.0	0.0
	3p	+	15	222447.0	141578.0	139411.0	216794.0	720230.0	286.0	425.0	306.0	244.0	83.0	121.0	55.0	90.0	71.0	119.0	66.0	253.0	0.0	0.0	0.0	0.0	618.0	0.0	321.0	320.0	0.0
	3p	+	16	221651.0	141116.0	139075.0	218312.0	720154.0	268.0	449.0	317.0	231.0	76.0	127.0	41.0	88.0	77.0	84.0	60.0	277.0	0.0	0.0	0.0	0.0	643.0	0.0	292.0	333.0	0.0
	3p	+	17	219902.0	141992.0	138077.0	220190.0	720161.0	242.0	432.0	301.0	251.0	76.0	98.0	47.0	71.0	81.0	95.0	61.0	264.0	0.0	0.0	0.0	0.0	627.0	0.0	321.0	323.0	0.0
	3p	+	18	220558.0	141737.0	138484.0	219321.0	720100.0	248.0	435.0	340.0	248.0	58.0	125.0	44.0	102.0	71.0	119.0	68.0	250.0	0.0	0.0	0.0	0.0	670.0	0.0	329.0	317.0	0.0
	3p	+	19	220278.0	142666.0	138635.0	218492.0	720071.0	259.0	494.0	317.0	277.0	79.0	112.0	48.0	89.0	77.0	99.0	52.0	270.0	0.0	0.0	0.0	0.0	660.0	0.0	321.0	336.0	0.0
	3p	+	20	220159.0	142619.0	138662.0	218647.0	720087.0	231.0	470.0	302.0	270.0	81.0	99.0	45.0	111.0	58.0	97.0	52.0	262.0	0.0	0.0	0.0	0.0	701.0	0.0	340.0	315.0	0.0
	3p	+	21	219755.0	142944.0	138253.0	219050.0	720002.0	236.0	451.0	351.0	258.0	79.0	94.0	58.0	97.0	67.0	91.0	52.0	248.0	0.0	0.0	0.0	0.0	666.0	0.0	346.0	348.0	0.0
	3p	+	22	219574.0	142938.0	139087.0	218441.0	720040.0	227.0	455.0	318.0	262.0	76.0	119.0	52.0	85.0	65.0	98.0	61.0	255.0	0.0	0.0	0.0	0.0	708.0	0.0	330.0	340.0	0.0
	3p	+	23	220609.0	142273.0	138945.0	218275.0	720102.0	230.0	466.0	309.0	242.0	94.0	105.0	50.0	116.0	76.0	99.0	72.0	270.0	0.0	0.0	0.0	0.0	677.0	0.0	334.0	298.0	0.0
	3p	+	24	221814.0	141618.0	138647.0	217901.0	719980.0	270.0	475.0	314.0	256.0	75.0	104.0	54.0	103.0	78.0	106.0	66.0	264.0	0.0	0.0	0.0	0.0	673.0	0.0	338.0	340.0	0.0
	3p	+	25	221310.0	142338.0	139380.0	217040.0	720068.0	224.0	444.0	368.0	235.0	87.0	96.0	56.0	84.0	86.0	92.0	50.0	279.0	0.0	0.0	0.0	0.0	699.0	0.0	317.0	311.0	0.0
	3p	+	26	221325.0	142451.0	139093.0	217153.0	720022.0	224.0	455.0	336.0	264.0	67.0	85.0	68.0	101.0	57.0	89.0	62.0	227.0	0.0	0.0	0.0	0.0	696.0	0.0	337.0	289.0	0.0
	3p	+	27	220151.0	143203.0	140120.0	216494.0	719968.0	244.0	508.0	319.0	272.0	81.0	102.0	56.0	95.0	81.0	93.0	59.0	265.0	0.0	0.0	0.0	0.0	723.0	0.0	333.0	327.0	0.0
	3p	+	28	220834.0	142630.0	140654.0	215922.0	720040.0	251.0	527.0	334.0	262.0	94.0	122.0	65.0	123.0	87.0	104.0	54.0	273.0	0.0	0.0	0.0	0.0	671.0	0.0	303.0	298.0	0.0
	3p	+	29	219604.0	142610.0	141012.0	216809.0	720035.0	295.0	575.0	384.0	272.0	108.0	155.0	67.0	126.0	105.0	129.0	63.0	303.0	0.0	0.0	0.0	0.0	638.0	0.0	300.0	281.0	0.0
	3p	+	30	221043.0	142546.0	140140.0	216223.0	719952.0	352.0	709.0	469.0	292.0	143.0	219.0	92.0	171.0	124.0	212.0	59.0	347.0	0.0	0.0	0.0	0.0	623.0	0.0	308.0	267.0	0.0
	3p	+	31	214564.0	139665.0	136931.0	210281.0	701441.0	323.0	664.0	480.0	279.0	122.0	205.0	84.0	158.0	107.0	214.0	83.0	295.0	0.0	0.0	0.0	0.0	601.0	0.0	301.0	296.0	0.0
	3p	+	32	208997.0	135169.0	133616.0	204478.0	682260.0	309.0	681.0	415.0	282.0	115.0	202.0	82.0	167.0	96.0	211.0	70.0	295.0	0.0	0.0	0.0	0.0	596.0	0.0	308.0	285.0	0.0
	3p	+	33	204605.0	130969.0	129517.0	198460.0	663551.0	289.0	693.0	440.0	314.0	123.0	182.0	67.0	168.0	108.0	208.0	57.0	310.0	0.0	0.0	0.0	0.0	590.0	0.0	291.0	288.0	0.0
	3p	+	34	198967.0	126643.0	126149.0	193273.0	645032.0	298.0	627.0	420.0	258.0	89.0	190.0	84.0	140.0	122.0	227.0	55.0	280.0	0.0	0.0	0.0	0.0	534.0	0.0	278.0	264.0	0.0
	3p	+	35	193517.0	122726.0	122479.0	187659.0	626381.0	289.0	621.0	407.0	264.0	124.0	194.0	81.0	152.0	112.0	162.0	59.0	371.0	0.0	0.0	0.0	0.0	489.0	0.0	266.0	254.0	0.0
	3p	+	36	188089.0	119654.0	118012.0	182469.0	608224.0	273.0	661.0	407.0	246.0	114.0	197.0	73.0	134.0	106.0	190.0	69.0	293.0	0.0	0.0	0.0	0.0	513.0	0.0	249.0	228.0	0.0
	3p	+	37	181996.0	116344.0	114277.0	177490.0	590107.0	300.0	629.0	374.0	266.0	101.0	198.0	88.0	146.0	94.0	192.0	50.0	279.0	0.0	0.0	0.0	0.0	470.0	0.0	249.0	230.0	0.0
	3p	+	38	176102.0	112587.0	111616.0	171872.0	572177.0	258.0	611.0	366.0	251.0	105.0	197.0	80.0	133.0	79.0	204.0	43.0	259.0	0.0	0.0	0.0	0.0	471.0	0.0	232.0	228.0	0.0
	3p	+	39	170326.0	109294.0	107561.0	167260.0	554441.0	284.0	565.0	353.0	206.0	89.0	195.0	69.0	127.0	107.0	222.0	64.0	303.0	0.0	0.0	0.0	0.0	470.0	0.0	254.0	234.0	0.0
	3p	+	40	165248.0	106147.0	103650.0	161857.0	536902.0	272.0	568.0	343.0	231.0	104.0	203.0	91.0	146.0	110.0	210.0	71.0	268.0	0.0	0.0	0.0	0.0	431.0	0.0	250.0	223.0	0.0
	3p	+	41	159580.0	102167.0	101397.0	156333.0	519477.0	229.0	572.0	321.0	210.0	124.0	216.0	91.0	120.0	99.0	167.0	60.0	281.0	0.0	0.0	0.0	0.0	437.0	0.0	230.0	187.0	0.0
	3p	+	42	154323.0	98525.0	97650.0	151794.0	502292.0	259.0	545.0	369.0	219.0	119.0	206.0	83.0	153.0	110.0	235.0	60.0	263.0	0.0	0.0	0.0	0.0	385.0	0.0	205.0	173.0	0.0
	3p	+	43	149554.0	94737.0	94181.0	146784.0	485256.0	246.0	523.0	359.0	236.0	97.0	205.0	83.0	127.0	99.0	218.0	62.0	262.0	0.0	0.0	0.0	0.0	357.0	0.0	176.0	182.0	0.0
	3p	+	44	144633.0	91586.0	90940.0	141289.0	468448.0	239.0	495.0	358.0	231.0	128.0	191.0	71.0	140.0	101.0	197.0	58.0	261.0	0.0	0.0	0.0	0.0	333.0	0.0	185.0	165.0	0.0
	3p	+	45	139721.0	88442.0	87871.0	136100.0	452134.0	233.0	504.0	340.0	201.0	109.0	188.0	60.0	146.0	94.0	174.0	52.0	235.0	0.0	0.0	0.0	0.0	298.0	0.0	193.0	155.0	0.0
	3p	+	46	134964.0	85073.0	84878.0	131151.0	436066.0	241.0	516.0	293.0	212.0	92.0	193.0	56.0	106.0	97.0	197.0	52.0	256.0	0.0	0.0	0.0	0.0	306.0	0.0	146.0	161.0	0.0
	3p	+	47	130654.0	82141.0	81519.0	126530.0	420844.0	224.0	452.0	303.0	191.0	84.0	183.0	72.0	112.0	82.0	171.0	47.0	212.0	0.0	0.0	0.0	0.0	297.0	0.0	129.0	146.0	0.0
	3p	+	48	125596.0	79235.0	78408.0	122495.0	405734.0	205.0	409.0	301.0	204.0	88.0	158.0	65.0	92.0	96.0	170.0	46.0	209.0	0.0	0.0	0.0	0.0	256.0	0.0	120.0	141.0	0.0
	3p	+	49	121924.0	76612.0	75158.0	117500.0	391194.0	203.0	398.0	274.0	175.0	84.0	147.0	62.0	133.0	85.0	191.0	46.0	228.0	0.0	0.0	0.0	0.0	230.0	0.0	132.0	110.0	0.0
	3p	+	50	116565.0	73701.0	72596.0	113817.0	376679.0	190.0	435.0	280.0	181.0	88.0	172.0	64.0	109.0	79.0	165.0	32.0	184.0	0.0	0.0	0.0	0.0	253.0	0.0	130.0	110.0	0.0
	3p	+	51	112018.0	71570.0	70241.0	108797.0	362626.0	202.0	362.0	261.0	143.0	96.0	142.0	56.0	87.0	77.0	156.0	51.0	191.0	0.0	0.0	0.0	0.0	212.0	0.0	146.0	122.0	0.0
	3p	+	52	108055.0	68436.0	67903.0	104861.0	349255.0	179.0	377.0	258.0	166.0	96.0	150.0	46.0	109.0	70.0	171.0	39.0	199.0	0.0	0.0	0.0	0.0	197.0	0.0	119.0	105.0	0.0
	3p	+	53	104294.0	66110.0	64652.0	101128.0	336184.0	166.0	368.0	248.0	155.0	66.0	127.0	59.0	100.0	77.0	151.0	33.0	218.0	0.0	0.0	0.0	0.0	200.0	0.0	99.0	87.0	0.0
	3p	+	54	100281.0	63483.0	62700.0	97276.0	323740.0	183.0	340.0	258.0	160.0	64.0	146.0	36.0	102.0	70.0	140.0	43.0	166.0	0.0	0.0	0.0	0.0	184.0	0.0	82.0	86.0	0.0
	3p	+	55	96477.0	60859.0	60193.0	94142.0	311671.0	154.0	352.0	233.0	137.0	79.0	119.0	40.0	96.0	61.0	127.0	34.0	177.0	0.0	0.0	0.0	0.0	184.0	0.0	98.0	71.0	0.0
	3p	+	56	92554.0	59012.0	57933.0	90655.0	300154.0	144.0	296.0	205.0	129.0	74.0	129.0	49.0	84.0	75.0	125.0	31.0	183.0	0.0	0.0	0.0	0.0	156.0	0.0	79.0	73.0	0.0
	3p	+	57	89228.0	56974.0	55911.0	87092.0	289205.0	171.0	267.0	198.0	137.0	75.0	110.0	48.0	90.0	80.0	146.0	32.0	180.0	0.0	0.0	0.0	0.0	168.0	0.0	74.0	72.0	0.0
	3p	+	58	86052.0	54930.0	53363.0	84097.0	278442.0	169.0	287.0	199.0	120.0	71.0	117.0	49.0	74.0	69.0	138.0	40.0	157.0	0.0	0.0	0.0	0.0	127.0	0.0	78.0	68.0	0.0
	3p	+	59	82830.0	52741.0	51917.0	80759.0	268247.0	148.0	272.0	182.0	120.0	61.0	94.0	41.0	76.0	59.0	125.0	38.0	142.0	0.0	0.0	0.0	0.0	104.0	0.0	61.0	58.0	0.0
	3p	+	60	79840.0	51075.0	49736.0	77543.0	258194.0	125.0	282.0	155.0	121.0	75.0	106.0	36.0	78.0	53.0	118.0	30.0	168.0	0.0	0.0	0.0	0.0	93.0	0.0	60.0	65.0	0.0
	3p	+	61	76635.0	48776.0	47766.0	75362.0	248539.0	130.0	260.0	180.0	117.0	65.0	120.0	40.0	86.0	51.0	127.0	29.0	151.0	0.0	0.0	0.0	0.0	96.0	0.0	53.0	62.0	0.0
	3p	+	62	73995.0	47272.0	45842.0	72152.0	239261.0	141.0	259.0	161.0	104.0	61.0	111.0	33.0	82.0	48.0	79.0	25.0	128.0	0.0	0.0	0.0	0.0	105.0	0.0	57.0	44.0	0.0
	3p	+	63	71130.0	45299.0	44401.0	69266.0	230096.0	152.0	212.0	157.0	110.0	57.0	101.0	39.0	81.0	38.0	106.0	39.0	135.0	0.0	0.0	0.0	0.0	88.0	0.0	48.0	43.0	0.0
	3p	+	64	68236.0	44206.0	42672.0	66449.0	221563.0	127.0	222.0	159.0	101.0	52.0	72.0	36.0	79.0	46.0	140.0	28.0	107.0	0.0	0.0	0.0	0.0	85.0	0.0	37.0	47.0	0.0
	3p	+	65	66263.0	42048.0	40761.0	64662.0	213734.0	118.0	206.0	138.0	102.0	61.0	111.0	38.0	70.0	56.0	106.0	21.0	124.0	0.0	0.0	0.0	0.0	86.0	0.0	44.0	48.0	0.0
	3p	+	66	63536.0	41010.0	39491.0	62003.0	206040.0	125.0	173.0	147.0	91.0	51.0	86.0	30.0	65.0	42.0	94.0	17.0	137.0	0.0	0.0	0.0	0.0	85.0	0.0	37.0	36.0	0.0
	3p	+	67	61225.0	39240.0	38375.0	59812.0	198652.0	108.0	204.0	128.0	100.0	54.0	83.0	33.0	74.0	47.0	85.0	32.0	101.0	0.0	0.0	0.0	0.0	71.0	0.0	41.0	37.0	0.0
	3p	+	68	59046.0	37988.0	37128.0	57469.0	191631.0	99.0	179.0	129.0	88.0	55.0	96.0	36.0	62.0	44.0	76.0	25.0	120.0	0.0	0.0	0.0	0.0	65.0	0.0	40.0	29.0	0.0
	3p	+	69	56819.0	36796.0	35312.0	55802.0	184729.0	117.0	178.0	133.0	79.0	47.0	70.0	22.0	78.0	28.0	100.0	17.0	103.0	0.0	0.0	0.0	0.0	70.0	0.0	33.0	30.0	0.0
	3p	+	70	54867.0	35382.0	34075.0	53808.0	178132.0	87.0	181.0	103.0	90.0	52.0	76.0	27.0	59.0	42.0	84.0	17.0	115.0	0.0	0.0	0.0	0.0	60.0	0.0	35.0	42.0	0.0
	3p	+	71	52718.0	34216.0	33148.0	51773.0	171855.0	95.0	152.0	116.0	78.0	37.0	72.0	35.0	58.0	34.0	86.0	16.0	113.0	0.0	0.0	0.0	0.0	57.0	0.0	26.0	28.0	0.0
	3p	+	72	51257.0	32901.0	31985.0	49667.0	165810.0	86.0	164.0	111.0	67.0	40.0	68.0	21.0	52.0	42.0	88.0	14.0	89.0	0.0	0.0	0.0	0.0	76.0	0.0	31.0	32.0	0.0
	3p	+	73	49366.0	31714.0	30668.0	48211.0	159959.0	77.0	152.0	112.0	69.0	38.0	82.0	25.0	53.0	35.0	59.0	31.0	95.0	0.0	0.0	0.0	0.0	41.0	0.0	41.0	21.0	0.0
	3p	+	74	47483.0	30978.0	30032.0	46021.0	154514.0	76.0	119.0	99.0	59.0	34.0	61.0	25.0	49.0	30.0	65.0	26.0	83.0	0.0	0.0	0.0	0.0	52.0	0.0	21.0	28.0	0.0
	3p	+	75	45860.0	29617.0	28671.0	44928.0	149076.0	67.0	115.0	100.0	63.0	37.0	55.0	24.0	52.0	27.0	63.0	25.0	105.0	0.0	0.0	0.0	0.0	50.0	0.0	27.0	22.0	0.0
	3p	+	76	44210.0	29029.0	27515.0	43214.0	143968.0	101.0	121.0	93.0	64.0	36.0	53.0	22.0	47.0	29.0	49.0	16.0	102.0	0.0	0.0	0.0	0.0	42.0	0.0	27.0	20.0	0.0
	3p	+	77	42722.0	27658.0	26616.0	42072.0	139068.0	66.0	119.0	103.0	61.0	32.0	59.0	19.0	38.0	24.0	64.0	18.0	76.0	0.0	0.0	0.0	0.0	43.0	0.0	21.0	19.0	0.0
	3p	+	78	41182.0	26835.0	25675.0	40733.0	134425.0	77.0	105.0	97.0	69.0	33.0	46.0	13.0	42.0	30.0	54.0	20.0	84.0	0.0	0.0	0.0	0.0	43.0	0.0	24.0	19.0	0.0
	3p	+	79	39734.0	25921.0	24932.0	39198.0	129785.0	64.0	118.0	85.0	63.0	32.0	63.0	23.0	47.0	33.0	52.0	13.0	76.0	0.0	0.0	0.0	0.0	36.0	0.0	15.0	19.0	0.0
	3p	+	80	38871.0	24980.0	23898.0	37474.0	125223.0	73.0	105.0	76.0	66.0	30.0	65.0	16.0	33.0	25.0	53.0	8.0	88.0	0.0	0.0	0.0	0.0	29.0	0.0	19.0	18.0	0.0
	3p	+	81	37332.0	24252.0	23052.0	36247.0	120883.0	52.0	102.0	63.0	62.0	38.0	40.0	23.0	30.0	27.0	51.0	26.0	74.0	0.0	0.0	0.0	0.0	35.0	0.0	19.0	13.0	0.0
	3p	+	82	35889.0	23126.0	22695.0	34967.0	116677.0	68.0	93.0	75.0	61.0	29.0	43.0	18.0	37.0	20.0	50.0	14.0	74.0	0.0	0.0	0.0	0.0	26.0	0.0	15.0	16.0	0.0
	3p	+	83	34514.0	22721.0	21463.0	34021.0	112719.0	67.0	93.0	67.0	52.0	24.0	39.0	17.0	33.0	34.0	53.0	24.0	82.0	0.0	0.0	0.0	0.0	27.0	0.0	11.0	9.0	0.0
	3p	+	84	33367.0	21813.0	21190.0	32535.0	108905.0	58.0	109.0	68.0	50.0	25.0	47.0	17.0	42.0	24.0	56.0	10.0	61.0	0.0	0.0	0.0	0.0	26.0	0.0	18.0	8.0	0.0
	3p	+	85	32351.0	21295.0	20117.0	31489.0	105252.0	49.0	75.0	74.0	43.0	29.0	35.0	17.0	47.0	24.0	58.0	23.0	71.0	0.0	0.0	0.0	0.0	23.0	0.0	15.0	6.0	0.0
	3p	+	86	31015.0	20548.0	19502.0	30767.0	101832.0	51.0	89.0	63.0	39.0	28.0	38.0	14.0	40.0	24.0	44.0	9.0	68.0	0.0	0.0	0.0	0.0	22.0	0.0	16.0	20.0	0.0
	3p	+	87	30259.0	19674.0	18908.0	29727.0	98568.0	43.0	71.0	66.0	44.0	22.0	48.0	14.0	29.0	21.0	47.0	9.0	58.0	0.0	0.0	0.0	0.0	31.0	0.0	8.0	9.0	0.0
	3p	+	88	29410.0	19027.0	18370.0	28480.0	95287.0	52.0	90.0	60.0	41.0	21.0	44.0	9.0	38.0	17.0	40.0	8.0	59.0	0.0	0.0	0.0	0.0	23.0	0.0	8.0	9.0	0.0
	3p	+	89	28569.0	18327.0	17692.0	27635.0	92223.0	43.0	57.0	60.0	40.0	16.0	37.0	13.0	35.0	17.0	26.0	11.0	55.0	0.0	0.0	0.0	0.0	27.0	0.0	11.0	7.0	0.0
	3p	+	90	27375.0	17780.0	17270.0	26759.0	89184.0	37.0	61.0	52.0	35.0	18.0	26.0	7.0	22.0	20.0	32.0	6.0	53.0	0.0	0.0	0.0	0.0	27.0	0.0	12.0	8.0	0.0
	3p	+	91	26611.0	17271.0	16633.0	26083.0	86598.0	36.0	46.0	59.0	37.0	11.0	19.0	13.0	19.0	10.0	31.0	6.0	44.0	0.0	0.0	0.0	0.0	16.0	0.0	9.0	6.0	0.0
	3p	+	92	25824.0	16886.0	16122.0	25166.0	83998.0	27.0	54.0	45.0	27.0	15.0	30.0	6.0	22.0	10.0	24.0	6.0	40.0	0.0	0.0	0.0	0.0	18.0	0.0	12.0	8.0	0.0
	3p	+	93	24838.0	16292.0	15678.0	24576.0	81384.0	38.0	44.0	50.0	43.0	16.0	23.0	14.0	29.0	16.0	31.0	9.0	48.0	0.0	0.0	0.0	0.0	17.0	0.0	9.0	8.0	0.0
	3p	+	94	24134.0	15843.0	15251.0	23752.0	78980.0	31.0	56.0	46.0	28.0	19.0	27.0	8.0	26.0	15.0	27.0	10.0	43.0	0.0	0.0	0.0	0.0	21.0	0.0	10.0	8.0	0.0
	3p	+	95	23297.0	15498.0	14843.0	23046.0	76684.0	35.0	62.0	40.0	28.0	18.0	12.0	7.0	23.0	13.0	20.0	8.0	52.0	0.0	0.0	0.0	0.0	16.0	0.0	8.0	14.0	0.0
	3p	+	96	22991.0	14950.0	14429.0	22119.0	74489.0	29.0	46.0	33.0	34.0	10.0	22.0	11.0	15.0	11.0	27.0	6.0	42.0	0.0	0.0	0.0	0.0	24.0	0.0	6.0	6.0	0.0
	3p	+	97	22242.0	14423.0	13961.0	21687.0	72313.0	43.0	42.0	38.0	32.0	14.0	19.0	7.0	20.0	15.0	16.0	7.0	46.0	0.0	0.0	0.0	0.0	15.0	0.0	10.0	6.0	0.0
	3p	+	98	21413.0	14229.0	13428.0	21196.0	70266.0	29.0	53.0	35.0	32.0	12.0	22.0	8.0	24.0	11.0	27.0	7.0	42.0	0.0	0.0	0.0	0.0	12.0	0.0	9.0	4.0	0.0
	3p	+	99	21059.0	13776.0	12989.0	20439.0	68263.0	28.0	51.0	34.0	32.0	11.0	28.0	7.0	20.0	14.0	21.0	6.0	47.0	0.0	0.0	0.0	0.0	14.0	0.0	7.0	7.0	0.0
	3p	+	100	20231.0	13351.0	12860.0	19862.0	66304.0	31.0	37.0	35.0	33.0	10.0	26.0	5.0	15.0	9.0	29.0	4.0	46.0	0.0	0.0	0.0	0.0	11.0	0.0	12.0	3.0	0.0
	3p	-	1	274322.0	114019.0	131223.0	197423.0	716987.0	1299.0	20893.0	1147.0	558.0	515.0	1139.0	290.0	839.0	518.0	1162.0	267.0	734.00.0	0.0	0.0	0.0	0.0	0.0	0.0	0.0	0.0
	3p	-	2	247537.0	146330.0	147673.0	176403.0	717943.0	897.0	5585.0	1032.0	598.0	458.0	696.0	219.0	531.0	381.0	720.0	249.0	525.00.0	0.0	0.0	0.0	14.0	0.0	7.0	9.0	0.0
	3p	-	3	240408.0	138128.0	152736.0	187707.0	718979.0	645.0	976.0	793.0	396.0	347.0	446.0	169.0	330.0	273.0	466.0	159.0	456.00.0	0.0	0.0	0.0	53.0	0.0	24.0	32.0	0.0
	3p	-	4	241456.0	128503.0	154559.0	195277.0	719795.0	485.0	824.0	686.0	372.0	184.0	346.0	122.0	221.0	176.0	290.0	113.0	382.00.0	0.0	0.0	0.0	198.0	0.0	61.0	74.0	0.0
	3p	-	5	243098.0	125800.0	152632.0	198704.0	720234.0	389.0	728.0	544.0	315.0	180.0	223.0	88.0	160.0	129.0	194.0	92.0	354.00.0	0.0	0.0	0.0	305.0	0.0	131.0	132.0	0.0
	3p	-	6	245039.0	127071.0	149261.0	199061.0	720432.0	327.0	619.0	467.0	258.0	100.0	184.0	84.0	113.0	114.0	150.0	66.0	276.00.0	0.0	0.0	0.0	463.0	0.0	169.0	196.0	0.0
	3p	-	7	236505.0	133633.0	142134.0	208164.0	720436.0	308.0	558.0	419.0	244.0	119.0	159.0	51.0	99.0	88.0	141.0	69.0	270.00.0	0.0	0.0	0.0	511.0	0.0	213.0	284.0	0.0
	3p	-	8	236487.0	133758.0	139033.0	211332.0	720610.0	322.0	529.0	401.0	245.0	89.0	118.0	56.0	124.0	88.0	119.0	54.0	260.00.0	0.0	0.0	0.0	538.0	0.0	211.0	276.0	0.0
	3p	-	9	231134.0	136319.0	138921.0	214107.0	720481.0	259.0	494.0	378.0	233.0	90.0	136.0	57.0	92.0	75.0	115.0	55.0	250.00.0	0.0	0.0	0.0	604.0	0.0	276.0	269.0	0.0
	3p	-	10	227644.0	138586.0	139160.0	215029.0	720419.0	311.0	454.0	355.0	260.0	82.0	103.0	54.0	109.0	88.0	112.0	73.0	246.00.0	0.0	0.0	0.0	640.0	0.0	286.0	299.0	0.0
	3p	-	11	224052.0	140438.0	139532.0	216318.0	720340.0	277.0	454.0	361.0	244.0	95.0	102.0	65.0	80.0	81.0	100.0	57.0	285.00.0	0.0	0.0	0.0	653.0	0.0	317.0	315.0	0.0
	3p	-	12	224923.0	139377.0	139828.0	216239.0	720367.0	276.0	488.0	323.0	256.0	100.0	104.0	55.0	96.0	87.0	98.0	49.0	301.00.0	0.0	0.0	0.0	647.0	0.0	331.0	319.0	0.0
	3p	-	13	224089.0	139837.0	138959.0	217447.0	720332.0	273.0	493.0	339.0	265.0	102.0	98.0	40.0	77.0	86.0	107.0	63.0	246.00.0	0.0	0.0	0.0	700.0	0.0	312.0	306.0	0.0
	3p	-	14	223443.0	141314.0	139377.0	216224.0	720358.0	289.0	438.0	289.0	249.0	93.0	88.0	56.0	98.0	78.0	91.0	48.0	262.00.0	0.0	0.0	0.0	690.0	0.0	285.0	287.0	0.0
	3p	-	15	223813.0	141041.0	138805.0	216720.0	720379.0	258.0	443.0	305.0	250.0	69.0	115.0	50.0	89.0	62.0	107.0	50.0	280.00.0	0.0	0.0	0.0	711.0	0.0	291.0	319.0	0.0
	3p	-	16	222800.0	141701.0	138652.0	217097.0	720250.0	239.0	442.0	327.0	265.0	78.0	87.0	47.0	92.0	69.0	98.0	65.0	283.00.0	0.0	0.0	0.0	660.0	0.0	354.0	319.0	0.0
	3p	-	17	221718.0	141587.0	138616.0	218390.0	720311.0	261.0	487.0	295.0	283.0	78.0	108.0	49.0	91.0	75.0	99.0	63.0	278.00.0	0.0	0.0	0.0	721.0	0.0	332.0	285.0	0.0
	3p	-	18	222692.0	141391.0	138765.0	217462.0	720310.0	247.0	421.0	350.0	251.0	80.0	127.0	43.0	99.0	73.0	119.0	54.0	263.00.0	0.0	0.0	0.0	648.0	0.0	330.0	336.0	0.0
	3p	-	19	221918.0	142822.0	138100.0	217494.0	720334.0	206.0	429.0	316.0	255.0	76.0	96.0	63.0	81.0	81.0	93.0	50.0	261.00.0	0.0	0.0	0.0	646.0	0.0	325.0	326.0	0.0
	3p	-	20	220436.0	143365.0	139252.0	217312.0	720365.0	270.0	448.0	316.0	243.0	103.0	86.0	56.0	97.0	69.0	99.0	74.0	263.00.0	0.0	0.0	0.0	649.0	0.0	333.0	316.0	0.0
	3p	-	21	220718.0	142947.0	138698.0	218056.0	720419.0	244.0	451.0	299.0	273.0	98.0	97.0	56.0	87.0	71.0	108.0	43.0	260.00.0	0.0	0.0	0.0	616.0	0.0	314.0	294.0	0.0
	3p	-	22	221322.0	142481.0	138291.0	218295.0	720389.0	261.0	452.0	311.0	269.0	82.0	95.0	50.0	79.0	87.0	109.0	62.0	270.00.0	0.0	0.0	0.0	657.0	0.0	319.0	300.0	0.0
	3p	-	23	221421.0	142181.0	138490.0	218338.0	720430.0	257.0	494.0	298.0	226.0	82.0	99.0	61.0	81.0	75.0	102.0	65.0	288.00.0	0.0	0.0	0.0	653.0	0.0	292.0	316.0	0.0
	3p	-	24	221977.0	142510.0	139157.0	216807.0	720451.0	246.0	447.0	332.0	258.0	91.0	101.0	45.0	76.0	71.0	100.0	75.0	287.00.0	0.0	0.0	0.0	620.0	0.0	316.0	318.0	0.0
	3p	-	25	222651.0	141671.0	140127.0	215957.0	720406.0	289.0	495.0	321.0	260.0	99.0	106.0	61.0	92.0	69.0	94.0	55.0	261.00.0	0.0	0.0	0.0	621.0	0.0	304.0	318.0	0.0
	3p	-	26	221823.0	142639.0	139471.0	216475.0	720408.0	245.0	472.0	337.0	253.0	89.0	102.0	48.0	94.0	72.0	100.0	55.0	241.00.0	0.0	0.0	0.0	604.0	0.0	336.0	345.0	0.0
	3p	-	27	221294.0	142941.0	139978.0	216201.0	720414.0	271.0	493.0	329.0	269.0	76.0	105.0	51.0	114.0	76.0	96.0	83.0	282.00.0	0.0	0.0	0.0	617.0	0.0	302.0	335.0	0.0
	3p	-	28	221333.0	143131.0	140437.0	215521.0	720422.0	249.0	531.0	368.0	265.0	106.0	114.0	55.0	105.0	76.0	123.0	62.0	260.00.0	0.0	0.0	0.0	614.0	0.0	298.0	292.0	0.0
	3p	-	29	221354.0	143030.0	140530.0	215534.0	720448.0	289.0	554.0	411.0	262.0	110.0	154.0	74.0	139.0	100.0	140.0	86.0	296.00.0	0.0	0.0	0.0	554.0	0.0	271.0	289.0	0.0
	3p	-	30	222050.0	142984.0	141031.0	214408.0	720473.0	326.0	679.0	481.0	261.0	128.0	226.0	79.0	143.0	98.0	200.0	88.0	326.00.0	0.0	0.0	0.0	506.0	0.0	270.0	251.0	0.0
	3p	-	31	214928.0	138618.0	137833.0	210485.0	701864.0	337.0	702.0	451.0	287.0	120.0	211.0	71.0	159.0	107.0	230.0	74.0	325.00.0	0.0	0.0	0.0	516.0	0.0	267.0	264.0	0.0
	3p	-	32	210428.0	134858.0	133508.0	204084.0	682878.0	345.0	702.0	450.0	304.0	142.0	216.0	56.0	161.0	93.0	234.0	78.0	315.00.0	0.0	0.0	0.0	481.0	0.0	285.0	272.0	0.0
	3p	-	33	204792.0	131441.0	129762.0	198272.0	664267.0	308.0	641.0	437.0	262.0	129.0	186.0	68.0	131.0	112.0	247.0	67.0	314.00.0	0.0	0.0	0.0	491.0	0.0	258.0	263.0	0.0
	3p	-	34	199588.0	127614.0	125714.0	193012.0	645928.0	318.0	658.0	411.0	255.0	142.0	219.0	73.0	153.0	109.0	221.0	64.0	298.00.0	0.0	0.0	0.0	464.0	0.0	210.0	245.0	0.0
	3p	-	35	194384.0	123304.0	122409.0	187275.0	627372.0	309.0	638.0	420.0	242.0	122.0	225.0	80.0	142.0	93.0	213.0	78.0	287.00.0	0.0	0.0	0.0	459.0	0.0	223.0	222.0	0.0
	3p	-	36	188376.0	119285.0	118639.0	182703.0	609003.0	290.0	651.0	425.0	233.0	111.0	197.0	90.0	142.0	93.0	198.0	59.0	277.00.0	0.0	0.0	0.0	401.0	0.0	232.0	225.0	0.0
	3p	-	37	183130.0	115696.0	115132.0	177028.0	590986.0	277.0	635.0	387.0	260.0	107.0	193.0	68.0	122.0	108.0	226.0	70.0	237.00.0	0.0	0.0	0.0	422.0	0.0	238.0	194.0	0.0
	3p	-	38	177258.0	112798.0	110488.0	172559.0	573103.0	266.0	596.0	402.0	227.0	116.0	186.0	78.0	131.0	89.0	207.0	68.0	259.00.0	0.0	0.0	0.0	418.0	0.0	193.0	191.0	0.0
	3p	-	39	171597.0	109367.0	107515.0	166822.0	555301.0	225.0	605.0	389.0	224.0	115.0	176.0	85.0	128.0	94.0	199.0	63.0	263.00.0	0.0	0.0	0.0	393.0	0.0	221.0	167.0	0.0
	3p	-	40	166325.0	106253.0	103966.0	161123.0	537667.0	242.0	505.0	384.0	214.0	129.0	210.0	73.0	132.0	99.0	224.0	49.0	273.00.0	0.0	0.0	0.0	367.0	0.0	158.0	190.0	0.0
	3p	-	41	160755.0	102481.0	101437.0	155564.0	520237.0	293.0	556.0	356.0	238.0	142.0	183.0	77.0	137.0	109.0	196.0	64.0	251.00.0	0.0	0.0	0.0	328.0	0.0	176.0	182.0	0.0
	3p	-	42	155697.0	97760.0	98084.0	151413.0	502954.0	261.0	520.0	343.0	217.0	144.0	207.0	80.0	139.0	102.0	222.0	73.0	261.00.0	0.0	0.0	0.0	323.0	0.0	190.0	145.0	0.0
	3p	-	43	150552.0	95507.0	94456.0	145373.0	485888.0	246.0	580.0	348.0	222.0	119.0	194.0	75.0	140.0	118.0	216.0	56.0	274.00.0	0.0	0.0	0.0	308.0	0.0	165.0	165.0	0.0
	3p	-	44	145680.0	91889.0	91169.0	140502.0	469240.0	241.0	504.0	362.0	231.0	130.0	173.0	73.0	138.0	97.0	206.0	54.0	234.00.0	0.0	0.0	0.0	273.0	0.0	166.0	164.0	0.0
	3p	-	45	140622.0	88061.0	88278.0	135866.0	452827.0	265.0	520.0	353.0	220.0	107.0	193.0	60.0	132.0	95.0	196.0	62.0	223.00.0	0.0	0.0	0.0	275.0	0.0	136.0	164.0	0.0
	3p	-	46	135771.0	84940.0	84916.0	131171.0	436798.0	219.0	493.0	309.0	194.0	97.0	201.0	54.0	128.0	86.0	193.0	48.0	221.00.0	0.0	0.0	0.0	258.0	0.0	137.0	127.0	0.0
	3p	-	47	131063.0	82145.0	81880.0	126195.0	421283.0	212.0	477.0	321.0	190.0	99.0	172.0	59.0	134.0	83.0	200.0	70.0	241.00.0	0.0	0.0	0.0	240.0	0.0	159.0	118.0	0.0
	3p	-	48	126352.0	78966.0	78448.0	122296.0	406062.0	232.0	414.0	289.0	205.0	94.0	149.0	74.0	124.0	85.0	189.0	52.0	194.00.0	0.0	0.0	0.0	221.0	0.0	126.0	149.0	0.0
	3p	-	49	120817.0	76847.0	75670.0	117896.0	391230.0	189.0	503.0	288.0	176.0	101.0	194.0	67.0	123.0	75.0	185.0	47.0	245.00.0	0.0	0.0	0.0	202.0	0.0	104.0	127.0	0.0
	3p	-	50	117129.0	73871.0	72854.0	113150.0	377004.0	205.0	392.0	298.0	203.0	101.0	141.0	58.0	116.0	66.0	180.0	42.0	229.00.0	0.0	0.0	0.0	185.0	0.0	113.0	97.0	0.0
	3p	-	51	112347.0	70901.0	70769.0	108945.0	362962.0	199.0	415.0	269.0	179.0	100.0	154.0	58.0	111.0	66.0	149.0	58.0	214.00.0	0.0	0.0	0.0	187.0	0.0	107.0	91.0	0.0
	3p	-	52	108334.0	68555.0	67503.0	104938.0	349330.0	181.0	370.0	245.0	184.0	87.0	151.0	75.0	118.0	81.0	145.0	43.0	189.00.0	0.0	0.0	0.0	184.0	0.0	101.0	102.0	0.0
	3p	-	53	104245.0	65882.0	65073.0	100909.0	336109.0	179.0	332.0	245.0	162.0	70.0	148.0	45.0	96.0	61.0	154.0	50.0	189.00.0	0.0	0.0	0.0	162.0	0.0	93.0	111.0	0.0
	3p	-	54	100867.0	63268.0	62528.0	96920.0	323583.0	169.0	368.0	251.0	144.0	74.0	145.0	53.0	98.0	63.0	137.0	43.0	184.00.0	0.0	0.0	0.0	148.0	0.0	80.0	73.0	0.0
	3p	-	55	96581.0	60940.0	60357.0	93416.0	311294.0	149.0	321.0	224.0	159.0	58.0	133.0	59.0	112.0	54.0	144.0	39.0	183.00.0	0.0	0.0	0.0	152.0	0.0	66.0	86.0	0.0
	3p	-	56	92852.0	58666.0	58061.0	90121.0	299700.0	155.0	339.0	215.0	139.0	81.0	130.0	52.0	85.0	62.0	143.0	38.0	172.00.0	0.0	0.0	0.0	114.0	0.0	64.0	73.0	0.0
	3p	-	57	89789.0	56576.0	55790.0	86482.0	288637.0	138.0	294.0	213.0	124.0	55.0	124.0	47.0	94.0	54.0	139.0	28.0	170.00.0	0.0	0.0	0.0	126.0	0.0	67.0	67.0	0.0
	3p	-	58	85830.0	54753.0	53890.0	83552.0	278025.0	143.0	293.0	216.0	129.0	53.0	113.0	35.0	92.0	55.0	123.0	33.0	171.00.0	0.0	0.0	0.0	110.0	0.0	65.0	54.0	0.0
	3p	-	59	82937.0	53196.0	51346.0	80203.0	267682.0	137.0	270.0	203.0	122.0	70.0	114.0	41.0	87.0	46.0	145.0	39.0	152.00.0	0.0	0.0	0.0	101.0	0.0	61.0	64.0	0.0
	3p	-	60	79802.0	51159.0	49535.0	77351.0	257847.0	159.0	266.0	180.0	122.0	66.0	108.0	34.0	83.0	54.0	119.0	37.0	151.00.0	0.0	0.0	0.0	112.0	0.0	48.0	50.0	0.0
	3p	-	61	76868.0	49139.0	47522.0	74626.0	248155.0	128.0	250.0	186.0	111.0	61.0	104.0	45.0	79.0	44.0	113.0	26.0	151.00.0	0.0	0.0	0.0	96.0	0.0	62.0	43.0	0.0
	3p	-	62	73996.0	47299.0	45759.0	72030.0	239084.0	128.0	233.0	172.0	101.0	61.0	106.0	39.0	79.0	57.0	127.0	29.0	153.00.0	0.0	0.0	0.0	94.0	0.0	55.0	44.0	0.0
	3p	-	63	71450.0	45327.0	44468.0	68943.0	230188.0	131.0	225.0	157.0	120.0	58.0	94.0	37.0	68.0	51.0	120.0	30.0	121.00.0	0.0	0.0	0.0	92.0	0.0	48.0	49.0	0.0
	3p	-	64	68928.0	43802.0	42218.0	66830.0	221778.0	116.0	193.0	170.0	104.0	51.0	119.0	30.0	61.0	38.0	109.0	22.0	124.00.0	0.0	0.0	0.0	68.0	0.0	39.0	42.0	0.0
	3p	-	65	66313.0	42312.0	41248.0	63836.0	213709.0	126.0	224.0	154.0	92.0	41.0	92.0	40.0	59.0	44.0	97.0	24.0	137.00.0	0.0	0.0	0.0	66.0	0.0	31.0	44.0	0.0
	3p	-	66	63925.0	40584.0	39640.0	61990.0	206139.0	106.0	216.0	140.0	94.0	56.0	86.0	28.0	71.0	35.0	93.0	21.0	112.00.0	0.0	0.0	0.0	74.0	0.0	42.0	33.0	0.0
	3p	-	67	61633.0	39282.0	38254.0	59748.0	198917.0	101.0	174.0	143.0	87.0	54.0	82.0	31.0	59.0	48.0	110.0	20.0	137.00.0	0.0	0.0	0.0	52.0	0.0	31.0	40.0	0.0
	3p	-	68	59425.0	38142.0	37133.0	57167.0	191867.0	118.0	184.0	120.0	84.0	51.0	88.0	35.0	69.0	39.0	88.0	22.0	132.00.0	0.0	0.0	0.0	57.0	0.0	31.0	49.0	0.0
	3p	-	69	57221.0	36845.0	35754.0	55202.0	185022.0	97.0	156.0	127.0	74.0	47.0	84.0	35.0	54.0	45.0	83.0	29.0	118.00.0	0.0	0.0	0.0	51.0	0.0	31.0	27.0	0.0
	3p	-	70	55397.0	35470.0	34364.0	53281.0	178512.0	93.0	154.0	128.0	84.0	44.0	67.0	27.0	59.0	52.0	82.0	26.0	105.00.0	0.0	0.0	0.0	56.0	0.0	28.0	32.0	0.0
	3p	-	71	52801.0	34628.0	33211.0	51381.0	172021.0	92.0	175.0	118.0	83.0	38.0	82.0	35.0	67.0	28.0	84.0	34.0	128.00.0	0.0	0.0	0.0	47.0	0.0	24.0	26.0	0.0
	3p	-	72	51329.0	32753.0	31986.0	49695.0	165763.0	86.0	147.0	102.0	91.0	39.0	67.0	25.0	60.0	31.0	87.0	21.0	113.00.0	0.0	0.0	0.0	62.0	0.0	26.0	26.0	0.0
	3p	-	73	49696.0	31619.0	30646.0	47924.0	159885.0	73.0	126.0	104.0	72.0	53.0	64.0	23.0	46.0	42.0	75.0	17.0	103.00.0	0.0	0.0	0.0	58.0	0.0	32.0	33.0	0.0
	3p	-	74	47917.0	30661.0	29725.0	46053.0	154356.0	72.0	143.0	96.0	58.0	40.0	83.0	27.0	49.0	25.0	58.0	17.0	104.00.0	0.0	0.0	0.0	36.0	0.0	28.0	15.0	0.0
	3p	-	75	46263.0	29710.0	28541.0	44549.0	149063.0	84.0	125.0	91.0	65.0	28.0	67.0	20.0	43.0	38.0	63.0	30.0	85.00.0	0.0	0.0	0.0	42.0	0.0	27.0	24.0	0.0
	3p	-	76	44387.0	28826.0	27741.0	42979.0	143933.0	61.0	103.0	95.0	50.0	40.0	73.0	27.0	46.0	28.0	56.0	16.0	93.00.0	0.0	0.0	0.0	42.0	0.0	29.0	23.0	0.0
	3p	-	77	42994.0	27654.0	26605.0	41894.0	139147.0	62.0	127.0	84.0	71.0	26.0	56.0	15.0	54.0	24.0	72.0	15.0	99.00.0	0.0	0.0	0.0	41.0	0.0	16.0	18.0	0.0
	3p	-	78	41847.0	26605.0	25620.0	40411.0	134483.0	75.0	119.0	85.0	62.0	42.0	52.0	18.0	34.0	41.0	54.0	17.0	82.00.0	0.0	0.0	0.0	28.0	0.0	12.0	22.0	0.0
	3p	-	79	40048.0	25914.0	25081.0	38885.0	129928.0	81.0	108.0	89.0	51.0	29.0	62.0	17.0	53.0	36.0	54.0	15.0	80.00.0	0.0	0.0	0.0	35.0	0.0	18.0	10.0	0.0
	3p	-	80	38844.0	25014.0	24134.0	37578.0	125570.0	76.0	108.0	81.0	46.0	33.0	49.0	23.0	41.0	17.0	53.0	20.0	62.00.0	0.0	0.0	0.0	30.0	0.0	13.0	18.0	0.0
	3p	-	81	37287.0	24386.0	23156.0	36495.0	121324.0	62.0	91.0	79.0	54.0	22.0	43.0	20.0	40.0	29.0	54.0	15.0	63.00.0	0.0	0.0	0.0	25.0	0.0	18.0	14.0	0.0
	3p	-	82	36231.0	23726.0	22317.0	34952.0	117226.0	61.0	99.0	57.0	50.0	37.0	45.0	17.0	39.0	19.0	51.0	11.0	79.00.0	0.0	0.0	0.0	22.0	0.0	14.0	18.0	0.0
	3p	-	83	34862.0	22626.0	21827.0	33893.0	113208.0	59.0	90.0	63.0	45.0	31.0	54.0	23.0	36.0	21.0	42.0	17.0	83.00.0	0.0	0.0	0.0	21.0	0.0	19.0	9.0	0.0
	3p	-	84	33845.0	21907.0	20988.0	32650.0	109390.0	60.0	82.0	67.0	40.0	16.0	40.0	16.0	35.0	18.0	43.0	18.0	59.00.0	0.0	0.0	0.0	25.0	0.0	11.0	10.0	0.0
	3p	-	85	32803.0	21198.0	20276.0	31433.0	105710.0	60.0	85.0	73.0	49.0	24.0	45.0	16.0	40.0	23.0	55.0	13.0	51.00.0	0.0	0.0	0.0	22.0	0.0	11.0	15.0	0.0
	3p	-	86	31360.0	20445.0	19941.0	30582.0	102328.0	52.0	77.0	57.0	40.0	27.0	28.0	22.0	24.0	22.0	43.0	13.0	59.00.0	0.0	0.0	0.0	22.0	0.0	13.0	17.0	0.0
	3p	-	87	30515.0	19785.0	19144.0	29593.0	99037.0	59.0	90.0	61.0	46.0	28.0	28.0	14.0	41.0	17.0	36.0	18.0	60.00.0	0.0	0.0	0.0	26.0	0.0	19.0	6.0	0.0
	3p	-	88	29536.0	19243.0	18381.0	28685.0	95845.0	49.0	59.0	63.0	40.0	19.0	37.0	13.0	32.0	18.0	48.0	11.0	51.00.0	0.0	0.0	0.0	17.0	0.0	16.0	11.0	0.0
	3p	-	89	28571.0	18597.0	17791.0	27856.0	92815.0	43.0	77.0	47.0	44.0	13.0	27.0	12.0	31.0	16.0	40.0	7.0	67.00.0	0.0	0.0	0.0	25.0	0.0	13.0	13.0	0.0
	3p	-	90	27774.0	17876.0	17127.0	26935.0	89712.0	39.0	62.0	55.0	37.0	17.0	33.0	16.0	31.0	11.0	34.0	13.0	50.00.0	0.0	0.0	0.0	17.0	0.0	4.0	13.0	0.0
	3p	-	91	26756.0	17564.0	16623.0	26011.0	86954.0	38.0	66.0	39.0	30.0	17.0	32.0	8.0	21.0	21.0	34.0	10.0	38.00.0	0.0	0.0	0.0	15.0	0.0	7.0	9.0	0.0
	3p	-	92	25980.0	17033.0	16019.0	25234.0	84266.0	48.0	54.0	38.0	31.0	20.0	38.0	10.0	21.0	21.0	32.0	9.0	61.00.0	0.0	0.0	0.0	20.0	0.0	11.0	14.0	0.0
	3p	-	93	25233.0	16570.0	15492.0	24485.0	81780.0	40.0	49.0	36.0	29.0	14.0	31.0	9.0	20.0	18.0	30.0	9.0	41.00.0	0.0	0.0	0.0	16.0	0.0	10.0	6.0	0.0
	3p	-	94	24322.0	16231.0	15241.0	23574.0	79368.0	37.0	53.0	41.0	28.0	10.0	30.0	14.0	23.0	14.0	22.0	10.0	44.00.0	0.0	0.0	0.0	16.0	0.0	5.0	8.0	0.0
	3p	-	95	23773.0	15456.0	14742.0	23121.0	77092.0	37.0	60.0	45.0	33.0	20.0	24.0	8.0	17.0	15.0	31.0	6.0	47.00.0	0.0	0.0	0.0	9.0	0.0	10.0	11.0	0.0
	3p	-	96	23256.0	14911.0	14196.0	22503.0	74866.0	36.0	59.0	34.0	26.0	23.0	24.0	8.0	24.0	9.0	21.0	15.0	46.00.0	0.0	0.0	0.0	17.0	0.0	4.0	8.0	0.0
	3p	-	97	22484.0	14612.0	13940.0	21709.0	72745.0	41.0	52.0	37.0	31.0	13.0	23.0	10.0	14.0	12.0	26.0	10.0	40.00.0	0.0	0.0	0.0	13.0	0.0	11.0	6.0	0.0
	3p	-	98	21787.0	14302.0	13557.0	20962.0	70608.0	38.0	38.0	33.0	31.0	10.0	25.0	10.0	27.0	6.0	22.0	7.0	57.00.0	0.0	0.0	0.0	15.0	0.0	9.0	6.0	0.0
	3p	-	99	21214.0	13543.0	13111.0	20694.0	68562.0	35.0	41.0	41.0	24.0	18.0	22.0	11.0	18.0	10.0	19.0	3.0	39.00.0	0.0	0.0	0.0	11.0	0.0	5.0	8.0	0.0
	3p	-	100	20465.0	13347.0	12693.0	20012.0	66517.0	32.0	49.0	37.0	27.0	6.0	22.0	10.0	31.0	13.0	20.0	6.0	42.00.0	0.0	0.0	0.0	16.0	0.0	11.0	9.0	0.0
	5p	+	1	256510.0	141586.0	130226.0	188782.0	717104.0	2010.0	5336.0	3459.0	1033.0	1205.0	3086.0	802.0	1862.0	914.0	3215.0	404.0	1634.00.0	0.0	0.0	0.0	0.0	0.0	0.0	0.0	0.0
	5p	+	2	224222.0	130271.0	151566.0	211840.0	717899.0	1296.0	2234.0	1538.0	810.0	735.0	1383.0	487.0	911.0	570.0	1730.0	260.0	1180.00.0	0.0	0.0	0.0	22.0	0.0	14.0	14.0	0.0
	5p	+	3	221976.0	151835.0	144707.0	200243.0	718761.0	656.0	1342.0	843.0	579.0	416.0	676.0	217.0	467.0	320.0	727.0	181.0	604.00.0	0.0	0.0	0.0	68.0	0.0	59.0	39.0	0.0
	5p	+	4	219288.0	157265.0	149463.0	193373.0	719389.0	445.0	980.0	661.0	448.0	262.0	369.0	180.0	294.0	224.0	370.0	120.0	346.00.0	0.0	0.0	0.0	180.0	0.0	113.0	121.0	0.0
	5p	+	5	211091.0	156780.0	150348.0	201431.0	719650.0	329.0	777.0	521.0	358.0	191.0	219.0	120.0	194.0	141.0	197.0	109.0	299.00.0	0.0	0.0	0.0	321.0	0.0	266.0	206.0	0.0
	5p	+	6	203644.0	154181.0	151076.0	211085.0	719986.0	294.0	651.0	453.0	341.0	164.0	146.0	93.0	146.0	113.0	136.0	86.0	285.00.0	0.0	0.0	0.0	407.0	0.0	302.0	275.0	0.0
	5p	+	7	221047.0	145900.0	142640.0	210674.0	720261.0	271.0	587.0	355.0	269.0	110.0	109.0	69.0	105.0	110.0	104.0	78.0	263.00.0	0.0	0.0	0.0	511.0	0.0	238.0	248.0	0.0
	5p	+	8	230626.0	140459.0	138410.0	210995.0	720490.0	264.0	579.0	366.0	285.0	87.0	104.0	67.0	120.0	84.0	127.0	69.0	242.00.0	0.0	0.0	0.0	514.0	0.0	230.0	236.0	0.0
	5p	+	9	228082.0	140309.0	138559.0	213617.0	720567.0	289.0	527.0	348.0	272.0	83.0	94.0	45.0	84.0	67.0	98.0	61.0	271.00.0	0.0	0.0	0.0	530.0	0.0	217.0	234.0	0.0
	5p	+	10	225266.0	141749.0	138098.0	215479.0	720592.0	237.0	506.0	339.0	237.0	81.0	90.0	53.0	85.0	104.0	94.0	63.0	231.00.0	0.0	0.0	0.0	487.0	0.0	263.0	253.0	0.0
	5p	+	11	224612.0	142330.0	137381.0	216225.0	720548.0	242.0	469.0	357.0	235.0	65.0	115.0	55.0	94.0	76.0	95.0	62.0	255.00.0	0.0	0.0	0.0	472.0	0.0	280.0	263.0	0.0
	5p	+	12	222987.0	143662.0	137306.0	216558.0	720513.0	240.0	478.0	330.0	237.0	63.0	102.0	54.0	102.0	100.0	93.0	59.0	255.00.0	0.0	0.0	0.0	536.0	0.0	284.0	271.0	0.0
	5p	+	13	223430.0	143479.0	136963.0	216609.0	720481.0	217.0	451.0	331.0	269.0	69.0	85.0	50.0	84.0	84.0	95.0	57.0	256.00.0	0.0	0.0	0.0	556.0	0.0	262.0	282.0	0.0
	5p	+	14	222345.0	143080.0	137873.0	217157.0	720455.0	271.0	455.0	322.0	258.0	80.0	83.0	37.0	79.0	87.0	85.0	48.0	250.00.0	0.0	0.0	0.0	576.0	0.0	301.0	247.0	0.0
	5p	+	15	221545.0	143707.0	137592.0	217596.0	720440.0	245.0	446.0	297.0	251.0	59.0	88.0	56.0	96.0	89.0	87.0	67.0	232.00.0	0.0	0.0	0.0	597.0	0.0	285.0	284.0	0.0
	5p	+	16	221611.0	143702.0	137766.0	217325.0	720404.0	243.0	462.0	286.0	273.0	74.0	120.0	71.0	93.0	87.0	107.0	42.0	260.00.0	0.0	0.0	0.0	596.0	0.0	301.0	269.0	0.0
	5p	+	17	221370.0	143600.0	137715.0	217741.0	720426.0	230.0	463.0	295.0	258.0	60.0	101.0	52.0	82.0	80.0	90.0	36.0	241.00.0	0.0	0.0	0.0	567.0	0.0	281.0	298.0	0.0
	5p	+	18	220436.0	144171.0	138132.0	217669.0	720408.0	279.0	461.0	335.0	273.0	66.0	115.0	42.0	74.0	65.0	91.0	64.0	271.00.0	0.0	0.0	0.0	583.0	0.0	273.0	292.0	0.0
	5p	+	19	220330.0	143262.0	138512.0	218253.0	720357.0	238.0	404.0	312.0	236.0	87.0	98.0	41.0	104.0	83.0	81.0	47.0	257.00.0	0.0	0.0	0.0	608.0	0.0	298.0	305.0	0.0
	5p	+	20	220020.0	144245.0	138762.0	217345.0	720372.0	256.0	441.0	354.0	258.0	78.0	113.0	88.0	111.0	107.0	91.0	61.0	257.00.0	0.0	0.0	0.0	648.0	0.0	287.0	298.0	0.0
	5p	+	21	220021.0	143437.0	138550.0	218302.0	720310.0	227.0	481.0	302.0	238.0	91.0	100.0	55.0	84.0	80.0	93.0	59.0	220.00.0	0.0	0.0	0.0	618.0	0.0	302.0	324.0	0.0
	5p	+	22	220717.0	142060.0	139259.0	218368.0	720404.0	219.0	464.0	347.0	246.0	91.0	110.0	53.0	95.0	66.0	76.0	56.0	239.00.0	0.0	0.0	0.0	578.0	0.0	281.0	279.0	0.0
	5p	+	23	220888.0	142726.0	138675.0	218129.0	720418.0	241.0	446.0	314.0	256.0	77.0	105.0	50.0	87.0	75.0	88.0	59.0	253.00.0	0.0	0.0	0.0	569.0	0.0	302.0	269.0	0.0
	5p	+	24	220740.0	142652.0	138493.0	218518.0	720403.0	219.0	501.0	298.0	271.0	78.0	97.0	50.0	94.0	58.0	84.0	60.0	246.00.0	0.0	0.0	0.0	590.0	0.0	264.0	270.0	0.0
	5p	+	25	222591.0	141827.0	139029.0	216869.0	720316.0	250.0	454.0	318.0	250.0	77.0	109.0	60.0	102.0	64.0	116.0	60.0	265.00.0	0.0	0.0	0.0	562.0	0.0	316.0	313.0	0.0
	5p	+	26	222905.0	141106.0	139608.0	216758.0	720377.0	266.0	483.0	307.0	269.0	79.0	127.0	53.0	108.0	87.0	117.0	72.0	258.00.0	0.0	0.0	0.0	563.0	0.0	325.0	269.0	0.0
	5p	+	27	223921.0	140888.0	140699.0	214894.0	720402.0	237.0	481.0	343.0	213.0	79.0	113.0	57.0	113.0	83.0	103.0	45.0	271.00.0	0.0	0.0	0.0	577.0	0.0	248.0	280.0	0.0
	5p	+	28	224778.0	139946.0	141573.0	214112.0	720409.0	256.0	537.0	382.0	230.0	81.0	103.0	60.0	118.0	71.0	115.0	64.0	273.00.0	0.0	0.0	0.0	556.0	0.0	242.0	259.0	0.0
	5p	+	29	224911.0	140266.0	142127.0	213176.0	720480.0	246.0	630.0	353.0	243.0	109.0	122.0	66.0	122.0	86.0	117.0	60.0	271.00.0	0.0	0.0	0.0	499.0	0.0	241.0	248.0	0.0
	5p	+	30	226884.0	139774.0	140588.0	213035.0	720281.0	283.0	1250.0	386.0	275.0	97.0	132.0	63.0	130.0	88.0	136.0	60.0	277.00.0	0.0	0.0	0.0	510.0	0.0	232.0	270.0	0.0
	5p	+	31	221442.0	136124.0	137357.0	206858.0	701781.0	276.0	1314.0	407.0	249.0	96.0	146.0	56.0	116.0	102.0	128.0	62.0	297.00.0	0.0	0.0	0.0	480.0	0.0	217.0	230.0	0.0
	5p	+	32	214300.0	132762.0	132928.0	202607.0	682597.0	284.0	1273.0	349.0	246.0	84.0	137.0	51.0	103.0	90.0	126.0	50.0	263.00.0	0.0	0.0	0.0	489.0	0.0	267.0	230.0	0.0
	5p	+	33	209574.0	128096.0	129398.0	196806.0	663874.0	255.0	1263.0	380.0	266.0	88.0	131.0	66.0	114.0	76.0	137.0	65.0	239.00.0	0.0	0.0	0.0	474.0	0.0	215.0	235.0	0.0
	5p	+	34	203930.0	123902.0	125766.0	191660.0	645258.0	277.0	1209.0	369.0	245.0	85.0	150.0	51.0	110.0	79.0	128.0	63.0	259.00.0	0.0	0.0	0.0	460.0	0.0	221.0	225.0	0.0
	5p	+	35	197558.0	120570.0	121916.0	186599.0	626643.0	277.0	1203.0	331.0	227.0	93.0	154.0	55.0	113.0	89.0	112.0	84.0	231.00.0	0.0	0.0	0.0	431.0	0.0	218.0	218.0	0.0
	5p	+	36	193142.0	116148.0	119312.0	179857.0	608459.0	278.0	1144.0	340.0	237.0	78.0	128.0	61.0	92.0	85.0	113.0	63.0	245.00.0	0.0	0.0	0.0	407.0	0.0	208.0	204.0	0.0
	5p	+	37	187297.0	112064.0	115873.0	174994.0	590228.0	273.0	1145.0	323.0	213.0	82.0	142.0	57.0	111.0	80.0	106.0	59.0	208.00.0	0.0	0.0	0.0	429.0	0.0	215.0	200.0	0.0
	5p	+	38	181509.0	108778.0	111879.0	170113.0	572279.0	240.0	1143.0	325.0	196.0	67.0	122.0	56.0	94.0	89.0	125.0	69.0	242.00.0	0.0	0.0	0.0	436.0	0.0	204.0	199.0	0.0
	5p	+	39	176311.0	105244.0	107934.0	165169.0	554658.0	265.0	1065.0	322.0	213.0	80.0	131.0	58.0	97.0	79.0	134.0	61.0	246.00.0	0.0	0.0	0.0	411.0	0.0	202.0	199.0	0.0
	5p	+	40	170250.0	101524.0	105297.0	160040.0	537111.0	257.0	1142.0	323.0	223.0	87.0	130.0	48.0	105.0	68.0	108.0	67.0	244.00.0	0.0	0.0	0.0	366.0	0.0	199.0	165.0	0.0
	5p	+	41	164226.0	98911.0	101744.0	154823.0	519704.0	261.0	1058.0	298.0	196.0	107.0	138.0	68.0	91.0	87.0	122.0	45.0	214.00.0	0.0	0.0	0.0	355.0	0.0	192.0	192.0	0.0
	5p	+	42	159354.0	95642.0	97593.0	149878.0	502467.0	287.0	1043.0	276.0	195.0	77.0	133.0	59.0	100.0	79.0	145.0	51.0	242.00.0	0.0	0.0	0.0	341.0	0.0	184.0	188.0	0.0
	5p	+	43	153991.0	91924.0	94101.0	145322.0	485338.0	248.0	997.0	295.0	210.0	79.0	151.0	61.0	111.0	63.0	112.0	43.0	209.00.0	0.0	0.0	0.0	304.0	0.0	184.0	158.0	0.0
	5p	+	44	148618.0	88874.0	90858.0	140300.0	468650.0	234.0	944.0	290.0	186.0	80.0	123.0	56.0	80.0	78.0	100.0	55.0	230.00.0	0.0	0.0	0.0	317.0	0.0	151.0	157.0	0.0
	5p	+	45	143210.0	85514.0	87978.0	135537.0	452239.0	219.0	936.0	258.0	174.0	77.0	112.0	54.0	99.0	81.0	117.0	47.0	215.00.0	0.0	0.0	0.0	286.0	0.0	173.0	126.0	0.0
	5p	+	46	138377.0	82714.0	84624.0	130458.0	436173.0	181.0	912.0	243.0	197.0	79.0	122.0	50.0	117.0	67.0	117.0	40.0	192.00.0	0.0	0.0	0.0	273.0	0.0	164.0	125.0	0.0
	5p	+	47	133394.0	79940.0	81972.0	125568.0	420874.0	187.0	881.0	234.0	184.0	81.0	125.0	38.0	84.0	74.0	96.0	34.0	184.00.0	0.0	0.0	0.0	285.0	0.0	130.0	142.0	0.0
	5p	+	48	129310.0	76722.0	78781.0	120865.0	405678.0	207.0	854.0	231.0	173.0	75.0	103.0	41.0	80.0	61.0	104.0	43.0	165.00.0	0.0	0.0	0.0	268.0	0.0	118.0	120.0	0.0
	5p	+	49	124017.0	73921.0	76064.0	117085.0	391087.0	216.0	793.0	225.0	171.0	66.0	115.0	41.0	113.0	63.0	107.0	42.0	165.00.0	0.0	0.0	0.0	253.0	0.0	106.0	119.0	0.0
	5p	+	50	119548.0	71031.0	73749.0	112446.0	376774.0	190.0	803.0	203.0	158.0	63.0	118.0	40.0	70.0	53.0	101.0	26.0	162.00.0	0.0	0.0	0.0	225.0	0.0	126.0	116.0	0.0
	5p	+	51	114531.0	68228.0	71108.0	108774.0	362641.0	179.0	769.0	233.0	174.0	62.0	106.0	37.0	70.0	63.0	100.0	43.0	205.00.0	0.0	0.0	0.0	223.0	0.0	123.0	140.0	0.0
	5p	+	52	110487.0	66071.0	67691.0	104944.0	349193.0	151.0	780.0	194.0	138.0	62.0	100.0	33.0	76.0	45.0	88.0	41.0	173.00.0	0.0	0.0	0.0	227.0	0.0	113.0	104.0	0.0
	5p	+	53	105885.0	63825.0	65266.0	101156.0	336132.0	146.0	744.0	192.0	126.0	50.0	90.0	29.0	67.0	54.0	81.0	34.0	180.00.0	0.0	0.0	0.0	190.0	0.0	140.0	87.0	0.0
	5p	+	54	102239.0	60895.0	63035.0	97437.0	323606.0	158.0	717.0	193.0	131.0	43.0	89.0	28.0	83.0	46.0	83.0	33.0	147.00.0	0.0	0.0	0.0	194.0	0.0	116.0	84.0	0.0
	5p	+	55	98409.0	58644.0	60307.0	94147.0	311507.0	141.0	643.0	170.0	128.0	50.0	82.0	31.0	64.0	42.0	92.0	31.0	156.00.0	0.0	0.0	0.0	200.0	0.0	102.0	92.0	0.0
	5p	+	56	95230.0	56464.0	58135.0	90240.0	300069.0	148.0	608.0	168.0	114.0	56.0	88.0	26.0	84.0	43.0	77.0	35.0	174.00.0	0.0	0.0	0.0	189.0	0.0	109.0	88.0	0.0
	5p	+	57	90860.0	54981.0	56231.0	86977.0	289049.0	137.0	601.0	162.0	113.0	37.0	80.0	25.0	74.0	45.0	66.0	30.0	153.00.0	0.0	0.0	0.0	189.0	0.0	108.0	77.0	0.0
	5p	+	58	88234.0	52548.0	53829.0	83699.0	278310.0	141.0	564.0	147.0	100.0	48.0	94.0	22.0	69.0	52.0	91.0	27.0	147.00.0	0.0	0.0	0.0	166.0	0.0	86.0	93.0	0.0
	5p	+	59	84873.0	51004.0	51681.0	80511.0	268069.0	121.0	543.0	145.0	97.0	54.0	77.0	27.0	62.0	54.0	77.0	28.0	153.00.0	0.0	0.0	0.0	162.0	0.0	75.0	86.0	0.0
	5p	+	60	81354.0	48720.0	50387.0	77525.0	257986.0	117.0	504.0	140.0	104.0	46.0	80.0	25.0	56.0	49.0	80.0	33.0	119.00.0	0.0	0.0	0.0	163.0	0.0	86.0	80.0	0.0
	5p	+	61	78137.0	47537.0	48266.0	74406.0	248346.0	123.0	503.0	143.0	108.0	33.0	76.0	25.0	66.0	31.0	74.0	25.0	131.00.0	0.0	0.0	0.0	151.0	0.0	68.0	76.0	0.0
	5p	+	62	75399.0	45309.0	46201.0	72146.0	239055.0	103.0	468.0	125.0	103.0	45.0	69.0	23.0	43.0	36.0	63.0	33.0	118.00.0	0.0	0.0	0.0	136.0	0.0	99.0	67.0	0.0
	5p	+	63	72192.0	43864.0	44404.0	69385.0	229845.0	119.0	421.0	128.0	89.0	51.0	67.0	21.0	47.0	43.0	67.0	18.0	142.00.0	0.0	0.0	0.0	140.0	0.0	76.0	69.0	0.0
	5p	+	64	69677.0	41964.0	42517.0	67121.0	221279.0	127.0	435.0	135.0	95.0	58.0	71.0	18.0	56.0	38.0	62.0	24.0	128.00.0	0.0	0.0	0.0	144.0	0.0	82.0	67.0	0.0
	5p	+	65	67112.0	40482.0	41277.0	64619.0	213490.0	104.0	401.0	125.0	87.0	53.0	56.0	28.0	44.0	48.0	73.0	31.0	98.00.0	0.0	0.0	0.0	129.0	0.0	68.0	68.0	0.0
	5p	+	66	64959.0	38970.0	39996.0	61948.0	205873.0	112.0	376.0	109.0	83.0	40.0	78.0	27.0	50.0	37.0	72.0	28.0	104.00.0	0.0	0.0	0.0	128.0	0.0	49.0	43.0	0.0
	5p	+	67	62486.0	37911.0	38453.0	59636.0	198486.0	99.0	384.0	110.0	83.0	39.0	58.0	23.0	53.0	37.0	52.0	30.0	110.00.0	0.0	0.0	0.0	105.0	0.0	48.0	72.0	0.0
	5p	+	68	60046.0	36221.0	37428.0	57766.0	191461.0	94.0	377.0	96.0	70.0	30.0	65.0	16.0	42.0	35.0	56.0	13.0	99.00.0	0.0	0.0	0.0	99.0	0.0	54.0	48.0	0.0
	5p	+	69	58262.0	35108.0	35730.0	55465.0	184565.0	98.0	314.0	110.0	79.0	41.0	62.0	17.0	51.0	32.0	52.0	21.0	100.00.0	0.0	0.0	0.0	91.0	0.0	59.0	45.0	0.0
	5p	+	70	55972.0	34096.0	34526.0	53383.0	177977.0	73.0	298.0	91.0	69.0	25.0	43.0	18.0	46.0	41.0	58.0	20.0	91.00.0	0.0	0.0	0.0	97.0	0.0	54.0	51.0	0.0
	5p	+	71	53919.0	33075.0	33443.0	51262.0	171699.0	91.0	319.0	102.0	68.0	31.0	47.0	17.0	36.0	39.0	57.0	18.0	101.00.0	0.0	0.0	0.0	81.0	0.0	48.0	54.0	0.0
	5p	+	72	51827.0	31757.0	32116.0	49975.0	165675.0	80.0	275.0	81.0	81.0	28.0	60.0	18.0	41.0	28.0	56.0	23.0	101.00.0	0.0	0.0	0.0	104.0	0.0	49.0	31.0	0.0
	5p	+	73	50067.0	30857.0	30536.0	48344.0	159804.0	71.0	273.0	80.0	53.0	27.0	55.0	22.0	29.0	41.0	46.0	16.0	85.00.0	0.0	0.0	0.0	80.0	0.0	41.0	50.0	0.0
	5p	+	74	48281.0	29581.0	29787.0	46748.0	154397.0	77.0	260.0	64.0	64.0	30.0	61.0	10.0	27.0	30.0	49.0	14.0	106.00.0	0.0	0.0	0.0	77.0	0.0	27.0	31.0	0.0
	5p	+	75	46624.0	28580.0	28560.0	45230.0	148994.0	61.0	247.0	74.0	54.0	27.0	49.0	19.0	32.0	25.0	45.0	17.0	94.00.0	0.0	0.0	0.0	69.0	0.0	35.0	30.0	0.0
	5p	+	76	45275.0	27421.0	27488.0	43655.0	143839.0	58.0	199.0	77.0	47.0	25.0	47.0	17.0	30.0	27.0	35.0	19.0	80.00.0	0.0	0.0	0.0	67.0	0.0	30.0	38.0	0.0
	5p	+	77	43515.0	26745.0	27129.0	41579.0	138968.0	61.0	238.0	60.0	68.0	27.0	39.0	19.0	29.0	26.0	57.0	26.0	78.00.0	0.0	0.0	0.0	54.0	0.0	37.0	29.0	0.0
	5p	+	78	41929.0	25872.0	26047.0	40458.0	134306.0	71.0	221.0	64.0	48.0	28.0	32.0	21.0	27.0	27.0	38.0	13.0	92.00.0	0.0	0.0	0.0	59.0	0.0	31.0	31.0	0.0
	5p	+	79	40547.0	24861.0	25303.0	38948.0	129659.0	63.0	179.0	73.0	50.0	28.0	51.0	20.0	35.0	19.0	32.0	15.0	75.00.0	0.0	0.0	0.0	41.0	0.0	27.0	31.0	0.0
	5p	+	80	38901.0	23948.0	24516.0	37758.0	125123.0	73.0	189.0	65.0	56.0	21.0	31.0	16.0	20.0	32.0	42.0	11.0	70.00.0	0.0	0.0	0.0	49.0	0.0	32.0	26.0	0.0
	5p	+	81	37622.0	23351.0	23450.0	36385.0	120808.0	52.0	168.0	63.0	50.0	28.0	42.0	9.0	29.0	23.0	29.0	7.0	73.00.0	0.0	0.0	0.0	44.0	0.0	22.0	29.0	0.0
	5p	+	82	36130.0	22343.0	22866.0	35250.0	116589.0	73.0	166.0	47.0	50.0	24.0	23.0	11.0	37.0	23.0	34.0	9.0	56.00.0	0.0	0.0	0.0	61.0	0.0	27.0	32.0	0.0
	5p	+	83	34895.0	21629.0	22006.0	34114.0	112644.0	63.0	170.0	56.0	33.0	20.0	32.0	8.0	29.0	19.0	33.0	18.0	62.00.0	0.0	0.0	0.0	46.0	0.0	23.0	23.0	0.0
	5p	+	84	33805.0	21174.0	21071.0	32781.0	108831.0	48.0	160.0	51.0	47.0	23.0	29.0	14.0	30.0	16.0	42.0	11.0	71.00.0	0.0	0.0	0.0	43.0	0.0	19.0	18.0	0.0
	5p	+	85	32748.0	20390.0	20256.0	31765.0	105159.0	57.0	149.0	38.0	50.0	21.0	32.0	9.0	14.0	18.0	31.0	12.0	60.00.0	0.0	0.0	0.0	46.0	0.0	29.0	23.0	0.0
	5p	+	86	32079.0	19602.0	19374.0	30705.0	101760.0	38.0	154.0	40.0	55.0	22.0	29.0	10.0	19.0	17.0	24.0	12.0	57.00.0	0.0	0.0	0.0	32.0	0.0	16.0	21.0	0.0
	5p	+	87	30914.0	18867.0	18955.0	29788.0	98524.0	40.0	127.0	44.0	34.0	15.0	27.0	14.0	26.0	15.0	36.0	8.0	59.00.0	0.0	0.0	0.0	48.0	0.0	22.0	15.0	0.0
	5p	+	88	29697.0	18251.0	18402.0	28889.0	95239.0	36.0	141.0	49.0	36.0	15.0	30.0	6.0	15.0	15.0	21.0	4.0	52.00.0	0.0	0.0	0.0	24.0	0.0	19.0	13.0	0.0
	5p	+	89	28743.0	17878.0	17553.0	28003.0	92177.0	54.0	126.0	44.0	29.0	13.0	28.0	2.0	22.0	8.0	26.0	6.0	58.00.0	0.0	0.0	0.0	29.0	0.0	19.0	10.0	0.0
	5p	+	90	27837.0	17143.0	17299.0	26878.0	89157.0	51.0	139.0	56.0	37.0	14.0	21.0	10.0	15.0	19.0	21.0	6.0	48.00.0	0.0	0.0	0.0	23.0	0.0	14.0	13.0	0.0
	5p	+	91	26859.0	16818.0	16827.0	26015.0	86519.0	49.0	122.0	35.0	39.0	10.0	20.0	11.0	14.0	9.0	27.0	11.0	35.00.0	0.0	0.0	0.0	32.0	0.0	13.0	15.0	0.0
	5p	+	92	26135.0	16331.0	16139.0	25333.0	83938.0	35.0	120.0	57.0	22.0	10.0	23.0	6.0	14.0	14.0	23.0	13.0	52.00.0	0.0	0.0	0.0	30.0	0.0	14.0	11.0	0.0
	5p	+	93	25379.0	15720.0	15887.0	24375.0	81361.0	31.0	121.0	34.0	32.0	16.0	20.0	13.0	20.0	14.0	16.0	3.0	54.00.0	0.0	0.0	0.0	21.0	0.0	13.0	19.0	0.0
	5p	+	94	24368.0	15367.0	15400.0	23812.0	78947.0	36.0	99.0	37.0	20.0	11.0	18.0	9.0	15.0	13.0	24.0	16.0	39.00.0	0.0	0.0	0.0	25.0	0.0	9.0	18.0	0.0
	5p	+	95	23671.0	14954.0	14873.0	23164.0	76662.0	38.0	106.0	28.0	24.0	14.0	25.0	5.0	11.0	12.0	21.0	7.0	49.00.0	0.0	0.0	0.0	16.0	0.0	13.0	7.0	0.0
	5p	+	96	23323.0	14579.0	14273.0	22274.0	74449.0	33.0	86.0	47.0	18.0	11.0	25.0	3.0	17.0	14.0	15.0	7.0	49.00.0	0.0	0.0	0.0	26.0	0.0	20.0	14.0	0.0
	5p	+	97	22228.0	14064.0	14085.0	21907.0	72284.0	32.0	75.0	34.0	29.0	9.0	12.0	14.0	16.0	8.0	24.0	8.0	44.00.0	0.0	0.0	0.0	16.0	0.0	8.0	12.0	0.0
	5p	+	98	21882.0	13661.0	13357.0	21313.0	70213.0	24.0	93.0	38.0	31.0	14.0	7.0	5.0	12.0	9.0	19.0	8.0	36.00.0	0.0	0.0	0.0	26.0	0.0	15.0	6.0	0.0
	5p	+	99	21285.0	13041.0	13134.0	20764.0	68224.0	23.0	63.0	30.0	26.0	8.0	16.0	11.0	10.0	12.0	22.0	8.0	35.00.0	0.0	0.0	0.0	22.0	0.0	6.0	10.0	0.0
	5p	+	100	20258.0	12921.0	12858.0	20233.0	66270.0	27.0	62.0	23.0	25.0	11.0	20.0	7.0	16.0	10.0	22.0	7.0	42.00.0	0.0	0.0	0.0	16.0	0.0	13.0	5.0	0.0
	5p	-	1	256483.0	141223.0	130706.0	189016.0	717428.0	2091.0	5328.0	3490.0	1032.0	1207.0	3108.0	776.0	1908.0	887.0	3301.0	443.0	1724.00.0	0.0	0.0	0.0	0.0	0.0	0.0	0.0	0.0
	5p	-	2	225359.0	130046.0	151931.0	211041.0	718377.0	1257.0	2185.0	1653.0	796.0	707.0	1476.0	466.0	881.0	591.0	1745.0	302.0	1199.00.0	0.0	0.0	0.0	1.0	0.0	0.0	0.0	0.0
	5p	-	3	222772.0	151943.0	144876.0	199695.0	719286.0	664.0	1449.0	886.0	618.0	433.0	701.0	238.0	475.0	312.0	762.0	191.0	556.00.0	0.0	0.0	0.0	2.0	0.0	5.0	1.0	0.0
	5p	-	4	219414.0	158413.0	149490.0	192763.0	720080.0	417.0	1002.0	662.0	463.0	314.0	367.0	151.0	305.0	216.0	409.0	150.0	347.00.0	0.0	0.0	0.0	28.0	0.0	20.0	24.0	0.0
	5p	-	5	212070.0	157244.0	149456.0	201633.0	720403.0	380.0	769.0	513.0	363.0	197.0	234.0	112.0	171.0	141.0	221.0	109.0	289.00.0	0.0	0.0	0.0	151.0	0.0	140.0	176.0	0.0
	5p	-	6	204447.0	153955.0	151462.0	210895.0	720759.0	247.0	711.0	430.0	302.0	133.0	155.0	100.0	130.0	106.0	162.0	94.0	277.00.0	0.0	0.0	0.0	211.0	0.0	199.0	170.0	0.0
	5p	-	7	222615.0	146489.0	142576.0	209310.0	720990.0	278.0	627.0	413.0	276.0	119.0	122.0	65.0	109.0	95.0	134.0	67.0	246.00.0	0.0	0.0	0.0	247.0	0.0	170.0	190.0	0.0
	5p	-	8	231186.0	139971.0	138770.0	211160.0	721087.0	266.0	586.0	347.0	268.0	96.0	117.0	71.0	91.0	72.0	120.0	85.0	275.00.0	0.0	0.0	0.0	298.0	0.0	200.0	204.0	0.0
	5p	-	9	229161.0	140513.0	138627.0	212824.0	721125.0	251.0	527.0	367.0	272.0	76.0	97.0	63.0	82.0	90.0	93.0	72.0	250.00.0	0.0	0.0	0.0	334.0	0.0	207.0	229.0	0.0
	5p	-	10	225930.0	141698.0	139196.0	214233.0	721057.0	238.0	446.0	319.0	267.0	82.0	83.0	64.0	104.0	90.0	96.0	74.0	274.00.0	0.0	0.0	0.0	379.0	0.0	245.0	207.0	0.0
	5p	-	11	225243.0	142512.0	137628.0	215627.0	721010.0	250.0	532.0	323.0	255.0	84.0	87.0	52.0	94.0	82.0	112.0	66.0	250.00.0	0.0	0.0	0.0	415.0	0.0	235.0	245.0	0.0
	5p	-	12	223509.0	144447.0	137389.0	215656.0	721001.0	243.0	477.0	306.0	271.0	74.0	93.0	62.0	84.0	92.0	104.0	59.0	264.00.0	0.0	0.0	0.0	460.0	0.0	263.0	248.0	0.0
	5p	-	13	223634.0	143751.0	137183.0	216355.0	720923.0	258.0	494.0	300.0	243.0	90.0	70.0	57.0	92.0	68.0	101.0	57.0	269.00.0	0.0	0.0	0.0	454.0	0.0	274.0	244.0	0.0
	5p	-	14	223235.0	143165.0	137055.0	217459.0	720914.0	264.0	453.0	314.0	264.0	62.0	110.0	51.0	92.0	64.0	87.0	61.0	233.00.0	0.0	0.0	0.0	471.0	0.0	247.0	278.0	0.0
	5p	-	15	222269.0	142933.0	137718.0	217861.0	720781.0	226.0	427.0	323.0	243.0	70.0	83.0	45.0	87.0	86.0	85.0	70.0	263.00.0	0.0	0.0	0.0	532.0	0.0	270.0	268.0	0.0
	5p	-	16	222381.0	143678.0	138747.0	215954.0	720760.0	274.0	446.0	323.0	255.0	69.0	86.0	50.0	95.0	74.0	106.0	54.0	242.00.0	0.0	0.0	0.0	555.0	0.0	306.0	253.0	0.0
	5p	-	17	222478.0	143293.0	138198.0	216797.0	720766.0	239.0	426.0	313.0	268.0	64.0	93.0	59.0	86.0	65.0	106.0	65.0	231.00.0	0.0	0.0	0.0	510.0	0.0	267.0	268.0	0.0
	5p	-	18	221351.0	144186.0	138567.0	216594.0	720698.0	236.0	495.0	304.0	223.0	86.0	119.0	67.0	92.0	63.0	103.0	61.0	280.00.0	0.0	0.0	0.0	522.0	0.0	298.0	250.0	0.0
	5p	-	19	221491.0	143385.0	138300.0	217531.0	720707.0	273.0	457.0	306.0	235.0	75.0	98.0	53.0	83.0	64.0	80.0	67.0	268.00.0	0.0	0.0	0.0	517.0	0.0	282.0	274.0	0.0
	5p	-	20	220894.0	143649.0	138759.0	217399.0	720701.0	263.0	435.0	341.0	222.0	81.0	109.0	78.0	93.0	125.0	122.0	58.0	281.00.0	0.0	0.0	0.0	580.0	0.0	274.0	285.0	0.0
	5p	-	21	220961.0	143156.0	138680.0	217907.0	720704.0	271.0	417.0	316.0	277.0	95.0	89.0	66.0	87.0	80.0	85.0	61.0	277.00.0	0.0	0.0	0.0	558.0	0.0	263.0	269.0	0.0
	5p	-	22	221024.0	142790.0	138918.0	217884.0	720616.0	254.0	440.0	344.0	238.0	98.0	66.0	62.0	81.0	88.0	86.0	54.0	270.00.0	0.0	0.0	0.0	543.0	0.0	293.0	308.0	0.0
	5p	-	23	221946.0	142492.0	138412.0	217739.0	720589.0	226.0	482.0	312.0	230.0	84.0	99.0	59.0	93.0	78.0	90.0	66.0	252.00.0	0.0	0.0	0.0	583.0	0.0	298.0	297.0	0.0
	5p	-	24	222600.0	142928.0	138744.0	216364.0	720636.0	232.0	474.0	367.0	247.0	86.0	103.0	41.0	97.0	72.0	93.0	74.0	265.00.0	0.0	0.0	0.0	559.0	0.0	282.0	278.0	0.0
	5p	-	25	223335.0	141910.0	138769.0	216500.0	720514.0	271.0	439.0	338.0	242.0	95.0	97.0	57.0	92.0	72.0	82.0	70.0	244.00.0	0.0	0.0	0.0	586.0	0.0	291.0	305.0	0.0
	5p	-	26	224289.0	141800.0	139114.0	215343.0	720546.0	264.0	473.0	343.0	239.0	93.0	98.0	56.0	90.0	79.0	92.0	56.0	278.00.0	0.0	0.0	0.0	577.0	0.0	268.0	331.0	0.0
	5p	-	27	225249.0	140902.0	140410.0	214094.0	720655.0	266.0	454.0	337.0	257.0	72.0	97.0	44.0	103.0	77.0	116.0	63.0	252.00.0	0.0	0.0	0.0	572.0	0.0	300.0	257.0	0.0
	5p	-	28	225963.0	140124.0	140892.0	213668.0	720647.0	299.0	477.0	323.0	245.0	95.0	124.0	50.0	99.0	70.0	120.0	74.0	262.00.0	0.0	0.0	0.0	543.0	0.0	265.0	295.0	0.0
	5p	-	29	226091.0	140371.0	141776.0	212272.0	720510.0	302.0	625.0	394.0	273.0	83.0	108.0	53.0	110.0	86.0	140.0	66.0	280.00.0	0.0	0.0	0.0	584.0	0.0	221.0	283.0	0.0
	5p	-	30	227701.0	139566.0	141235.0	211947.0	720449.0	302.0	1254.0	378.0	262.0	104.0	111.0	51.0	107.0	105.0	118.0	60.0	268.00.0	0.0	0.0	0.0	564.0	0.0	285.0	256.0	0.0
	5p	-	31	222613.0	135480.0	137171.0	206743.0	702007.0	298.0	1227.0	405.0	245.0	108.0	147.0	55.0	125.0	81.0	138.0	55.0	265.00.0	0.0	0.0	0.0	547.0	0.0	250.0	237.0	0.0
	5p	-	32	215869.0	131831.0	133936.0	201326.0	682962.0	279.0	1210.0	391.0	260.0	108.0	126.0	72.0	104.0	83.0	118.0	64.0	254.00.0	0.0	0.0	0.0	552.0	0.0	256.0	255.0	0.0
	5p	-	33	210982.0	127610.0	130225.0	195386.0	664203.0	260.0	1219.0	379.0	254.0	115.0	125.0	64.0	134.0	83.0	115.0	66.0	266.00.0	0.0	0.0	0.0	562.0	0.0	256.0	250.0	0.0
	5p	-	34	205236.0	123397.0	126534.0	190630.0	645797.0	284.0	1233.0	370.0	232.0	96.0	137.0	55.0	109.0	84.0	119.0	53.0	269.00.0	0.0	0.0	0.0	535.0	0.0	230.0	254.0	0.0
	5p	-	35	199782.0	119651.0	122684.0	185218.0	627335.0	285.0	1192.0	327.0	183.0	85.0	132.0	47.0	126.0	74.0	109.0	55.0	230.00.0	0.0	0.0	0.0	500.0	0.0	222.0	220.0	0.0
	5p	-	36	193863.0	115837.0	119139.0	180118.0	608957.0	278.0	1122.0	330.0	241.0	90.0	114.0	52.0	87.0	87.0	143.0	60.0	258.00.0	0.0	0.0	0.0	425.0	0.0	190.0	250.0	0.0
	5p	-	37	188382.0	112750.0	115793.0	174087.0	591012.0	225.0	1162.0	358.0	217.0	98.0	123.0	55.0	105.0	79.0	137.0	36.0	213.00.0	0.0	0.0	0.0	470.0	0.0	231.0	205.0	0.0
	5p	-	38	182566.0	108924.0	112074.0	169450.0	573014.0	252.0	1081.0	316.0	199.0	89.0	124.0	53.0	117.0	81.0	127.0	60.0	222.00.0	0.0	0.0	0.0	457.0	0.0	207.0	219.0	0.0
	5p	-	39	177330.0	104719.0	108656.0	164474.0	555179.0	276.0	1099.0	302.0	211.0	84.0	121.0	44.0	108.0	87.0	110.0	46.0	219.00.0	0.0	0.0	0.0	420.0	0.0	218.0	197.0	0.0
	5p	-	40	171625.0	101518.0	104676.0	159692.0	537511.0	251.0	1111.0	293.0	208.0	85.0	115.0	46.0	80.0	85.0	130.0	56.0	249.00.0	0.0	0.0	0.0	438.0	0.0	205.0	173.0	0.0
	5p	-	41	164897.0	98841.0	101762.0	154546.0	520046.0	254.0	1119.0	325.0	195.0	103.0	129.0	64.0	105.0	81.0	130.0	46.0	207.00.0	0.0	0.0	0.0	412.0	0.0	186.0	174.0	0.0
	5p	-	42	159619.0	94907.0	98252.0	149915.0	502693.0	269.0	1058.0	307.0	191.0	99.0	142.0	56.0	111.0	84.0	127.0	58.0	215.00.0	0.0	0.0	0.0	404.0	0.0	193.0	177.0	0.0
	5p	-	43	154306.0	92155.0	94552.0	144774.0	485787.0	233.0	1035.0	278.0	220.0	86.0	133.0	61.0	132.0	82.0	128.0	46.0	216.00.0	0.0	0.0	0.0	354.0	0.0	182.0	169.0	0.0
	5p	-	44	149714.0	88339.0	91027.0	139968.0	469048.0	234.0	983.0	251.0	201.0	89.0	141.0	55.0	88.0	78.0	141.0	50.0	210.00.0	0.0	0.0	0.0	333.0	0.0	152.0	181.0	0.0
	5p	-	45	144222.0	85549.0	88051.0	134881.0	452703.0	221.0	940.0	277.0	165.0	86.0	132.0	44.0	86.0	80.0	127.0	52.0	248.00.0	0.0	0.0	0.0	313.0	0.0	145.0	149.0	0.0
	5p	-	46	139395.0	82382.0	84828.0	129995.0	436600.0	191.0	894.0	262.0	164.0	94.0	110.0	59.0	93.0	75.0	110.0	56.0	198.00.0	0.0	0.0	0.0	304.0	0.0	159.0	150.0	0.0
	5p	-	47	135076.0	79322.0	81769.0	124985.0	421152.0	194.0	876.0	264.0	145.0	70.0	109.0	45.0	93.0	88.0	115.0	44.0	225.00.0	0.0	0.0	0.0	325.0	0.0	119.0	151.0	0.0
	5p	-	48	129714.0	76811.0	79303.0	120077.0	405905.0	197.0	862.0	229.0	148.0	68.0	131.0	44.0	71.0	70.0	106.0	39.0	167.00.0	0.0	0.0	0.0	304.0	0.0	135.0	127.0	0.0
	5p	-	49	124932.0	73493.0	76008.0	116578.0	391011.0	221.0	850.0	245.0	157.0	57.0	101.0	30.0	76.0	60.0	113.0	44.0	181.00.0	0.0	0.0	0.0	284.0	0.0	116.0	139.0	0.0
	5p	-	50	120290.0	71076.0	73693.0	111726.0	376785.0	177.0	822.0	217.0	156.0	67.0	105.0	35.0	79.0	62.0	114.0	41.0	193.00.0	0.0	0.0	0.0	283.0	0.0	130.0	120.0	0.0
	5p	-	51	115606.0	68580.0	71006.0	107560.0	362752.0	190.0	781.0	207.0	160.0	55.0	91.0	44.0	92.0	57.0	122.0	42.0	168.00.0	0.0	0.0	0.0	288.0	0.0	113.0	111.0	0.0
	5p	-	52	111121.0	65732.0	67779.0	104398.0	349030.0	176.0	726.0	184.0	140.0	70.0	94.0	26.0	70.0	57.0	84.0	35.0	184.00.0	0.0	0.0	0.0	278.0	0.0	122.0	129.0	0.0
	5p	-	53	106106.0	63845.0	65027.0	100826.0	335804.0	168.0	678.0	222.0	135.0	61.0	102.0	36.0	59.0	65.0	99.0	24.0	168.00.0	0.0	0.0	0.0	283.0	0.0	126.0	122.0	0.0
	5p	-	54	102869.0	61297.0	62310.0	96784.0	323260.0	163.0	646.0	199.0	141.0	54.0	106.0	42.0	83.0	55.0	111.0	36.0	135.00.0	0.0	0.0	0.0	268.0	0.0	119.0	113.0	0.0
	5p	-	55	98891.0	58858.0	60596.0	92668.0	311013.0	132.0	607.0	196.0	111.0	47.0	78.0	27.0	73.0	46.0	73.0	31.0	155.00.0	0.0	0.0	0.0	237.0	0.0	117.0	103.0	0.0
	5p	-	56	95358.0	56273.0	57610.0	90131.0	299372.0	144.0	600.0	163.0	123.0	66.0	73.0	32.0	71.0	51.0	60.0	35.0	153.00.0	0.0	0.0	0.0	225.0	0.0	101.0	103.0	0.0
	5p	-	57	91542.0	54635.0	56225.0	85964.0	288366.0	147.0	599.0	157.0	115.0	64.0	91.0	24.0	52.0	42.0	97.0	31.0	148.00.0	0.0	0.0	0.0	217.0	0.0	108.0	100.0	0.0
	5p	-	58	88008.0	52437.0	54013.0	83272.0	277730.0	152.0	552.0	137.0	121.0	49.0	71.0	30.0	67.0	50.0	84.0	27.0	142.00.0	0.0	0.0	0.0	181.0	0.0	92.0	98.0	0.0
	5p	-	59	85109.0	50579.0	51710.0	79995.0	267393.0	123.0	524.0	140.0	110.0	63.0	87.0	21.0	59.0	38.0	71.0	27.0	157.00.0	0.0	0.0	0.0	204.0	0.0	88.0	96.0	0.0
	5p	-	60	81258.0	48828.0	49867.0	77587.0	257540.0	114.0	537.0	151.0	113.0	53.0	71.0	30.0	63.0	39.0	85.0	30.0	130.00.0	0.0	0.0	0.0	201.0	0.0	87.0	92.0	0.0
	5p	-	61	78301.0	47045.0	48238.0	74309.0	247893.0	133.0	489.0	128.0	102.0	67.0	61.0	18.0	39.0	52.0	68.0	26.0	137.00.0	0.0	0.0	0.0	192.0	0.0	89.0	87.0	0.0
	5p	-	62	75694.0	45471.0	45865.0	71735.0	238765.0	133.0	450.0	148.0	90.0	45.0	62.0	23.0	57.0	38.0	69.0	22.0	135.00.0	0.0	0.0	0.0	171.0	0.0	89.0	81.0	0.0
	5p	-	63	72266.0	44257.0	44274.0	68981.0	229778.0	117.0	474.0	119.0	109.0	45.0	56.0	20.0	58.0	40.0	65.0	29.0	128.00.0	0.0	0.0	0.0	163.0	0.0	85.0	82.0	0.0
	5p	-	64	69894.0	42078.0	42691.0	66753.0	221416.0	108.0	421.0	103.0	89.0	46.0	50.0	26.0	51.0	37.0	88.0	32.0	126.00.0	0.0	0.0	0.0	158.0	0.0	77.0	74.0	0.0
	5p	-	65	67382.0	40648.0	41016.0	64352.0	213398.0	104.0	406.0	117.0	90.0	35.0	67.0	28.0	43.0	39.0	62.0	28.0	145.00.0	0.0	0.0	0.0	164.0	0.0	72.0	74.0	0.0
	5p	-	66	64819.0	39487.0	39665.0	61938.0	205909.0	95.0	374.0	115.0	91.0	52.0	67.0	19.0	63.0	43.0	68.0	32.0	136.00.0	0.0	0.0	0.0	153.0	0.0	55.0	57.0	0.0
	5p	-	67	62551.0	37738.0	38569.0	59763.0	198621.0	109.0	345.0	107.0	104.0	43.0	64.0	24.0	43.0	29.0	66.0	21.0	100.00.0	0.0	0.0	0.0	152.0	0.0	51.0	54.0	0.0
	5p	-	68	60906.0	36482.0	37153.0	57097.0	191638.0	103.0	357.0	103.0	84.0	33.0	65.0	18.0	46.0	29.0	63.0	17.0	106.00.0	0.0	0.0	0.0	122.0	0.0	51.0	62.0	0.0
	5p	-	69	58562.0	35106.0	35751.0	55371.0	184790.0	85.0	321.0	97.0	90.0	41.0	57.0	21.0	51.0	33.0	50.0	20.0	102.00.0	0.0	0.0	0.0	105.0	0.0	57.0	46.0	0.0
	5p	-	70	56247.0	33802.0	34512.0	53745.0	178306.0	82.0	253.0	88.0	72.0	36.0	60.0	16.0	39.0	35.0	70.0	23.0	107.00.0	0.0	0.0	0.0	109.0	0.0	52.0	63.0	0.0
	5p	-	71	54039.0	33035.0	33133.0	51620.0	171827.0	88.0	290.0	87.0	88.0	39.0	61.0	22.0	40.0	33.0	55.0	23.0	96.00.0	0.0	0.0	0.0	112.0	0.0	46.0	50.0	0.0
	5p	-	72	52475.0	31675.0	31683.0	49764.0	165597.0	81.0	301.0	98.0	72.0	33.0	50.0	25.0	43.0	26.0	55.0	23.0	99.00.0	0.0	0.0	0.0	106.0	0.0	50.0	43.0	0.0
	5p	-	73	50368.0	30653.0	31119.0	47549.0	159689.0	72.0	313.0	79.0	64.0	44.0	53.0	16.0	32.0	22.0	48.0	21.0	100.00.0	0.0	0.0	0.0	95.0	0.0	45.0	53.0	0.0
	5p	-	74	48619.0	29460.0	29475.0	46618.0	154172.0	77.0	277.0	86.0	50.0	28.0	40.0	20.0	39.0	31.0	61.0	23.0	96.00.0	0.0	0.0	0.0	82.0	0.0	43.0	51.0	0.0
	5p	-	75	46566.0	28689.0	28540.0	45087.0	148882.0	80.0	244.0	66.0	62.0	35.0	48.0	12.0	38.0	19.0	43.0	14.0	75.00.0	0.0	0.0	0.0	77.0	0.0	54.0	37.0	0.0
	5p	-	76	45152.0	27479.0	27789.0	43355.0	143775.0	77.0	217.0	73.0	63.0	17.0	49.0	17.0	37.0	14.0	39.0	22.0	85.00.0	0.0	0.0	0.0	90.0	0.0	31.0	48.0	0.0
	5p	-	77	43803.0	26521.0	26787.0	41907.0	139018.0	63.0	216.0	69.0	68.0	30.0	44.0	16.0	34.0	33.0	42.0	16.0	91.00.0	0.0	0.0	0.0	65.0	0.0	38.0	37.0	0.0
	5p	-	78	42235.0	25634.0	26021.0	40444.0	134334.0	64.0	208.0	79.0	57.0	32.0	44.0	14.0	26.0	22.0	33.0	13.0	67.00.0	0.0	0.0	0.0	72.0	0.0	25.0	33.0	0.0
	5p	-	79	40556.0	24981.0	25181.0	39093.0	129811.0	68.0	208.0	67.0	45.0	19.0	39.0	14.0	36.0	14.0	41.0	14.0	61.00.0	0.0	0.0	0.0	79.0	0.0	31.0	32.0	0.0
	5p	-	80	39540.0	24240.0	24362.0	37353.0	125495.0	57.0	225.0	56.0	70.0	21.0	21.0	21.0	25.0	23.0	34.0	13.0	75.00.0	0.0	0.0	0.0	52.0	0.0	35.0	26.0	0.0
	5p	-	81	37840.0	23454.0	23566.0	36373.0	121233.0	57.0	183.0	56.0	51.0	23.0	37.0	16.0	40.0	19.0	34.0	10.0	67.00.0	0.0	0.0	0.0	49.0	0.0	21.0	28.0	0.0
	5p	-	82	36899.0	22569.0	22616.0	35083.0	117167.0	65.0	189.0	62.0	49.0	24.0	41.0	16.0	26.0	22.0	33.0	14.0	61.00.0	0.0	0.0	0.0	56.0	0.0	24.0	30.0	0.0
	5p	-	83	35356.0	22147.0	21763.0	33858.0	113124.0	62.0	189.0	55.0	61.0	17.0	24.0	10.0	26.0	18.0	23.0	10.0	72.00.0	0.0	0.0	0.0	50.0	0.0	27.0	26.0	0.0
	5p	-	84	34143.0	21077.0	21089.0	32978.0	109287.0	49.0	156.0	55.0	41.0	16.0	18.0	11.0	32.0	21.0	26.0	10.0	53.00.0	0.0	0.0	0.0	47.0	0.0	26.0	30.0	0.0
	5p	-	85	33253.0	20251.0	20330.0	31828.0	105662.0	49.0	150.0	54.0	37.0	21.0	28.0	9.0	25.0	18.0	30.0	10.0	47.00.0	0.0	0.0	0.0	40.0	0.0	20.0	17.0	0.0
	5p	-	86	32028.0	19749.0	19661.0	30855.0	102293.0	34.0	138.0	51.0	41.0	17.0	25.0	11.0	20.0	18.0	27.0	11.0	51.00.0	0.0	0.0	0.0	39.0	0.0	22.0	21.0	0.0
	5p	-	87	30994.0	19003.0	19000.0	29993.0	98990.0	55.0	115.0	36.0	34.0	21.0	25.0	10.0	23.0	13.0	18.0	6.0	64.00.0	0.0	0.0	0.0	36.0	0.0	21.0	17.0	0.0
	5p	-	88	30101.0	18492.0	18397.0	28803.0	95793.0	33.0	125.0	42.0	32.0	21.0	23.0	11.0	25.0	15.0	29.0	9.0	63.00.0	0.0	0.0	0.0	35.0	0.0	11.0	18.0	0.0
	5p	-	89	29203.0	17955.0	17711.0	27909.0	92778.0	33.0	120.0	29.0	36.0	10.0	30.0	7.0	28.0	19.0	25.0	10.0	44.00.0	0.0	0.0	0.0	47.0	0.0	11.0	14.0	0.0
	5p	-	90	27876.0	17176.0	17438.0	27164.0	89654.0	44.0	109.0	42.0	35.0	23.0	21.0	11.0	18.0	12.0	23.0	12.0	44.00.0	0.0	0.0	0.0	31.0	0.0	13.0	15.0	0.0
	5p	-	91	27430.0	16735.0	16776.0	25960.0	86901.0	31.0	107.0	33.0	37.0	23.0	29.0	7.0	25.0	13.0	22.0	12.0	50.00.0	0.0	0.0	0.0	34.0	0.0	21.0	10.0	0.0
	5p	-	92	26411.0	16171.0	16296.0	25355.0	84233.0	45.0	103.0	46.0	35.0	9.0	17.0	17.0	16.0	10.0	21.0	7.0	55.00.0	0.0	0.0	0.0	23.0	0.0	10.0	20.0	0.0
	5p	-	93	25449.0	15735.0	15799.0	24779.0	81762.0	45.0	87.0	45.0	30.0	15.0	29.0	13.0	14.0	14.0	17.0	9.0	47.00.0	0.0	0.0	0.0	28.0	0.0	12.0	8.0	0.0
	5p	-	94	24678.0	15528.0	15179.0	23939.0	79324.0	35.0	93.0	40.0	33.0	18.0	19.0	7.0	17.0	13.0	20.0	4.0	46.00.0	0.0	0.0	0.0	25.0	0.0	11.0	10.0	0.0
	5p	-	95	23892.0	15070.0	14765.0	23306.0	77033.0	26.0	110.0	45.0	36.0	13.0	17.0	6.0	17.0	7.0	24.0	6.0	51.00.0	0.0	0.0	0.0	38.0	0.0	11.0	8.0	0.0
	5p	-	96	23456.0	14321.0	14368.0	22630.0	74775.0	35.0	78.0	29.0	19.0	14.0	13.0	6.0	10.0	11.0	16.0	11.0	46.00.0	0.0	0.0	0.0	26.0	0.0	15.0	9.0	0.0
	5p	-	97	22605.0	14154.0	14013.0	21943.0	72715.0	36.0	67.0	29.0	23.0	15.0	17.0	11.0	10.0	11.0	21.0	6.0	37.00.0	0.0	0.0	0.0	21.0	0.0	14.0	9.0	0.0
	5p	-	98	21977.0	13820.0	13605.0	21189.0	70591.0	31.0	76.0	27.0	23.0	6.0	20.0	8.0	15.0	9.0	10.0	8.0	38.00.0	0.0	0.0	0.0	12.0	0.0	10.0	7.0	0.0
	5p	-	99	21466.0	13204.0	13212.0	20641.0	68523.0	27.0	74.0	28.0	26.0	14.0	21.0	5.0	17.0	5.0	15.0	2.0	39.00.0	0.0	0.0	0.0	28.0	0.0	13.0	8.0	0.0
	5p	-	100	20732.0	12989.0	12873.0	19906.0	66500.0	37.0	50.0	24.0	18.0	11.0	17.0	4.0	9.0	6.0	20.0	9.0	40.00.0	0.0	0.0	0.0	22.0	0.0	8.0	10.0	0.0
