# table produced by DamageProfiler
# using mapped file ScA005.BuffaloCape_Human_nc.Target.rmdup.noMicro_BEST_017.bam
# Sample ID: ScA005.BuffaloCape_Human_nc.Target.rmdup.noMicro_BEST_017.bam
Pos	C>T	G>A	A>C	A>G	A>T	C>A	C>G	G>C	G>T	T>A	T>C	T>G	->ACGT	ACGT>-
24	0.004975	0.004733	0.001066	0.003089	0.000793	0.001380	0.001064	0.001033	0.001119	0.000658	0.003511	0.000796	0.000182	0.000000
23	0.005425	0.005268	0.000744	0.003251	0.000882	0.000999	0.000971	0.001036	0.001295	0.000737	0.003386	0.001092	0.000189	0.000000
22	0.005223	0.005310	0.001003	0.003120	0.000502	0.001524	0.001073	0.001119	0.001292	0.000849	0.004052	0.000767	0.000189	0.000000
21	0.004468	0.005324	0.000882	0.003529	0.000882	0.001265	0.000843	0.000781	0.001157	0.000993	0.003752	0.001048	0.000259	0.000000
20	0.004230	0.005631	0.001338	0.003232	0.000808	0.001289	0.001037	0.000924	0.001040	0.000768	0.003949	0.001124	0.000133	0.000000
19	0.004556	0.005877	0.001019	0.003138	0.000495	0.001286	0.000894	0.000926	0.001361	0.000777	0.003858	0.000888	0.000203	0.000000
18	0.004073	0.005310	0.001266	0.003358	0.000771	0.001423	0.000837	0.000963	0.001196	0.000607	0.003782	0.000745	0.000189	0.000000
17	0.004162	0.006456	0.000989	0.003242	0.000824	0.001249	0.000916	0.001120	0.001356	0.000606	0.003304	0.000688	0.000140	0.000000
16	0.003930	0.006254	0.001219	0.003186	0.000803	0.001467	0.000996	0.001037	0.001689	0.000981	0.003786	0.001035	0.000224	0.000000
15	0.003825	0.007027	0.001180	0.002800	0.000659	0.001256	0.000838	0.000797	0.001270	0.000903	0.004130	0.000985	0.000196	0.000000
14	0.003402	0.006320	0.001161	0.003427	0.000663	0.001051	0.000913	0.000882	0.001470	0.000468	0.003882	0.001101	0.000217	0.000000
13	0.003708	0.006966	0.000790	0.003461	0.000545	0.001422	0.001394	0.001012	0.001250	0.000794	0.004488	0.000766	0.000161	0.000000
12	0.003469	0.007355	0.001339	0.003662	0.000874	0.001410	0.000874	0.000801	0.001424	0.000460	0.003169	0.000786	0.000140	0.000000
11	0.003030	0.008037	0.001108	0.003567	0.000784	0.001161	0.000906	0.000990	0.001019	0.000888	0.004080	0.000971	0.000140	0.000000
10	0.003748	0.007495	0.000896	0.003637	0.000651	0.001471	0.000916	0.000918	0.001333	0.000804	0.004993	0.000915	0.000231	0.000000
9	0.004154	0.008524	0.001302	0.003282	0.000755	0.001615	0.001154	0.000968	0.001468	0.000692	0.004150	0.001144	0.000217	0.000000
8	0.003950	0.008584	0.001206	0.003430	0.000750	0.001749	0.000847	0.001209	0.001360	0.000814	0.004615	0.000869	0.000273	0.000000
7	0.003347	0.009945	0.001006	0.003856	0.000810	0.001255	0.001171	0.001036	0.001095	0.000752	0.004403	0.000913	0.000217	0.000000
6	0.003339	0.010659	0.001034	0.003212	0.000762	0.001475	0.000779	0.001026	0.001336	0.001005	0.004283	0.001137	0.000210	0.000000
5	0.004445	0.012123	0.001098	0.003088	0.000766	0.001732	0.000779	0.000918	0.000888	0.000967	0.005138	0.000829	0.000126	0.000000
4	0.004801	0.012528	0.000876	0.002995	0.000682	0.001623	0.001243	0.000798	0.001005	0.000773	0.004043	0.001030	0.000091	0.000000
3	0.005586	0.009616	0.001083	0.003609	0.001057	0.002343	0.001550	0.001045	0.001646	0.000976	0.003904	0.001345	0.000028	0.000000
2	0.004087	0.011322	0.001466	0.004207	0.000950	0.001433	0.001141	0.001212	0.001460	0.001756	0.005707	0.001756	0.000035	0.000000
1	0.003204	0.018156	0.002121	0.004932	0.001252	0.001775	0.001331	0.001839	0.001408	0.002199	0.007092	0.002482	0.000007	0.000000
0	0.009778	0.027233	0.002014	0.004868	0.002238	0.003159	0.001956	0.001778	0.002737	0.001468	0.004650	0.001557	0.000000	0.000000
