# table produced by DamageProfiler
# using mapped file PcA018.ReedbuckBh_Human_nc.Target.rmdup.noMicro.bam
# Sample ID: PcA018.ReedbuckBh_Human_nc.Target.rmdup.noMicro.bam
Pos	C>T	G>A	A>C	A>G	A>T	C>A	C>G	G>C	G>T	T>A	T>C	T>G	->ACGT	ACGT>-
0	0.039083	0.025068	0.005279	0.010963	0.005177	0.008905	0.004617	0.005014	0.008147	0.004921	0.011125	0.003530	0.000000	0.000000
1	0.027734	0.019382	0.004623	0.013209	0.003963	0.007330	0.007132	0.003844	0.007368	0.005376	0.009925	0.003412	0.000033	0.000000
2	0.021500	0.017750	0.002075	0.010922	0.003713	0.005500	0.003167	0.004313	0.007299	0.004289	0.011739	0.002822	0.000166	0.000000
3	0.017284	0.019127	0.003374	0.011863	0.002612	0.005597	0.004280	0.002877	0.007448	0.002594	0.012857	0.002143	0.000200	0.000000
4	0.015086	0.018275	0.003672	0.011231	0.003780	0.003813	0.002487	0.004782	0.006319	0.003268	0.012732	0.003042	0.000566	0.000000
5	0.019725	0.015979	0.002108	0.010763	0.002552	0.005101	0.003911	0.002996	0.007490	0.002744	0.010097	0.003183	0.000666	0.000000
6	0.018360	0.015552	0.002324	0.010248	0.001902	0.005770	0.002098	0.004515	0.005686	0.003731	0.010401	0.003053	0.000733	0.000000
7	0.017250	0.019007	0.002353	0.008390	0.002251	0.005053	0.002614	0.005352	0.007751	0.001873	0.008705	0.003416	0.000833	0.000000
8	0.018305	0.019069	0.002471	0.009678	0.001956	0.004087	0.003377	0.004300	0.006917	0.002363	0.006658	0.002577	0.000833	0.000000
9	0.016274	0.016961	0.003509	0.006912	0.002658	0.004675	0.003463	0.003248	0.007398	0.002804	0.007764	0.001833	0.000967	0.000000
10	0.018764	0.015039	0.002840	0.011143	0.002731	0.004820	0.002238	0.004349	0.011596	0.001996	0.010506	0.003362	0.000967	0.000000
11	0.019105	0.016046	0.003537	0.007718	0.002358	0.004303	0.003959	0.003209	0.005705	0.002701	0.009398	0.003349	0.000933	0.000000
12	0.013650	0.014947	0.003007	0.010630	0.002470	0.003707	0.004044	0.004142	0.006663	0.002936	0.008918	0.003045	0.000833	0.000000
13	0.015601	0.016980	0.002745	0.009817	0.001478	0.005087	0.002883	0.004155	0.007767	0.002307	0.009776	0.002856	0.000500	0.000000
14	0.014950	0.016746	0.003050	0.011465	0.002314	0.005879	0.004704	0.002392	0.009569	0.002307	0.010109	0.002967	0.000900	0.000000
15	0.017331	0.017103	0.003166	0.008865	0.001900	0.005199	0.003120	0.003919	0.008195	0.002407	0.010284	0.002626	0.000867	0.000000
16	0.016781	0.015655	0.002523	0.008305	0.002208	0.004452	0.004281	0.003870	0.008443	0.002233	0.008819	0.002456	0.000967	0.000000
17	0.017126	0.018651	0.003965	0.008681	0.002572	0.004701	0.002854	0.004571	0.009325	0.002271	0.010599	0.002920	0.001067	0.000000
18	0.015546	0.019157	0.002211	0.009474	0.002737	0.004541	0.002969	0.003102	0.010217	0.002151	0.010219	0.003120	0.000933	0.000000
19	0.014591	0.019886	0.003417	0.009077	0.002456	0.004072	0.002545	0.004971	0.006444	0.002790	0.008370	0.002790	0.000633	0.000000
20	0.020024	0.017245	0.003078	0.010082	0.002759	0.005990	0.002738	0.003853	0.007155	0.002155	0.010451	0.003232	0.000900	0.000000
21	0.016630	0.018276	0.002982	0.008625	0.002662	0.003257	0.003429	0.004479	0.009497	0.001955	0.009668	0.003476	0.000500	0.000000
22	0.016121	0.017777	0.003413	0.007892	0.003199	0.004160	0.003293	0.004310	0.007183	0.002046	0.009369	0.002800	0.000900	0.000000
23	0.017161	0.018703	0.002882	0.007898	0.001814	0.004805	0.004290	0.003632	0.009079	0.003116	0.007952	0.003546	0.000833	0.000000
24	0.015081	0.015173	0.003888	0.008722	0.001997	0.003813	0.002773	0.004155	0.006322	0.002609	0.010000	0.002717	0.000566	0.000000
