# table produced by DamageProfiler
# using mapped file PcA018.ReedbuckBh_Human_nc.Target.rmdup.noMicro.bam
# Sample ID: PcA018.ReedbuckBh_Human_nc.Target.rmdup.noMicro.bam
Chr	End	Std	Pos	A	C	G	T	Total	G>A	C>T	A>G	T>C	A>C	A>T	C>G	C>A	T>G	T>A	G>C	G>T	A>-	T>-	C>-	G>-	->A	->T	->C	->G	S
	3p	+	1	6731.0	2156.0	2018.0	4334.0	15239.0	80.0	445.0	39.0	37.0	16.0	33.0	8.0	35.0	13.0	26.0	12.0	28.0	0.0	0.0	0.0	0.0	0.0	0.0	0.0	0.0	0.0
	3p	+	2	5412.0	3264.0	2327.0	4237.0	15240.0	63.0	199.0	40.0	49.0	14.0	29.0	6.0	33.0	16.0	28.0	20.0	22.0	0.0	0.0	0.0	0.0	0.0	0.0	0.0	0.0	0.0
	3p	+	3	5252.0	2866.0	2629.0	4493.0	15240.0	76.0	52.0	52.0	47.0	15.0	30.0	8.0	19.0	14.0	19.0	10.0	21.0	0.0	0.0	0.0	0.0	0.0	0.0	0.0	0.0	0.0
	3p	+	4	5352.0	2937.0	2561.0	4391.0	15241.0	52.0	47.0	58.0	50.0	21.0	16.0	10.0	21.0	19.0	27.0	15.0	20.0	0.0	0.0	0.0	0.0	0.0	0.0	0.0	0.0	0.0
	3p	+	5	5150.0	2978.0	2608.0	4504.0	15240.0	49.0	56.0	52.0	45.0	12.0	15.0	11.0	19.0	11.0	23.0	15.0	26.0	0.0	0.0	0.0	0.0	1.0	0.0	0.0	0.0	0.0
	3p	+	6	5281.0	2911.0	2663.0	4380.0	15235.0	56.0	44.0	48.0	34.0	11.0	25.0	10.0	22.0	14.0	14.0	7.0	24.0	0.0	0.0	0.0	0.0	3.0	0.0	1.0	0.0	0.0
	3p	+	7	4988.0	2996.0	2736.0	4509.0	15229.0	52.0	46.0	42.0	62.0	15.0	19.0	8.0	19.0	11.0	18.0	13.0	25.0	0.0	0.0	0.0	0.0	3.0	0.0	4.0	3.0	0.0
	3p	+	8	5006.0	2904.0	2850.0	4468.0	15228.0	64.0	55.0	50.0	40.0	19.0	9.0	8.0	10.0	7.0	12.0	7.0	31.0	0.0	0.0	0.0	0.0	5.0	0.0	3.0	2.0	0.0
	3p	+	9	4948.0	2773.0	2774.0	4731.0	15226.0	45.0	55.0	42.0	43.0	12.0	11.0	3.0	10.0	12.0	9.0	17.0	18.0	0.0	0.0	0.0	0.0	5.0	0.0	3.0	6.0	0.0
	3p	+	10	4809.0	2926.0	2752.0	4735.0	15222.0	61.0	52.0	54.0	43.0	10.0	19.0	9.0	13.0	14.0	6.0	13.0	29.0	0.0	0.0	0.0	0.0	6.0	0.0	5.0	7.0	0.0
	3p	+	11	4737.0	2913.0	2740.0	4831.0	15221.0	45.0	49.0	48.0	37.0	8.0	20.0	15.0	14.0	14.0	16.0	8.0	21.0	0.0	0.0	0.0	0.0	10.0	0.0	5.0	0.0	0.0
	3p	+	12	4829.0	2931.0	2753.0	4707.0	15220.0	55.0	50.0	41.0	45.0	13.0	13.0	11.0	16.0	17.0	10.0	8.0	29.0	0.0	0.0	0.0	0.0	9.0	0.0	4.0	3.0	0.0
	3p	+	13	4917.0	2852.0	2744.0	4712.0	15225.0	54.0	53.0	46.0	46.0	18.0	15.0	3.0	21.0	11.0	14.0	10.0	21.0	0.0	0.0	0.0	0.0	3.0	0.0	2.0	5.0	0.0
	3p	+	14	4909.0	2910.0	2836.0	4558.0	15213.0	45.0	47.0	36.0	37.0	15.0	13.0	7.0	15.0	10.0	11.0	6.0	26.0	0.0	0.0	0.0	0.0	7.0	0.0	4.0	7.0	0.0
	3p	+	15	4900.0	2939.0	2822.0	4556.0	15217.0	50.0	42.0	48.0	48.0	17.0	11.0	8.0	10.0	16.0	17.0	13.0	15.0	0.0	0.0	0.0	0.0	6.0	0.0	5.0	9.0	0.0
	3p	+	16	4827.0	2922.0	2900.0	4568.0	15217.0	52.0	32.0	55.0	51.0	18.0	15.0	9.0	13.0	16.0	7.0	12.0	23.0	0.0	0.0	0.0	0.0	12.0	0.0	5.0	1.0	0.0
	3p	+	17	4805.0	2992.0	2836.0	4584.0	15217.0	70.0	57.0	43.0	49.0	23.0	6.0	8.0	12.0	17.0	14.0	11.0	23.0	0.0	0.0	0.0	0.0	8.0	0.0	1.0	8.0	0.0
	3p	+	18	4749.0	2912.0	2920.0	4634.0	15215.0	36.0	49.0	41.0	43.0	17.0	15.0	12.0	15.0	13.0	17.0	12.0	17.0	0.0	0.0	0.0	0.0	5.0	0.0	6.0	7.0	0.0
	3p	+	19	4763.0	2962.0	2815.0	4672.0	15212.0	41.0	64.0	51.0	43.0	13.0	21.0	15.0	11.0	16.0	7.0	11.0	13.0	0.0	0.0	0.0	0.0	5.0	0.0	8.0	2.0	0.0
	3p	+	20	4703.0	2981.0	2851.0	4679.0	15214.0	51.0	58.0	53.0	34.0	21.0	17.0	7.0	19.0	19.0	11.0	13.0	30.0	0.0	0.0	0.0	0.0	8.0	0.0	5.0	7.0	0.0
	3p	+	21	4585.0	3025.0	2848.0	4752.0	15210.0	46.0	49.0	41.0	46.0	17.0	12.0	9.0	19.0	14.0	10.0	11.0	26.0	0.0	0.0	0.0	0.0	5.0	0.0	10.0	3.0	0.0
	3p	+	22	4715.0	2972.0	2750.0	4772.0	15209.0	56.0	55.0	46.0	57.0	16.0	12.0	7.0	9.0	4.0	16.0	11.0	24.0	0.0	0.0	0.0	0.0	7.0	0.0	10.0	8.0	0.0
	3p	+	23	4803.0	2951.0	2759.0	4706.0	15219.0	51.0	62.0	38.0	58.0	12.0	13.0	3.0	6.0	9.0	7.0	6.0	21.0	0.0	0.0	0.0	0.0	6.0	0.0	5.0	4.0	0.0
	3p	+	24	4769.0	2935.0	2806.0	4708.0	15218.0	55.0	52.0	35.0	38.0	14.0	13.0	13.0	13.0	15.0	11.0	13.0	35.0	0.0	0.0	0.0	0.0	5.0	0.0	5.0	3.0	0.0
	3p	+	25	4820.0	2988.0	2776.0	4638.0	15222.0	60.0	57.0	42.0	47.0	18.0	12.0	10.0	10.0	15.0	14.0	13.0	30.0	0.0	0.0	0.0	0.0	4.0	0.0	6.0	2.0	0.0
	3p	+	26	4781.0	2979.0	2862.0	4593.0	15215.0	51.0	63.0	31.0	51.0	7.0	18.0	11.0	11.0	16.0	9.0	13.0	24.0	0.0	0.0	0.0	0.0	6.0	0.0	7.0	5.0	0.0
	3p	+	27	4899.0	2912.0	2823.0	4574.0	15208.0	47.0	47.0	44.0	42.0	11.0	14.0	8.0	17.0	10.0	10.0	6.0	13.0	0.0	0.0	0.0	0.0	9.0	0.0	8.0	5.0	0.0
	3p	+	28	4800.0	2959.0	2883.0	4576.0	15218.0	43.0	54.0	37.0	45.0	15.0	20.0	5.0	12.0	8.0	10.0	12.0	20.0	0.0	0.0	0.0	0.0	11.0	0.0	2.0	3.0	0.0
	3p	+	29	4864.0	2930.0	2841.0	4587.0	15222.0	51.0	49.0	45.0	49.0	10.0	9.0	9.0	10.0	13.0	16.0	14.0	16.0	0.0	0.0	0.0	0.0	4.0	0.0	4.0	1.0	0.0
	3p	+	30	4794.0	2962.0	2805.0	4661.0	15222.0	44.0	50.0	55.0	65.0	14.0	8.0	16.0	13.0	9.0	15.0	13.0	17.0	0.0	0.0	0.0	0.0	9.0	0.0	3.0	2.0	0.0
	3p	+	31	4515.0	2894.0	2704.0	4662.0	14775.0	48.0	54.0	52.0	41.0	15.0	11.0	14.0	15.0	11.0	7.0	8.0	28.0	0.0	0.0	0.0	0.0	7.0	0.0	1.0	3.0	0.0
	3p	+	32	4510.0	2831.0	2677.0	4332.0	14350.0	45.0	49.0	38.0	43.0	14.0	13.0	9.0	13.0	9.0	7.0	11.0	16.0	0.0	0.0	0.0	0.0	9.0	0.0	1.0	1.0	0.0
	3p	+	33	4328.0	2687.0	2577.0	4358.0	13950.0	37.0	47.0	35.0	34.0	20.0	12.0	4.0	11.0	15.0	12.0	13.0	28.0	0.0	0.0	0.0	0.0	8.0	0.0	4.0	3.0	0.0
	3p	+	34	4342.0	2585.0	2458.0	4191.0	13576.0	38.0	41.0	41.0	45.0	7.0	6.0	10.0	10.0	12.0	10.0	7.0	26.0	0.0	0.0	0.0	0.0	5.0	0.0	3.0	2.0	0.0
	3p	+	35	4240.0	2479.0	2480.0	3952.0	13151.0	40.0	50.0	62.0	33.0	9.0	8.0	4.0	11.0	13.0	8.0	7.0	21.0	0.0	0.0	0.0	0.0	8.0	0.0	1.0	3.0	0.0
	3p	+	36	3971.0	2454.0	2323.0	4007.0	12755.0	35.0	49.0	38.0	41.0	18.0	8.0	9.0	16.0	12.0	4.0	5.0	21.0	0.0	0.0	0.0	0.0	10.0	0.0	3.0	6.0	0.0
	3p	+	37	3870.0	2464.0	2244.0	3744.0	12322.0	37.0	42.0	28.0	31.0	16.0	10.0	6.0	12.0	14.0	15.0	2.0	10.0	0.0	0.0	0.0	0.0	4.0	0.0	3.0	2.0	0.0
	3p	+	38	3732.0	2365.0	2233.0	3597.0	11927.0	43.0	37.0	41.0	32.0	8.0	9.0	10.0	8.0	7.0	14.0	8.0	11.0	0.0	0.0	0.0	0.0	3.0	0.0	1.0	1.0	0.0
	3p	+	39	3694.0	2237.0	2113.0	3454.0	11498.0	40.0	44.0	38.0	35.0	10.0	6.0	9.0	14.0	10.0	10.0	9.0	22.0	0.0	0.0	0.0	0.0	3.0	0.0	1.0	2.0	0.0
	3p	+	40	3428.0	2126.0	2093.0	3424.0	11071.0	39.0	30.0	33.0	30.0	8.0	11.0	5.0	4.0	12.0	5.0	4.0	12.0	0.0	0.0	0.0	0.0	3.0	0.0	1.0	1.0	0.0
	3p	+	41	3329.0	2067.0	2014.0	3262.0	10672.0	29.0	50.0	26.0	23.0	11.0	7.0	3.0	9.0	5.0	7.0	8.0	16.0	0.0	0.0	0.0	0.0	6.0	0.0	3.0	2.0	0.0
	3p	+	42	3235.0	1975.0	1838.0	3168.0	10216.0	33.0	39.0	36.0	30.0	10.0	7.0	8.0	9.0	11.0	4.0	10.0	20.0	0.0	0.0	0.0	0.0	3.0	0.0	1.0	1.0	0.0
	3p	+	43	3050.0	1867.0	1795.0	3112.0	9824.0	27.0	30.0	28.0	37.0	9.0	12.0	8.0	8.0	5.0	8.0	9.0	20.0	0.0	0.0	0.0	0.0	4.0	0.0	2.0	2.0	0.0
	3p	+	44	2944.0	1716.0	1754.0	2955.0	9369.0	33.0	27.0	20.0	32.0	11.0	6.0	6.0	9.0	9.0	14.0	6.0	11.0	0.0	0.0	0.0	0.0	5.0	0.0	2.0	0.0	0.0
	3p	+	45	2907.0	1695.0	1633.0	2691.0	8926.0	15.0	41.0	36.0	22.0	6.0	6.0	8.0	4.0	5.0	7.0	5.0	12.0	0.0	0.0	0.0	0.0	3.0	0.0	2.0	2.0	0.0
	3p	+	46	2717.0	1600.0	1546.0	2666.0	8529.0	27.0	20.0	19.0	19.0	5.0	5.0	3.0	5.0	6.0	2.0	6.0	11.0	0.0	0.0	0.0	0.0	3.0	0.0	1.0	0.0	0.0
	3p	+	47	2616.0	1563.0	1480.0	2486.0	8145.0	32.0	32.0	17.0	23.0	10.0	7.0	3.0	10.0	6.0	4.0	4.0	8.0	0.0	0.0	0.0	0.0	5.0	0.0	0.0	1.0	0.0
	3p	+	48	2380.0	1442.0	1507.0	2425.0	7754.0	33.0	21.0	25.0	24.0	7.0	2.0	3.0	8.0	9.0	6.0	4.0	14.0	0.0	0.0	0.0	0.0	2.0	0.0	1.0	2.0	0.0
	3p	+	49	2354.0	1411.0	1260.0	2343.0	7368.0	27.0	23.0	24.0	30.0	2.0	8.0	2.0	8.0	3.0	4.0	5.0	9.0	0.0	0.0	0.0	0.0	3.0	0.0	1.0	2.0	0.0
	3p	+	50	2132.0	1390.0	1283.0	2203.0	7008.0	12.0	22.0	25.0	22.0	2.0	4.0	3.0	8.0	4.0	4.0	5.0	9.0	0.0	0.0	0.0	0.0	3.0	0.0	0.0	1.0	0.0
	3p	+	51	2044.0	1257.0	1235.0	2127.0	6663.0	31.0	25.0	18.0	31.0	4.0	7.0	3.0	8.0	5.0	6.0	1.0	6.0	0.0	0.0	0.0	0.0	3.0	0.0	0.0	0.0	0.0
	3p	+	52	1993.0	1208.0	1143.0	1984.0	6328.0	25.0	26.0	26.0	15.0	6.0	4.0	4.0	4.0	9.0	6.0	3.0	11.0	0.0	0.0	0.0	0.0	3.0	0.0	0.0	1.0	0.0
	3p	+	53	1863.0	1127.0	1113.0	1873.0	5976.0	23.0	23.0	23.0	21.0	3.0	7.0	6.0	11.0	7.0	5.0	6.0	4.0	0.0	0.0	0.0	0.0	3.0	0.0	0.0	1.0	0.0
	3p	+	54	1803.0	1063.0	1020.0	1778.0	5664.0	13.0	32.0	25.0	20.0	6.0	5.0	2.0	2.0	6.0	7.0	5.0	7.0	0.0	0.0	0.0	0.0	3.0	0.0	1.0	0.0	0.0
	3p	+	55	1740.0	1000.0	980.0	1619.0	5339.0	21.0	19.0	12.0	22.0	3.0	5.0	4.0	7.0	2.0	5.0	2.0	10.0	0.0	0.0	0.0	0.0	1.0	0.0	1.0	2.0	0.0
	3p	+	56	1611.0	939.0	951.0	1523.0	5024.0	16.0	21.0	20.0	20.0	3.0	4.0	2.0	3.0	4.0	4.0	5.0	8.0	0.0	0.0	0.0	0.0	1.0	0.0	0.0	0.0	0.0
	3p	+	57	1525.0	947.0	882.0	1402.0	4756.0	15.0	21.0	19.0	11.0	5.0	6.0	4.0	3.0	3.0	2.0	2.0	6.0	0.0	0.0	0.0	0.0	0.0	0.0	0.0	0.0	0.0
	3p	+	58	1423.0	817.0	830.0	1434.0	4504.0	17.0	16.0	13.0	9.0	4.0	6.0	0.0	5.0	4.0	5.0	4.0	5.0	0.0	0.0	0.0	0.0	2.0	0.0	2.0	0.0	0.0
	3p	+	59	1354.0	807.0	779.0	1289.0	4229.0	12.0	13.0	14.0	15.0	2.0	3.0	2.0	8.0	2.0	2.0	4.0	6.0	0.0	0.0	0.0	0.0	3.0	0.0	0.0	3.0	0.0
	3p	+	60	1255.0	718.0	745.0	1240.0	3958.0	14.0	23.0	10.0	11.0	4.0	3.0	1.0	3.0	3.0	4.0	6.0	7.0	0.0	0.0	0.0	0.0	2.0	0.0	1.0	0.0	0.0
	3p	+	61	1144.0	721.0	702.0	1158.0	3725.0	7.0	17.0	12.0	18.0	1.0	1.0	1.0	3.0	5.0	2.0	4.0	6.0	0.0	0.0	0.0	0.0	2.0	0.0	0.0	1.0	0.0
	3p	+	62	1107.0	634.0	648.0	1089.0	3478.0	11.0	8.0	14.0	11.0	4.0	1.0	2.0	4.0	2.0	3.0	2.0	2.0	0.0	0.0	0.0	0.0	1.0	0.0	0.0	1.0	0.0
	3p	+	63	995.0	607.0	626.0	1000.0	3228.0	9.0	13.0	6.0	7.0	2.0	1.0	2.0	6.0	3.0	2.0	1.0	5.0	0.0	0.0	0.0	0.0	0.0	0.0	0.0	0.0	0.0
	3p	+	64	984.0	565.0	565.0	918.0	3032.0	9.0	13.0	8.0	10.0	6.0	2.0	0.0	2.0	4.0	4.0	2.0	7.0	0.0	0.0	0.0	0.0	0.0	0.0	0.0	0.0	0.0
	3p	+	65	883.0	543.0	503.0	918.0	2847.0	8.0	15.0	15.0	6.0	2.0	0.0	0.0	2.0	3.0	1.0	1.0	4.0	0.0	0.0	0.0	0.0	0.0	0.0	0.0	0.0	0.0
	3p	+	66	826.0	520.0	510.0	814.0	2670.0	10.0	11.0	7.0	9.0	6.0	4.0	2.0	2.0	3.0	1.0	1.0	2.0	0.0	0.0	0.0	0.0	1.0	0.0	0.0	0.0	0.0
	3p	+	67	775.0	467.0	450.0	785.0	2477.0	10.0	15.0	7.0	2.0	1.0	1.0	1.0	4.0	4.0	3.0	3.0	5.0	0.0	0.0	0.0	0.0	1.0	0.0	1.0	0.0	0.0
	3p	+	68	695.0	479.0	417.0	701.0	2292.0	9.0	10.0	7.0	13.0	2.0	1.0	2.0	2.0	0.0	3.0	2.0	3.0	0.0	0.0	0.0	0.0	0.0	0.0	1.0	0.0	0.0
	3p	+	69	652.0	423.0	403.0	653.0	2131.0	11.0	10.0	9.0	4.0	2.0	3.0	2.0	3.0	1.0	1.0	1.0	5.0	0.0	0.0	0.0	0.0	1.0	0.0	0.0	0.0	0.0
	3p	+	70	638.0	365.0	371.0	604.0	1978.0	11.0	8.0	6.0	6.0	2.0	1.0	1.0	0.0	1.0	1.0	1.0	1.0	0.0	0.0	0.0	0.0	0.0	0.0	0.0	0.0	0.0
	3p	+	71	580.0	344.0	337.0	560.0	1821.0	2.0	11.0	3.0	6.0	1.0	1.0	0.0	5.0	2.0	4.0	2.0	2.0	0.0	0.0	0.0	0.0	1.0	0.0	0.0	0.0	0.0
	3p	+	72	564.0	290.0	328.0	495.0	1677.0	7.0	8.0	6.0	2.0	2.0	3.0	1.0	1.0	3.0	2.0	0.0	6.0	0.0	0.0	0.0	0.0	0.0	0.0	0.0	0.0	0.0
	3p	+	73	488.0	249.0	282.0	487.0	1506.0	9.0	3.0	3.0	5.0	3.0	1.0	0.0	1.0	2.0	4.0	2.0	3.0	0.0	0.0	0.0	0.0	0.0	0.0	0.0	0.0	0.0
	3p	+	74	445.0	268.0	237.0	416.0	1366.0	4.0	4.0	2.0	4.0	2.0	2.0	0.0	3.0	3.0	1.0	2.0	3.0	0.0	0.0	0.0	0.0	0.0	0.0	0.0	0.0	0.0
	3p	+	75	402.0	244.0	238.0	375.0	1259.0	2.0	7.0	5.0	4.0	0.0	0.0	0.0	0.0	1.0	0.0	0.0	4.0	0.0	0.0	0.0	0.0	0.0	0.0	1.0	0.0	0.0
	3p	+	76	372.0	208.0	209.0	378.0	1167.0	1.0	4.0	5.0	2.0	2.0	0.0	2.0	1.0	0.0	1.0	1.0	0.0	0.0	0.0	0.0	0.0	0.0	0.0	0.0	0.0	0.0
	3p	+	77	338.0	205.0	182.0	349.0	1074.0	3.0	8.0	5.0	2.0	0.0	1.0	0.0	1.0	0.0	1.0	2.0	0.0	0.0	0.0	0.0	0.0	0.0	0.0	0.0	0.0	0.0
	3p	+	78	293.0	198.0	182.0	291.0	964.0	6.0	7.0	2.0	1.0	1.0	2.0	1.0	2.0	0.0	1.0	0.0	1.0	0.0	0.0	0.0	0.0	0.0	0.0	0.0	0.0	0.0
	3p	+	79	272.0	178.0	155.0	247.0	852.0	5.0	3.0	0.0	3.0	0.0	0.0	0.0	2.0	0.0	1.0	0.0	4.0	0.0	0.0	0.0	0.0	0.0	0.0	0.0	0.0	0.0
	3p	+	80	216.0	149.0	149.0	236.0	750.0	2.0	1.0	4.0	0.0	0.0	0.0	1.0	0.0	0.0	1.0	1.0	0.0	0.0	0.0	0.0	0.0	0.0	0.0	0.0	0.0	0.0
	3p	+	81	192.0	138.0	116.0	214.0	660.0	3.0	2.0	3.0	3.0	3.0	1.0	0.0	0.0	0.0	0.0	0.0	1.0	0.0	0.0	0.0	0.0	0.0	0.0	0.0	0.0	0.0
	3p	+	82	179.0	113.0	108.0	192.0	592.0	1.0	3.0	3.0	4.0	0.0	0.0	0.0	1.0	1.0	0.0	0.0	0.0	0.0	0.0	0.0	0.0	0.0	0.0	0.0	0.0	0.0
	3p	+	83	170.0	98.0	87.0	159.0	514.0	2.0	1.0	1.0	0.0	1.0	1.0	0.0	0.0	0.0	0.0	0.0	0.0	0.0	0.0	0.0	0.0	0.0	0.0	0.0	0.0	0.0
	3p	+	84	144.0	78.0	90.0	128.0	440.0	3.0	2.0	1.0	1.0	1.0	1.0	0.0	0.0	0.0	1.0	0.0	2.0	0.0	0.0	0.0	0.0	0.0	0.0	0.0	0.0	0.0
	3p	+	85	113.0	58.0	80.0	119.0	370.0	1.0	1.0	0.0	2.0	0.0	0.0	0.0	0.0	1.0	0.0	0.0	1.0	0.0	0.0	0.0	0.0	0.0	0.0	0.0	0.0	0.0
	3p	+	86	87.0	60.0	66.0	95.0	308.0	2.0	3.0	0.0	2.0	0.0	0.0	0.0	1.0	1.0	0.0	0.0	0.0	0.0	0.0	0.0	0.0	0.0	0.0	0.0	0.0	0.0
	3p	+	87	83.0	47.0	43.0	83.0	256.0	0.0	1.0	2.0	0.0	0.0	0.0	0.0	0.0	0.0	0.0	0.0	0.0	0.0	0.0	0.0	0.0	0.0	0.0	0.0	0.0	0.0
	3p	+	88	64.0	34.0	41.0	59.0	198.0	0.0	1.0	0.0	0.0	0.0	0.0	0.0	0.0	0.0	0.0	0.0	0.0	0.0	0.0	0.0	0.0	0.0	0.0	0.0	0.0	0.0
	3p	+	89	45.0	27.0	32.0	42.0	146.0	1.0	1.0	2.0	0.0	0.0	0.0	1.0	0.0	1.0	1.0	0.0	0.0	0.0	0.0	0.0	0.0	0.0	0.0	0.0	0.0	0.0
	3p	+	90	32.0	18.0	26.0	24.0	100.0	0.0	1.0	0.0	0.0	0.0	0.0	0.0	1.0	1.0	0.0	0.0	0.0	0.0	0.0	0.0	0.0	0.0	0.0	0.0	0.0	0.0
	3p	+	91	15.0	8.0	6.0	13.0	42.0	0.0	0.0	0.0	0.0	0.0	0.0	1.0	0.0	1.0	0.0	0.0	0.0	0.0	0.0	0.0	0.0	0.0	0.0	0.0	0.0	0.0
	3p	+	92	0.0	0.0	0.0	0.0	0.0	0.0	0.0	0.0	0.0	0.0	0.0	0.0	0.0	0.0	0.0	0.0	0.0	0.0	0.0	0.0	0.0	0.0	0.0	0.0	0.0	0.0
	3p	+	93	0.0	0.0	0.0	0.0	0.0	0.0	0.0	0.0	0.0	0.0	0.0	0.0	0.0	0.0	0.0	0.0	0.0	0.0	0.0	0.0	0.0	0.0	0.0	0.0	0.0	0.0
	3p	+	94	0.0	0.0	0.0	0.0	0.0	0.0	0.0	0.0	0.0	0.0	0.0	0.0	0.0	0.0	0.0	0.0	0.0	0.0	0.0	0.0	0.0	0.0	0.0	0.0	0.0	0.0
	3p	+	95	0.0	0.0	0.0	0.0	0.0	0.0	0.0	0.0	0.0	0.0	0.0	0.0	0.0	0.0	0.0	0.0	0.0	0.0	0.0	0.0	0.0	0.0	0.0	0.0	0.0	0.0
	3p	+	96	0.0	0.0	0.0	0.0	0.0	0.0	0.0	0.0	0.0	0.0	0.0	0.0	0.0	0.0	0.0	0.0	0.0	0.0	0.0	0.0	0.0	0.0	0.0	0.0	0.0	0.0
	3p	+	97	0.0	0.0	0.0	0.0	0.0	0.0	0.0	0.0	0.0	0.0	0.0	0.0	0.0	0.0	0.0	0.0	0.0	0.0	0.0	0.0	0.0	0.0	0.0	0.0	0.0	0.0
	3p	+	98	0.0	0.0	0.0	0.0	0.0	0.0	0.0	0.0	0.0	0.0	0.0	0.0	0.0	0.0	0.0	0.0	0.0	0.0	0.0	0.0	0.0	0.0	0.0	0.0	0.0	0.0
	3p	+	99	0.0	0.0	0.0	0.0	0.0	0.0	0.0	0.0	0.0	0.0	0.0	0.0	0.0	0.0	0.0	0.0	0.0	0.0	0.0	0.0	0.0	0.0	0.0	0.0	0.0	0.0
	3p	+	100	0.0	0.0	0.0	0.0	0.0	0.0	0.0	0.0	0.0	0.0	0.0	0.0	0.0	0.0	0.0	0.0	0.0	0.0	0.0	0.0	0.0	0.0	0.0	0.0	0.0	0.0
	3p	-	1	6576.0	2090.0	1883.0	4258.0	14807.0	71.0	398.0	45.0	36.0	13.0	31.0	11.0	28.0	20.0	20.0	3.0	23.00.0	0.0	0.0	0.0	0.0	0.0	0.0	0.0	0.0
	3p	-	2	5341.0	3087.0	2233.0	4143.0	14804.0	70.0	201.0	36.0	42.0	18.0	23.0	10.0	24.0	10.0	22.0	16.0	25.00.0	0.0	0.0	0.0	1.0	0.0	1.0	0.0	0.0
	3p	-	3	5085.0	2745.0	2534.0	4442.0	14806.0	57.0	51.0	42.0	48.0	23.0	30.0	12.0	22.0	21.0	21.0	13.0	17.00.0	0.0	0.0	0.0	1.0	0.0	0.0	0.0	0.0
	3p	-	4	5055.0	2920.0	2559.0	4269.0	14803.0	57.0	45.0	37.0	43.0	12.0	21.0	15.0	17.0	16.0	17.0	16.0	24.00.0	0.0	0.0	0.0	1.0	0.0	0.0	2.0	0.0
	3p	-	5	5067.0	2808.0	2549.0	4381.0	14805.0	52.0	50.0	47.0	37.0	9.0	15.0	4.0	24.0	15.0	18.0	16.0	27.00.0	0.0	0.0	0.0	1.0	0.0	1.0	0.0	0.0
	3p	-	6	5076.0	2807.0	2655.0	4255.0	14793.0	53.0	42.0	48.0	46.0	22.0	15.0	12.0	11.0	9.0	10.0	6.0	25.00.0	0.0	0.0	0.0	10.0	0.0	1.0	2.0	0.0
	3p	-	7	4821.0	2847.0	2661.0	4466.0	14795.0	53.0	44.0	29.0	41.0	12.0	12.0	9.0	15.0	13.0	12.0	11.0	22.00.0	0.0	0.0	0.0	5.0	0.0	5.0	2.0	0.0
	3p	-	8	4817.0	2675.0	2749.0	4543.0	14784.0	49.0	48.0	41.0	43.0	12.0	6.0	5.0	17.0	19.0	15.0	17.0	17.00.0	0.0	0.0	0.0	11.0	0.0	5.0	3.0	0.0
	3p	-	9	4753.0	2759.0	2795.0	4482.0	14789.0	51.0	42.0	29.0	33.0	16.0	5.0	7.0	19.0	13.0	10.0	6.0	20.00.0	0.0	0.0	0.0	6.0	0.0	4.0	3.0	0.0
	3p	-	10	4615.0	2819.0	2730.0	4621.0	14785.0	41.0	31.0	28.0	31.0	6.0	15.0	12.0	15.0	12.0	8.0	11.0	31.00.0	0.0	0.0	0.0	6.0	0.0	3.0	6.0	0.0
	3p	-	11	4572.0	2842.0	2730.0	4646.0	14790.0	48.0	54.0	40.0	45.0	18.0	18.0	6.0	21.0	13.0	8.0	6.0	21.00.0	0.0	0.0	0.0	7.0	0.0	4.0	3.0	0.0
	3p	-	12	4692.0	2778.0	2808.0	4511.0	14789.0	53.0	47.0	42.0	37.0	16.0	15.0	16.0	16.0	17.0	11.0	10.0	22.00.0	0.0	0.0	0.0	11.0	0.0	2.0	5.0	0.0
	3p	-	13	4762.0	2750.0	2669.0	4603.0	14784.0	46.0	42.0	46.0	50.0	16.0	12.0	7.0	9.0	10.0	11.0	6.0	21.00.0	0.0	0.0	0.0	14.0	0.0	3.0	2.0	0.0
	3p	-	14	4815.0	2786.0	2691.0	4492.0	14784.0	55.0	49.0	35.0	51.0	17.0	12.0	8.0	18.0	14.0	11.0	4.0	18.00.0	0.0	0.0	0.0	10.0	0.0	4.0	5.0	0.0
	3p	-	15	4667.0	2856.0	2756.0	4510.0	14789.0	45.0	51.0	44.0	37.0	10.0	15.0	9.0	15.0	9.0	13.0	9.0	31.00.0	0.0	0.0	0.0	2.0	0.0	8.0	4.0	0.0
	3p	-	16	4661.0	2882.0	2680.0	4565.0	14788.0	49.0	42.0	51.0	45.0	11.0	9.0	11.0	14.0	15.0	12.0	6.0	21.00.0	0.0	0.0	0.0	9.0	0.0	5.0	4.0	0.0
	3p	-	17	4675.0	2878.0	2715.0	4518.0	14786.0	42.0	55.0	39.0	48.0	16.0	7.0	13.0	16.0	10.0	12.0	8.0	14.00.0	0.0	0.0	0.0	6.0	0.0	8.0	5.0	0.0
	3p	-	18	4671.0	2844.0	2713.0	4553.0	14781.0	44.0	52.0	41.0	39.0	16.0	11.0	11.0	4.0	6.0	11.0	9.0	12.00.0	0.0	0.0	0.0	8.0	0.0	6.0	10.0	0.0
	3p	-	19	4657.0	2820.0	2804.0	4507.0	14788.0	33.0	44.0	47.0	47.0	12.0	14.0	12.0	18.0	12.0	10.0	5.0	30.00.0	0.0	0.0	0.0	9.0	0.0	1.0	4.0	0.0
	3p	-	20	4599.0	2880.0	2797.0	4506.0	14782.0	47.0	40.0	46.0	42.0	13.0	15.0	6.0	14.0	14.0	11.0	13.0	16.00.0	0.0	0.0	0.0	9.0	0.0	4.0	6.0	0.0
	3p	-	21	4665.0	2832.0	2782.0	4506.0	14785.0	45.0	55.0	47.0	48.0	12.0	11.0	15.0	13.0	17.0	4.0	13.0	18.00.0	0.0	0.0	0.0	9.0	0.0	5.0	2.0	0.0
	3p	-	22	4680.0	2841.0	2623.0	4640.0	14784.0	59.0	55.0	37.0	46.0	13.0	10.0	7.0	20.0	17.0	14.0	16.0	26.00.0	0.0	0.0	0.0	5.0	0.0	2.0	7.0	0.0
	3p	-	23	4596.0	2848.0	2658.0	4678.0	14780.0	60.0	40.0	30.0	34.0	16.0	6.0	7.0	12.0	12.0	9.0	4.0	24.00.0	0.0	0.0	0.0	9.0	0.0	6.0	9.0	0.0
	3p	-	24	4693.0	2822.0	2687.0	4584.0	14786.0	41.0	43.0	44.0	43.0	17.0	12.0	8.0	16.0	16.0	12.0	13.0	27.00.0	0.0	0.0	0.0	7.0	0.0	3.0	7.0	0.0
	3p	-	25	4523.0	2904.0	2819.0	4537.0	14783.0	39.0	44.0	45.0	45.0	13.0	12.0	13.0	15.0	17.0	4.0	11.0	29.00.0	0.0	0.0	0.0	8.0	0.0	5.0	4.0	0.0
	3p	-	26	4722.0	2804.0	2773.0	4489.0	14788.0	41.0	36.0	51.0	47.0	14.0	11.0	7.0	16.0	14.0	14.0	13.0	25.00.0	0.0	0.0	0.0	5.0	0.0	4.0	9.0	0.0
	3p	-	27	4606.0	2967.0	2692.0	4535.0	14800.0	40.0	51.0	42.0	48.0	11.0	19.0	7.0	16.0	9.0	14.0	7.0	23.00.0	0.0	0.0	0.0	4.0	0.0	2.0	3.0	0.0
	3p	-	28	4665.0	2849.0	2778.0	4507.0	14799.0	53.0	49.0	37.0	47.0	12.0	10.0	4.0	19.0	11.0	2.0	12.0	10.00.0	0.0	0.0	0.0	4.0	0.0	2.0	2.0	0.0
	3p	-	29	4588.0	2811.0	2829.0	4569.0	14797.0	47.0	54.0	39.0	43.0	9.0	11.0	11.0	12.0	13.0	10.0	15.0	26.00.0	0.0	0.0	0.0	6.0	0.0	1.0	2.0	0.0
	3p	-	30	4551.0	2860.0	2711.0	4677.0	14799.0	40.0	38.0	42.0	42.0	11.0	6.0	10.0	13.0	8.0	12.0	13.0	23.00.0	0.0	0.0	0.0	4.0	0.0	1.0	3.0	0.0
	3p	-	31	4409.0	2697.0	2653.0	4534.0	14293.0	33.0	49.0	40.0	36.0	25.0	20.0	7.0	14.0	19.0	13.0	9.0	20.00.0	0.0	0.0	0.0	9.0	0.0	0.0	1.0	0.0
	3p	-	32	4383.0	2603.0	2520.0	4421.0	13927.0	45.0	35.0	28.0	42.0	11.0	10.0	3.0	10.0	15.0	7.0	4.0	19.00.0	0.0	0.0	0.0	6.0	0.0	2.0	1.0	0.0
	3p	-	33	4312.0	2566.0	2490.0	4194.0	13562.0	41.0	45.0	40.0	38.0	9.0	13.0	5.0	8.0	11.0	8.0	9.0	21.00.0	0.0	0.0	0.0	9.0	0.0	1.0	1.0	0.0
	3p	-	34	4122.0	2514.0	2474.0	4086.0	13196.0	29.0	46.0	36.0	31.0	14.0	16.0	7.0	10.0	11.0	12.0	5.0	19.00.0	0.0	0.0	0.0	6.0	0.0	2.0	0.0	0.0
	3p	-	35	4066.0	2415.0	2326.0	4036.0	12843.0	32.0	53.0	46.0	45.0	9.0	11.0	11.0	7.0	7.0	13.0	3.0	15.00.0	0.0	0.0	0.0	3.0	0.0	2.0	0.0	0.0
	3p	-	36	3840.0	2463.0	2392.0	3757.0	12452.0	48.0	40.0	34.0	41.0	6.0	6.0	6.0	7.0	8.0	11.0	7.0	22.00.0	0.0	0.0	0.0	6.0	0.0	3.0	2.0	0.0
	3p	-	37	3741.0	2243.0	2267.0	3803.0	12054.0	44.0	46.0	40.0	34.0	14.0	18.0	4.0	4.0	7.0	10.0	7.0	19.00.0	0.0	0.0	0.0	3.0	0.0	3.0	1.0	0.0
	3p	-	38	3609.0	2274.0	2219.0	3532.0	11634.0	35.0	46.0	33.0	40.0	10.0	9.0	5.0	15.0	5.0	11.0	6.0	21.00.0	0.0	0.0	0.0	4.0	0.0	5.0	2.0	0.0
	3p	-	39	3497.0	2127.0	2140.0	3483.0	11247.0	39.0	47.0	30.0	37.0	10.0	9.0	13.0	7.0	12.0	10.0	7.0	19.00.0	0.0	0.0	0.0	3.0	0.0	0.0	0.0	0.0
	3p	-	40	3355.0	2037.0	2021.0	3390.0	10803.0	34.0	30.0	45.0	32.0	8.0	11.0	9.0	10.0	6.0	5.0	8.0	14.00.0	0.0	0.0	0.0	4.0	0.0	0.0	2.0	0.0
	3p	-	41	3176.0	2003.0	1979.0	3186.0	10344.0	35.0	38.0	21.0	26.0	6.0	19.0	7.0	12.0	7.0	9.0	9.0	14.00.0	0.0	0.0	0.0	1.0	0.0	1.0	1.0	0.0
	3p	-	42	3045.0	1875.0	1766.0	3201.0	9887.0	23.0	32.0	26.0	27.0	15.0	11.0	3.0	10.0	9.0	5.0	6.0	16.00.0	0.0	0.0	0.0	1.0	0.0	1.0	3.0	0.0
	3p	-	43	3033.0	1756.0	1781.0	2919.0	9489.0	35.0	35.0	35.0	20.0	8.0	8.0	6.0	15.0	4.0	8.0	4.0	20.00.0	0.0	0.0	0.0	2.0	0.0	2.0	1.0	0.0
	3p	-	44	2864.0	1713.0	1644.0	2842.0	9063.0	25.0	42.0	19.0	23.0	9.0	7.0	9.0	4.0	2.0	11.0	8.0	12.00.0	0.0	0.0	0.0	2.0	0.0	1.0	1.0	0.0
	3p	-	45	2759.0	1628.0	1601.0	2693.0	8681.0	39.0	21.0	30.0	21.0	11.0	5.0	4.0	12.0	6.0	10.0	7.0	7.00.0	0.0	0.0	0.0	2.0	0.0	0.0	0.0	0.0
	3p	-	46	2649.0	1566.0	1521.0	2540.0	8276.0	25.0	26.0	27.0	28.0	9.0	4.0	7.0	8.0	9.0	7.0	6.0	7.00.0	0.0	0.0	0.0	1.0	0.0	0.0	1.0	0.0
	3p	-	47	2442.0	1548.0	1489.0	2389.0	7868.0	25.0	28.0	16.0	24.0	7.0	6.0	10.0	10.0	5.0	5.0	5.0	16.00.0	0.0	0.0	0.0	3.0	0.0	2.0	1.0	0.0
	3p	-	48	2315.0	1421.0	1429.0	2349.0	7514.0	24.0	35.0	25.0	16.0	6.0	3.0	5.0	3.0	12.0	6.0	4.0	14.00.0	0.0	0.0	0.0	1.0	0.0	1.0	0.0	0.0
	3p	-	49	2187.0	1404.0	1346.0	2214.0	7151.0	25.0	35.0	23.0	15.0	3.0	4.0	4.0	7.0	7.0	11.0	7.0	9.00.0	0.0	0.0	0.0	1.0	0.0	1.0	0.0	0.0
	3p	-	50	2137.0	1277.0	1256.0	2105.0	6775.0	24.0	25.0	19.0	22.0	3.0	5.0	3.0	5.0	5.0	5.0	7.0	8.00.0	0.0	0.0	0.0	3.0	0.0	1.0	0.0	0.0
	3p	-	51	2006.0	1168.0	1223.0	2023.0	6420.0	19.0	28.0	17.0	22.0	11.0	7.0	2.0	9.0	5.0	3.0	3.0	9.00.0	0.0	0.0	0.0	2.0	0.0	1.0	0.0	0.0
	3p	-	52	1894.0	1146.0	1097.0	1915.0	6052.0	24.0	24.0	26.0	23.0	6.0	2.0	3.0	4.0	11.0	5.0	1.0	6.00.0	0.0	0.0	0.0	1.0	0.0	0.0	1.0	0.0
	3p	-	53	1821.0	1071.0	1057.0	1759.0	5708.0	22.0	19.0	18.0	8.0	4.0	5.0	5.0	5.0	3.0	4.0	6.0	7.00.0	0.0	0.0	0.0	1.0	0.0	0.0	1.0	0.0
	3p	-	54	1732.0	970.0	1009.0	1683.0	5394.0	24.0	21.0	16.0	10.0	4.0	4.0	3.0	10.0	10.0	4.0	3.0	6.00.0	0.0	0.0	0.0	0.0	0.0	0.0	2.0	0.0
	3p	-	55	1625.0	945.0	970.0	1546.0	5086.0	21.0	18.0	21.0	15.0	4.0	3.0	4.0	7.0	4.0	5.0	2.0	7.00.0	0.0	0.0	0.0	2.0	0.0	0.0	1.0	0.0
	3p	-	56	1550.0	866.0	869.0	1525.0	4810.0	17.0	10.0	9.0	9.0	4.0	6.0	6.0	5.0	2.0	5.0	3.0	4.00.0	0.0	0.0	0.0	0.0	0.0	0.0	0.0	0.0
	3p	-	57	1411.0	857.0	797.0	1471.0	4536.0	19.0	23.0	16.0	21.0	2.0	2.0	4.0	4.0	6.0	4.0	0.0	5.00.0	0.0	0.0	0.0	0.0	0.0	0.0	0.0	0.0
	3p	-	58	1310.0	804.0	788.0	1368.0	4270.0	14.0	12.0	11.0	12.0	3.0	3.0	1.0	6.0	4.0	4.0	4.0	9.00.0	0.0	0.0	0.0	0.0	0.0	0.0	0.0	0.0
	3p	-	59	1220.0	794.0	759.0	1266.0	4039.0	10.0	15.0	13.0	18.0	1.0	7.0	1.0	4.0	6.0	2.0	2.0	10.00.0	0.0	0.0	0.0	0.0	0.0	0.0	0.0	0.0
	3p	-	60	1179.0	713.0	723.0	1196.0	3811.0	16.0	11.0	10.0	15.0	4.0	1.0	2.0	3.0	4.0	4.0	4.0	6.00.0	0.0	0.0	0.0	1.0	0.0	0.0	0.0	0.0
	3p	-	61	1090.0	634.0	660.0	1170.0	3554.0	15.0	16.0	15.0	7.0	0.0	0.0	1.0	5.0	4.0	2.0	3.0	4.00.0	0.0	0.0	0.0	1.0	0.0	1.0	0.0	0.0
	3p	-	62	1018.0	579.0	601.0	1129.0	3327.0	14.0	14.0	9.0	11.0	3.0	4.0	1.0	4.0	3.0	8.0	4.0	3.00.0	0.0	0.0	0.0	1.0	0.0	0.0	0.0	0.0
	3p	-	63	971.0	585.0	588.0	965.0	3109.0	6.0	8.0	3.0	12.0	3.0	4.0	1.0	3.0	3.0	4.0	4.0	3.00.0	0.0	0.0	0.0	1.0	0.0	0.0	0.0	0.0
	3p	-	64	903.0	511.0	560.0	919.0	2893.0	10.0	11.0	6.0	4.0	4.0	2.0	0.0	3.0	3.0	5.0	4.0	2.00.0	0.0	0.0	0.0	0.0	0.0	1.0	0.0	0.0
	3p	-	65	881.0	518.0	464.0	840.0	2703.0	6.0	8.0	5.0	5.0	3.0	1.0	2.0	7.0	2.0	1.0	2.0	5.00.0	0.0	0.0	0.0	0.0	0.0	0.0	0.0	0.0
	3p	-	66	774.0	506.0	462.0	789.0	2531.0	11.0	9.0	10.0	6.0	0.0	2.0	1.0	1.0	3.0	2.0	2.0	3.00.0	0.0	0.0	0.0	0.0	0.0	0.0	0.0	0.0
	3p	-	67	758.0	431.0	407.0	752.0	2348.0	6.0	7.0	9.0	4.0	2.0	1.0	3.0	0.0	2.0	3.0	2.0	4.00.0	0.0	0.0	0.0	0.0	0.0	0.0	0.0	0.0
	3p	-	68	658.0	433.0	424.0	673.0	2188.0	9.0	12.0	2.0	9.0	0.0	2.0	2.0	1.0	2.0	5.0	1.0	4.00.0	0.0	0.0	0.0	0.0	0.0	0.0	0.0	0.0
	3p	-	69	626.0	369.0	385.0	661.0	2041.0	6.0	11.0	4.0	6.0	2.0	1.0	0.0	1.0	2.0	0.0	0.0	3.00.0	0.0	0.0	0.0	0.0	0.0	0.0	0.0	0.0
	3p	-	70	586.0	314.0	340.0	657.0	1897.0	8.0	3.0	6.0	7.0	0.0	3.0	2.0	0.0	1.0	2.0	2.0	0.00.0	0.0	0.0	0.0	0.0	0.0	0.0	0.0	0.0
	3p	-	71	583.0	327.0	326.0	529.0	1765.0	6.0	6.0	1.0	6.0	0.0	1.0	2.0	3.0	0.0	2.0	0.0	1.00.0	0.0	0.0	0.0	0.0	0.0	1.0	0.0	0.0
	3p	-	72	524.0	298.0	280.0	523.0	1625.0	6.0	3.0	6.0	5.0	1.0	2.0	0.0	2.0	2.0	0.0	1.0	2.00.0	0.0	0.0	0.0	0.0	0.0	0.0	0.0	0.0
	3p	-	73	475.0	270.0	275.0	458.0	1478.0	3.0	4.0	5.0	5.0	1.0	3.0	1.0	1.0	1.0	2.0	1.0	1.00.0	0.0	0.0	0.0	0.0	0.0	0.0	0.0	0.0
	3p	-	74	432.0	259.0	242.0	430.0	1363.0	1.0	5.0	6.0	11.0	0.0	1.0	2.0	0.0	0.0	0.0	0.0	1.00.0	0.0	0.0	0.0	0.0	0.0	0.0	0.0	0.0
	3p	-	75	387.0	225.0	240.0	397.0	1249.0	3.0	4.0	3.0	5.0	1.0	1.0	1.0	3.0	1.0	0.0	0.0	1.00.0	0.0	0.0	0.0	0.0	0.0	0.0	0.0	0.0
	3p	-	76	355.0	220.0	227.0	341.0	1143.0	8.0	3.0	7.0	2.0	0.0	1.0	0.0	0.0	2.0	0.0	0.0	1.00.0	0.0	0.0	0.0	0.0	0.0	0.0	0.0	0.0
	3p	-	77	313.0	193.0	202.0	330.0	1038.0	7.0	3.0	3.0	3.0	1.0	0.0	0.0	0.0	1.0	2.0	0.0	0.00.0	0.0	0.0	0.0	0.0	0.0	0.0	0.0	0.0
	3p	-	78	282.0	189.0	162.0	296.0	929.0	7.0	5.0	4.0	2.0	2.0	1.0	0.0	0.0	2.0	0.0	2.0	1.00.0	0.0	0.0	0.0	0.0	0.0	0.0	0.0	0.0
	3p	-	79	266.0	148.0	162.0	253.0	829.0	1.0	5.0	2.0	3.0	1.0	0.0	0.0	2.0	1.0	2.0	0.0	1.00.0	0.0	0.0	0.0	0.0	0.0	0.0	0.0	0.0
	3p	-	80	237.0	133.0	130.0	243.0	743.0	1.0	4.0	3.0	1.0	0.0	0.0	0.0	0.0	0.0	0.0	1.0	1.00.0	0.0	0.0	0.0	0.0	0.0	0.0	0.0	0.0
	3p	-	81	232.0	108.0	115.0	203.0	658.0	5.0	3.0	1.0	0.0	1.0	0.0	0.0	2.0	1.0	0.0	0.0	1.00.0	0.0	0.0	0.0	0.0	0.0	0.0	0.0	0.0
	3p	-	82	204.0	97.0	102.0	170.0	573.0	2.0	1.0	3.0	3.0	1.0	1.0	0.0	1.0	0.0	0.0	2.0	0.00.0	0.0	0.0	0.0	0.0	0.0	0.0	0.0	0.0
	3p	-	83	147.0	104.0	86.0	162.0	499.0	3.0	1.0	4.0	1.0	2.0	0.0	0.0	3.0	0.0	3.0	1.0	0.00.0	0.0	0.0	0.0	0.0	0.0	0.0	0.0	0.0
	3p	-	84	141.0	90.0	79.0	123.0	433.0	0.0	1.0	2.0	2.0	0.0	3.0	1.0	0.0	0.0	0.0	0.0	2.00.0	0.0	0.0	0.0	0.0	0.0	0.0	0.0	0.0
	3p	-	85	97.0	59.0	83.0	121.0	360.0	1.0	0.0	1.0	2.0	0.0	0.0	0.0	0.0	0.0	1.0	0.0	0.00.0	0.0	0.0	0.0	0.0	0.0	0.0	0.0	0.0
	3p	-	86	91.0	60.0	61.0	100.0	312.0	1.0	1.0	0.0	1.0	0.0	0.0	0.0	1.0	1.0	1.0	0.0	1.00.0	0.0	0.0	0.0	0.0	0.0	0.0	0.0	0.0
	3p	-	87	88.0	39.0	34.0	86.0	247.0	0.0	0.0	1.0	1.0	0.0	0.0	0.0	0.0	1.0	2.0	0.0	1.00.0	0.0	0.0	0.0	0.0	0.0	0.0	0.0	0.0
	3p	-	88	49.0	34.0	44.0	51.0	178.0	1.0	0.0	0.0	1.0	0.0	0.0	0.0	0.0	0.0	0.0	0.0	0.00.0	0.0	0.0	0.0	0.0	0.0	0.0	0.0	0.0
	3p	-	89	43.0	18.0	27.0	42.0	130.0	0.0	2.0	0.0	0.0	1.0	0.0	0.0	0.0	0.0	0.0	0.0	0.00.0	0.0	0.0	0.0	0.0	0.0	0.0	0.0	0.0
	3p	-	90	26.0	11.0	19.0	30.0	86.0	0.0	0.0	0.0	1.0	0.0	0.0	0.0	1.0	0.0	0.0	0.0	0.00.0	0.0	0.0	0.0	0.0	0.0	0.0	0.0	0.0
	3p	-	91	16.0	7.0	7.0	9.0	39.0	0.0	0.0	0.0	0.0	0.0	0.0	0.0	0.0	0.0	0.0	0.0	0.00.0	0.0	0.0	0.0	0.0	0.0	0.0	0.0	0.0
	3p	-	92	0.0	0.0	0.0	0.0	0.0	0.0	0.0	0.0	0.0	0.0	0.0	0.0	0.0	0.0	0.0	0.0	0.00.0	0.0	0.0	0.0	0.0	0.0	0.0	0.0	0.0
	3p	-	93	0.0	0.0	0.0	0.0	0.0	0.0	0.0	0.0	0.0	0.0	0.0	0.0	0.0	0.0	0.0	0.0	0.00.0	0.0	0.0	0.0	0.0	0.0	0.0	0.0	0.0
	3p	-	94	0.0	0.0	0.0	0.0	0.0	0.0	0.0	0.0	0.0	0.0	0.0	0.0	0.0	0.0	0.0	0.0	0.00.0	0.0	0.0	0.0	0.0	0.0	0.0	0.0	0.0
	3p	-	95	0.0	0.0	0.0	0.0	0.0	0.0	0.0	0.0	0.0	0.0	0.0	0.0	0.0	0.0	0.0	0.0	0.00.0	0.0	0.0	0.0	0.0	0.0	0.0	0.0	0.0
	3p	-	96	0.0	0.0	0.0	0.0	0.0	0.0	0.0	0.0	0.0	0.0	0.0	0.0	0.0	0.0	0.0	0.0	0.00.0	0.0	0.0	0.0	0.0	0.0	0.0	0.0	0.0
	3p	-	97	0.0	0.0	0.0	0.0	0.0	0.0	0.0	0.0	0.0	0.0	0.0	0.0	0.0	0.0	0.0	0.0	0.00.0	0.0	0.0	0.0	0.0	0.0	0.0	0.0	0.0
	3p	-	98	0.0	0.0	0.0	0.0	0.0	0.0	0.0	0.0	0.0	0.0	0.0	0.0	0.0	0.0	0.0	0.0	0.00.0	0.0	0.0	0.0	0.0	0.0	0.0	0.0	0.0
	3p	-	99	0.0	0.0	0.0	0.0	0.0	0.0	0.0	0.0	0.0	0.0	0.0	0.0	0.0	0.0	0.0	0.0	0.00.0	0.0	0.0	0.0	0.0	0.0	0.0	0.0	0.0
	3p	-	100	0.0	0.0	0.0	0.0	0.0	0.0	0.0	0.0	0.0	0.0	0.0	0.0	0.0	0.0	0.0	0.0	0.00.0	0.0	0.0	0.0	0.0	0.0	0.0	0.0	0.0
	5p	+	1	4974.0	3102.0	2437.0	4726.0	15239.0	64.0	115.0	58.0	54.0	20.0	28.0	13.0	30.0	16.0	22.0	11.0	21.00.0	0.0	0.0	0.0	0.0	0.0	0.0	0.0	0.0
	5p	+	2	4647.0	2558.0	3131.0	4902.0	15238.0	59.0	61.0	73.0	51.0	25.0	19.0	18.0	15.0	21.0	33.0	12.0	29.00.0	0.0	0.0	0.0	0.0	0.0	1.0	0.0	0.0
	5p	+	3	4716.0	3056.0	3054.0	4407.0	15233.0	48.0	74.0	58.0	46.0	6.0	14.0	9.0	17.0	12.0	14.0	13.0	20.00.0	0.0	0.0	0.0	1.0	0.0	3.0	0.0	0.0
	5p	+	4	4593.0	3149.0	3027.0	4459.0	15228.0	58.0	52.0	48.0	63.0	19.0	9.0	12.0	17.0	7.0	6.0	8.0	23.00.0	0.0	0.0	0.0	4.0	0.0	2.0	0.0	0.0
	5p	+	5	4736.0	3067.0	2927.0	4494.0	15224.0	46.0	42.0	57.0	59.0	22.0	22.0	5.0	14.0	18.0	10.0	16.0	20.00.0	0.0	0.0	0.0	2.0	0.0	4.0	6.0	0.0
	5p	+	6	4546.0	3048.0	3002.0	4624.0	15220.0	44.0	53.0	41.0	54.0	10.0	13.0	13.0	11.0	16.0	14.0	9.0	18.00.0	0.0	0.0	0.0	8.0	0.0	6.0	3.0	0.0
	5p	+	7	4837.0	2924.0	3035.0	4420.0	15216.0	49.0	51.0	44.0	38.0	14.0	9.0	5.0	16.0	12.0	17.0	14.0	12.00.0	0.0	0.0	0.0	8.0	0.0	5.0	5.0	0.0
	5p	+	8	5018.0	2943.0	2768.0	4484.0	15213.0	60.0	47.0	45.0	44.0	10.0	10.0	7.0	12.0	14.0	6.0	10.0	24.00.0	0.0	0.0	0.0	10.0	0.0	5.0	6.0	0.0
	5p	+	9	4994.0	2875.0	2637.0	4704.0	15210.0	48.0	53.0	51.0	33.0	17.0	10.0	8.0	14.0	10.0	12.0	13.0	19.00.0	0.0	0.0	0.0	9.0	0.0	6.0	6.0	0.0
	5p	+	10	4720.0	2941.0	2838.0	4707.0	15206.0	44.0	49.0	34.0	41.0	21.0	7.0	10.0	13.0	12.0	15.0	11.0	22.00.0	0.0	0.0	0.0	11.0	0.0	8.0	7.0	0.0
	5p	+	11	4674.0	2957.0	2761.0	4816.0	15208.0	37.0	54.0	58.0	56.0	12.0	10.0	7.0	12.0	21.0	10.0	9.0	36.00.0	0.0	0.0	0.0	12.0	0.0	3.0	10.0	0.0
	5p	+	12	4699.0	2970.0	2823.0	4724.0	15216.0	49.0	64.0	34.0	47.0	14.0	8.0	5.0	16.0	13.0	14.0	13.0	14.00.0	0.0	0.0	0.0	7.0	0.0	11.0	1.0	0.0
	5p	+	13	4733.0	2972.0	2834.0	4668.0	15207.0	44.0	43.0	46.0	41.0	12.0	9.0	12.0	11.0	18.0	15.0	14.0	25.00.0	0.0	0.0	0.0	8.0	0.0	11.0	2.0	0.0
	5p	+	14	4726.0	3026.0	2790.0	4673.0	15215.0	51.0	52.0	46.0	50.0	15.0	8.0	7.0	14.0	12.0	9.0	12.0	19.00.0	0.0	0.0	0.0	5.0	0.0	2.0	6.0	0.0
	5p	+	15	4824.0	3003.0	2781.0	4604.0	15212.0	46.0	52.0	66.0	43.0	16.0	14.0	12.0	21.0	12.0	7.0	8.0	31.00.0	0.0	0.0	0.0	11.0	0.0	6.0	2.0	0.0
	5p	+	16	4797.0	2958.0	2880.0	4579.0	15214.0	47.0	54.0	36.0	49.0	15.0	13.0	7.0	11.0	14.0	13.0	11.0	32.00.0	0.0	0.0	0.0	15.0	0.0	3.0	4.0	0.0
	5p	+	17	4846.0	2982.0	2914.0	4474.0	15216.0	43.0	54.0	42.0	35.0	11.0	7.0	12.0	12.0	9.0	10.0	8.0	27.00.0	0.0	0.0	0.0	9.0	0.0	6.0	3.0	0.0
	5p	+	18	4699.0	3048.0	2816.0	4651.0	15214.0	57.0	50.0	43.0	48.0	17.0	10.0	8.0	11.0	13.0	11.0	15.0	23.00.0	0.0	0.0	0.0	9.0	0.0	1.0	9.0	0.0
	5p	+	19	4840.0	2906.0	2782.0	4688.0	15216.0	53.0	52.0	46.0	42.0	10.0	12.0	11.0	12.0	14.0	13.0	8.0	33.00.0	0.0	0.0	0.0	8.0	0.0	4.0	5.0	0.0
	5p	+	20	4717.0	3012.0	2800.0	4691.0	15220.0	55.0	48.0	34.0	40.0	11.0	12.0	5.0	14.0	14.0	16.0	15.0	15.00.0	0.0	0.0	0.0	6.0	0.0	3.0	5.0	0.0
	5p	+	21	4821.0	2940.0	2729.0	4728.0	15218.0	62.0	64.0	48.0	48.0	17.0	17.0	7.0	17.0	15.0	8.0	8.0	20.00.0	0.0	0.0	0.0	8.0	0.0	5.0	5.0	0.0
	5p	+	22	4827.0	2951.0	2843.0	4605.0	15226.0	52.0	61.0	43.0	48.0	15.0	14.0	6.0	8.0	13.0	7.0	10.0	24.00.0	0.0	0.0	0.0	6.0	0.0	3.0	1.0	0.0
	5p	+	23	4826.0	2906.0	2834.0	4651.0	15217.0	50.0	53.0	42.0	45.0	20.0	15.0	9.0	12.0	11.0	9.0	15.0	18.00.0	0.0	0.0	0.0	8.0	0.0	8.0	4.0	0.0
	5p	+	24	4740.0	2986.0	2825.0	4670.0	15221.0	57.0	47.0	45.0	37.0	15.0	9.0	14.0	9.0	12.0	18.0	8.0	28.00.0	0.0	0.0	0.0	7.0	0.0	5.0	5.0	0.0
	5p	+	25	4866.0	2916.0	2775.0	4669.0	15226.0	43.0	47.0	45.0	55.0	15.0	9.0	11.0	10.0	18.0	11.0	9.0	14.00.0	0.0	0.0	0.0	6.0	0.0	2.0	4.0	0.0
	5p	+	26	4872.0	3016.0	2753.0	4587.0	15228.0	55.0	51.0	52.0	57.0	16.0	11.0	8.0	10.0	16.0	16.0	6.0	20.00.0	0.0	0.0	0.0	3.0	0.0	5.0	1.0	0.0
	5p	+	27	4960.0	2842.0	2778.0	4645.0	15225.0	49.0	58.0	47.0	50.0	12.0	15.0	5.0	22.0	12.0	8.0	15.0	36.00.0	0.0	0.0	0.0	3.0	0.0	3.0	3.0	0.0
	5p	+	28	4887.0	2966.0	2734.0	4647.0	15234.0	47.0	61.0	57.0	39.0	9.0	10.0	8.0	14.0	9.0	17.0	15.0	32.00.0	0.0	0.0	0.0	2.0	0.0	2.0	2.0	0.0
	5p	+	29	4939.0	2981.0	2720.0	4589.0	15229.0	51.0	43.0	56.0	32.0	21.0	13.0	9.0	15.0	11.0	14.0	11.0	13.00.0	0.0	0.0	0.0	5.0	0.0	1.0	2.0	0.0
	5p	+	30	4930.0	2901.0	2748.0	4648.0	15227.0	43.0	51.0	34.0	52.0	16.0	19.0	12.0	20.0	10.0	14.0	14.0	20.00.0	0.0	0.0	0.0	5.0	0.0	3.0	1.0	0.0
	5p	+	31	4634.0	2881.0	2661.0	4599.0	14775.0	61.0	72.0	34.0	51.0	11.0	10.0	7.0	16.0	11.0	9.0	5.0	29.00.0	0.0	0.0	0.0	6.0	0.0	1.0	2.0	0.0
	5p	+	32	4609.0	2857.0	2610.0	4280.0	14356.0	41.0	62.0	31.0	42.0	6.0	17.0	11.0	14.0	10.0	9.0	10.0	17.00.0	0.0	0.0	0.0	5.0	0.0	1.0	1.0	0.0
	5p	+	33	4564.0	2716.0	2472.0	4207.0	13959.0	49.0	53.0	37.0	38.0	8.0	12.0	7.0	10.0	14.0	10.0	10.0	14.00.0	0.0	0.0	0.0	5.0	0.0	1.0	5.0	0.0
	5p	+	34	4419.0	2666.0	2421.0	4072.0	13578.0	35.0	65.0	40.0	51.0	9.0	11.0	8.0	15.0	8.0	5.0	7.0	15.00.0	0.0	0.0	0.0	7.0	0.0	4.0	0.0	0.0
	5p	+	35	4285.0	2522.0	2301.0	4047.0	13155.0	44.0	66.0	38.0	31.0	14.0	13.0	9.0	14.0	11.0	8.0	9.0	22.00.0	0.0	0.0	0.0	7.0	0.0	2.0	2.0	0.0
	5p	+	36	4184.0	2333.0	2308.0	3940.0	12765.0	39.0	60.0	37.0	37.0	11.0	15.0	5.0	11.0	6.0	10.0	8.0	27.00.0	0.0	0.0	0.0	6.0	0.0	0.0	0.0	0.0
	5p	+	37	4016.0	2402.0	2198.0	3714.0	12330.0	35.0	54.0	39.0	30.0	11.0	5.0	11.0	14.0	12.0	15.0	11.0	19.00.0	0.0	0.0	0.0	2.0	0.0	1.0	2.0	0.0
	5p	+	38	4036.0	2226.0	2004.0	3666.0	11932.0	41.0	49.0	35.0	37.0	7.0	9.0	8.0	9.0	13.0	8.0	4.0	20.00.0	0.0	0.0	0.0	1.0	0.0	1.0	1.0	0.0
	5p	+	39	3787.0	2176.0	2032.0	3502.0	11497.0	37.0	54.0	38.0	30.0	12.0	12.0	5.0	12.0	6.0	14.0	8.0	20.00.0	0.0	0.0	0.0	7.0	0.0	1.0	1.0	0.0
	5p	+	40	3596.0	2066.0	1976.0	3432.0	11070.0	33.0	51.0	29.0	32.0	10.0	15.0	10.0	9.0	4.0	12.0	4.0	13.00.0	0.0	0.0	0.0	6.0	0.0	3.0	3.0	0.0
	5p	+	41	3525.0	2022.0	1897.0	3238.0	10682.0	41.0	53.0	29.0	30.0	13.0	7.0	5.0	12.0	6.0	16.0	9.0	16.00.0	0.0	0.0	0.0	1.0	0.0	1.0	0.0	0.0
	5p	+	42	3349.0	1896.0	1751.0	3217.0	10213.0	37.0	46.0	33.0	33.0	8.0	8.0	3.0	8.0	9.0	7.0	8.0	8.00.0	0.0	0.0	0.0	4.0	0.0	1.0	0.0	0.0
	5p	+	43	3178.0	1806.0	1802.0	3038.0	9824.0	49.0	58.0	25.0	18.0	7.0	14.0	8.0	9.0	5.0	9.0	3.0	14.00.0	0.0	0.0	0.0	2.0	0.0	1.0	2.0	0.0
	5p	+	44	3123.0	1742.0	1674.0	2834.0	9373.0	26.0	57.0	23.0	40.0	7.0	12.0	6.0	10.0	5.0	6.0	4.0	10.00.0	0.0	0.0	0.0	2.0	0.0	0.0	2.0	0.0
	5p	+	45	2990.0	1667.0	1569.0	2705.0	8931.0	23.0	37.0	27.0	25.0	6.0	8.0	3.0	12.0	14.0	10.0	10.0	11.00.0	0.0	0.0	0.0	1.0	0.0	1.0	1.0	0.0
	5p	+	46	2819.0	1647.0	1504.0	2565.0	8535.0	35.0	46.0	27.0	25.0	7.0	11.0	1.0	8.0	10.0	8.0	4.0	13.00.0	0.0	0.0	0.0	1.0	0.0	1.0	1.0	0.0
	5p	+	47	2684.0	1452.0	1471.0	2538.0	8145.0	25.0	39.0	20.0	19.0	7.0	7.0	4.0	8.0	6.0	11.0	9.0	10.00.0	0.0	0.0	0.0	2.0	0.0	1.0	0.0	0.0
	5p	+	48	2664.0	1417.0	1338.0	2338.0	7757.0	29.0	39.0	27.0	22.0	5.0	5.0	6.0	12.0	3.0	9.0	10.0	11.00.0	0.0	0.0	0.0	1.0	0.0	0.0	1.0	0.0
	5p	+	49	2446.0	1369.0	1307.0	2249.0	7371.0	20.0	28.0	25.0	18.0	8.0	5.0	2.0	10.0	4.0	5.0	5.0	12.00.0	0.0	0.0	0.0	0.0	0.0	1.0	1.0	0.0
	5p	+	50	2322.0	1258.0	1192.0	2238.0	7010.0	20.0	29.0	20.0	25.0	4.0	6.0	4.0	12.0	9.0	6.0	5.0	6.00.0	0.0	0.0	0.0	0.0	0.0	0.0	2.0	0.0
	5p	+	51	2244.0	1213.0	1188.0	2017.0	6662.0	22.0	38.0	18.0	29.0	8.0	7.0	2.0	5.0	4.0	7.0	6.0	9.00.0	0.0	0.0	0.0	2.0	0.0	0.0	2.0	0.0
	5p	+	52	2073.0	1223.0	1126.0	1905.0	6327.0	25.0	39.0	22.0	24.0	8.0	8.0	3.0	10.0	3.0	3.0	5.0	6.00.0	0.0	0.0	0.0	2.0	0.0	1.0	0.0	0.0
	5p	+	53	1973.0	1080.0	1081.0	1842.0	5976.0	26.0	35.0	10.0	21.0	5.0	4.0	7.0	5.0	4.0	3.0	1.0	11.00.0	0.0	0.0	0.0	2.0	0.0	0.0	1.0	0.0
	5p	+	54	1914.0	1023.0	1028.0	1702.0	5667.0	25.0	35.0	20.0	13.0	6.0	8.0	1.0	3.0	6.0	1.0	3.0	5.00.0	0.0	0.0	0.0	1.0	0.0	1.0	0.0	0.0
	5p	+	55	1766.0	968.0	958.0	1649.0	5341.0	16.0	22.0	19.0	17.0	6.0	8.0	1.0	6.0	6.0	6.0	5.0	9.00.0	0.0	0.0	0.0	2.0	0.0	0.0	0.0	0.0
	5p	+	56	1699.0	895.0	863.0	1566.0	5023.0	21.0	24.0	15.0	11.0	8.0	7.0	0.0	10.0	8.0	4.0	3.0	10.00.0	0.0	0.0	0.0	1.0	0.0	1.0	1.0	0.0
	5p	+	57	1592.0	899.0	821.0	1439.0	4751.0	17.0	20.0	18.0	16.0	1.0	8.0	2.0	3.0	4.0	3.0	2.0	5.00.0	0.0	0.0	0.0	2.0	0.0	2.0	0.0	0.0
	5p	+	58	1483.0	863.0	775.0	1382.0	4503.0	14.0	35.0	16.0	12.0	2.0	5.0	2.0	4.0	3.0	1.0	1.0	12.00.0	0.0	0.0	0.0	1.0	0.0	0.0	2.0	0.0
	5p	+	59	1397.0	768.0	768.0	1299.0	4232.0	26.0	25.0	14.0	11.0	5.0	4.0	0.0	3.0	5.0	7.0	2.0	3.00.0	0.0	0.0	0.0	1.0	0.0	0.0	1.0	0.0
	5p	+	60	1360.0	676.0	712.0	1211.0	3959.0	14.0	28.0	14.0	10.0	2.0	6.0	1.0	4.0	1.0	2.0	3.0	10.00.0	0.0	0.0	0.0	0.0	0.0	1.0	0.0	0.0
	5p	+	61	1239.0	706.0	668.0	1109.0	3722.0	19.0	27.0	12.0	14.0	3.0	3.0	2.0	6.0	3.0	4.0	0.0	9.00.0	0.0	0.0	0.0	2.0	0.0	2.0	1.0	0.0
	5p	+	62	1150.0	628.0	613.0	1085.0	3476.0	11.0	22.0	6.0	12.0	4.0	3.0	3.0	5.0	4.0	4.0	5.0	9.00.0	0.0	0.0	0.0	0.0	0.0	2.0	2.0	0.0
	5p	+	63	1061.0	617.0	558.0	988.0	3224.0	18.0	11.0	8.0	7.0	4.0	6.0	1.0	3.0	5.0	4.0	2.0	5.00.0	0.0	0.0	0.0	4.0	0.0	0.0	0.0	0.0
	5p	+	64	1017.0	551.0	511.0	951.0	3030.0	9.0	14.0	11.0	3.0	3.0	4.0	1.0	5.0	6.0	4.0	2.0	2.00.0	0.0	0.0	0.0	1.0	0.0	0.0	0.0	0.0
	5p	+	65	960.0	533.0	465.0	888.0	2846.0	6.0	18.0	8.0	7.0	6.0	6.0	3.0	1.0	1.0	0.0	2.0	2.00.0	0.0	0.0	0.0	0.0	0.0	0.0	0.0	0.0
	5p	+	66	877.0	534.0	475.0	781.0	2667.0	13.0	17.0	7.0	4.0	2.0	3.0	1.0	2.0	1.0	2.0	2.0	3.00.0	0.0	0.0	0.0	1.0	0.0	1.0	1.0	0.0
	5p	+	67	810.0	452.0	472.0	744.0	2478.0	6.0	12.0	2.0	4.0	4.0	6.0	0.0	0.0	1.0	1.0	0.0	4.00.0	0.0	0.0	0.0	0.0	0.0	1.0	0.0	0.0
	5p	+	68	761.0	411.0	410.0	710.0	2292.0	10.0	13.0	5.0	10.0	1.0	4.0	1.0	3.0	1.0	2.0	4.0	1.00.0	0.0	0.0	0.0	0.0	0.0	0.0	1.0	0.0
	5p	+	69	721.0	388.0	351.0	671.0	2131.0	6.0	11.0	6.0	6.0	4.0	2.0	4.0	2.0	2.0	2.0	1.0	2.00.0	0.0	0.0	0.0	1.0	0.0	0.0	0.0	0.0
	5p	+	70	660.0	357.0	351.0	609.0	1977.0	5.0	8.0	5.0	6.0	2.0	6.0	0.0	2.0	2.0	3.0	3.0	7.00.0	0.0	0.0	0.0	0.0	0.0	0.0	0.0	0.0
	5p	+	71	645.0	299.0	308.0	570.0	1822.0	9.0	12.0	7.0	8.0	1.0	5.0	0.0	0.0	1.0	4.0	1.0	3.00.0	0.0	0.0	0.0	0.0	0.0	0.0	0.0	0.0
	5p	+	72	591.0	301.0	284.0	501.0	1677.0	5.0	9.0	4.0	1.0	2.0	2.0	0.0	2.0	1.0	0.0	3.0	3.00.0	0.0	0.0	0.0	0.0	0.0	0.0	0.0	0.0
	5p	+	73	529.0	269.0	253.0	453.0	1504.0	8.0	13.0	6.0	8.0	4.0	6.0	0.0	0.0	2.0	1.0	0.0	3.00.0	0.0	0.0	0.0	1.0	0.0	0.0	2.0	0.0
	5p	+	74	478.0	243.0	247.0	398.0	1366.0	5.0	6.0	4.0	3.0	1.0	3.0	0.0	4.0	0.0	3.0	0.0	1.00.0	0.0	0.0	0.0	0.0	0.0	0.0	0.0	0.0
	5p	+	75	459.0	236.0	210.0	356.0	1261.0	3.0	11.0	8.0	1.0	1.0	2.0	3.0	3.0	1.0	2.0	0.0	3.00.0	0.0	0.0	0.0	0.0	0.0	0.0	0.0	0.0
	5p	+	76	394.0	213.0	194.0	366.0	1167.0	3.0	7.0	3.0	1.0	2.0	1.0	1.0	2.0	1.0	0.0	4.0	4.00.0	0.0	0.0	0.0	0.0	0.0	0.0	0.0	0.0
	5p	+	77	335.0	209.0	190.0	340.0	1074.0	6.0	6.0	4.0	5.0	0.0	2.0	0.0	1.0	1.0	1.0	1.0	0.00.0	0.0	0.0	0.0	0.0	0.0	0.0	0.0	0.0
	5p	+	78	328.0	175.0	158.0	303.0	964.0	7.0	4.0	1.0	2.0	0.0	2.0	2.0	2.0	1.0	0.0	0.0	3.00.0	0.0	0.0	0.0	0.0	0.0	0.0	0.0	0.0
	5p	+	79	277.0	165.0	143.0	267.0	852.0	3.0	9.0	4.0	4.0	1.0	0.0	1.0	0.0	1.0	1.0	0.0	1.00.0	0.0	0.0	0.0	0.0	0.0	0.0	0.0	0.0
	5p	+	80	265.0	126.0	104.0	255.0	750.0	3.0	5.0	2.0	1.0	0.0	0.0	1.0	1.0	2.0	2.0	0.0	0.00.0	0.0	0.0	0.0	0.0	0.0	0.0	0.0	0.0
	5p	+	81	228.0	127.0	113.0	192.0	660.0	2.0	6.0	1.0	0.0	0.0	4.0	0.0	0.0	2.0	1.0	0.0	0.00.0	0.0	0.0	0.0	0.0	0.0	0.0	0.0	0.0
	5p	+	82	222.0	99.0	105.0	166.0	592.0	3.0	4.0	3.0	2.0	0.0	1.0	0.0	0.0	2.0	0.0	1.0	0.00.0	0.0	0.0	0.0	0.0	0.0	0.0	0.0	0.0
	5p	+	83	167.0	85.0	110.0	152.0	514.0	5.0	5.0	1.0	2.0	1.0	1.0	0.0	1.0	0.0	2.0	0.0	3.00.0	0.0	0.0	0.0	0.0	0.0	0.0	0.0	0.0
	5p	+	84	174.0	86.0	66.0	114.0	440.0	4.0	2.0	0.0	1.0	1.0	0.0	0.0	5.0	1.0	1.0	0.0	1.00.0	0.0	0.0	0.0	0.0	0.0	0.0	0.0	0.0
	5p	+	85	120.0	69.0	59.0	122.0	370.0	0.0	5.0	0.0	1.0	1.0	1.0	0.0	0.0	0.0	0.0	0.0	3.00.0	0.0	0.0	0.0	1.0	0.0	0.0	0.0	0.0
	5p	+	86	112.0	57.0	46.0	93.0	308.0	1.0	2.0	1.0	0.0	0.0	1.0	0.0	0.0	0.0	2.0	0.0	1.00.0	0.0	0.0	0.0	0.0	0.0	0.0	0.0	0.0
	5p	+	87	92.0	53.0	45.0	66.0	256.0	0.0	6.0	4.0	1.0	0.0	0.0	1.0	1.0	1.0	0.0	0.0	1.00.0	0.0	0.0	0.0	0.0	0.0	0.0	0.0	0.0
	5p	+	88	70.0	34.0	35.0	59.0	198.0	0.0	1.0	1.0	1.0	0.0	0.0	0.0	0.0	1.0	0.0	0.0	0.00.0	0.0	0.0	0.0	0.0	0.0	0.0	0.0	0.0
	5p	+	89	49.0	33.0	23.0	41.0	146.0	0.0	5.0	0.0	0.0	1.0	0.0	0.0	0.0	0.0	1.0	0.0	1.00.0	0.0	0.0	0.0	0.0	0.0	0.0	0.0	0.0
	5p	+	90	50.0	14.0	8.0	28.0	100.0	0.0	3.0	0.0	0.0	0.0	1.0	0.0	0.0	0.0	1.0	0.0	0.00.0	0.0	0.0	0.0	0.0	0.0	0.0	0.0	0.0
	5p	+	91	20.0	4.0	8.0	10.0	42.0	0.0	0.0	0.0	0.0	0.0	1.0	0.0	1.0	0.0	0.0	1.0	0.00.0	0.0	0.0	0.0	0.0	0.0	0.0	0.0	0.0
	5p	+	92	0.0	0.0	0.0	0.0	0.0	0.0	0.0	0.0	0.0	0.0	0.0	0.0	0.0	0.0	0.0	0.0	0.00.0	0.0	0.0	0.0	0.0	0.0	0.0	0.0	0.0
	5p	+	93	0.0	0.0	0.0	0.0	0.0	0.0	0.0	0.0	0.0	0.0	0.0	0.0	0.0	0.0	0.0	0.0	0.00.0	0.0	0.0	0.0	0.0	0.0	0.0	0.0	0.0
	5p	+	94	0.0	0.0	0.0	0.0	0.0	0.0	0.0	0.0	0.0	0.0	0.0	0.0	0.0	0.0	0.0	0.0	0.00.0	0.0	0.0	0.0	0.0	0.0	0.0	0.0	0.0
	5p	+	95	0.0	0.0	0.0	0.0	0.0	0.0	0.0	0.0	0.0	0.0	0.0	0.0	0.0	0.0	0.0	0.0	0.00.0	0.0	0.0	0.0	0.0	0.0	0.0	0.0	0.0
	5p	+	96	0.0	0.0	0.0	0.0	0.0	0.0	0.0	0.0	0.0	0.0	0.0	0.0	0.0	0.0	0.0	0.0	0.00.0	0.0	0.0	0.0	0.0	0.0	0.0	0.0	0.0
	5p	+	97	0.0	0.0	0.0	0.0	0.0	0.0	0.0	0.0	0.0	0.0	0.0	0.0	0.0	0.0	0.0	0.0	0.00.0	0.0	0.0	0.0	0.0	0.0	0.0	0.0	0.0
	5p	+	98	0.0	0.0	0.0	0.0	0.0	0.0	0.0	0.0	0.0	0.0	0.0	0.0	0.0	0.0	0.0	0.0	0.00.0	0.0	0.0	0.0	0.0	0.0	0.0	0.0	0.0
	5p	+	99	0.0	0.0	0.0	0.0	0.0	0.0	0.0	0.0	0.0	0.0	0.0	0.0	0.0	0.0	0.0	0.0	0.00.0	0.0	0.0	0.0	0.0	0.0	0.0	0.0	0.0
	5p	+	100	0.0	0.0	0.0	0.0	0.0	0.0	0.0	0.0	0.0	0.0	0.0	0.0	0.0	0.0	0.0	0.0	0.00.0	0.0	0.0	0.0	0.0	0.0	0.0	0.0	0.0
	5p	-	1	4877.0	2962.0	2350.0	4622.0	14811.0	56.0	122.0	50.0	50.0	32.0	23.0	15.0	24.0	17.0	24.0	13.0	18.00.0	0.0	0.0	0.0	0.0	0.0	0.0	0.0	0.0
	5p	-	2	4438.0	2490.0	3112.0	4771.0	14811.0	62.0	79.0	47.0	45.0	17.0	17.0	18.0	22.0	12.0	19.0	12.0	17.00.0	0.0	0.0	0.0	0.0	0.0	0.0	0.0	0.0
	5p	-	3	4440.0	2944.0	2974.0	4452.0	14810.0	59.0	55.0	42.0	58.0	13.0	20.0	10.0	16.0	13.0	24.0	13.0	24.00.0	0.0	0.0	0.0	1.0	0.0	0.0	0.0	0.0
	5p	-	4	4595.0	2926.0	2881.0	4408.0	14810.0	55.0	53.0	61.0	51.0	12.0	15.0	14.0	17.0	12.0	17.0	9.0	21.00.0	0.0	0.0	0.0	0.0	0.0	0.0	0.0	0.0
	5p	-	5	4524.0	2965.0	2928.0	4381.0	14798.0	61.0	49.0	47.0	54.0	12.0	13.0	10.0	9.0	9.0	19.0	12.0	17.00.0	0.0	0.0	0.0	5.0	0.0	3.0	3.0	0.0
	5p	-	6	4466.0	2833.0	3006.0	4488.0	14793.0	52.0	63.0	56.0	38.0	9.0	10.0	10.0	19.0	13.0	11.0	9.0	27.00.0	0.0	0.0	0.0	3.0	0.0	6.0	5.0	0.0
	5p	-	7	4628.0	2795.0	2945.0	4425.0	14793.0	44.0	54.0	53.0	54.0	8.0	9.0	7.0	17.0	15.0	16.0	13.0	22.00.0	0.0	0.0	0.0	4.0	0.0	2.0	6.0	0.0
	5p	-	8	4755.0	2796.0	2651.0	4591.0	14793.0	43.0	52.0	37.0	35.0	13.0	12.0	8.0	17.0	17.0	11.0	19.0	18.00.0	0.0	0.0	0.0	4.0	0.0	6.0	5.0	0.0
	5p	-	9	4719.0	2752.0	2712.0	4608.0	14791.0	54.0	50.0	43.0	29.0	7.0	9.0	11.0	9.0	14.0	10.0	10.0	18.00.0	0.0	0.0	0.0	4.0	0.0	1.0	8.0	0.0
	5p	-	10	4684.0	2835.0	2704.0	4567.0	14790.0	50.0	45.0	31.0	31.0	12.0	18.0	10.0	14.0	5.0	11.0	7.0	19.00.0	0.0	0.0	0.0	3.0	0.0	3.0	5.0	0.0
	5p	-	11	4480.0	2852.0	2758.0	4702.0	14792.0	46.0	55.0	44.0	44.0	14.0	15.0	6.0	16.0	11.0	9.0	15.0	28.00.0	0.0	0.0	0.0	4.0	0.0	1.0	4.0	0.0
	5p	-	12	4630.0	2840.0	2786.0	4533.0	14789.0	41.0	47.0	38.0	40.0	19.0	14.0	18.0	9.0	18.0	11.0	5.0	18.00.0	0.0	0.0	0.0	9.0	0.0	5.0	2.0	0.0
	5p	-	13	4580.0	2962.0	2719.0	4527.0	14788.0	39.0	38.0	53.0	41.0	16.0	14.0	12.0	11.0	10.0	12.0	9.0	12.00.0	0.0	0.0	0.0	4.0	0.0	3.0	5.0	0.0
	5p	-	14	4747.0	2871.0	2746.0	4431.0	14795.0	43.0	40.0	47.0	39.0	11.0	6.0	10.0	16.0	14.0	12.0	11.0	24.00.0	0.0	0.0	0.0	2.0	0.0	3.0	6.0	0.0
	5p	-	15	4683.0	2950.0	2653.0	4497.0	14783.0	45.0	37.0	43.0	49.0	13.0	8.0	16.0	14.0	15.0	14.0	5.0	21.00.0	0.0	0.0	0.0	8.0	0.0	9.0	7.0	0.0
	5p	-	16	4678.0	2812.0	2733.0	4561.0	14784.0	49.0	46.0	48.0	45.0	15.0	5.0	11.0	19.0	10.0	9.0	11.0	14.00.0	0.0	0.0	0.0	4.0	0.0	9.0	4.0	0.0
	5p	-	17	4666.0	2858.0	2771.0	4484.0	14779.0	46.0	44.0	37.0	44.0	13.0	14.0	13.0	14.0	13.0	10.0	14.0	21.00.0	0.0	0.0	0.0	11.0	0.0	7.0	4.0	0.0
	5p	-	18	4632.0	2908.0	2653.0	4595.0	14788.0	45.0	52.0	38.0	50.0	20.0	14.0	9.0	17.0	14.0	10.0	10.0	28.00.0	0.0	0.0	0.0	13.0	0.0	3.0	2.0	0.0
	5p	-	19	4660.0	2819.0	2699.0	4608.0	14786.0	52.0	37.0	44.0	53.0	11.0	14.0	6.0	14.0	15.0	7.0	9.0	23.00.0	0.0	0.0	0.0	11.0	0.0	3.0	3.0	0.0
	5p	-	20	4647.0	2882.0	2631.0	4628.0	14788.0	53.0	38.0	51.0	38.0	21.0	11.0	10.0	10.0	12.0	10.0	12.0	20.00.0	0.0	0.0	0.0	5.0	0.0	4.0	5.0	0.0
	5p	-	21	4602.0	2903.0	2722.0	4553.0	14780.0	32.0	53.0	47.0	49.0	12.0	9.0	9.0	18.0	15.0	12.0	13.0	19.00.0	0.0	0.0	0.0	9.0	0.0	3.0	7.0	0.0
	5p	-	22	4564.0	2882.0	2738.0	4601.0	14785.0	50.0	36.0	38.0	41.0	13.0	11.0	14.0	11.0	19.0	11.0	15.0	29.00.0	0.0	0.0	0.0	5.0	0.0	4.0	9.0	0.0
	5p	-	23	4551.0	2863.0	2735.0	4635.0	14784.0	49.0	40.0	32.0	42.0	12.0	15.0	10.0	12.0	15.0	10.0	9.0	22.00.0	0.0	0.0	0.0	7.0	0.0	4.0	2.0	0.0
	5p	-	24	4630.0	2841.0	2682.0	4636.0	14789.0	46.0	53.0	29.0	37.0	12.0	8.0	11.0	19.0	21.0	11.0	12.0	22.00.0	0.0	0.0	0.0	8.0	0.0	3.0	4.0	0.0
	5p	-	25	4650.0	2853.0	2761.0	4531.0	14795.0	41.0	40.0	38.0	37.0	22.0	10.0	5.0	12.0	7.0	13.0	14.0	21.00.0	0.0	0.0	0.0	5.0	0.0	4.0	2.0	0.0
	5p	-	26	4620.0	2909.0	2773.0	4490.0	14792.0	44.0	46.0	36.0	45.0	14.0	10.0	12.0	20.0	14.0	11.0	15.0	26.00.0	0.0	0.0	0.0	4.0	0.0	3.0	3.0	0.0
	5p	-	27	4748.0	2825.0	2720.0	4498.0	14791.0	46.0	55.0	41.0	49.0	13.0	9.0	6.0	16.0	7.0	8.0	12.0	21.00.0	0.0	0.0	0.0	14.0	0.0	0.0	2.0	0.0
	5p	-	28	4798.0	2848.0	2633.0	4514.0	14793.0	45.0	51.0	44.0	38.0	14.0	10.0	10.0	14.0	10.0	12.0	9.0	23.00.0	0.0	0.0	0.0	5.0	0.0	2.0	3.0	0.0
	5p	-	29	4756.0	2876.0	2683.0	4483.0	14798.0	53.0	48.0	35.0	38.0	17.0	13.0	12.0	15.0	16.0	15.0	9.0	20.00.0	0.0	0.0	0.0	3.0	0.0	1.0	1.0	0.0
	5p	-	30	4743.0	2785.0	2653.0	4614.0	14795.0	43.0	54.0	36.0	38.0	13.0	13.0	8.0	8.0	13.0	13.0	10.0	20.00.0	0.0	0.0	0.0	8.0	0.0	1.0	3.0	0.0
	5p	-	31	4509.0	2811.0	2629.0	4343.0	14292.0	51.0	46.0	34.0	39.0	13.0	11.0	3.0	21.0	10.0	14.0	4.0	22.00.0	0.0	0.0	0.0	6.0	0.0	1.0	1.0	0.0
	5p	-	32	4536.0	2579.0	2380.0	4432.0	13927.0	49.0	53.0	43.0	48.0	11.0	9.0	5.0	10.0	11.0	9.0	9.0	21.00.0	0.0	0.0	0.0	5.0	0.0	2.0	0.0	0.0
	5p	-	33	4349.0	2546.0	2488.0	4181.0	13564.0	38.0	46.0	32.0	38.0	8.0	14.0	4.0	8.0	16.0	5.0	9.0	18.00.0	0.0	0.0	0.0	4.0	0.0	2.0	2.0	0.0
	5p	-	34	4350.0	2428.0	2489.0	3935.0	13202.0	42.0	66.0	37.0	38.0	11.0	8.0	4.0	13.0	13.0	14.0	4.0	21.00.0	0.0	0.0	0.0	4.0	0.0	1.0	1.0	0.0
	5p	-	35	4186.0	2491.0	2307.0	3864.0	12848.0	54.0	44.0	36.0	39.0	10.0	10.0	6.0	8.0	10.0	10.0	4.0	17.00.0	0.0	0.0	0.0	3.0	0.0	1.0	1.0	0.0
	5p	-	36	4119.0	2362.0	2278.0	3698.0	12457.0	47.0	43.0	32.0	39.0	9.0	7.0	9.0	9.0	16.0	14.0	9.0	24.00.0	0.0	0.0	0.0	3.0	0.0	0.0	2.0	0.0
	5p	-	37	3925.0	2268.0	2128.0	3736.0	12057.0	39.0	49.0	33.0	31.0	9.0	5.0	8.0	13.0	14.0	9.0	6.0	15.00.0	0.0	0.0	0.0	7.0	0.0	1.0	0.0	0.0
	5p	-	38	3821.0	2158.0	2078.0	3586.0	11643.0	30.0	56.0	27.0	35.0	9.0	15.0	4.0	16.0	8.0	11.0	5.0	17.00.0	0.0	0.0	0.0	1.0	0.0	1.0	3.0	0.0
	5p	-	39	3773.0	2077.0	2006.0	3386.0	11242.0	32.0	56.0	22.0	37.0	10.0	15.0	2.0	8.0	4.0	9.0	5.0	16.00.0	0.0	0.0	0.0	2.0	0.0	3.0	0.0	0.0
	5p	-	40	3563.0	1965.0	1957.0	3319.0	10804.0	38.0	33.0	39.0	22.0	10.0	15.0	2.0	12.0	11.0	4.0	5.0	15.00.0	0.0	0.0	0.0	2.0	0.0	0.0	0.0	0.0
	5p	-	41	3322.0	1923.0	1849.0	3251.0	10345.0	35.0	54.0	27.0	30.0	8.0	5.0	6.0	10.0	9.0	5.0	2.0	19.00.0	0.0	0.0	0.0	2.0	0.0	1.0	0.0	0.0
	5p	-	42	3282.0	1841.0	1731.0	3031.0	9885.0	21.0	53.0	31.0	32.0	3.0	6.0	6.0	6.0	11.0	4.0	5.0	10.00.0	0.0	0.0	0.0	2.0	0.0	4.0	0.0	0.0
	5p	-	43	3131.0	1750.0	1649.0	2957.0	9487.0	28.0	41.0	21.0	26.0	8.0	11.0	5.0	7.0	8.0	8.0	4.0	8.00.0	0.0	0.0	0.0	2.0	0.0	3.0	1.0	0.0
	5p	-	44	3045.0	1663.0	1601.0	2751.0	9060.0	28.0	34.0	30.0	20.0	8.0	8.0	4.0	15.0	3.0	11.0	6.0	12.00.0	0.0	0.0	0.0	4.0	0.0	0.0	3.0	0.0
	5p	-	45	2863.0	1619.0	1536.0	2657.0	8675.0	20.0	39.0	26.0	33.0	9.0	6.0	7.0	4.0	3.0	9.0	4.0	12.00.0	0.0	0.0	0.0	3.0	0.0	1.0	2.0	0.0
	5p	-	46	2763.0	1515.0	1530.0	2472.0	8280.0	35.0	42.0	20.0	22.0	6.0	10.0	4.0	8.0	7.0	7.0	5.0	17.00.0	0.0	0.0	0.0	2.0	0.0	0.0	0.0	0.0
	5p	-	47	2651.0	1424.0	1420.0	2379.0	7874.0	25.0	40.0	19.0	20.0	10.0	7.0	1.0	4.0	3.0	2.0	7.0	12.00.0	0.0	0.0	0.0	0.0	0.0	2.0	0.0	0.0
	5p	-	48	2441.0	1372.0	1403.0	2290.0	7506.0	31.0	37.0	26.0	23.0	3.0	9.0	3.0	9.0	3.0	5.0	5.0	17.00.0	0.0	0.0	0.0	7.0	0.0	1.0	0.0	0.0
	5p	-	49	2415.0	1296.0	1197.0	2240.0	7148.0	29.0	34.0	19.0	19.0	2.0	9.0	3.0	8.0	9.0	6.0	5.0	14.00.0	0.0	0.0	0.0	3.0	0.0	2.0	0.0	0.0
	5p	-	50	2276.0	1193.0	1144.0	2159.0	6772.0	23.0	43.0	17.0	10.0	6.0	10.0	5.0	12.0	5.0	5.0	2.0	5.00.0	0.0	0.0	0.0	3.0	0.0	1.0	3.0	0.0
	5p	-	51	2100.0	1183.0	1127.0	2006.0	6416.0	28.0	30.0	15.0	18.0	5.0	10.0	3.0	9.0	2.0	1.0	3.0	8.00.0	0.0	0.0	0.0	4.0	0.0	2.0	1.0	0.0
	5p	-	52	2025.0	1094.0	1033.0	1897.0	6049.0	20.0	32.0	16.0	18.0	8.0	6.0	6.0	8.0	4.0	5.0	1.0	7.00.0	0.0	0.0	0.0	4.0	0.0	0.0	1.0	0.0
	5p	-	53	1858.0	1089.0	1029.0	1731.0	5707.0	33.0	25.0	21.0	16.0	4.0	3.0	1.0	2.0	6.0	3.0	5.0	11.00.0	0.0	0.0	0.0	2.0	0.0	0.0	0.0	0.0
	5p	-	54	1826.0	970.0	937.0	1654.0	5387.0	18.0	35.0	16.0	19.0	3.0	4.0	2.0	9.0	6.0	2.0	4.0	9.00.0	0.0	0.0	0.0	5.0	0.0	1.0	0.0	0.0
	5p	-	55	1699.0	910.0	915.0	1561.0	5085.0	16.0	27.0	20.0	9.0	6.0	7.0	2.0	8.0	4.0	1.0	4.0	8.00.0	0.0	0.0	0.0	4.0	0.0	0.0	0.0	0.0
	5p	-	56	1633.0	830.0	871.0	1475.0	4809.0	13.0	24.0	13.0	17.0	3.0	5.0	3.0	6.0	2.0	6.0	1.0	12.00.0	0.0	0.0	0.0	0.0	0.0	0.0	0.0	0.0
	5p	-	57	1424.0	860.0	845.0	1405.0	4534.0	23.0	25.0	8.0	8.0	6.0	5.0	2.0	4.0	5.0	2.0	3.0	7.00.0	0.0	0.0	0.0	2.0	0.0	1.0	0.0	0.0
	5p	-	58	1402.0	776.0	734.0	1354.0	4266.0	14.0	19.0	7.0	13.0	1.0	6.0	4.0	9.0	7.0	2.0	4.0	11.00.0	0.0	0.0	0.0	1.0	0.0	0.0	1.0	0.0
	5p	-	59	1330.0	727.0	705.0	1275.0	4037.0	16.0	22.0	15.0	14.0	6.0	9.0	1.0	4.0	2.0	3.0	2.0	5.00.0	0.0	0.0	0.0	0.0	0.0	1.0	1.0	0.0
	5p	-	60	1238.0	720.0	644.0	1207.0	3809.0	15.0	29.0	11.0	14.0	2.0	6.0	4.0	5.0	3.0	4.0	4.0	6.00.0	0.0	0.0	0.0	1.0	0.0	1.0	1.0	0.0
	5p	-	61	1193.0	665.0	598.0	1099.0	3555.0	7.0	20.0	10.0	8.0	4.0	4.0	0.0	3.0	5.0	2.0	2.0	5.00.0	0.0	0.0	0.0	1.0	0.0	0.0	0.0	0.0
	5p	-	62	1106.0	591.0	591.0	1040.0	3328.0	9.0	31.0	8.0	8.0	3.0	7.0	3.0	4.0	3.0	2.0	1.0	4.00.0	0.0	0.0	0.0	0.0	0.0	0.0	0.0	0.0
	5p	-	63	990.0	577.0	603.0	940.0	3110.0	16.0	18.0	11.0	7.0	2.0	4.0	2.0	2.0	5.0	2.0	2.0	5.00.0	0.0	0.0	0.0	0.0	0.0	0.0	0.0	0.0
	5p	-	64	947.0	488.0	522.0	937.0	2894.0	18.0	19.0	10.0	7.0	5.0	5.0	1.0	5.0	5.0	5.0	1.0	8.00.0	0.0	0.0	0.0	0.0	0.0	0.0	1.0	0.0
	5p	-	65	911.0	474.0	485.0	831.0	2701.0	10.0	11.0	6.0	5.0	5.0	1.0	1.0	8.0	2.0	4.0	1.0	4.00.0	0.0	0.0	0.0	0.0	0.0	0.0	0.0	0.0
	5p	-	66	853.0	472.0	437.0	766.0	2528.0	6.0	17.0	7.0	11.0	3.0	3.0	2.0	1.0	2.0	6.0	3.0	6.00.0	0.0	0.0	0.0	1.0	0.0	1.0	0.0	0.0
	5p	-	67	743.0	461.0	416.0	724.0	2344.0	6.0	12.0	7.0	8.0	3.0	5.0	2.0	2.0	4.0	3.0	1.0	2.00.0	0.0	0.0	0.0	3.0	0.0	0.0	0.0	0.0
	5p	-	68	745.0	409.0	337.0	692.0	2183.0	5.0	16.0	6.0	6.0	2.0	1.0	3.0	1.0	3.0	3.0	1.0	2.00.0	0.0	0.0	0.0	1.0	0.0	0.0	1.0	0.0
	5p	-	69	685.0	355.0	346.0	651.0	2037.0	7.0	10.0	6.0	4.0	1.0	3.0	1.0	4.0	2.0	2.0	1.0	5.00.0	0.0	0.0	0.0	2.0	0.0	1.0	0.0	0.0
	5p	-	70	653.0	306.0	327.0	609.0	1895.0	6.0	3.0	8.0	3.0	0.0	2.0	0.0	0.0	4.0	4.0	2.0	0.00.0	0.0	0.0	0.0	2.0	0.0	0.0	0.0	0.0
	5p	-	71	572.0	304.0	311.0	579.0	1766.0	8.0	12.0	2.0	6.0	3.0	3.0	2.0	1.0	0.0	1.0	0.0	3.00.0	0.0	0.0	0.0	0.0	0.0	0.0	0.0	0.0
	5p	-	72	538.0	293.0	267.0	527.0	1625.0	2.0	6.0	5.0	7.0	1.0	4.0	0.0	2.0	4.0	0.0	1.0	4.00.0	0.0	0.0	0.0	0.0	0.0	0.0	1.0	0.0
	5p	-	73	527.0	255.0	237.0	458.0	1477.0	4.0	11.0	3.0	3.0	1.0	1.0	1.0	1.0	2.0	0.0	1.0	3.00.0	0.0	0.0	0.0	1.0	0.0	0.0	0.0	0.0
	5p	-	74	463.0	240.0	219.0	440.0	1362.0	4.0	7.0	6.0	2.0	3.0	1.0	2.0	1.0	2.0	0.0	0.0	0.00.0	0.0	0.0	0.0	1.0	0.0	0.0	0.0	0.0
	5p	-	75	439.0	211.0	200.0	399.0	1249.0	5.0	7.0	4.0	6.0	2.0	1.0	0.0	2.0	1.0	4.0	0.0	4.00.0	0.0	0.0	0.0	0.0	0.0	0.0	0.0	0.0
	5p	-	76	374.0	216.0	200.0	353.0	1143.0	4.0	7.0	5.0	5.0	2.0	3.0	1.0	0.0	2.0	1.0	1.0	1.00.0	0.0	0.0	0.0	0.0	0.0	0.0	0.0	0.0
	5p	-	77	345.0	195.0	172.0	325.0	1037.0	5.0	12.0	3.0	1.0	1.0	2.0	0.0	1.0	1.0	2.0	1.0	1.00.0	0.0	0.0	0.0	1.0	0.0	0.0	0.0	0.0
	5p	-	78	296.0	170.0	169.0	294.0	929.0	2.0	10.0	1.0	3.0	1.0	1.0	0.0	1.0	0.0	1.0	0.0	0.00.0	0.0	0.0	0.0	1.0	0.0	0.0	0.0	0.0
	5p	-	79	281.0	141.0	152.0	253.0	827.0	3.0	8.0	1.0	1.0	0.0	0.0	1.0	1.0	0.0	2.0	1.0	0.00.0	0.0	0.0	0.0	1.0	0.0	0.0	0.0	0.0
	5p	-	80	238.0	120.0	151.0	234.0	743.0	1.0	8.0	0.0	1.0	0.0	1.0	0.0	2.0	0.0	1.0	1.0	4.00.0	0.0	0.0	0.0	0.0	0.0	0.0	0.0	0.0
	5p	-	81	242.0	114.0	107.0	194.0	657.0	0.0	4.0	1.0	1.0	0.0	1.0	1.0	3.0	2.0	1.0	0.0	1.00.0	0.0	0.0	0.0	1.0	0.0	0.0	0.0	0.0
	5p	-	82	180.0	115.0	91.0	186.0	572.0	1.0	5.0	0.0	1.0	0.0	0.0	1.0	1.0	1.0	0.0	1.0	2.00.0	0.0	0.0	0.0	0.0	0.0	0.0	0.0	0.0
	5p	-	83	193.0	80.0	79.0	147.0	499.0	1.0	3.0	1.0	2.0	1.0	0.0	0.0	2.0	0.0	2.0	2.0	0.00.0	0.0	0.0	0.0	0.0	0.0	0.0	0.0	0.0
	5p	-	84	157.0	75.0	73.0	128.0	433.0	1.0	1.0	0.0	1.0	0.0	2.0	0.0	0.0	0.0	0.0	0.0	0.00.0	0.0	0.0	0.0	0.0	0.0	0.0	0.0	0.0
	5p	-	85	140.0	60.0	61.0	99.0	360.0	1.0	0.0	2.0	0.0	1.0	1.0	0.0	1.0	0.0	0.0	0.0	1.00.0	0.0	0.0	0.0	0.0	0.0	0.0	0.0	0.0
	5p	-	86	107.0	51.0	52.0	101.0	311.0	2.0	3.0	1.0	1.0	0.0	1.0	0.0	2.0	1.0	0.0	0.0	0.00.0	0.0	0.0	0.0	1.0	0.0	0.0	0.0	0.0
	5p	-	87	86.0	49.0	42.0	70.0	247.0	2.0	2.0	3.0	1.0	0.0	0.0	0.0	1.0	0.0	1.0	0.0	0.00.0	0.0	0.0	0.0	0.0	0.0	0.0	0.0	0.0
	5p	-	88	73.0	32.0	22.0	51.0	178.0	1.0	3.0	1.0	2.0	0.0	0.0	0.0	1.0	0.0	0.0	0.0	0.00.0	0.0	0.0	0.0	0.0	0.0	0.0	0.0	0.0
	5p	-	89	45.0	24.0	22.0	39.0	130.0	1.0	2.0	1.0	0.0	0.0	1.0	0.0	1.0	0.0	1.0	0.0	1.00.0	0.0	0.0	0.0	0.0	0.0	0.0	0.0	0.0
	5p	-	90	28.0	20.0	13.0	25.0	86.0	1.0	0.0	0.0	0.0	0.0	0.0	0.0	0.0	0.0	0.0	0.0	0.00.0	0.0	0.0	0.0	0.0	0.0	0.0	0.0	0.0
	5p	-	91	12.0	4.0	9.0	14.0	39.0	0.0	1.0	0.0	1.0	0.0	0.0	0.0	0.0	0.0	0.0	0.0	0.00.0	0.0	0.0	0.0	0.0	0.0	0.0	0.0	0.0
	5p	-	92	0.0	0.0	0.0	0.0	0.0	0.0	0.0	0.0	0.0	0.0	0.0	0.0	0.0	0.0	0.0	0.0	0.00.0	0.0	0.0	0.0	0.0	0.0	0.0	0.0	0.0
	5p	-	93	0.0	0.0	0.0	0.0	0.0	0.0	0.0	0.0	0.0	0.0	0.0	0.0	0.0	0.0	0.0	0.0	0.00.0	0.0	0.0	0.0	0.0	0.0	0.0	0.0	0.0
	5p	-	94	0.0	0.0	0.0	0.0	0.0	0.0	0.0	0.0	0.0	0.0	0.0	0.0	0.0	0.0	0.0	0.0	0.00.0	0.0	0.0	0.0	0.0	0.0	0.0	0.0	0.0
	5p	-	95	0.0	0.0	0.0	0.0	0.0	0.0	0.0	0.0	0.0	0.0	0.0	0.0	0.0	0.0	0.0	0.0	0.00.0	0.0	0.0	0.0	0.0	0.0	0.0	0.0	0.0
	5p	-	96	0.0	0.0	0.0	0.0	0.0	0.0	0.0	0.0	0.0	0.0	0.0	0.0	0.0	0.0	0.0	0.0	0.00.0	0.0	0.0	0.0	0.0	0.0	0.0	0.0	0.0
	5p	-	97	0.0	0.0	0.0	0.0	0.0	0.0	0.0	0.0	0.0	0.0	0.0	0.0	0.0	0.0	0.0	0.0	0.00.0	0.0	0.0	0.0	0.0	0.0	0.0	0.0	0.0
	5p	-	98	0.0	0.0	0.0	0.0	0.0	0.0	0.0	0.0	0.0	0.0	0.0	0.0	0.0	0.0	0.0	0.0	0.00.0	0.0	0.0	0.0	0.0	0.0	0.0	0.0	0.0
	5p	-	99	0.0	0.0	0.0	0.0	0.0	0.0	0.0	0.0	0.0	0.0	0.0	0.0	0.0	0.0	0.0	0.0	0.00.0	0.0	0.0	0.0	0.0	0.0	0.0	0.0	0.0
	5p	-	100	0.0	0.0	0.0	0.0	0.0	0.0	0.0	0.0	0.0	0.0	0.0	0.0	0.0	0.0	0.0	0.0	0.00.0	0.0	0.0	0.0	0.0	0.0	0.0	0.0	0.0
