# table produced by DamageProfiler
# using mapped file PaA003.BuffaloCape_Human_nc.Target.rmdup.noMicro.bam
# Sample ID: PaA003.BuffaloCape_Human_nc.Target.rmdup.noMicro.bam
Pos	C>T	G>A	A>C	A>G	A>T	C>A	C>G	G>C	G>T	T>A	T>C	T>G	->ACGT	ACGT>-
24	0.070707	0.010870	0.025000	0.014286	0.025000	0.030303	0.000000	0.032609	0.054348	0.032967	0.032967	0.010989	0.030628	0.000000
23	0.009434	0.068182	0.010417	0.017361	0.013889	0.056604	0.018868	0.011364	0.011364	0.017143	0.017143	0.005714	0.025875	0.000000
22	0.058252	0.025316	0.003322	0.013289	0.016611	0.029126	0.048544	0.037975	0.050633	0.024691	0.012346	0.012346	0.041860	0.000000
21	0.036036	0.034091	0.007042	0.007042	0.017606	0.063063	0.009009	0.022727	0.011364	0.011173	0.016760	0.016760	0.007553	0.000000
20	0.010000	0.057692	0.017986	0.025180	0.021583	0.030000	0.000000	0.019231	0.038462	0.044693	0.011173	0.011173	0.013616	0.000000
19	0.011364	0.061856	0.017065	0.023891	0.013652	0.045455	0.022727	0.041237	0.000000	0.023256	0.034884	0.046512	0.027692	0.000000
18	0.030000	0.060241	0.012618	0.015773	0.025237	0.020000	0.020000	0.024096	0.036145	0.033333	0.020000	0.046667	0.032308	0.000000
17	0.010000	0.022727	0.013158	0.026316	0.003289	0.020000	0.020000	0.022727	0.034091	0.042683	0.030488	0.036585	0.028963	0.000000
16	0.009434	0.021505	0.006849	0.027397	0.006849	0.028302	0.047170	0.021505	0.032258	0.038710	0.012903	0.025806	0.032508	0.000000
15	0.034091	0.053333	0.019672	0.019672	0.009836	0.034091	0.011364	0.013333	0.026667	0.027322	0.021858	0.021858	0.032258	0.000000
14	0.042105	0.028571	0.021429	0.017857	0.025000	0.010526	0.000000	0.019048	0.019048	0.022989	0.040230	0.022989	0.030581	0.000000
13	0.032520	0.022222	0.010870	0.025362	0.025362	0.024390	0.016260	0.011111	0.022222	0.029940	0.023952	0.023952	0.028963	0.000000
12	0.059524	0.045455	0.013158	0.016447	0.023026	0.059524	0.023810	0.022727	0.045455	0.027322	0.016393	0.000000	0.021244	0.000000
11	0.050000	0.030928	0.013652	0.013652	0.027304	0.060000	0.020000	0.030928	0.000000	0.030488	0.030488	0.012195	0.027523	0.000000
10	0.021505	0.036585	0.018868	0.018868	0.018868	0.043011	0.043011	0.036585	0.024390	0.042169	0.024096	0.036145	0.018209	0.000000
9	0.026549	0.063291	0.024055	0.010309	0.027491	0.044248	0.026549	0.037975	0.012658	0.044693	0.033520	0.027933	0.016616	0.000000
8	0.030928	0.066667	0.009346	0.018692	0.021807	0.030928	0.010309	0.038095	0.019048	0.034965	0.006993	0.020979	0.013514	0.000000
7	0.009709	0.076923	0.015576	0.031153	0.012461	0.058252	0.029126	0.000000	0.021978	0.014184	0.007092	0.014184	0.024390	0.000000
6	0.000000	0.063291	0.014706	0.011765	0.020588	0.011364	0.011364	0.000000	0.037975	0.019737	0.013158	0.032895	0.024279	0.000000
5	0.036585	0.000000	0.009202	0.009202	0.018405	0.048780	0.012195	0.029412	0.009804	0.037736	0.012579	0.000000	0.004484	0.000000
4	0.031250	0.034783	0.030405	0.030405	0.023649	0.031250	0.031250	0.026087	0.008696	0.017964	0.023952	0.035928	0.002967	0.000000
3	0.008850	0.055556	0.010309	0.020619	0.010309	0.008850	0.017699	0.011111	0.022222	0.011050	0.027624	0.022099	0.002963	0.000000
2	0.030769	0.065574	0.017921	0.010753	0.025090	0.023077	0.030769	0.049180	0.040984	0.034722	0.006944	0.027778	0.001481	0.000000
1	0.007407	0.054054	0.016447	0.023026	0.009868	0.074074	0.022222	0.054054	0.018018	0.071429	0.023810	0.031746	0.001479	0.000000
0	0.018692	0.120482	0.011662	0.014577	0.020408	0.046729	0.018692	0.060241	0.012048	0.020833	0.034722	0.027778	0.000000	0.000000
