# table produced by DamageProfiler
# using mapped file PaA003.BuffaloCape_Human_nc.Target.rmdup.noMicro.bam
# Sample ID: PaA003.BuffaloCape_Human_nc.Target.rmdup.noMicro.bam
Chr	End	Std	Pos	A	C	G	T	Total
	3p	+	1	176	54	42	66	338
	3p	+	2	157	70	48	63	338
	3p	+	3	143	68	55	72	338
	3p	+	4	138	66	49	85	338
	3p	+	5	134	55	62	87	338
	3p	+	6	153	42	60	83	338
	3p	+	7	173	52	43	70	338
	3p	+	8	158	61	44	75	338
	3p	+	9	157	53	57	71	338
	3p	+	10	151	55	52	80	338
	3p	+	11	145	48	52	93	338
	3p	+	12	142	58	55	83	338
	3p	+	13	144	51	42	101	338
	3p	+	14	134	64	51	89	338
	3p	+	15	136	54	51	97	338
	3p	+	16	142	55	42	99	338
	3p	+	17	144	58	53	83	338
	3p	+	18	148	58	55	77	338
	3p	+	19	154	53	43	88	338
	3p	+	20	140	51	63	84	338
	3p	+	21	134	56	52	96	338
	3p	+	22	139	50	45	104	338
	3p	+	23	146	51	45	96	338
	3p	+	24	140	56	47	95	338
	3p	+	25	133	60	45	100	338
	3p	+	26	133	56	47	102	338
	3p	+	27	117	62	66	93	338
	3p	+	28	124	68	51	95	338
	3p	+	29	127	75	44	92	338
	3p	+	30	126	66	62	84	338
	3p	+	31	63	24	29	34	150
	3p	+	32	19	21	11	17	68
	3p	+	33	20	6	3	8	37
	3p	+	34	6	8	3	10	27
	3p	+	35	9	2	4	5	20
	3p	+	36	3	5	3	5	16
	3p	+	37	8	0	1	5	14
	3p	+	38	8	2	2	1	13
	3p	+	39	3	3	5	2	13
	3p	+	40	6	2	1	3	12
	3p	+	41	5	3	2	1	11
	3p	+	42	4	4	0	1	9
	3p	+	43	2	3	1	3	9
	3p	+	44	2	1	3	3	9
	3p	+	45	5	1	0	2	8
	3p	+	46	1	3	2	2	8
	3p	+	47	4	0	2	2	8
	3p	+	48	1	1	3	3	8
	3p	+	49	2	2	2	2	8
	3p	+	50	2	4	0	2	8
	3p	+	51	2	2	0	2	6
	3p	+	52	3	0	2	1	6
	3p	+	53	2	1	1	1	5
	3p	+	54	3	0	1	1	5
	3p	+	55	2	0	3	0	5
	3p	+	56	3	0	1	1	5
	3p	+	57	3	0	2	0	5
	3p	+	58	1	0	2	1	4
	3p	+	59	1	1	1	1	4
	3p	+	60	2	1	0	1	4
	3p	+	61	1	0	1	2	4
	3p	+	62	1	0	0	3	4
	3p	+	63	1	2	1	0	4
	3p	+	64	1	0	0	3	4
	3p	+	65	2	1	1	0	4
	3p	+	66	1	1	2	0	4
	3p	+	67	3	1	0	0	4
	3p	+	68	4	0	0	0	4
	3p	+	69	1	1	0	2	4
	3p	+	70	1	0	1	2	4
	3p	+	71	2	2	0	0	4
	3p	+	72	0	0	4	0	4
	3p	+	73	2	0	1	1	4
	3p	+	74	1	1	2	0	4
	3p	+	75	2	0	2	0	4
	3p	+	76	1	0	0	3	4
	3p	+	77	3	1	0	0	4
	3p	+	78	2	1	1	0	4
	3p	+	79	2	0	0	2	4
	3p	+	80	1	2	0	1	4
	3p	+	81	0	1	0	3	4
	3p	+	82	1	0	1	2	4
	3p	+	83	2	1	0	1	4
	3p	+	84	0	1	2	1	4
	3p	+	85	0	3	0	1	4
	3p	+	86	1	1	1	1	4
	3p	+	87	2	1	1	0	4
	3p	+	88	0	0	1	2	3
	3p	+	89	0	0	1	1	2
	3p	+	90	1	1	0	0	2
	3p	+	91	0	1	1	0	2
	3p	+	92	2	0	0	0	2
	3p	+	93	0	1	0	1	2
	3p	+	94	2	0	0	0	2
	3p	+	95	2	0	0	0	2
	3p	+	96	2	0	0	0	2
	3p	+	97	1	1	0	0	2
	3p	+	98	0	0	1	1	2
	3p	+	99	1	0	0	0	1
	3p	+	100	0	0	0	1	1
	3p	-	1	169	58	36	76	339
	3p	-	2	158	65	63	53	339
	3p	-	3	138	63	59	79	339
	3p	-	4	150	53	45	91	339
	3p	-	5	149	48	63	79	339
	3p	-	6	172	40	44	83	339
	3p	-	7	167	45	43	84	339
	3p	-	8	162	43	61	73	339
	3p	-	9	166	46	50	77	339
	3p	-	10	144	66	33	96	339
	3p	-	11	171	51	45	72	339
	3p	-	12	149	51	52	87	339
	3p	-	13	166	33	46	94	339
	3p	-	14	139	62	58	80	339
	3p	-	15	142	58	61	78	339
	3p	-	16	169	44	42	84	339
	3p	-	17	150	52	61	76	339
	3p	-	18	160	51	52	76	339
	3p	-	19	168	54	50	67	339
	3p	-	20	155	51	49	84	339
	3p	-	21	147	52	51	89	339
	3p	-	22	148	56	48	87	339
	3p	-	23	162	52	47	78	339
	3p	-	24	153	57	47	82	339
	3p	-	25	141	55	52	91	339
	3p	-	26	150	53	49	87	339
	3p	-	27	134	66	47	92	339
	3p	-	28	124	59	49	107	339
	3p	-	29	131	65	47	96	339
	3p	-	30	145	71	58	65	339
	3p	-	31	73	29	22	29	153
	3p	-	32	33	15	9	14	71
	3p	-	33	22	8	6	9	45
	3p	-	34	15	5	6	6	32
	3p	-	35	12	2	8	4	26
	3p	-	36	8	7	2	4	21
	3p	-	37	5	3	6	1	15
	3p	-	38	5	2	3	3	13
	3p	-	39	4	2	1	5	12
	3p	-	40	3	5	4	0	12
	3p	-	41	3	2	1	5	11
	3p	-	42	3	3	1	3	10
	3p	-	43	0	3	4	3	10
	3p	-	44	4	2	2	1	9
	3p	-	45	1	1	3	4	9
	3p	-	46	4	0	3	2	9
	3p	-	47	2	1	1	5	9
	3p	-	48	1	2	2	4	9
	3p	-	49	1	2	3	3	9
	3p	-	50	4	1	0	4	9
	3p	-	51	1	3	2	3	9
	3p	-	52	3	1	1	3	8
	3p	-	53	1	3	1	2	7
	3p	-	54	5	0	1	1	7
	3p	-	55	3	1	2	1	7
	3p	-	56	2	1	0	4	7
	3p	-	57	0	3	3	1	7
	3p	-	58	3	0	2	2	7
	3p	-	59	2	3	1	1	7
	3p	-	60	4	1	0	2	7
	3p	-	61	2	3	1	1	7
	3p	-	62	3	1	1	2	7
	3p	-	63	4	1	1	1	7
	3p	-	64	4	1	0	2	7
	3p	-	65	4	1	2	0	7
	3p	-	66	5	0	1	0	6
	3p	-	67	3	0	1	2	6
	3p	-	68	1	3	0	2	6
	3p	-	69	2	2	1	1	6
	3p	-	70	3	2	0	1	6
	3p	-	71	1	2	1	2	6
	3p	-	72	1	1	2	2	6
	3p	-	73	2	0	1	3	6
	3p	-	74	2	1	2	0	5
	3p	-	75	2	1	0	1	4
	3p	-	76	1	2	0	1	4
	3p	-	77	3	0	1	0	4
	3p	-	78	3	1	0	0	4
	3p	-	79	3	0	1	0	4
	3p	-	80	2	0	0	2	4
	3p	-	81	1	2	0	1	4
	3p	-	82	3	1	0	0	4
	3p	-	83	3	1	0	0	4
	3p	-	84	3	1	0	0	4
	3p	-	85	1	0	2	1	4
	3p	-	86	1	1	2	0	4
	3p	-	87	2	1	0	1	4
	3p	-	88	1	1	1	1	4
	3p	-	89	1	1	1	1	4
	3p	-	90	3	0	0	1	4
	3p	-	91	3	1	0	0	4
	3p	-	92	3	1	0	0	4
	3p	-	93	2	1	1	0	4
	3p	-	94	1	0	1	2	4
	3p	-	95	0	1	1	2	4
	3p	-	96	2	0	1	1	4
	3p	-	97	0	1	1	2	4
	3p	-	98	2	0	0	2	4
	3p	-	99	1	1	1	1	4
	3p	-	100	2	1	1	0	4
	5p	+	1	133	73	72	60	338
	5p	+	2	122	69	45	102	338
	5p	+	3	125	60	51	102	338
	5p	+	4	119	70	60	89	338
	5p	+	5	136	57	50	95	338
	5p	+	6	129	50	57	102	338
	5p	+	7	135	63	42	98	338
	5p	+	8	133	57	41	107	338
	5p	+	9	139	58	44	97	338
	5p	+	10	133	58	51	96	338
	5p	+	11	145	46	63	84	338
	5p	+	12	144	51	52	91	338
	5p	+	13	155	54	53	76	338
	5p	+	14	139	64	51	84	338
	5p	+	15	143	56	44	95	338
	5p	+	16	133	51	61	93	338
	5p	+	17	143	58	48	89	338
	5p	+	18	137	55	50	96	338
	5p	+	19	138	63	46	91	338
	5p	+	20	155	37	54	92	338
	5p	+	21	155	65	47	71	338
	5p	+	22	150	63	52	73	338
	5p	+	23	145	55	57	81	338
	5p	+	24	163	57	51	67	338
	5p	+	25	155	49	48	86	338
	5p	+	26	136	54	56	92	338
	5p	+	27	129	64	55	90	338
	5p	+	28	157	58	57	66	338
	5p	+	29	154	73	52	59	338
	5p	+	30	162	61	40	75	338
	5p	+	31	78	25	21	26	150
	5p	+	32	32	14	8	14	68
	5p	+	33	26	5	1	5	37
	5p	+	34	14	1	6	6	27
	5p	+	35	6	2	3	9	20
	5p	+	36	4	5	3	4	16
	5p	+	37	4	3	2	5	14
	5p	+	38	7	4	1	1	13
	5p	+	39	4	3	1	5	13
	5p	+	40	7	0	1	4	12
	5p	+	41	3	1	3	4	11
	5p	+	42	3	2	2	2	9
	5p	+	43	5	3	0	1	9
	5p	+	44	3	0	3	3	9
	5p	+	45	2	1	3	2	8
	5p	+	46	3	0	1	4	8
	5p	+	47	0	3	1	4	8
	5p	+	48	3	1	1	3	8
	5p	+	49	5	1	2	0	8
	5p	+	50	5	0	2	1	8
	5p	+	51	4	0	1	1	6
	5p	+	52	2	0	1	3	6
	5p	+	53	1	1	2	1	5
	5p	+	54	4	1	0	0	5
	5p	+	55	2	0	0	3	5
	5p	+	56	3	0	1	1	5
	5p	+	57	3	0	1	1	5
	5p	+	58	1	0	2	1	4
	5p	+	59	1	2	0	1	4
	5p	+	60	0	1	0	3	4
	5p	+	61	3	1	0	0	4
	5p	+	62	2	0	1	1	4
	5p	+	63	2	0	0	2	4
	5p	+	64	1	0	2	1	4
	5p	+	65	1	2	0	1	4
	5p	+	66	1	0	0	3	4
	5p	+	67	1	2	0	1	4
	5p	+	68	1	1	0	2	4
	5p	+	69	1	1	0	2	4
	5p	+	70	0	2	1	1	4
	5p	+	71	2	1	0	1	4
	5p	+	72	0	2	0	2	4
	5p	+	73	3	0	0	1	4
	5p	+	74	1	0	2	1	4
	5p	+	75	2	1	1	0	4
	5p	+	76	1	0	0	3	4
	5p	+	77	1	1	2	0	4
	5p	+	78	3	0	0	1	4
	5p	+	79	2	0	1	1	4
	5p	+	80	0	0	2	2	4
	5p	+	81	3	0	1	0	4
	5p	+	82	3	1	0	0	4
	5p	+	83	3	0	1	0	4
	5p	+	84	1	1	1	1	4
	5p	+	85	1	1	1	1	4
	5p	+	86	1	3	0	0	4
	5p	+	87	3	0	0	1	4
	5p	+	88	3	0	0	0	3
	5p	+	89	2	0	0	0	2
	5p	+	90	0	0	0	2	2
	5p	+	91	1	0	1	0	2
	5p	+	92	0	0	2	0	2
	5p	+	93	1	1	0	0	2
	5p	+	94	2	0	0	0	2
	5p	+	95	1	0	0	1	2
	5p	+	96	1	0	0	1	2
	5p	+	97	2	0	0	0	2
	5p	+	98	2	0	0	0	2
	5p	+	99	0	0	0	1	1
	5p	+	100	0	0	0	1	1
	5p	-	1	154	77	59	49	339
	5p	-	2	129	65	56	89	339
	5p	-	3	125	57	47	110	339
	5p	-	4	130	77	48	84	339
	5p	-	5	151	60	47	81	339
	5p	-	6	134	56	54	95	339
	5p	-	7	149	52	50	88	339
	5p	-	8	158	53	42	86	339
	5p	-	9	151	52	49	87	339
	5p	-	10	156	49	49	85	339
	5p	-	11	155	51	53	80	339
	5p	-	12	153	57	55	74	339
	5p	-	13	164	49	46	80	339
	5p	-	14	155	49	61	74	339
	5p	-	15	156	53	47	83	339
	5p	-	16	158	48	48	85	339
	5p	-	17	143	59	61	76	339
	5p	-	18	167	34	46	92	339
	5p	-	19	144	47	54	94	339
	5p	-	20	154	58	53	74	339
	5p	-	21	148	62	40	89	339
	5p	-	22	170	49	46	74	339
	5p	-	23	158	50	58	73	339
	5p	-	24	174	36	36	93	339
	5p	-	25	169	48	41	81	339
	5p	-	26	156	44	60	79	339
	5p	-	27	145	52	51	91	339
	5p	-	28	143	57	53	86	339
	5p	-	29	150	67	66	56	339
	5p	-	30	168	52	43	76	339
	5p	-	31	76	28	17	32	153
	5p	-	32	32	11	9	19	71
	5p	-	33	22	10	8	5	45
	5p	-	34	15	8	7	2	32
	5p	-	35	13	4	3	6	26
	5p	-	36	14	4	1	2	21
	5p	-	37	6	2	3	4	15
	5p	-	38	7	1	2	3	13
	5p	-	39	5	1	2	4	12
	5p	-	40	6	0	4	2	12
	5p	-	41	5	1	3	2	11
	5p	-	42	2	3	3	2	10
	5p	-	43	6	0	2	2	10
	5p	-	44	3	2	1	3	9
	5p	-	45	6	0	1	2	9
	5p	-	46	2	0	3	4	9
	5p	-	47	1	4	2	2	9
	5p	-	48	1	3	2	3	9
	5p	-	49	3	2	2	2	9
	5p	-	50	3	0	2	4	9
	5p	-	51	4	1	3	1	9
	5p	-	52	2	2	1	3	8
	5p	-	53	3	1	0	3	7
	5p	-	54	1	1	2	3	7
	5p	-	55	2	3	1	1	7
	5p	-	56	4	2	0	1	7
	5p	-	57	3	1	2	1	7
	5p	-	58	0	1	4	2	7
	5p	-	59	4	1	0	2	7
	5p	-	60	1	4	0	2	7
	5p	-	61	4	0	0	3	7
	5p	-	62	1	3	1	2	7
	5p	-	63	5	2	0	0	7
	5p	-	64	3	2	1	1	7
	5p	-	65	2	2	3	0	7
	5p	-	66	1	1	2	2	6
	5p	-	67	3	1	1	1	6
	5p	-	68	2	2	1	1	6
	5p	-	69	2	0	1	3	6
	5p	-	70	2	2	2	0	6
	5p	-	71	3	2	0	1	6
	5p	-	72	4	0	1	1	6
	5p	-	73	2	3	0	1	6
	5p	-	74	3	0	1	1	5
	5p	-	75	1	1	0	2	4
	5p	-	76	2	0	2	0	4
	5p	-	77	1	1	0	2	4
	5p	-	78	0	1	2	1	4
	5p	-	79	1	0	2	1	4
	5p	-	80	1	0	1	2	4
	5p	-	81	1	2	0	1	4
	5p	-	82	1	1	1	1	4
	5p	-	83	2	2	0	0	4
	5p	-	84	1	1	1	1	4
	5p	-	85	1	1	1	1	4
	5p	-	86	0	1	1	2	4
	5p	-	87	2	1	1	0	4
	5p	-	88	1	1	0	2	4
	5p	-	89	1	1	0	2	4
	5p	-	90	1	1	2	0	4
	5p	-	91	3	0	0	1	4
	5p	-	92	1	1	2	0	4
	5p	-	93	2	0	0	2	4
	5p	-	94	1	2	1	0	4
	5p	-	95	1	1	1	1	4
	5p	-	96	2	0	1	1	4
	5p	-	97	1	0	2	1	4
	5p	-	98	4	0	0	0	4
	5p	-	99	2	2	0	0	4
	5p	-	100	1	0	1	2	4
