# table produced by DamageProfiler
# using mapped file ScA007.BuffaloCape_Human_nc.Target.rmdup.noMicro.bam
# Sample ID: ScA007.BuffaloCape_Human_nc.Target.rmdup.noMicro.bam
Pos	C>T	G>A	A>C	A>G	A>T	C>A	C>G	G>C	G>T	T>A	T>C	T>G	->ACGT	ACGT>-
24	0.000000	0.035088	0.000000	0.000000	0.014925	0.000000	0.018868	0.035088	0.000000	0.000000	0.016129	0.000000	0.033473	0.000000
23	0.000000	0.040000	0.000000	0.045455	0.015152	0.062500	0.000000	0.000000	0.040000	0.000000	0.032258	0.000000	0.028926	0.000000
22	0.000000	0.020408	0.014493	0.014493	0.028986	0.000000	0.021739	0.040816	0.020408	0.014085	0.000000	0.000000	0.059574	0.000000
21	0.016129	0.000000	0.000000	0.000000	0.000000	0.000000	0.016129	0.022222	0.044444	0.000000	0.000000	0.033333	0.055319	0.000000
20	0.016667	0.041667	0.013158	0.026316	0.013158	0.050000	0.016667	0.000000	0.041667	0.000000	0.016393	0.000000	0.028571	0.000000
19	0.000000	0.022222	0.000000	0.000000	0.014085	0.030303	0.060606	0.066667	0.022222	0.045455	0.030303	0.000000	0.004032	0.000000
18	0.000000	0.000000	0.013514	0.013514	0.000000	0.000000	0.060000	0.037736	0.018868	0.032258	0.032258	0.048387	0.029289	0.000000
17	0.000000	0.022222	0.024390	0.024390	0.012195	0.000000	0.000000	0.022222	0.000000	0.016667	0.016667	0.033333	0.033058	0.000000
16	0.017241	0.041667	0.016667	0.016667	0.033333	0.017241	0.034483	0.041667	0.041667	0.013333	0.013333	0.013333	0.029046	0.000000
15	0.000000	0.044444	0.013889	0.000000	0.000000	0.020408	0.020408	0.000000	0.044444	0.042254	0.014085	0.014085	0.054852	0.000000
14	0.020000	0.037037	0.033333	0.000000	0.050000	0.020000	0.020000	0.018519	0.000000	0.056338	0.028169	0.000000	0.055319	0.000000
13	0.054795	0.025000	0.000000	0.032787	0.098361	0.082192	0.013699	0.025000	0.050000	0.047619	0.047619	0.000000	0.042194	0.000000
12	0.035714	0.000000	0.013889	0.027778	0.000000	0.017857	0.035714	0.040816	0.020408	0.015625	0.000000	0.015625	0.033195	0.000000
11	0.022222	0.038462	0.028169	0.000000	0.014085	0.000000	0.022222	0.057692	0.000000	0.014925	0.029851	0.014925	0.059574	0.000000
10	0.000000	0.034483	0.000000	0.016393	0.016393	0.035714	0.017857	0.051724	0.034483	0.014706	0.073529	0.014706	0.028807	0.000000
9	0.015625	0.021739	0.026316	0.013158	0.000000	0.000000	0.015625	0.021739	0.043478	0.070175	0.000000	0.017544	0.020576	0.000000
8	0.016949	0.022222	0.013514	0.013514	0.040541	0.000000	0.016949	0.022222	0.000000	0.015385	0.000000	0.015385	0.024691	0.000000
7	0.000000	0.019608	0.000000	0.023256	0.046512	0.000000	0.023256	0.000000	0.000000	0.015385	0.000000	0.046154	0.020408	0.000000
6	0.000000	0.019231	0.027027	0.000000	0.027027	0.018519	0.000000	0.000000	0.000000	0.031746	0.047619	0.000000	0.024691	0.000000
5	0.000000	0.060000	0.014286	0.000000	0.000000	0.019231	0.019231	0.020000	0.000000	0.000000	0.000000	0.013158	0.008065	0.000000
4	0.018868	0.020833	0.022222	0.011111	0.000000	0.018868	0.037736	0.041667	0.062500	0.033898	0.016949	0.016949	0.008000	0.000000
3	0.016393	0.000000	0.048780	0.073171	0.024390	0.016393	0.049180	0.000000	0.000000	0.000000	0.000000	0.017857	0.000000	0.000000
2	0.032258	0.014493	0.013158	0.013158	0.026316	0.048387	0.000000	0.000000	0.000000	0.000000	0.044444	0.044444	0.000000	0.000000
1	0.000000	0.036364	0.000000	0.013158	0.000000	0.000000	0.000000	0.036364	0.036364	0.000000	0.018182	0.036364	0.000000	0.000000
0	0.000000	0.070175	0.000000	0.023529	0.023529	0.039216	0.000000	0.017544	0.017544	0.084746	0.033898	0.016949	0.000000	0.000000
