# table produced by DamageProfiler
# using mapped file ScA042.BuffaloCape_Human_nc.Target.rmdup.noMicro.bam
# Sample ID: ScA042.BuffaloCape_Human_nc.Target.rmdup.noMicro.bam
Pos	C>T	G>A	A>C	A>G	A>T	C>A	C>G	G>C	G>T	T>A	T>C	T>G	->ACGT	ACGT>-
24	0.005145	0.003130	0.000593	0.002791	0.000716	0.001390	0.000622	0.000732	0.002773	0.000648	0.002223	0.000777	0.000269	0.000000
23	0.005416	0.003383	0.000783	0.002592	0.000783	0.001445	0.000933	0.000734	0.003065	0.000583	0.002128	0.000700	0.000284	0.000000
22	0.005422	0.003759	0.000696	0.002875	0.000736	0.001495	0.000830	0.000809	0.002876	0.000638	0.002315	0.000563	0.000266	0.000000
21	0.005406	0.003169	0.000763	0.002916	0.000692	0.001253	0.000672	0.000846	0.003169	0.000759	0.002068	0.000785	0.000298	0.000000
20	0.004723	0.003443	0.000659	0.002594	0.000689	0.001455	0.000735	0.000793	0.002723	0.000604	0.002170	0.000673	0.000271	0.000000
19	0.005274	0.003355	0.000750	0.002857	0.000709	0.001267	0.000752	0.000812	0.002698	0.000694	0.002247	0.000715	0.000277	0.000000
18	0.005088	0.003694	0.000797	0.002789	0.000695	0.001337	0.000766	0.000952	0.002832	0.000582	0.002445	0.000731	0.000311	0.000000
17	0.005384	0.003772	0.000623	0.002661	0.000792	0.001282	0.000880	0.000786	0.003077	0.000649	0.002134	0.000782	0.000292	0.000000
16	0.004978	0.003367	0.000850	0.002838	0.000779	0.001460	0.000697	0.000709	0.002975	0.000661	0.002333	0.000767	0.000265	0.000000
15	0.005394	0.003807	0.000803	0.002820	0.000803	0.001336	0.000869	0.000845	0.002929	0.000733	0.002253	0.000562	0.000271	0.000000
14	0.005265	0.003454	0.000787	0.002609	0.000660	0.001286	0.000729	0.000727	0.003054	0.000661	0.002097	0.000839	0.000237	0.000000
13	0.005198	0.003389	0.000616	0.002703	0.000788	0.001552	0.000805	0.000849	0.003356	0.000568	0.002191	0.000788	0.000242	0.000000
12	0.005538	0.003492	0.000628	0.002680	0.000719	0.001448	0.000691	0.000817	0.003021	0.000619	0.001984	0.000688	0.000223	0.000000
11	0.005588	0.003408	0.000794	0.002791	0.000915	0.001221	0.000814	0.000799	0.003327	0.000568	0.002357	0.000648	0.000250	0.000000
10	0.005898	0.003316	0.000679	0.002761	0.000850	0.001560	0.001009	0.000860	0.003054	0.000771	0.002137	0.000718	0.000229	0.000000
9	0.006177	0.003767	0.000717	0.002917	0.000656	0.001669	0.000902	0.000936	0.003283	0.000608	0.002042	0.000800	0.000241	0.000000
8	0.006369	0.003581	0.000712	0.002869	0.000792	0.001399	0.000738	0.000808	0.003108	0.000735	0.002318	0.000832	0.000225	0.000000
7	0.006880	0.003420	0.000732	0.002754	0.000819	0.001487	0.000966	0.000775	0.003020	0.000691	0.001968	0.000750	0.000185	0.000000
6	0.006424	0.003691	0.000745	0.002783	0.000924	0.001647	0.001015	0.000773	0.003214	0.000642	0.002228	0.000692	0.000174	0.000000
5	0.006634	0.004029	0.000686	0.002877	0.001097	0.001763	0.000877	0.001007	0.003633	0.000722	0.002386	0.000874	0.000115	0.000000
4	0.007407	0.004500	0.000918	0.002670	0.001154	0.001850	0.000878	0.000739	0.003778	0.001065	0.002601	0.000799	0.000086	0.000000
3	0.007651	0.004476	0.001015	0.002609	0.001357	0.002220	0.000957	0.001147	0.003781	0.001357	0.002832	0.001070	0.000054	0.000000
2	0.007563	0.005256	0.001151	0.002787	0.001438	0.003033	0.000982	0.001849	0.004070	0.001801	0.002819	0.001176	0.000013	0.000000
1	0.052331	0.007090	0.001185	0.002626	0.001489	0.002857	0.000876	0.001879	0.003363	0.001623	0.003222	0.001109	0.000003	0.000000
0	0.166281	0.008822	0.000932	0.002248	0.002090	0.004656	0.001079	0.001264	0.004606	0.001844	0.002355	0.001012	0.000000	0.000000
