# table produced by DamageProfiler
# using mapped file ScA042.BuffaloCape_Human_nc.Target.rmdup.noMicro.bam
# Sample ID: ScA042.BuffaloCape_Human_nc.Target.rmdup.noMicro.bam
Chr	End	Std	Pos	A	C	G	T	Total
	3p	+	1	120116	45685	42278	105775	313854
	3p	+	2	111829	64443	49376	88206	313854
	3p	+	3	106493	61714	56273	89374	313854
	3p	+	4	105219	61494	57559	89582	313854
	3p	+	5	106123	58116	58780	90835	313854
	3p	+	6	107256	56965	60540	89093	313854
	3p	+	7	103329	58223	61019	91283	313854
	3p	+	8	102913	57272	61248	92421	313854
	3p	+	9	100830	58080	61234	93710	313854
	3p	+	10	99699	59000	61001	94154	313854
	3p	+	11	99072	59629	61082	94071	313854
	3p	+	12	99103	59669	61440	93642	313854
	3p	+	13	98549	60636	60573	94096	313854
	3p	+	14	98991	60513	60529	93821	313854
	3p	+	15	98615	60936	60984	93319	313854
	3p	+	16	98620	60833	60991	93410	313854
	3p	+	17	97550	60594	61445	94265	313854
	3p	+	18	98070	60453	60944	94387	313854
	3p	+	19	97834	61296	60872	93852	313854
	3p	+	20	98149	60831	60865	94009	313854
	3p	+	21	97912	60778	60931	94233	313854
	3p	+	22	98107	60910	60632	94205	313854
	3p	+	23	98384	60875	60967	93628	313854
	3p	+	24	98357	60489	60996	94012	313854
	3p	+	25	98078	60777	61357	93642	313854
	3p	+	26	98075	60657	61930	93192	313854
	3p	+	27	97512	61062	61983	93297	313854
	3p	+	28	97688	60435	62463	93268	313854
	3p	+	29	97684	60326	62197	93647	313854
	3p	+	30	98037	60401	61969	93447	313854
	3p	+	31	94706	58824	59364	90180	303074
	3p	+	32	91264	56416	57200	86948	291828
	3p	+	33	87895	53532	54823	83783	280033
	3p	+	34	83838	51556	52462	80400	268256
	3p	+	35	80791	48868	50154	76551	256364
	3p	+	36	76809	46772	47830	72973	244384
	3p	+	37	73345	44283	45229	69730	232587
	3p	+	38	68848	42116	43208	66532	220704
	3p	+	39	65580	39695	40707	63087	209069
	3p	+	40	62015	37433	38595	59659	197702
	3p	+	41	58757	35212	36487	56441	186897
	3p	+	42	55288	33183	34587	52988	176046
	3p	+	43	52300	30995	31908	50255	165458
	3p	+	44	49134	29210	30164	46826	155334
	3p	+	45	45915	27402	28191	44154	145662
	3p	+	46	42813	25710	26574	41474	136571
	3p	+	47	40214	23893	24950	38858	127915
	3p	+	48	37560	22429	23371	36363	119723
	3p	+	49	35421	20699	21878	33859	111857
	3p	+	50	32909	19510	20318	31632	104369
	3p	+	51	30679	18218	18916	29463	97276
	3p	+	52	28383	17089	17733	27452	90657
	3p	+	53	26439	15843	16526	25630	84438
	3p	+	54	24589	14667	15309	23943	78508
	3p	+	55	22906	13587	14334	22083	72910
	3p	+	56	21320	12718	13244	20473	67755
	3p	+	57	19619	11750	12322	19249	62940
	3p	+	58	18281	10879	11329	17858	58347
	3p	+	59	16860	10050	10581	16546	54037
	3p	+	60	15644	9454	9766	15175	50039
	3p	+	61	14388	8850	8966	14094	46298
	3p	+	62	13399	8026	8271	13062	42758
	3p	+	63	12223	7516	7741	12037	39517
	3p	+	64	11238	6924	7281	11041	36484
	3p	+	65	10316	6344	6605	10394	33659
	3p	+	66	9585	5771	6123	9519	30998
	3p	+	67	9018	5267	5455	8729	28469
	3p	+	68	8092	4962	5123	7913	26090
	3p	+	69	7462	4446	4618	7427	23953
	3p	+	70	6789	4172	4299	6709	21969
	3p	+	71	6186	3739	3937	6182	20044
	3p	+	72	5637	3465	3643	5514	18259
	3p	+	73	5194	3063	3288	5146	16691
	3p	+	74	4603	2871	3029	4663	15166
	3p	+	75	4222	2593	2697	4213	13725
	3p	+	76	3836	2304	2461	3816	12417
	3p	+	77	3462	2137	2180	3427	11206
	3p	+	78	3067	1943	1993	3039	10042
	3p	+	79	2792	1699	1748	2741	8980
	3p	+	80	2453	1535	1532	2432	7952
	3p	+	81	2177	1329	1357	2112	6975
	3p	+	82	1887	1205	1216	1833	6141
	3p	+	83	1626	996	1022	1642	5286
	3p	+	84	1387	856	871	1399	4513
	3p	+	85	1199	690	764	1167	3820
	3p	+	86	975	648	631	910	3164
	3p	+	87	804	462	521	732	2519
	3p	+	88	588	380	369	586	1923
	3p	+	89	464	259	218	462	1403
	3p	+	90	268	177	162	293	900
	3p	+	91	148	84	65	143	440
	3p	+	92	0	0	0	0	0
	3p	+	93	0	0	0	0	0
	3p	+	94	0	0	0	0	0
	3p	+	95	0	0	0	0	0
	3p	+	96	0	0	0	0	0
	3p	+	97	0	0	0	0	0
	3p	+	98	0	0	0	0	0
	3p	+	99	0	0	0	0	0
	3p	+	100	0	0	0	0	0
	3p	-	1	120461	45618	42010	105886	313975
	3p	-	2	111923	64730	49311	88011	313975
	3p	-	3	106471	62086	56411	89007	313975
	3p	-	4	105594	62313	57274	88794	313975
	3p	-	5	106177	58774	58766	90258	313975
	3p	-	6	106748	57841	60406	88980	313975
	3p	-	7	103188	58607	60545	91635	313975
	3p	-	8	103248	57242	61218	92267	313975
	3p	-	9	101244	58122	61296	93313	313975
	3p	-	10	99849	59297	60758	94071	313975
	3p	-	11	99777	59889	60988	93321	313975
	3p	-	12	98581	60587	61083	93724	313975
	3p	-	13	98847	60582	60455	94091	313975
	3p	-	14	98887	61016	60645	93427	313975
	3p	-	15	98396	60955	61395	93229	313975
	3p	-	16	98219	60930	60774	94052	313975
	3p	-	17	97634	61200	61184	93957	313975
	3p	-	18	97755	60948	61131	94141	313975
	3p	-	19	97961	61236	60838	93940	313975
	3p	-	20	97839	61267	61031	93838	313975
	3p	-	21	97944	61403	61259	93369	313975
	3p	-	22	98323	60957	61142	93553	313975
	3p	-	23	98525	60591	61312	93547	313975
	3p	-	24	98403	60355	61581	93636	313975
	3p	-	25	97499	61269	61611	93596	313975
	3p	-	26	97690	60566	61509	94210	313975
	3p	-	27	97901	60714	62191	93169	313975
	3p	-	28	97916	60849	62068	93142	313975
	3p	-	29	97512	60963	61936	93564	313975
	3p	-	30	97957	61047	61787	93184	313975
	3p	-	31	95162	58858	59100	89826	302946
	3p	-	32	91133	56604	57296	86693	291726
	3p	-	33	88036	53542	54879	83701	280158
	3p	-	34	84146	51526	52717	80081	268470
	3p	-	35	80457	48724	50274	77102	256557
	3p	-	36	76458	47004	48049	73133	244644
	3p	-	37	73481	44570	44981	69697	232729
	3p	-	38	69368	41894	43327	66327	220916
	3p	-	39	65530	39464	41194	63160	209348
	3p	-	40	62367	37456	38407	59715	197945
	3p	-	41	58528	35456	36288	56648	186920
	3p	-	42	55386	33511	34333	52954	176184
	3p	-	43	51947	31393	32472	49996	165808
	3p	-	44	49119	29277	30390	47048	155834
	3p	-	45	45844	27485	28770	44227	146326
	3p	-	46	43273	25509	26971	41210	136963
	3p	-	47	40333	23993	25169	38607	128102
	3p	-	48	37552	22462	23472	36300	119786
	3p	-	49	35167	21140	21742	34034	112083
	3p	-	50	32878	19510	20386	31706	104480
	3p	-	51	30590	18181	19074	29609	97454
	3p	-	52	28467	17046	17707	27593	90813
	3p	-	53	26678	15611	16455	25709	84453
	3p	-	54	24811	14497	15365	23822	78495
	3p	-	55	22822	13423	14410	22360	73015
	3p	-	56	21344	12706	13046	20731	67827
	3p	-	57	19787	11681	12526	18920	62914
	3p	-	58	18234	11134	11274	17753	58395
	3p	-	59	16959	10239	10639	16286	54123
	3p	-	60	15708	9358	9808	15268	50142
	3p	-	61	14389	8783	9004	14150	46326
	3p	-	62	13394	8033	8299	13117	42843
	3p	-	63	12272	7549	7760	11998	39579
	3p	-	64	11265	6950	7127	11162	36504
	3p	-	65	10530	6338	6373	10486	33727
	3p	-	66	9747	5966	6004	9234	30951
	3p	-	67	8854	5330	5487	8722	28393
	3p	-	68	8054	4967	5143	7938	26102
	3p	-	69	7505	4582	4589	7307	23983
	3p	-	70	6856	4139	4216	6741	21952
	3p	-	71	6176	3825	3907	6142	20050
	3p	-	72	5712	3374	3590	5636	18312
	3p	-	73	5247	3162	3255	5034	16698
	3p	-	74	4703	2903	2986	4654	15246
	3p	-	75	4191	2591	2787	4220	13789
	3p	-	76	3779	2287	2455	3871	12392
	3p	-	77	3393	2159	2152	3424	11128
	3p	-	78	3095	1947	1922	3020	9984
	3p	-	79	2738	1720	1729	2738	8925
	3p	-	80	2515	1497	1493	2454	7959
	3p	-	81	2206	1348	1392	2113	7059
	3p	-	82	1959	1162	1139	1930	6190
	3p	-	83	1673	1012	1078	1600	5363
	3p	-	84	1414	852	898	1393	4557
	3p	-	85	1201	700	747	1150	3798
	3p	-	86	995	572	630	913	3110
	3p	-	87	764	445	490	784	2483
	3p	-	88	613	371	367	582	1933
	3p	-	89	403	282	260	443	1388
	3p	-	90	281	165	146	300	892
	3p	-	91	137	77	63	129	406
	3p	-	92	0	0	0	0	0
	3p	-	93	0	0	0	0	0
	3p	-	94	0	0	0	0	0
	3p	-	95	0	0	0	0	0
	3p	-	96	0	0	0	0	0
	3p	-	97	0	0	0	0	0
	3p	-	98	0	0	0	0	0
	3p	-	99	0	0	0	0	0
	3p	-	100	0	0	0	0	0
	5p	+	1	110462	60174	48135	95083	313854
	5p	+	2	97047	55236	67516	94018	313817
	5p	+	3	98532	59891	63703	91728	313854
	5p	+	4	97102	60106	67175	89471	313854
	5p	+	5	95431	60948	65172	92303	313854
	5p	+	6	92634	61197	65899	94124	313854
	5p	+	7	96847	59447	65412	92148	313854
	5p	+	8	99788	58934	62021	93111	313854
	5p	+	9	99656	59302	61544	93352	313854
	5p	+	10	99212	59425	61291	93926	313854
	5p	+	11	98596	60070	61331	93857	313854
	5p	+	12	97973	61195	61416	93270	313854
	5p	+	13	98240	61212	60558	93842	313852
	5p	+	14	97709	60917	61400	93828	313854
	5p	+	15	97990	60949	61275	93640	313854
	5p	+	16	97973	61515	61190	93176	313854
	5p	+	17	98553	60632	61129	93540	313854
	5p	+	18	97303	61088	61623	93840	313854
	5p	+	19	98058	60818	61603	93375	313854
	5p	+	20	98050	60781	61379	93644	313854
	5p	+	21	98277	61488	60770	93319	313854
	5p	+	22	98173	61241	60875	93565	313854
	5p	+	23	98531	60576	60818	93929	313854
	5p	+	24	99023	60721	60675	93435	313854
	5p	+	25	99234	60509	60846	93265	313854
	5p	+	26	99328	59766	61009	93751	313854
	5p	+	27	99426	60360	60847	93221	313854
	5p	+	28	100098	60663	60130	92963	313854
	5p	+	29	101198	60343	59792	92521	313854
	5p	+	30	101614	59965	59278	92997	313854
	5p	+	31	98670	57645	56805	89954	303074
	5p	+	32	94947	55239	54901	86741	291828
	5p	+	33	91363	52984	52672	83014	280033
	5p	+	34	87782	50528	50301	79645	268256
	5p	+	35	83778	48224	47647	76715	256364
	5p	+	36	79835	45873	45404	73272	244384
	5p	+	37	76244	43375	43444	69524	232587
	5p	+	38	71999	41052	41063	66590	220704
	5p	+	39	68528	39002	38774	62765	209069
	5p	+	40	65066	36644	36621	59371	197702
	5p	+	41	61297	34508	34493	56599	186897
	5p	+	42	57452	32628	32917	53049	176046
	5p	+	43	53993	30454	30501	50510	165458
	5p	+	44	51109	28435	28625	47165	155334
	5p	+	45	47392	27143	26738	44389	145662
	5p	+	46	44314	25505	25123	41629	136571
	5p	+	47	41766	23827	23530	38792	127915
	5p	+	48	39015	22114	22198	36396	119723
	5p	+	49	36334	20762	20684	34077	111857
	5p	+	50	34227	19216	19212	31714	104369
	5p	+	51	31702	18032	17909	29633	97276
	5p	+	52	29561	16682	16639	27780	90662
	5p	+	53	27112	15658	15559	26110	84439
	5p	+	54	25684	14613	14281	23932	78510
	5p	+	55	23765	13426	13401	22319	72911
	5p	+	56	22174	12355	12471	20755	67755
	5p	+	57	20419	11584	11695	19245	62943
	5p	+	58	18957	10727	10838	17828	58350
	5p	+	59	17558	9961	9957	16564	54040
	5p	+	60	16235	9391	9172	15243	50041
	5p	+	61	15088	8596	8527	14089	46300
	5p	+	62	13916	7837	7804	13201	42758
	5p	+	63	12699	7363	7218	12237	39517
	5p	+	64	11973	6763	6590	11161	36487
	5p	+	65	10870	6232	6174	10384	33660
	5p	+	66	10073	5688	5627	9612	31000
	5p	+	67	9184	5300	5244	8742	28470
	5p	+	68	8540	4785	4843	7923	26091
	5p	+	69	7623	4556	4423	7351	23953
	5p	+	70	7087	4090	3944	6848	21969
	5p	+	71	6484	3670	3698	6193	20045
	5p	+	72	5953	3379	3309	5619	18260
	5p	+	73	5376	3134	3058	5125	16693
	5p	+	74	4930	2815	2760	4661	15166
	5p	+	75	4494	2533	2483	4215	13725
	5p	+	76	4086	2302	2236	3794	12418
	5p	+	77	3730	2013	1995	3468	11206
	5p	+	78	3265	1896	1850	3031	10042
	5p	+	79	2969	1657	1566	2788	8980
	5p	+	80	2649	1440	1440	2423	7952
	5p	+	81	2344	1277	1267	2087	6975
	5p	+	82	2063	1093	1157	1830	6143
	5p	+	83	1754	929	952	1651	5286
	5p	+	84	1502	825	788	1398	4513
	5p	+	85	1301	705	664	1151	3821
	5p	+	86	1061	565	550	988	3164
	5p	+	87	860	458	421	780	2519
	5p	+	88	685	344	289	605	1923
	5p	+	89	469	248	224	463	1404
	5p	+	90	289	174	151	286	900
	5p	+	91	148	75	65	152	440
	5p	+	92	0	0	0	0	0
	5p	+	93	0	0	0	0	0
	5p	+	94	0	0	0	0	0
	5p	+	95	0	0	0	0	0
	5p	+	96	0	0	0	0	0
	5p	+	97	0	0	0	0	0
	5p	+	98	0	0	0	0	0
	5p	+	99	0	0	0	0	0
	5p	+	100	0	0	0	0	0
	5p	-	1	110279	60273	48442	94981	313975
	5p	-	2	96753	55383	67480	94324	313940
	5p	-	3	98555	59861	63568	91991	313975
	5p	-	4	97168	60459	66862	89486	313975
	5p	-	5	94929	61109	65487	92450	313975
	5p	-	6	93090	60768	65837	94280	313975
	5p	-	7	96896	59459	65019	92601	313975
	5p	-	8	100567	58793	62177	92438	313975
	5p	-	9	99712	59216	61819	93228	313975
	5p	-	10	99119	59558	61914	93384	313975
	5p	-	11	98965	60278	61440	93292	313975
	5p	-	12	98449	61200	61435	92891	313975
	5p	-	13	98161	61265	60841	93707	313974
	5p	-	14	97817	61003	61435	93720	313975
	5p	-	15	97665	60746	61567	93995	313973
	5p	-	16	97526	61597	61468	93384	313975
	5p	-	17	98182	61252	61157	93384	313975
	5p	-	18	97805	61431	61055	93684	313975
	5p	-	19	97997	61308	61250	93420	313975
	5p	-	20	97551	60977	61336	94110	313974
	5p	-	21	97719	61456	61282	93518	313975
	5p	-	22	98707	60819	60892	93557	313975
	5p	-	23	98817	60797	61072	93289	313975
	5p	-	24	98872	60688	60986	93429	313975
	5p	-	25	99237	60727	60635	93376	313975
	5p	-	26	100030	60704	60297	92944	313975
	5p	-	27	100046	60751	60460	92718	313975
	5p	-	28	100530	60902	60200	92343	313975
	5p	-	29	100499	61111	60102	92263	313975
	5p	-	30	101817	60699	59250	92209	313975
	5p	-	31	98505	58205	56885	89351	302946
	5p	-	32	94781	55570	54289	87086	291726
	5p	-	33	90888	53249	52450	83571	280158
	5p	-	34	87657	50919	50271	79623	268470
	5p	-	35	83620	48486	47714	76737	256557
	5p	-	36	80128	45953	45401	73162	244644
	5p	-	37	76321	43927	42969	69512	232729
	5p	-	38	72539	41360	41062	65955	220916
	5p	-	39	68693	39198	38811	62646	209348
	5p	-	40	64757	37045	36649	59494	197945
	5p	-	41	60962	34952	34771	56235	186920
	5p	-	42	57704	32705	32630	53145	176184
	5p	-	43	54304	31073	30590	49841	165808
	5p	-	44	50750	29122	29036	46926	155834
	5p	-	45	47707	27178	27113	44328	146326
	5p	-	46	44827	25269	25247	41620	136963
	5p	-	47	41768	23634	23860	38840	128102
	5p	-	48	39069	22169	22012	36536	119786
	5p	-	49	36730	20665	20529	34159	112083
	5p	-	50	33892	19208	19436	31944	104480
	5p	-	51	31929	18157	17892	29477	97455
	5p	-	52	29476	16807	16569	27964	90816
	5p	-	53	27335	15821	15588	25714	84458
	5p	-	54	25243	14638	14515	24100	78496
	5p	-	55	23800	13405	13483	22330	73018
	5p	-	56	22206	12462	12499	20662	67829
	5p	-	57	20212	11661	11585	19460	62918
	5p	-	58	19188	10659	10634	17918	58399
	5p	-	59	17560	9991	10028	16546	54125
	5p	-	60	16186	9294	9357	15308	50145
	5p	-	61	15017	8427	8628	14256	46328
	5p	-	62	13922	8070	7732	13120	42844
	5p	-	63	12926	7428	7107	12120	39581
	5p	-	64	11846	6793	6703	11164	36506
	5p	-	65	11019	6263	6187	10258	33727
	5p	-	66	10094	5691	5701	9466	30952
	5p	-	67	9315	5173	5230	8675	28393
	5p	-	68	8432	4820	4772	8078	26102
	5p	-	69	7753	4451	4421	7358	23983
	5p	-	70	7162	4106	3954	6730	21952
	5p	-	71	6522	3660	3685	6185	20052
	5p	-	72	5951	3399	3393	5569	18312
	5p	-	73	5455	3072	3072	5099	16698
	5p	-	74	4978	2830	2738	4700	15246
	5p	-	75	4542	2443	2514	4291	13790
	5p	-	76	3924	2277	2332	3859	12392
	5p	-	77	3549	2107	2005	3467	11128
	5p	-	78	3305	1875	1714	3090	9984
	5p	-	79	2977	1669	1587	2692	8925
	5p	-	80	2616	1505	1406	2432	7959
	5p	-	81	2347	1341	1259	2112	7059
	5p	-	82	2078	1134	1100	1878	6190
	5p	-	83	1810	997	914	1642	5363
	5p	-	84	1567	779	782	1429	4557
	5p	-	85	1285	683	691	1139	3798
	5p	-	86	1052	591	525	942	3110
	5p	-	87	881	454	415	733	2483
	5p	-	88	651	364	333	585	1933
	5p	-	89	487	277	213	411	1388
	5p	-	90	302	177	115	298	892
	5p	-	91	133	68	56	149	406
	5p	-	92	0	0	0	0	0
	5p	-	93	0	0	0	0	0
	5p	-	94	0	0	0	0	0
	5p	-	95	0	0	0	0	0
	5p	-	96	0	0	0	0	0
	5p	-	97	0	0	0	0	0
	5p	-	98	0	0	0	0	0
	5p	-	99	0	0	0	0	0
	5p	-	100	0	0	0	0	0
