# table produced by DamageProfiler
# using mapped file PaA017.BuffaloCape_Human_nc.Target.rmdup.noMicro.bam
# Sample ID: PaA017.BuffaloCape_Human_nc.Target.rmdup.noMicro.bam
Chr	End	Std	Pos	A	C	G	T	Total
	3p	+	1	999	270	259	1089	2617
	3p	+	2	1030	467	340	780	2617
	3p	+	3	950	484	417	766	2617
	3p	+	4	931	513	428	745	2617
	3p	+	5	971	483	392	771	2617
	3p	+	6	979	455	460	723	2617
	3p	+	7	930	492	464	731	2617
	3p	+	8	934	471	435	777	2617
	3p	+	9	882	492	490	753	2617
	3p	+	10	876	506	439	796	2617
	3p	+	11	905	511	409	792	2617
	3p	+	12	915	494	459	749	2617
	3p	+	13	903	484	412	818	2617
	3p	+	14	895	500	448	774	2617
	3p	+	15	917	484	465	751	2617
	3p	+	16	915	504	453	745	2617
	3p	+	17	862	496	457	802	2617
	3p	+	18	900	478	478	761	2617
	3p	+	19	897	473	458	789	2617
	3p	+	20	854	493	464	806	2617
	3p	+	21	885	456	470	806	2617
	3p	+	22	908	460	452	797	2617
	3p	+	23	896	474	477	770	2617
	3p	+	24	877	495	461	784	2617
	3p	+	25	863	489	476	789	2617
	3p	+	26	878	496	459	784	2617
	3p	+	27	877	508	485	747	2617
	3p	+	28	902	495	475	745	2617
	3p	+	29	873	485	484	775	2617
	3p	+	30	879	494	469	775	2617
	3p	+	31	802	424	425	736	2387
	3p	+	32	788	385	391	688	2252
	3p	+	33	731	403	363	636	2133
	3p	+	34	715	367	352	608	2042
	3p	+	35	688	317	332	629	1966
	3p	+	36	687	324	309	555	1875
	3p	+	37	625	333	303	537	1798
	3p	+	38	586	277	281	577	1721
	3p	+	39	583	305	272	498	1658
	3p	+	40	552	282	246	492	1572
	3p	+	41	507	265	255	482	1509
	3p	+	42	503	263	228	439	1433
	3p	+	43	478	255	218	428	1379
	3p	+	44	426	216	243	427	1312
	3p	+	45	420	192	236	387	1235
	3p	+	46	408	215	186	363	1172
	3p	+	47	367	206	192	346	1111
	3p	+	48	377	164	174	331	1046
	3p	+	49	333	202	159	292	986
	3p	+	50	307	172	153	293	925
	3p	+	51	301	160	134	278	873
	3p	+	52	273	143	141	260	817
	3p	+	53	284	140	125	233	782
	3p	+	54	257	120	132	232	741
	3p	+	55	230	116	109	240	695
	3p	+	56	207	144	98	211	660
	3p	+	57	194	109	112	195	610
	3p	+	58	195	87	115	181	578
	3p	+	59	163	111	100	163	537
	3p	+	60	159	89	91	161	500
	3p	+	61	174	76	68	144	462
	3p	+	62	144	86	75	140	445
	3p	+	63	131	79	71	137	418
	3p	+	64	117	76	74	121	388
	3p	+	65	119	60	55	128	362
	3p	+	66	104	70	58	109	341
	3p	+	67	97	61	54	102	314
	3p	+	68	97	59	47	91	294
	3p	+	69	105	48	42	79	274
	3p	+	70	85	41	49	84	259
	3p	+	71	63	37	44	78	222
	3p	+	72	72	35	34	66	207
	3p	+	73	60	39	19	68	186
	3p	+	74	46	42	27	54	169
	3p	+	75	51	23	28	52	154
	3p	+	76	49	32	18	46	145
	3p	+	77	39	28	24	45	136
	3p	+	78	43	21	18	40	122
	3p	+	79	42	28	8	35	113
	3p	+	80	29	16	22	30	97
	3p	+	81	21	14	14	37	86
	3p	+	82	25	16	7	23	71
	3p	+	83	21	12	8	18	59
	3p	+	84	16	11	5	16	48
	3p	+	85	20	5	5	10	40
	3p	+	86	17	5	3	8	33
	3p	+	87	12	4	4	7	27
	3p	+	88	8	2	3	8	21
	3p	+	89	7	2	3	6	18
	3p	+	90	2	3	0	5	10
	3p	+	91	1	3	0	2	6
	3p	+	92	0	0	0	0	0
	3p	+	93	0	0	0	0	0
	3p	+	94	0	0	0	0	0
	3p	+	95	0	0	0	0	0
	3p	+	96	0	0	0	0	0
	3p	+	97	0	0	0	0	0
	3p	+	98	0	0	0	0	0
	3p	+	99	0	0	0	0	0
	3p	+	100	0	0	0	0	0
	3p	-	1	1035	282	274	1039	2630
	3p	-	2	1054	484	376	716	2630
	3p	-	3	929	512	449	740	2630
	3p	-	4	956	489	415	770	2630
	3p	-	5	976	478	408	768	2630
	3p	-	6	949	488	461	732	2630
	3p	-	7	959	495	462	714	2630
	3p	-	8	937	470	416	807	2630
	3p	-	9	916	464	470	780	2630
	3p	-	10	891	484	448	807	2630
	3p	-	11	910	512	433	775	2630
	3p	-	12	887	490	498	755	2630
	3p	-	13	884	481	440	825	2630
	3p	-	14	887	496	466	781	2630
	3p	-	15	866	527	466	771	2630
	3p	-	16	901	482	439	808	2630
	3p	-	17	866	502	472	790	2630
	3p	-	18	907	505	463	755	2630
	3p	-	19	908	479	466	777	2630
	3p	-	20	926	476	451	777	2630
	3p	-	21	905	473	458	794	2630
	3p	-	22	924	508	447	751	2630
	3p	-	23	932	471	445	782	2630
	3p	-	24	856	482	455	837	2630
	3p	-	25	879	499	470	782	2630
	3p	-	26	900	469	439	822	2630
	3p	-	27	859	517	466	788	2630
	3p	-	28	858	506	445	821	2630
	3p	-	29	891	526	417	796	2630
	3p	-	30	884	509	442	795	2630
	3p	-	31	808	459	426	723	2416
	3p	-	32	727	394	399	756	2276
	3p	-	33	755	371	361	663	2150
	3p	-	34	664	427	328	645	2064
	3p	-	35	652	341	334	651	1978
	3p	-	36	649	367	291	589	1896
	3p	-	37	617	333	311	548	1809
	3p	-	38	574	317	278	567	1736
	3p	-	39	581	286	258	516	1641
	3p	-	40	534	288	271	466	1559
	3p	-	41	523	253	240	465	1481
	3p	-	42	466	254	228	448	1396
	3p	-	43	466	228	245	398	1337
	3p	-	44	421	237	232	376	1266
	3p	-	45	395	220	222	371	1208
	3p	-	46	408	202	182	370	1162
	3p	-	47	396	182	180	341	1099
	3p	-	48	362	171	180	328	1041
	3p	-	49	332	174	166	318	990
	3p	-	50	330	167	159	286	942
	3p	-	51	287	146	161	294	888
	3p	-	52	292	131	148	262	833
	3p	-	53	284	133	143	227	787
	3p	-	54	250	138	135	225	748
	3p	-	55	239	126	107	235	707
	3p	-	56	211	118	102	236	667
	3p	-	57	213	108	111	185	617
	3p	-	58	199	115	92	180	586
	3p	-	59	198	81	96	172	547
	3p	-	60	173	107	95	142	517
	3p	-	61	174	87	93	133	487
	3p	-	62	162	74	85	137	458
	3p	-	63	142	71	73	145	431
	3p	-	64	134	81	73	122	410
	3p	-	65	138	58	65	125	386
	3p	-	66	115	71	62	111	359
	3p	-	67	108	63	61	109	341
	3p	-	68	112	56	60	85	313
	3p	-	69	106	51	38	97	292
	3p	-	70	98	51	31	86	266
	3p	-	71	76	49	36	78	239
	3p	-	72	67	41	37	75	220
	3p	-	73	68	30	40	68	206
	3p	-	74	57	30	37	67	191
	3p	-	75	58	30	31	53	172
	3p	-	76	53	30	33	44	160
	3p	-	77	57	21	19	53	150
	3p	-	78	54	17	20	44	135
	3p	-	79	45	16	17	39	117
	3p	-	80	31	17	20	34	102
	3p	-	81	26	14	21	34	95
	3p	-	82	30	12	15	30	87
	3p	-	83	31	16	11	19	77
	3p	-	84	21	13	10	23	67
	3p	-	85	15	9	12	19	55
	3p	-	86	12	7	7	22	48
	3p	-	87	14	7	2	13	36
	3p	-	88	9	7	1	7	24
	3p	-	89	6	5	3	3	17
	3p	-	90	4	0	2	4	10
	3p	-	91	2	1	0	2	5
	3p	-	92	0	0	0	0	0
	3p	-	93	0	0	0	0	0
	3p	-	94	0	0	0	0	0
	3p	-	95	0	0	0	0	0
	3p	-	96	0	0	0	0	0
	3p	-	97	0	0	0	0	0
	3p	-	98	0	0	0	0	0
	3p	-	99	0	0	0	0	0
	3p	-	100	0	0	0	0	0
	5p	+	1	890	434	329	964	2617
	5p	+	2	868	450	473	826	2617
	5p	+	3	876	478	444	819	2617
	5p	+	4	869	509	452	787	2617
	5p	+	5	821	516	495	785	2617
	5p	+	6	819	530	480	788	2617
	5p	+	7	865	491	495	766	2617
	5p	+	8	892	492	464	769	2617
	5p	+	9	894	500	481	742	2617
	5p	+	10	942	483	462	730	2617
	5p	+	11	911	469	481	756	2617
	5p	+	12	936	497	457	727	2617
	5p	+	13	862	489	482	784	2617
	5p	+	14	910	496	418	793	2617
	5p	+	15	913	465	432	807	2617
	5p	+	16	882	494	461	780	2617
	5p	+	17	914	496	440	767	2617
	5p	+	18	887	492	457	781	2617
	5p	+	19	906	486	451	774	2617
	5p	+	20	885	500	499	733	2617
	5p	+	21	878	461	477	801	2617
	5p	+	22	869	498	494	756	2617
	5p	+	23	933	495	445	744	2617
	5p	+	24	882	466	445	824	2617
	5p	+	25	915	478	465	759	2617
	5p	+	26	941	481	423	772	2617
	5p	+	27	917	489	440	771	2617
	5p	+	28	920	488	452	757	2617
	5p	+	29	938	449	469	761	2617
	5p	+	30	899	532	457	729	2617
	5p	+	31	868	402	365	752	2387
	5p	+	32	823	367	360	702	2252
	5p	+	33	731	373	345	684	2133
	5p	+	34	742	375	322	603	2042
	5p	+	35	685	333	335	613	1966
	5p	+	36	681	364	277	553	1875
	5p	+	37	638	304	285	571	1798
	5p	+	38	637	293	263	528	1721
	5p	+	39	577	273	286	522	1658
	5p	+	40	591	278	232	471	1572
	5p	+	41	544	255	230	480	1509
	5p	+	42	518	237	217	461	1433
	5p	+	43	487	240	213	439	1379
	5p	+	44	451	243	223	395	1312
	5p	+	45	440	199	200	396	1235
	5p	+	46	395	203	222	352	1172
	5p	+	47	397	195	185	334	1111
	5p	+	48	373	175	177	321	1046
	5p	+	49	314	159	158	355	986
	5p	+	50	319	140	154	312	925
	5p	+	51	303	158	122	290	873
	5p	+	52	287	156	114	260	817
	5p	+	53	282	146	128	226	782
	5p	+	54	254	133	120	234	741
	5p	+	55	223	111	122	239	695
	5p	+	56	233	114	107	206	660
	5p	+	57	206	113	95	196	610
	5p	+	58	203	104	79	192	578
	5p	+	59	191	89	78	179	537
	5p	+	60	166	90	99	145	500
	5p	+	61	161	74	80	147	462
	5p	+	62	151	80	68	146	445
	5p	+	63	163	81	58	116	418
	5p	+	64	128	70	64	126	388
	5p	+	65	118	75	58	111	362
	5p	+	66	115	66	47	113	341
	5p	+	67	108	43	54	109	314
	5p	+	68	95	56	58	85	294
	5p	+	69	89	62	42	81	274
	5p	+	70	74	51	37	97	259
	5p	+	71	75	32	35	80	222
	5p	+	72	77	34	36	60	207
	5p	+	73	71	27	26	62	186
	5p	+	74	52	27	31	59	169
	5p	+	75	54	26	18	56	154
	5p	+	76	51	33	20	41	145
	5p	+	77	43	23	22	48	136
	5p	+	78	37	22	20	43	122
	5p	+	79	31	21	17	44	113
	5p	+	80	28	18	12	39	97
	5p	+	81	25	13	16	32	86
	5p	+	82	23	15	10	23	71
	5p	+	83	20	8	5	26	59
	5p	+	84	11	8	10	19	48
	5p	+	85	18	6	6	10	40
	5p	+	86	8	6	4	15	33
	5p	+	87	6	6	3	12	27
	5p	+	88	8	5	2	6	21
	5p	+	89	6	4	3	5	18
	5p	+	90	4	4	1	1	10
	5p	+	91	3	0	1	2	6
	5p	+	92	0	0	0	0	0
	5p	+	93	0	0	0	0	0
	5p	+	94	0	0	0	0	0
	5p	+	95	0	0	0	0	0
	5p	+	96	0	0	0	0	0
	5p	+	97	0	0	0	0	0
	5p	+	98	0	0	0	0	0
	5p	+	99	0	0	0	0	0
	5p	+	100	0	0	0	0	0
	5p	-	1	914	429	292	995	2630
	5p	-	2	838	460	460	872	2630
	5p	-	3	868	517	451	794	2630
	5p	-	4	868	526	474	762	2630
	5p	-	5	851	516	487	776	2630
	5p	-	6	845	484	509	792	2630
	5p	-	7	884	475	452	819	2630
	5p	-	8	919	464	487	760	2630
	5p	-	9	838	499	490	803	2630
	5p	-	10	938	494	440	758	2630
	5p	-	11	926	482	439	783	2630
	5p	-	12	901	512	450	767	2630
	5p	-	13	877	506	446	801	2630
	5p	-	14	864	526	479	761	2630
	5p	-	15	936	476	450	768	2630
	5p	-	16	922	494	463	751	2630
	5p	-	17	918	489	439	784	2630
	5p	-	18	872	512	467	779	2630
	5p	-	19	911	509	438	772	2630
	5p	-	20	907	490	456	777	2630
	5p	-	21	874	475	479	802	2630
	5p	-	22	872	533	449	776	2630
	5p	-	23	902	493	415	820	2630
	5p	-	24	862	514	496	758	2630
	5p	-	25	951	477	442	760	2630
	5p	-	26	847	512	445	826	2630
	5p	-	27	886	485	460	799	2630
	5p	-	28	904	478	457	791	2630
	5p	-	29	918	519	454	739	2630
	5p	-	30	940	510	420	760	2630
	5p	-	31	832	456	379	749	2416
	5p	-	32	828	381	350	717	2276
	5p	-	33	757	368	350	675	2150
	5p	-	34	726	395	320	623	2064
	5p	-	35	711	316	335	616	1978
	5p	-	36	625	327	336	608	1896
	5p	-	37	645	317	295	552	1809
	5p	-	38	645	291	288	512	1736
	5p	-	39	574	299	302	466	1641
	5p	-	40	558	255	253	493	1559
	5p	-	41	548	246	242	445	1481
	5p	-	42	506	239	225	426	1396
	5p	-	43	501	223	206	407	1337
	5p	-	44	438	222	228	378	1266
	5p	-	45	404	208	180	416	1208
	5p	-	46	377	204	184	397	1162
	5p	-	47	385	185	183	346	1099
	5p	-	48	361	197	166	317	1041
	5p	-	49	395	182	138	275	990
	5p	-	50	329	165	147	301	942
	5p	-	51	319	138	170	261	888
	5p	-	52	318	148	133	234	833
	5p	-	53	293	140	131	223	787
	5p	-	54	280	107	128	233	748
	5p	-	55	265	101	111	230	707
	5p	-	56	222	131	100	214	667
	5p	-	57	199	111	101	206	617
	5p	-	58	202	110	94	180	586
	5p	-	59	193	86	74	194	547
	5p	-	60	171	100	77	169	517
	5p	-	61	178	72	72	165	487
	5p	-	62	145	76	74	163	458
	5p	-	63	158	66	74	133	431
	5p	-	64	140	64	72	134	410
	5p	-	65	128	69	53	136	386
	5p	-	66	131	61	60	107	359
	5p	-	67	133	46	49	113	341
	5p	-	68	108	51	45	109	313
	5p	-	69	104	56	44	88	292
	5p	-	70	91	46	45	84	266
	5p	-	71	88	38	40	73	239
	5p	-	72	82	33	29	76	220
	5p	-	73	75	34	27	70	206
	5p	-	74	58	39	29	65	191
	5p	-	75	60	27	35	50	172
	5p	-	76	52	25	25	58	160
	5p	-	77	57	21	29	43	150
	5p	-	78	59	22	22	32	135
	5p	-	79	47	20	15	35	117
	5p	-	80	34	18	15	35	102
	5p	-	81	32	14	18	31	95
	5p	-	82	28	14	15	30	87
	5p	-	83	27	14	12	24	77
	5p	-	84	18	9	12	28	67
	5p	-	85	23	7	12	13	55
	5p	-	86	12	8	9	19	48
	5p	-	87	13	4	5	14	36
	5p	-	88	9	3	1	11	24
	5p	-	89	7	2	2	6	17
	5p	-	90	4	1	1	4	10
	5p	-	91	2	1	0	2	5
	5p	-	92	0	0	0	0	0
	5p	-	93	0	0	0	0	0
	5p	-	94	0	0	0	0	0
	5p	-	95	0	0	0	0	0
	5p	-	96	0	0	0	0	0
	5p	-	97	0	0	0	0	0
	5p	-	98	0	0	0	0	0
	5p	-	99	0	0	0	0	0
	5p	-	100	0	0	0	0	0
