# table produced by DamageProfiler
# using mapped file RxA001.ReedbuckBh_Human_nc.Target.rmdup.noMicro.bam
# Sample ID: RxA001.ReedbuckBh_Human_nc.Target.rmdup.noMicro.bam
Pos	C>T	G>A	A>C	A>G	A>T	C>A	C>G	G>C	G>T	T>A	T>C	T>G	->ACGT	ACGT>-
0	0.055351	0.040752	0.019481	0.021104	0.019481	0.025830	0.033210	0.015674	0.015674	0.006745	0.016863	0.015177	0.000000	0.000000
1	0.030303	0.015707	0.010033	0.013378	0.018395	0.022727	0.015152	0.015707	0.023560	0.014414	0.009009	0.003604	0.000000	0.000000
2	0.019608	0.020000	0.011966	0.025641	0.011966	0.033613	0.016807	0.017143	0.005714	0.013834	0.019763	0.017787	0.000000	0.000000
3	0.011730	0.024862	0.016694	0.015025	0.006678	0.014663	0.014663	0.022099	0.005525	0.018145	0.016129	0.022177	0.000000	0.000000
4	0.009091	0.016529	0.022260	0.027397	0.006849	0.018182	0.018182	0.019284	0.022039	0.010373	0.020747	0.022822	0.011370	0.000000
5	0.017143	0.018135	0.009328	0.013060	0.013060	0.014286	0.025714	0.012953	0.015544	0.018711	0.006237	0.006237	0.013691	0.000000
6	0.021858	0.020231	0.016920	0.008460	0.016920	0.021858	0.019126	0.008671	0.011561	0.013129	0.021882	0.017505	0.010227	0.000000
7	0.026936	0.024540	0.009494	0.006329	0.009494	0.023569	0.020202	0.024540	0.015337	0.023762	0.011881	0.009901	0.010227	0.000000
8	0.012308	0.025890	0.012520	0.026604	0.017214	0.021538	0.012308	0.016181	0.019417	0.012270	0.010225	0.018405	0.011351	0.000000
9	0.012384	0.020710	0.024793	0.009917	0.016529	0.009288	0.009288	0.014793	0.020710	0.023013	0.006276	0.002092	0.014908	0.000000
10	0.020115	0.026403	0.009569	0.012759	0.012759	0.005747	0.011494	0.016502	0.023102	0.014862	0.021231	0.010616	0.009720	0.000000
11	0.018018	0.017391	0.006803	0.013605	0.013605	0.024024	0.018018	0.014493	0.011594	0.008180	0.016360	0.014315	0.006838	0.000000
12	0.014881	0.024823	0.016692	0.021244	0.009105	0.023810	0.008929	0.014184	0.003546	0.008403	0.010504	0.012605	0.015402	0.000000
13	0.013937	0.014535	0.011364	0.012987	0.012987	0.013937	0.013937	0.023256	0.011628	0.021696	0.019724	0.013807	0.013683	0.000000
14	0.022436	0.013966	0.004886	0.009772	0.016287	0.025641	0.016026	0.011173	0.019553	0.012658	0.018987	0.012658	0.011945	0.000000
15	0.005666	0.014837	0.008130	0.017886	0.011382	0.022663	0.011331	0.017804	0.017804	0.010823	0.015152	0.004329	0.005659	0.000000
16	0.015106	0.030508	0.012559	0.007849	0.006279	0.024169	0.027190	0.006780	0.013559	0.010183	0.018330	0.012220	0.011973	0.000000
17	0.018750	0.012085	0.022581	0.009677	0.009677	0.012500	0.018750	0.021148	0.027190	0.012346	0.014403	0.006173	0.016505	0.000000
18	0.011940	0.023256	0.011785	0.006734	0.005051	0.011940	0.026866	0.017442	0.020349	0.010246	0.012295	0.018443	0.013061	0.000000
19	0.018692	0.019048	0.020000	0.011667	0.013333	0.028037	0.015576	0.022222	0.015873	0.015355	0.019194	0.015355	0.012521	0.000000
20	0.018927	0.034375	0.005000	0.018333	0.011667	0.009464	0.006309	0.031250	0.009375	0.011765	0.005882	0.015686	0.013738	0.000000
21	0.024390	0.015823	0.010972	0.010972	0.012539	0.015244	0.024390	0.025316	0.009494	0.012422	0.024845	0.006211	0.011898	0.000000
22	0.010490	0.016181	0.009331	0.009331	0.013997	0.017483	0.020979	0.022654	0.016181	0.017274	0.007678	0.009597	0.011370	0.000000
23	0.019737	0.035821	0.006042	0.006042	0.007553	0.013158	0.029605	0.026866	0.008955	0.008621	0.008621	0.015086	0.009632	0.000000
24	0.015015	0.012121	0.009217	0.010753	0.007680	0.009009	0.009009	0.018182	0.021212	0.017621	0.013216	0.008811	0.007919	0.000000
