# table produced by DamageProfiler
# using mapped file PaA013.BuffaloCape_Human_nc.Target.rmdup.noMicro_SCR_026.bam
# Sample ID: PaA013.BuffaloCape_Human_nc.Target.rmdup.noMicro_SCR_026.bam
Pos	C>T	G>A	A>C	A>G	A>T	C>A	C>G	G>C	G>T	T>A	T>C	T>G	->ACGT	ACGT>-
24	0.007273	0.034934	0.007952	0.013917	0.005964	0.010909	0.010909	0.008734	0.008734	0.003731	0.026119	0.000000	0.003137	0.000000
23	0.021898	0.027650	0.013972	0.023952	0.003992	0.018248	0.018248	0.004608	0.023041	0.003610	0.032491	0.003610	0.006304	0.000000
22	0.039427	0.017621	0.006122	0.014286	0.008163	0.039427	0.014337	0.035242	0.017621	0.007353	0.014706	0.014706	0.007886	0.000000
21	0.028269	0.032520	0.003976	0.011928	0.009940	0.035336	0.017668	0.012195	0.012195	0.012658	0.021097	0.008439	0.004728	0.000000
20	0.013889	0.027650	0.000000	0.022403	0.008147	0.020833	0.013889	0.013825	0.009217	0.003676	0.000000	0.007353	0.002366	0.000000
19	0.036101	0.015625	0.013216	0.019824	0.008811	0.003610	0.014440	0.000000	0.007813	0.017921	0.007168	0.007168	0.007109	0.000000
18	0.024648	0.004219	0.004124	0.018557	0.004124	0.028169	0.024648	0.004219	0.012658	0.030418	0.026616	0.011407	0.005516	0.000000
17	0.021201	0.021930	0.007921	0.021782	0.005941	0.017668	0.010601	0.013158	0.008772	0.011583	0.019305	0.007722	0.003137	0.000000
16	0.030075	0.035088	0.009901	0.011881	0.009901	0.041353	0.007519	0.013158	0.017544	0.011070	0.018450	0.003690	0.003937	0.000000
15	0.018727	0.012766	0.010267	0.018480	0.004107	0.018727	0.011236	0.000000	0.004255	0.017730	0.021277	0.000000	0.003147	0.000000
14	0.014760	0.025316	0.004141	0.014493	0.006211	0.011070	0.007380	0.008439	0.016878	0.010753	0.021505	0.010753	0.005512	0.000000
13	0.021898	0.026549	0.021912	0.019920	0.003984	0.000000	0.014599	0.017699	0.017699	0.015038	0.022556	0.007519	0.007098	0.000000
12	0.024735	0.014085	0.006466	0.015086	0.006466	0.028269	0.010601	0.014085	0.009390	0.012987	0.016234	0.009740	0.007098	0.000000
11	0.029197	0.018779	0.008130	0.010163	0.008130	0.018248	0.021898	0.018779	0.014085	0.003425	0.023973	0.010274	0.004721	0.000000
10	0.038462	0.028226	0.010638	0.014894	0.010638	0.030769	0.003846	0.008065	0.004032	0.010274	0.020548	0.010274	0.006299	0.000000
9	0.017606	0.050000	0.010684	0.019231	0.008547	0.021127	0.017606	0.009091	0.022727	0.006711	0.013423	0.013423	0.006299	0.000000
8	0.010909	0.017778	0.000000	0.018109	0.010060	0.025455	0.018182	0.000000	0.004444	0.014545	0.018182	0.018182	0.004717	0.000000
7	0.021898	0.026201	0.009881	0.021739	0.007905	0.021898	0.018248	0.021834	0.008734	0.022901	0.026718	0.011450	0.004721	0.000000
6	0.026820	0.046809	0.003976	0.007952	0.001988	0.022989	0.003831	0.017021	0.008511	0.000000	0.028881	0.018051	0.002351	0.000000
5	0.015873	0.036437	0.005525	0.031308	0.007366	0.023810	0.007937	0.008097	0.004049	0.012931	0.004310	0.012931	0.003140	0.000000
4	0.029289	0.020325	0.009940	0.015905	0.005964	0.029289	0.012552	0.020325	0.012195	0.027586	0.017241	0.017241	0.000782	0.000000
3	0.022901	0.036885	0.005703	0.009506	0.007605	0.015267	0.011450	0.012295	0.008197	0.028455	0.012195	0.008130	0.000782	0.000000
2	0.017123	0.033981	0.007491	0.022472	0.009363	0.020548	0.017123	0.014563	0.000000	0.016194	0.028340	0.008097	0.000000	0.000000
1	0.024768	0.027273	0.007692	0.021154	0.013462	0.024768	0.006192	0.009091	0.009091	0.018519	0.023148	0.023148	0.000000	0.000000
0	0.065637	0.066372	0.017361	0.015625	0.008681	0.023166	0.019305	0.022124	0.017699	0.018349	0.045872	0.036697	0.000000	0.000000
