# table produced by DamageProfiler
# using mapped file PaA013.BuffaloCape_Human_nc.Target.rmdup.noMicro_SCR_026.bam
# Sample ID: PaA013.BuffaloCape_Human_nc.Target.rmdup.noMicro_SCR_026.bam
Pos	C>T	G>A	A>C	A>G	A>T	C>A	C>G	G>C	G>T	T>A	T>C	T>G	->ACGT	ACGT>-
0	0.032353	0.069652	0.019313	0.023605	0.025751	0.023529	0.014706	0.000000	0.024876	0.018382	0.051471	0.011029	0.000000	0.000000
1	0.028037	0.027237	0.011976	0.027944	0.013972	0.023364	0.037383	0.003891	0.011673	0.019544	0.022801	0.006515	0.000000	0.000000
2	0.027273	0.033333	0.009281	0.020882	0.000000	0.009091	0.006061	0.016667	0.000000	0.010830	0.032491	0.010830	0.000000	0.000000
3	0.007874	0.014870	0.015238	0.019048	0.009524	0.000000	0.031496	0.018587	0.003717	0.004425	0.044248	0.008850	0.002355	0.000000
4	0.026230	0.025210	0.005115	0.020460	0.012788	0.019672	0.016393	0.012605	0.016807	0.012121	0.027273	0.021212	0.006329	0.000000
5	0.027888	0.028777	0.010395	0.027027	0.008316	0.011952	0.007968	0.021583	0.017986	0.011538	0.023077	0.015385	0.002362	0.000000
6	0.029221	0.035556	0.004577	0.013730	0.011442	0.012987	0.006494	0.004444	0.022222	0.006734	0.026936	0.010101	0.005525	0.000000
7	0.045249	0.016129	0.015152	0.020833	0.003788	0.018100	0.027149	0.020161	0.000000	0.025547	0.014599	0.007299	0.003934	0.000000
8	0.018462	0.022026	0.010684	0.010684	0.017094	0.021538	0.009231	0.017621	0.022026	0.016000	0.020000	0.008000	0.004724	0.000000
9	0.032389	0.026316	0.005618	0.022472	0.001873	0.012146	0.020243	0.008772	0.008772	0.015326	0.015326	0.026820	0.004724	0.000000
10	0.017647	0.032864	0.011521	0.009217	0.013825	0.029412	0.017647	0.004695	0.014085	0.007042	0.014085	0.014085	0.002360	0.000000
11	0.023810	0.026316	0.005882	0.013725	0.005882	0.019841	0.019841	0.013158	0.017544	0.025180	0.014388	0.014388	0.003943	0.000000
12	0.024922	0.031250	0.013453	0.026906	0.008969	0.031153	0.009346	0.008929	0.004464	0.017857	0.021429	0.003571	0.005507	0.000000
13	0.025105	0.013453	0.005576	0.013011	0.011152	0.025105	0.020921	0.000000	0.017937	0.007326	0.014652	0.010989	0.003928	0.000000
14	0.015974	0.016878	0.012376	0.022277	0.007426	0.028754	0.019169	0.004219	0.008439	0.009317	0.031056	0.003106	0.001567	0.000000
15	0.022727	0.027027	0.004000	0.014000	0.018000	0.007576	0.007576	0.003861	0.007722	0.008032	0.008032	0.004016	0.002358	0.000000
16	0.013072	0.000000	0.017094	0.010684	0.004274	0.016340	0.006536	0.021930	0.013158	0.007605	0.015209	0.011407	0.006324	0.000000
17	0.027888	0.020921	0.007678	0.017274	0.001919	0.000000	0.023904	0.008368	0.012552	0.019157	0.019157	0.003831	0.002358	0.000000
18	0.026936	0.037915	0.016985	0.016985	0.008493	0.037037	0.020202	0.014218	0.004739	0.023973	0.020548	0.003425	0.001574	0.000000
19	0.018018	0.028571	0.005693	0.018975	0.009488	0.018018	0.018018	0.008163	0.016327	0.003676	0.018382	0.007353	0.003949	0.000000
20	0.022581	0.019704	0.002146	0.027897	0.000000	0.022581	0.019355	0.024631	0.019704	0.014085	0.017606	0.014085	0.003959	0.000000
21	0.015444	0.027273	0.003766	0.009416	0.005650	0.007722	0.011583	0.009091	0.018182	0.007752	0.019380	0.003876	0.003155	0.000000
22	0.019737	0.009346	0.002174	0.030435	0.004348	0.036184	0.019737	0.000000	0.018692	0.013746	0.017182	0.020619	0.005516	0.000000
23	0.047809	0.033755	0.013780	0.013780	0.001969	0.019920	0.019920	0.004219	0.012658	0.007246	0.014493	0.014493	0.001572	0.000000
24	0.030508	0.026316	0.002096	0.008386	0.014675	0.027119	0.010169	0.021930	0.004386	0.007353	0.022059	0.011029	0.004717	0.000000
