# table produced by DamageProfiler
# using mapped file RmA041.GrysbokCape_Human_nc.Target.rmdup.noMicro.bam
# Sample ID: RmA041.GrysbokCape_Human_nc.Target.rmdup.noMicro.bam
Pos	C>T	G>A	A>C	A>G	A>T	C>A	C>G	G>C	G>T	T>A	T>C	T>G	->ACGT	ACGT>-
24	0.005109	0.002646	0.003130	0.002347	0.002347	0.006386	0.001277	0.001323	0.002646	0.000847	0.001693	0.003387	0.005003	0.000000
23	0.006337	0.000000	0.003205	0.004006	0.002404	0.001267	0.002535	0.002688	0.004032	0.003281	0.003281	0.003281	0.004750	0.000000
22	0.009459	0.004038	0.002306	0.002306	0.001537	0.002703	0.000000	0.000000	0.001346	0.002481	0.004136	0.001654	0.007012	0.000000
21	0.004000	0.002608	0.003110	0.000000	0.003110	0.002667	0.000000	0.001304	0.002608	0.004188	0.000838	0.000000	0.007255	0.000000
20	0.007519	0.004110	0.000762	0.003049	0.002287	0.001253	0.001253	0.000000	0.005479	0.001723	0.002584	0.000861	0.005249	0.000000
19	0.004843	0.001325	0.000810	0.003241	0.003241	0.002421	0.002421	0.001325	0.002649	0.002523	0.001682	0.000841	0.005245	0.000000
18	0.010499	0.001350	0.000000	0.005410	0.002318	0.001312	0.006562	0.006748	0.004049	0.000000	0.002494	0.004156	0.006000	0.000000
17	0.003922	0.005376	0.001535	0.003070	0.001535	0.000000	0.003922	0.004032	0.002688	0.000845	0.001689	0.001689	0.005506	0.000000
16	0.003727	0.002740	0.001548	0.000774	0.002322	0.001242	0.003727	0.002740	0.004110	0.002547	0.002547	0.002547	0.005493	0.000000
15	0.003851	0.000000	0.001664	0.002496	0.003328	0.002567	0.000000	0.003871	0.003871	0.000000	0.004870	0.001623	0.008024	0.000000
14	0.005249	0.002667	0.002349	0.002349	0.002349	0.005249	0.001312	0.004000	0.005333	0.002483	0.002483	0.004967	0.007255	0.000000
13	0.001314	0.005249	0.000779	0.005452	0.000000	0.002628	0.002628	0.003937	0.002625	0.001678	0.002517	0.000839	0.005751	0.000000
12	0.009198	0.001297	0.003888	0.002333	0.001555	0.000000	0.005256	0.003891	0.003891	0.002519	0.002519	0.002519	0.003492	0.000000
11	0.003891	0.004255	0.002327	0.006206	0.003103	0.002594	0.005188	0.001418	0.005674	0.000816	0.001633	0.001633	0.008271	0.000000
10	0.002548	0.006485	0.003165	0.003956	0.002373	0.001274	0.002548	0.005188	0.003891	0.001692	0.002538	0.003384	0.003998	0.000000
9	0.009472	0.002564	0.000797	0.003190	0.001595	0.004060	0.004060	0.000000	0.005128	0.003226	0.001613	0.002419	0.003489	0.000000
8	0.003841	0.008141	0.001516	0.003033	0.000758	0.003841	0.003841	0.001357	0.004071	0.005098	0.001699	0.000850	0.003488	0.000000
7	0.002717	0.004138	0.002946	0.000736	0.001473	0.000000	0.001359	0.001379	0.005517	0.002534	0.004223	0.000845	0.004497	0.000000
6	0.006502	0.004178	0.000000	0.002941	0.003676	0.005202	0.005202	0.002786	0.002786	0.002575	0.002575	0.001717	0.003988	0.000000
5	0.002646	0.000000	0.002869	0.002869	0.002869	0.010582	0.000000	0.002869	0.005739	0.004270	0.001708	0.002562	0.002489	0.000000
4	0.002821	0.010710	0.002774	0.002080	0.002774	0.009873	0.000000	0.002677	0.009371	0.000887	0.002660	0.002660	0.000994	0.000000
3	0.002513	0.004525	0.002149	0.004298	0.005014	0.003769	0.003769	0.006033	0.003017	0.004252	0.003401	0.004252	0.000248	0.000000
2	0.003774	0.004601	0.002851	0.004989	0.002851	0.005031	0.000000	0.000000	0.004601	0.005963	0.003407	0.000852	0.000249	0.000000
1	0.046103	0.012461	0.004298	0.004298	0.005731	0.004391	0.004391	0.006231	0.006231	0.007484	0.006548	0.002806	0.000000	0.000000
0	0.132512	0.010101	0.002469	0.000617	0.004321	0.010786	0.001541	0.008081	0.008081	0.008800	0.003200	0.003200	0.000000	0.000000
