# table produced by DamageProfiler
# using mapped file RmA041.GrysbokCape_Human_nc.Target.rmdup.noMicro.bam
# Sample ID: RmA041.GrysbokCape_Human_nc.Target.rmdup.noMicro.bam
Pos	C>T	G>A	A>C	A>G	A>T	C>A	C>G	G>C	G>T	T>A	T>C	T>G	->ACGT	ACGT>-
0	0.034642	0.016155	0.006632	0.005895	0.004422	0.009238	0.004619	0.004847	0.009693	0.007799	0.002600	0.002600	0.000000	0.000000
1	0.014825	0.002584	0.003994	0.007188	0.004792	0.008086	0.006739	0.002584	0.006460	0.006452	0.001613	0.001613	0.000000	0.000000
2	0.008986	0.005222	0.002379	0.003172	0.004758	0.006418	0.001284	0.001305	0.003916	0.004971	0.004971	0.001657	0.000000	0.000000
3	0.007472	0.005089	0.003956	0.002373	0.003165	0.007472	0.004981	0.005089	0.001272	0.002577	0.001718	0.000859	0.000996	0.000000
4	0.012240	0.005563	0.000806	0.000806	0.004032	0.003672	0.000000	0.001391	0.005563	0.004894	0.004078	0.003263	0.003748	0.000000
5	0.003769	0.002410	0.002502	0.005838	0.001668	0.005025	0.001256	0.001205	0.003614	0.001695	0.002542	0.004237	0.001748	0.000000
6	0.006527	0.002601	0.003072	0.002304	0.003072	0.002611	0.001305	0.003901	0.006502	0.004296	0.002577	0.003436	0.002499	0.000000
7	0.008141	0.001300	0.002264	0.000755	0.000755	0.005427	0.001357	0.000000	0.005202	0.004281	0.001712	0.002568	0.003501	0.000000
8	0.006993	0.006158	0.001552	0.001552	0.003103	0.001399	0.000000	0.001232	0.003695	0.001678	0.001678	0.000000	0.003992	0.000000
9	0.005006	0.005242	0.003190	0.000000	0.003190	0.001252	0.001252	0.000000	0.003932	0.002510	0.001674	0.000837	0.004238	0.000000
10	0.002513	0.001321	0.001549	0.002324	0.002324	0.005025	0.002513	0.001321	0.002642	0.001736	0.003472	0.000868	0.004004	0.000000
11	0.010000	0.001420	0.000789	0.006309	0.000000	0.001250	0.002500	0.004261	0.000000	0.002449	0.002449	0.000816	0.005254	0.000000
12	0.007884	0.004005	0.001559	0.004677	0.003897	0.002628	0.002628	0.004005	0.006676	0.000830	0.003320	0.001660	0.003252	0.000000
13	0.002695	0.004038	0.001536	0.003840	0.004608	0.000000	0.001348	0.002692	0.006729	0.003252	0.003252	0.003252	0.001992	0.000000
14	0.002484	0.002736	0.001621	0.002431	0.000810	0.003727	0.000000	0.001368	0.002736	0.000818	0.003271	0.001635	0.004508	0.000000
15	0.003695	0.001339	0.001613	0.002419	0.005645	0.001232	0.002463	0.005355	0.004016	0.002490	0.002490	0.002490	0.004745	0.000000
16	0.007299	0.002710	0.000782	0.003130	0.000000	0.003650	0.003650	0.001355	0.001355	0.000858	0.001715	0.001715	0.002747	0.000000
17	0.001264	0.003947	0.003797	0.002278	0.001519	0.002528	0.003793	0.003947	0.003947	0.000000	0.004398	0.004398	0.003995	0.000000
18	0.009056	0.002699	0.002360	0.003934	0.001574	0.003881	0.007762	0.002699	0.001350	0.000826	0.004129	0.000000	0.004755	0.000000
19	0.006588	0.002601	0.001537	0.003075	0.002306	0.001318	0.003953	0.003901	0.001300	0.001702	0.000000	0.001702	0.004496	0.000000
20	0.009186	0.005202	0.002404	0.004006	0.000000	0.000000	0.005249	0.001300	0.002601	0.000814	0.004072	0.001629	0.003494	0.000000
21	0.002688	0.007979	0.001503	0.003757	0.003005	0.001344	0.004032	0.003989	0.003989	0.002540	0.002540	0.004234	0.003493	0.000000
22	0.004121	0.002782	0.000759	0.004552	0.003035	0.000000	0.002747	0.002782	0.002782	0.002419	0.002419	0.001613	0.003246	0.000000
23	0.005195	0.005495	0.000000	0.002266	0.003021	0.002597	0.005195	0.002747	0.006868	0.002545	0.003393	0.000848	0.003249	0.000000
24	0.006693	0.001316	0.003056	0.001528	0.000764	0.005355	0.001339	0.001316	0.005263	0.003320	0.001660	0.003320	0.001990	0.000000
