# table produced by DamageProfiler
# using mapped file PaA006.BuffaloCape_Human_nc.Target.rmdup.noMicro.bam
# Sample ID: PaA006.BuffaloCape_Human_nc.Target.rmdup.noMicro.bam
Pos	C>T	G>A	A>C	A>G	A>T	C>A	C>G	G>C	G>T	T>A	T>C	T>G	->ACGT	ACGT>-
0	0.028571	0.034483	0.073171	0.000000	0.000000	0.000000	0.028571	0.068966	0.000000	0.000000	0.111111	0.000000	0.000000	0.000000
1	0.083333	0.000000	0.022727	0.022727	0.022727	0.041667	0.041667	0.032258	0.000000	0.000000	0.125000	0.041667	0.000000	0.000000
2	0.076923	0.000000	0.040816	0.040816	0.000000	0.000000	0.000000	0.000000	0.000000	0.031250	0.031250	0.062500	0.000000	0.000000
3	0.000000	0.000000	0.027778	0.027778	0.027778	0.000000	0.030303	0.074074	0.000000	0.037037	0.000000	0.000000	0.000000	0.000000
4	0.033333	0.031250	0.000000	0.057143	0.028571	0.000000	0.033333	0.031250	0.062500	0.041667	0.041667	0.041667	0.008264	0.000000
5	0.000000	0.062500	0.026316	0.026316	0.000000	0.000000	0.047619	0.000000	0.000000	0.000000	0.000000	0.034483	0.016667	0.000000
6	0.000000	0.000000	0.047619	0.000000	0.023810	0.000000	0.000000	0.000000	0.000000	0.000000	0.090909	0.000000	0.025000	0.000000
7	0.000000	0.000000	0.000000	0.000000	0.023256	0.038462	0.000000	0.000000	0.000000	0.000000	0.000000	0.000000	0.025641	0.000000
8	0.040000	0.000000	0.021277	0.000000	0.063830	0.080000	0.000000	0.041667	0.000000	0.000000	0.000000	0.040000	0.016529	0.000000
9	0.000000	0.028571	0.000000	0.025000	0.000000	0.038462	0.000000	0.000000	0.085714	0.000000	0.000000	0.000000	0.008264	0.000000
10	0.000000	0.000000	0.069767	0.000000	0.000000	0.034483	0.000000	0.100000	0.000000	0.068966	0.000000	0.000000	0.016529	0.000000
11	0.000000	0.133333	0.000000	0.051282	0.000000	0.034483	0.068966	0.000000	0.033333	0.000000	0.000000	0.047619	0.025210	0.000000
12	0.037037	0.066667	0.026316	0.000000	0.000000	0.000000	0.000000	0.066667	0.000000	0.038462	0.000000	0.000000	0.008264	0.000000
13	0.000000	0.000000	0.025641	0.000000	0.025641	0.031250	0.000000	0.095238	0.000000	0.035714	0.071429	0.000000	0.025000	0.000000
14	0.000000	0.035714	0.000000	0.000000	0.075000	0.000000	0.000000	0.035714	0.000000	0.000000	0.000000	0.000000	0.025641	0.000000
15	0.000000	0.000000	0.048780	0.000000	0.000000	0.083333	0.041667	0.034483	0.000000	0.040000	0.000000	0.000000	0.033613	0.000000
16	0.000000	0.000000	0.000000	0.025000	0.050000	0.045455	0.000000	0.000000	0.000000	0.000000	0.038462	0.000000	0.033613	0.000000
17	0.000000	0.000000	0.000000	0.027778	0.027778	0.000000	0.088235	0.045455	0.000000	0.000000	0.086957	0.043478	0.017391	0.000000
18	0.000000	0.130435	0.000000	0.024390	0.000000	0.038462	0.000000	0.000000	0.043478	0.000000	0.000000	0.103448	0.016807	0.000000
19	0.045455	0.034483	0.000000	0.000000	0.043478	0.045455	0.000000	0.000000	0.000000	0.000000	0.000000	0.041667	0.008264	0.000000
20	0.028571	0.062500	0.023256	0.023256	0.023256	0.000000	0.028571	0.000000	0.000000	0.041667	0.041667	0.000000	0.008475	0.000000
21	0.035714	0.000000	0.025641	0.000000	0.000000	0.000000	0.000000	0.111111	0.055556	0.000000	0.000000	0.000000	0.043860	0.000000
22	0.000000	0.000000	0.040816	0.020408	0.000000	0.000000	0.000000	0.000000	0.047619	0.034483	0.000000	0.000000	0.025424	0.000000
23	0.000000	0.095238	0.000000	0.045455	0.000000	0.000000	0.038462	0.000000	0.000000	0.034483	0.000000	0.000000	0.025000	0.000000
24	0.038462	0.083333	0.000000	0.000000	0.000000	0.038462	0.000000	0.000000	0.041667	0.031250	0.062500	0.000000	0.000000	0.000000
