# table produced by DamageProfiler
# using mapped file PaA006.BuffaloCape_Human_nc.Target.rmdup.noMicro.bam
# Sample ID: PaA006.BuffaloCape_Human_nc.Target.rmdup.noMicro.bam
Chr	End	Std	Pos	A	C	G	T	Total
	3p	+	1	19	18	7	13	57
	3p	+	2	20	21	12	4	57
	3p	+	3	20	15	17	5	57
	3p	+	4	18	15	11	13	57
	3p	+	5	20	12	11	14	57
	3p	+	6	23	11	12	11	57
	3p	+	7	20	10	12	15	57
	3p	+	8	18	12	8	19	57
	3p	+	9	19	14	13	11	57
	3p	+	10	21	16	11	9	57
	3p	+	11	21	12	11	13	57
	3p	+	12	17	13	13	14	57
	3p	+	13	14	15	12	16	57
	3p	+	14	15	15	15	12	57
	3p	+	15	13	15	18	11	57
	3p	+	16	17	18	8	14	57
	3p	+	17	16	20	6	15	57
	3p	+	18	14	17	12	14	57
	3p	+	19	22	13	8	14	57
	3p	+	20	18	24	5	10	57
	3p	+	21	20	17	14	6	57
	3p	+	22	22	11	8	16	57
	3p	+	23	22	14	7	14	57
	3p	+	24	18	13	14	12	57
	3p	+	25	16	15	15	11	57
	3p	+	26	16	10	11	20	57
	3p	+	27	16	13	12	16	57
	3p	+	28	19	11	12	15	57
	3p	+	29	19	15	12	11	57
	3p	+	30	17	18	11	11	57
	3p	+	31	14	8	4	3	29
	3p	+	32	7	2	4	7	20
	3p	+	33	5	3	3	4	15
	3p	+	34	3	4	2	4	13
	3p	+	35	6	1	5	1	13
	3p	+	36	3	3	2	5	13
	3p	+	37	5	1	3	3	12
	3p	+	38	4	3	3	2	12
	3p	+	39	6	2	2	1	11
	3p	+	40	2	5	0	3	10
	3p	+	41	4	2	2	1	9
	3p	+	42	5	2	0	2	9
	3p	+	43	6	0	0	1	7
	3p	+	44	5	1	1	0	7
	3p	+	45	5	0	0	2	7
	3p	+	46	3	1	2	1	7
	3p	+	47	5	0	2	0	7
	3p	+	48	4	1	1	1	7
	3p	+	49	4	1	1	1	7
	3p	+	50	4	1	0	2	7
	3p	+	51	2	3	2	0	7
	3p	+	52	2	3	1	1	7
	3p	+	53	4	1	0	1	6
	3p	+	54	1	2	1	2	6
	3p	+	55	3	1	0	2	6
	3p	+	56	2	1	1	2	6
	3p	+	57	2	1	1	2	6
	3p	+	58	2	0	2	2	6
	3p	+	59	3	0	2	1	6
	3p	+	60	3	0	2	1	6
	3p	+	61	2	2	0	2	6
	3p	+	62	3	1	1	0	5
	3p	+	63	1	3	0	1	5
	3p	+	64	0	1	0	2	3
	3p	+	65	2	0	0	1	3
	3p	+	66	1	1	0	1	3
	3p	+	67	0	2	0	1	3
	3p	+	68	0	1	1	1	3
	3p	+	69	1	0	1	1	3
	3p	+	70	0	1	1	1	3
	3p	+	71	3	0	0	0	3
	3p	+	72	0	1	1	1	3
	3p	+	73	2	0	1	0	3
	3p	+	74	0	2	1	0	3
	3p	+	75	2	0	1	0	3
	3p	+	76	2	0	1	0	3
	3p	+	77	1	1	0	1	3
	3p	+	78	0	0	2	1	3
	3p	+	79	1	0	0	2	3
	3p	+	80	0	1	2	0	3
	3p	+	81	1	0	1	1	3
	3p	+	82	1	1	1	0	3
	3p	+	83	1	1	1	0	3
	3p	+	84	0	1	1	1	3
	3p	+	85	2	0	0	0	2
	3p	+	86	1	0	1	0	2
	3p	+	87	1	1	0	0	2
	3p	+	88	0	0	1	1	2
	3p	+	89	1	0	0	1	2
	3p	+	90	0	1	1	0	2
	3p	+	91	0	2	0	0	2
	3p	+	92	0	0	1	1	2
	3p	+	93	1	1	0	0	2
	3p	+	94	1	0	1	0	2
	3p	+	95	2	0	0	0	2
	3p	+	96	1	0	0	0	1
	3p	+	97	0	0	1	0	1
	3p	+	98	0	0	0	1	1
	3p	+	99	1	0	0	0	1
	3p	+	100	0	0	0	1	1
	3p	-	1	33	14	14	5	66
	3p	-	2	25	16	17	8	66
	3p	-	3	25	17	14	10	66
	3p	-	4	27	9	14	16	66
	3p	-	5	23	15	13	15	66
	3p	-	6	19	18	11	18	66
	3p	-	7	23	12	13	18	66
	3p	-	8	28	12	10	16	66
	3p	-	9	18	15	13	20	66
	3p	-	10	21	17	11	17	66
	3p	-	11	17	16	17	16	66
	3p	-	12	29	10	9	18	66
	3p	-	13	22	15	17	12	66
	3p	-	14	18	12	17	19	66
	3p	-	15	20	16	14	16	66
	3p	-	16	18	14	22	12	66
	3p	-	17	27	18	9	12	66
	3p	-	18	24	13	18	11	66
	3p	-	19	27	10	14	15	66
	3p	-	20	24	22	9	11	66
	3p	-	21	21	11	20	14	66
	3p	-	22	19	14	18	15	66
	3p	-	23	20	18	7	21	66
	3p	-	24	18	24	7	17	66
	3p	-	25	18	12	21	15	66
	3p	-	26	23	14	12	17	66
	3p	-	27	26	18	13	9	66
	3p	-	28	24	12	17	13	66
	3p	-	29	21	15	17	13	66
	3p	-	30	23	16	18	9	66
	3p	-	31	14	11	5	8	38
	3p	-	32	16	3	5	3	27
	3p	-	33	7	4	9	4	24
	3p	-	34	9	2	4	4	19
	3p	-	35	4	4	4	1	13
	3p	-	36	9	1	3	0	13
	3p	-	37	2	2	3	4	11
	3p	-	38	5	3	0	3	11
	3p	-	39	3	3	1	3	10
	3p	-	40	3	1	0	6	10
	3p	-	41	4	1	2	3	10
	3p	-	42	3	1	4	2	10
	3p	-	43	4	0	2	3	9
	3p	-	44	2	2	2	2	8
	3p	-	45	2	0	2	4	8
	3p	-	46	1	0	6	1	8
	3p	-	47	1	2	2	2	7
	3p	-	48	3	0	1	3	7
	3p	-	49	2	1	2	2	7
	3p	-	50	2	1	2	2	7
	3p	-	51	2	0	2	3	7
	3p	-	52	3	2	0	1	6
	3p	-	53	4	1	1	0	6
	3p	-	54	3	1	1	0	5
	3p	-	55	1	1	2	1	5
	3p	-	56	5	0	0	0	5
	3p	-	57	0	2	2	1	5
	3p	-	58	1	1	2	1	5
	3p	-	59	3	0	1	1	5
	3p	-	60	1	2	2	0	5
	3p	-	61	2	0	0	3	5
	3p	-	62	1	0	3	1	5
	3p	-	63	1	0	2	2	5
	3p	-	64	2	0	0	3	5
	3p	-	65	0	1	1	3	5
	3p	-	66	1	0	0	3	4
	3p	-	67	1	0	2	1	4
	3p	-	68	3	0	1	0	4
	3p	-	69	0	2	2	0	4
	3p	-	70	1	0	1	1	3
	3p	-	71	2	0	0	1	3
	3p	-	72	3	0	0	0	3
	3p	-	73	2	0	1	0	3
	3p	-	74	2	0	0	1	3
	3p	-	75	1	2	0	0	3
	3p	-	76	0	1	1	1	3
	3p	-	77	0	2	1	0	3
	3p	-	78	1	0	0	2	3
	3p	-	79	1	1	1	0	3
	3p	-	80	0	0	0	3	3
	3p	-	81	0	1	1	1	3
	3p	-	82	1	0	0	2	3
	3p	-	83	2	0	1	0	3
	3p	-	84	2	1	0	0	3
	3p	-	85	1	0	1	1	3
	3p	-	86	2	0	1	0	3
	3p	-	87	1	0	0	2	3
	3p	-	88	3	0	0	0	3
	3p	-	89	1	0	2	0	3
	3p	-	90	0	1	1	1	3
	3p	-	91	3	0	0	0	3
	3p	-	92	0	3	0	0	3
	3p	-	93	1	2	0	0	3
	3p	-	94	0	1	0	1	2
	3p	-	95	0	0	0	2	2
	3p	-	96	0	1	0	1	2
	3p	-	97	0	0	0	2	2
	3p	-	98	1	0	1	0	2
	3p	-	99	1	0	0	1	2
	3p	-	100	2	0	0	0	2
	5p	+	1	17	21	12	7	57
	5p	+	2	24	14	11	8	57
	5p	+	3	20	14	8	15	57
	5p	+	4	17	11	14	15	57
	5p	+	5	14	15	16	12	57
	5p	+	6	15	10	17	15	57
	5p	+	7	20	8	12	17	57
	5p	+	8	22	13	9	13	57
	5p	+	9	25	11	9	12	57
	5p	+	10	25	13	14	5	57
	5p	+	11	18	19	7	13	57
	5p	+	12	18	14	14	11	57
	5p	+	13	18	16	10	13	57
	5p	+	14	16	19	9	13	57
	5p	+	15	15	15	11	16	57
	5p	+	16	21	15	15	6	57
	5p	+	17	19	14	15	9	57
	5p	+	18	13	18	13	13	57
	5p	+	19	23	11	13	10	57
	5p	+	20	18	8	17	14	57
	5p	+	21	24	15	7	11	57
	5p	+	22	19	15	10	13	57
	5p	+	23	24	12	10	11	57
	5p	+	24	20	11	14	12	57
	5p	+	25	26	10	8	13	57
	5p	+	26	19	13	9	16	57
	5p	+	27	16	15	15	11	57
	5p	+	28	20	14	15	8	57
	5p	+	29	19	19	12	7	57
	5p	+	30	20	17	10	10	57
	5p	+	31	9	10	4	6	29
	5p	+	32	6	6	1	7	20
	5p	+	33	4	5	4	2	15
	5p	+	34	3	3	2	5	13
	5p	+	35	2	4	3	4	13
	5p	+	36	4	3	0	6	13
	5p	+	37	3	5	2	2	12
	5p	+	38	6	2	1	3	12
	5p	+	39	4	3	1	3	11
	5p	+	40	4	1	2	3	10
	5p	+	41	1	5	1	2	9
	5p	+	42	3	1	0	5	9
	5p	+	43	3	1	0	3	7
	5p	+	44	2	1	2	2	7
	5p	+	45	2	3	1	1	7
	5p	+	46	1	2	0	4	7
	5p	+	47	1	3	1	2	7
	5p	+	48	4	1	1	1	7
	5p	+	49	2	1	0	4	7
	5p	+	50	2	0	2	3	7
	5p	+	51	2	4	0	1	7
	5p	+	52	4	0	3	0	7
	5p	+	53	2	2	1	1	6
	5p	+	54	4	1	1	0	6
	5p	+	55	1	1	2	2	6
	5p	+	56	1	3	0	2	6
	5p	+	57	1	1	1	3	6
	5p	+	58	2	0	3	1	6
	5p	+	59	1	1	2	2	6
	5p	+	60	3	0	2	1	6
	5p	+	61	1	2	2	1	6
	5p	+	62	2	2	1	0	5
	5p	+	63	1	2	0	2	5
	5p	+	64	0	2	0	1	3
	5p	+	65	0	1	1	1	3
	5p	+	66	0	0	2	1	3
	5p	+	67	3	0	0	0	3
	5p	+	68	2	0	1	0	3
	5p	+	69	1	0	1	1	3
	5p	+	70	1	0	1	1	3
	5p	+	71	1	0	1	1	3
	5p	+	72	0	0	1	2	3
	5p	+	73	0	0	2	1	3
	5p	+	74	0	1	0	2	3
	5p	+	75	0	0	0	3	3
	5p	+	76	2	0	1	0	3
	5p	+	77	1	0	0	2	3
	5p	+	78	2	0	1	0	3
	5p	+	79	1	0	0	2	3
	5p	+	80	1	1	1	0	3
	5p	+	81	0	1	0	2	3
	5p	+	82	0	1	0	2	3
	5p	+	83	1	0	1	1	3
	5p	+	84	2	0	1	0	3
	5p	+	85	0	0	1	1	2
	5p	+	86	1	1	0	0	2
	5p	+	87	0	0	1	1	2
	5p	+	88	1	0	1	0	2
	5p	+	89	1	1	0	0	2
	5p	+	90	2	0	0	0	2
	5p	+	91	1	0	0	1	2
	5p	+	92	0	1	0	1	2
	5p	+	93	0	1	0	1	2
	5p	+	94	0	2	0	0	2
	5p	+	95	0	2	0	0	2
	5p	+	96	0	0	0	1	1
	5p	+	97	0	0	1	0	1
	5p	+	98	0	1	0	0	1
	5p	+	99	1	0	0	0	1
	5p	+	100	1	0	0	0	1
	5p	-	1	22	19	15	10	66
	5p	-	2	18	11	22	15	66
	5p	-	3	26	13	12	15	66
	5p	-	4	17	24	13	12	66
	5p	-	5	21	15	17	13	66
	5p	-	6	25	11	16	14	66
	5p	-	7	21	18	13	14	66
	5p	-	8	23	14	13	16	66
	5p	-	9	22	13	15	16	66
	5p	-	10	16	14	18	18	66
	5p	-	11	25	16	11	14	66
	5p	-	12	25	14	17	10	66
	5p	-	13	23	13	17	13	66
	5p	-	14	25	18	10	13	66
	5p	-	15	23	14	18	11	66
	5p	-	16	22	11	15	18	66
	5p	-	17	20	9	19	18	66
	5p	-	18	21	19	16	10	66
	5p	-	19	23	14	12	17	66
	5p	-	20	29	13	12	12	66
	5p	-	21	19	20	13	14	66
	5p	-	22	22	18	7	19	66
	5p	-	23	23	10	14	19	66
	5p	-	24	27	14	9	16	66
	5p	-	25	19	16	13	18	66
	5p	-	26	22	15	15	14	66
	5p	-	27	30	13	17	6	66
	5p	-	28	28	11	14	13	66
	5p	-	29	15	16	19	16	66
	5p	-	30	25	16	16	9	66
	5p	-	31	20	1	6	11	38
	5p	-	32	11	4	6	6	27
	5p	-	33	12	6	2	4	24
	5p	-	34	5	6	5	3	19
	5p	-	35	8	1	1	3	13
	5p	-	36	6	1	4	2	13
	5p	-	37	4	2	4	1	11
	5p	-	38	7	2	0	2	11
	5p	-	39	4	4	1	1	10
	5p	-	40	4	0	2	4	10
	5p	-	41	4	1	3	2	10
	5p	-	42	4	2	1	3	10
	5p	-	43	1	1	4	3	9
	5p	-	44	3	2	1	2	8
	5p	-	45	4	1	1	2	8
	5p	-	46	3	1	3	1	8
	5p	-	47	4	1	0	2	7
	5p	-	48	1	0	3	3	7
	5p	-	49	3	0	2	2	7
	5p	-	50	3	0	2	2	7
	5p	-	51	2	4	0	1	7
	5p	-	52	2	1	0	3	6
	5p	-	53	3	0	1	2	6
	5p	-	54	1	2	2	0	5
	5p	-	55	0	2	2	1	5
	5p	-	56	3	0	0	2	5
	5p	-	57	0	0	2	3	5
	5p	-	58	1	1	2	1	5
	5p	-	59	1	1	1	2	5
	5p	-	60	2	2	0	1	5
	5p	-	61	2	0	2	1	5
	5p	-	62	2	1	1	1	5
	5p	-	63	2	1	0	2	5
	5p	-	64	1	3	0	1	5
	5p	-	65	4	0	0	1	5
	5p	-	66	0	3	1	0	4
	5p	-	67	4	0	0	0	4
	5p	-	68	3	1	0	0	4
	5p	-	69	1	1	1	1	4
	5p	-	70	1	2	0	0	3
	5p	-	71	2	0	0	1	3
	5p	-	72	1	1	1	0	3
	5p	-	73	1	1	1	0	3
	5p	-	74	1	0	0	2	3
	5p	-	75	1	0	1	1	3
	5p	-	76	1	1	0	1	3
	5p	-	77	0	0	1	2	3
	5p	-	78	0	1	1	1	3
	5p	-	79	1	0	1	1	3
	5p	-	80	0	0	1	2	3
	5p	-	81	0	2	1	0	3
	5p	-	82	1	1	0	1	3
	5p	-	83	0	1	0	2	3
	5p	-	84	0	1	1	1	3
	5p	-	85	1	1	0	1	3
	5p	-	86	0	1	0	2	3
	5p	-	87	1	0	0	2	3
	5p	-	88	3	0	0	0	3
	5p	-	89	1	0	1	1	3
	5p	-	90	1	0	0	2	3
	5p	-	91	0	0	3	0	3
	5p	-	92	1	0	2	0	3
	5p	-	93	1	1	0	1	3
	5p	-	94	0	1	0	1	2
	5p	-	95	0	0	0	2	2
	5p	-	96	1	0	0	1	2
	5p	-	97	2	0	0	0	2
	5p	-	98	0	0	0	2	2
	5p	-	99	0	0	1	1	2
	5p	-	100	2	0	0	0	2
