# table produced by DamageProfiler
# using mapped file PaA011.BuffaloCape_Human_nc.Target.rmdup.noMicro_SCR_090.bam
# Sample ID: PaA011.BuffaloCape_Human_nc.Target.rmdup.noMicro_SCR_090.bam
Pos	C>T	G>A	A>C	A>G	A>T	C>A	C>G	G>C	G>T	T>A	T>C	T>G	->ACGT	ACGT>-
24	0.050000	0.000000	0.038462	0.057692	0.038462	0.025000	0.025000	0.068182	0.045455	0.000000	0.117647	0.058824	0.032680	0.000000
23	0.000000	0.027778	0.038462	0.000000	0.000000	0.078947	0.026316	0.000000	0.027778	0.000000	0.041667	0.125000	0.040000	0.000000
22	0.048780	0.088889	0.000000	0.000000	0.046512	0.024390	0.024390	0.022222	0.022222	0.125000	0.000000	0.041667	0.032680	0.000000
21	0.000000	0.073171	0.017857	0.000000	0.035714	0.032258	0.032258	0.024390	0.000000	0.037037	0.037037	0.074074	0.025806	0.000000
20	0.000000	0.046512	0.021277	0.021277	0.000000	0.000000	0.023810	0.046512	0.000000	0.100000	0.050000	0.000000	0.046053	0.000000
19	0.025000	0.028571	0.041667	0.020833	0.020833	0.025000	0.000000	0.000000	0.028571	0.062500	0.000000	0.062500	0.025806	0.000000
18	0.023256	0.034483	0.000000	0.018868	0.000000	0.023256	0.000000	0.000000	0.000000	0.037037	0.037037	0.074074	0.039474	0.000000
17	0.000000	0.000000	0.037736	0.018868	0.000000	0.000000	0.026316	0.000000	0.000000	0.000000	0.086957	0.043478	0.039735	0.000000
16	0.000000	0.055556	0.018519	0.018519	0.037037	0.022222	0.022222	0.027778	0.000000	0.047619	0.047619	0.047619	0.019231	0.000000
15	0.021739	0.052632	0.022727	0.000000	0.000000	0.043478	0.021739	0.026316	0.026316	0.000000	0.068966	0.034483	0.006369	0.000000
14	0.022222	0.023810	0.020833	0.000000	0.000000	0.022222	0.022222	0.023810	0.000000	0.047619	0.047619	0.000000	0.019231	0.000000
13	0.000000	0.042553	0.045455	0.022727	0.000000	0.029412	0.029412	0.021277	0.021277	0.000000	0.000000	0.000000	0.025974	0.000000
12	0.000000	0.000000	0.020833	0.041667	0.020833	0.023256	0.023256	0.000000	0.055556	0.000000	0.034483	0.000000	0.019231	0.000000
11	0.000000	0.034483	0.017241	0.000000	0.017241	0.024390	0.000000	0.000000	0.000000	0.041667	0.000000	0.000000	0.039474	0.000000
10	0.026316	0.027778	0.000000	0.021277	0.042553	0.026316	0.000000	0.027778	0.055556	0.000000	0.000000	0.000000	0.032468	0.000000
9	0.000000	0.028571	0.020408	0.020408	0.020408	0.024390	0.000000	0.057143	0.057143	0.071429	0.035714	0.000000	0.032680	0.000000
8	0.076923	0.029412	0.021277	0.000000	0.021277	0.025641	0.051282	0.000000	0.000000	0.030303	0.030303	0.030303	0.032680	0.000000
7	0.021739	0.066667	0.000000	0.020000	0.000000	0.000000	0.021739	0.033333	0.000000	0.000000	0.080000	0.040000	0.052980	0.000000
6	0.000000	0.047619	0.000000	0.000000	0.000000	0.075000	0.050000	0.000000	0.023810	0.000000	0.045455	0.000000	0.025806	0.000000
5	0.000000	0.025641	0.000000	0.054545	0.018182	0.054054	0.027027	0.000000	0.076923	0.037037	0.111111	0.111111	0.000000	0.000000
4	0.025641	0.023810	0.018868	0.018868	0.018868	0.025641	0.000000	0.000000	0.000000	0.000000	0.000000	0.041667	0.006329	0.000000
3	0.000000	0.000000	0.017544	0.017544	0.000000	0.027027	0.000000	0.027027	0.027027	0.000000	0.111111	0.000000	0.006329	0.000000
2	0.000000	0.054054	0.037037	0.000000	0.000000	0.022727	0.022727	0.027027	0.027027	0.000000	0.000000	0.083333	0.000000	0.000000
1	0.000000	0.045455	0.017857	0.071429	0.000000	0.060000	0.040000	0.000000	0.000000	0.032258	0.000000	0.000000	0.000000	0.000000
0	0.023810	0.025000	0.018519	0.037037	0.000000	0.023810	0.000000	0.000000	0.025000	0.000000	0.000000	0.000000	0.000000	0.000000
