# table produced by DamageProfiler
# using mapped file PaA011.BuffaloCape_Human_nc.Target.rmdup.noMicro_SCR_090.bam
# Sample ID: PaA011.BuffaloCape_Human_nc.Target.rmdup.noMicro_SCR_090.bam
Chr	End	Std	Pos	A	C	G	T	Total
	3p	+	1	26	18	19	11	74
	3p	+	2	28	22	14	10	74
	3p	+	3	26	14	26	8	74
	3p	+	4	29	16	17	12	74
	3p	+	5	19	20	24	11	74
	3p	+	6	28	17	23	6	74
	3p	+	7	31	16	17	10	74
	3p	+	8	26	25	16	7	74
	3p	+	9	22	12	22	18	74
	3p	+	10	26	19	15	14	74
	3p	+	11	22	19	19	14	74
	3p	+	12	27	19	17	11	74
	3p	+	13	27	18	18	11	74
	3p	+	14	23	16	22	13	74
	3p	+	15	28	21	16	9	74
	3p	+	16	25	22	15	12	74
	3p	+	17	23	27	18	6	74
	3p	+	18	36	13	19	6	74
	3p	+	19	28	25	13	8	74
	3p	+	20	23	17	21	13	74
	3p	+	21	25	20	21	8	74
	3p	+	22	35	14	15	10	74
	3p	+	23	20	26	17	11	74
	3p	+	24	29	16	17	12	74
	3p	+	25	20	21	22	11	74
	3p	+	26	25	18	27	4	74
	3p	+	27	32	15	15	12	74
	3p	+	28	27	21	20	6	74
	3p	+	29	18	27	18	11	74
	3p	+	30	36	14	13	11	74
	3p	+	31	11	9	8	6	34
	3p	+	32	5	4	2	4	15
	3p	+	33	3	0	3	1	7
	3p	+	34	2	0	2	1	5
	3p	+	35	1	1	1	0	3
	3p	+	36	1	0	0	1	2
	3p	+	37	0	0	0	2	2
	3p	+	38	0	1	0	1	2
	3p	+	39	1	0	0	1	2
	3p	+	40	0	0	1	1	2
	3p	+	41	1	0	0	0	1
	3p	+	42	0	0	1	0	1
	3p	+	43	1	0	0	0	1
	3p	+	44	0	0	0	1	1
	3p	+	45	0	1	0	0	1
	3p	+	46	0	0	0	0	0
	3p	+	47	0	0	0	0	0
	3p	+	48	0	0	0	0	0
	3p	+	49	0	0	0	0	0
	3p	+	50	0	0	0	0	0
	3p	+	51	0	0	0	0	0
	3p	+	52	0	0	0	0	0
	3p	+	53	0	0	0	0	0
	3p	+	54	0	0	0	0	0
	3p	+	55	0	0	0	0	0
	3p	+	56	0	0	0	0	0
	3p	+	57	0	0	0	0	0
	3p	+	58	0	0	0	0	0
	3p	+	59	0	0	0	0	0
	3p	+	60	0	0	0	0	0
	3p	+	61	0	0	0	0	0
	3p	+	62	0	0	0	0	0
	3p	+	63	0	0	0	0	0
	3p	+	64	0	0	0	0	0
	3p	+	65	0	0	0	0	0
	3p	+	66	0	0	0	0	0
	3p	+	67	0	0	0	0	0
	3p	+	68	0	0	0	0	0
	3p	+	69	0	0	0	0	0
	3p	+	70	0	0	0	0	0
	3p	+	71	0	0	0	0	0
	3p	+	72	0	0	0	0	0
	3p	+	73	0	0	0	0	0
	3p	+	74	0	0	0	0	0
	3p	+	75	0	0	0	0	0
	3p	+	76	0	0	0	0	0
	3p	+	77	0	0	0	0	0
	3p	+	78	0	0	0	0	0
	3p	+	79	0	0	0	0	0
	3p	+	80	0	0	0	0	0
	3p	+	81	0	0	0	0	0
	3p	+	82	0	0	0	0	0
	3p	+	83	0	0	0	0	0
	3p	+	84	0	0	0	0	0
	3p	+	85	0	0	0	0	0
	3p	+	86	0	0	0	0	0
	3p	+	87	0	0	0	0	0
	3p	+	88	0	0	0	0	0
	3p	+	89	0	0	0	0	0
	3p	+	90	0	0	0	0	0
	3p	+	91	0	0	0	0	0
	3p	+	92	0	0	0	0	0
	3p	+	93	0	0	0	0	0
	3p	+	94	0	0	0	0	0
	3p	+	95	0	0	0	0	0
	3p	+	96	0	0	0	0	0
	3p	+	97	0	0	0	0	0
	3p	+	98	0	0	0	0	0
	3p	+	99	0	0	0	0	0
	3p	+	100	0	0	0	0	0
	3p	-	1	27	23	21	14	85
	3p	-	2	28	24	13	20	85
	3p	-	3	29	31	10	15	85
	3p	-	4	28	25	19	13	85
	3p	-	5	34	18	19	14	85
	3p	-	6	27	20	19	19	85
	3p	-	7	26	20	27	12	85
	3p	-	8	26	25	18	16	85
	3p	-	9	26	25	17	17	85
	3p	-	10	27	25	18	15	85
	3p	-	11	26	19	16	24	85
	3p	-	12	34	24	13	14	85
	3p	-	13	19	26	20	20	85
	3p	-	14	22	20	25	18	85
	3p	-	15	23	26	25	11	85
	3p	-	16	22	25	21	17	85
	3p	-	17	32	20	19	14	85
	3p	-	18	16	28	25	16	85
	3p	-	19	30	18	20	17	85
	3p	-	20	28	24	15	18	85
	3p	-	21	25	28	23	9	85
	3p	-	22	23	19	28	15	85
	3p	-	23	30	15	25	15	85
	3p	-	24	27	25	21	12	85
	3p	-	25	26	25	24	10	85
	3p	-	26	23	26	19	17	85
	3p	-	27	26	22	23	14	85
	3p	-	28	33	19	19	14	85
	3p	-	29	30	18	24	13	85
	3p	-	30	27	25	20	13	85
	3p	-	31	13	18	11	5	47
	3p	-	32	7	6	8	6	27
	3p	-	33	7	4	6	1	18
	3p	-	34	3	3	2	4	12
	3p	-	35	3	4	3	0	10
	3p	-	36	2	2	0	3	7
	3p	-	37	3	2	1	1	7
	3p	-	38	0	2	1	4	7
	3p	-	39	3	3	1	0	7
	3p	-	40	2	1	0	3	6
	3p	-	41	2	1	3	0	6
	3p	-	42	1	1	1	3	6
	3p	-	43	3	2	0	1	6
	3p	-	44	1	2	1	1	5
	3p	-	45	2	1	2	0	5
	3p	-	46	0	2	0	3	5
	3p	-	47	1	1	1	1	4
	3p	-	48	0	1	1	2	4
	3p	-	49	2	1	0	1	4
	3p	-	50	1	1	0	2	4
	3p	-	51	1	1	1	1	4
	3p	-	52	0	2	0	2	4
	3p	-	53	2	0	0	1	3
	3p	-	54	0	1	0	2	3
	3p	-	55	1	1	0	1	3
	3p	-	56	0	1	1	1	3
	3p	-	57	2	1	0	0	3
	3p	-	58	0	1	0	1	2
	3p	-	59	1	1	0	0	2
	3p	-	60	0	1	0	1	2
	3p	-	61	2	0	0	0	2
	3p	-	62	0	1	0	1	2
	3p	-	63	1	1	0	0	2
	3p	-	64	0	1	0	1	2
	3p	-	65	2	0	0	0	2
	3p	-	66	0	1	0	1	2
	3p	-	67	1	1	0	0	2
	3p	-	68	0	1	0	1	2
	3p	-	69	2	0	0	0	2
	3p	-	70	0	1	0	1	2
	3p	-	71	0	2	0	0	2
	3p	-	72	1	0	0	1	2
	3p	-	73	1	1	0	0	2
	3p	-	74	0	1	0	1	2
	3p	-	75	1	1	0	0	2
	3p	-	76	1	0	0	1	2
	3p	-	77	1	1	0	0	2
	3p	-	78	1	0	1	0	2
	3p	-	79	0	2	0	0	2
	3p	-	80	1	0	0	1	2
	3p	-	81	1	1	0	0	2
	3p	-	82	1	0	0	1	2
	3p	-	83	0	2	0	0	2
	3p	-	84	1	0	0	1	2
	3p	-	85	1	1	0	0	2
	3p	-	86	1	0	0	1	2
	3p	-	87	0	2	0	0	2
	3p	-	88	1	0	0	1	2
	3p	-	89	1	1	0	0	2
	3p	-	90	1	0	0	1	2
	3p	-	91	0	2	0	0	2
	3p	-	92	1	0	0	1	2
	3p	-	93	1	1	0	0	2
	3p	-	94	1	0	0	1	2
	3p	-	95	0	2	0	0	2
	3p	-	96	1	0	0	1	2
	3p	-	97	1	1	0	0	2
	3p	-	98	1	0	0	1	2
	3p	-	99	0	2	0	0	2
	3p	-	100	1	0	0	1	2
	5p	+	1	32	17	12	13	74
	5p	+	2	24	24	17	9	74
	5p	+	3	22	20	19	13	74
	5p	+	4	29	16	21	8	74
	5p	+	5	33	13	18	10	74
	5p	+	6	24	20	21	9	74
	5p	+	7	25	23	18	8	74
	5p	+	8	23	19	18	14	74
	5p	+	9	26	18	17	13	74
	5p	+	10	25	21	17	11	74
	5p	+	11	26	13	24	11	74
	5p	+	12	27	19	19	9	74
	5p	+	13	33	17	18	6	74
	5p	+	14	27	25	15	7	74
	5p	+	15	22	24	17	11	74
	5p	+	16	29	19	16	10	74
	5p	+	17	26	20	17	11	74
	5p	+	18	27	14	24	9	74
	5p	+	19	25	23	15	11	74
	5p	+	20	24	15	18	17	74
	5p	+	21	28	18	19	9	74
	5p	+	22	18	17	20	19	74
	5p	+	23	20	21	22	11	74
	5p	+	24	30	19	15	10	74
	5p	+	25	32	16	19	7	74
	5p	+	26	25	19	19	11	74
	5p	+	27	27	17	23	7	74
	5p	+	28	27	18	20	9	74
	5p	+	29	25	20	22	7	74
	5p	+	30	26	19	16	13	74
	5p	+	31	13	9	7	5	34
	5p	+	32	4	4	5	2	15
	5p	+	33	3	1	2	1	7
	5p	+	34	1	1	2	1	5
	5p	+	35	2	0	0	1	3
	5p	+	36	0	2	0	0	2
	5p	+	37	1	0	0	1	2
	5p	+	38	1	1	0	0	2
	5p	+	39	1	0	1	0	2
	5p	+	40	1	1	0	0	2
	5p	+	41	0	0	1	0	1
	5p	+	42	1	0	0	0	1
	5p	+	43	0	1	0	0	1
	5p	+	44	0	0	0	1	1
	5p	+	45	1	0	0	0	1
	5p	+	46	0	0	0	0	0
	5p	+	47	0	0	0	0	0
	5p	+	48	0	0	0	0	0
	5p	+	49	0	0	0	0	0
	5p	+	50	0	0	0	0	0
	5p	+	51	0	0	0	0	0
	5p	+	52	0	0	0	0	0
	5p	+	53	0	0	0	0	0
	5p	+	54	0	0	0	0	0
	5p	+	55	0	0	0	0	0
	5p	+	56	0	0	0	0	0
	5p	+	57	0	0	0	0	0
	5p	+	58	0	0	0	0	0
	5p	+	59	0	0	0	0	0
	5p	+	60	0	0	0	0	0
	5p	+	61	0	0	0	0	0
	5p	+	62	0	0	0	0	0
	5p	+	63	0	0	0	0	0
	5p	+	64	0	0	0	0	0
	5p	+	65	0	0	0	0	0
	5p	+	66	0	0	0	0	0
	5p	+	67	0	0	0	0	0
	5p	+	68	0	0	0	0	0
	5p	+	69	0	0	0	0	0
	5p	+	70	0	0	0	0	0
	5p	+	71	0	0	0	0	0
	5p	+	72	0	0	0	0	0
	5p	+	73	0	0	0	0	0
	5p	+	74	0	0	0	0	0
	5p	+	75	0	0	0	0	0
	5p	+	76	0	0	0	0	0
	5p	+	77	0	0	0	0	0
	5p	+	78	0	0	0	0	0
	5p	+	79	0	0	0	0	0
	5p	+	80	0	0	0	0	0
	5p	+	81	0	0	0	0	0
	5p	+	82	0	0	0	0	0
	5p	+	83	0	0	0	0	0
	5p	+	84	0	0	0	0	0
	5p	+	85	0	0	0	0	0
	5p	+	86	0	0	0	0	0
	5p	+	87	0	0	0	0	0
	5p	+	88	0	0	0	0	0
	5p	+	89	0	0	0	0	0
	5p	+	90	0	0	0	0	0
	5p	+	91	0	0	0	0	0
	5p	+	92	0	0	0	0	0
	5p	+	93	0	0	0	0	0
	5p	+	94	0	0	0	0	0
	5p	+	95	0	0	0	0	0
	5p	+	96	0	0	0	0	0
	5p	+	97	0	0	0	0	0
	5p	+	98	0	0	0	0	0
	5p	+	99	0	0	0	0	0
	5p	+	100	0	0	0	0	0
	5p	-	1	28	23	24	10	85
	5p	-	2	30	19	21	15	85
	5p	-	3	30	26	20	9	85
	5p	-	4	29	21	22	13	85
	5p	-	5	22	20	21	22	85
	5p	-	6	23	22	28	12	85
	5p	-	7	27	23	23	12	85
	5p	-	8	29	22	20	14	85
	5p	-	9	31	18	24	12	85
	5p	-	10	20	28	24	13	85
	5p	-	11	28	22	18	17	85
	5p	-	12	27	20	23	15	85
	5p	-	13	26	22	22	15	85
	5p	-	14	28	23	18	16	85
	5p	-	15	24	23	25	13	85
	5p	-	16	25	25	20	15	85
	5p	-	17	23	21	21	20	85
	5p	-	18	17	26	30	12	85
	5p	-	19	32	22	15	16	85
	5p	-	20	29	22	11	23	85
	5p	-	21	27	24	22	12	85
	5p	-	22	27	22	20	16	85
	5p	-	23	28	30	12	15	85
	5p	-	24	28	20	27	10	85
	5p	-	25	24	18	23	20	85
	5p	-	26	28	21	17	19	85
	5p	-	27	28	23	20	14	85
	5p	-	28	27	30	14	14	85
	5p	-	29	30	24	12	19	85
	5p	-	30	30	25	20	10	85
	5p	-	31	13	12	6	16	47
	5p	-	32	8	6	7	6	27
	5p	-	33	3	9	2	4	18
	5p	-	34	5	3	2	2	12
	5p	-	35	3	2	3	2	10
	5p	-	36	1	1	3	2	7
	5p	-	37	1	3	0	3	7
	5p	-	38	2	2	1	2	7
	5p	-	39	0	3	2	2	7
	5p	-	40	2	1	1	2	6
	5p	-	41	1	3	1	1	6
	5p	-	42	2	2	1	1	6
	5p	-	43	1	2	0	3	6
	5p	-	44	2	0	2	1	5
	5p	-	45	1	3	0	1	5
	5p	-	46	1	2	0	2	5
	5p	-	47	0	2	0	2	4
	5p	-	48	2	0	1	1	4
	5p	-	49	1	2	0	1	4
	5p	-	50	1	2	0	1	4
	5p	-	51	0	2	0	2	4
	5p	-	52	2	0	1	1	4
	5p	-	53	0	2	0	1	3
	5p	-	54	1	1	0	1	3
	5p	-	55	0	2	0	1	3
	5p	-	56	2	0	0	1	3
	5p	-	57	0	2	0	1	3
	5p	-	58	1	1	0	0	2
	5p	-	59	0	1	0	1	2
	5p	-	60	2	0	0	0	2
	5p	-	61	0	1	0	1	2
	5p	-	62	1	1	0	0	2
	5p	-	63	0	1	0	1	2
	5p	-	64	2	0	0	0	2
	5p	-	65	0	1	0	1	2
	5p	-	66	1	1	0	0	2
	5p	-	67	0	1	0	1	2
	5p	-	68	2	0	0	0	2
	5p	-	69	0	1	0	1	2
	5p	-	70	1	1	0	0	2
	5p	-	71	0	1	0	1	2
	5p	-	72	2	0	0	0	2
	5p	-	73	0	1	0	1	2
	5p	-	74	1	1	0	0	2
	5p	-	75	0	1	1	0	2
	5p	-	76	2	0	0	0	2
	5p	-	77	0	1	0	1	2
	5p	-	78	1	1	0	0	2
	5p	-	79	0	1	0	1	2
	5p	-	80	2	0	0	0	2
	5p	-	81	0	1	0	1	2
	5p	-	82	1	1	0	0	2
	5p	-	83	0	1	0	1	2
	5p	-	84	2	0	0	0	2
	5p	-	85	0	1	0	1	2
	5p	-	86	1	1	0	0	2
	5p	-	87	0	1	0	1	2
	5p	-	88	2	0	0	0	2
	5p	-	89	0	1	0	1	2
	5p	-	90	1	1	0	0	2
	5p	-	91	0	1	0	1	2
	5p	-	92	2	0	0	0	2
	5p	-	93	0	1	0	1	2
	5p	-	94	1	1	0	0	2
	5p	-	95	0	1	0	1	2
	5p	-	96	2	0	0	0	2
	5p	-	97	0	1	0	1	2
	5p	-	98	1	1	0	0	2
	5p	-	99	0	1	0	1	2
	5p	-	100	2	0	0	0	2
