# table produced by DamageProfiler
# using mapped file ToA004.ElandCommon_Human_nc.Target.rmdup.noMicro.bam
# Sample ID: ToA004.ElandCommon_Human_nc.Target.rmdup.noMicro.bam
Pos	C>T	G>A	A>C	A>G	A>T	C>A	C>G	G>C	G>T	T>A	T>C	T>G	->ACGT	ACGT>-
24	0.027027	0.027778	0.000000	0.085714	0.028571	0.000000	0.000000	0.055556	0.027778	0.000000	0.034483	0.034483	0.043796	0.000000
23	0.000000	0.076923	0.000000	0.000000	0.021277	0.000000	0.000000	0.000000	0.038462	0.000000	0.000000	0.000000	0.059701	0.000000
22	0.058824	0.034483	0.000000	0.024390	0.000000	0.058824	0.000000	0.000000	0.000000	0.000000	0.000000	0.000000	0.021277	0.000000
21	0.000000	0.000000	0.000000	0.022222	0.000000	0.060606	0.030303	0.000000	0.074074	0.000000	0.000000	0.000000	0.051095	0.000000
20	0.034483	0.000000	0.000000	0.022222	0.022222	0.000000	0.034483	0.000000	0.041667	0.025641	0.025641	0.025641	0.021898	0.000000
19	0.085714	0.000000	0.000000	0.000000	0.000000	0.000000	0.028571	0.062500	0.000000	0.023810	0.000000	0.000000	0.028777	0.000000
18	0.000000	0.000000	0.022727	0.000000	0.000000	0.000000	0.000000	0.000000	0.000000	0.000000	0.000000	0.000000	0.028777	0.000000
17	0.030303	0.031250	0.000000	0.000000	0.000000	0.000000	0.000000	0.000000	0.031250	0.000000	0.054054	0.000000	0.021429	0.000000
16	0.030303	0.047619	0.000000	0.024390	0.000000	0.030303	0.000000	0.047619	0.047619	0.000000	0.000000	0.022222	0.021429	0.000000
15	0.000000	0.000000	0.000000	0.022727	0.000000	0.000000	0.000000	0.000000	0.000000	0.000000	0.000000	0.021739	0.028571	0.000000
14	0.000000	0.000000	0.000000	0.000000	0.000000	0.000000	0.000000	0.000000	0.000000	0.000000	0.028571	0.000000	0.021429	0.000000
13	0.000000	0.050000	0.000000	0.042553	0.000000	0.000000	0.000000	0.000000	0.000000	0.000000	0.030303	0.030303	0.028777	0.000000
12	0.000000	0.026316	0.000000	0.000000	0.023810	0.000000	0.000000	0.026316	0.000000	0.000000	0.057143	0.000000	0.000000	0.000000
11	0.000000	0.074074	0.000000	0.000000	0.000000	0.000000	0.033333	0.111111	0.000000	0.000000	0.027778	0.027778	0.051852	0.000000
10	0.000000	0.000000	0.000000	0.054545	0.018182	0.000000	0.000000	0.043478	0.043478	0.032258	0.000000	0.000000	0.036232	0.000000
9	0.000000	0.066667	0.000000	0.000000	0.019608	0.030303	0.000000	0.033333	0.000000	0.000000	0.000000	0.000000	0.021583	0.000000
8	0.000000	0.000000	0.023256	0.000000	0.000000	0.000000	0.064516	0.000000	0.000000	0.000000	0.027778	0.000000	0.044776	0.000000
7	0.000000	0.000000	0.000000	0.018868	0.037736	0.000000	0.000000	0.000000	0.076923	0.032258	0.032258	0.000000	0.014184	0.000000
6	0.000000	0.000000	0.000000	0.036364	0.000000	0.000000	0.038462	0.107143	0.000000	0.031250	0.000000	0.000000	0.021277	0.000000
5	0.090909	0.000000	0.000000	0.000000	0.018868	0.045455	0.045455	0.000000	0.000000	0.000000	0.000000	0.000000	0.006993	0.000000
4	0.031250	0.038462	0.019231	0.000000	0.000000	0.031250	0.000000	0.000000	0.000000	0.029412	0.000000	0.000000	0.000000	0.000000
3	0.025641	0.050000	0.000000	0.000000	0.000000	0.025641	0.000000	0.000000	0.000000	0.057143	0.000000	0.028571	0.000000	0.000000
2	0.025641	0.000000	0.000000	0.043478	0.000000	0.000000	0.025641	0.041667	0.000000	0.028571	0.028571	0.000000	0.000000	0.000000
1	0.021739	0.000000	0.000000	0.000000	0.020000	0.043478	0.021739	0.000000	0.000000	0.000000	0.000000	0.000000	0.000000	0.000000
0	0.125000	0.000000	0.031250	0.015625	0.000000	0.000000	0.000000	0.000000	0.038462	0.000000	0.000000	0.000000	0.000000	0.000000
