# table produced by DamageProfiler
# using mapped file ScA004.BuffaloCape_Human_nc.Target.rmdup.noMicro.bam
# Sample ID: ScA004.BuffaloCape_Human_nc.Target.rmdup.noMicro.bam
Pos	C>T	G>A	A>C	A>G	A>T	C>A	C>G	G>C	G>T	T>A	T>C	T>G	->ACGT	ACGT>-
24	0.004221	0.003381	0.000726	0.002335	0.000617	0.001159	0.000786	0.001107	0.002906	0.000718	0.002265	0.000688	0.000257	0.000000
23	0.004322	0.003527	0.000676	0.002461	0.000619	0.001148	0.000685	0.001102	0.002939	0.000723	0.002411	0.000649	0.000258	0.000000
22	0.004208	0.003669	0.000639	0.002404	0.000637	0.001271	0.000708	0.001114	0.002801	0.000734	0.002359	0.000649	0.000257	0.000000
21	0.004354	0.003678	0.000740	0.002419	0.000627	0.001154	0.000730	0.001142	0.002714	0.000674	0.002403	0.000745	0.000221	0.000000
20	0.004184	0.003469	0.000719	0.002305	0.000633	0.001147	0.000835	0.001129	0.002880	0.000699	0.002449	0.000688	0.000243	0.000000
19	0.004345	0.003509	0.000820	0.002364	0.000640	0.001200	0.000706	0.001147	0.002940	0.000682	0.002351	0.000636	0.000255	0.000000
18	0.004023	0.003480	0.000756	0.002297	0.000651	0.001253	0.000751	0.001141	0.002890	0.000740	0.002470	0.000701	0.000235	0.000000
17	0.004169	0.003486	0.000694	0.002406	0.000644	0.001305	0.000749	0.001192	0.003000	0.000709	0.002460	0.000738	0.000278	0.000000
16	0.004336	0.003457	0.000675	0.002340	0.000654	0.001218	0.000742	0.001075	0.002958	0.000729	0.002348	0.000654	0.000245	0.000000
15	0.004347	0.003515	0.000689	0.002399	0.000689	0.001225	0.000805	0.001113	0.002935	0.000653	0.002443	0.000706	0.000246	0.000000
14	0.004287	0.003545	0.000730	0.002399	0.000669	0.001258	0.000764	0.001174	0.002735	0.000715	0.002222	0.000632	0.000225	0.000000
13	0.004369	0.003344	0.000680	0.002396	0.000644	0.001187	0.000817	0.001107	0.003061	0.000698	0.002354	0.000672	0.000218	0.000000
12	0.004263	0.003672	0.000649	0.002259	0.000598	0.001234	0.000742	0.001159	0.002979	0.000685	0.002292	0.000738	0.000217	0.000000
11	0.004163	0.003622	0.000637	0.002409	0.000686	0.001257	0.000678	0.001208	0.002807	0.000694	0.002204	0.000648	0.000198	0.000000
10	0.004233	0.003686	0.000713	0.002427	0.000636	0.001215	0.000731	0.001263	0.002884	0.000738	0.002412	0.000636	0.000209	0.000000
9	0.004450	0.003693	0.000687	0.002410	0.000633	0.001223	0.000677	0.001260	0.002945	0.000668	0.002385	0.000630	0.000185	0.000000
8	0.004472	0.003474	0.000716	0.002295	0.000651	0.001357	0.000786	0.001269	0.002912	0.000768	0.002197	0.000718	0.000179	0.000000
7	0.004546	0.003811	0.000731	0.002282	0.000612	0.001422	0.000838	0.001134	0.003043	0.000805	0.002260	0.000718	0.000164	0.000000
6	0.004712	0.003892	0.000673	0.002182	0.000634	0.001378	0.000738	0.001295	0.003115	0.000735	0.002245	0.000674	0.000135	0.000000
5	0.004894	0.003901	0.000641	0.002289	0.000632	0.001503	0.000833	0.001128	0.002996	0.000815	0.002171	0.000746	0.000124	0.000000
4	0.005659	0.003630	0.000626	0.002571	0.000811	0.001486	0.000951	0.001180	0.003129	0.000866	0.002272	0.000744	0.000077	0.000000
3	0.005301	0.004259	0.000742	0.002421	0.000869	0.001566	0.000928	0.001237	0.003642	0.001053	0.002440	0.000882	0.000037	0.000000
2	0.005355	0.004201	0.000904	0.002748	0.001027	0.001882	0.000902	0.001485	0.003702	0.001384	0.002821	0.001091	0.000003	0.000000
1	0.017278	0.005129	0.001157	0.002775	0.001354	0.001857	0.000855	0.001629	0.003491	0.001742	0.003295	0.001208	0.000002	0.000000
0	0.076796	0.006610	0.001050	0.002719	0.002018	0.003126	0.001261	0.001467	0.003026	0.002088	0.003717	0.001309	0.000000	0.000000
