# table produced by DamageProfiler
# using mapped file ToA035.ElandCommon_Human_nc.Target.rmdup.noMicro.bam
# Sample ID: ToA035.ElandCommon_Human_nc.Target.rmdup.noMicro.bam
Pos	C>T	G>A	A>C	A>G	A>T	C>A	C>G	G>C	G>T	T>A	T>C	T>G	->ACGT	ACGT>-
24	0.029412	0.033333	0.028986	0.014493	0.028986	0.049020	0.019608	0.044444	0.011111	0.021898	0.021898	0.029197	0.034261	0.000000
23	0.000000	0.020000	0.007874	0.007874	0.031496	0.018182	0.018182	0.000000	0.010000	0.024194	0.008065	0.016129	0.043384	0.000000
22	0.000000	0.031579	0.006061	0.018182	0.000000	0.011765	0.023529	0.010526	0.021053	0.016667	0.016667	0.025000	0.045161	0.000000
21	0.030612	0.019048	0.007092	0.021277	0.014184	0.030612	0.030612	0.047619	0.047619	0.000000	0.040000	0.008000	0.036247	0.000000
20	0.038835	0.037383	0.013333	0.033333	0.006667	0.029126	0.009709	0.009346	0.000000	0.009259	0.009259	0.027778	0.032051	0.000000
19	0.029703	0.044248	0.029412	0.022059	0.014706	0.009901	0.019802	0.017699	0.008850	0.025000	0.016667	0.008333	0.038298	0.000000
18	0.009901	0.018868	0.014184	0.014184	0.021277	0.000000	0.019802	0.018868	0.066038	0.000000	0.049180	0.008197	0.029787	0.000000
17	0.046729	0.009901	0.006944	0.006944	0.013889	0.018692	0.018692	0.029703	0.009901	0.016807	0.016807	0.008403	0.033970	0.000000
16	0.022472	0.009709	0.000000	0.050360	0.014388	0.011236	0.011236	0.048544	0.000000	0.007519	0.022556	0.022556	0.047414	0.000000
15	0.000000	0.009174	0.014085	0.014085	0.021127	0.010101	0.030303	0.027523	0.027523	0.015504	0.007752	0.015504	0.020877	0.000000
14	0.050847	0.000000	0.028777	0.000000	0.014388	0.000000	0.016949	0.030928	0.000000	0.008403	0.008403	0.008403	0.025370	0.000000
13	0.000000	0.019802	0.014286	0.007143	0.014286	0.019417	0.009709	0.009901	0.019802	0.000000	0.039683	0.015873	0.034043	0.000000
12	0.030612	0.020408	0.000000	0.033333	0.006667	0.020408	0.010204	0.030612	0.010204	0.007576	0.007576	0.000000	0.018828	0.000000
11	0.009174	0.020408	0.007692	0.023077	0.015385	0.018349	0.009174	0.020408	0.000000	0.000000	0.030534	0.038168	0.038462	0.000000
10	0.009259	0.035714	0.027972	0.034965	0.041958	0.009259	0.018519	0.047619	0.000000	0.007576	0.015152	0.007576	0.040685	0.000000
9	0.000000	0.017857	0.014815	0.014815	0.007407	0.009259	0.037037	0.017857	0.000000	0.017544	0.026316	0.017544	0.038380	0.000000
8	0.008621	0.014085	0.017647	0.000000	0.041176	0.008621	0.034483	0.014085	0.014085	0.017241	0.017241	0.017241	0.031712	0.000000
7	0.000000	0.023256	0.012579	0.018868	0.006289	0.031250	0.020833	0.034884	0.000000	0.007752	0.038760	0.023256	0.025532	0.000000
6	0.022222	0.019608	0.019608	0.019608	0.026144	0.033333	0.011111	0.019608	0.029412	0.007813	0.015625	0.007813	0.023256	0.000000
5	0.029412	0.020833	0.011905	0.035714	0.005952	0.009804	0.019608	0.010417	0.020833	0.008621	0.017241	0.008621	0.012448	0.000000
4	0.018519	0.010309	0.000000	0.011299	0.011299	0.018519	0.018519	0.000000	0.030928	0.018868	0.028302	0.000000	0.002049	0.000000
3	0.053571	0.031250	0.000000	0.017964	0.017964	0.008929	0.008929	0.010417	0.041667	0.026087	0.008696	0.008696	0.000000	0.000000
2	0.033898	0.033708	0.037975	0.025316	0.018987	0.042373	0.025424	0.011236	0.011236	0.008000	0.016000	0.008000	0.000000	0.000000
1	0.053097	0.023810	0.021277	0.015957	0.031915	0.035398	0.000000	0.011905	0.011905	0.009709	0.019417	0.019417	0.002049	0.000000
0	0.075269	0.025316	0.000000	0.010989	0.010989	0.000000	0.021505	0.012658	0.050633	0.014815	0.014815	0.014815	0.000000	0.000000
