# table produced by DamageProfiler
# using mapped file ToA035.ElandCommon_Human_nc.Target.rmdup.noMicro.bam
# Sample ID: ToA035.ElandCommon_Human_nc.Target.rmdup.noMicro.bam
Pos	C>T	G>A	A>C	A>G	A>T	C>A	C>G	G>C	G>T	T>A	T>C	T>G	->ACGT	ACGT>-
0	0.024000	0.000000	0.012821	0.006410	0.012821	0.008000	0.032000	0.025974	0.025974	0.007874	0.015748	0.000000	0.000000	0.000000
1	0.037383	0.019417	0.000000	0.013514	0.020270	0.018692	0.018692	0.009709	0.019417	0.015748	0.007874	0.007874	0.000000	0.000000
2	0.038760	0.030303	0.007813	0.007813	0.015625	0.007752	0.023256	0.010101	0.020202	0.000000	0.023622	0.023622	0.002070	0.000000
3	0.000000	0.000000	0.020408	0.013605	0.006803	0.000000	0.026087	0.011628	0.000000	0.014925	0.022388	0.007463	0.006224	0.000000
4	0.022222	0.008696	0.007299	0.014599	0.007299	0.022222	0.022222	0.017391	0.000000	0.016667	0.016667	0.025000	0.030303	0.000000
5	0.040404	0.020619	0.013514	0.027027	0.020270	0.030303	0.010101	0.030928	0.010309	0.008000	0.024000	0.008000	0.019190	0.000000
6	0.010204	0.018868	0.015038	0.015038	0.015038	0.020408	0.020408	0.009434	0.000000	0.024793	0.016529	0.016529	0.032751	0.000000
7	0.010000	0.033333	0.014493	0.043478	0.014493	0.030000	0.030000	0.000000	0.022222	0.029412	0.022059	0.014706	0.030172	0.000000
8	0.000000	0.030928	0.006410	0.006410	0.006410	0.009709	0.029126	0.041237	0.030928	0.000000	0.017094	0.042735	0.021142	0.000000
9	0.040816	0.000000	0.021898	0.036496	0.014599	0.040816	0.030612	0.018868	0.028302	0.015873	0.023810	0.015873	0.023555	0.000000
10	0.051546	0.043860	0.013333	0.020000	0.013333	0.010309	0.010309	0.017544	0.000000	0.009174	0.009174	0.000000	0.031915	0.000000
11	0.000000	0.019048	0.013423	0.013423	0.013423	0.009346	0.009346	0.019048	0.028571	0.008850	0.017699	0.026549	0.010549	0.000000
12	0.029703	0.021505	0.020270	0.020270	0.020270	0.019802	0.019802	0.021505	0.032258	0.015625	0.015625	0.000000	0.021277	0.000000
13	0.044444	0.000000	0.007407	0.044444	0.000000	0.000000	0.044444	0.027778	0.009259	0.007463	0.022388	0.014925	0.025696	0.000000
14	0.009804	0.000000	0.014184	0.014184	0.021277	0.009804	0.009804	0.027027	0.027027	0.008547	0.008547	0.008547	0.023355	0.000000
15	0.018018	0.000000	0.020270	0.020270	0.006757	0.000000	0.018018	0.031915	0.010638	0.016949	0.008475	0.016949	0.012739	0.000000
16	0.019802	0.019417	0.020690	0.006897	0.020690	0.029703	0.009901	0.029126	0.019417	0.000000	0.024390	0.016260	0.016949	0.000000
17	0.037736	0.030000	0.000000	0.013158	0.013158	0.018868	0.018868	0.020000	0.020000	0.000000	0.017094	0.000000	0.012632	0.000000
18	0.000000	0.021053	0.007519	0.037594	0.015038	0.009346	0.009346	0.042105	0.000000	0.000000	0.029412	0.022059	0.019108	0.000000
19	0.027523	0.024096	0.020408	0.006803	0.047619	0.009174	0.009174	0.024096	0.012048	0.015504	0.023256	0.000000	0.019231	0.000000
20	0.009009	0.009434	0.024590	0.016393	0.016393	0.027027	0.018018	0.018868	0.000000	0.015873	0.000000	0.007937	0.025806	0.000000
21	0.000000	0.025000	0.013514	0.000000	0.027027	0.000000	0.058333	0.037500	0.000000	0.031496	0.023622	0.023622	0.018947	0.000000
22	0.000000	0.033708	0.006536	0.032680	0.019608	0.057692	0.019231	0.011236	0.000000	0.008000	0.064000	0.024000	0.012739	0.000000
23	0.027523	0.000000	0.020833	0.027778	0.013889	0.027523	0.009174	0.021053	0.031579	0.000000	0.032258	0.008065	0.012712	0.000000
24	0.028571	0.011628	0.017964	0.023952	0.011976	0.009524	0.019048	0.046512	0.023256	0.008403	0.008403	0.033613	0.014675	0.000000
