# table produced by DamageProfiler
# using mapped file ScA039.BuffaloCape_Human_nc.Target.rmdup.noMicro.bam
# Sample ID: ScA039.BuffaloCape_Human_nc.Target.rmdup.noMicro.bam
Pos	C>T	G>A	A>C	A>G	A>T	C>A	C>G	G>C	G>T	T>A	T>C	T>G	->ACGT	ACGT>-
0	0.078449	0.005260	0.002206	0.002900	0.002143	0.002442	0.001323	0.001856	0.008818	0.001641	0.002718	0.001026	0.000000	0.000000
1	0.014299	0.005152	0.001214	0.002939	0.001661	0.002883	0.001038	0.001030	0.007728	0.001532	0.002043	0.000794	0.000019	0.000000
2	0.006415	0.003983	0.001080	0.002521	0.001501	0.002342	0.000916	0.000861	0.006351	0.001889	0.002645	0.000945	0.000077	0.000000
3	0.006081	0.003989	0.001001	0.002414	0.001236	0.001824	0.001115	0.000818	0.004807	0.001465	0.002398	0.001066	0.000058	0.000000
4	0.006928	0.004134	0.000725	0.002297	0.000967	0.001528	0.000815	0.000724	0.003928	0.001347	0.002310	0.000642	0.000232	0.000000
5	0.004717	0.002674	0.000620	0.001922	0.000620	0.001333	0.000923	0.000823	0.004319	0.001124	0.001811	0.000999	0.000426	0.000000
6	0.005336	0.004179	0.000954	0.002684	0.000716	0.001779	0.000837	0.001149	0.004075	0.001208	0.002416	0.000509	0.000291	0.000000
7	0.004459	0.004479	0.000858	0.001717	0.000858	0.001305	0.000761	0.000853	0.005652	0.000899	0.002184	0.001092	0.000368	0.000000
8	0.004229	0.005391	0.000461	0.001267	0.000864	0.001374	0.001057	0.000990	0.005281	0.000763	0.002290	0.000127	0.000291	0.000000
9	0.005538	0.003955	0.000810	0.002256	0.000694	0.001776	0.001149	0.000659	0.004724	0.000830	0.002043	0.001021	0.000271	0.000000
10	0.003644	0.003931	0.000815	0.001921	0.000466	0.001457	0.000729	0.001092	0.004914	0.000830	0.001531	0.001021	0.000232	0.000000
11	0.004132	0.004242	0.000989	0.001572	0.000291	0.001240	0.000930	0.001196	0.005330	0.000964	0.002057	0.000900	0.000271	0.000000
12	0.004072	0.003879	0.000700	0.002159	0.000467	0.001566	0.000940	0.001662	0.004987	0.001386	0.002079	0.001008	0.000446	0.000000
13	0.004069	0.003480	0.000935	0.001636	0.000701	0.001565	0.000835	0.000544	0.004893	0.001018	0.002099	0.000636	0.000446	0.000000
14	0.005047	0.003529	0.000820	0.002635	0.000703	0.001236	0.000618	0.001213	0.005294	0.000889	0.002540	0.000953	0.000601	0.000000
15	0.004048	0.002727	0.000412	0.002121	0.000825	0.001661	0.000830	0.001091	0.005017	0.000948	0.001327	0.000758	0.000543	0.000000
16	0.004707	0.003707	0.000233	0.001401	0.000700	0.001674	0.001151	0.001526	0.004579	0.001017	0.001780	0.000890	0.000543	0.000000
17	0.005636	0.003276	0.000757	0.001747	0.000757	0.001148	0.000835	0.000764	0.006006	0.001083	0.002166	0.000446	0.000426	0.000000
18	0.004452	0.003830	0.000634	0.001901	0.000288	0.001908	0.000848	0.000875	0.005033	0.000447	0.001914	0.000447	0.000562	0.000000
19	0.006409	0.003394	0.001120	0.001415	0.000884	0.001261	0.000946	0.001095	0.005694	0.000626	0.002566	0.000939	0.000640	0.000000
20	0.004923	0.003278	0.000409	0.002162	0.000584	0.001257	0.000733	0.000765	0.005354	0.000697	0.001773	0.000633	0.000523	0.000000
21	0.005282	0.002971	0.000465	0.001978	0.000756	0.002007	0.001373	0.001100	0.002971	0.000567	0.001891	0.001072	0.000349	0.000000
22	0.003565	0.003407	0.000985	0.001448	0.001043	0.001573	0.001363	0.000879	0.003847	0.000637	0.002165	0.000637	0.000465	0.000000
23	0.005464	0.004614	0.000812	0.001566	0.000696	0.001366	0.001156	0.001428	0.004943	0.001143	0.001841	0.000889	0.000446	0.000000
24	0.005245	0.003979	0.000402	0.001895	0.000919	0.001713	0.000963	0.000553	0.005527	0.000759	0.002087	0.000886	0.000329	0.000000
