# table produced by DamageProfiler
# using mapped file ToA034.ElandCommon_Human_nc.Target.rmdup.noMicro.bam
# Sample ID: ToA034.ElandCommon_Human_nc.Target.rmdup.noMicro.bam
Pos	C>T	G>A	A>C	A>G	A>T	C>A	C>G	G>C	G>T	T>A	T>C	T>G	->ACGT	ACGT>-
24	0.045455	0.190476	0.000000	0.062500	0.020833	0.045455	0.000000	0.047619	0.000000	0.023810	0.047619	0.047619	0.030075	0.000000
23	0.000000	0.000000	0.000000	0.000000	0.037736	0.041667	0.000000	0.000000	0.000000	0.000000	0.000000	0.000000	0.014925	0.000000
22	0.041667	0.000000	0.000000	0.000000	0.020408	0.000000	0.000000	0.000000	0.000000	0.047619	0.071429	0.000000	0.015038	0.000000
21	0.000000	0.000000	0.022727	0.000000	0.045455	0.000000	0.000000	0.000000	0.000000	0.000000	0.000000	0.000000	0.015038	0.000000
20	0.090909	0.000000	0.000000	0.000000	0.000000	0.000000	0.000000	0.043478	0.000000	0.000000	0.029412	0.000000	0.022388	0.000000
19	0.041667	0.047619	0.000000	0.000000	0.000000	0.000000	0.041667	0.000000	0.000000	0.046512	0.000000	0.000000	0.022556	0.000000
18	0.038462	0.058824	0.020833	0.000000	0.020833	0.000000	0.000000	0.176471	0.117647	0.000000	0.023810	0.023810	0.022556	0.000000
17	0.111111	0.047619	0.000000	0.000000	0.019231	0.111111	0.000000	0.000000	0.047619	0.046512	0.023256	0.000000	0.014925	0.000000
16	0.000000	0.037037	0.040000	0.000000	0.000000	0.000000	0.000000	0.148148	0.000000	0.032258	0.032258	0.064516	0.030534	0.000000
15	0.000000	0.000000	0.000000	0.017544	0.017544	0.052632	0.000000	0.000000	0.000000	0.051282	0.025641	0.000000	0.046154	0.000000
14	0.062500	0.000000	0.000000	0.020000	0.020000	0.062500	0.062500	0.000000	0.000000	0.018868	0.037736	0.000000	0.007407	0.000000
13	0.000000	0.055556	0.000000	0.050000	0.000000	0.034483	0.000000	0.000000	0.000000	0.022222	0.022222	0.000000	0.015152	0.000000
12	0.090909	0.000000	0.017857	0.000000	0.000000	0.000000	0.000000	0.000000	0.000000	0.000000	0.000000	0.024390	0.000000	0.000000
11	0.000000	0.041667	0.019608	0.019608	0.000000	0.000000	0.000000	0.041667	0.041667	0.050000	0.025000	0.050000	0.014925	0.000000
10	0.000000	0.105263	0.019231	0.000000	0.000000	0.000000	0.000000	0.000000	0.052632	0.000000	0.000000	0.000000	0.014925	0.000000
9	0.000000	0.000000	0.000000	0.000000	0.000000	0.000000	0.000000	0.000000	0.000000	0.000000	0.000000	0.000000	0.007407	0.000000
8	0.000000	0.000000	0.000000	0.020833	0.020833	0.000000	0.000000	0.000000	0.050000	0.000000	0.023810	0.000000	0.015038	0.000000
7	0.043478	0.000000	0.039216	0.019608	0.019608	0.000000	0.043478	0.000000	0.000000	0.046512	0.000000	0.000000	0.000000	0.000000
6	0.064516	0.000000	0.018519	0.000000	0.018519	0.000000	0.000000	0.000000	0.000000	0.058824	0.000000	0.000000	0.000000	0.000000
5	0.000000	0.115385	0.016667	0.000000	0.016667	0.000000	0.000000	0.000000	0.038462	0.034483	0.034483	0.000000	0.007463	0.000000
4	0.068966	0.066667	0.014706	0.014706	0.014706	0.000000	0.000000	0.000000	0.000000	0.000000	0.041667	0.000000	0.000000	0.000000
3	0.043478	0.000000	0.054545	0.000000	0.000000	0.086957	0.000000	0.000000	0.000000	0.025000	0.000000	0.000000	0.000000	0.000000
2	0.000000	0.000000	0.000000	0.000000	0.020000	0.000000	0.045455	0.047619	0.047619	0.000000	0.000000	0.000000	0.000000	0.000000
1	0.035714	0.000000	0.035714	0.000000	0.053571	0.000000	0.000000	0.052632	0.000000	0.000000	0.117647	0.000000	0.000000	0.000000
0	0.045455	0.000000	0.000000	0.034483	0.017241	0.000000	0.045455	0.000000	0.000000	0.025000	0.000000	0.050000	0.000000	0.000000
