# table produced by DamageProfiler
# using mapped file ToA034.ElandCommon_Human_nc.Target.rmdup.noMicro.bam
# Sample ID: ToA034.ElandCommon_Human_nc.Target.rmdup.noMicro.bam
Chr	End	Std	Pos	A	C	G	T	Total
	3p	+	1	23	11	7	23	64
	3p	+	2	28	14	7	15	64
	3p	+	3	23	8	12	21	64
	3p	+	4	25	9	10	20	64
	3p	+	5	28	14	8	14	64
	3p	+	6	29	15	8	12	64
	3p	+	7	28	13	10	13	64
	3p	+	8	20	12	11	21	64
	3p	+	9	21	12	9	22	64
	3p	+	10	17	12	12	23	64
	3p	+	11	23	7	11	23	64
	3p	+	12	25	10	15	14	64
	3p	+	13	26	8	8	22	64
	3p	+	14	15	19	9	21	64
	3p	+	15	23	5	7	29	64
	3p	+	16	26	10	11	17	64
	3p	+	17	23	16	16	9	64
	3p	+	18	22	7	10	25	64
	3p	+	19	25	14	4	21	64
	3p	+	20	17	14	11	22	64
	3p	+	21	28	8	10	18	64
	3p	+	22	19	17	13	15	64
	3p	+	23	27	11	11	15	64
	3p	+	24	26	12	7	19	64
	3p	+	25	26	13	7	18	64
	3p	+	26	22	11	10	21	64
	3p	+	27	18	14	12	20	64
	3p	+	28	22	13	14	15	64
	3p	+	29	16	12	11	25	64
	3p	+	30	22	11	13	18	64
	3p	+	31	12	10	7	17	46
	3p	+	32	17	3	7	12	39
	3p	+	33	10	7	5	13	35
	3p	+	34	16	2	8	9	35
	3p	+	35	13	3	5	14	35
	3p	+	36	10	10	5	10	35
	3p	+	37	12	10	6	7	35
	3p	+	38	12	6	5	11	34
	3p	+	39	7	9	7	11	34
	3p	+	40	13	5	5	11	34
	3p	+	41	15	6	3	10	34
	3p	+	42	6	6	12	10	34
	3p	+	43	16	4	5	7	32
	3p	+	44	10	5	7	10	32
	3p	+	45	12	5	7	8	32
	3p	+	46	10	8	4	10	32
	3p	+	47	8	10	4	9	31
	3p	+	48	9	8	5	9	31
	3p	+	49	6	6	6	10	28
	3p	+	50	10	4	3	10	27
	3p	+	51	12	2	7	6	27
	3p	+	52	7	3	8	8	26
	3p	+	53	8	6	6	5	25
	3p	+	54	6	6	3	7	22
	3p	+	55	6	6	3	6	21
	3p	+	56	6	5	2	8	21
	3p	+	57	8	3	3	6	20
	3p	+	58	6	4	5	5	20
	3p	+	59	3	4	6	6	19
	3p	+	60	5	3	3	5	16
	3p	+	61	3	3	4	6	16
	3p	+	62	3	3	3	6	15
	3p	+	63	3	1	4	6	14
	3p	+	64	7	2	2	3	14
	3p	+	65	3	3	1	6	13
	3p	+	66	4	5	1	3	13
	3p	+	67	4	5	2	2	13
	3p	+	68	3	4	2	4	13
	3p	+	69	6	4	1	1	12
	3p	+	70	6	1	1	3	11
	3p	+	71	2	2	3	3	10
	3p	+	72	4	2	2	2	10
	3p	+	73	1	2	3	3	9
	3p	+	74	2	2	2	3	9
	3p	+	75	2	4	1	2	9
	3p	+	76	5	2	2	0	9
	3p	+	77	4	0	0	5	9
	3p	+	78	4	1	1	1	7
	3p	+	79	2	0	1	4	7
	3p	+	80	1	1	3	2	7
	3p	+	81	1	0	2	3	6
	3p	+	82	2	3	1	0	6
	3p	+	83	3	0	1	2	6
	3p	+	84	2	0	0	1	3
	3p	+	85	0	2	0	1	3
	3p	+	86	2	1	0	0	3
	3p	+	87	1	0	0	2	3
	3p	+	88	1	0	0	1	2
	3p	+	89	0	1	0	1	2
	3p	+	90	0	0	1	1	2
	3p	+	91	0	0	0	0	0
	3p	+	92	0	0	0	0	0
	3p	+	93	0	0	0	0	0
	3p	+	94	0	0	0	0	0
	3p	+	95	0	0	0	0	0
	3p	+	96	0	0	0	0	0
	3p	+	97	0	0	0	0	0
	3p	+	98	0	0	0	0	0
	3p	+	99	0	0	0	0	0
	3p	+	100	0	0	0	0	0
	3p	-	1	34	9	14	17	74
	3p	-	2	23	20	11	20	74
	3p	-	3	27	14	8	25	74
	3p	-	4	32	14	8	20	74
	3p	-	5	38	15	8	13	74
	3p	-	6	35	7	14	18	74
	3p	-	7	27	17	7	23	74
	3p	-	8	31	11	9	23	74
	3p	-	9	26	14	12	22	74
	3p	-	10	28	12	10	24	74
	3p	-	11	33	17	5	19	74
	3p	-	12	27	14	9	24	74
	3p	-	13	29	13	10	22	74
	3p	-	14	28	10	12	24	74
	3p	-	15	28	10	13	23	74
	3p	-	16	33	12	8	21	74
	3p	-	17	29	15	10	20	74
	3p	-	18	34	10	10	20	74
	3p	-	19	23	17	10	24	74
	3p	-	20	31	12	10	21	74
	3p	-	21	29	15	13	17	74
	3p	-	22	22	12	16	24	74
	3p	-	23	23	16	8	27	74
	3p	-	24	27	13	12	22	74
	3p	-	25	25	12	16	21	74
	3p	-	26	28	13	8	25	74
	3p	-	27	34	10	13	17	74
	3p	-	28	30	12	11	21	74
	3p	-	29	27	14	15	18	74
	3p	-	30	30	16	11	17	74
	3p	-	31	21	8	11	11	51
	3p	-	32	15	11	9	10	45
	3p	-	33	14	9	8	10	41
	3p	-	34	13	6	10	10	39
	3p	-	35	16	9	5	8	38
	3p	-	36	10	7	10	11	38
	3p	-	37	15	6	6	10	37
	3p	-	38	9	8	10	10	37
	3p	-	39	15	5	8	9	37
	3p	-	40	4	13	7	12	36
	3p	-	41	11	7	5	13	36
	3p	-	42	14	3	6	11	34
	3p	-	43	13	8	4	9	34
	3p	-	44	13	6	8	6	33
	3p	-	45	10	3	11	9	33
	3p	-	46	13	3	8	9	33
	3p	-	47	12	6	4	9	31
	3p	-	48	11	3	4	9	27
	3p	-	49	7	6	4	9	26
	3p	-	50	8	8	4	6	26
	3p	-	51	10	7	3	6	26
	3p	-	52	12	6	2	5	25
	3p	-	53	7	8	4	6	25
	3p	-	54	11	6	2	6	25
	3p	-	55	13	0	3	7	23
	3p	-	56	10	3	4	4	21
	3p	-	57	6	5	4	5	20
	3p	-	58	3	7	2	5	17
	3p	-	59	6	3	4	4	17
	3p	-	60	2	6	2	6	16
	3p	-	61	6	3	2	5	16
	3p	-	62	7	2	2	4	15
	3p	-	63	4	5	1	5	15
	3p	-	64	5	4	2	4	15
	3p	-	65	8	3	2	2	15
	3p	-	66	6	2	2	5	15
	3p	-	67	3	0	3	8	14
	3p	-	68	2	1	4	6	13
	3p	-	69	6	0	1	4	11
	3p	-	70	4	4	2	1	11
	3p	-	71	2	1	3	5	11
	3p	-	72	2	2	2	4	10
	3p	-	73	2	2	3	3	10
	3p	-	74	3	3	0	4	10
	3p	-	75	2	4	1	2	9
	3p	-	76	5	2	0	1	8
	3p	-	77	0	1	3	4	8
	3p	-	78	3	0	3	1	7
	3p	-	79	1	0	4	2	7
	3p	-	80	3	0	1	2	6
	3p	-	81	2	2	2	0	6
	3p	-	82	1	0	2	3	6
	3p	-	83	1	1	0	1	3
	3p	-	84	2	0	0	1	3
	3p	-	85	1	1	1	0	3
	3p	-	86	1	1	0	1	3
	3p	-	87	0	0	0	1	1
	3p	-	88	0	0	0	0	0
	3p	-	89	0	0	0	0	0
	3p	-	90	0	0	0	0	0
	3p	-	91	0	0	0	0	0
	3p	-	92	0	0	0	0	0
	3p	-	93	0	0	0	0	0
	3p	-	94	0	0	0	0	0
	3p	-	95	0	0	0	0	0
	3p	-	96	0	0	0	0	0
	3p	-	97	0	0	0	0	0
	3p	-	98	0	0	0	0	0
	3p	-	99	0	0	0	0	0
	3p	-	100	0	0	0	0	0
	5p	+	1	23	9	11	21	64
	5p	+	2	23	14	12	15	64
	5p	+	3	24	14	11	15	64
	5p	+	4	21	14	12	17	64
	5p	+	5	17	6	16	25	64
	5p	+	6	17	14	19	14	64
	5p	+	7	27	10	8	19	64
	5p	+	8	24	8	9	23	64
	5p	+	9	21	17	6	20	64
	5p	+	10	25	12	10	17	64
	5p	+	11	19	13	7	25	64
	5p	+	12	21	14	7	22	64
	5p	+	13	23	15	12	14	64
	5p	+	14	20	14	9	21	64
	5p	+	15	26	9	19	10	64
	5p	+	16	23	11	10	20	64
	5p	+	17	26	15	8	15	64
	5p	+	18	28	10	8	18	64
	5p	+	19	22	12	14	16	64
	5p	+	20	24	7	11	22	64
	5p	+	21	23	10	10	21	64
	5p	+	22	22	7	7	28	64
	5p	+	23	22	16	8	18	64
	5p	+	24	26	10	9	19	64
	5p	+	25	22	8	14	20	64
	5p	+	26	27	12	10	15	64
	5p	+	27	24	10	11	19	64
	5p	+	28	26	15	7	16	64
	5p	+	29	27	7	10	20	64
	5p	+	30	23	15	10	16	64
	5p	+	31	19	8	10	9	46
	5p	+	32	19	8	2	10	39
	5p	+	33	5	10	9	11	35
	5p	+	34	8	12	4	11	35
	5p	+	35	12	7	6	10	35
	5p	+	36	10	5	7	13	35
	5p	+	37	10	8	7	10	35
	5p	+	38	12	8	7	7	34
	5p	+	39	8	6	7	13	34
	5p	+	40	7	7	8	12	34
	5p	+	41	11	4	6	13	34
	5p	+	42	5	9	13	7	34
	5p	+	43	14	4	6	8	32
	5p	+	44	14	3	5	10	32
	5p	+	45	9	7	5	11	32
	5p	+	46	7	4	9	12	32
	5p	+	47	8	7	2	14	31
	5p	+	48	9	4	4	14	31
	5p	+	49	9	4	6	9	28
	5p	+	50	12	1	5	9	27
	5p	+	51	7	8	2	10	27
	5p	+	52	13	3	1	9	26
	5p	+	53	5	6	3	11	25
	5p	+	54	5	8	3	6	22
	5p	+	55	5	7	3	6	21
	5p	+	56	5	5	3	8	21
	5p	+	57	7	6	2	5	20
	5p	+	58	8	4	1	7	20
	5p	+	59	9	4	3	3	19
	5p	+	60	4	2	3	7	16
	5p	+	61	9	3	0	4	16
	5p	+	62	6	3	2	4	15
	5p	+	63	4	1	3	6	14
	5p	+	64	5	4	0	5	14
	5p	+	65	7	3	1	2	13
	5p	+	66	6	2	1	4	13
	5p	+	67	7	2	2	2	13
	5p	+	68	6	2	4	1	13
	5p	+	69	4	2	3	3	12
	5p	+	70	5	1	1	4	11
	5p	+	71	2	4	3	1	10
	5p	+	72	5	2	1	2	10
	5p	+	73	3	1	2	3	9
	5p	+	74	1	3	2	3	9
	5p	+	75	3	0	2	4	9
	5p	+	76	2	2	2	3	9
	5p	+	77	4	1	0	4	9
	5p	+	78	2	0	3	2	7
	5p	+	79	2	1	3	1	7
	5p	+	80	2	0	2	3	7
	5p	+	81	2	1	2	1	6
	5p	+	82	2	2	1	1	6
	5p	+	83	1	0	2	3	6
	5p	+	84	1	1	0	1	3
	5p	+	85	0	2	0	1	3
	5p	+	86	1	1	0	1	3
	5p	+	87	1	2	0	0	3
	5p	+	88	0	1	0	1	2
	5p	+	89	0	0	1	1	2
	5p	+	90	0	1	0	1	2
	5p	+	91	0	0	0	0	0
	5p	+	92	0	0	0	0	0
	5p	+	93	0	0	0	0	0
	5p	+	94	0	0	0	0	0
	5p	+	95	0	0	0	0	0
	5p	+	96	0	0	0	0	0
	5p	+	97	0	0	0	0	0
	5p	+	98	0	0	0	0	0
	5p	+	99	0	0	0	0	0
	5p	+	100	0	0	0	0	0
	5p	-	1	23	15	18	18	74
	5p	-	2	29	8	16	21	74
	5p	-	3	30	7	23	14	74
	5p	-	4	29	12	14	19	74
	5p	-	5	25	18	11	20	74
	5p	-	6	26	13	12	23	74
	5p	-	7	26	14	10	24	74
	5p	-	8	24	12	9	29	74
	5p	-	9	30	11	12	21	74
	5p	-	10	30	14	14	16	74
	5p	-	11	29	18	6	21	74
	5p	-	12	30	11	11	22	74
	5p	-	13	30	16	7	21	74
	5p	-	14	29	11	11	23	74
	5p	-	15	28	20	11	15	74
	5p	-	16	32	11	14	17	74
	5p	-	17	30	11	10	23	74
	5p	-	18	29	12	12	21	74
	5p	-	19	26	18	2	28	74
	5p	-	20	24	17	6	27	74
	5p	-	21	23	10	14	27	74
	5p	-	22	26	22	12	14	74
	5p	-	23	23	16	9	26	74
	5p	-	24	29	17	14	14	74
	5p	-	25	29	17	11	17	74
	5p	-	26	28	13	11	22	74
	5p	-	27	31	11	10	22	74
	5p	-	28	31	11	14	18	74
	5p	-	29	25	19	9	21	74
	5p	-	30	25	14	12	23	74
	5p	-	31	21	7	8	15	51
	5p	-	32	16	14	4	11	45
	5p	-	33	20	4	6	11	41
	5p	-	34	16	5	8	10	39
	5p	-	35	19	4	4	11	38
	5p	-	36	11	8	6	13	38
	5p	-	37	17	8	5	7	37
	5p	-	38	14	7	6	10	37
	5p	-	39	16	7	6	8	37
	5p	-	40	16	3	8	9	36
	5p	-	41	10	6	8	12	36
	5p	-	42	16	2	4	12	34
	5p	-	43	12	8	9	5	34
	5p	-	44	14	7	6	6	33
	5p	-	45	12	9	4	8	33
	5p	-	46	14	5	4	10	33
	5p	-	47	10	7	6	8	31
	5p	-	48	13	6	5	3	27
	5p	-	49	9	6	6	5	26
	5p	-	50	10	2	6	8	26
	5p	-	51	10	4	4	8	26
	5p	-	52	7	3	6	9	25
	5p	-	53	10	5	3	7	25
	5p	-	54	10	2	4	9	25
	5p	-	55	7	5	3	8	23
	5p	-	56	8	5	3	5	21
	5p	-	57	11	1	3	5	20
	5p	-	58	2	3	10	2	17
	5p	-	59	4	5	0	8	17
	5p	-	60	4	5	2	5	16
	5p	-	61	5	2	3	6	16
	5p	-	62	5	5	0	5	15
	5p	-	63	7	3	2	3	15
	5p	-	64	5	5	4	1	15
	5p	-	65	8	3	1	3	15
	5p	-	66	6	2	1	6	15
	5p	-	67	4	0	3	7	14
	5p	-	68	3	3	4	3	13
	5p	-	69	3	1	2	5	11
	5p	-	70	7	2	0	2	11
	5p	-	71	5	1	1	4	11
	5p	-	72	3	2	1	4	10
	5p	-	73	0	3	1	6	10
	5p	-	74	2	2	2	4	10
	5p	-	75	3	2	2	2	9
	5p	-	76	3	1	0	4	8
	5p	-	77	2	1	3	2	8
	5p	-	78	2	1	4	0	7
	5p	-	79	4	0	1	2	7
	5p	-	80	2	0	0	4	6
	5p	-	81	2	1	1	2	6
	5p	-	82	2	0	0	4	6
	5p	-	83	3	0	0	0	3
	5p	-	84	0	2	0	1	3
	5p	-	85	2	0	0	1	3
	5p	-	86	1	1	1	0	3
	5p	-	87	0	1	0	0	1
	5p	-	88	0	0	0	0	0
	5p	-	89	0	0	0	0	0
	5p	-	90	0	0	0	0	0
	5p	-	91	0	0	0	0	0
	5p	-	92	0	0	0	0	0
	5p	-	93	0	0	0	0	0
	5p	-	94	0	0	0	0	0
	5p	-	95	0	0	0	0	0
	5p	-	96	0	0	0	0	0
	5p	-	97	0	0	0	0	0
	5p	-	98	0	0	0	0	0
	5p	-	99	0	0	0	0	0
	5p	-	100	0	0	0	0	0
