# table produced by DamageProfiler
# using mapped file ScA025.BuffaloCape_Human_nc.Target.rmdup.noMicro.bam
# Sample ID: ScA025.BuffaloCape_Human_nc.Target.rmdup.noMicro.bam
Chr	End	Std	Pos	A	C	G	T	Total	G>A	C>T	A>G	T>C	A>C	A>T	C>G	C>A	T>G	T>A	G>C	G>T	A>-	T>-	C>-	G>-	->A	->T	->C	->G	S
	3p	+	1	1591.0	665.0	438.0	1617.0	4311.0	4.0	225.0	4.0	5.0	5.0	1.0	0.0	3.0	1.0	5.0	1.0	4.0	0.0	0.0	0.0	0.0	0.0	0.0	0.0	0.0	0.0
	3p	+	2	1637.0	813.0	580.0	1281.0	4311.0	9.0	91.0	4.0	1.0	3.0	3.0	1.0	3.0	2.0	4.0	1.0	2.0	0.0	0.0	0.0	0.0	0.0	0.0	0.0	0.0	0.0
	3p	+	3	1633.0	734.0	656.0	1288.0	4311.0	7.0	8.0	1.0	1.0	1.0	7.0	1.0	1.0	2.0	3.0	1.0	4.0	0.0	0.0	0.0	0.0	0.0	0.0	0.0	0.0	0.0
	3p	+	4	1585.0	772.0	677.0	1277.0	4311.0	8.0	7.0	1.0	1.0	4.0	1.0	0.0	3.0	0.0	2.0	1.0	1.0	0.0	0.0	0.0	0.0	0.0	0.0	0.0	0.0	0.0
	3p	+	5	1574.0	740.0	699.0	1298.0	4311.0	10.0	8.0	4.0	2.0	2.0	3.0	2.0	2.0	1.0	3.0	4.0	5.0	0.0	0.0	0.0	0.0	0.0	0.0	0.0	0.0	0.0
	3p	+	6	1523.0	731.0	776.0	1275.0	4305.0	4.0	6.0	2.0	3.0	2.0	4.0	0.0	3.0	2.0	0.0	2.0	1.0	0.0	0.0	0.0	0.0	1.0	0.0	3.0	1.0	0.0
	3p	+	7	1539.0	735.0	696.0	1333.0	4303.0	0.0	7.0	2.0	1.0	3.0	2.0	2.0	0.0	1.0	3.0	0.0	2.0	0.0	0.0	0.0	0.0	2.0	0.0	4.0	1.0	0.0
	3p	+	8	1531.0	713.0	747.0	1307.0	4298.0	6.0	3.0	2.0	3.0	3.0	1.0	3.0	0.0	2.0	3.0	0.0	7.0	0.0	0.0	0.0	0.0	1.0	0.0	6.0	4.0	0.0
	3p	+	9	1485.0	729.0	716.0	1365.0	4295.0	4.0	3.0	5.0	2.0	0.0	1.0	1.0	2.0	3.0	4.0	2.0	1.0	0.0	0.0	0.0	0.0	4.0	0.0	6.0	5.0	0.0
	3p	+	10	1405.0	793.0	763.0	1332.0	4293.0	4.0	3.0	2.0	4.0	3.0	1.0	2.0	6.0	2.0	2.0	1.0	3.0	0.0	0.0	0.0	0.0	5.0	0.0	7.0	5.0	0.0
	3p	+	11	1477.0	744.0	751.0	1329.0	4301.0	2.0	5.0	3.0	1.0	4.0	3.0	2.0	4.0	3.0	1.0	2.0	8.0	0.0	0.0	0.0	0.0	1.0	0.0	3.0	4.0	0.0
	3p	+	12	1402.0	728.0	768.0	1395.0	4293.0	2.0	3.0	4.0	9.0	1.0	2.0	2.0	2.0	2.0	4.0	1.0	5.0	0.0	0.0	0.0	0.0	9.0	0.0	3.0	4.0	0.0
	3p	+	13	1408.0	804.0	721.0	1354.0	4287.0	3.0	4.0	4.0	1.0	1.0	1.0	0.0	4.0	0.0	2.0	1.0	2.0	0.0	0.0	0.0	0.0	4.0	0.0	7.0	7.0	0.0
	3p	+	14	1425.0	763.0	732.0	1377.0	4297.0	4.0	4.0	6.0	6.0	3.0	5.0	3.0	4.0	3.0	0.0	4.0	4.0	0.0	0.0	0.0	0.0	4.0	0.0	1.0	7.0	0.0
	3p	+	15	1416.0	821.0	754.0	1307.0	4298.0	4.0	3.0	3.0	4.0	4.0	3.0	0.0	3.0	1.0	7.0	3.0	2.0	0.0	0.0	0.0	0.0	6.0	0.0	3.0	1.0	0.0
	3p	+	16	1426.0	804.0	736.0	1329.0	4295.0	1.0	3.0	2.0	1.0	3.0	2.0	1.0	2.0	1.0	1.0	1.0	2.0	0.0	0.0	0.0	0.0	5.0	0.0	2.0	4.0	0.0
	3p	+	17	1426.0	764.0	736.0	1371.0	4297.0	1.0	5.0	3.0	4.0	8.0	2.0	0.0	3.0	1.0	0.0	1.0	4.0	0.0	0.0	0.0	0.0	3.0	0.0	3.0	2.0	0.0
	3p	+	18	1477.0	764.0	700.0	1354.0	4295.0	5.0	2.0	6.0	10.0	5.0	0.0	3.0	1.0	2.0	1.0	2.0	0.0	0.0	0.0	0.0	0.0	5.0	0.0	4.0	4.0	0.0
	3p	+	19	1412.0	771.0	743.0	1368.0	4294.0	3.0	3.0	3.0	5.0	2.0	2.0	0.0	2.0	4.0	3.0	0.0	3.0	0.0	0.0	0.0	0.0	7.0	0.0	2.0	6.0	0.0
	3p	+	20	1406.0	774.0	817.0	1295.0	4292.0	1.0	4.0	10.0	2.0	3.0	3.0	0.0	2.0	3.0	2.0	1.0	4.0	0.0	0.0	0.0	0.0	7.0	0.0	5.0	3.0	0.0
	3p	+	21	1448.0	801.0	773.0	1274.0	4296.0	4.0	5.0	5.0	1.0	6.0	2.0	1.0	1.0	4.0	2.0	0.0	4.0	0.0	0.0	0.0	0.0	1.0	0.0	8.0	5.0	0.0
	3p	+	22	1343.0	768.0	788.0	1402.0	4301.0	2.0	2.0	5.0	6.0	1.0	3.0	3.0	0.0	5.0	2.0	0.0	4.0	0.0	0.0	0.0	0.0	2.0	0.0	2.0	5.0	0.0
	3p	+	23	1448.0	713.0	764.0	1371.0	4296.0	1.0	3.0	5.0	6.0	1.0	4.0	2.0	2.0	4.0	2.0	2.0	3.0	0.0	0.0	0.0	0.0	2.0	0.0	4.0	3.0	0.0
	3p	+	24	1443.0	719.0	722.0	1411.0	4295.0	6.0	3.0	4.0	4.0	3.0	2.0	1.0	1.0	2.0	1.0	0.0	6.0	0.0	0.0	0.0	0.0	2.0	0.0	6.0	4.0	0.0
	3p	+	25	1489.0	793.0	714.0	1299.0	4295.0	6.0	2.0	3.0	3.0	2.0	3.0	2.0	2.0	2.0	1.0	2.0	7.0	0.0	0.0	0.0	0.0	3.0	0.0	2.0	4.0	0.0
	3p	+	26	1400.0	764.0	754.0	1379.0	4297.0	3.0	7.0	4.0	3.0	2.0	1.0	0.0	0.0	0.0	2.0	2.0	3.0	0.0	0.0	0.0	0.0	4.0	0.0	3.0	5.0	0.0
	3p	+	27	1409.0	810.0	740.0	1339.0	4298.0	2.0	5.0	7.0	2.0	1.0	6.0	1.0	1.0	4.0	6.0	3.0	6.0	0.0	0.0	0.0	0.0	7.0	0.0	2.0	2.0	0.0
	3p	+	28	1400.0	785.0	765.0	1353.0	4303.0	5.0	4.0	4.0	3.0	4.0	5.0	1.0	2.0	1.0	1.0	0.0	4.0	0.0	0.0	0.0	0.0	3.0	0.0	1.0	1.0	0.0
	3p	+	29	1377.0	807.0	732.0	1387.0	4303.0	7.0	1.0	3.0	6.0	1.0	3.0	2.0	4.0	1.0	1.0	2.0	5.0	0.0	0.0	0.0	0.0	3.0	0.0	2.0	0.0	0.0
	3p	+	30	1395.0	763.0	782.0	1368.0	4308.0	4.0	5.0	5.0	4.0	3.0	4.0	1.0	2.0	1.0	3.0	2.0	2.0	0.0	0.0	0.0	0.0	0.0	0.0	0.0	1.0	0.0
	3p	+	31	1290.0	703.0	663.0	1311.0	3967.0	1.0	13.0	3.0	6.0	1.0	3.0	1.0	1.0	1.0	3.0	3.0	4.0	0.0	0.0	0.0	0.0	0.0	0.0	1.0	0.0	0.0
	3p	+	32	1202.0	654.0	644.0	1233.0	3733.0	8.0	6.0	0.0	3.0	2.0	1.0	0.0	0.0	0.0	1.0	0.0	3.0	0.0	0.0	0.0	0.0	0.0	0.0	0.0	1.0	0.0
	3p	+	33	1186.0	606.0	594.0	1136.0	3522.0	2.0	4.0	2.0	1.0	0.0	2.0	0.0	1.0	1.0	1.0	0.0	3.0	0.0	0.0	0.0	0.0	1.0	0.0	0.0	0.0	0.0
	3p	+	34	1094.0	609.0	621.0	1045.0	3369.0	5.0	4.0	3.0	1.0	2.0	1.0	1.0	2.0	1.0	1.0	0.0	3.0	0.0	0.0	0.0	0.0	0.0	0.0	0.0	0.0	0.0
	3p	+	35	1048.0	573.0	558.0	1008.0	3187.0	3.0	4.0	4.0	3.0	0.0	0.0	1.0	1.0	0.0	0.0	0.0	1.0	0.0	0.0	0.0	0.0	0.0	0.0	0.0	1.0	0.0
	3p	+	36	982.0	532.0	529.0	972.0	3015.0	3.0	8.0	1.0	0.0	2.0	1.0	0.0	1.0	0.0	1.0	0.0	0.0	0.0	0.0	0.0	0.0	0.0	0.0	0.0	0.0	0.0
	3p	+	37	982.0	468.0	487.0	908.0	2845.0	2.0	7.0	5.0	3.0	4.0	0.0	0.0	0.0	0.0	1.0	1.0	5.0	0.0	0.0	0.0	0.0	0.0	0.0	2.0	0.0	0.0
	3p	+	38	873.0	475.0	469.0	895.0	2712.0	4.0	6.0	1.0	1.0	1.0	3.0	0.0	1.0	1.0	2.0	0.0	2.0	0.0	0.0	0.0	0.0	0.0	0.0	0.0	0.0	0.0
	3p	+	39	822.0	461.0	474.0	793.0	2550.0	1.0	7.0	1.0	1.0	1.0	0.0	0.0	1.0	1.0	0.0	1.0	3.0	0.0	0.0	0.0	0.0	0.0	0.0	0.0	0.0	0.0
	3p	+	40	835.0	397.0	419.0	742.0	2393.0	0.0	10.0	1.0	2.0	0.0	2.0	0.0	0.0	1.0	0.0	0.0	5.0	0.0	0.0	0.0	0.0	2.0	0.0	0.0	0.0	0.0
	3p	+	41	729.0	390.0	409.0	710.0	2238.0	4.0	5.0	0.0	1.0	1.0	2.0	0.0	0.0	0.0	1.0	1.0	1.0	0.0	0.0	0.0	0.0	0.0	0.0	0.0	0.0	0.0
	3p	+	42	711.0	346.0	351.0	697.0	2105.0	2.0	11.0	1.0	0.0	0.0	0.0	0.0	0.0	1.0	1.0	0.0	1.0	0.0	0.0	0.0	0.0	0.0	0.0	0.0	0.0	0.0
	3p	+	43	634.0	335.0	347.0	637.0	1953.0	1.0	1.0	1.0	1.0	0.0	0.0	1.0	1.0	1.0	0.0	0.0	1.0	0.0	0.0	0.0	0.0	0.0	0.0	0.0	0.0	0.0
	3p	+	44	601.0	297.0	330.0	588.0	1816.0	1.0	6.0	5.0	2.0	0.0	1.0	0.0	0.0	1.0	0.0	1.0	3.0	0.0	0.0	0.0	0.0	3.0	0.0	0.0	0.0	0.0
	3p	+	45	569.0	320.0	280.0	509.0	1678.0	1.0	2.0	1.0	0.0	1.0	3.0	0.0	0.0	0.0	1.0	1.0	0.0	0.0	0.0	0.0	0.0	1.0	0.0	1.0	1.0	0.0
	3p	+	46	541.0	253.0	263.0	495.0	1552.0	0.0	6.0	3.0	1.0	0.0	2.0	0.0	1.0	0.0	1.0	0.0	2.0	0.0	0.0	0.0	0.0	0.0	0.0	1.0	0.0	0.0
	3p	+	47	447.0	228.0	249.0	512.0	1436.0	0.0	4.0	0.0	1.0	1.0	1.0	0.0	0.0	0.0	1.0	1.0	1.0	0.0	0.0	0.0	0.0	0.0	0.0	0.0	0.0	0.0
	3p	+	48	447.0	248.0	207.0	405.0	1307.0	1.0	7.0	1.0	1.0	0.0	0.0	0.0	1.0	0.0	0.0	0.0	3.0	0.0	0.0	0.0	0.0	0.0	0.0	0.0	0.0	0.0
	3p	+	49	415.0	206.0	191.0	391.0	1203.0	0.0	1.0	4.0	0.0	0.0	0.0	0.0	0.0	1.0	0.0	0.0	0.0	0.0	0.0	0.0	0.0	0.0	0.0	0.0	0.0	0.0
	3p	+	50	376.0	188.0	196.0	358.0	1118.0	0.0	1.0	1.0	0.0	0.0	1.0	0.0	0.0	0.0	0.0	0.0	2.0	0.0	0.0	0.0	0.0	0.0	0.0	0.0	0.0	0.0
	3p	+	51	364.0	166.0	171.0	314.0	1015.0	1.0	2.0	0.0	1.0	1.0	0.0	0.0	1.0	1.0	0.0	0.0	1.0	0.0	0.0	0.0	0.0	0.0	0.0	0.0	0.0	0.0
	3p	+	52	330.0	155.0	164.0	297.0	946.0	0.0	3.0	0.0	0.0	0.0	0.0	1.0	1.0	0.0	1.0	0.0	1.0	0.0	0.0	0.0	0.0	0.0	0.0	0.0	0.0	0.0
	3p	+	53	295.0	157.0	158.0	259.0	869.0	0.0	2.0	2.0	0.0	1.0	1.0	0.0	0.0	0.0	1.0	0.0	0.0	0.0	0.0	0.0	0.0	0.0	0.0	0.0	0.0	0.0
	3p	+	54	285.0	121.0	143.0	249.0	798.0	0.0	2.0	1.0	0.0	0.0	0.0	1.0	0.0	0.0	1.0	1.0	2.0	0.0	0.0	0.0	0.0	0.0	0.0	0.0	0.0	0.0
	3p	+	55	242.0	140.0	104.0	250.0	736.0	0.0	2.0	1.0	1.0	2.0	0.0	0.0	0.0	0.0	0.0	0.0	1.0	0.0	0.0	0.0	0.0	0.0	0.0	0.0	0.0	0.0
	3p	+	56	225.0	126.0	102.0	216.0	669.0	0.0	0.0	1.0	1.0	0.0	0.0	0.0	1.0	0.0	0.0	0.0	1.0	0.0	0.0	0.0	0.0	0.0	0.0	0.0	0.0	0.0
	3p	+	57	220.0	101.0	101.0	197.0	619.0	1.0	2.0	1.0	0.0	0.0	1.0	0.0	0.0	1.0	0.0	0.0	0.0	0.0	0.0	0.0	0.0	0.0	0.0	1.0	0.0	0.0
	3p	+	58	195.0	102.0	92.0	188.0	577.0	0.0	1.0	0.0	0.0	1.0	0.0	0.0	0.0	0.0	2.0	0.0	1.0	0.0	0.0	0.0	0.0	0.0	0.0	0.0	0.0	0.0
	3p	+	59	195.0	90.0	78.0	153.0	516.0	0.0	0.0	1.0	1.0	0.0	0.0	0.0	1.0	0.0	0.0	0.0	0.0	0.0	0.0	0.0	0.0	0.0	0.0	0.0	0.0	0.0
	3p	+	60	146.0	72.0	79.0	175.0	472.0	2.0	0.0	1.0	0.0	0.0	0.0	0.0	0.0	0.0	0.0	0.0	0.0	0.0	0.0	0.0	0.0	0.0	0.0	0.0	0.0	0.0
	3p	+	61	154.0	82.0	62.0	136.0	434.0	0.0	2.0	0.0	1.0	0.0	0.0	0.0	0.0	2.0	0.0	0.0	1.0	0.0	0.0	0.0	0.0	0.0	0.0	0.0	0.0	0.0
	3p	+	62	148.0	64.0	57.0	134.0	403.0	0.0	3.0	0.0	0.0	0.0	0.0	0.0	0.0	0.0	2.0	0.0	0.0	0.0	0.0	0.0	0.0	0.0	0.0	0.0	0.0	0.0
	3p	+	63	139.0	43.0	74.0	109.0	365.0	0.0	0.0	0.0	1.0	0.0	0.0	0.0	0.0	0.0	0.0	0.0	0.0	0.0	0.0	0.0	0.0	1.0	0.0	0.0	1.0	0.0
	3p	+	64	110.0	52.0	61.0	115.0	338.0	0.0	1.0	0.0	0.0	0.0	0.0	0.0	1.0	0.0	0.0	0.0	0.0	0.0	0.0	0.0	0.0	0.0	0.0	0.0	0.0	0.0
	3p	+	65	100.0	47.0	50.0	105.0	302.0	2.0	2.0	1.0	0.0	0.0	1.0	0.0	0.0	0.0	0.0	0.0	0.0	0.0	0.0	0.0	0.0	0.0	0.0	0.0	0.0	0.0
	3p	+	66	99.0	42.0	44.0	93.0	278.0	0.0	1.0	0.0	0.0	0.0	1.0	0.0	0.0	0.0	0.0	0.0	1.0	0.0	0.0	0.0	0.0	0.0	0.0	0.0	0.0	0.0
	3p	+	67	82.0	41.0	48.0	80.0	251.0	0.0	1.0	0.0	0.0	0.0	1.0	0.0	0.0	0.0	0.0	0.0	0.0	0.0	0.0	0.0	0.0	0.0	0.0	0.0	0.0	0.0
	3p	+	68	80.0	26.0	43.0	77.0	226.0	1.0	0.0	0.0	0.0	0.0	0.0	0.0	0.0	0.0	0.0	0.0	0.0	0.0	0.0	0.0	0.0	0.0	0.0	0.0	0.0	0.0
	3p	+	69	73.0	30.0	33.0	69.0	205.0	0.0	0.0	1.0	0.0	0.0	0.0	0.0	0.0	0.0	0.0	0.0	0.0	0.0	0.0	0.0	0.0	0.0	0.0	0.0	0.0	0.0
	3p	+	70	66.0	25.0	37.0	59.0	187.0	2.0	0.0	0.0	0.0	0.0	0.0	0.0	0.0	0.0	0.0	0.0	0.0	0.0	0.0	0.0	0.0	0.0	0.0	0.0	0.0	0.0
	3p	+	71	48.0	29.0	36.0	52.0	165.0	0.0	1.0	1.0	0.0	0.0	0.0	0.0	0.0	0.0	0.0	0.0	0.0	0.0	0.0	0.0	0.0	0.0	0.0	0.0	0.0	0.0
	3p	+	72	53.0	24.0	19.0	56.0	152.0	0.0	1.0	0.0	0.0	0.0	0.0	0.0	0.0	0.0	0.0	0.0	0.0	0.0	0.0	0.0	0.0	0.0	0.0	0.0	0.0	0.0
	3p	+	73	39.0	20.0	34.0	46.0	139.0	0.0	0.0	0.0	0.0	0.0	0.0	0.0	0.0	0.0	0.0	0.0	0.0	0.0	0.0	0.0	0.0	0.0	0.0	0.0	0.0	0.0
	3p	+	74	39.0	20.0	21.0	52.0	132.0	0.0	1.0	0.0	1.0	0.0	0.0	0.0	0.0	0.0	0.0	0.0	0.0	0.0	0.0	0.0	0.0	0.0	0.0	0.0	0.0	0.0
	3p	+	75	38.0	21.0	19.0	37.0	115.0	1.0	1.0	0.0	0.0	0.0	0.0	0.0	0.0	0.0	0.0	0.0	0.0	0.0	0.0	0.0	0.0	0.0	0.0	0.0	0.0	0.0
	3p	+	76	24.0	19.0	19.0	38.0	100.0	0.0	0.0	0.0	0.0	0.0	0.0	0.0	0.0	0.0	0.0	0.0	0.0	0.0	0.0	0.0	0.0	0.0	0.0	0.0	0.0	0.0
	3p	+	77	30.0	17.0	16.0	25.0	88.0	0.0	0.0	0.0	0.0	0.0	3.0	0.0	0.0	1.0	0.0	0.0	1.0	0.0	0.0	0.0	0.0	0.0	0.0	0.0	0.0	0.0
	3p	+	78	22.0	10.0	10.0	33.0	75.0	0.0	1.0	0.0	0.0	0.0	0.0	0.0	0.0	0.0	1.0	0.0	0.0	0.0	0.0	0.0	0.0	0.0	0.0	0.0	0.0	0.0
	3p	+	79	16.0	8.0	14.0	26.0	64.0	0.0	0.0	0.0	0.0	0.0	0.0	0.0	0.0	0.0	0.0	0.0	1.0	0.0	0.0	0.0	0.0	0.0	0.0	0.0	0.0	0.0
	3p	+	80	17.0	8.0	8.0	24.0	57.0	0.0	0.0	1.0	0.0	0.0	0.0	0.0	0.0	0.0	0.0	0.0	0.0	0.0	0.0	0.0	0.0	0.0	0.0	0.0	0.0	0.0
	3p	+	81	14.0	9.0	9.0	19.0	51.0	0.0	0.0	1.0	0.0	0.0	0.0	0.0	0.0	0.0	0.0	0.0	0.0	0.0	0.0	0.0	0.0	0.0	0.0	0.0	0.0	0.0
	3p	+	82	13.0	9.0	8.0	19.0	49.0	0.0	0.0	0.0	0.0	0.0	0.0	0.0	0.0	0.0	0.0	0.0	1.0	0.0	0.0	0.0	0.0	0.0	0.0	0.0	0.0	0.0
	3p	+	83	14.0	10.0	8.0	13.0	45.0	0.0	1.0	0.0	0.0	0.0	0.0	0.0	0.0	0.0	0.0	0.0	0.0	0.0	0.0	0.0	0.0	0.0	0.0	0.0	0.0	0.0
	3p	+	84	13.0	4.0	7.0	12.0	36.0	0.0	0.0	0.0	0.0	0.0	0.0	0.0	0.0	0.0	0.0	0.0	0.0	0.0	0.0	0.0	0.0	0.0	0.0	0.0	0.0	0.0
	3p	+	85	8.0	4.0	5.0	13.0	30.0	0.0	1.0	0.0	0.0	0.0	0.0	0.0	0.0	0.0	0.0	0.0	0.0	0.0	0.0	0.0	0.0	0.0	0.0	0.0	0.0	0.0
	3p	+	86	6.0	2.0	3.0	11.0	22.0	0.0	0.0	0.0	0.0	0.0	0.0	0.0	0.0	0.0	0.0	0.0	0.0	0.0	0.0	0.0	0.0	0.0	0.0	0.0	0.0	0.0
	3p	+	87	7.0	4.0	3.0	6.0	20.0	0.0	0.0	0.0	0.0	0.0	0.0	0.0	0.0	0.0	0.0	0.0	0.0	0.0	0.0	0.0	0.0	0.0	0.0	0.0	0.0	0.0
	3p	+	88	3.0	3.0	0.0	9.0	15.0	0.0	0.0	0.0	0.0	0.0	0.0	0.0	0.0	0.0	0.0	0.0	0.0	0.0	0.0	0.0	0.0	0.0	0.0	0.0	0.0	0.0
	3p	+	89	1.0	2.0	3.0	4.0	10.0	0.0	0.0	0.0	0.0	0.0	0.0	0.0	0.0	0.0	0.0	0.0	0.0	0.0	0.0	0.0	0.0	0.0	0.0	0.0	0.0	0.0
	3p	+	90	1.0	2.0	0.0	3.0	6.0	0.0	0.0	0.0	0.0	0.0	0.0	0.0	0.0	0.0	0.0	0.0	0.0	0.0	0.0	0.0	0.0	0.0	0.0	0.0	0.0	0.0
	3p	+	91	1.0	0.0	1.0	0.0	2.0	0.0	0.0	0.0	0.0	0.0	0.0	0.0	0.0	0.0	0.0	0.0	0.0	0.0	0.0	0.0	0.0	0.0	0.0	0.0	0.0	0.0
	3p	+	92	0.0	0.0	0.0	0.0	0.0	0.0	0.0	0.0	0.0	0.0	0.0	0.0	0.0	0.0	0.0	0.0	0.0	0.0	0.0	0.0	0.0	0.0	0.0	0.0	0.0	0.0
	3p	+	93	0.0	0.0	0.0	0.0	0.0	0.0	0.0	0.0	0.0	0.0	0.0	0.0	0.0	0.0	0.0	0.0	0.0	0.0	0.0	0.0	0.0	0.0	0.0	0.0	0.0	0.0
	3p	+	94	0.0	0.0	0.0	0.0	0.0	0.0	0.0	0.0	0.0	0.0	0.0	0.0	0.0	0.0	0.0	0.0	0.0	0.0	0.0	0.0	0.0	0.0	0.0	0.0	0.0	0.0
	3p	+	95	0.0	0.0	0.0	0.0	0.0	0.0	0.0	0.0	0.0	0.0	0.0	0.0	0.0	0.0	0.0	0.0	0.0	0.0	0.0	0.0	0.0	0.0	0.0	0.0	0.0	0.0
	3p	+	96	0.0	0.0	0.0	0.0	0.0	0.0	0.0	0.0	0.0	0.0	0.0	0.0	0.0	0.0	0.0	0.0	0.0	0.0	0.0	0.0	0.0	0.0	0.0	0.0	0.0	0.0
	3p	+	97	0.0	0.0	0.0	0.0	0.0	0.0	0.0	0.0	0.0	0.0	0.0	0.0	0.0	0.0	0.0	0.0	0.0	0.0	0.0	0.0	0.0	0.0	0.0	0.0	0.0	0.0
	3p	+	98	0.0	0.0	0.0	0.0	0.0	0.0	0.0	0.0	0.0	0.0	0.0	0.0	0.0	0.0	0.0	0.0	0.0	0.0	0.0	0.0	0.0	0.0	0.0	0.0	0.0	0.0
	3p	+	99	0.0	0.0	0.0	0.0	0.0	0.0	0.0	0.0	0.0	0.0	0.0	0.0	0.0	0.0	0.0	0.0	0.0	0.0	0.0	0.0	0.0	0.0	0.0	0.0	0.0	0.0
	3p	+	100	0.0	0.0	0.0	0.0	0.0	0.0	0.0	0.0	0.0	0.0	0.0	0.0	0.0	0.0	0.0	0.0	0.0	0.0	0.0	0.0	0.0	0.0	0.0	0.0	0.0	0.0
	3p	-	1	1638.0	692.0	453.0	1596.0	4379.0	8.0	243.0	5.0	3.0	2.0	4.0	0.0	3.0	2.0	6.0	1.0	4.00.0	0.0	0.0	0.0	0.0	0.0	0.0	0.0	0.0
	3p	-	2	1719.0	839.0	622.0	1198.0	4378.0	10.0	111.0	8.0	2.0	5.0	1.0	0.0	7.0	4.0	5.0	3.0	3.00.0	0.0	0.0	0.0	0.0	0.0	0.0	0.0	0.0
	3p	-	3	1601.0	757.0	679.0	1341.0	4378.0	6.0	10.0	4.0	3.0	4.0	4.0	1.0	1.0	5.0	6.0	1.0	5.00.0	0.0	0.0	0.0	0.0	0.0	0.0	0.0	0.0
	3p	-	4	1591.0	717.0	745.0	1326.0	4379.0	4.0	10.0	4.0	6.0	2.0	4.0	3.0	3.0	0.0	2.0	1.0	6.00.0	0.0	0.0	0.0	0.0	0.0	0.0	0.0	0.0
	3p	-	5	1575.0	748.0	752.0	1301.0	4376.0	0.0	8.0	0.0	3.0	7.0	3.0	1.0	3.0	1.0	4.0	4.0	3.00.0	0.0	0.0	0.0	0.0	0.0	2.0	0.0	0.0
	3p	-	6	1611.0	729.0	707.0	1323.0	4370.0	5.0	6.0	6.0	3.0	2.0	1.0	1.0	1.0	1.0	1.0	0.0	2.00.0	0.0	0.0	0.0	4.0	0.0	1.0	2.0	0.0
	3p	-	7	1506.0	781.0	775.0	1300.0	4362.0	5.0	4.0	3.0	2.0	2.0	0.0	1.0	3.0	2.0	3.0	0.0	7.00.0	0.0	0.0	0.0	3.0	0.0	4.0	5.0	0.0
	3p	-	8	1517.0	734.0	769.0	1343.0	4363.0	3.0	1.0	4.0	2.0	2.0	4.0	0.0	2.0	2.0	3.0	0.0	2.00.0	0.0	0.0	0.0	4.0	0.0	5.0	3.0	0.0
	3p	-	9	1523.0	739.0	753.0	1345.0	4360.0	3.0	2.0	4.0	3.0	0.0	9.0	1.0	6.0	1.0	4.0	0.0	4.00.0	0.0	0.0	0.0	3.0	0.0	6.0	5.0	0.0
	3p	-	10	1439.0	791.0	748.0	1384.0	4362.0	4.0	3.0	3.0	3.0	3.0	2.0	1.0	3.0	5.0	4.0	2.0	6.00.0	0.0	0.0	0.0	3.0	0.0	2.0	2.0	0.0
	3p	-	11	1423.0	793.0	773.0	1376.0	4365.0	3.0	1.0	0.0	3.0	3.0	5.0	2.0	2.0	2.0	3.0	1.0	6.00.0	0.0	0.0	0.0	4.0	0.0	2.0	4.0	0.0
	3p	-	12	1465.0	745.0	766.0	1381.0	4357.0	5.0	7.0	5.0	3.0	1.0	1.0	1.0	3.0	0.0	2.0	0.0	4.00.0	0.0	0.0	0.0	6.0	0.0	6.0	5.0	0.0
	3p	-	13	1446.0	770.0	760.0	1384.0	4360.0	2.0	2.0	7.0	1.0	3.0	5.0	1.0	0.0	3.0	5.0	1.0	5.00.0	0.0	0.0	0.0	1.0	0.0	5.0	10.0	0.0
	3p	-	14	1439.0	763.0	767.0	1397.0	4366.0	7.0	8.0	3.0	7.0	5.0	0.0	3.0	1.0	0.0	2.0	2.0	4.00.0	0.0	0.0	0.0	5.0	0.0	5.0	2.0	0.0
	3p	-	15	1465.0	757.0	746.0	1395.0	4363.0	2.0	3.0	1.0	2.0	3.0	5.0	1.0	0.0	1.0	2.0	4.0	2.00.0	0.0	0.0	0.0	7.0	0.0	3.0	3.0	0.0
	3p	-	16	1468.0	801.0	755.0	1347.0	4371.0	5.0	4.0	2.0	6.0	7.0	2.0	0.0	2.0	0.0	5.0	1.0	5.00.0	0.0	0.0	0.0	4.0	0.0	1.0	3.0	0.0
	3p	-	17	1492.0	780.0	748.0	1347.0	4367.0	1.0	4.0	4.0	4.0	2.0	2.0	2.0	1.0	2.0	2.0	0.0	3.00.0	0.0	0.0	0.0	3.0	0.0	4.0	2.0	0.0
	3p	-	18	1467.0	782.0	746.0	1367.0	4362.0	4.0	3.0	6.0	2.0	0.0	0.0	2.0	0.0	1.0	0.0	2.0	11.00.0	0.0	0.0	0.0	1.0	0.0	5.0	5.0	0.0
	3p	-	19	1416.0	812.0	761.0	1372.0	4361.0	4.0	7.0	2.0	4.0	4.0	1.0	4.0	2.0	1.0	3.0	1.0	5.00.0	0.0	0.0	0.0	6.0	0.0	5.0	3.0	0.0
	3p	-	20	1472.0	799.0	703.0	1386.0	4360.0	2.0	1.0	3.0	6.0	4.0	0.0	0.0	3.0	3.0	0.0	1.0	2.00.0	0.0	0.0	0.0	5.0	0.0	5.0	5.0	0.0
	3p	-	21	1410.0	804.0	760.0	1386.0	4360.0	3.0	5.0	3.0	1.0	0.0	2.0	1.0	1.0	3.0	2.0	0.0	3.00.0	0.0	0.0	0.0	3.0	0.0	4.0	7.0	0.0
	3p	-	22	1444.0	780.0	783.0	1350.0	4357.0	6.0	7.0	4.0	5.0	1.0	2.0	0.0	0.0	0.0	1.0	0.0	3.00.0	0.0	0.0	0.0	8.0	0.0	3.0	3.0	0.0
	3p	-	23	1424.0	744.0	762.0	1434.0	4364.0	5.0	4.0	6.0	3.0	4.0	2.0	1.0	1.0	1.0	2.0	1.0	1.00.0	0.0	0.0	0.0	2.0	0.0	5.0	3.0	0.0
	3p	-	24	1480.0	761.0	738.0	1382.0	4361.0	8.0	4.0	2.0	3.0	2.0	5.0	1.0	3.0	2.0	4.0	1.0	3.00.0	0.0	0.0	0.0	3.0	0.0	2.0	10.0	0.0
	3p	-	25	1439.0	769.0	749.0	1406.0	4363.0	5.0	7.0	0.0	3.0	1.0	0.0	3.0	1.0	1.0	1.0	1.0	4.00.0	0.0	0.0	0.0	6.0	0.0	4.0	3.0	0.0
	3p	-	26	1434.0	782.0	777.0	1374.0	4367.0	4.0	9.0	5.0	4.0	0.0	2.0	1.0	3.0	2.0	3.0	3.0	4.00.0	0.0	0.0	0.0	1.0	0.0	3.0	6.0	0.0
	3p	-	27	1401.0	775.0	798.0	1397.0	4371.0	4.0	5.0	4.0	7.0	5.0	2.0	1.0	2.0	0.0	2.0	0.0	6.00.0	0.0	0.0	0.0	1.0	0.0	2.0	2.0	0.0
	3p	-	28	1436.0	796.0	799.0	1345.0	4376.0	3.0	1.0	5.0	2.0	2.0	4.0	0.0	3.0	0.0	3.0	2.0	6.00.0	0.0	0.0	0.0	3.0	0.0	0.0	0.0	0.0
	3p	-	29	1417.0	791.0	771.0	1398.0	4377.0	6.0	5.0	7.0	4.0	4.0	1.0	1.0	1.0	2.0	2.0	2.0	5.00.0	0.0	0.0	0.0	1.0	0.0	0.0	0.0	0.0
	3p	-	30	1472.0	763.0	792.0	1351.0	4378.0	7.0	6.0	4.0	3.0	0.0	0.0	3.0	3.0	3.0	4.0	1.0	5.00.0	0.0	0.0	0.0	0.0	0.0	0.0	0.0	0.0
	3p	-	31	1322.0	737.0	728.0	1284.0	4071.0	2.0	3.0	4.0	1.0	2.0	1.0	0.0	1.0	0.0	1.0	1.0	5.00.0	0.0	0.0	0.0	0.0	0.0	1.0	0.0	0.0
	3p	-	32	1249.0	663.0	685.0	1231.0	3828.0	2.0	3.0	2.0	0.0	0.0	1.0	0.0	0.0	1.0	2.0	1.0	4.00.0	0.0	0.0	0.0	2.0	0.0	0.0	0.0	0.0
	3p	-	33	1162.0	629.0	643.0	1198.0	3632.0	0.0	6.0	3.0	6.0	2.0	0.0	0.0	1.0	2.0	2.0	0.0	4.00.0	0.0	0.0	0.0	0.0	0.0	1.0	0.0	0.0
	3p	-	34	1099.0	578.0	577.0	1194.0	3448.0	4.0	4.0	4.0	2.0	0.0	2.0	1.0	2.0	2.0	0.0	0.0	1.00.0	0.0	0.0	0.0	0.0	0.0	1.0	1.0	0.0
	3p	-	35	1067.0	584.0	568.0	1050.0	3269.0	3.0	9.0	0.0	3.0	2.0	0.0	0.0	1.0	1.0	1.0	0.0	2.00.0	0.0	0.0	0.0	0.0	0.0	0.0	0.0	0.0
	3p	-	36	987.0	537.0	544.0	1019.0	3087.0	2.0	9.0	2.0	1.0	1.0	2.0	0.0	1.0	1.0	0.0	0.0	1.00.0	0.0	0.0	0.0	1.0	0.0	0.0	0.0	0.0
	3p	-	37	995.0	508.0	490.0	927.0	2920.0	1.0	9.0	2.0	2.0	0.0	2.0	0.0	0.0	1.0	1.0	0.0	2.00.0	0.0	0.0	0.0	0.0	0.0	0.0	0.0	0.0
	3p	-	38	900.0	491.0	502.0	864.0	2757.0	5.0	4.0	0.0	1.0	0.0	2.0	0.0	0.0	0.0	1.0	0.0	2.00.0	0.0	0.0	0.0	0.0	0.0	0.0	0.0	0.0
	3p	-	39	843.0	483.0	441.0	803.0	2570.0	2.0	4.0	3.0	2.0	0.0	1.0	0.0	1.0	0.0	0.0	0.0	3.00.0	0.0	0.0	0.0	0.0	0.0	0.0	0.0	0.0
	3p	-	40	804.0	423.0	433.0	746.0	2406.0	1.0	8.0	1.0	1.0	1.0	2.0	0.0	1.0	1.0	2.0	0.0	0.00.0	0.0	0.0	0.0	0.0	0.0	0.0	0.0	0.0
	3p	-	41	707.0	390.0	404.0	747.0	2248.0	3.0	7.0	1.0	3.0	0.0	0.0	0.0	0.0	0.0	0.0	0.0	3.00.0	0.0	0.0	0.0	1.0	0.0	0.0	0.0	0.0
	3p	-	42	686.0	363.0	367.0	690.0	2106.0	3.0	11.0	1.0	0.0	1.0	0.0	0.0	0.0	0.0	2.0	0.0	2.00.0	0.0	0.0	0.0	1.0	0.0	0.0	0.0	0.0
	3p	-	43	651.0	310.0	367.0	643.0	1971.0	1.0	3.0	0.0	2.0	0.0	1.0	0.0	1.0	0.0	2.0	0.0	3.00.0	0.0	0.0	0.0	0.0	0.0	0.0	0.0	0.0
	3p	-	44	552.0	325.0	322.0	619.0	1818.0	2.0	9.0	2.0	3.0	0.0	2.0	0.0	1.0	2.0	0.0	0.0	1.00.0	0.0	0.0	0.0	0.0	0.0	0.0	0.0	0.0
	3p	-	45	531.0	309.0	304.0	548.0	1692.0	0.0	6.0	1.0	1.0	0.0	1.0	0.0	1.0	3.0	1.0	2.0	0.00.0	0.0	0.0	0.0	0.0	0.0	0.0	0.0	0.0
	3p	-	46	528.0	273.0	277.0	508.0	1586.0	3.0	2.0	1.0	0.0	0.0	0.0	0.0	1.0	0.0	1.0	1.0	3.00.0	0.0	0.0	0.0	0.0	0.0	0.0	0.0	0.0
	3p	-	47	479.0	245.0	262.0	483.0	1469.0	1.0	2.0	2.0	0.0	0.0	0.0	0.0	0.0	1.0	2.0	1.0	2.00.0	0.0	0.0	0.0	0.0	0.0	0.0	0.0	0.0
	3p	-	48	449.0	245.0	243.0	430.0	1367.0	0.0	3.0	0.0	2.0	0.0	1.0	1.0	0.0	0.0	2.0	0.0	1.00.0	0.0	0.0	0.0	0.0	0.0	0.0	0.0	0.0
	3p	-	49	407.0	218.0	237.0	410.0	1272.0	1.0	0.0	1.0	1.0	0.0	0.0	0.0	1.0	0.0	0.0	0.0	2.00.0	0.0	0.0	0.0	0.0	0.0	0.0	0.0	0.0
	3p	-	50	389.0	196.0	197.0	395.0	1177.0	0.0	5.0	1.0	0.0	0.0	0.0	1.0	1.0	0.0	1.0	1.0	1.00.0	0.0	0.0	0.0	0.0	0.0	0.0	0.0	0.0
	3p	-	51	357.0	177.0	198.0	359.0	1091.0	0.0	4.0	3.0	0.0	0.0	0.0	0.0	0.0	0.0	0.0	0.0	1.00.0	0.0	0.0	0.0	1.0	0.0	0.0	0.0	0.0
	3p	-	52	337.0	171.0	168.0	319.0	995.0	0.0	7.0	0.0	1.0	1.0	2.0	0.0	1.0	0.0	0.0	0.0	0.00.0	0.0	0.0	0.0	0.0	0.0	0.0	0.0	0.0
	3p	-	53	312.0	154.0	144.0	303.0	913.0	2.0	3.0	0.0	0.0	1.0	0.0	0.0	2.0	0.0	0.0	0.0	1.00.0	0.0	0.0	0.0	1.0	0.0	0.0	0.0	0.0
	3p	-	54	274.0	139.0	136.0	281.0	830.0	0.0	4.0	0.0	1.0	0.0	1.0	0.0	0.0	0.0	0.0	0.0	1.00.0	0.0	0.0	0.0	0.0	0.0	0.0	0.0	0.0
	3p	-	55	242.0	133.0	158.0	240.0	773.0	1.0	1.0	2.0	0.0	0.0	0.0	1.0	0.0	0.0	0.0	0.0	0.00.0	0.0	0.0	0.0	0.0	0.0	0.0	0.0	0.0
	3p	-	56	228.0	126.0	123.0	242.0	719.0	1.0	2.0	2.0	0.0	0.0	1.0	0.0	0.0	0.0	0.0	0.0	1.00.0	0.0	0.0	0.0	0.0	0.0	0.0	0.0	0.0
	3p	-	57	207.0	118.0	110.0	214.0	649.0	0.0	1.0	0.0	0.0	0.0	0.0	1.0	0.0	0.0	1.0	0.0	1.00.0	0.0	0.0	0.0	0.0	0.0	0.0	0.0	0.0
	3p	-	58	192.0	100.0	101.0	197.0	590.0	1.0	2.0	1.0	0.0	0.0	0.0	0.0	0.0	1.0	1.0	0.0	0.00.0	0.0	0.0	0.0	0.0	0.0	0.0	0.0	0.0
	3p	-	59	191.0	102.0	87.0	164.0	544.0	0.0	3.0	1.0	0.0	0.0	0.0	0.0	1.0	0.0	0.0	0.0	0.00.0	0.0	0.0	0.0	0.0	0.0	0.0	0.0	0.0
	3p	-	60	154.0	85.0	78.0	177.0	494.0	0.0	0.0	0.0	1.0	0.0	0.0	0.0	0.0	0.0	0.0	0.0	0.00.0	0.0	0.0	0.0	0.0	0.0	0.0	0.0	0.0
	3p	-	61	152.0	66.0	65.0	165.0	448.0	0.0	2.0	1.0	0.0	0.0	0.0	0.0	0.0	0.0	0.0	0.0	0.00.0	0.0	0.0	0.0	0.0	0.0	0.0	0.0	0.0
	3p	-	62	118.0	75.0	70.0	142.0	405.0	0.0	2.0	0.0	1.0	0.0	0.0	0.0	0.0	0.0	0.0	0.0	0.00.0	0.0	0.0	0.0	0.0	0.0	0.0	0.0	0.0
	3p	-	63	134.0	64.0	54.0	115.0	367.0	0.0	1.0	0.0	0.0	0.0	0.0	0.0	0.0	0.0	0.0	0.0	1.00.0	0.0	0.0	0.0	0.0	0.0	0.0	0.0	0.0
	3p	-	64	98.0	79.0	50.0	115.0	342.0	0.0	1.0	1.0	0.0	1.0	0.0	0.0	0.0	1.0	0.0	0.0	1.00.0	0.0	0.0	0.0	0.0	0.0	0.0	0.0	0.0
	3p	-	65	88.0	63.0	48.0	117.0	316.0	0.0	2.0	0.0	0.0	1.0	0.0	0.0	0.0	0.0	2.0	0.0	1.00.0	0.0	0.0	0.0	0.0	0.0	0.0	0.0	0.0
	3p	-	66	87.0	48.0	57.0	96.0	288.0	0.0	1.0	1.0	0.0	0.0	0.0	0.0	0.0	0.0	0.0	0.0	0.00.0	0.0	0.0	0.0	0.0	0.0	0.0	0.0	0.0
	3p	-	67	86.0	51.0	40.0	87.0	264.0	0.0	0.0	0.0	0.0	1.0	0.0	0.0	0.0	0.0	0.0	0.0	1.00.0	0.0	0.0	0.0	0.0	0.0	0.0	0.0	0.0
	3p	-	68	88.0	40.0	30.0	84.0	242.0	0.0	0.0	0.0	0.0	0.0	0.0	0.0	0.0	0.0	1.0	0.0	0.00.0	0.0	0.0	0.0	0.0	0.0	0.0	0.0	0.0
	3p	-	69	71.0	41.0	37.0	70.0	219.0	0.0	1.0	0.0	0.0	0.0	0.0	1.0	0.0	0.0	0.0	0.0	0.00.0	0.0	0.0	0.0	0.0	0.0	0.0	0.0	0.0
	3p	-	70	69.0	33.0	35.0	61.0	198.0	0.0	1.0	1.0	1.0	0.0	1.0	0.0	0.0	0.0	0.0	0.0	2.00.0	0.0	0.0	0.0	0.0	0.0	0.0	0.0	0.0
	3p	-	71	54.0	33.0	28.0	67.0	182.0	1.0	1.0	0.0	0.0	0.0	0.0	0.0	0.0	0.0	0.0	0.0	0.00.0	0.0	0.0	0.0	0.0	0.0	0.0	0.0	0.0
	3p	-	72	55.0	30.0	22.0	62.0	169.0	0.0	0.0	0.0	1.0	0.0	0.0	1.0	0.0	0.0	0.0	0.0	0.00.0	0.0	0.0	0.0	0.0	0.0	0.0	0.0	0.0
	3p	-	73	45.0	27.0	24.0	60.0	156.0	0.0	2.0	0.0	0.0	0.0	0.0	0.0	0.0	0.0	0.0	0.0	0.00.0	0.0	0.0	0.0	0.0	0.0	0.0	0.0	0.0
	3p	-	74	38.0	26.0	26.0	58.0	148.0	0.0	0.0	0.0	0.0	0.0	0.0	0.0	0.0	0.0	0.0	0.0	0.00.0	0.0	0.0	0.0	0.0	0.0	0.0	0.0	0.0
	3p	-	75	41.0	20.0	27.0	45.0	133.0	0.0	1.0	0.0	0.0	0.0	1.0	0.0	0.0	0.0	0.0	0.0	0.00.0	0.0	0.0	0.0	0.0	0.0	0.0	0.0	0.0
	3p	-	76	43.0	18.0	22.0	36.0	119.0	0.0	0.0	0.0	0.0	0.0	0.0	0.0	0.0	0.0	0.0	0.0	0.00.0	0.0	0.0	0.0	0.0	0.0	0.0	0.0	0.0
	3p	-	77	36.0	18.0	18.0	29.0	101.0	0.0	0.0	1.0	0.0	0.0	0.0	0.0	0.0	0.0	0.0	0.0	0.00.0	0.0	0.0	0.0	0.0	0.0	0.0	0.0	0.0
	3p	-	78	28.0	17.0	21.0	26.0	92.0	0.0	0.0	1.0	0.0	0.0	0.0	0.0	0.0	0.0	0.0	1.0	0.00.0	0.0	0.0	0.0	0.0	0.0	0.0	0.0	0.0
	3p	-	79	34.0	8.0	15.0	21.0	78.0	0.0	1.0	1.0	0.0	0.0	0.0	0.0	0.0	0.0	0.0	0.0	0.00.0	0.0	0.0	0.0	0.0	0.0	0.0	0.0	0.0
	3p	-	80	15.0	17.0	18.0	21.0	71.0	1.0	1.0	0.0	0.0	0.0	0.0	0.0	0.0	0.0	0.0	1.0	0.00.0	0.0	0.0	0.0	0.0	0.0	0.0	0.0	0.0
	3p	-	81	21.0	3.0	10.0	27.0	61.0	1.0	0.0	0.0	0.0	0.0	0.0	0.0	0.0	0.0	0.0	0.0	0.00.0	0.0	0.0	0.0	0.0	0.0	0.0	0.0	0.0
	3p	-	82	18.0	15.0	11.0	16.0	60.0	0.0	0.0	0.0	0.0	0.0	0.0	0.0	0.0	0.0	0.0	0.0	0.00.0	0.0	0.0	0.0	0.0	0.0	0.0	0.0	0.0
	3p	-	83	20.0	6.0	12.0	15.0	53.0	0.0	0.0	0.0	0.0	0.0	0.0	0.0	0.0	0.0	0.0	0.0	0.00.0	0.0	0.0	0.0	0.0	0.0	0.0	0.0	0.0
	3p	-	84	17.0	9.0	8.0	16.0	50.0	0.0	0.0	0.0	0.0	0.0	0.0	0.0	0.0	0.0	0.0	0.0	0.00.0	0.0	0.0	0.0	0.0	0.0	0.0	0.0	0.0
	3p	-	85	11.0	4.0	8.0	12.0	35.0	0.0	0.0	0.0	0.0	0.0	0.0	0.0	0.0	0.0	0.0	0.0	0.00.0	0.0	0.0	0.0	0.0	0.0	0.0	0.0	0.0
	3p	-	86	10.0	10.0	5.0	7.0	32.0	0.0	1.0	0.0	0.0	0.0	0.0	0.0	0.0	0.0	0.0	0.0	0.00.0	0.0	0.0	0.0	0.0	0.0	0.0	0.0	0.0
	3p	-	87	9.0	2.0	4.0	10.0	25.0	0.0	0.0	0.0	0.0	0.0	0.0	0.0	0.0	0.0	0.0	0.0	0.00.0	0.0	0.0	0.0	0.0	0.0	0.0	0.0	0.0
	3p	-	88	6.0	2.0	4.0	10.0	22.0	0.0	0.0	0.0	0.0	0.0	0.0	0.0	0.0	0.0	0.0	0.0	0.00.0	0.0	0.0	0.0	0.0	0.0	0.0	0.0	0.0
	3p	-	89	11.0	2.0	1.0	5.0	19.0	0.0	0.0	0.0	0.0	0.0	0.0	0.0	0.0	0.0	0.0	0.0	0.00.0	0.0	0.0	0.0	0.0	0.0	0.0	0.0	0.0
	3p	-	90	6.0	1.0	2.0	4.0	13.0	0.0	0.0	0.0	0.0	0.0	0.0	0.0	0.0	0.0	0.0	0.0	0.00.0	0.0	0.0	0.0	0.0	0.0	0.0	0.0	0.0
	3p	-	91	4.0	1.0	2.0	3.0	10.0	0.0	0.0	0.0	0.0	0.0	0.0	0.0	0.0	0.0	0.0	0.0	0.00.0	0.0	0.0	0.0	0.0	0.0	0.0	0.0	0.0
	3p	-	92	0.0	0.0	0.0	0.0	0.0	0.0	0.0	0.0	0.0	0.0	0.0	0.0	0.0	0.0	0.0	0.0	0.00.0	0.0	0.0	0.0	0.0	0.0	0.0	0.0	0.0
	3p	-	93	0.0	0.0	0.0	0.0	0.0	0.0	0.0	0.0	0.0	0.0	0.0	0.0	0.0	0.0	0.0	0.0	0.00.0	0.0	0.0	0.0	0.0	0.0	0.0	0.0	0.0
	3p	-	94	0.0	0.0	0.0	0.0	0.0	0.0	0.0	0.0	0.0	0.0	0.0	0.0	0.0	0.0	0.0	0.0	0.00.0	0.0	0.0	0.0	0.0	0.0	0.0	0.0	0.0
	3p	-	95	0.0	0.0	0.0	0.0	0.0	0.0	0.0	0.0	0.0	0.0	0.0	0.0	0.0	0.0	0.0	0.0	0.00.0	0.0	0.0	0.0	0.0	0.0	0.0	0.0	0.0
	3p	-	96	0.0	0.0	0.0	0.0	0.0	0.0	0.0	0.0	0.0	0.0	0.0	0.0	0.0	0.0	0.0	0.0	0.00.0	0.0	0.0	0.0	0.0	0.0	0.0	0.0	0.0
	3p	-	97	0.0	0.0	0.0	0.0	0.0	0.0	0.0	0.0	0.0	0.0	0.0	0.0	0.0	0.0	0.0	0.0	0.00.0	0.0	0.0	0.0	0.0	0.0	0.0	0.0	0.0
	3p	-	98	0.0	0.0	0.0	0.0	0.0	0.0	0.0	0.0	0.0	0.0	0.0	0.0	0.0	0.0	0.0	0.0	0.00.0	0.0	0.0	0.0	0.0	0.0	0.0	0.0	0.0
	3p	-	99	0.0	0.0	0.0	0.0	0.0	0.0	0.0	0.0	0.0	0.0	0.0	0.0	0.0	0.0	0.0	0.0	0.00.0	0.0	0.0	0.0	0.0	0.0	0.0	0.0	0.0
	3p	-	100	0.0	0.0	0.0	0.0	0.0	0.0	0.0	0.0	0.0	0.0	0.0	0.0	0.0	0.0	0.0	0.0	0.00.0	0.0	0.0	0.0	0.0	0.0	0.0	0.0	0.0
	5p	+	1	1444.0	721.0	547.0	1599.0	4311.0	6.0	80.0	10.0	1.0	5.0	8.0	2.0	3.0	1.0	5.0	2.0	7.00.0	0.0	0.0	0.0	0.0	0.0	0.0	0.0	0.0
	5p	+	2	1377.0	648.0	799.0	1486.0	4310.0	8.0	12.0	3.0	4.0	4.0	9.0	2.0	5.0	6.0	5.0	1.0	4.00.0	0.0	0.0	0.0	0.0	0.0	0.0	0.0	0.0
	5p	+	3	1467.0	742.0	786.0	1316.0	4311.0	4.0	8.0	4.0	4.0	3.0	4.0	3.0	1.0	0.0	2.0	1.0	5.00.0	0.0	0.0	0.0	0.0	0.0	0.0	0.0	0.0
	5p	+	4	1402.0	756.0	823.0	1323.0	4304.0	1.0	3.0	4.0	6.0	2.0	8.0	0.0	3.0	3.0	4.0	4.0	6.00.0	0.0	0.0	0.0	4.0	0.0	1.0	2.0	0.0
	5p	+	5	1404.0	806.0	780.0	1307.0	4297.0	7.0	2.0	6.0	3.0	3.0	3.0	0.0	1.0	0.0	5.0	1.0	3.00.0	0.0	0.0	0.0	5.0	0.0	3.0	3.0	0.0
	5p	+	6	1366.0	785.0	818.0	1325.0	4294.0	4.0	7.0	2.0	2.0	2.0	3.0	3.0	1.0	2.0	0.0	0.0	5.00.0	0.0	0.0	0.0	7.0	0.0	3.0	6.0	0.0
	5p	+	7	1422.0	776.0	759.0	1336.0	4293.0	2.0	5.0	3.0	4.0	3.0	2.0	0.0	2.0	1.0	1.0	1.0	5.00.0	0.0	0.0	0.0	3.0	0.0	6.0	4.0	0.0
	5p	+	8	1480.0	750.0	712.0	1352.0	4294.0	4.0	8.0	5.0	5.0	3.0	3.0	2.0	1.0	1.0	2.0	0.0	8.00.0	0.0	0.0	0.0	2.0	0.0	4.0	4.0	0.0
	5p	+	9	1437.0	756.0	768.0	1338.0	4299.0	3.0	3.0	4.0	2.0	1.0	5.0	1.0	0.0	1.0	4.0	2.0	6.00.0	0.0	0.0	0.0	0.0	0.0	3.0	5.0	0.0
	5p	+	10	1412.0	783.0	767.0	1339.0	4301.0	3.0	5.0	3.0	2.0	4.0	4.0	3.0	2.0	4.0	4.0	0.0	7.00.0	0.0	0.0	0.0	0.0	0.0	3.0	6.0	0.0
	5p	+	11	1426.0	782.0	739.0	1352.0	4299.0	4.0	3.0	9.0	4.0	1.0	5.0	1.0	2.0	2.0	0.0	1.0	4.00.0	0.0	0.0	0.0	4.0	0.0	4.0	2.0	0.0
	5p	+	12	1426.0	754.0	808.0	1300.0	4288.0	4.0	6.0	4.0	2.0	2.0	4.0	0.0	2.0	2.0	1.0	2.0	5.00.0	0.0	0.0	0.0	8.0	0.0	5.0	6.0	0.0
	5p	+	13	1448.0	816.0	698.0	1336.0	4298.0	6.0	6.0	4.0	5.0	3.0	2.0	1.0	1.0	1.0	2.0	0.0	2.00.0	0.0	0.0	0.0	3.0	0.0	7.0	1.0	0.0
	5p	+	14	1492.0	765.0	714.0	1324.0	4295.0	4.0	3.0	6.0	3.0	3.0	0.0	0.0	3.0	4.0	2.0	1.0	6.00.0	0.0	0.0	0.0	2.0	0.0	3.0	5.0	0.0
	5p	+	15	1365.0	830.0	763.0	1333.0	4291.0	3.0	2.0	4.0	4.0	5.0	1.0	1.0	1.0	2.0	2.0	2.0	3.00.0	0.0	0.0	0.0	4.0	0.0	5.0	4.0	0.0
	5p	+	16	1394.0	801.0	762.0	1343.0	4300.0	2.0	3.0	7.0	2.0	5.0	2.0	0.0	2.0	2.0	6.0	1.0	1.00.0	0.0	0.0	0.0	4.0	0.0	1.0	2.0	0.0
	5p	+	17	1434.0	768.0	748.0	1344.0	4294.0	2.0	3.0	4.0	6.0	3.0	7.0	2.0	4.0	5.0	2.0	6.0	1.00.0	0.0	0.0	0.0	8.0	0.0	3.0	4.0	0.0
	5p	+	18	1413.0	765.0	744.0	1370.0	4292.0	4.0	3.0	4.0	3.0	1.0	0.0	1.0	4.0	0.0	2.0	2.0	1.00.0	0.0	0.0	0.0	4.0	0.0	3.0	7.0	0.0
	5p	+	19	1420.0	761.0	786.0	1320.0	4287.0	3.0	6.0	5.0	4.0	0.0	2.0	1.0	2.0	3.0	5.0	2.0	8.00.0	0.0	0.0	0.0	9.0	0.0	8.0	4.0	0.0
	5p	+	20	1439.0	769.0	758.0	1339.0	4305.0	2.0	4.0	6.0	4.0	2.0	3.0	1.0	2.0	2.0	0.0	2.0	5.00.0	0.0	0.0	0.0	2.0	0.0	1.0	2.0	0.0
	5p	+	21	1362.0	753.0	781.0	1403.0	4299.0	2.0	7.0	0.0	2.0	3.0	2.0	2.0	2.0	2.0	1.0	4.0	3.00.0	0.0	0.0	0.0	2.0	0.0	4.0	3.0	0.0
	5p	+	22	1374.0	755.0	773.0	1391.0	4293.0	4.0	5.0	4.0	2.0	2.0	1.0	2.0	2.0	4.0	4.0	1.0	3.00.0	0.0	0.0	0.0	6.0	0.0	8.0	3.0	0.0
	5p	+	23	1382.0	771.0	755.0	1383.0	4291.0	3.0	7.0	5.0	2.0	2.0	4.0	3.0	0.0	3.0	3.0	0.0	4.00.0	0.0	0.0	0.0	3.0	0.0	8.0	7.0	0.0
	5p	+	24	1464.0	757.0	726.0	1351.0	4298.0	2.0	7.0	3.0	3.0	2.0	3.0	0.0	0.0	4.0	2.0	2.0	3.00.0	0.0	0.0	0.0	4.0	0.0	4.0	4.0	0.0
	5p	+	25	1408.0	762.0	764.0	1369.0	4303.0	4.0	4.0	3.0	1.0	2.0	0.0	1.0	2.0	2.0	0.0	1.0	5.00.0	0.0	0.0	0.0	1.0	0.0	3.0	1.0	0.0
	5p	+	26	1437.0	827.0	691.0	1350.0	4305.0	5.0	6.0	3.0	8.0	0.0	1.0	1.0	4.0	2.0	4.0	0.0	4.00.0	0.0	0.0	0.0	1.0	0.0	2.0	3.0	0.0
	5p	+	27	1445.0	802.0	701.0	1361.0	4309.0	4.0	2.0	7.0	3.0	5.0	0.0	2.0	2.0	2.0	3.0	2.0	2.00.0	0.0	0.0	0.0	2.0	0.0	0.0	0.0	0.0
	5p	+	28	1505.0	744.0	736.0	1324.0	4309.0	4.0	3.0	2.0	5.0	2.0	5.0	1.0	1.0	1.0	3.0	2.0	6.00.0	0.0	0.0	0.0	2.0	0.0	0.0	0.0	0.0
	5p	+	29	1480.0	783.0	694.0	1354.0	4311.0	2.0	6.0	4.0	4.0	4.0	3.0	1.0	0.0	0.0	1.0	1.0	4.00.0	0.0	0.0	0.0	0.0	0.0	0.0	0.0	0.0
	5p	+	30	1522.0	764.0	670.0	1354.0	4310.0	3.0	15.0	2.0	4.0	0.0	2.0	0.0	4.0	3.0	3.0	1.0	3.00.0	0.0	0.0	0.0	0.0	0.0	0.0	0.0	0.0
	5p	+	31	1372.0	654.0	678.0	1264.0	3968.0	3.0	13.0	4.0	3.0	2.0	0.0	0.0	1.0	1.0	0.0	1.0	1.00.0	0.0	0.0	0.0	0.0	0.0	0.0	2.0	0.0
	5p	+	32	1303.0	618.0	635.0	1176.0	3732.0	5.0	8.0	2.0	2.0	1.0	0.0	2.0	2.0	0.0	0.0	1.0	1.00.0	0.0	0.0	0.0	1.0	0.0	0.0	0.0	0.0
	5p	+	33	1256.0	601.0	587.0	1076.0	3520.0	3.0	13.0	1.0	2.0	2.0	1.0	0.0	3.0	0.0	0.0	0.0	2.00.0	0.0	0.0	0.0	1.0	0.0	0.0	0.0	0.0
	5p	+	34	1181.0	585.0	569.0	1033.0	3368.0	2.0	16.0	3.0	3.0	2.0	0.0	0.0	1.0	0.0	1.0	1.0	1.00.0	0.0	0.0	0.0	0.0	0.0	1.0	0.0	0.0
	5p	+	35	1126.0	543.0	489.0	1030.0	3188.0	2.0	19.0	2.0	4.0	0.0	1.0	0.0	2.0	1.0	3.0	0.0	1.00.0	0.0	0.0	0.0	0.0	0.0	0.0	0.0	0.0
	5p	+	36	1060.0	532.0	511.0	912.0	3015.0	2.0	12.0	3.0	1.0	1.0	0.0	0.0	0.0	2.0	0.0	1.0	5.00.0	0.0	0.0	0.0	1.0	0.0	0.0	0.0	0.0
	5p	+	37	1013.0	485.0	466.0	882.0	2846.0	1.0	14.0	0.0	0.0	1.0	0.0	0.0	2.0	1.0	0.0	0.0	1.00.0	0.0	0.0	0.0	0.0	0.0	0.0	0.0	0.0
	5p	+	38	969.0	416.0	463.0	865.0	2713.0	4.0	6.0	2.0	2.0	0.0	0.0	0.0	0.0	0.0	2.0	1.0	1.00.0	0.0	0.0	0.0	0.0	0.0	1.0	0.0	0.0
	5p	+	39	908.0	405.0	388.0	849.0	2550.0	7.0	12.0	3.0	1.0	0.0	1.0	1.0	1.0	1.0	2.0	1.0	3.00.0	0.0	0.0	0.0	0.0	0.0	0.0	0.0	0.0
	5p	+	40	857.0	391.0	368.0	779.0	2395.0	2.0	14.0	1.0	0.0	1.0	3.0	0.0	0.0	0.0	0.0	0.0	2.00.0	0.0	0.0	0.0	0.0	0.0	0.0	0.0	0.0
	5p	+	41	741.0	405.0	355.0	736.0	2237.0	1.0	15.0	0.0	0.0	1.0	2.0	0.0	0.0	1.0	0.0	0.0	0.00.0	0.0	0.0	0.0	0.0	0.0	1.0	0.0	0.0
	5p	+	42	734.0	351.0	350.0	670.0	2105.0	2.0	17.0	1.0	2.0	0.0	1.0	0.0	1.0	1.0	0.0	0.0	0.00.0	0.0	0.0	0.0	0.0	0.0	0.0	0.0	0.0
	5p	+	43	664.0	328.0	308.0	652.0	1952.0	2.0	10.0	1.0	1.0	0.0	1.0	0.0	1.0	0.0	0.0	0.0	0.00.0	0.0	0.0	0.0	1.0	0.0	0.0	0.0	0.0
	5p	+	44	629.0	317.0	276.0	596.0	1818.0	2.0	13.0	0.0	1.0	1.0	1.0	0.0	0.0	0.0	1.0	0.0	0.00.0	0.0	0.0	0.0	1.0	0.0	0.0	0.0	0.0
	5p	+	45	562.0	307.0	274.0	536.0	1679.0	3.0	10.0	0.0	1.0	2.0	1.0	0.0	0.0	1.0	0.0	0.0	1.00.0	0.0	0.0	0.0	1.0	0.0	0.0	1.0	0.0
	5p	+	46	553.0	267.0	272.0	460.0	1552.0	3.0	11.0	3.0	0.0	2.0	0.0	0.0	0.0	0.0	0.0	0.0	3.00.0	0.0	0.0	0.0	0.0	0.0	0.0	0.0	0.0
	5p	+	47	525.0	241.0	248.0	422.0	1436.0	0.0	10.0	2.0	1.0	0.0	2.0	1.0	1.0	0.0	0.0	0.0	2.00.0	0.0	0.0	0.0	0.0	0.0	0.0	0.0	0.0
	5p	+	48	442.0	251.0	202.0	411.0	1306.0	2.0	15.0	0.0	0.0	2.0	0.0	0.0	0.0	0.0	1.0	0.0	1.00.0	0.0	0.0	0.0	1.0	0.0	0.0	0.0	0.0
	5p	+	49	391.0	200.0	221.0	391.0	1203.0	3.0	9.0	0.0	3.0	0.0	0.0	0.0	2.0	0.0	1.0	0.0	1.00.0	0.0	0.0	0.0	0.0	0.0	0.0	0.0	0.0
	5p	+	50	420.0	195.0	159.0	344.0	1118.0	1.0	9.0	2.0	1.0	0.0	0.0	1.0	0.0	0.0	0.0	0.0	0.00.0	0.0	0.0	0.0	0.0	0.0	0.0	0.0	0.0
	5p	+	51	377.0	176.0	154.0	307.0	1014.0	3.0	9.0	0.0	2.0	0.0	0.0	0.0	0.0	1.0	0.0	0.0	0.00.0	0.0	0.0	0.0	0.0	0.0	0.0	1.0	0.0
	5p	+	52	349.0	154.0	149.0	293.0	945.0	2.0	6.0	1.0	0.0	1.0	0.0	0.0	0.0	0.0	0.0	0.0	1.00.0	0.0	0.0	0.0	1.0	0.0	0.0	0.0	0.0
	5p	+	53	308.0	137.0	123.0	301.0	869.0	1.0	4.0	3.0	1.0	0.0	0.0	0.0	0.0	0.0	0.0	0.0	0.00.0	0.0	0.0	0.0	0.0	0.0	0.0	0.0	0.0
	5p	+	54	263.0	128.0	131.0	276.0	798.0	1.0	7.0	1.0	0.0	2.0	0.0	0.0	0.0	0.0	0.0	0.0	2.00.0	0.0	0.0	0.0	0.0	0.0	0.0	0.0	0.0
	5p	+	55	246.0	132.0	120.0	238.0	736.0	1.0	9.0	0.0	0.0	1.0	0.0	0.0	1.0	0.0	0.0	0.0	0.00.0	0.0	0.0	0.0	0.0	0.0	0.0	0.0	0.0
	5p	+	56	235.0	116.0	110.0	207.0	668.0	1.0	4.0	0.0	1.0	1.0	0.0	0.0	0.0	0.0	1.0	0.0	1.00.0	0.0	0.0	0.0	0.0	0.0	0.0	0.0	0.0
	5p	+	57	220.0	102.0	84.0	213.0	619.0	0.0	5.0	0.0	1.0	0.0	0.0	0.0	0.0	0.0	0.0	0.0	0.00.0	0.0	0.0	0.0	0.0	0.0	0.0	0.0	0.0
	5p	+	58	211.0	92.0	83.0	190.0	576.0	0.0	2.0	0.0	0.0	1.0	0.0	0.0	0.0	0.0	0.0	0.0	0.00.0	0.0	0.0	0.0	0.0	0.0	0.0	0.0	0.0
	5p	+	59	173.0	91.0	79.0	173.0	516.0	1.0	1.0	0.0	0.0	0.0	0.0	0.0	0.0	0.0	2.0	0.0	0.00.0	0.0	0.0	0.0	0.0	0.0	0.0	0.0	0.0
	5p	+	60	188.0	89.0	61.0	134.0	472.0	1.0	5.0	1.0	0.0	1.0	0.0	0.0	0.0	0.0	0.0	0.0	0.00.0	0.0	0.0	0.0	0.0	0.0	0.0	0.0	0.0
	5p	+	61	167.0	77.0	64.0	126.0	434.0	0.0	4.0	0.0	0.0	1.0	0.0	0.0	0.0	0.0	0.0	0.0	1.00.0	0.0	0.0	0.0	0.0	0.0	0.0	0.0	0.0
	5p	+	62	137.0	72.0	64.0	130.0	403.0	0.0	2.0	0.0	0.0	1.0	0.0	0.0	0.0	0.0	0.0	1.0	0.00.0	0.0	0.0	0.0	0.0	0.0	0.0	0.0	0.0
	5p	+	63	122.0	59.0	64.0	122.0	367.0	0.0	3.0	0.0	1.0	0.0	0.0	0.0	0.0	0.0	0.0	0.0	0.00.0	0.0	0.0	0.0	0.0	0.0	0.0	0.0	0.0
	5p	+	64	110.0	64.0	53.0	110.0	337.0	0.0	5.0	0.0	0.0	0.0	0.0	0.0	1.0	0.0	0.0	0.0	1.00.0	0.0	0.0	0.0	1.0	0.0	0.0	0.0	0.0
	5p	+	65	113.0	49.0	45.0	95.0	302.0	0.0	3.0	0.0	0.0	0.0	0.0	0.0	0.0	0.0	1.0	0.0	0.00.0	0.0	0.0	0.0	0.0	0.0	0.0	0.0	0.0
	5p	+	66	94.0	54.0	46.0	84.0	278.0	0.0	3.0	0.0	0.0	0.0	0.0	0.0	0.0	0.0	0.0	0.0	0.00.0	0.0	0.0	0.0	0.0	0.0	0.0	0.0	0.0
	5p	+	67	93.0	41.0	42.0	75.0	251.0	0.0	4.0	0.0	0.0	0.0	0.0	0.0	1.0	0.0	0.0	0.0	1.00.0	0.0	0.0	0.0	0.0	0.0	0.0	0.0	0.0
	5p	+	68	86.0	32.0	45.0	63.0	226.0	0.0	3.0	0.0	0.0	0.0	0.0	0.0	1.0	0.0	0.0	0.0	0.00.0	0.0	0.0	0.0	0.0	0.0	0.0	0.0	0.0
	5p	+	69	66.0	29.0	34.0	76.0	205.0	0.0	1.0	0.0	0.0	0.0	0.0	0.0	0.0	0.0	0.0	0.0	0.00.0	0.0	0.0	0.0	0.0	0.0	0.0	0.0	0.0
	5p	+	70	68.0	26.0	29.0	64.0	187.0	0.0	2.0	0.0	0.0	0.0	0.0	0.0	0.0	0.0	0.0	0.0	0.00.0	0.0	0.0	0.0	0.0	0.0	0.0	0.0	0.0
	5p	+	71	57.0	28.0	27.0	53.0	165.0	0.0	2.0	1.0	0.0	1.0	0.0	0.0	0.0	0.0	0.0	0.0	0.00.0	0.0	0.0	0.0	0.0	0.0	0.0	0.0	0.0
	5p	+	72	50.0	28.0	20.0	54.0	152.0	1.0	1.0	0.0	0.0	0.0	0.0	0.0	1.0	0.0	0.0	0.0	0.00.0	0.0	0.0	0.0	0.0	0.0	0.0	0.0	0.0
	5p	+	73	52.0	23.0	15.0	49.0	139.0	0.0	0.0	0.0	0.0	0.0	0.0	1.0	0.0	0.0	1.0	0.0	0.00.0	0.0	0.0	0.0	0.0	0.0	0.0	0.0	0.0
	5p	+	74	42.0	21.0	20.0	49.0	132.0	0.0	0.0	0.0	0.0	0.0	0.0	0.0	0.0	0.0	0.0	0.0	0.00.0	0.0	0.0	0.0	0.0	0.0	0.0	0.0	0.0
	5p	+	75	43.0	19.0	18.0	35.0	115.0	0.0	2.0	0.0	0.0	0.0	0.0	0.0	0.0	0.0	0.0	0.0	0.00.0	0.0	0.0	0.0	0.0	0.0	0.0	0.0	0.0
	5p	+	76	39.0	18.0	14.0	29.0	100.0	0.0	2.0	0.0	0.0	0.0	0.0	0.0	0.0	0.0	0.0	0.0	0.00.0	0.0	0.0	0.0	0.0	0.0	0.0	0.0	0.0
	5p	+	77	36.0	12.0	13.0	27.0	88.0	0.0	1.0	0.0	0.0	0.0	0.0	0.0	0.0	0.0	0.0	0.0	0.00.0	0.0	0.0	0.0	0.0	0.0	0.0	0.0	0.0
	5p	+	78	17.0	11.0	14.0	33.0	75.0	0.0	1.0	0.0	0.0	0.0	0.0	0.0	0.0	0.0	0.0	0.0	0.00.0	0.0	0.0	0.0	0.0	0.0	0.0	0.0	0.0
	5p	+	79	20.0	10.0	8.0	26.0	64.0	0.0	1.0	0.0	0.0	0.0	0.0	0.0	0.0	0.0	0.0	0.0	0.00.0	0.0	0.0	0.0	0.0	0.0	0.0	0.0	0.0
	5p	+	80	19.0	5.0	11.0	22.0	57.0	0.0	1.0	0.0	0.0	0.0	0.0	0.0	0.0	0.0	0.0	0.0	1.00.0	0.0	0.0	0.0	0.0	0.0	0.0	0.0	0.0
	5p	+	81	23.0	7.0	5.0	16.0	51.0	0.0	0.0	0.0	0.0	0.0	0.0	0.0	0.0	0.0	0.0	0.0	0.00.0	0.0	0.0	0.0	0.0	0.0	0.0	0.0	0.0
	5p	+	82	22.0	4.0	6.0	17.0	49.0	0.0	1.0	0.0	0.0	0.0	0.0	0.0	0.0	0.0	0.0	0.0	0.00.0	0.0	0.0	0.0	0.0	0.0	0.0	0.0	0.0
	5p	+	83	19.0	7.0	6.0	13.0	45.0	0.0	0.0	0.0	1.0	0.0	0.0	0.0	0.0	0.0	0.0	0.0	0.00.0	0.0	0.0	0.0	0.0	0.0	0.0	0.0	0.0
	5p	+	84	13.0	7.0	6.0	10.0	36.0	0.0	1.0	0.0	0.0	0.0	0.0	0.0	0.0	0.0	0.0	0.0	0.00.0	0.0	0.0	0.0	0.0	0.0	0.0	0.0	0.0
	5p	+	85	10.0	6.0	3.0	11.0	30.0	0.0	1.0	0.0	0.0	0.0	0.0	0.0	0.0	0.0	0.0	0.0	0.00.0	0.0	0.0	0.0	0.0	0.0	0.0	0.0	0.0
	5p	+	86	8.0	3.0	3.0	8.0	22.0	0.0	0.0	0.0	0.0	0.0	1.0	0.0	0.0	0.0	0.0	0.0	0.00.0	0.0	0.0	0.0	0.0	0.0	0.0	0.0	0.0
	5p	+	87	8.0	5.0	3.0	4.0	20.0	0.0	1.0	0.0	0.0	0.0	0.0	0.0	0.0	0.0	0.0	0.0	0.00.0	0.0	0.0	0.0	0.0	0.0	0.0	0.0	0.0
	5p	+	88	5.0	3.0	1.0	6.0	15.0	0.0	1.0	0.0	0.0	0.0	0.0	0.0	0.0	0.0	0.0	0.0	0.00.0	0.0	0.0	0.0	0.0	0.0	0.0	0.0	0.0
	5p	+	89	5.0	0.0	1.0	4.0	10.0	0.0	0.0	0.0	0.0	0.0	0.0	0.0	0.0	0.0	0.0	0.0	0.00.0	0.0	0.0	0.0	0.0	0.0	0.0	0.0	0.0
	5p	+	90	2.0	0.0	1.0	3.0	6.0	0.0	0.0	0.0	0.0	0.0	0.0	0.0	0.0	0.0	0.0	0.0	0.00.0	0.0	0.0	0.0	0.0	0.0	0.0	0.0	0.0
	5p	+	91	0.0	0.0	1.0	1.0	2.0	0.0	0.0	0.0	0.0	0.0	0.0	0.0	0.0	0.0	0.0	0.0	0.00.0	0.0	0.0	0.0	0.0	0.0	0.0	0.0	0.0
	5p	+	92	0.0	0.0	0.0	0.0	0.0	0.0	0.0	0.0	0.0	0.0	0.0	0.0	0.0	0.0	0.0	0.0	0.00.0	0.0	0.0	0.0	0.0	0.0	0.0	0.0	0.0
	5p	+	93	0.0	0.0	0.0	0.0	0.0	0.0	0.0	0.0	0.0	0.0	0.0	0.0	0.0	0.0	0.0	0.0	0.00.0	0.0	0.0	0.0	0.0	0.0	0.0	0.0	0.0
	5p	+	94	0.0	0.0	0.0	0.0	0.0	0.0	0.0	0.0	0.0	0.0	0.0	0.0	0.0	0.0	0.0	0.0	0.00.0	0.0	0.0	0.0	0.0	0.0	0.0	0.0	0.0
	5p	+	95	0.0	0.0	0.0	0.0	0.0	0.0	0.0	0.0	0.0	0.0	0.0	0.0	0.0	0.0	0.0	0.0	0.00.0	0.0	0.0	0.0	0.0	0.0	0.0	0.0	0.0
	5p	+	96	0.0	0.0	0.0	0.0	0.0	0.0	0.0	0.0	0.0	0.0	0.0	0.0	0.0	0.0	0.0	0.0	0.00.0	0.0	0.0	0.0	0.0	0.0	0.0	0.0	0.0
	5p	+	97	0.0	0.0	0.0	0.0	0.0	0.0	0.0	0.0	0.0	0.0	0.0	0.0	0.0	0.0	0.0	0.0	0.00.0	0.0	0.0	0.0	0.0	0.0	0.0	0.0	0.0
	5p	+	98	0.0	0.0	0.0	0.0	0.0	0.0	0.0	0.0	0.0	0.0	0.0	0.0	0.0	0.0	0.0	0.0	0.00.0	0.0	0.0	0.0	0.0	0.0	0.0	0.0	0.0
	5p	+	99	0.0	0.0	0.0	0.0	0.0	0.0	0.0	0.0	0.0	0.0	0.0	0.0	0.0	0.0	0.0	0.0	0.00.0	0.0	0.0	0.0	0.0	0.0	0.0	0.0	0.0
	5p	+	100	0.0	0.0	0.0	0.0	0.0	0.0	0.0	0.0	0.0	0.0	0.0	0.0	0.0	0.0	0.0	0.0	0.00.0	0.0	0.0	0.0	0.0	0.0	0.0	0.0	0.0
	5p	-	1	1444.0	731.0	612.0	1592.0	4379.0	3.0	92.0	6.0	2.0	2.0	3.0	1.0	3.0	2.0	6.0	1.0	7.00.0	0.0	0.0	0.0	0.0	0.0	0.0	0.0	0.0
	5p	-	2	1325.0	657.0	859.0	1538.0	4379.0	4.0	8.0	8.0	3.0	1.0	1.0	4.0	1.0	3.0	5.0	1.0	3.00.0	0.0	0.0	0.0	0.0	0.0	0.0	0.0	0.0
	5p	-	3	1390.0	849.0	742.0	1398.0	4379.0	2.0	10.0	4.0	4.0	3.0	5.0	1.0	2.0	1.0	2.0	3.0	1.00.0	0.0	0.0	0.0	0.0	0.0	0.0	0.0	0.0
	5p	-	4	1405.0	839.0	811.0	1324.0	4379.0	6.0	3.0	7.0	4.0	5.0	3.0	0.0	4.0	1.0	2.0	0.0	7.00.0	0.0	0.0	0.0	0.0	0.0	0.0	0.0	0.0
	5p	-	5	1464.0	790.0	776.0	1340.0	4370.0	8.0	5.0	4.0	5.0	3.0	4.0	2.0	2.0	3.0	0.0	2.0	5.00.0	0.0	0.0	0.0	0.0	0.0	3.0	3.0	0.0
	5p	-	6	1358.0	814.0	778.0	1420.0	4370.0	4.0	8.0	8.0	6.0	2.0	0.0	1.0	3.0	1.0	2.0	2.0	4.00.0	0.0	0.0	0.0	4.0	0.0	2.0	3.0	0.0
	5p	-	7	1413.0	777.0	802.0	1372.0	4364.0	2.0	4.0	0.0	7.0	3.0	5.0	2.0	1.0	1.0	5.0	1.0	10.00.0	0.0	0.0	0.0	2.0	0.0	4.0	7.0	0.0
	5p	-	8	1498.0	726.0	747.0	1389.0	4360.0	5.0	5.0	6.0	7.0	1.0	1.0	3.0	4.0	2.0	2.0	4.0	3.00.0	0.0	0.0	0.0	2.0	0.0	6.0	7.0	0.0
	5p	-	9	1468.0	759.0	801.0	1336.0	4364.0	5.0	4.0	1.0	4.0	1.0	1.0	0.0	1.0	1.0	5.0	0.0	7.00.0	0.0	0.0	0.0	8.0	0.0	4.0	2.0	0.0
	5p	-	10	1441.0	755.0	799.0	1367.0	4362.0	6.0	4.0	4.0	0.0	2.0	5.0	1.0	2.0	2.0	3.0	1.0	4.00.0	0.0	0.0	0.0	2.0	0.0	2.0	7.0	0.0
	5p	-	11	1423.0	772.0	805.0	1362.0	4362.0	6.0	3.0	5.0	4.0	1.0	3.0	0.0	4.0	2.0	1.0	1.0	2.00.0	0.0	0.0	0.0	3.0	0.0	6.0	7.0	0.0
	5p	-	12	1410.0	788.0	793.0	1370.0	4361.0	9.0	4.0	1.0	6.0	6.0	0.0	4.0	2.0	4.0	4.0	1.0	2.00.0	0.0	0.0	0.0	3.0	0.0	5.0	2.0	0.0
	5p	-	13	1430.0	805.0	748.0	1379.0	4362.0	2.0	3.0	7.0	1.0	0.0	1.0	2.0	1.0	2.0	0.0	1.0	5.00.0	0.0	0.0	0.0	3.0	0.0	5.0	4.0	0.0
	5p	-	14	1407.0	790.0	784.0	1388.0	4369.0	3.0	5.0	3.0	6.0	1.0	2.0	0.0	1.0	2.0	2.0	1.0	6.00.0	0.0	0.0	0.0	3.0	0.0	4.0	2.0	0.0
	5p	-	15	1455.0	795.0	741.0	1379.0	4370.0	5.0	5.0	6.0	2.0	5.0	2.0	1.0	2.0	1.0	5.0	0.0	2.00.0	0.0	0.0	0.0	1.0	0.0	2.0	4.0	0.0
	5p	-	16	1463.0	758.0	749.0	1397.0	4367.0	8.0	1.0	0.0	4.0	4.0	3.0	0.0	0.0	2.0	1.0	3.0	2.00.0	0.0	0.0	0.0	4.0	0.0	3.0	3.0	0.0
	5p	-	17	1468.0	746.0	787.0	1367.0	4368.0	4.0	8.0	7.0	5.0	4.0	1.0	2.0	0.0	1.0	1.0	1.0	1.00.0	0.0	0.0	0.0	3.0	0.0	4.0	1.0	0.0
	5p	-	18	1446.0	794.0	820.0	1303.0	4363.0	2.0	3.0	6.0	1.0	2.0	2.0	1.0	1.0	0.0	3.0	0.0	5.00.0	0.0	0.0	0.0	3.0	0.0	4.0	7.0	0.0
	5p	-	19	1421.0	788.0	756.0	1391.0	4356.0	4.0	10.0	4.0	1.0	2.0	2.0	1.0	0.0	1.0	1.0	0.0	5.00.0	0.0	0.0	0.0	8.0	0.0	7.0	3.0	0.0
	5p	-	20	1417.0	792.0	736.0	1418.0	4363.0	2.0	6.0	5.0	1.0	2.0	4.0	4.0	3.0	1.0	2.0	3.0	3.00.0	0.0	0.0	0.0	2.0	0.0	3.0	5.0	0.0
	5p	-	21	1395.0	829.0	741.0	1401.0	4366.0	4.0	6.0	1.0	2.0	2.0	1.0	2.0	3.0	2.0	3.0	1.0	3.00.0	0.0	0.0	0.0	2.0	0.0	2.0	3.0	0.0
	5p	-	22	1491.0	799.0	692.0	1381.0	4363.0	6.0	2.0	4.0	3.0	4.0	2.0	0.0	4.0	2.0	5.0	3.0	4.00.0	0.0	0.0	0.0	2.0	0.0	5.0	2.0	0.0
	5p	-	23	1467.0	751.0	782.0	1367.0	4367.0	8.0	3.0	4.0	2.0	0.0	3.0	0.0	2.0	0.0	6.0	0.0	4.00.0	0.0	0.0	0.0	3.0	0.0	3.0	4.0	0.0
	5p	-	24	1424.0	761.0	789.0	1385.0	4359.0	7.0	3.0	6.0	1.0	2.0	4.0	1.0	1.0	4.0	5.0	0.0	8.00.0	0.0	0.0	0.0	5.0	0.0	9.0	3.0	0.0
	5p	-	25	1446.0	791.0	778.0	1357.0	4372.0	5.0	4.0	4.0	6.0	3.0	0.0	0.0	2.0	2.0	1.0	1.0	5.00.0	0.0	0.0	0.0	0.0	0.0	0.0	4.0	0.0
	5p	-	26	1466.0	721.0	782.0	1403.0	4372.0	5.0	2.0	3.0	3.0	3.0	0.0	1.0	1.0	0.0	3.0	1.0	7.00.0	0.0	0.0	0.0	4.0	0.0	2.0	1.0	0.0
	5p	-	27	1472.0	742.0	756.0	1403.0	4373.0	2.0	9.0	3.0	4.0	5.0	5.0	0.0	5.0	0.0	1.0	2.0	6.00.0	0.0	0.0	0.0	2.0	0.0	0.0	3.0	0.0
	5p	-	28	1520.0	758.0	750.0	1346.0	4374.0	2.0	5.0	4.0	1.0	3.0	4.0	2.0	3.0	1.0	3.0	1.0	8.00.0	0.0	0.0	0.0	2.0	0.0	0.0	0.0	0.0
	5p	-	29	1494.0	780.0	752.0	1351.0	4377.0	3.0	4.0	3.0	4.0	3.0	4.0	1.0	2.0	2.0	3.0	3.0	3.00.0	0.0	0.0	0.0	0.0	0.0	1.0	0.0	0.0
	5p	-	30	1508.0	795.0	693.0	1380.0	4376.0	3.0	24.0	1.0	5.0	1.0	0.0	3.0	2.0	2.0	6.0	1.0	3.00.0	0.0	0.0	0.0	2.0	0.0	0.0	0.0	0.0
	5p	-	31	1449.0	714.0	638.0	1269.0	4070.0	1.0	10.0	1.0	3.0	2.0	0.0	1.0	0.0	2.0	1.0	2.0	1.00.0	0.0	0.0	0.0	3.0	0.0	0.0	0.0	0.0
	5p	-	32	1345.0	630.0	641.0	1213.0	3829.0	3.0	17.0	4.0	1.0	0.0	1.0	0.0	0.0	0.0	0.0	1.0	4.00.0	0.0	0.0	0.0	0.0	0.0	0.0	0.0	0.0
	5p	-	33	1232.0	648.0	628.0	1123.0	3631.0	3.0	15.0	1.0	0.0	0.0	1.0	0.0	0.0	0.0	1.0	0.0	0.00.0	0.0	0.0	0.0	1.0	0.0	0.0	0.0	0.0
	5p	-	34	1170.0	597.0	572.0	1111.0	3450.0	3.0	14.0	2.0	0.0	1.0	1.0	0.0	0.0	2.0	1.0	0.0	0.00.0	0.0	0.0	0.0	0.0	0.0	0.0	0.0	0.0
	5p	-	35	1117.0	549.0	591.0	1009.0	3266.0	0.0	18.0	1.0	3.0	1.0	0.0	1.0	2.0	2.0	0.0	0.0	2.00.0	0.0	0.0	0.0	2.0	0.0	0.0	0.0	0.0
	5p	-	36	1095.0	529.0	497.0	965.0	3086.0	1.0	20.0	2.0	2.0	0.0	0.0	1.0	2.0	0.0	2.0	0.0	0.00.0	0.0	0.0	0.0	2.0	0.0	0.0	0.0	0.0
	5p	-	37	1008.0	523.0	490.0	897.0	2918.0	2.0	14.0	3.0	1.0	1.0	0.0	0.0	0.0	1.0	1.0	0.0	5.00.0	0.0	0.0	0.0	0.0	0.0	0.0	1.0	0.0
	5p	-	38	978.0	520.0	417.0	841.0	2756.0	2.0	16.0	1.0	1.0	2.0	0.0	0.0	3.0	1.0	1.0	0.0	2.00.0	0.0	0.0	0.0	0.0	0.0	0.0	1.0	0.0
	5p	-	39	864.0	426.0	432.0	847.0	2569.0	0.0	10.0	0.0	2.0	0.0	0.0	0.0	0.0	1.0	0.0	0.0	1.00.0	0.0	0.0	0.0	0.0	0.0	0.0	0.0	0.0
	5p	-	40	844.0	409.0	401.0	751.0	2405.0	4.0	10.0	4.0	3.0	0.0	2.0	0.0	2.0	0.0	0.0	0.0	2.00.0	0.0	0.0	0.0	1.0	0.0	0.0	0.0	0.0
	5p	-	41	801.0	373.0	380.0	694.0	2248.0	1.0	15.0	2.0	0.0	0.0	1.0	0.0	1.0	0.0	0.0	1.0	1.00.0	0.0	0.0	0.0	0.0	0.0	0.0	0.0	0.0
	5p	-	42	759.0	345.0	345.0	655.0	2104.0	1.0	20.0	1.0	1.0	1.0	0.0	0.0	0.0	1.0	0.0	0.0	2.00.0	0.0	0.0	0.0	1.0	0.0	0.0	1.0	0.0
	5p	-	43	685.0	348.0	330.0	606.0	1969.0	2.0	20.0	0.0	1.0	0.0	1.0	0.0	1.0	0.0	2.0	0.0	2.00.0	0.0	0.0	0.0	0.0	0.0	0.0	1.0	0.0
	5p	-	44	652.0	328.0	290.0	544.0	1814.0	2.0	14.0	1.0	1.0	0.0	1.0	0.0	0.0	0.0	1.0	1.0	1.00.0	0.0	0.0	0.0	1.0	0.0	0.0	0.0	0.0
	5p	-	45	588.0	275.0	281.0	546.0	1690.0	4.0	17.0	1.0	2.0	2.0	1.0	0.0	1.0	0.0	0.0	0.0	0.00.0	0.0	0.0	0.0	0.0	0.0	0.0	0.0	0.0
	5p	-	46	553.0	288.0	227.0	518.0	1586.0	1.0	16.0	0.0	2.0	0.0	1.0	0.0	0.0	0.0	0.0	0.0	4.00.0	0.0	0.0	0.0	0.0	0.0	0.0	0.0	0.0
	5p	-	47	497.0	265.0	218.0	488.0	1468.0	4.0	7.0	0.0	2.0	0.0	0.0	0.0	0.0	1.0	1.0	0.0	1.00.0	0.0	0.0	0.0	2.0	0.0	0.0	0.0	0.0
	5p	-	48	479.0	234.0	201.0	452.0	1366.0	1.0	9.0	1.0	0.0	0.0	0.0	0.0	0.0	1.0	0.0	0.0	0.00.0	0.0	0.0	0.0	1.0	0.0	0.0	0.0	0.0
	5p	-	49	450.0	206.0	205.0	409.0	1270.0	0.0	10.0	2.0	2.0	0.0	0.0	0.0	1.0	1.0	2.0	0.0	0.00.0	0.0	0.0	0.0	1.0	0.0	0.0	0.0	0.0
	5p	-	50	391.0	198.0	190.0	397.0	1176.0	1.0	5.0	1.0	2.0	0.0	1.0	0.0	0.0	0.0	0.0	0.0	2.00.0	0.0	0.0	0.0	1.0	0.0	0.0	0.0	0.0
	5p	-	51	367.0	199.0	182.0	343.0	1091.0	0.0	8.0	0.0	2.0	0.0	1.0	0.0	1.0	0.0	4.0	0.0	3.00.0	0.0	0.0	0.0	0.0	0.0	0.0	0.0	0.0
	5p	-	52	349.0	170.0	148.0	327.0	994.0	0.0	7.0	0.0	1.0	0.0	2.0	0.0	1.0	1.0	3.0	0.0	0.00.0	0.0	0.0	0.0	1.0	0.0	0.0	0.0	0.0
	5p	-	53	321.0	145.0	141.0	307.0	914.0	0.0	8.0	0.0	0.0	2.0	2.0	0.0	0.0	0.0	0.0	0.0	1.00.0	0.0	0.0	0.0	0.0	0.0	0.0	0.0	0.0
	5p	-	54	305.0	142.0	134.0	248.0	829.0	0.0	4.0	0.0	0.0	1.0	1.0	1.0	0.0	1.0	0.0	0.0	0.00.0	0.0	0.0	0.0	1.0	0.0	0.0	0.0	0.0
	5p	-	55	265.0	117.0	123.0	268.0	773.0	0.0	5.0	1.0	0.0	0.0	1.0	0.0	0.0	0.0	0.0	0.0	0.00.0	0.0	0.0	0.0	0.0	0.0	0.0	0.0	0.0
	5p	-	56	245.0	111.0	128.0	235.0	719.0	0.0	7.0	1.0	1.0	1.0	0.0	0.0	0.0	0.0	1.0	0.0	0.00.0	0.0	0.0	0.0	0.0	0.0	0.0	0.0	0.0
	5p	-	57	198.0	127.0	93.0	231.0	649.0	1.0	4.0	1.0	0.0	1.0	1.0	0.0	1.0	0.0	0.0	0.0	0.00.0	0.0	0.0	0.0	0.0	0.0	0.0	0.0	0.0
	5p	-	58	216.0	111.0	78.0	185.0	590.0	0.0	6.0	0.0	1.0	0.0	0.0	0.0	1.0	0.0	0.0	0.0	0.00.0	0.0	0.0	0.0	0.0	0.0	0.0	0.0	0.0
	5p	-	59	184.0	95.0	94.0	171.0	544.0	0.0	3.0	0.0	0.0	0.0	0.0	0.0	0.0	2.0	1.0	0.0	2.00.0	0.0	0.0	0.0	0.0	0.0	0.0	0.0	0.0
	5p	-	60	172.0	75.0	81.0	165.0	493.0	0.0	2.0	1.0	0.0	0.0	1.0	0.0	0.0	0.0	1.0	0.0	2.00.0	0.0	0.0	0.0	1.0	0.0	0.0	0.0	0.0
	5p	-	61	147.0	65.0	79.0	157.0	448.0	1.0	5.0	0.0	0.0	0.0	1.0	0.0	0.0	0.0	0.0	1.0	1.00.0	0.0	0.0	0.0	0.0	0.0	0.0	0.0	0.0
	5p	-	62	147.0	65.0	68.0	125.0	405.0	0.0	4.0	0.0	1.0	0.0	2.0	0.0	1.0	0.0	0.0	0.0	0.00.0	0.0	0.0	0.0	0.0	0.0	0.0	0.0	0.0
	5p	-	63	137.0	64.0	54.0	111.0	366.0	1.0	2.0	1.0	0.0	1.0	1.0	0.0	0.0	0.0	0.0	0.0	0.00.0	0.0	0.0	0.0	0.0	0.0	0.0	0.0	0.0
	5p	-	64	109.0	59.0	60.0	114.0	342.0	1.0	4.0	0.0	0.0	0.0	1.0	0.0	0.0	0.0	0.0	0.0	1.00.0	0.0	0.0	0.0	0.0	0.0	0.0	0.0	0.0
	5p	-	65	101.0	56.0	60.0	99.0	316.0	1.0	3.0	0.0	0.0	0.0	0.0	0.0	1.0	0.0	1.0	0.0	2.00.0	0.0	0.0	0.0	0.0	0.0	0.0	0.0	0.0
	5p	-	66	101.0	55.0	44.0	88.0	288.0	0.0	5.0	0.0	0.0	0.0	0.0	0.0	0.0	0.0	0.0	0.0	0.00.0	0.0	0.0	0.0	0.0	0.0	0.0	0.0	0.0
	5p	-	67	105.0	40.0	38.0	80.0	263.0	1.0	3.0	0.0	0.0	0.0	0.0	0.0	0.0	0.0	0.0	0.0	1.00.0	0.0	0.0	0.0	0.0	0.0	1.0	0.0	0.0
	5p	-	68	75.0	38.0	46.0	82.0	241.0	0.0	4.0	1.0	0.0	0.0	1.0	0.0	0.0	0.0	0.0	0.0	0.00.0	0.0	0.0	0.0	1.0	0.0	0.0	0.0	0.0
	5p	-	69	87.0	27.0	42.0	63.0	219.0	0.0	3.0	0.0	0.0	0.0	0.0	0.0	0.0	0.0	0.0	0.0	0.00.0	0.0	0.0	0.0	0.0	0.0	0.0	0.0	0.0
	5p	-	70	73.0	35.0	28.0	61.0	197.0	0.0	2.0	0.0	0.0	0.0	0.0	0.0	0.0	1.0	0.0	0.0	1.00.0	0.0	0.0	0.0	0.0	0.0	0.0	1.0	0.0
	5p	-	71	51.0	34.0	38.0	57.0	180.0	0.0	2.0	1.0	0.0	0.0	0.0	0.0	0.0	0.0	0.0	0.0	0.00.0	0.0	0.0	0.0	1.0	0.0	0.0	1.0	0.0
	5p	-	72	63.0	25.0	28.0	52.0	168.0	0.0	2.0	0.0	0.0	0.0	0.0	0.0	0.0	0.0	0.0	0.0	0.00.0	0.0	0.0	0.0	0.0	0.0	0.0	1.0	0.0
	5p	-	73	48.0	34.0	25.0	49.0	156.0	0.0	0.0	0.0	1.0	0.0	0.0	0.0	0.0	0.0	0.0	0.0	0.00.0	0.0	0.0	0.0	0.0	0.0	0.0	0.0	0.0
	5p	-	74	46.0	29.0	26.0	47.0	148.0	0.0	2.0	0.0	0.0	0.0	0.0	0.0	0.0	0.0	0.0	0.0	0.00.0	0.0	0.0	0.0	0.0	0.0	0.0	0.0	0.0
	5p	-	75	49.0	23.0	17.0	43.0	132.0	0.0	2.0	0.0	0.0	1.0	0.0	0.0	0.0	1.0	0.0	0.0	0.00.0	0.0	0.0	0.0	0.0	0.0	0.0	0.0	0.0
	5p	-	76	41.0	15.0	25.0	38.0	119.0	0.0	2.0	0.0	0.0	1.0	0.0	0.0	0.0	0.0	0.0	0.0	0.00.0	0.0	0.0	0.0	0.0	0.0	0.0	0.0	0.0
	5p	-	77	31.0	21.0	19.0	30.0	101.0	1.0	1.0	1.0	0.0	0.0	0.0	0.0	0.0	0.0	0.0	0.0	0.00.0	0.0	0.0	0.0	0.0	0.0	0.0	0.0	0.0
	5p	-	78	39.0	16.0	9.0	28.0	92.0	0.0	1.0	0.0	0.0	0.0	0.0	0.0	0.0	0.0	0.0	0.0	0.00.0	0.0	0.0	0.0	0.0	0.0	0.0	0.0	0.0
	5p	-	79	26.0	14.0	17.0	21.0	78.0	0.0	3.0	0.0	0.0	0.0	0.0	0.0	0.0	0.0	0.0	0.0	0.00.0	0.0	0.0	0.0	0.0	0.0	0.0	0.0	0.0
	5p	-	80	25.0	14.0	13.0	19.0	71.0	0.0	1.0	0.0	0.0	0.0	0.0	0.0	0.0	0.0	0.0	0.0	2.00.0	0.0	0.0	0.0	0.0	0.0	0.0	0.0	0.0
	5p	-	81	21.0	7.0	10.0	23.0	61.0	0.0	1.0	0.0	0.0	0.0	0.0	0.0	1.0	0.0	0.0	0.0	0.00.0	0.0	0.0	0.0	0.0	0.0	0.0	0.0	0.0
	5p	-	82	22.0	12.0	8.0	18.0	60.0	0.0	1.0	0.0	0.0	0.0	0.0	0.0	0.0	0.0	0.0	0.0	1.00.0	0.0	0.0	0.0	0.0	0.0	0.0	0.0	0.0
	5p	-	83	16.0	7.0	8.0	22.0	53.0	0.0	1.0	0.0	0.0	0.0	0.0	0.0	0.0	0.0	0.0	0.0	0.00.0	0.0	0.0	0.0	0.0	0.0	0.0	0.0	0.0
	5p	-	84	16.0	9.0	7.0	18.0	50.0	0.0	1.0	0.0	0.0	0.0	0.0	0.0	0.0	0.0	0.0	0.0	0.00.0	0.0	0.0	0.0	0.0	0.0	0.0	0.0	0.0
	5p	-	85	13.0	5.0	5.0	12.0	35.0	0.0	0.0	0.0	0.0	0.0	0.0	0.0	0.0	0.0	0.0	0.0	0.00.0	0.0	0.0	0.0	0.0	0.0	0.0	0.0	0.0
	5p	-	86	11.0	2.0	5.0	14.0	32.0	0.0	2.0	0.0	0.0	0.0	0.0	0.0	0.0	0.0	0.0	0.0	0.00.0	0.0	0.0	0.0	0.0	0.0	0.0	0.0	0.0
	5p	-	87	6.0	7.0	5.0	7.0	25.0	0.0	0.0	0.0	0.0	0.0	0.0	0.0	0.0	0.0	0.0	0.0	0.00.0	0.0	0.0	0.0	0.0	0.0	0.0	0.0	0.0
	5p	-	88	9.0	2.0	3.0	8.0	22.0	0.0	0.0	0.0	0.0	0.0	0.0	0.0	0.0	0.0	0.0	0.0	0.00.0	0.0	0.0	0.0	0.0	0.0	0.0	0.0	0.0
	5p	-	89	8.0	2.0	1.0	8.0	19.0	0.0	0.0	0.0	0.0	0.0	0.0	0.0	0.0	0.0	0.0	0.0	0.00.0	0.0	0.0	0.0	0.0	0.0	0.0	0.0	0.0
	5p	-	90	9.0	1.0	0.0	3.0	13.0	0.0	0.0	0.0	0.0	0.0	0.0	0.0	0.0	0.0	0.0	0.0	0.00.0	0.0	0.0	0.0	0.0	0.0	0.0	0.0	0.0
	5p	-	91	4.0	3.0	0.0	3.0	10.0	0.0	2.0	0.0	0.0	0.0	0.0	0.0	0.0	0.0	0.0	0.0	0.00.0	0.0	0.0	0.0	0.0	0.0	0.0	0.0	0.0
	5p	-	92	0.0	0.0	0.0	0.0	0.0	0.0	0.0	0.0	0.0	0.0	0.0	0.0	0.0	0.0	0.0	0.0	0.00.0	0.0	0.0	0.0	0.0	0.0	0.0	0.0	0.0
	5p	-	93	0.0	0.0	0.0	0.0	0.0	0.0	0.0	0.0	0.0	0.0	0.0	0.0	0.0	0.0	0.0	0.0	0.00.0	0.0	0.0	0.0	0.0	0.0	0.0	0.0	0.0
	5p	-	94	0.0	0.0	0.0	0.0	0.0	0.0	0.0	0.0	0.0	0.0	0.0	0.0	0.0	0.0	0.0	0.0	0.00.0	0.0	0.0	0.0	0.0	0.0	0.0	0.0	0.0
	5p	-	95	0.0	0.0	0.0	0.0	0.0	0.0	0.0	0.0	0.0	0.0	0.0	0.0	0.0	0.0	0.0	0.0	0.00.0	0.0	0.0	0.0	0.0	0.0	0.0	0.0	0.0
	5p	-	96	0.0	0.0	0.0	0.0	0.0	0.0	0.0	0.0	0.0	0.0	0.0	0.0	0.0	0.0	0.0	0.0	0.00.0	0.0	0.0	0.0	0.0	0.0	0.0	0.0	0.0
	5p	-	97	0.0	0.0	0.0	0.0	0.0	0.0	0.0	0.0	0.0	0.0	0.0	0.0	0.0	0.0	0.0	0.0	0.00.0	0.0	0.0	0.0	0.0	0.0	0.0	0.0	0.0
	5p	-	98	0.0	0.0	0.0	0.0	0.0	0.0	0.0	0.0	0.0	0.0	0.0	0.0	0.0	0.0	0.0	0.0	0.00.0	0.0	0.0	0.0	0.0	0.0	0.0	0.0	0.0
	5p	-	99	0.0	0.0	0.0	0.0	0.0	0.0	0.0	0.0	0.0	0.0	0.0	0.0	0.0	0.0	0.0	0.0	0.00.0	0.0	0.0	0.0	0.0	0.0	0.0	0.0	0.0
	5p	-	100	0.0	0.0	0.0	0.0	0.0	0.0	0.0	0.0	0.0	0.0	0.0	0.0	0.0	0.0	0.0	0.0	0.00.0	0.0	0.0	0.0	0.0	0.0	0.0	0.0	0.0
