# table produced by DamageProfiler
# using mapped file ScA001.BuffaloCape_Human_nc.Target.rmdup.noMicro.bam
# Sample ID: ScA001.BuffaloCape_Human_nc.Target.rmdup.noMicro.bam
Pos	C>T	G>A	A>C	A>G	A>T	C>A	C>G	G>C	G>T	T>A	T>C	T>G	->ACGT	ACGT>-
0	0.029761	0.022543	0.005168	0.017684	0.015423	0.010159	0.008156	0.003955	0.020961	0.019749	0.005981	0.004627	0.000000	0.000000
1	0.016581	0.011700	0.003534	0.007863	0.006891	0.007083	0.002898	0.000949	0.013123	0.009645	0.004875	0.002544	0.000000	0.000000
2	0.008732	0.006086	0.001185	0.003555	0.003099	0.004366	0.001656	0.002341	0.007335	0.003669	0.002698	0.001511	0.000120	0.000000
3	0.006337	0.003598	0.001108	0.002953	0.001108	0.002063	0.000884	0.002249	0.003898	0.002002	0.003003	0.001780	0.000240	0.000000
4	0.007095	0.003860	0.001031	0.003374	0.000562	0.002114	0.001661	0.001039	0.004157	0.001189	0.002487	0.000757	0.000150	0.000000
5	0.006640	0.003710	0.000958	0.003258	0.001342	0.001207	0.000604	0.002077	0.002968	0.001266	0.003588	0.000633	0.000180	0.000000
6	0.005761	0.003334	0.000744	0.002140	0.000279	0.001668	0.000758	0.001818	0.003940	0.000214	0.002787	0.000322	0.000210	0.000000
7	0.006299	0.003039	0.000818	0.001908	0.000182	0.001102	0.000472	0.002127	0.003799	0.001500	0.002356	0.000107	0.000301	0.000000
8	0.004887	0.004010	0.000454	0.002360	0.000635	0.001577	0.000631	0.002622	0.003547	0.000530	0.002439	0.001060	0.000210	0.000000
9	0.007806	0.003669	0.000459	0.002848	0.000735	0.001717	0.000781	0.001223	0.005809	0.000424	0.001907	0.000318	0.000421	0.000000
10	0.006335	0.003698	0.000917	0.002751	0.000459	0.000927	0.001082	0.002311	0.002928	0.000957	0.002765	0.000744	0.000421	0.000000
11	0.006747	0.003707	0.000647	0.001850	0.000925	0.001073	0.000613	0.002008	0.004171	0.000528	0.002852	0.000634	0.000240	0.000000
12	0.005418	0.005159	0.000829	0.002670	0.000460	0.002477	0.000619	0.002814	0.003595	0.001047	0.002093	0.000837	0.000210	0.000000
13	0.005694	0.004539	0.000551	0.002664	0.000643	0.000769	0.000616	0.001252	0.003756	0.000526	0.002527	0.000526	0.000481	0.000000
14	0.005244	0.003936	0.000463	0.002870	0.000741	0.001696	0.001388	0.001889	0.003463	0.000934	0.002284	0.000415	0.000391	0.000000
15	0.006204	0.002712	0.001285	0.002569	0.000642	0.001551	0.000465	0.001276	0.003509	0.001036	0.002590	0.001036	0.000481	0.000000
16	0.003565	0.005536	0.000645	0.002489	0.000645	0.001860	0.000465	0.001740	0.005378	0.001141	0.003215	0.001141	0.000391	0.000000
17	0.006887	0.004066	0.000656	0.002810	0.000375	0.000612	0.001224	0.001877	0.004379	0.000518	0.002694	0.000725	0.000571	0.000000
18	0.004761	0.002699	0.000465	0.002511	0.000930	0.001229	0.000614	0.001905	0.003970	0.000619	0.003610	0.001238	0.000451	0.000000
19	0.005521	0.003454	0.000741	0.002684	0.001018	0.000920	0.001073	0.001256	0.003768	0.000731	0.002506	0.000522	0.000481	0.000000
20	0.007321	0.003735	0.000737	0.002304	0.001198	0.001246	0.001090	0.001245	0.004202	0.000627	0.002300	0.000836	0.000541	0.000000
21	0.006151	0.004300	0.000557	0.002877	0.000835	0.000769	0.000923	0.001274	0.005574	0.001545	0.002472	0.000412	0.000391	0.000000
22	0.005786	0.004437	0.000919	0.002022	0.000735	0.001370	0.000761	0.002219	0.005071	0.001155	0.001786	0.000840	0.000210	0.000000
23	0.003633	0.003627	0.000464	0.001670	0.000649	0.001211	0.000757	0.001261	0.003784	0.001048	0.002201	0.000943	0.000271	0.000000
24	0.005094	0.004667	0.000729	0.002187	0.000820	0.002316	0.001544	0.001245	0.004823	0.001065	0.002874	0.000852	0.000301	0.000000
