# table produced by DamageProfiler
# using mapped file PaA004.BuffaloCape_Human_nc.Target.rmdup.noMicro_SCR_004.bam
# Sample ID: PaA004.BuffaloCape_Human_nc.Target.rmdup.noMicro_SCR_004.bam
Pos	C>T	G>A	A>C	A>G	A>T	C>A	C>G	G>C	G>T	T>A	T>C	T>G	->ACGT	ACGT>-
0	0.030055	0.026866	0.017094	0.014245	0.022792	0.051913	0.021858	0.032836	0.014925	0.053708	0.020460	0.020460	0.000000	0.000000
1	0.024615	0.044164	0.009682	0.017981	0.020747	0.033846	0.024615	0.025237	0.031546	0.032710	0.018692	0.025701	0.000558	0.000000
2	0.014205	0.033670	0.019100	0.019100	0.010914	0.005682	0.017045	0.047138	0.016835	0.029484	0.034398	0.027027	0.002795	0.000000
3	0.027855	0.027692	0.016129	0.016129	0.008798	0.033426	0.008357	0.024615	0.015385	0.021226	0.028302	0.033019	0.002235	0.000000
4	0.005882	0.023026	0.026125	0.023222	0.018868	0.008824	0.005882	0.036184	0.042763	0.026895	0.024450	0.009780	0.013777	0.000000
5	0.021472	0.032468	0.018433	0.023041	0.019969	0.009202	0.018405	0.012987	0.009740	0.013575	0.011312	0.031674	0.023741	0.000000
6	0.031250	0.019108	0.010558	0.018100	0.019608	0.031250	0.011364	0.015924	0.015924	0.036496	0.029197	0.024331	0.014943	0.000000
7	0.018809	0.030100	0.013850	0.016620	0.018006	0.040752	0.015674	0.033445	0.020067	0.028205	0.038462	0.020513	0.018497	0.000000
8	0.020067	0.039735	0.017016	0.020942	0.010471	0.023411	0.020067	0.052980	0.023179	0.027248	0.035422	0.029973	0.019630	0.000000
9	0.029126	0.027875	0.012179	0.016238	0.012179	0.025890	0.035599	0.013937	0.010453	0.032099	0.024691	0.017284	0.014943	0.000000
10	0.021944	0.030612	0.014865	0.020270	0.020270	0.037618	0.018809	0.013605	0.027211	0.023196	0.020619	0.018041	0.015508	0.000000
11	0.019355	0.036667	0.013812	0.022099	0.012431	0.022581	0.045161	0.030000	0.010000	0.042394	0.022444	0.017456	0.014409	0.000000
12	0.024922	0.027119	0.018893	0.016194	0.009447	0.024922	0.031153	0.016949	0.010169	0.025907	0.012953	0.018135	0.011474	0.000000
13	0.023891	0.018051	0.013369	0.014706	0.021390	0.023891	0.013652	0.021661	0.014440	0.050481	0.009615	0.021635	0.015571	0.000000
14	0.039216	0.041237	0.023066	0.027137	0.018996	0.035948	0.026144	0.027491	0.030928	0.045000	0.012500	0.017500	0.016724	0.000000
15	0.012539	0.039007	0.011765	0.016176	0.020588	0.025078	0.028213	0.017730	0.017730	0.013636	0.022727	0.015909	0.023823	0.000000
16	0.019048	0.021429	0.015493	0.022535	0.008451	0.022222	0.019048	0.021429	0.025000	0.042254	0.014085	0.035211	0.017909	0.000000
17	0.026316	0.022951	0.014599	0.011679	0.004380	0.032895	0.006579	0.019672	0.016393	0.020548	0.018265	0.027397	0.019053	0.000000
18	0.018462	0.032680	0.017341	0.015896	0.021676	0.021538	0.012308	0.009804	0.022876	0.029925	0.022444	0.032419	0.019722	0.000000
19	0.016026	0.027211	0.011220	0.014025	0.021038	0.022436	0.028846	0.017007	0.017007	0.035129	0.023419	0.016393	0.014891	0.000000
20	0.026578	0.031847	0.011952	0.025232	0.017264	0.029900	0.013289	0.015924	0.012739	0.041096	0.021918	0.016438	0.016734	0.000000
21	0.006826	0.037037	0.010512	0.013141	0.013141	0.023891	0.023891	0.023569	0.006734	0.020888	0.015666	0.015666	0.017878	0.000000
22	0.022388	0.037037	0.016414	0.013889	0.007576	0.026119	0.018657	0.006734	0.006734	0.039683	0.023810	0.018519	0.015562	0.000000
23	0.016447	0.047970	0.004866	0.012165	0.015815	0.052632	0.023026	0.025830	0.018450	0.034286	0.022857	0.020000	0.012593	0.000000
24	0.031142	0.050633	0.007585	0.015171	0.016435	0.027682	0.038062	0.022152	0.015823	0.039437	0.014085	0.014085	0.010851	0.000000
