# table produced by DamageProfiler
# using mapped file PaA004.BuffaloCape_Human_nc.Target.rmdup.noMicro_SCR_004.bam
# Sample ID: PaA004.BuffaloCape_Human_nc.Target.rmdup.noMicro_SCR_004.bam
Chr	End	Std	Pos	A	C	G	T	Total
	3p	+	1	411	182	154	155	902
	3p	+	2	332	233	134	203	902
	3p	+	3	363	189	179	171	902
	3p	+	4	401	153	157	191	902
	3p	+	5	409	146	135	212	902
	3p	+	6	418	152	161	171	902
	3p	+	7	427	151	153	171	902
	3p	+	8	420	140	145	197	902
	3p	+	9	370	166	188	178	902
	3p	+	10	388	163	159	192	902
	3p	+	11	358	162	165	217	902
	3p	+	12	351	182	164	205	902
	3p	+	13	344	174	160	224	902
	3p	+	14	344	176	159	223	902
	3p	+	15	353	175	153	221	902
	3p	+	16	359	185	141	217	902
	3p	+	17	359	178	152	213	902
	3p	+	18	375	169	177	181	902
	3p	+	19	375	168	167	192	902
	3p	+	20	385	165	158	194	902
	3p	+	21	372	172	163	195	902
	3p	+	22	379	155	158	210	902
	3p	+	23	370	180	152	200	902
	3p	+	24	348	175	168	211	902
	3p	+	25	337	192	173	200	902
	3p	+	26	317	175	177	233	902
	3p	+	27	347	184	166	205	902
	3p	+	28	356	205	146	195	902
	3p	+	29	380	184	136	202	902
	3p	+	30	359	184	182	177	902
	3p	+	31	174	90	66	104	434
	3p	+	32	100	39	39	59	237
	3p	+	33	77	35	11	31	154
	3p	+	34	39	26	22	29	116
	3p	+	35	41	17	14	31	103
	3p	+	36	30	16	18	20	84
	3p	+	37	25	23	12	17	77
	3p	+	38	22	15	16	20	73
	3p	+	39	26	12	13	17	68
	3p	+	40	20	13	12	20	65
	3p	+	41	22	10	15	16	63
	3p	+	42	20	12	12	15	59
	3p	+	43	20	8	9	19	56
	3p	+	44	21	8	10	14	53
	3p	+	45	23	10	5	11	49
	3p	+	46	16	8	11	12	47
	3p	+	47	17	6	13	10	46
	3p	+	48	13	8	5	16	42
	3p	+	49	12	8	8	14	42
	3p	+	50	14	5	10	12	41
	3p	+	51	12	13	2	12	39
	3p	+	52	10	10	6	11	37
	3p	+	53	10	6	6	15	37
	3p	+	54	8	8	7	11	34
	3p	+	55	9	7	6	9	31
	3p	+	56	7	11	3	9	30
	3p	+	57	9	5	6	8	28
	3p	+	58	7	5	3	11	26
	3p	+	59	7	6	3	9	25
	3p	+	60	9	4	8	3	24
	3p	+	61	11	4	1	7	23
	3p	+	62	11	5	2	5	23
	3p	+	63	8	6	4	2	20
	3p	+	64	6	4	3	7	20
	3p	+	65	6	4	1	8	19
	3p	+	66	5	1	1	7	14
	3p	+	67	5	4	0	5	14
	3p	+	68	4	4	1	3	12
	3p	+	69	7	2	0	3	12
	3p	+	70	3	1	2	4	10
	3p	+	71	1	5	1	3	10
	3p	+	72	1	1	3	5	10
	3p	+	73	5	2	0	3	10
	3p	+	74	2	4	3	1	10
	3p	+	75	5	0	0	4	9
	3p	+	76	4	1	0	4	9
	3p	+	77	5	1	1	2	9
	3p	+	78	1	0	2	5	8
	3p	+	79	4	1	1	1	7
	3p	+	80	2	0	3	2	7
	3p	+	81	5	0	2	0	7
	3p	+	82	4	2	1	0	7
	3p	+	83	3	1	0	3	7
	3p	+	84	2	1	2	2	7
	3p	+	85	1	2	2	1	6
	3p	+	86	2	0	1	3	6
	3p	+	87	0	1	2	3	6
	3p	+	88	2	1	0	3	6
	3p	+	89	2	0	1	3	6
	3p	+	90	3	1	0	2	6
	3p	+	91	0	2	2	2	6
	3p	+	92	1	1	2	2	6
	3p	+	93	3	1	1	1	6
	3p	+	94	2	1	0	3	6
	3p	+	95	2	3	1	0	6
	3p	+	96	2	2	1	1	6
	3p	+	97	2	3	0	1	6
	3p	+	98	3	2	1	0	6
	3p	+	99	2	0	3	1	6
	3p	+	100	2	1	3	0	6
	3p	-	1	426	160	141	165	892
	3p	-	2	313	245	157	177	892
	3p	-	3	409	159	161	163	892
	3p	-	4	407	158	119	208	892
	3p	-	5	399	147	161	185	892
	3p	-	6	420	139	163	170	892
	3p	-	7	419	132	155	186	892
	3p	-	8	419	150	146	177	892
	3p	-	9	398	159	138	197	892
	3p	-	10	399	154	157	182	892
	3p	-	11	378	145	168	201	892
	3p	-	12	384	168	155	185	892
	3p	-	13	367	161	168	196	892
	3p	-	14	352	169	160	211	892
	3p	-	15	364	158	162	208	892
	3p	-	16	371	160	129	232	892
	3p	-	17	367	153	171	201	892
	3p	-	18	374	154	145	219	892
	3p	-	19	360	162	169	201	892
	3p	-	20	357	166	152	217	892
	3p	-	21	379	152	166	195	892
	3p	-	22	367	148	179	198	892
	3p	-	23	370	181	142	199	892
	3p	-	24	378	157	144	213	892
	3p	-	25	336	167	170	219	892
	3p	-	26	352	196	130	214	892
	3p	-	27	334	173	176	209	892
	3p	-	28	367	176	158	191	892
	3p	-	29	345	172	168	207	892
	3p	-	30	358	161	168	205	892
	3p	-	31	167	87	80	106	440
	3p	-	32	110	40	36	52	238
	3p	-	33	60	32	16	38	146
	3p	-	34	33	24	21	32	110
	3p	-	35	31	25	15	24	95
	3p	-	36	26	17	17	20	80
	3p	-	37	37	11	10	17	75
	3p	-	38	13	18	10	22	63
	3p	-	39	21	16	5	14	56
	3p	-	40	15	8	13	15	51
	3p	-	41	15	9	7	16	47
	3p	-	42	13	10	11	12	46
	3p	-	43	11	12	9	10	42
	3p	-	44	14	5	10	10	39
	3p	-	45	9	11	7	9	36
	3p	-	46	11	3	6	12	32
	3p	-	47	10	7	7	7	31
	3p	-	48	11	3	4	13	31
	3p	-	49	5	8	10	8	31
	3p	-	50	8	8	2	10	28
	3p	-	51	4	12	5	6	27
	3p	-	52	11	4	7	5	27
	3p	-	53	10	8	2	7	27
	3p	-	54	13	7	3	3	26
	3p	-	55	10	4	4	8	26
	3p	-	56	7	5	5	6	23
	3p	-	57	8	6	3	6	23
	3p	-	58	7	3	7	6	23
	3p	-	59	7	6	2	5	20
	3p	-	60	5	5	5	5	20
	3p	-	61	7	3	3	7	20
	3p	-	62	9	3	4	4	20
	3p	-	63	7	3	4	5	19
	3p	-	64	3	5	3	6	17
	3p	-	65	5	3	2	4	14
	3p	-	66	5	5	1	3	14
	3p	-	67	5	5	2	2	14
	3p	-	68	4	3	2	4	13
	3p	-	69	1	3	3	6	13
	3p	-	70	4	3	2	4	13
	3p	-	71	4	4	2	3	13
	3p	-	72	3	2	4	3	12
	3p	-	73	2	6	2	2	12
	3p	-	74	4	1	3	4	12
	3p	-	75	5	5	0	2	12
	3p	-	76	4	3	2	2	11
	3p	-	77	5	4	2	0	11
	3p	-	78	3	2	3	3	11
	3p	-	79	2	1	3	5	11
	3p	-	80	3	3	2	2	10
	3p	-	81	3	1	3	3	10
	3p	-	82	2	2	0	6	10
	3p	-	83	5	3	0	1	9
	3p	-	84	2	0	3	3	8
	3p	-	85	0	4	0	4	8
	3p	-	86	3	0	3	2	8
	3p	-	87	3	2	2	1	8
	3p	-	88	3	1	2	2	8
	3p	-	89	1	2	3	1	7
	3p	-	90	4	1	1	1	7
	3p	-	91	2	1	1	2	6
	3p	-	92	4	0	0	2	6
	3p	-	93	2	0	1	3	6
	3p	-	94	1	3	1	1	6
	3p	-	95	3	1	1	0	5
	3p	-	96	1	1	1	2	5
	3p	-	97	1	0	1	2	4
	3p	-	98	0	0	2	2	4
	3p	-	99	1	1	1	1	4
	3p	-	100	1	1	0	2	4
	5p	+	1	368	179	172	183	902
	5p	+	2	376	162	155	209	902
	5p	+	3	375	204	143	180	902
	5p	+	4	339	187	158	218	902
	5p	+	5	317	188	168	229	902
	5p	+	6	316	194	181	211	902
	5p	+	7	337	192	169	204	902
	5p	+	8	370	173	169	190	902
	5p	+	9	380	183	147	192	902
	5p	+	10	362	174	163	203	902
	5p	+	11	372	165	157	208	902
	5p	+	12	367	165	173	197	902
	5p	+	13	381	179	156	186	902
	5p	+	14	375	161	146	220	902
	5p	+	15	364	164	160	214	902
	5p	+	16	347	180	150	225	902
	5p	+	17	371	165	154	212	902
	5p	+	18	337	163	166	236	902
	5p	+	19	352	183	161	206	902
	5p	+	20	355	168	154	225	902
	5p	+	21	374	167	157	204	902
	5p	+	22	385	156	167	194	902
	5p	+	23	388	148	176	190	902
	5p	+	24	432	162	149	159	902
	5p	+	25	424	153	151	174	902
	5p	+	26	403	162	143	194	902
	5p	+	27	405	150	152	195	902
	5p	+	28	370	185	174	173	902
	5p	+	29	350	199	154	199	902
	5p	+	30	390	195	160	157	902
	5p	+	31	187	83	62	102	434
	5p	+	32	102	48	32	55	237
	5p	+	33	70	32	24	28	154
	5p	+	34	45	32	15	24	116
	5p	+	35	46	23	11	23	103
	5p	+	36	29	13	14	28	84
	5p	+	37	33	11	12	21	77
	5p	+	38	29	15	12	17	73
	5p	+	39	28	14	6	20	68
	5p	+	40	21	15	13	16	65
	5p	+	41	22	15	12	14	63
	5p	+	42	19	14	13	13	59
	5p	+	43	20	11	11	14	56
	5p	+	44	18	12	10	13	53
	5p	+	45	17	12	7	13	49
	5p	+	46	17	5	10	15	47
	5p	+	47	15	9	10	12	46
	5p	+	48	15	10	8	9	42
	5p	+	49	12	13	6	11	42
	5p	+	50	10	13	5	13	41
	5p	+	51	13	8	8	10	39
	5p	+	52	14	7	4	12	37
	5p	+	53	12	5	8	12	37
	5p	+	54	12	6	10	6	34
	5p	+	55	12	3	7	9	31
	5p	+	56	12	3	11	4	30
	5p	+	57	7	2	9	10	28
	5p	+	58	10	5	3	8	26
	5p	+	59	9	7	4	5	25
	5p	+	60	7	8	3	6	24
	5p	+	61	10	4	4	5	23
	5p	+	62	6	8	3	6	23
	5p	+	63	5	3	6	6	20
	5p	+	64	5	4	3	8	20
	5p	+	65	7	4	2	6	19
	5p	+	66	5	4	3	2	14
	5p	+	67	4	3	2	5	14
	5p	+	68	2	1	5	4	12
	5p	+	69	5	2	1	4	12
	5p	+	70	4	1	1	4	10
	5p	+	71	3	3	4	0	10
	5p	+	72	3	2	0	5	10
	5p	+	73	2	3	4	1	10
	5p	+	74	2	3	3	2	10
	5p	+	75	3	0	3	3	9
	5p	+	76	3	0	2	4	9
	5p	+	77	6	1	1	1	9
	5p	+	78	3	2	1	2	8
	5p	+	79	5	1	1	0	7
	5p	+	80	2	2	1	2	7
	5p	+	81	0	2	2	3	7
	5p	+	82	4	0	1	2	7
	5p	+	83	1	1	2	3	7
	5p	+	84	2	2	1	2	7
	5p	+	85	1	1	1	3	6
	5p	+	86	3	0	1	2	6
	5p	+	87	3	0	1	2	6
	5p	+	88	3	2	0	1	6
	5p	+	89	3	2	0	1	6
	5p	+	90	2	1	2	1	6
	5p	+	91	1	2	0	3	6
	5p	+	92	3	0	1	2	6
	5p	+	93	0	1	3	2	6
	5p	+	94	1	1	1	3	6
	5p	+	95	1	1	2	2	6
	5p	+	96	2	0	1	3	6
	5p	+	97	2	1	1	2	6
	5p	+	98	2	1	1	2	6
	5p	+	99	2	0	0	4	6
	5p	+	100	0	1	4	1	6
	5p	-	1	345	180	164	203	892
	5p	-	2	352	159	162	219	892
	5p	-	3	349	179	156	208	892
	5p	-	4	347	179	174	192	892
	5p	-	5	354	200	140	198	892
	5p	-	6	329	162	159	242	892
	5p	-	7	340	173	165	214	892
	5p	-	8	363	173	149	207	892
	5p	-	9	391	155	170	176	892
	5p	-	10	385	144	158	205	892
	5p	-	11	369	168	156	199	892
	5p	-	12	369	162	155	206	892
	5p	-	13	365	158	159	210	892
	5p	-	14	383	148	155	206	892
	5p	-	15	376	157	151	208	892
	5p	-	16	346	159	154	233	892
	5p	-	17	357	171	159	205	892
	5p	-	18	370	162	154	206	892
	5p	-	19	348	168	170	206	892
	5p	-	20	367	163	157	205	892
	5p	-	21	384	156	180	172	892
	5p	-	22	388	155	150	199	892
	5p	-	23	418	140	149	185	892
	5p	-	24	416	148	133	195	892
	5p	-	25	390	135	173	194	892
	5p	-	26	414	152	145	181	892
	5p	-	27	415	143	137	197	892
	5p	-	28	412	159	156	165	892
	5p	-	29	359	195	158	180	892
	5p	-	30	380	190	157	165	892
	5p	-	31	206	82	66	86	440
	5p	-	32	104	46	38	50	238
	5p	-	33	67	25	25	29	146
	5p	-	34	43	13	22	32	110
	5p	-	35	46	20	15	14	95
	5p	-	36	38	15	5	22	80
	5p	-	37	35	18	11	11	75
	5p	-	38	26	11	10	16	63
	5p	-	39	18	13	10	15	56
	5p	-	40	13	10	11	17	51
	5p	-	41	17	11	6	13	47
	5p	-	42	13	9	9	15	46
	5p	-	43	11	11	10	10	42
	5p	-	44	16	11	2	10	39
	5p	-	45	10	7	6	13	36
	5p	-	46	14	9	5	4	32
	5p	-	47	13	7	1	10	31
	5p	-	48	12	10	6	3	31
	5p	-	49	9	8	6	8	31
	5p	-	50	9	8	2	9	28
	5p	-	51	9	6	2	10	27
	5p	-	52	6	6	7	8	27
	5p	-	53	11	4	7	5	27
	5p	-	54	7	9	5	5	26
	5p	-	55	8	5	9	4	26
	5p	-	56	4	7	6	6	23
	5p	-	57	8	5	6	4	23
	5p	-	58	11	8	2	2	23
	5p	-	59	7	5	4	4	20
	5p	-	60	4	6	4	6	20
	5p	-	61	8	4	4	4	20
	5p	-	62	5	8	5	2	20
	5p	-	63	4	3	5	7	19
	5p	-	64	2	5	6	4	17
	5p	-	65	7	3	0	4	14
	5p	-	66	5	4	1	4	14
	5p	-	67	5	1	4	4	14
	5p	-	68	4	5	0	4	13
	5p	-	69	5	2	1	5	13
	5p	-	70	4	4	2	3	13
	5p	-	71	5	2	4	2	13
	5p	-	72	5	4	2	1	12
	5p	-	73	2	4	2	4	12
	5p	-	74	3	4	4	1	12
	5p	-	75	3	3	3	3	12
	5p	-	76	5	1	1	4	11
	5p	-	77	1	1	4	5	11
	5p	-	78	4	2	1	4	11
	5p	-	79	4	3	1	3	11
	5p	-	80	3	1	1	5	10
	5p	-	81	3	4	1	2	10
	5p	-	82	2	2	2	4	10
	5p	-	83	2	2	2	3	9
	5p	-	84	4	1	1	2	8
	5p	-	85	3	3	0	2	8
	5p	-	86	5	0	2	1	8
	5p	-	87	5	1	1	1	8
	5p	-	88	4	2	0	2	8
	5p	-	89	1	2	1	3	7
	5p	-	90	1	1	3	2	7
	5p	-	91	0	3	0	3	6
	5p	-	92	1	1	2	2	6
	5p	-	93	3	1	1	1	6
	5p	-	94	3	2	0	1	6
	5p	-	95	2	0	2	1	5
	5p	-	96	2	1	0	2	5
	5p	-	97	0	0	1	3	4
	5p	-	98	1	0	1	2	4
	5p	-	99	0	1	1	2	4
	5p	-	100	1	0	1	2	4
