# table produced by DamageProfiler
# using mapped file PaA009.BuffaloCape_Human_nc.Target.rmdup.noMicro.bam
# Sample ID: PaA009.BuffaloCape_Human_nc.Target.rmdup.noMicro.bam
Pos	C>T	G>A	A>C	A>G	A>T	C>A	C>G	G>C	G>T	T>A	T>C	T>G	->ACGT	ACGT>-
24	0.027682	0.042105	0.004695	0.007042	0.009390	0.013841	0.003460	0.000000	0.010526	0.000000	0.015228	0.005076	0.003587	0.000000
23	0.039088	0.021739	0.000000	0.007519	0.007519	0.006515	0.006515	0.007246	0.014493	0.002410	0.014458	0.002410	0.002863	0.000000
22	0.026316	0.022989	0.006652	0.011086	0.002217	0.003759	0.015038	0.003831	0.003831	0.004773	0.023866	0.007160	0.002147	0.000000
21	0.027586	0.022305	0.002320	0.018561	0.002320	0.013793	0.000000	0.011152	0.011152	0.004902	0.017157	0.009804	0.001431	0.000000
20	0.024055	0.040741	0.007389	0.007389	0.000000	0.003436	0.013746	0.007407	0.007407	0.000000	0.018561	0.006961	0.001431	0.000000
19	0.030000	0.043796	0.002433	0.017032	0.004866	0.006667	0.016667	0.007299	0.010949	0.012136	0.014563	0.004854	0.001432	0.000000
18	0.035484	0.012195	0.009615	0.024038	0.009615	0.006452	0.003226	0.004065	0.012195	0.002358	0.014151	0.004717	0.002149	0.000000
17	0.035714	0.040323	0.002331	0.004662	0.002331	0.007143	0.007143	0.004032	0.008065	0.006849	0.015982	0.004566	0.003584	0.000000
16	0.037671	0.020080	0.002179	0.008715	0.006536	0.006849	0.013699	0.004016	0.012048	0.007595	0.007595	0.005063	0.002151	0.000000
15	0.026490	0.033333	0.008909	0.020045	0.004454	0.003311	0.000000	0.018519	0.007407	0.005291	0.018519	0.002646	0.000715	0.000000
14	0.046980	0.021352	0.002451	0.019608	0.007353	0.010067	0.010067	0.007117	0.010676	0.007299	0.024331	0.002433	0.000715	0.000000
13	0.019293	0.010909	0.000000	0.007500	0.005000	0.009646	0.012862	0.014545	0.003636	0.009756	0.017073	0.009756	0.002149	0.000000
12	0.020690	0.014706	0.002475	0.012376	0.002475	0.006897	0.000000	0.003676	0.022059	0.006961	0.025522	0.006961	0.002147	0.000000
11	0.026316	0.034965	0.007059	0.021176	0.002353	0.003759	0.000000	0.000000	0.017483	0.000000	0.019048	0.007143	0.001432	0.000000
10	0.007042	0.040741	0.016166	0.013857	0.004619	0.014085	0.003521	0.003704	0.014815	0.012107	0.014528	0.004843	0.000000	0.000000
9	0.018051	0.027344	0.006696	0.011161	0.000000	0.000000	0.007220	0.007813	0.003906	0.002392	0.019139	0.007177	0.001430	0.000000
8	0.027451	0.023256	0.009050	0.009050	0.002262	0.003922	0.000000	0.007752	0.007752	0.002257	0.013544	0.006772	0.001431	0.000000
7	0.043165	0.025735	0.006224	0.020747	0.008299	0.010791	0.000000	0.007353	0.007353	0.002717	0.016304	0.013587	0.000000	0.000000
6	0.014870	0.017857	0.000000	0.006550	0.008734	0.014870	0.003717	0.014286	0.010714	0.002551	0.025510	0.010204	0.000715	0.000000
5	0.025926	0.022222	0.004032	0.010081	0.000000	0.003704	0.003704	0.007407	0.018519	0.002747	0.010989	0.005495	0.000714	0.000000
4	0.022140	0.006993	0.006466	0.019397	0.004310	0.014760	0.003690	0.003497	0.013986	0.005263	0.010526	0.015789	0.000000	0.000000
3	0.007463	0.013986	0.006397	0.017058	0.002132	0.007463	0.018657	0.010490	0.017483	0.002646	0.023810	0.007937	0.000000	0.000000
2	0.031949	0.032847	0.008565	0.019272	0.002141	0.003195	0.009585	0.000000	0.010949	0.011527	0.028818	0.000000	0.000000	0.000000
1	0.012658	0.059649	0.011385	0.011385	0.005693	0.022152	0.009494	0.007018	0.003509	0.007326	0.058608	0.014652	0.000000	0.000000
0	0.045045	0.061475	0.000000	0.008834	0.007067	0.027027	0.004505	0.004098	0.012295	0.013550	0.027100	0.008130	0.000000	0.000000
