# table produced by DamageProfiler
# using mapped file PaA009.BuffaloCape_Human_nc.Target.rmdup.noMicro.bam
# Sample ID: PaA009.BuffaloCape_Human_nc.Target.rmdup.noMicro.bam
Pos	C>T	G>A	A>C	A>G	A>T	C>A	C>G	G>C	G>T	T>A	T>C	T>G	->ACGT	ACGT>-
0	0.024725	0.030769	0.006397	0.021322	0.008529	0.021978	0.010989	0.011538	0.011538	0.029221	0.035714	0.000000	0.000000	0.000000
1	0.016340	0.028455	0.006369	0.019108	0.006369	0.009804	0.000000	0.004065	0.032520	0.007937	0.023810	0.013228	0.000000	0.000000
2	0.019231	0.026923	0.013216	0.022026	0.011013	0.009615	0.012821	0.000000	0.015385	0.002667	0.024000	0.008000	0.000000	0.000000
3	0.033898	0.031359	0.013453	0.022422	0.008969	0.006780	0.006780	0.006969	0.006969	0.005391	0.029650	0.008086	0.000000	0.000000
4	0.025237	0.032895	0.009756	0.012195	0.012195	0.009464	0.006309	0.003289	0.009868	0.008197	0.024590	0.008197	0.001432	0.000000
5	0.032374	0.014184	0.006961	0.027842	0.004640	0.010791	0.003597	0.007092	0.003546	0.005038	0.025189	0.000000	0.006484	0.000000
6	0.039711	0.021818	0.002427	0.021845	0.002427	0.003610	0.007220	0.014545	0.010909	0.002304	0.016129	0.002304	0.000715	0.000000
7	0.018727	0.025735	0.004396	0.019780	0.006593	0.014981	0.014981	0.014706	0.014706	0.009950	0.027363	0.009950	0.002865	0.000000
8	0.016556	0.019763	0.006438	0.012876	0.000000	0.013245	0.003311	0.007905	0.007905	0.002660	0.026596	0.000000	0.000716	0.000000
9	0.035336	0.033898	0.002179	0.017429	0.000000	0.003534	0.000000	0.000000	0.016949	0.002381	0.014286	0.007143	0.001431	0.000000
10	0.029304	0.026119	0.011933	0.016706	0.002387	0.007326	0.010989	0.003731	0.018657	0.002278	0.020501	0.011390	0.000000	0.000000
11	0.013889	0.017668	0.004630	0.006944	0.006944	0.003472	0.003472	0.007067	0.007067	0.002525	0.020202	0.005051	0.000715	0.000000
12	0.027875	0.037594	0.009877	0.022222	0.007407	0.003484	0.003484	0.000000	0.003759	0.002283	0.018265	0.002283	0.002149	0.000000
13	0.026846	0.052846	0.002375	0.019002	0.007126	0.006711	0.010067	0.008130	0.012195	0.006928	0.018476	0.000000	0.001431	0.000000
14	0.017606	0.016892	0.004739	0.016588	0.002370	0.010563	0.000000	0.006757	0.016892	0.012594	0.007557	0.002519	0.000715	0.000000
15	0.030717	0.032000	0.008696	0.019565	0.008696	0.006826	0.000000	0.008000	0.008000	0.005051	0.010101	0.000000	0.001430	0.000000
16	0.029630	0.007937	0.000000	0.015590	0.006682	0.011111	0.018519	0.007937	0.007937	0.011765	0.023529	0.004706	0.002149	0.000000
17	0.034483	0.030534	0.005038	0.017632	0.002519	0.006897	0.006897	0.015267	0.003817	0.006711	0.017897	0.006711	0.000716	0.000000
18	0.017857	0.030418	0.009324	0.018648	0.002331	0.000000	0.003571	0.015209	0.015209	0.009390	0.007042	0.002347	0.000000	0.000000
19	0.036765	0.026415	0.002336	0.021028	0.004673	0.011029	0.000000	0.007547	0.007547	0.000000	0.011655	0.006993	0.002152	0.000000
20	0.038462	0.030888	0.004598	0.013793	0.002299	0.003497	0.010490	0.007722	0.011583	0.002392	0.014354	0.004785	0.000715	0.000000
21	0.030717	0.045977	0.009324	0.013986	0.006993	0.003413	0.006826	0.011494	0.011494	0.004831	0.021739	0.000000	0.002147	0.000000
22	0.033457	0.049470	0.007009	0.016355	0.004673	0.011152	0.003717	0.007067	0.003534	0.004773	0.028640	0.002387	0.000000	0.000000
23	0.026936	0.012000	0.000000	0.015385	0.000000	0.006734	0.000000	0.012000	0.008000	0.007519	0.032581	0.005013	0.000000	0.000000
24	0.018182	0.032847	0.000000	0.020455	0.004545	0.010909	0.010909	0.007299	0.010949	0.000000	0.012255	0.012255	0.001432	0.000000
