# table produced by DamageProfiler
# using mapped file RxA006.ReedbuckBh_Human_nc.Target.rmdup.noMicro.bam
# Sample ID: RxA006.ReedbuckBh_Human_nc.Target.rmdup.noMicro.bam
Pos	C>T	G>A	A>C	A>G	A>T	C>A	C>G	G>C	G>T	T>A	T>C	T>G	->ACGT	ACGT>-
24	0.029412	0.029412	0.025974	0.038961	0.025974	0.014706	0.000000	0.014706	0.000000	0.000000	0.035714	0.000000	0.000000	0.000000
23	0.024096	0.050847	0.011236	0.033708	0.000000	0.012048	0.012048	0.000000	0.000000	0.011236	0.022472	0.000000	0.009375	0.000000
22	0.036145	0.000000	0.020619	0.010309	0.000000	0.012048	0.024096	0.016667	0.016667	0.036585	0.024390	0.012195	0.012422	0.000000
21	0.011236	0.030769	0.000000	0.000000	0.000000	0.011236	0.011236	0.000000	0.030769	0.014085	0.014085	0.042254	0.006192	0.000000
20	0.013889	0.000000	0.010870	0.032609	0.010870	0.000000	0.000000	0.000000	0.018868	0.000000	0.019231	0.019231	0.015576	0.000000
19	0.000000	0.000000	0.011364	0.022727	0.011364	0.000000	0.013333	0.025974	0.012987	0.000000	0.023810	0.011905	0.000000	0.000000
18	0.014493	0.017544	0.000000	0.030612	0.000000	0.000000	0.000000	0.000000	0.000000	0.000000	0.029703	0.000000	0.003077	0.000000
17	0.039474	0.014706	0.000000	0.020000	0.010000	0.013158	0.000000	0.014706	0.014706	0.000000	0.026667	0.013333	0.018809	0.000000
16	0.000000	0.016393	0.000000	0.021277	0.031915	0.000000	0.012987	0.032787	0.016393	0.022222	0.022222	0.022222	0.009317	0.000000
15	0.000000	0.016949	0.010101	0.000000	0.010101	0.011905	0.000000	0.000000	0.016949	0.000000	0.037037	0.012346	0.009288	0.000000
14	0.034483	0.000000	0.009524	0.009524	0.000000	0.000000	0.034483	0.015873	0.000000	0.010309	0.030928	0.010309	0.003096	0.000000
13	0.000000	0.025974	0.000000	0.023529	0.000000	0.015152	0.015152	0.000000	0.000000	0.010638	0.000000	0.021277	0.012422	0.000000
12	0.025000	0.017544	0.009901	0.029703	0.029703	0.012500	0.012500	0.052632	0.035088	0.012346	0.012346	0.000000	0.018809	0.000000
11	0.000000	0.074627	0.000000	0.010000	0.030000	0.000000	0.000000	0.000000	0.014925	0.000000	0.025316	0.000000	0.018868	0.000000
10	0.037975	0.054545	0.011765	0.011765	0.000000	0.025316	0.012658	0.000000	0.000000	0.018868	0.018868	0.000000	0.003077	0.000000
9	0.011765	0.000000	0.000000	0.087912	0.021978	0.023529	0.000000	0.016393	0.032787	0.000000	0.023810	0.000000	0.015576	0.000000
8	0.025000	0.015625	0.021505	0.000000	0.010753	0.000000	0.012500	0.000000	0.000000	0.000000	0.011628	0.000000	0.009288	0.000000
7	0.015873	0.032787	0.000000	0.028037	0.000000	0.000000	0.015873	0.016393	0.032787	0.010753	0.000000	0.000000	0.000000	0.000000
6	0.000000	0.016129	0.000000	0.019608	0.009804	0.012658	0.000000	0.000000	0.016129	0.012658	0.025316	0.025316	0.012422	0.000000
5	0.041096	0.014706	0.000000	0.018868	0.009434	0.041096	0.000000	0.014706	0.000000	0.000000	0.000000	0.000000	0.009317	0.000000
4	0.014925	0.032787	0.008929	0.017857	0.008929	0.014925	0.014925	0.000000	0.000000	0.011628	0.023256	0.000000	0.000000	0.000000
3	0.043478	0.045455	0.009434	0.000000	0.009434	0.000000	0.014493	0.045455	0.030303	0.023810	0.047619	0.011905	0.000000	0.000000
2	0.000000	0.035294	0.000000	0.032258	0.000000	0.025974	0.051948	0.035294	0.011765	0.042254	0.028169	0.000000	0.000000	0.000000
1	0.010526	0.066667	0.019417	0.009709	0.009709	0.010526	0.000000	0.050000	0.016667	0.014706	0.014706	0.014706	0.000000	0.000000
0	0.071429	0.035088	0.036364	0.009091	0.000000	0.014286	0.014286	0.017544	0.017544	0.000000	0.033708	0.000000	0.000000	0.000000
