# table produced by DamageProfiler
# using mapped file RxA006.ReedbuckBh_Human_nc.Target.rmdup.noMicro.bam
# Sample ID: RxA006.ReedbuckBh_Human_nc.Target.rmdup.noMicro.bam
Chr	End	Std	Pos	A	C	G	T	Total
	3p	+	1	56	33	26	49	164
	3p	+	2	51	54	26	33	164
	3p	+	3	48	40	37	39	164
	3p	+	4	60	35	31	38	164
	3p	+	5	60	31	29	44	164
	3p	+	6	62	31	33	38	164
	3p	+	7	56	39	31	38	164
	3p	+	8	50	33	30	51	164
	3p	+	9	46	42	33	43	164
	3p	+	10	45	42	32	45	164
	3p	+	11	48	40	23	53	164
	3p	+	12	56	41	27	40	164
	3p	+	13	49	39	31	45	164
	3p	+	14	47	31	39	47	164
	3p	+	15	51	28	35	50	164
	3p	+	16	50	42	31	41	164
	3p	+	17	51	47	30	36	164
	3p	+	18	52	39	33	40	164
	3p	+	19	46	35	33	50	164
	3p	+	20	41	43	32	48	164
	3p	+	21	44	37	27	56	164
	3p	+	22	53	45	29	37	164
	3p	+	23	42	46	30	46	164
	3p	+	24	44	40	26	54	164
	3p	+	25	38	35	32	59	164
	3p	+	26	46	40	38	40	164
	3p	+	27	44	37	30	53	164
	3p	+	28	58	36	34	36	164
	3p	+	29	51	35	29	49	164
	3p	+	30	52	32	29	51	164
	3p	+	31	47	31	24	34	136
	3p	+	32	26	39	29	32	126
	3p	+	33	34	23	25	39	121
	3p	+	34	36	27	28	28	119
	3p	+	35	34	35	19	29	117
	3p	+	36	33	26	25	30	114
	3p	+	37	34	30	20	29	113
	3p	+	38	34	22	17	37	110
	3p	+	39	29	22	23	35	109
	3p	+	40	29	16	30	32	107
	3p	+	41	32	21	20	33	106
	3p	+	42	29	27	23	27	106
	3p	+	43	29	24	20	32	105
	3p	+	44	33	28	18	26	105
	3p	+	45	26	28	22	28	104
	3p	+	46	33	19	21	31	104
	3p	+	47	36	22	19	26	103
	3p	+	48	36	18	14	30	98
	3p	+	49	28	28	21	21	98
	3p	+	50	25	17	19	36	97
	3p	+	51	31	30	19	16	96
	3p	+	52	27	21	18	30	96
	3p	+	53	22	17	23	32	94
	3p	+	54	32	12	21	29	94
	3p	+	55	38	13	15	26	92
	3p	+	56	23	30	19	20	92
	3p	+	57	34	18	17	23	92
	3p	+	58	23	14	23	31	91
	3p	+	59	33	14	20	24	91
	3p	+	60	29	18	14	29	90
	3p	+	61	26	26	19	19	90
	3p	+	62	25	19	22	23	89
	3p	+	63	30	20	14	25	89
	3p	+	64	25	17	13	32	87
	3p	+	65	24	19	18	25	86
	3p	+	66	26	13	20	26	85
	3p	+	67	25	16	17	25	83
	3p	+	68	23	11	25	22	81
	3p	+	69	30	18	9	23	80
	3p	+	70	21	21	17	20	79
	3p	+	71	17	19	16	26	78
	3p	+	72	26	17	17	18	78
	3p	+	73	26	13	12	25	76
	3p	+	74	22	10	18	25	75
	3p	+	75	17	18	20	20	75
	3p	+	76	22	12	19	19	72
	3p	+	77	25	15	12	19	71
	3p	+	78	23	14	16	18	71
	3p	+	79	24	14	14	17	69
	3p	+	80	20	18	13	15	66
	3p	+	81	22	14	9	21	66
	3p	+	82	23	12	14	17	66
	3p	+	83	25	14	15	12	66
	3p	+	84	25	12	15	13	65
	3p	+	85	28	11	9	16	64
	3p	+	86	15	21	13	14	63
	3p	+	87	19	12	10	21	62
	3p	+	88	19	10	8	22	59
	3p	+	89	20	15	10	14	59
	3p	+	90	10	15	15	19	59
	3p	+	91	20	4	12	21	57
	3p	+	92	15	14	10	17	56
	3p	+	93	15	17	11	13	56
	3p	+	94	15	11	17	12	55
	3p	+	95	21	10	14	9	54
	3p	+	96	15	11	11	15	52
	3p	+	97	14	14	10	12	50
	3p	+	98	17	9	9	13	48
	3p	+	99	16	12	7	13	48
	3p	+	100	12	12	14	9	47
	3p	-	1	52	38	29	43	162
	3p	-	2	54	45	28	35	162
	3p	-	3	50	36	48	28	162
	3p	-	4	50	38	29	45	162
	3p	-	5	52	36	33	41	162
	3p	-	6	46	38	36	42	162
	3p	-	7	49	41	34	38	162
	3p	-	8	57	29	30	46	162
	3p	-	9	46	38	33	45	162
	3p	-	10	39	46	35	42	162
	3p	-	11	43	36	31	52	162
	3p	-	12	46	35	38	43	162
	3p	-	13	52	42	26	42	162
	3p	-	14	41	33	44	44	162
	3p	-	15	54	31	31	46	162
	3p	-	16	50	46	28	38	162
	3p	-	17	42	34	33	53	162
	3p	-	18	50	37	37	38	162
	3p	-	19	51	36	26	49	162
	3p	-	20	43	36	46	37	162
	3p	-	21	44	38	33	47	162
	3p	-	22	49	44	36	33	162
	3p	-	23	58	38	32	34	162
	3p	-	24	47	44	34	37	162
	3p	-	25	35	37	36	54	162
	3p	-	26	41	36	36	49	162
	3p	-	27	54	32	25	51	162
	3p	-	28	46	47	32	37	162
	3p	-	29	48	36	28	50	162
	3p	-	30	47	42	28	45	162
	3p	-	31	42	30	19	36	127
	3p	-	32	32	20	23	37	112
	3p	-	33	30	22	20	31	103
	3p	-	34	19	34	25	24	102
	3p	-	35	30	16	21	34	101
	3p	-	36	24	25	23	27	99
	3p	-	37	27	24	19	26	96
	3p	-	38	30	19	15	32	96
	3p	-	39	23	21	23	28	95
	3p	-	40	30	19	18	26	93
	3p	-	41	25	22	21	24	92
	3p	-	42	26	21	17	27	91
	3p	-	43	32	18	12	27	89
	3p	-	44	25	22	18	22	87
	3p	-	45	21	23	19	23	86
	3p	-	46	28	18	18	21	85
	3p	-	47	26	16	13	29	84
	3p	-	48	26	22	11	22	81
	3p	-	49	24	20	17	19	80
	3p	-	50	29	11	16	21	77
	3p	-	51	20	12	16	29	77
	3p	-	52	25	17	14	19	75
	3p	-	53	26	21	10	18	75
	3p	-	54	21	21	13	20	75
	3p	-	55	24	15	10	24	73
	3p	-	56	19	14	17	23	73
	3p	-	57	19	19	14	21	73
	3p	-	58	31	12	16	14	73
	3p	-	59	22	17	15	19	73
	3p	-	60	20	15	11	26	72
	3p	-	61	21	19	7	24	71
	3p	-	62	20	20	15	13	68
	3p	-	63	18	16	18	16	68
	3p	-	64	25	15	13	15	68
	3p	-	65	20	16	17	15	68
	3p	-	66	22	16	10	19	67
	3p	-	67	18	16	11	21	66
	3p	-	68	16	13	14	20	63
	3p	-	69	17	13	15	17	62
	3p	-	70	16	16	10	18	60
	3p	-	71	18	14	14	13	59
	3p	-	72	13	13	19	12	57
	3p	-	73	20	6	12	18	56
	3p	-	74	13	7	14	20	54
	3p	-	75	19	9	10	15	53
	3p	-	76	17	14	8	13	52
	3p	-	77	12	9	12	16	49
	3p	-	78	15	8	6	19	48
	3p	-	79	16	9	10	13	48
	3p	-	80	21	9	3	14	47
	3p	-	81	10	19	12	6	47
	3p	-	82	14	10	9	13	46
	3p	-	83	15	8	7	16	46
	3p	-	84	15	6	7	16	44
	3p	-	85	17	6	8	11	42
	3p	-	86	13	5	7	17	42
	3p	-	87	9	8	9	11	37
	3p	-	88	13	6	6	12	37
	3p	-	89	8	9	5	14	36
	3p	-	90	11	8	5	12	36
	3p	-	91	13	7	3	12	35
	3p	-	92	13	7	6	9	35
	3p	-	93	18	6	3	8	35
	3p	-	94	13	6	6	8	33
	3p	-	95	7	7	9	10	33
	3p	-	96	8	8	5	12	33
	3p	-	97	8	8	8	8	32
	3p	-	98	10	8	7	7	32
	3p	-	99	12	7	3	10	32
	3p	-	100	6	9	10	6	31
	5p	+	1	60	37	28	39	164
	5p	+	2	51	35	39	39	164
	5p	+	3	61	34	29	40	164
	5p	+	4	46	49	23	46	164
	5p	+	5	34	52	38	40	164
	5p	+	6	48	39	36	41	164
	5p	+	7	42	43	29	50	164
	5p	+	8	59	36	26	43	164
	5p	+	9	53	37	25	49	164
	5p	+	10	49	45	30	40	164
	5p	+	11	47	40	28	49	164
	5p	+	12	53	38	29	44	164
	5p	+	13	44	49	29	42	164
	5p	+	14	58	38	26	42	164
	5p	+	15	51	36	34	43	164
	5p	+	16	54	36	29	45	164
	5p	+	17	42	42	33	47	164
	5p	+	18	60	41	25	38	164
	5p	+	19	53	36	32	43	164
	5p	+	20	49	42	29	44	164
	5p	+	21	59	44	22	39	164
	5p	+	22	52	33	33	46	164
	5p	+	23	51	31	26	56	164
	5p	+	24	42	35	36	51	164
	5p	+	25	50	37	31	46	164
	5p	+	26	53	44	33	34	164
	5p	+	27	44	36	33	51	164
	5p	+	28	49	42	21	52	164
	5p	+	29	57	45	23	39	164
	5p	+	30	49	41	28	46	164
	5p	+	31	36	34	27	39	136
	5p	+	32	44	27	20	35	126
	5p	+	33	29	28	22	42	121
	5p	+	34	34	25	25	35	119
	5p	+	35	32	34	17	34	117
	5p	+	36	43	23	15	33	114
	5p	+	37	32	25	28	28	113
	5p	+	38	27	28	19	36	110
	5p	+	39	36	24	20	29	109
	5p	+	40	26	25	26	30	107
	5p	+	41	29	23	18	36	106
	5p	+	42	26	28	19	33	106
	5p	+	43	33	21	19	32	105
	5p	+	44	37	24	11	33	105
	5p	+	45	25	24	19	36	104
	5p	+	46	35	20	21	28	104
	5p	+	47	31	20	22	30	103
	5p	+	48	23	24	21	30	98
	5p	+	49	32	22	15	29	98
	5p	+	50	30	19	20	28	97
	5p	+	51	34	17	18	27	96
	5p	+	52	33	21	18	24	96
	5p	+	53	28	18	17	31	94
	5p	+	54	24	25	19	26	94
	5p	+	55	33	20	17	22	92
	5p	+	56	25	19	18	30	92
	5p	+	57	26	17	17	32	92
	5p	+	58	29	17	15	30	91
	5p	+	59	26	21	20	24	91
	5p	+	60	25	13	22	30	90
	5p	+	61	36	17	16	21	90
	5p	+	62	34	16	15	24	89
	5p	+	63	34	18	17	20	89
	5p	+	64	22	19	14	32	87
	5p	+	65	30	22	14	20	86
	5p	+	66	27	15	20	23	85
	5p	+	67	22	13	30	18	83
	5p	+	68	22	21	18	20	81
	5p	+	69	30	17	7	26	80
	5p	+	70	20	21	15	23	79
	5p	+	71	22	25	13	18	78
	5p	+	72	19	13	20	26	78
	5p	+	73	22	23	10	21	76
	5p	+	74	25	13	14	23	75
	5p	+	75	20	13	29	13	75
	5p	+	76	24	13	7	28	72
	5p	+	77	24	10	16	21	71
	5p	+	78	27	14	16	14	71
	5p	+	79	17	10	20	22	69
	5p	+	80	19	10	20	17	66
	5p	+	81	24	16	11	15	66
	5p	+	82	24	13	14	15	66
	5p	+	83	23	10	13	20	66
	5p	+	84	17	10	22	16	65
	5p	+	85	20	14	12	18	64
	5p	+	86	20	13	12	18	63
	5p	+	87	22	15	15	10	62
	5p	+	88	20	14	4	21	59
	5p	+	89	18	10	8	23	59
	5p	+	90	23	10	8	18	59
	5p	+	91	18	13	11	15	57
	5p	+	92	11	15	10	20	56
	5p	+	93	19	18	9	10	56
	5p	+	94	16	13	10	16	55
	5p	+	95	15	17	9	13	54
	5p	+	96	19	13	7	13	52
	5p	+	97	16	9	12	13	50
	5p	+	98	13	8	18	9	48
	5p	+	99	12	14	10	12	48
	5p	+	100	17	10	10	10	47
	5p	-	1	44	47	41	30	162
	5p	-	2	56	30	29	47	162
	5p	-	3	47	47	24	44	162
	5p	-	4	42	47	32	41	162
	5p	-	5	40	51	25	46	162
	5p	-	6	41	47	28	46	162
	5p	-	7	45	37	37	43	162
	5p	-	8	56	40	35	31	162
	5p	-	9	55	37	28	42	162
	5p	-	10	50	42	34	36	162
	5p	-	11	38	40	40	44	162
	5p	-	12	47	33	38	44	162
	5p	-	13	45	31	41	45	162
	5p	-	14	31	36	42	53	162
	5p	-	15	40	42	32	48	162
	5p	-	16	48	37	30	47	162
	5p	-	17	53	32	37	40	162
	5p	-	18	54	37	38	33	162
	5p	-	19	52	34	26	50	162
	5p	-	20	44	36	39	43	162
	5p	-	21	48	45	28	41	162
	5p	-	22	52	35	35	40	162
	5p	-	23	47	41	38	36	162
	5p	-	24	43	48	32	39	162
	5p	-	25	52	38	30	42	162
	5p	-	26	46	36	37	43	162
	5p	-	27	47	38	30	47	162
	5p	-	28	57	38	37	30	162
	5p	-	29	57	34	24	47	162
	5p	-	30	48	34	34	46	162
	5p	-	31	47	25	28	27	127
	5p	-	32	35	24	20	33	112
	5p	-	33	32	24	16	31	103
	5p	-	34	32	19	24	27	102
	5p	-	35	31	20	24	26	101
	5p	-	36	30	17	25	27	99
	5p	-	37	31	26	13	26	96
	5p	-	38	30	21	14	31	96
	5p	-	39	30	26	19	20	95
	5p	-	40	26	16	19	32	93
	5p	-	41	31	16	23	22	92
	5p	-	42	27	17	17	30	91
	5p	-	43	33	15	18	23	89
	5p	-	44	26	17	20	24	87
	5p	-	45	18	24	21	23	86
	5p	-	46	28	15	13	29	85
	5p	-	47	21	19	18	26	84
	5p	-	48	20	22	17	22	81
	5p	-	49	22	20	10	28	80
	5p	-	50	26	17	16	18	77
	5p	-	51	23	16	12	26	77
	5p	-	52	22	18	15	20	75
	5p	-	53	16	16	16	27	75
	5p	-	54	25	16	14	20	75
	5p	-	55	19	14	20	20	73
	5p	-	56	22	16	13	22	73
	5p	-	57	17	11	18	27	73
	5p	-	58	20	8	22	23	73
	5p	-	59	18	15	23	17	73
	5p	-	60	19	15	15	23	72
	5p	-	61	22	17	12	20	71
	5p	-	62	11	22	9	26	68
	5p	-	63	16	17	12	23	68
	5p	-	64	19	15	19	15	68
	5p	-	65	22	11	16	19	68
	5p	-	66	21	16	15	15	67
	5p	-	67	22	11	9	24	66
	5p	-	68	26	13	8	16	63
	5p	-	69	15	9	19	19	62
	5p	-	70	20	19	9	12	60
	5p	-	71	19	17	10	13	59
	5p	-	72	21	12	4	20	57
	5p	-	73	15	16	13	12	56
	5p	-	74	20	12	6	16	54
	5p	-	75	14	15	9	15	53
	5p	-	76	14	10	15	13	52
	5p	-	77	10	11	8	20	49
	5p	-	78	11	10	8	19	48
	5p	-	79	21	12	6	9	48
	5p	-	80	14	11	9	13	47
	5p	-	81	8	11	13	15	47
	5p	-	82	11	12	6	17	46
	5p	-	83	14	13	11	8	46
	5p	-	84	16	7	6	15	44
	5p	-	85	11	6	10	15	42
	5p	-	86	13	7	6	16	42
	5p	-	87	11	7	11	8	37
	5p	-	88	10	4	9	14	37
	5p	-	89	11	8	6	11	36
	5p	-	90	13	7	5	11	36
	5p	-	91	4	11	9	11	35
	5p	-	92	11	10	6	8	35
	5p	-	93	13	4	8	10	35
	5p	-	94	7	7	10	9	33
	5p	-	95	7	10	3	13	33
	5p	-	96	14	9	4	6	33
	5p	-	97	9	5	6	12	32
	5p	-	98	9	9	9	5	32
	5p	-	99	11	8	3	10	32
	5p	-	100	10	6	4	11	31
