# table produced by DamageProfiler
# using mapped file PcA019.ReedbuckBh_Human_nc.Target.rmdup.noMicro.bam
# Sample ID: PcA019.ReedbuckBh_Human_nc.Target.rmdup.noMicro.bam
Pos	C>T	G>A	A>C	A>G	A>T	C>A	C>G	G>C	G>T	T>A	T>C	T>G	->ACGT	ACGT>-
0	0.029126	0.041958	0.025352	0.022535	0.016901	0.009709	0.029126	0.027972	0.013986	0.023697	0.018957	0.014218	0.000000	0.000000
1	0.028571	0.027027	0.013333	0.013333	0.013333	0.040000	0.040000	0.021622	0.032432	0.023529	0.019608	0.011765	0.000000	0.000000
2	0.025381	0.024691	0.023649	0.010135	0.010135	0.030457	0.030457	0.037037	0.049383	0.023256	0.015504	0.027132	0.001095	0.000000
3	0.026316	0.025381	0.023026	0.019737	0.016447	0.015789	0.026316	0.005076	0.010152	0.022624	0.009050	0.022624	0.003289	0.000000
4	0.014423	0.031250	0.011029	0.025735	0.007353	0.033654	0.004808	0.018750	0.031250	0.008230	0.012346	0.020576	0.021518	0.000000
5	0.011299	0.026882	0.007722	0.027027	0.023166	0.028249	0.011299	0.005376	0.016129	0.014981	0.011236	0.026217	0.011249	0.000000
6	0.015228	0.012739	0.009901	0.023102	0.029703	0.020305	0.025381	0.031847	0.012739	0.031674	0.022624	0.018100	0.022779	0.000000
7	0.029557	0.045161	0.016234	0.019481	0.019481	0.019704	0.029557	0.032258	0.019355	0.013216	0.013216	0.013216	0.013438	0.000000
8	0.019231	0.023392	0.014085	0.014085	0.021127	0.019231	0.019231	0.029240	0.000000	0.040541	0.018018	0.018018	0.019209	0.000000
9	0.016304	0.025157	0.016129	0.006452	0.012903	0.027174	0.032609	0.050314	0.012579	0.013158	0.017544	0.017544	0.021566	0.000000
10	0.037037	0.017341	0.014286	0.028571	0.014286	0.005291	0.010582	0.023121	0.017341	0.008368	0.020921	0.020921	0.021566	0.000000
11	0.011494	0.019355	0.033898	0.020339	0.020339	0.011494	0.005747	0.025806	0.025806	0.023077	0.019231	0.026923	0.012443	0.000000
12	0.027322	0.017857	0.010753	0.039427	0.017921	0.038251	0.010929	0.011905	0.011905	0.012097	0.036290	0.020161	0.023918	0.000000
13	0.041026	0.013333	0.010239	0.020478	0.013652	0.020513	0.010256	0.006667	0.033333	0.017094	0.017094	0.017094	0.026376	0.000000
14	0.041176	0.037037	0.017301	0.024221	0.017301	0.023529	0.011765	0.012346	0.012346	0.022059	0.033088	0.033088	0.014558	0.000000
15	0.022222	0.028571	0.023026	0.013158	0.013158	0.033333	0.033333	0.011429	0.022857	0.012987	0.025974	0.021645	0.012360	0.000000
16	0.015707	0.040268	0.019355	0.022581	0.029032	0.031414	0.020942	0.000000	0.026846	0.029289	0.012552	0.008368	0.013498	0.000000
17	0.010638	0.036145	0.020000	0.016667	0.006667	0.026596	0.015957	0.024096	0.036145	0.008734	0.017467	0.017467	0.019253	0.000000
18	0.026178	0.023810	0.006993	0.017483	0.020979	0.026178	0.015707	0.011905	0.017857	0.028926	0.024793	0.008264	0.016911	0.000000
19	0.010526	0.046667	0.040678	0.030508	0.010169	0.021053	0.015789	0.040000	0.006667	0.008264	0.020661	0.016529	0.025086	0.000000
20	0.021739	0.055172	0.021944	0.034483	0.009404	0.048913	0.021739	0.048276	0.006897	0.017021	0.025532	0.012766	0.018120	0.000000
21	0.000000	0.034884	0.023569	0.013468	0.013468	0.015625	0.031250	0.005814	0.011628	0.035398	0.022124	0.013274	0.016911	0.000000
22	0.023256	0.041176	0.013468	0.023569	0.023569	0.017442	0.017442	0.017647	0.017647	0.028571	0.028571	0.004082	0.013575	0.000000
23	0.020942	0.043478	0.025723	0.009646	0.012862	0.005236	0.020942	0.037267	0.012422	0.004444	0.026667	0.013333	0.011261	0.000000
24	0.015306	0.049689	0.016611	0.009967	0.016611	0.030612	0.035714	0.031056	0.018634	0.012658	0.012658	0.016878	0.011173	0.000000
