# table produced by DamageProfiler
# using mapped file ScA047.BuffaloCape_Human_nc.Target.rmdup.noMicro.bam
# Sample ID: ScA047.BuffaloCape_Human_nc.Target.rmdup.noMicro.bam
Chr	End	Std	Pos	A	C	G	T	Total	G>A	C>T	A>G	T>C	A>C	A>T	C>G	C>A	T>G	T>A	G>C	G>T	A>-	T>-	C>-	G>-	->A	->T	->C	->G	S
	3p	+	1	162216.0	76943.0	64611.0	130326.0	434096.0	514.0	7668.0	358.0	419.0	220.0	352.0	98.0	435.0	168.0	239.0	99.0	392.0	0.0	0.0	0.0	0.0	0.0	0.0	0.0	0.0	0.0
	3p	+	2	155537.0	94970.0	72370.0	111219.0	434096.0	588.0	1326.0	352.0	404.0	249.0	220.0	103.0	228.0	151.0	195.0	169.0	325.0	0.0	0.0	0.0	0.0	0.0	0.0	0.0	0.0	0.0
	3p	+	3	148324.0	90256.0	79871.0	115644.0	434095.0	425.0	517.0	369.0	408.0	228.0	308.0	92.0	284.0	147.0	217.0	161.0	464.0	0.0	0.0	0.0	0.0	0.0	0.0	0.0	1.0	0.0
	3p	+	4	147564.0	88966.0	79967.0	117597.0	434094.0	395.0	535.0	301.0	393.0	197.0	262.0	115.0	225.0	117.0	171.0	119.0	416.0	0.0	0.0	0.0	0.0	1.0	0.0	0.0	1.0	0.0
	3p	+	5	148622.0	85962.0	81103.0	118402.0	434089.0	340.0	515.0	320.0	354.0	179.0	172.0	106.0	193.0	97.0	122.0	79.0	389.0	0.0	0.0	0.0	0.0	1.0	0.0	2.0	2.0	0.0
	3p	+	6	149902.0	84204.0	82926.0	117019.0	434051.0	337.0	401.0	321.0	307.0	171.0	214.0	95.0	185.0	126.0	120.0	91.0	395.0	0.0	0.0	0.0	0.0	9.0	0.0	12.0	12.0	0.0
	3p	+	7	145886.0	84608.0	83344.0	120209.0	434047.0	342.0	414.0	330.0	287.0	122.0	154.0	75.0	148.0	97.0	89.0	72.0	388.0	0.0	0.0	0.0	0.0	14.0	0.0	8.0	11.0	0.0
	3p	+	8	144312.0	83664.0	84358.0	121699.0	434033.0	286.0	376.0	334.0	256.0	129.0	144.0	96.0	146.0	103.0	90.0	77.0	322.0	0.0	0.0	0.0	0.0	17.0	0.0	13.0	12.0	0.0
	3p	+	9	142420.0	84818.0	84332.0	122453.0	434023.0	322.0	425.0	305.0	313.0	144.0	166.0	82.0	146.0	105.0	106.0	73.0	346.0	0.0	0.0	0.0	0.0	24.0	0.0	13.0	15.0	0.0
	3p	+	10	140549.0	86584.0	84241.0	122633.0	434007.0	302.0	454.0	289.0	276.0	120.0	129.0	91.0	164.0	103.0	77.0	68.0	354.0	0.0	0.0	0.0	0.0	27.0	0.0	21.0	14.0	0.0
	3p	+	11	139858.0	86945.0	84506.0	122697.0	434006.0	286.0	428.0	327.0	341.0	106.0	173.0	82.0	140.0	121.0	98.0	70.0	310.0	0.0	0.0	0.0	0.0	26.0	0.0	22.0	15.0	0.0
	3p	+	12	139316.0	87218.0	84901.0	122542.0	433977.0	298.0	432.0	325.0	342.0	119.0	188.0	88.0	124.0	93.0	92.0	71.0	340.0	0.0	0.0	0.0	0.0	49.0	0.0	16.0	22.0	0.0
	3p	+	13	138406.0	87584.0	84138.0	123837.0	433965.0	300.0	430.0	279.0	286.0	92.0	138.0	58.0	159.0	92.0	81.0	68.0	318.0	0.0	0.0	0.0	0.0	55.0	0.0	17.0	22.0	0.0
	3p	+	14	138969.0	87682.0	84317.0	122990.0	433958.0	315.0	430.0	333.0	293.0	121.0	123.0	73.0	134.0	90.0	97.0	86.0	330.0	0.0	0.0	0.0	0.0	52.0	0.0	25.0	20.0	0.0
	3p	+	15	139283.0	87594.0	84010.0	123070.0	433957.0	309.0	424.0	355.0	284.0	105.0	131.0	69.0	162.0	89.0	81.0	58.0	334.0	0.0	0.0	0.0	0.0	61.0	0.0	25.0	13.0	0.0
	3p	+	16	138759.0	87546.0	84269.0	123372.0	433946.0	320.0	419.0	345.0	284.0	115.0	121.0	73.0	122.0	82.0	79.0	62.0	352.0	0.0	0.0	0.0	0.0	63.0	0.0	23.0	17.0	0.0
	3p	+	17	138185.0	87594.0	84285.0	123857.0	433921.0	294.0	434.0	305.0	319.0	143.0	135.0	78.0	129.0	117.0	100.0	56.0	329.0	0.0	0.0	0.0	0.0	68.0	0.0	25.0	23.0	0.0
	3p	+	18	138227.0	87090.0	84631.0	123985.0	433933.0	290.0	407.0	313.0	311.0	102.0	156.0	82.0	120.0	88.0	78.0	77.0	317.0	0.0	0.0	0.0	0.0	74.0	0.0	22.0	17.0	0.0
	3p	+	19	137823.0	87753.0	84051.0	124281.0	433908.0	329.0	404.0	361.0	294.0	114.0	129.0	78.0	134.0	107.0	104.0	51.0	330.0	0.0	0.0	0.0	0.0	76.0	0.0	24.0	18.0	0.0
	3p	+	20	137540.0	87957.0	84543.0	123870.0	433910.0	293.0	430.0	341.0	312.0	132.0	122.0	73.0	130.0	105.0	95.0	77.0	317.0	0.0	0.0	0.0	0.0	95.0	0.0	20.0	22.0	0.0
	3p	+	21	137669.0	87761.0	84561.0	123922.0	433913.0	290.0	426.0	288.0	289.0	111.0	111.0	81.0	135.0	83.0	93.0	74.0	316.0	0.0	0.0	0.0	0.0	83.0	0.0	9.0	28.0	0.0
	3p	+	22	138123.0	87664.0	84664.0	123462.0	433913.0	295.0	439.0	303.0	283.0	119.0	117.0	60.0	131.0	91.0	82.0	68.0	343.0	0.0	0.0	0.0	0.0	88.0	0.0	24.0	20.0	0.0
	3p	+	23	138012.0	87387.0	85012.0	123511.0	433922.0	338.0	433.0	288.0	333.0	97.0	116.0	65.0	107.0	87.0	90.0	79.0	341.0	0.0	0.0	0.0	0.0	69.0	0.0	23.0	23.0	0.0
	3p	+	24	137912.0	87234.0	84840.0	123904.0	433890.0	312.0	442.0	281.0	310.0	123.0	108.0	72.0	109.0	108.0	84.0	62.0	330.0	0.0	0.0	0.0	0.0	91.0	0.0	24.0	25.0	0.0
	3p	+	25	138253.0	87057.0	85105.0	123479.0	433894.0	311.0	439.0	364.0	287.0	110.0	101.0	69.0	106.0	96.0	101.0	74.0	332.0	0.0	0.0	0.0	0.0	92.0	0.0	25.0	18.0	0.0
	3p	+	26	138339.0	86788.0	84777.0	123986.0	433890.0	263.0	378.0	360.0	291.0	111.0	114.0	68.0	143.0	93.0	80.0	91.0	337.0	0.0	0.0	0.0	0.0	97.0	0.0	27.0	20.0	0.0
	3p	+	27	138626.0	87089.0	84700.0	123496.0	433911.0	321.0	419.0	328.0	303.0	101.0	120.0	68.0	111.0	97.0	90.0	72.0	326.0	0.0	0.0	0.0	0.0	92.0	0.0	16.0	14.0	0.0
	3p	+	28	137951.0	87841.0	85233.0	122875.0	433900.0	300.0	425.0	335.0	286.0	97.0	111.0	64.0	130.0	98.0	89.0	62.0	278.0	0.0	0.0	0.0	0.0	84.0	0.0	20.0	17.0	0.0
	3p	+	29	137985.0	87349.0	85591.0	122976.0	433901.0	303.0	425.0	330.0	312.0	110.0	110.0	74.0	128.0	108.0	92.0	74.0	352.0	0.0	0.0	0.0	0.0	89.0	0.0	18.0	23.0	0.0
	3p	+	30	137710.0	88120.0	84639.0	123433.0	433902.0	292.0	462.0	337.0	303.0	126.0	99.0	67.0	116.0	107.0	87.0	78.0	328.0	0.0	0.0	0.0	0.0	95.0	0.0	20.0	14.0	0.0
	3p	+	31	135618.0	87087.0	84012.0	122119.0	428836.0	289.0	431.0	325.0	295.0	101.0	114.0	50.0	118.0	98.0	95.0	74.0	313.0	0.0	0.0	0.0	0.0	92.0	0.0	22.0	17.0	0.0
	3p	+	32	134431.0	85740.0	82967.0	120319.0	423457.0	289.0	425.0	330.0	314.0	89.0	106.0	70.0	111.0	93.0	92.0	69.0	310.0	0.0	0.0	0.0	0.0	86.0	0.0	21.0	22.0	0.0
	3p	+	33	132447.0	84430.0	82410.0	118428.0	417715.0	325.0	419.0	295.0	338.0	99.0	101.0	64.0	115.0	87.0	88.0	58.0	308.0	0.0	0.0	0.0	0.0	87.0	0.0	26.0	24.0	0.0
	3p	+	34	130940.0	82813.0	80569.0	117397.0	411719.0	300.0	455.0	305.0	284.0	84.0	86.0	67.0	120.0	93.0	75.0	76.0	321.0	0.0	0.0	0.0	0.0	77.0	0.0	15.0	19.0	0.0
	3p	+	35	129420.0	81301.0	79589.0	114929.0	405239.0	284.0	448.0	305.0	292.0	113.0	105.0	74.0	137.0	84.0	70.0	68.0	302.0	0.0	0.0	0.0	0.0	77.0	0.0	14.0	21.0	0.0
	3p	+	36	126835.0	80050.0	78275.0	113147.0	398307.0	310.0	463.0	295.0	261.0	87.0	78.0	68.0	108.0	85.0	78.0	66.0	293.0	0.0	0.0	0.0	0.0	69.0	0.0	15.0	22.0	0.0
	3p	+	37	125012.0	78510.0	76077.0	111670.0	391269.0	260.0	419.0	277.0	267.0	101.0	79.0	68.0	107.0	86.0	97.0	54.0	324.0	0.0	0.0	0.0	0.0	87.0	0.0	18.0	10.0	0.0
	3p	+	38	121586.0	77658.0	75219.0	109613.0	384076.0	291.0	436.0	309.0	290.0	107.0	108.0	59.0	117.0	99.0	87.0	61.0	287.0	0.0	0.0	0.0	0.0	82.0	0.0	17.0	30.0	0.0
	3p	+	39	119213.0	75967.0	73624.0	107764.0	376568.0	298.0	364.0	298.0	255.0	81.0	86.0	51.0	117.0	84.0	95.0	65.0	266.0	0.0	0.0	0.0	0.0	74.0	0.0	14.0	10.0	0.0
	3p	+	40	117169.0	74896.0	72388.0	104316.0	368769.0	244.0	402.0	305.0	254.0	85.0	82.0	60.0	116.0	64.0	91.0	62.0	284.0	0.0	0.0	0.0	0.0	73.0	0.0	23.0	14.0	0.0
	3p	+	41	114632.0	72819.0	70914.0	102555.0	360920.0	283.0	419.0	259.0	266.0	64.0	84.0	52.0	105.0	83.0	79.0	62.0	264.0	0.0	0.0	0.0	0.0	71.0	0.0	21.0	14.0	0.0
	3p	+	42	111810.0	71136.0	69726.0	99971.0	352643.0	254.0	375.0	303.0	240.0	92.0	79.0	71.0	96.0	87.0	102.0	61.0	258.0	0.0	0.0	0.0	0.0	58.0	0.0	20.0	10.0	0.0
	3p	+	43	109597.0	68892.0	68092.0	97672.0	344253.0	273.0	349.0	252.0	259.0	76.0	73.0	50.0	103.0	63.0	71.0	52.0	269.0	0.0	0.0	0.0	0.0	54.0	0.0	16.0	10.0	0.0
	3p	+	44	106604.0	67451.0	67012.0	94868.0	335935.0	256.0	365.0	271.0	250.0	102.0	73.0	55.0	79.0	86.0	71.0	69.0	257.0	0.0	0.0	0.0	0.0	43.0	0.0	17.0	11.0	0.0
	3p	+	45	104078.0	65451.0	64334.0	93568.0	327431.0	247.0	365.0	247.0	227.0	78.0	70.0	51.0	100.0	71.0	81.0	52.0	248.0	0.0	0.0	0.0	0.0	59.0	0.0	12.0	18.0	0.0
	3p	+	46	101277.0	64493.0	62964.0	90324.0	319058.0	253.0	349.0	259.0	212.0	81.0	69.0	40.0	92.0	74.0	86.0	49.0	238.0	0.0	0.0	0.0	0.0	48.0	0.0	7.0	11.0	0.0
	3p	+	47	97989.0	63045.0	61221.0	88169.0	310424.0	259.0	325.0	233.0	233.0	80.0	80.0	53.0	95.0	74.0	74.0	49.0	254.0	0.0	0.0	0.0	0.0	36.0	0.0	12.0	11.0	0.0
	3p	+	48	95041.0	61071.0	59750.0	85982.0	301844.0	233.0	338.0	210.0	199.0	74.0	72.0	53.0	81.0	68.0	72.0	44.0	232.0	0.0	0.0	0.0	0.0	40.0	0.0	13.0	21.0	0.0
	3p	+	49	92248.0	59380.0	57991.0	83401.0	293020.0	225.0	311.0	211.0	221.0	74.0	67.0	64.0	89.0	70.0	77.0	27.0	249.0	0.0	0.0	0.0	0.0	40.0	0.0	15.0	10.0	0.0
	3p	+	50	89684.0	57412.0	56177.0	81037.0	284310.0	209.0	296.0	238.0	216.0	69.0	52.0	41.0	84.0	74.0	67.0	46.0	196.0	0.0	0.0	0.0	0.0	49.0	0.0	4.0	16.0	0.0
	3p	+	51	86921.0	55492.0	54723.0	78318.0	275454.0	202.0	299.0	215.0	200.0	71.0	69.0	56.0	80.0	71.0	68.0	44.0	240.0	0.0	0.0	0.0	0.0	30.0	0.0	18.0	8.0	0.0
	3p	+	52	83541.0	53959.0	52981.0	76125.0	266606.0	210.0	277.0	219.0	181.0	80.0	58.0	65.0	109.0	74.0	118.0	50.0	244.0	0.0	0.0	0.0	0.0	38.0	0.0	9.0	5.0	0.0
	3p	+	53	80591.0	52250.0	51372.0	73585.0	257798.0	197.0	297.0	181.0	172.0	77.0	71.0	52.0	102.0	88.0	100.0	50.0	195.0	0.0	0.0	0.0	0.0	37.0	0.0	9.0	5.0	0.0
	3p	+	54	77698.0	50503.0	49473.0	71297.0	248971.0	197.0	297.0	202.0	181.0	69.0	72.0	46.0	112.0	81.0	127.0	58.0	223.0	0.0	0.0	0.0	0.0	20.0	0.0	10.0	8.0	0.0
	3p	+	55	75335.0	48582.0	47831.0	68600.0	240348.0	203.0	280.0	198.0	163.0	70.0	58.0	58.0	91.0	86.0	93.0	54.0	189.0	0.0	0.0	0.0	0.0	36.0	0.0	7.0	12.0	0.0
	3p	+	56	72571.0	47077.0	45726.0	66376.0	231750.0	166.0	242.0	192.0	170.0	75.0	59.0	58.0	89.0	71.0	104.0	55.0	204.0	0.0	0.0	0.0	0.0	24.0	0.0	11.0	6.0	0.0
	3p	+	57	69798.0	45231.0	44007.0	64059.0	223095.0	166.0	275.0	169.0	161.0	58.0	69.0	43.0	87.0	70.0	79.0	39.0	218.0	0.0	0.0	0.0	0.0	22.0	0.0	9.0	3.0	0.0
	3p	+	58	66487.0	43692.0	42908.0	61512.0	214599.0	161.0	249.0	180.0	162.0	72.0	51.0	37.0	99.0	72.0	79.0	41.0	164.0	0.0	0.0	0.0	0.0	33.0	0.0	9.0	7.0	0.0
	3p	+	59	63967.0	41771.0	40892.0	59401.0	206031.0	170.0	248.0	154.0	144.0	66.0	53.0	36.0	79.0	71.0	85.0	43.0	174.0	0.0	0.0	0.0	0.0	27.0	0.0	5.0	6.0	0.0
	3p	+	60	61686.0	40331.0	39215.0	56533.0	197765.0	147.0	216.0	147.0	148.0	67.0	51.0	35.0	77.0	57.0	70.0	34.0	158.0	0.0	0.0	0.0	0.0	15.0	0.0	10.0	4.0	0.0
	3p	+	61	59033.0	38462.0	37679.0	54234.0	189408.0	161.0	217.0	161.0	139.0	63.0	44.0	34.0	91.0	70.0	76.0	50.0	178.0	0.0	0.0	0.0	0.0	21.0	0.0	3.0	9.0	0.0
	3p	+	62	56084.0	36836.0	36043.0	52419.0	181382.0	150.0	205.0	148.0	144.0	45.0	47.0	27.0	49.0	67.0	69.0	35.0	135.0	0.0	0.0	0.0	0.0	22.0	0.0	4.0	4.0	0.0
	3p	+	63	53952.0	35135.0	34646.0	49676.0	173409.0	128.0	204.0	127.0	99.0	47.0	45.0	30.0	70.0	51.0	78.0	39.0	161.0	0.0	0.0	0.0	0.0	15.0	0.0	3.0	6.0	0.0
	3p	+	64	51183.0	33860.0	33018.0	47412.0	165473.0	124.0	205.0	132.0	126.0	50.0	54.0	37.0	77.0	45.0	70.0	37.0	152.0	0.0	0.0	0.0	0.0	11.0	0.0	6.0	4.0	0.0
	3p	+	65	48698.0	32136.0	31800.0	44952.0	157586.0	130.0	194.0	132.0	111.0	48.0	55.0	34.0	61.0	43.0	49.0	33.0	114.0	0.0	0.0	0.0	0.0	7.0	0.0	1.0	10.0	0.0
	3p	+	66	46353.0	30369.0	29913.0	43212.0	149847.0	146.0	156.0	116.0	111.0	45.0	30.0	25.0	76.0	56.0	76.0	37.0	137.0	0.0	0.0	0.0	0.0	18.0	0.0	1.0	5.0	0.0
	3p	+	67	43816.0	29057.0	28289.0	41168.0	142330.0	104.0	155.0	116.0	93.0	43.0	37.0	29.0	58.0	34.0	52.0	31.0	122.0	0.0	0.0	0.0	0.0	9.0	0.0	4.0	3.0	0.0
	3p	+	68	41852.0	27561.0	26896.0	38666.0	134975.0	116.0	196.0	142.0	96.0	40.0	37.0	25.0	58.0	48.0	55.0	23.0	97.0	0.0	0.0	0.0	0.0	7.0	0.0	3.0	1.0	0.0
	3p	+	69	39269.0	25881.0	25792.0	36658.0	127600.0	128.0	139.0	110.0	90.0	38.0	22.0	24.0	47.0	39.0	60.0	20.0	97.0	0.0	0.0	0.0	0.0	11.0	0.0	1.0	2.0	0.0
	3p	+	70	37066.0	24880.0	23780.0	34572.0	120298.0	102.0	132.0	103.0	90.0	38.0	38.0	19.0	62.0	33.0	46.0	24.0	103.0	0.0	0.0	0.0	0.0	11.0	0.0	4.0	2.0	0.0
	3p	+	71	34573.0	23451.0	22675.0	32662.0	113361.0	96.0	140.0	106.0	73.0	32.0	25.0	30.0	49.0	35.0	62.0	19.0	111.0	0.0	0.0	0.0	0.0	10.0	0.0	2.0	1.0	0.0
	3p	+	72	32957.0	21703.0	21205.0	30626.0	106491.0	94.0	131.0	73.0	78.0	37.0	32.0	21.0	52.0	40.0	51.0	17.0	84.0	0.0	0.0	0.0	0.0	6.0	0.0	2.0	3.0	0.0
	3p	+	73	30647.0	20252.0	20034.0	28801.0	99734.0	73.0	116.0	75.0	72.0	28.0	18.0	16.0	43.0	32.0	40.0	25.0	88.0	0.0	0.0	0.0	0.0	7.0	0.0	1.0	1.0	0.0
	3p	+	74	28772.0	19077.0	18635.0	26671.0	93155.0	68.0	101.0	99.0	71.0	20.0	25.0	21.0	35.0	35.0	41.0	21.0	86.0	0.0	0.0	0.0	0.0	7.0	0.0	6.0	1.0	0.0
	3p	+	75	26740.0	17767.0	17222.0	25135.0	86864.0	71.0	107.0	77.0	75.0	25.0	21.0	12.0	43.0	22.0	33.0	16.0	60.0	0.0	0.0	0.0	0.0	4.0	0.0	2.0	1.0	0.0
	3p	+	76	24564.0	16622.0	16196.0	23095.0	80477.0	66.0	105.0	67.0	48.0	19.0	21.0	15.0	31.0	16.0	30.0	18.0	66.0	0.0	0.0	0.0	0.0	5.0	0.0	0.0	3.0	0.0
	3p	+	77	22770.0	15170.0	15107.0	21285.0	74332.0	63.0	86.0	63.0	44.0	21.0	13.0	16.0	26.0	22.0	35.0	22.0	68.0	0.0	0.0	0.0	0.0	5.0	0.0	1.0	0.0	0.0
	3p	+	78	20666.0	14166.0	13623.0	20030.0	68485.0	67.0	83.0	48.0	51.0	22.0	15.0	14.0	37.0	22.0	38.0	16.0	67.0	0.0	0.0	0.0	0.0	2.0	0.0	0.0	2.0	0.0
	3p	+	79	18917.0	12877.0	12602.0	18182.0	62578.0	51.0	84.0	47.0	51.0	17.0	19.0	15.0	24.0	22.0	30.0	10.0	56.0	0.0	0.0	0.0	0.0	2.0	0.0	0.0	1.0	0.0
	3p	+	80	17359.0	11553.0	11500.0	16461.0	56873.0	49.0	68.0	57.0	32.0	18.0	29.0	10.0	20.0	25.0	21.0	17.0	49.0	0.0	0.0	0.0	0.0	2.0	0.0	2.0	2.0	0.0
	3p	+	81	15764.0	10619.0	10310.0	14779.0	51472.0	38.0	83.0	52.0	37.0	14.0	18.0	4.0	30.0	17.0	26.0	16.0	52.0	0.0	0.0	0.0	0.0	4.0	0.0	0.0	1.0	0.0
	3p	+	82	14078.0	9524.0	9184.0	13278.0	46064.0	37.0	48.0	43.0	35.0	20.0	14.0	9.0	19.0	13.0	19.0	7.0	35.0	0.0	0.0	0.0	0.0	3.0	0.0	0.0	0.0	0.0
	3p	+	83	12376.0	8572.0	8133.0	11739.0	40820.0	26.0	56.0	30.0	38.0	11.0	13.0	7.0	25.0	10.0	25.0	15.0	30.0	0.0	0.0	0.0	0.0	2.0	0.0	0.0	1.0	0.0
	3p	+	84	10902.0	7321.0	7243.0	10326.0	35792.0	42.0	49.0	26.0	22.0	18.0	19.0	7.0	20.0	8.0	30.0	3.0	34.0	0.0	0.0	0.0	0.0	1.0	0.0	0.0	1.0	0.0
	3p	+	85	9217.0	6462.0	6352.0	8834.0	30865.0	25.0	52.0	34.0	24.0	6.0	12.0	6.0	10.0	11.0	14.0	4.0	40.0	0.0	0.0	0.0	0.0	1.0	0.0	1.0	0.0	0.0
	3p	+	86	7770.0	5364.0	5280.0	7659.0	26073.0	23.0	30.0	24.0	16.0	16.0	10.0	4.0	20.0	7.0	11.0	6.0	18.0	0.0	0.0	0.0	0.0	0.0	0.0	0.0	1.0	0.0
	3p	+	87	6501.0	4394.0	4222.0	6194.0	21311.0	17.0	39.0	28.0	14.0	11.0	8.0	6.0	9.0	13.0	14.0	8.0	27.0	0.0	0.0	0.0	0.0	0.0	0.0	0.0	0.0	0.0
	3p	+	88	5095.0	3475.0	3374.0	4868.0	16812.0	20.0	25.0	20.0	18.0	7.0	6.0	3.0	9.0	10.0	14.0	3.0	20.0	0.0	0.0	0.0	0.0	0.0	0.0	0.0	0.0	0.0
	3p	+	89	3865.0	2455.0	2356.0	3743.0	12419.0	16.0	20.0	16.0	14.0	4.0	9.0	2.0	14.0	5.0	8.0	5.0	18.0	0.0	0.0	0.0	0.0	0.0	0.0	0.0	0.0	0.0
	3p	+	90	2565.0	1672.0	1551.0	2427.0	8215.0	6.0	28.0	10.0	5.0	6.0	8.0	4.0	10.0	1.0	6.0	2.0	15.0	0.0	0.0	0.0	0.0	0.0	0.0	0.0	0.0	0.0
	3p	+	91	1285.0	883.0	738.0	1175.0	4081.0	0.0	13.0	7.0	8.0	2.0	8.0	2.0	4.0	2.0	3.0	0.0	10.0	0.0	0.0	0.0	0.0	0.0	0.0	0.0	0.0	0.0
	3p	+	92	0.0	0.0	0.0	0.0	0.0	0.0	0.0	0.0	0.0	0.0	0.0	0.0	0.0	0.0	0.0	0.0	0.0	0.0	0.0	0.0	0.0	0.0	0.0	0.0	0.0	0.0
	3p	+	93	0.0	0.0	0.0	0.0	0.0	0.0	0.0	0.0	0.0	0.0	0.0	0.0	0.0	0.0	0.0	0.0	0.0	0.0	0.0	0.0	0.0	0.0	0.0	0.0	0.0	0.0
	3p	+	94	0.0	0.0	0.0	0.0	0.0	0.0	0.0	0.0	0.0	0.0	0.0	0.0	0.0	0.0	0.0	0.0	0.0	0.0	0.0	0.0	0.0	0.0	0.0	0.0	0.0	0.0
	3p	+	95	0.0	0.0	0.0	0.0	0.0	0.0	0.0	0.0	0.0	0.0	0.0	0.0	0.0	0.0	0.0	0.0	0.0	0.0	0.0	0.0	0.0	0.0	0.0	0.0	0.0	0.0
	3p	+	96	0.0	0.0	0.0	0.0	0.0	0.0	0.0	0.0	0.0	0.0	0.0	0.0	0.0	0.0	0.0	0.0	0.0	0.0	0.0	0.0	0.0	0.0	0.0	0.0	0.0	0.0
	3p	+	97	0.0	0.0	0.0	0.0	0.0	0.0	0.0	0.0	0.0	0.0	0.0	0.0	0.0	0.0	0.0	0.0	0.0	0.0	0.0	0.0	0.0	0.0	0.0	0.0	0.0	0.0
	3p	+	98	0.0	0.0	0.0	0.0	0.0	0.0	0.0	0.0	0.0	0.0	0.0	0.0	0.0	0.0	0.0	0.0	0.0	0.0	0.0	0.0	0.0	0.0	0.0	0.0	0.0	0.0
	3p	+	99	0.0	0.0	0.0	0.0	0.0	0.0	0.0	0.0	0.0	0.0	0.0	0.0	0.0	0.0	0.0	0.0	0.0	0.0	0.0	0.0	0.0	0.0	0.0	0.0	0.0	0.0
	3p	+	100	0.0	0.0	0.0	0.0	0.0	0.0	0.0	0.0	0.0	0.0	0.0	0.0	0.0	0.0	0.0	0.0	0.0	0.0	0.0	0.0	0.0	0.0	0.0	0.0	0.0	0.0
	3p	-	1	163118.0	77153.0	64459.0	130747.0	435477.0	528.0	7516.0	383.0	383.0	215.0	378.0	97.0	474.0	137.0	229.0	94.0	378.00.0	0.0	0.0	0.0	0.0	0.0	0.0	0.0	0.0
	3p	-	2	156436.0	95422.0	72433.0	111185.0	435476.0	578.0	1304.0	334.0	403.0	266.0	253.0	104.0	285.0	170.0	203.0	180.0	327.00.0	0.0	0.0	0.0	0.0	0.0	2.0	0.0	0.0
	3p	-	3	148401.0	91006.0	80296.0	115767.0	435470.0	451.0	558.0	338.0	443.0	237.0	259.0	120.0	339.0	190.0	222.0	163.0	439.00.0	0.0	0.0	0.0	4.0	0.0	2.0	0.0	0.0
	3p	-	4	147191.0	89938.0	80177.0	118119.0	435425.0	376.0	483.0	363.0	374.0	196.0	253.0	101.0	215.0	126.0	182.0	106.0	390.00.0	0.0	0.0	0.0	30.0	0.0	9.0	6.0	0.0
	3p	-	5	148994.0	86459.0	81035.0	118898.0	435386.0	347.0	475.0	307.0	369.0	186.0	201.0	74.0	172.0	107.0	133.0	76.0	395.00.0	0.0	0.0	0.0	50.0	0.0	9.0	14.0	0.0
	3p	-	6	149532.0	84705.0	83133.0	117975.0	435345.0	349.0	445.0	304.0	305.0	136.0	239.0	95.0	167.0	126.0	114.0	75.0	369.00.0	0.0	0.0	0.0	59.0	0.0	16.0	15.0	0.0
	3p	-	7	145364.0	84959.0	84120.0	120890.0	435333.0	322.0	440.0	288.0	288.0	137.0	184.0	79.0	131.0	89.0	84.0	68.0	371.00.0	0.0	0.0	0.0	75.0	0.0	17.0	13.0	0.0
	3p	-	8	144826.0	84305.0	84391.0	121770.0	435292.0	309.0	434.0	330.0	317.0	160.0	150.0	85.0	149.0	122.0	92.0	76.0	365.00.0	0.0	0.0	0.0	96.0	0.0	16.0	19.0	0.0
	3p	-	9	142012.0	85498.0	85026.0	122761.0	435297.0	304.0	430.0	301.0	251.0	136.0	161.0	77.0	151.0	118.0	106.0	83.0	350.00.0	0.0	0.0	0.0	96.0	0.0	17.0	16.0	0.0
	3p	-	10	140956.0	86225.0	85227.0	122874.0	435282.0	319.0	408.0	304.0	288.0	114.0	142.0	90.0	158.0	123.0	111.0	83.0	361.00.0	0.0	0.0	0.0	95.0	0.0	27.0	21.0	0.0
	3p	-	11	139758.0	87204.0	84765.0	123588.0	435315.0	322.0	408.0	315.0	311.0	118.0	175.0	79.0	140.0	94.0	88.0	95.0	351.00.0	0.0	0.0	0.0	76.0	0.0	19.0	17.0	0.0
	3p	-	12	139199.0	88176.0	84966.0	122953.0	435294.0	311.0	429.0	343.0	275.0	121.0	152.0	86.0	133.0	99.0	72.0	74.0	354.00.0	0.0	0.0	0.0	88.0	0.0	20.0	21.0	0.0
	3p	-	13	139127.0	87832.0	84395.0	123933.0	435287.0	296.0	412.0	328.0	325.0	63.0	135.0	82.0	177.0	88.0	78.0	59.0	358.00.0	0.0	0.0	0.0	90.0	0.0	25.0	20.0	0.0
	3p	-	14	139159.0	88025.0	84652.0	123432.0	435268.0	334.0	403.0	324.0	305.0	129.0	141.0	83.0	122.0	122.0	82.0	88.0	363.00.0	0.0	0.0	0.0	103.0	0.0	29.0	19.0	0.0
	3p	-	15	139081.0	87981.0	84460.0	123753.0	435275.0	320.0	415.0	336.0	258.0	98.0	133.0	74.0	178.0	101.0	73.0	85.0	340.00.0	0.0	0.0	0.0	100.0	0.0	21.0	15.0	0.0
	3p	-	16	138686.0	87915.0	84905.0	123765.0	435271.0	338.0	399.0	316.0	297.0	102.0	126.0	64.0	151.0	97.0	89.0	67.0	331.00.0	0.0	0.0	0.0	106.0	0.0	22.0	16.0	0.0
	3p	-	17	138494.0	87920.0	84729.0	124157.0	435300.0	327.0	438.0	336.0	291.0	157.0	124.0	76.0	130.0	122.0	96.0	79.0	334.00.0	0.0	0.0	0.0	82.0	0.0	18.0	28.0	0.0
	3p	-	18	138071.0	87948.0	84805.0	124446.0	435270.0	305.0	394.0	299.0	292.0	107.0	147.0	102.0	128.0	102.0	71.0	76.0	355.00.0	0.0	0.0	0.0	90.0	0.0	20.0	31.0	0.0
	3p	-	19	138306.0	88195.0	84344.0	124425.0	435270.0	335.0	443.0	350.0	328.0	128.0	116.0	71.0	111.0	117.0	75.0	66.0	342.00.0	0.0	0.0	0.0	115.0	0.0	23.0	28.0	0.0
	3p	-	20	138191.0	88210.0	84353.0	124559.0	435313.0	296.0	447.0	311.0	299.0	122.0	128.0	71.0	129.0	100.0	91.0	74.0	338.00.0	0.0	0.0	0.0	76.0	0.0	16.0	20.0	0.0
	3p	-	21	138060.0	87838.0	85199.0	124207.0	435304.0	296.0	428.0	344.0	302.0	125.0	131.0	74.0	103.0	104.0	88.0	61.0	311.00.0	0.0	0.0	0.0	77.0	0.0	19.0	17.0	0.0
	3p	-	22	138031.0	88234.0	84878.0	124172.0	435315.0	300.0	419.0	300.0	317.0	110.0	92.0	60.0	109.0	73.0	73.0	72.0	321.00.0	0.0	0.0	0.0	75.0	0.0	17.0	16.0	0.0
	3p	-	23	139248.0	87344.0	85042.0	123685.0	435319.0	334.0	446.0	297.0	292.0	118.0	125.0	85.0	121.0	98.0	91.0	64.0	293.00.0	0.0	0.0	0.0	72.0	0.0	20.0	19.0	0.0
	3p	-	24	138767.0	87430.0	85009.0	124086.0	435292.0	292.0	387.0	339.0	288.0	116.0	114.0	81.0	118.0	108.0	87.0	83.0	331.00.0	0.0	0.0	0.0	83.0	0.0	19.0	26.0	0.0
	3p	-	25	138775.0	87534.0	85150.0	123828.0	435287.0	313.0	417.0	335.0	285.0	124.0	131.0	81.0	149.0	109.0	91.0	76.0	309.00.0	0.0	0.0	0.0	85.0	0.0	21.0	31.0	0.0
	3p	-	26	138639.0	87639.0	85188.0	123843.0	435309.0	325.0	429.0	348.0	299.0	86.0	110.0	77.0	121.0	97.0	85.0	64.0	324.00.0	0.0	0.0	0.0	74.0	0.0	27.0	18.0	0.0
	3p	-	27	138542.0	87952.0	85144.0	123672.0	435310.0	342.0	415.0	336.0	270.0	110.0	119.0	80.0	125.0	82.0	89.0	80.0	340.00.0	0.0	0.0	0.0	67.0	0.0	33.0	24.0	0.0
	3p	-	28	137897.0	88414.0	85006.0	124020.0	435337.0	300.0	443.0	285.0	275.0	104.0	101.0	65.0	134.0	84.0	82.0	67.0	344.00.0	0.0	0.0	0.0	60.0	0.0	21.0	20.0	0.0
	3p	-	29	137733.0	87993.0	85648.0	123955.0	435329.0	315.0	427.0	332.0	318.0	104.0	106.0	97.0	139.0	108.0	100.0	84.0	323.00.0	0.0	0.0	0.0	63.0	0.0	24.0	14.0	0.0
	3p	-	30	137911.0	88157.0	85247.0	124002.0	435317.0	307.0	450.0	338.0	297.0	121.0	120.0	87.0	145.0	94.0	85.0	68.0	319.00.0	0.0	0.0	0.0	68.0	0.0	14.0	29.0	0.0
	3p	-	31	136234.0	87019.0	84159.0	122721.0	430133.0	308.0	449.0	336.0	275.0	113.0	102.0	69.0	126.0	72.0	69.0	66.0	314.00.0	0.0	0.0	0.0	63.0	0.0	23.0	11.0	0.0
	3p	-	32	134845.0	86120.0	83425.0	120311.0	424701.0	331.0	466.0	316.0	294.0	103.0	95.0	75.0	115.0	92.0	81.0	64.0	309.00.0	0.0	0.0	0.0	59.0	0.0	21.0	15.0	0.0
	3p	-	33	133247.0	84553.0	82352.0	118681.0	418833.0	326.0	437.0	326.0	249.0	116.0	96.0	76.0	119.0	78.0	71.0	75.0	313.00.0	0.0	0.0	0.0	60.0	0.0	16.0	16.0	0.0
	3p	-	34	130602.0	83459.0	81049.0	117526.0	412636.0	285.0	427.0	306.0	265.0	95.0	92.0	67.0	119.0	84.0	68.0	55.0	312.00.0	0.0	0.0	0.0	56.0	0.0	15.0	20.0	0.0
	3p	-	35	129017.0	81318.0	80171.0	115589.0	406095.0	323.0	432.0	284.0	257.0	92.0	111.0	63.0	118.0	89.0	73.0	47.0	307.00.0	0.0	0.0	0.0	55.0	0.0	17.0	19.0	0.0
	3p	-	36	126693.0	80727.0	77897.0	114093.0	399410.0	308.0	385.0	304.0	300.0	119.0	85.0	75.0	88.0	91.0	99.0	70.0	284.00.0	0.0	0.0	0.0	55.0	0.0	21.0	12.0	0.0
	3p	-	37	124746.0	78715.0	76632.0	112277.0	392370.0	299.0	412.0	292.0	262.0	106.0	90.0	77.0	125.0	83.0	88.0	68.0	297.00.0	0.0	0.0	0.0	42.0	0.0	17.0	19.0	0.0
	3p	-	38	122101.0	77662.0	75343.0	109809.0	384915.0	331.0	426.0	297.0	255.0	110.0	93.0	67.0	124.0	85.0	83.0	58.0	289.00.0	0.0	0.0	0.0	43.0	0.0	16.0	18.0	0.0
	3p	-	39	119989.0	76755.0	73606.0	107030.0	377380.0	250.0	432.0	298.0	280.0	86.0	90.0	66.0	92.0	75.0	74.0	58.0	304.00.0	0.0	0.0	0.0	48.0	0.0	10.0	10.0	0.0
	3p	-	40	117016.0	74627.0	72665.0	105435.0	369743.0	257.0	379.0	284.0	245.0	79.0	86.0	61.0	111.0	58.0	79.0	72.0	308.00.0	0.0	0.0	0.0	42.0	0.0	18.0	13.0	0.0
	3p	-	41	114675.0	72881.0	71607.0	102557.0	361720.0	294.0	401.0	255.0	258.0	87.0	77.0	65.0	86.0	82.0	99.0	43.0	292.00.0	0.0	0.0	0.0	42.0	0.0	12.0	12.0	0.0
	3p	-	42	111855.0	71203.0	70085.0	100368.0	353511.0	259.0	363.0	250.0	267.0	82.0	104.0	65.0	103.0	76.0	78.0	54.0	263.00.0	0.0	0.0	0.0	49.0	0.0	12.0	12.0	0.0
	3p	-	43	109159.0	69420.0	68356.0	98184.0	345119.0	264.0	382.0	261.0	231.0	81.0	70.0	65.0	108.0	66.0	73.0	58.0	275.00.0	0.0	0.0	0.0	37.0	0.0	12.0	18.0	0.0
	3p	-	44	106556.0	67666.0	66693.0	95855.0	336770.0	253.0	327.0	260.0	257.0	87.0	77.0	57.0	88.0	82.0	73.0	58.0	262.00.0	0.0	0.0	0.0	39.0	0.0	9.0	9.0	0.0
	3p	-	45	103555.0	66010.0	65023.0	93565.0	328153.0	226.0	373.0	247.0	212.0	76.0	77.0	59.0	91.0	69.0	80.0	61.0	248.00.0	0.0	0.0	0.0	27.0	0.0	13.0	8.0	0.0
	3p	-	46	100884.0	64246.0	63458.0	90896.0	319484.0	242.0	338.0	237.0	251.0	80.0	68.0	56.0	102.0	70.0	85.0	59.0	253.00.0	0.0	0.0	0.0	29.0	0.0	12.0	7.0	0.0
	3p	-	47	98127.0	62778.0	61500.0	88496.0	310901.0	241.0	336.0	252.0	240.0	55.0	71.0	61.0	102.0	79.0	89.0	57.0	236.00.0	0.0	0.0	0.0	39.0	0.0	8.0	16.0	0.0
	3p	-	48	95166.0	61378.0	59562.0	86304.0	302410.0	242.0	319.0	229.0	203.0	75.0	54.0	51.0	87.0	43.0	69.0	41.0	244.00.0	0.0	0.0	0.0	30.0	0.0	7.0	7.0	0.0
	3p	-	49	92374.0	59195.0	58425.0	83546.0	293540.0	240.0	328.0	236.0	210.0	68.0	84.0	54.0	85.0	67.0	70.0	51.0	201.00.0	0.0	0.0	0.0	22.0	0.0	10.0	8.0	0.0
	3p	-	50	89509.0	57659.0	56328.0	81318.0	284814.0	204.0	300.0	235.0	196.0	68.0	54.0	56.0	94.0	51.0	63.0	60.0	224.00.0	0.0	0.0	0.0	22.0	0.0	8.0	9.0	0.0
	3p	-	51	86492.0	56061.0	54779.0	78691.0	276023.0	195.0	309.0	208.0	188.0	69.0	84.0	49.0	74.0	68.0	56.0	44.0	241.00.0	0.0	0.0	0.0	20.0	0.0	11.0	7.0	0.0
	3p	-	52	84011.0	54065.0	53021.0	75994.0	267091.0	202.0	276.0	214.0	202.0	87.0	65.0	59.0	106.0	84.0	101.0	57.0	205.00.0	0.0	0.0	0.0	23.0	0.0	14.0	9.0	0.0
	3p	-	53	81090.0	52192.0	51544.0	73485.0	258311.0	197.0	289.0	232.0	177.0	68.0	58.0	44.0	103.0	99.0	122.0	61.0	202.00.0	0.0	0.0	0.0	25.0	0.0	3.0	5.0	0.0
	3p	-	54	77975.0	50443.0	49636.0	71554.0	249608.0	209.0	307.0	203.0	163.0	74.0	52.0	55.0	89.0	91.0	133.0	49.0	222.00.0	0.0	0.0	0.0	25.0	0.0	2.0	3.0	0.0
	3p	-	55	75462.0	48918.0	47914.0	68606.0	240900.0	175.0	258.0	200.0	177.0	68.0	78.0	53.0	91.0	97.0	104.0	48.0	228.00.0	0.0	0.0	0.0	16.0	0.0	7.0	10.0	0.0
	3p	-	56	72451.0	47172.0	46500.0	66116.0	232239.0	192.0	252.0	162.0	170.0	92.0	55.0	38.0	70.0	103.0	92.0	49.0	204.00.0	0.0	0.0	0.0	13.0	0.0	6.0	13.0	0.0
	3p	-	57	69968.0	45291.0	44344.0	64083.0	223686.0	176.0	239.0	174.0	167.0	58.0	51.0	44.0	68.0	69.0	99.0	39.0	169.00.0	0.0	0.0	0.0	20.0	0.0	7.0	6.0	0.0
	3p	-	58	67322.0	43892.0	42796.0	61258.0	215268.0	142.0	260.0	169.0	170.0	78.0	70.0	31.0	74.0	80.0	87.0	40.0	196.00.0	0.0	0.0	0.0	14.0	0.0	4.0	4.0	0.0
	3p	-	59	64129.0	42295.0	40971.0	59394.0	206789.0	177.0	222.0	186.0	159.0	54.0	42.0	42.0	78.0	80.0	85.0	37.0	173.00.0	0.0	0.0	0.0	14.0	0.0	1.0	7.0	0.0
	3p	-	60	61553.0	40498.0	39619.0	56752.0	198422.0	157.0	243.0	163.0	152.0	67.0	52.0	52.0	82.0	80.0	82.0	48.0	180.00.0	0.0	0.0	0.0	16.0	0.0	4.0	1.0	0.0
	3p	-	61	59072.0	38456.0	38139.0	54521.0	190188.0	143.0	238.0	141.0	136.0	58.0	48.0	44.0	62.0	69.0	87.0	28.0	179.00.0	0.0	0.0	0.0	15.0	0.0	2.0	1.0	0.0
	3p	-	62	56284.0	37157.0	36355.0	52167.0	181963.0	154.0	224.0	177.0	144.0	63.0	55.0	29.0	83.0	54.0	69.0	41.0	177.00.0	0.0	0.0	0.0	13.0	0.0	3.0	11.0	0.0
	3p	-	63	53778.0	35519.0	34845.0	49767.0	173909.0	141.0	208.0	134.0	139.0	55.0	53.0	38.0	82.0	61.0	74.0	41.0	145.00.0	0.0	0.0	0.0	14.0	0.0	6.0	7.0	0.0
	3p	-	64	51307.0	34021.0	33284.0	47413.0	166025.0	115.0	188.0	152.0	138.0	44.0	39.0	30.0	69.0	60.0	75.0	31.0	143.00.0	0.0	0.0	0.0	10.0	0.0	4.0	3.0	0.0
	3p	-	65	48794.0	32292.0	31704.0	45409.0	158199.0	129.0	181.0	149.0	109.0	52.0	43.0	43.0	54.0	54.0	62.0	34.0	141.00.0	0.0	0.0	0.0	8.0	0.0	4.0	5.0	0.0
	3p	-	66	46370.0	30746.0	30342.0	42872.0	150330.0	89.0	158.0	103.0	98.0	43.0	36.0	30.0	60.0	57.0	40.0	26.0	135.00.0	0.0	0.0	0.0	5.0	0.0	2.0	7.0	0.0
	3p	-	67	43749.0	29060.0	28800.0	41069.0	142678.0	118.0	172.0	96.0	109.0	45.0	35.0	31.0	49.0	52.0	69.0	41.0	109.00.0	0.0	0.0	0.0	13.0	0.0	4.0	2.0	0.0
	3p	-	68	41509.0	27790.0	26868.0	38937.0	135104.0	106.0	178.0	133.0	73.0	49.0	33.0	29.0	60.0	37.0	55.0	27.0	109.00.0	0.0	0.0	0.0	6.0	0.0	2.0	1.0	0.0
	3p	-	69	39317.0	26440.0	25341.0	36691.0	127789.0	94.0	140.0	110.0	108.0	37.0	30.0	30.0	45.0	36.0	51.0	34.0	118.00.0	0.0	0.0	0.0	11.0	0.0	1.0	3.0	0.0
	3p	-	70	36970.0	24837.0	23966.0	34826.0	120599.0	90.0	159.0	98.0	78.0	46.0	30.0	25.0	44.0	46.0	46.0	28.0	95.00.0	0.0	0.0	0.0	6.0	0.0	3.0	3.0	0.0
	3p	-	71	35124.0	23253.0	22595.0	32639.0	113611.0	92.0	121.0	82.0	88.0	27.0	19.0	25.0	48.0	37.0	32.0	20.0	90.00.0	0.0	0.0	0.0	6.0	0.0	2.0	4.0	0.0
	3p	-	72	32617.0	21935.0	21275.0	30835.0	106662.0	96.0	96.0	91.0	85.0	31.0	24.0	18.0	50.0	40.0	49.0	28.0	89.00.0	0.0	0.0	0.0	1.0	0.0	3.0	6.0	0.0
	3p	-	73	30415.0	20523.0	20164.0	28804.0	99906.0	70.0	122.0	88.0	76.0	32.0	37.0	18.0	36.0	33.0	41.0	24.0	92.00.0	0.0	0.0	0.0	5.0	0.0	0.0	1.0	0.0
	3p	-	74	28529.0	19058.0	18729.0	26836.0	93152.0	82.0	96.0	69.0	88.0	26.0	34.0	18.0	35.0	40.0	39.0	20.0	83.00.0	0.0	0.0	0.0	6.0	0.0	2.0	1.0	0.0
	3p	-	75	26242.0	18079.0	17428.0	24988.0	86737.0	67.0	100.0	76.0	57.0	27.0	33.0	10.0	30.0	20.0	31.0	14.0	82.00.0	0.0	0.0	0.0	4.0	0.0	1.0	1.0	0.0
	3p	-	76	24631.0	16557.0	16117.0	23067.0	80372.0	55.0	115.0	69.0	62.0	20.0	18.0	15.0	33.0	29.0	33.0	27.0	72.00.0	0.0	0.0	0.0	1.0	0.0	0.0	1.0	0.0
	3p	-	77	22795.0	15145.0	14663.0	21613.0	74216.0	61.0	107.0	80.0	48.0	23.0	24.0	15.0	23.0	21.0	34.0	18.0	77.00.0	0.0	0.0	0.0	0.0	0.0	2.0	2.0	0.0
	3p	-	78	21043.0	13783.0	13640.0	19754.0	68220.0	55.0	81.0	62.0	61.0	19.0	26.0	16.0	46.0	30.0	38.0	16.0	78.00.0	0.0	0.0	0.0	3.0	0.0	2.0	0.0	0.0
	3p	-	79	19058.0	12780.0	12657.0	18077.0	62572.0	45.0	77.0	40.0	56.0	18.0	23.0	9.0	31.0	29.0	29.0	15.0	54.00.0	0.0	0.0	0.0	1.0	0.0	2.0	1.0	0.0
	3p	-	80	17329.0	11592.0	11390.0	16491.0	56802.0	44.0	87.0	37.0	36.0	16.0	20.0	19.0	27.0	23.0	27.0	14.0	48.00.0	0.0	0.0	0.0	1.0	0.0	1.0	0.0	0.0
	3p	-	81	15688.0	10396.0	10345.0	14852.0	51281.0	58.0	67.0	40.0	36.0	11.0	17.0	10.0	15.0	18.0	26.0	11.0	65.00.0	0.0	0.0	0.0	0.0	0.0	0.0	0.0	0.0
	3p	-	82	13999.0	9411.0	9222.0	13297.0	45929.0	30.0	59.0	51.0	32.0	14.0	17.0	12.0	17.0	16.0	21.0	11.0	44.00.0	0.0	0.0	0.0	0.0	0.0	0.0	0.0	0.0
	3p	-	83	12337.0	8512.0	8174.0	11692.0	40715.0	38.0	67.0	25.0	39.0	15.0	16.0	6.0	18.0	13.0	11.0	16.0	35.00.0	0.0	0.0	0.0	0.0	0.0	0.0	0.0	0.0
	3p	-	84	10698.0	7288.0	7161.0	10445.0	35592.0	34.0	44.0	36.0	26.0	13.0	11.0	11.0	17.0	10.0	22.0	13.0	35.00.0	0.0	0.0	0.0	0.0	0.0	0.0	0.0	0.0
	3p	-	85	9112.0	6373.0	6258.0	8968.0	30711.0	29.0	47.0	21.0	22.0	7.0	14.0	2.0	17.0	13.0	17.0	7.0	42.00.0	0.0	0.0	0.0	0.0	0.0	0.0	0.0	0.0
	3p	-	86	7755.0	5287.0	5280.0	7599.0	25921.0	19.0	50.0	24.0	23.0	12.0	10.0	8.0	15.0	12.0	16.0	10.0	29.00.0	0.0	0.0	0.0	0.0	0.0	0.0	0.0	0.0
	3p	-	87	6517.0	4390.0	4233.0	6160.0	21300.0	11.0	37.0	20.0	22.0	5.0	7.0	3.0	9.0	12.0	11.0	8.0	20.00.0	0.0	0.0	0.0	0.0	0.0	0.0	0.0	0.0
	3p	-	88	5039.0	3511.0	3289.0	4886.0	16725.0	14.0	38.0	13.0	13.0	5.0	5.0	3.0	6.0	10.0	12.0	6.0	17.00.0	0.0	0.0	0.0	0.0	0.0	0.0	0.0	0.0
	3p	-	89	3773.0	2554.0	2407.0	3679.0	12413.0	10.0	23.0	8.0	19.0	9.0	8.0	3.0	7.0	5.0	11.0	8.0	21.00.0	0.0	0.0	0.0	0.0	0.0	0.0	0.0	0.0
	3p	-	90	2512.0	1625.0	1541.0	2497.0	8175.0	7.0	20.0	11.0	5.0	1.0	5.0	4.0	3.0	4.0	3.0	1.0	15.00.0	0.0	0.0	0.0	0.0	0.0	0.0	0.0	0.0
	3p	-	91	1324.0	871.0	728.0	1128.0	4051.0	6.0	14.0	3.0	2.0	2.0	1.0	0.0	5.0	0.0	2.0	0.0	9.00.0	0.0	0.0	0.0	0.0	0.0	0.0	0.0	0.0
	3p	-	92	0.0	0.0	0.0	0.0	0.0	0.0	0.0	0.0	0.0	0.0	0.0	0.0	0.0	0.0	0.0	0.0	0.00.0	0.0	0.0	0.0	0.0	0.0	0.0	0.0	0.0
	3p	-	93	0.0	0.0	0.0	0.0	0.0	0.0	0.0	0.0	0.0	0.0	0.0	0.0	0.0	0.0	0.0	0.0	0.00.0	0.0	0.0	0.0	0.0	0.0	0.0	0.0	0.0
	3p	-	94	0.0	0.0	0.0	0.0	0.0	0.0	0.0	0.0	0.0	0.0	0.0	0.0	0.0	0.0	0.0	0.0	0.00.0	0.0	0.0	0.0	0.0	0.0	0.0	0.0	0.0
	3p	-	95	0.0	0.0	0.0	0.0	0.0	0.0	0.0	0.0	0.0	0.0	0.0	0.0	0.0	0.0	0.0	0.0	0.00.0	0.0	0.0	0.0	0.0	0.0	0.0	0.0	0.0
	3p	-	96	0.0	0.0	0.0	0.0	0.0	0.0	0.0	0.0	0.0	0.0	0.0	0.0	0.0	0.0	0.0	0.0	0.00.0	0.0	0.0	0.0	0.0	0.0	0.0	0.0	0.0
	3p	-	97	0.0	0.0	0.0	0.0	0.0	0.0	0.0	0.0	0.0	0.0	0.0	0.0	0.0	0.0	0.0	0.0	0.00.0	0.0	0.0	0.0	0.0	0.0	0.0	0.0	0.0
	3p	-	98	0.0	0.0	0.0	0.0	0.0	0.0	0.0	0.0	0.0	0.0	0.0	0.0	0.0	0.0	0.0	0.0	0.00.0	0.0	0.0	0.0	0.0	0.0	0.0	0.0	0.0
	3p	-	99	0.0	0.0	0.0	0.0	0.0	0.0	0.0	0.0	0.0	0.0	0.0	0.0	0.0	0.0	0.0	0.0	0.00.0	0.0	0.0	0.0	0.0	0.0	0.0	0.0	0.0
	3p	-	100	0.0	0.0	0.0	0.0	0.0	0.0	0.0	0.0	0.0	0.0	0.0	0.0	0.0	0.0	0.0	0.0	0.00.0	0.0	0.0	0.0	0.0	0.0	0.0	0.0	0.0
	5p	+	1	148124.0	92510.0	69449.0	124013.0	434096.0	516.0	1356.0	598.0	420.0	275.0	382.0	158.0	408.0	216.0	315.0	136.0	537.00.0	0.0	0.0	0.0	0.0	0.0	0.0	0.0	0.0
	5p	+	2	134402.0	82113.0	91289.0	126283.0	434087.0	451.0	859.0	510.0	321.0	173.0	211.0	130.0	314.0	164.0	227.0	103.0	511.00.0	0.0	0.0	0.0	4.0	0.0	1.0	3.0	0.0
	5p	+	3	136202.0	89906.0	85591.0	122379.0	434078.0	358.0	627.0	383.0	359.0	161.0	154.0	96.0	215.0	144.0	232.0	99.0	375.00.0	0.0	0.0	0.0	4.0	0.0	2.0	5.0	0.0
	5p	+	4	137758.0	87682.0	89586.0	119012.0	434038.0	375.0	545.0	387.0	324.0	138.0	109.0	86.0	180.0	105.0	169.0	85.0	310.00.0	0.0	0.0	0.0	24.0	0.0	8.0	9.0	0.0
	5p	+	5	135519.0	87644.0	89138.0	121693.0	433994.0	324.0	493.0	328.0	291.0	112.0	112.0	66.0	136.0	103.0	153.0	79.0	331.00.0	0.0	0.0	0.0	45.0	0.0	18.0	12.0	0.0
	5p	+	6	131491.0	88680.0	89969.0	123825.0	433965.0	312.0	470.0	345.0	266.0	93.0	88.0	64.0	150.0	117.0	129.0	86.0	368.00.0	0.0	0.0	0.0	66.0	0.0	14.0	15.0	0.0
	5p	+	7	136066.0	87335.0	88993.0	121568.0	433962.0	339.0	420.0	334.0	298.0	94.0	86.0	66.0	148.0	107.0	147.0	74.0	321.00.0	0.0	0.0	0.0	52.0	0.0	22.0	21.0	0.0
	5p	+	8	141284.0	85714.0	85177.0	121771.0	433946.0	313.0	423.0	363.0	294.0	95.0	80.0	70.0	129.0	99.0	148.0	64.0	310.00.0	0.0	0.0	0.0	81.0	0.0	17.0	18.0	0.0
	5p	+	9	140614.0	85656.0	85458.0	122219.0	433947.0	331.0	418.0	314.0	295.0	108.0	77.0	70.0	103.0	93.0	103.0	73.0	295.00.0	0.0	0.0	0.0	78.0	0.0	19.0	17.0	0.0
	5p	+	10	139608.0	86195.0	85513.0	122642.0	433958.0	323.0	406.0	300.0	267.0	96.0	67.0	72.0	128.0	103.0	108.0	86.0	311.00.0	0.0	0.0	0.0	71.0	0.0	11.0	12.0	0.0
	5p	+	11	138972.0	87024.0	84956.0	122972.0	433924.0	333.0	418.0	317.0	271.0	89.0	85.0	64.0	112.0	101.0	104.0	71.0	329.00.0	0.0	0.0	0.0	64.0	0.0	20.0	18.0	0.0
	5p	+	12	138271.0	88371.0	84370.0	122922.0	433934.0	312.0	452.0	338.0	290.0	99.0	92.0	76.0	118.0	91.0	91.0	72.0	309.00.0	0.0	0.0	0.0	64.0	0.0	21.0	20.0	0.0
	5p	+	13	138149.0	88239.0	84288.0	123253.0	433929.0	280.0	452.0	326.0	289.0	96.0	79.0	61.0	138.0	86.0	115.0	61.0	282.00.0	0.0	0.0	0.0	74.0	0.0	22.0	22.0	0.0
	5p	+	14	137599.0	88054.0	85245.0	123049.0	433947.0	336.0	400.0	304.0	298.0	121.0	77.0	65.0	117.0	95.0	110.0	86.0	350.00.0	0.0	0.0	0.0	73.0	0.0	15.0	19.0	0.0
	5p	+	15	137829.0	87925.0	84792.0	123376.0	433922.0	310.0	433.0	321.0	304.0	107.0	90.0	63.0	138.0	97.0	110.0	70.0	343.00.0	0.0	0.0	0.0	85.0	0.0	27.0	13.0	0.0
	5p	+	16	137647.0	87754.0	85230.0	123289.0	433920.0	293.0	417.0	343.0	309.0	93.0	69.0	67.0	100.0	92.0	98.0	60.0	335.00.0	0.0	0.0	0.0	82.0	0.0	15.0	13.0	0.0
	5p	+	17	137516.0	88006.0	84924.0	123474.0	433920.0	312.0	410.0	317.0	322.0	88.0	96.0	74.0	121.0	105.0	119.0	68.0	353.00.0	0.0	0.0	0.0	74.0	0.0	19.0	16.0	0.0
	5p	+	18	137566.0	88476.0	84968.0	122907.0	433917.0	293.0	411.0	304.0	304.0	111.0	87.0	65.0	137.0	104.0	75.0	57.0	292.00.0	0.0	0.0	0.0	89.0	0.0	23.0	15.0	0.0
	5p	+	19	137929.0	87409.0	85299.0	123292.0	433929.0	322.0	408.0	319.0	318.0	106.0	94.0	78.0	123.0	120.0	120.0	79.0	303.00.0	0.0	0.0	0.0	72.0	0.0	21.0	13.0	0.0
	5p	+	20	137605.0	88280.0	85038.0	123017.0	433940.0	326.0	439.0	364.0	298.0	104.0	102.0	70.0	123.0	106.0	117.0	56.0	327.00.0	0.0	0.0	0.0	70.0	0.0	23.0	19.0	0.0
	5p	+	21	136813.0	88190.0	85238.0	123676.0	433917.0	294.0	436.0	316.0	308.0	115.0	90.0	69.0	132.0	105.0	108.0	72.0	343.00.0	0.0	0.0	0.0	96.0	0.0	14.0	19.0	0.0
	5p	+	22	137743.0	87892.0	84955.0	123340.0	433930.0	317.0	431.0	321.0	328.0	75.0	85.0	61.0	89.0	84.0	76.0	77.0	288.00.0	0.0	0.0	0.0	76.0	0.0	17.0	24.0	0.0
	5p	+	23	138721.0	87704.0	84342.0	123161.0	433928.0	312.0	400.0	328.0	286.0	110.0	101.0	81.0	111.0	104.0	124.0	77.0	317.00.0	0.0	0.0	0.0	72.0	0.0	16.0	19.0	0.0
	5p	+	24	138622.0	87655.0	84545.0	123084.0	433906.0	292.0	423.0	298.0	294.0	101.0	94.0	67.0	89.0	105.0	83.0	74.0	331.00.0	0.0	0.0	0.0	73.0	0.0	21.0	30.0	0.0
	5p	+	25	139206.0	87335.0	84666.0	122710.0	433917.0	289.0	445.0	301.0	315.0	122.0	92.0	73.0	121.0	112.0	107.0	84.0	324.00.0	0.0	0.0	0.0	88.0	0.0	12.0	18.0	0.0
	5p	+	26	139173.0	87771.0	84348.0	122622.0	433914.0	301.0	427.0	325.0	302.0	108.0	82.0	71.0	135.0	101.0	121.0	74.0	329.00.0	0.0	0.0	0.0	82.0	0.0	29.0	14.0	0.0
	5p	+	27	138629.0	87369.0	84916.0	123011.0	433925.0	343.0	430.0	325.0	304.0	86.0	93.0	60.0	122.0	87.0	119.0	63.0	342.00.0	0.0	0.0	0.0	77.0	0.0	29.0	19.0	0.0
	5p	+	28	139150.0	87501.0	84841.0	122438.0	433930.0	286.0	430.0	277.0	313.0	104.0	82.0	85.0	139.0	106.0	120.0	78.0	306.00.0	0.0	0.0	0.0	88.0	0.0	16.0	15.0	0.0
	5p	+	29	139334.0	87026.0	84273.0	123293.0	433926.0	302.0	446.0	337.0	313.0	96.0	86.0	75.0	112.0	105.0	107.0	74.0	308.00.0	0.0	0.0	0.0	71.0	0.0	28.0	21.0	0.0
	5p	+	30	139412.0	87780.0	84184.0	122549.0	433925.0	293.0	499.0	329.0	286.0	111.0	84.0	65.0	128.0	93.0	91.0	85.0	284.00.0	0.0	0.0	0.0	82.0	0.0	20.0	18.0	0.0
	5p	+	31	138530.0	86380.0	82584.0	121363.0	428857.0	327.0	573.0	323.0	304.0	115.0	80.0	60.0	144.0	106.0	93.0	74.0	325.00.0	0.0	0.0	0.0	67.0	0.0	24.0	24.0	0.0
	5p	+	32	136246.0	85409.0	81857.0	119971.0	423483.0	314.0	543.0	330.0	290.0	90.0	70.0	80.0	123.0	114.0	83.0	76.0	316.00.0	0.0	0.0	0.0	73.0	0.0	22.0	13.0	0.0
	5p	+	33	134729.0	83908.0	80538.0	118592.0	417767.0	299.0	515.0	304.0	291.0	96.0	100.0	82.0	109.0	88.0	102.0	62.0	304.00.0	0.0	0.0	0.0	56.0	0.0	15.0	15.0	0.0
	5p	+	34	133231.0	82642.0	79502.0	116379.0	411754.0	312.0	522.0	302.0	291.0	100.0	97.0	47.0	129.0	114.0	99.0	76.0	302.00.0	0.0	0.0	0.0	69.0	0.0	21.0	10.0	0.0
	5p	+	35	131506.0	81325.0	78036.0	114426.0	405293.0	289.0	525.0	294.0	282.0	93.0	73.0	68.0	99.0	85.0	100.0	68.0	236.00.0	0.0	0.0	0.0	61.0	0.0	15.0	11.0	0.0
	5p	+	36	129338.0	79827.0	76920.0	112245.0	398330.0	317.0	502.0	306.0	256.0	79.0	86.0	53.0	112.0	90.0	83.0	57.0	290.00.0	0.0	0.0	0.0	53.0	0.0	12.0	17.0	0.0
	5p	+	37	126802.0	78585.0	75315.0	110594.0	391296.0	300.0	514.0	273.0	295.0	97.0	80.0	60.0	114.0	92.0	92.0	73.0	283.00.0	0.0	0.0	0.0	50.0	0.0	11.0	22.0	0.0
	5p	+	38	124791.0	76469.0	74467.0	108389.0	384116.0	309.0	554.0	303.0	265.0	79.0	74.0	52.0	117.0	90.0	100.0	73.0	294.00.0	0.0	0.0	0.0	55.0	0.0	14.0	16.0	0.0
	5p	+	39	121847.0	75009.0	72807.0	106918.0	376581.0	321.0	551.0	262.0	259.0	84.0	79.0	72.0	120.0	80.0	97.0	66.0	293.00.0	0.0	0.0	0.0	61.0	0.0	13.0	16.0	0.0
	5p	+	40	119904.0	73778.0	71106.0	104027.0	368815.0	290.0	489.0	277.0	256.0	93.0	82.0	56.0	141.0	87.0	80.0	72.0	290.00.0	0.0	0.0	0.0	54.0	0.0	16.0	11.0	0.0
	5p	+	41	116800.0	72351.0	69162.0	102664.0	360977.0	288.0	548.0	284.0	274.0	84.0	94.0	52.0	109.0	88.0	94.0	55.0	245.00.0	0.0	0.0	0.0	50.0	0.0	8.0	14.0	0.0
	5p	+	42	113691.0	70779.0	68306.0	99864.0	352640.0	279.0	529.0	276.0	239.0	75.0	65.0	71.0	94.0	79.0	80.0	54.0	302.00.0	0.0	0.0	0.0	48.0	0.0	16.0	12.0	0.0
	5p	+	43	111781.0	69037.0	66286.0	97182.0	344286.0	256.0	511.0	291.0	236.0	69.0	76.0	55.0	110.0	80.0	71.0	65.0	257.00.0	0.0	0.0	0.0	48.0	0.0	10.0	12.0	0.0
	5p	+	44	108668.0	67551.0	64545.0	95186.0	335950.0	230.0	482.0	249.0	252.0	94.0	79.0	58.0	93.0	72.0	62.0	57.0	276.00.0	0.0	0.0	0.0	35.0	0.0	10.0	16.0	0.0
	5p	+	45	105842.0	65679.0	63011.0	92936.0	327468.0	243.0	495.0	233.0	238.0	68.0	69.0	62.0	109.0	75.0	97.0	54.0	260.00.0	0.0	0.0	0.0	41.0	0.0	14.0	12.0	0.0
	5p	+	46	102953.0	63984.0	61676.0	90439.0	319052.0	279.0	460.0	254.0	223.0	82.0	87.0	46.0	91.0	62.0	73.0	57.0	235.00.0	0.0	0.0	0.0	46.0	0.0	10.0	16.0	0.0
	5p	+	47	100677.0	62270.0	59662.0	87799.0	310408.0	266.0	478.0	232.0	242.0	73.0	77.0	57.0	90.0	69.0	61.0	42.0	232.00.0	0.0	0.0	0.0	52.0	0.0	13.0	11.0	0.0
	5p	+	48	97271.0	60582.0	58224.0	85760.0	301837.0	222.0	504.0	234.0	230.0	71.0	61.0	49.0	104.0	67.0	68.0	48.0	302.00.0	0.0	0.0	0.0	44.0	0.0	11.0	10.0	0.0
	5p	+	49	94551.0	59037.0	56699.0	82735.0	293022.0	245.0	457.0	206.0	238.0	68.0	56.0	42.0	85.0	61.0	85.0	55.0	230.00.0	0.0	0.0	0.0	33.0	0.0	15.0	13.0	0.0
	5p	+	50	91469.0	57147.0	54960.0	80759.0	284335.0	211.0	426.0	205.0	213.0	58.0	59.0	46.0	93.0	62.0	59.0	45.0	231.00.0	0.0	0.0	0.0	27.0	0.0	11.0	13.0	0.0
	5p	+	51	88846.0	55306.0	53216.0	78109.0	275477.0	212.0	429.0	220.0	197.0	55.0	73.0	39.0	81.0	53.0	56.0	43.0	262.00.0	0.0	0.0	0.0	28.0	0.0	7.0	6.0	0.0
	5p	+	52	85844.0	53821.0	51228.0	75729.0	266622.0	195.0	436.0	198.0	195.0	115.0	161.0	57.0	148.0	70.0	68.0	43.0	231.00.0	0.0	0.0	0.0	21.0	0.0	13.0	9.0	0.0
	5p	+	53	82848.0	51843.0	49740.0	73370.0	257801.0	184.0	430.0	200.0	158.0	117.0	169.0	49.0	120.0	71.0	70.0	50.0	227.00.0	0.0	0.0	0.0	20.0	0.0	11.0	5.0	0.0
	5p	+	54	80018.0	49846.0	48177.0	70922.0	248963.0	185.0	437.0	202.0	174.0	90.0	139.0	53.0	98.0	72.0	73.0	60.0	209.00.0	0.0	0.0	0.0	26.0	0.0	12.0	9.0	0.0
	5p	+	55	77066.0	48525.0	46512.0	68241.0	240344.0	177.0	447.0	204.0	197.0	119.0	162.0	46.0	95.0	61.0	60.0	39.0	241.00.0	0.0	0.0	0.0	23.0	0.0	13.0	10.0	0.0
	5p	+	56	74380.0	46747.0	44574.0	66044.0	231745.0	181.0	391.0	165.0	197.0	104.0	134.0	59.0	122.0	78.0	56.0	50.0	194.00.0	0.0	0.0	0.0	26.0	0.0	7.0	9.0	0.0
	5p	+	57	71414.0	44730.0	43191.0	63749.0	223084.0	171.0	373.0	178.0	165.0	95.0	141.0	57.0	111.0	55.0	71.0	48.0	209.00.0	0.0	0.0	0.0	30.0	0.0	8.0	5.0	0.0
	5p	+	58	69405.0	42972.0	41459.0	60785.0	214621.0	153.0	381.0	155.0	157.0	102.0	146.0	40.0	101.0	59.0	63.0	48.0	184.00.0	0.0	0.0	0.0	18.0	0.0	4.0	9.0	0.0
	5p	+	59	66250.0	41267.0	39759.0	58766.0	206042.0	142.0	361.0	139.0	151.0	97.0	121.0	30.0	87.0	58.0	54.0	46.0	168.00.0	0.0	0.0	0.0	23.0	0.0	4.0	5.0	0.0
	5p	+	60	62912.0	39956.0	38391.0	56512.0	197771.0	136.0	334.0	137.0	151.0	87.0	110.0	45.0	93.0	49.0	65.0	33.0	185.00.0	0.0	0.0	0.0	13.0	0.0	10.0	4.0	0.0
	5p	+	61	60372.0	38165.0	36442.0	54427.0	189406.0	150.0	318.0	139.0	139.0	117.0	118.0	44.0	72.0	55.0	46.0	42.0	169.00.0	0.0	0.0	0.0	17.0	0.0	8.0	9.0	0.0
	5p	+	62	57835.0	37067.0	34659.0	51830.0	181391.0	132.0	333.0	121.0	175.0	71.0	103.0	41.0	84.0	51.0	43.0	49.0	172.00.0	0.0	0.0	0.0	13.0	0.0	4.0	12.0	0.0
	5p	+	63	55741.0	35012.0	33237.0	49416.0	173406.0	154.0	304.0	111.0	151.0	75.0	105.0	37.0	93.0	55.0	57.0	33.0	153.00.0	0.0	0.0	0.0	16.0	0.0	2.0	4.0	0.0
	5p	+	64	52889.0	33377.0	31920.0	47293.0	165479.0	126.0	309.0	106.0	150.0	77.0	121.0	37.0	81.0	51.0	56.0	27.0	162.00.0	0.0	0.0	0.0	10.0	0.0	2.0	3.0	0.0
	5p	+	65	50628.0	31629.0	30248.0	45083.0	157588.0	136.0	288.0	120.0	112.0	63.0	88.0	38.0	72.0	45.0	42.0	36.0	150.00.0	0.0	0.0	0.0	9.0	0.0	2.0	4.0	0.0
	5p	+	66	48139.0	30419.0	28718.0	42578.0	149854.0	118.0	280.0	97.0	107.0	73.0	98.0	48.0	71.0	45.0	49.0	27.0	140.00.0	0.0	0.0	0.0	9.0	0.0	7.0	4.0	0.0
	5p	+	67	45839.0	28673.0	27189.0	40623.0	142324.0	115.0	282.0	106.0	121.0	51.0	92.0	38.0	68.0	32.0	54.0	35.0	135.00.0	0.0	0.0	0.0	5.0	0.0	3.0	5.0	0.0
	5p	+	68	43288.0	27242.0	25639.0	38796.0	134965.0	126.0	255.0	92.0	86.0	59.0	70.0	27.0	84.0	41.0	33.0	28.0	112.00.0	0.0	0.0	0.0	7.0	0.0	6.0	8.0	0.0
	5p	+	69	41112.0	25680.0	24404.0	36409.0	127605.0	87.0	259.0	101.0	102.0	54.0	80.0	27.0	69.0	47.0	38.0	30.0	105.00.0	0.0	0.0	0.0	10.0	0.0	2.0	1.0	0.0
	5p	+	70	38777.0	24009.0	23129.0	34385.0	120300.0	80.0	247.0	90.0	86.0	48.0	62.0	30.0	59.0	38.0	25.0	25.0	112.00.0	0.0	0.0	0.0	10.0	0.0	3.0	6.0	0.0
	5p	+	71	36224.0	22942.0	21949.0	32256.0	113371.0	87.0	244.0	88.0	96.0	46.0	75.0	17.0	54.0	40.0	38.0	24.0	98.00.0	0.0	0.0	0.0	4.0	0.0	4.0	2.0	0.0
	5p	+	72	34131.0	21435.0	20431.0	30499.0	106496.0	90.0	209.0	94.0	76.0	53.0	60.0	29.0	59.0	37.0	34.0	25.0	104.00.0	0.0	0.0	0.0	2.0	0.0	3.0	3.0	0.0
	5p	+	73	32197.0	20118.0	18984.0	28434.0	99733.0	80.0	232.0	75.0	86.0	48.0	62.0	18.0	48.0	23.0	29.0	24.0	84.00.0	0.0	0.0	0.0	6.0	0.0	3.0	2.0	0.0
	5p	+	74	30134.0	18397.0	17908.0	26724.0	93163.0	67.0	185.0	55.0	91.0	48.0	57.0	25.0	32.0	38.0	25.0	21.0	91.00.0	0.0	0.0	0.0	6.0	0.0	4.0	1.0	0.0
	5p	+	75	28047.0	17748.0	16483.0	24587.0	86865.0	99.0	209.0	62.0	76.0	46.0	39.0	18.0	32.0	28.0	31.0	30.0	91.00.0	0.0	0.0	0.0	3.0	0.0	5.0	2.0	0.0
	5p	+	76	26268.0	16066.0	15300.0	22847.0	80481.0	75.0	194.0	55.0	59.0	26.0	44.0	22.0	36.0	14.0	28.0	13.0	78.00.0	0.0	0.0	0.0	3.0	0.0	4.0	1.0	0.0
	5p	+	77	24079.0	15074.0	14112.0	21074.0	74339.0	52.0	199.0	67.0	54.0	34.0	46.0	19.0	30.0	26.0	14.0	25.0	72.00.0	0.0	0.0	0.0	1.0	0.0	0.0	3.0	0.0
	5p	+	78	22283.0	13767.0	13001.0	19431.0	68482.0	64.0	172.0	48.0	61.0	30.0	44.0	9.0	42.0	23.0	22.0	16.0	75.00.0	0.0	0.0	0.0	3.0	0.0	2.0	0.0	0.0
	5p	+	79	20529.0	12596.0	11769.0	17684.0	62578.0	64.0	153.0	46.0	53.0	37.0	32.0	21.0	37.0	34.0	18.0	11.0	62.00.0	0.0	0.0	0.0	0.0	0.0	2.0	2.0	0.0
	5p	+	80	18747.0	11465.0	10646.0	16019.0	56877.0	57.0	142.0	46.0	48.0	23.0	33.0	16.0	29.0	14.0	15.0	16.0	48.00.0	0.0	0.0	0.0	1.0	0.0	0.0	1.0	0.0
	5p	+	81	16895.0	10364.0	9636.0	14576.0	51471.0	41.0	169.0	26.0	35.0	28.0	26.0	14.0	27.0	15.0	14.0	6.0	59.00.0	0.0	0.0	0.0	3.0	0.0	3.0	0.0	0.0
	5p	+	82	14983.0	9317.0	8784.0	12979.0	46063.0	35.0	140.0	31.0	37.0	24.0	32.0	6.0	28.0	19.0	17.0	11.0	36.00.0	0.0	0.0	0.0	1.0	0.0	1.0	1.0	0.0
	5p	+	83	13334.0	8293.0	7640.0	11556.0	40823.0	32.0	132.0	36.0	28.0	20.0	27.0	12.0	29.0	16.0	18.0	13.0	45.00.0	0.0	0.0	0.0	1.0	0.0	0.0	1.0	0.0
	5p	+	84	11898.0	7284.0	6617.0	9994.0	35793.0	42.0	133.0	29.0	31.0	22.0	26.0	7.0	33.0	16.0	9.0	15.0	30.00.0	0.0	0.0	0.0	1.0	0.0	0.0	1.0	0.0
	5p	+	85	10162.0	6187.0	5809.0	8708.0	30866.0	32.0	115.0	23.0	20.0	10.0	23.0	6.0	18.0	14.0	13.0	11.0	27.00.0	0.0	0.0	0.0	0.0	0.0	0.0	1.0	0.0
	5p	+	86	8770.0	5333.0	4692.0	7280.0	26075.0	21.0	105.0	19.0	13.0	21.0	22.0	9.0	23.0	12.0	9.0	6.0	25.00.0	0.0	0.0	0.0	0.0	0.0	0.0	0.0	0.0
	5p	+	87	7189.0	4271.0	3836.0	6015.0	21311.0	26.0	105.0	19.0	15.0	13.0	20.0	5.0	13.0	2.0	9.0	8.0	17.00.0	0.0	0.0	0.0	0.0	0.0	0.0	0.0	0.0
	5p	+	88	5599.0	3399.0	2941.0	4873.0	16812.0	20.0	94.0	17.0	17.0	6.0	16.0	11.0	8.0	12.0	10.0	6.0	13.00.0	0.0	0.0	0.0	0.0	0.0	0.0	0.0	0.0
	5p	+	89	4267.0	2530.0	2172.0	3450.0	12419.0	8.0	88.0	11.0	15.0	4.0	14.0	4.0	12.0	2.0	7.0	0.0	14.00.0	0.0	0.0	0.0	0.0	0.0	0.0	0.0	0.0
	5p	+	90	2861.0	1705.0	1340.0	2309.0	8215.0	8.0	70.0	10.0	11.0	1.0	5.0	3.0	10.0	0.0	6.0	3.0	4.00.0	0.0	0.0	0.0	0.0	0.0	0.0	0.0	0.0
	5p	+	91	1412.0	752.0	607.0	1310.0	4081.0	3.0	72.0	2.0	6.0	2.0	5.0	1.0	7.0	2.0	2.0	1.0	3.00.0	0.0	0.0	0.0	0.0	0.0	0.0	0.0	0.0
	5p	+	92	0.0	0.0	0.0	0.0	0.0	0.0	0.0	0.0	0.0	0.0	0.0	0.0	0.0	0.0	0.0	0.0	0.00.0	0.0	0.0	0.0	0.0	0.0	0.0	0.0	0.0
	5p	+	93	0.0	0.0	0.0	0.0	0.0	0.0	0.0	0.0	0.0	0.0	0.0	0.0	0.0	0.0	0.0	0.0	0.00.0	0.0	0.0	0.0	0.0	0.0	0.0	0.0	0.0
	5p	+	94	0.0	0.0	0.0	0.0	0.0	0.0	0.0	0.0	0.0	0.0	0.0	0.0	0.0	0.0	0.0	0.0	0.00.0	0.0	0.0	0.0	0.0	0.0	0.0	0.0	0.0
	5p	+	95	0.0	0.0	0.0	0.0	0.0	0.0	0.0	0.0	0.0	0.0	0.0	0.0	0.0	0.0	0.0	0.0	0.00.0	0.0	0.0	0.0	0.0	0.0	0.0	0.0	0.0
	5p	+	96	0.0	0.0	0.0	0.0	0.0	0.0	0.0	0.0	0.0	0.0	0.0	0.0	0.0	0.0	0.0	0.0	0.00.0	0.0	0.0	0.0	0.0	0.0	0.0	0.0	0.0
	5p	+	97	0.0	0.0	0.0	0.0	0.0	0.0	0.0	0.0	0.0	0.0	0.0	0.0	0.0	0.0	0.0	0.0	0.00.0	0.0	0.0	0.0	0.0	0.0	0.0	0.0	0.0
	5p	+	98	0.0	0.0	0.0	0.0	0.0	0.0	0.0	0.0	0.0	0.0	0.0	0.0	0.0	0.0	0.0	0.0	0.00.0	0.0	0.0	0.0	0.0	0.0	0.0	0.0	0.0
	5p	+	99	0.0	0.0	0.0	0.0	0.0	0.0	0.0	0.0	0.0	0.0	0.0	0.0	0.0	0.0	0.0	0.0	0.00.0	0.0	0.0	0.0	0.0	0.0	0.0	0.0	0.0
	5p	+	100	0.0	0.0	0.0	0.0	0.0	0.0	0.0	0.0	0.0	0.0	0.0	0.0	0.0	0.0	0.0	0.0	0.00.0	0.0	0.0	0.0	0.0	0.0	0.0	0.0	0.0
	5p	-	1	149287.0	92338.0	69579.0	124278.0	435482.0	509.0	1352.0	597.0	401.0	256.0	358.0	165.0	406.0	206.0	298.0	142.0	559.00.0	0.0	0.0	0.0	0.0	0.0	0.0	0.0	0.0
	5p	-	2	134408.0	82606.0	91509.0	126959.0	435482.0	440.0	880.0	489.0	357.0	183.0	215.0	139.0	301.0	221.0	236.0	107.0	517.00.0	0.0	0.0	0.0	0.0	0.0	0.0	0.0	0.0
	5p	-	3	136234.0	89673.0	86716.0	122858.0	435481.0	382.0	701.0	378.0	360.0	173.0	146.0	107.0	206.0	159.0	238.0	102.0	389.00.0	0.0	0.0	0.0	1.0	0.0	0.0	0.0	0.0
	5p	-	4	138543.0	87396.0	90155.0	119383.0	435477.0	349.0	529.0	346.0	312.0	135.0	137.0	86.0	157.0	126.0	172.0	83.0	353.00.0	0.0	0.0	0.0	1.0	0.0	1.0	2.0	0.0
	5p	-	5	135705.0	88397.0	89640.0	121713.0	435455.0	309.0	479.0	350.0	300.0	122.0	103.0	103.0	142.0	118.0	127.0	83.0	370.00.0	0.0	0.0	0.0	6.0	0.0	8.0	9.0	0.0
	5p	-	6	131971.0	89450.0	89855.0	124153.0	435429.0	320.0	446.0	333.0	329.0	105.0	93.0	76.0	138.0	109.0	135.0	84.0	349.00.0	0.0	0.0	0.0	14.0	0.0	16.0	10.0	0.0
	5p	-	7	136718.0	87950.0	88666.0	122078.0	435412.0	291.0	421.0	331.0	316.0	84.0	99.0	76.0	123.0	121.0	162.0	85.0	347.00.0	0.0	0.0	0.0	23.0	0.0	15.0	14.0	0.0
	5p	-	8	141469.0	86138.0	85846.0	121978.0	435431.0	292.0	441.0	340.0	282.0	119.0	83.0	79.0	124.0	94.0	97.0	102.0	320.00.0	0.0	0.0	0.0	17.0	0.0	11.0	12.0	0.0
	5p	-	9	140375.0	86218.0	86023.0	122786.0	435402.0	298.0	405.0	307.0	305.0	83.0	83.0	70.0	138.0	101.0	93.0	67.0	338.00.0	0.0	0.0	0.0	32.0	0.0	11.0	14.0	0.0
	5p	-	10	139369.0	87255.0	85445.0	123313.0	435382.0	329.0	409.0	296.0	338.0	107.0	77.0	83.0	123.0	110.0	142.0	73.0	300.00.0	0.0	0.0	0.0	31.0	0.0	22.0	22.0	0.0
	5p	-	11	139132.0	87661.0	84998.0	123609.0	435400.0	274.0	386.0	304.0	336.0	91.0	81.0	55.0	111.0	94.0	83.0	74.0	302.00.0	0.0	0.0	0.0	30.0	0.0	12.0	17.0	0.0
	5p	-	12	138214.0	88998.0	85070.0	123102.0	435384.0	300.0	440.0	338.0	314.0	87.0	89.0	74.0	114.0	97.0	100.0	76.0	311.00.0	0.0	0.0	0.0	39.0	0.0	14.0	19.0	0.0
	5p	-	13	138639.0	88854.0	84632.0	123254.0	435379.0	331.0	412.0	330.0	311.0	101.0	64.0	54.0	124.0	114.0	108.0	61.0	320.00.0	0.0	0.0	0.0	40.0	0.0	9.0	13.0	0.0
	5p	-	14	138093.0	88664.0	84972.0	123629.0	435358.0	292.0	412.0	377.0	301.0	113.0	67.0	82.0	113.0	119.0	120.0	62.0	326.00.0	0.0	0.0	0.0	47.0	0.0	17.0	28.0	0.0
	5p	-	15	138361.0	88136.0	85199.0	123668.0	435364.0	322.0	362.0	301.0	310.0	116.0	82.0	91.0	127.0	120.0	106.0	80.0	346.00.0	0.0	0.0	0.0	38.0	0.0	18.0	18.0	0.0
	5p	-	16	138907.0	88161.0	85249.0	123062.0	435379.0	310.0	405.0	299.0	279.0	89.0	78.0	67.0	109.0	82.0	91.0	54.0	334.00.0	0.0	0.0	0.0	38.0	0.0	10.0	12.0	0.0
	5p	-	17	138001.0	88369.0	85746.0	123243.0	435359.0	308.0	413.0	351.0	281.0	109.0	98.0	80.0	115.0	115.0	95.0	84.0	326.00.0	0.0	0.0	0.0	56.0	0.0	14.0	14.0	0.0
	5p	-	18	137526.0	88687.0	85347.0	123766.0	435326.0	328.0	394.0	316.0	301.0	86.0	86.0	72.0	113.0	110.0	84.0	72.0	335.00.0	0.0	0.0	0.0	80.0	0.0	20.0	19.0	0.0
	5p	-	19	137890.0	88072.0	85835.0	123537.0	435334.0	336.0	457.0	312.0	294.0	102.0	102.0	82.0	97.0	98.0	101.0	79.0	326.00.0	0.0	0.0	0.0	60.0	0.0	19.0	22.0	0.0
	5p	-	20	138139.0	88221.0	85779.0	123188.0	435327.0	342.0	447.0	305.0	299.0	91.0	81.0	70.0	130.0	80.0	85.0	59.0	290.00.0	0.0	0.0	0.0	79.0	0.0	18.0	12.0	0.0
	5p	-	21	137802.0	88262.0	86123.0	123148.0	435335.0	309.0	452.0	342.0	321.0	105.0	83.0	80.0	123.0	95.0	102.0	81.0	330.00.0	0.0	0.0	0.0	65.0	0.0	18.0	20.0	0.0
	5p	-	22	138283.0	88050.0	85284.0	123721.0	435338.0	316.0	429.0	345.0	272.0	94.0	80.0	59.0	102.0	83.0	96.0	77.0	311.00.0	0.0	0.0	0.0	60.0	0.0	21.0	19.0	0.0
	5p	-	23	137729.0	88287.0	85153.0	124156.0	435325.0	323.0	436.0	301.0	272.0	99.0	110.0	82.0	89.0	104.0	104.0	75.0	350.00.0	0.0	0.0	0.0	78.0	0.0	13.0	22.0	0.0
	5p	-	24	138790.0	88240.0	84890.0	123399.0	435319.0	280.0	441.0	312.0	298.0	106.0	79.0	66.0	99.0	103.0	98.0	75.0	317.00.0	0.0	0.0	0.0	73.0	0.0	21.0	19.0	0.0
	5p	-	25	138262.0	87966.0	85214.0	123882.0	435324.0	334.0	432.0	317.0	295.0	112.0	99.0	74.0	115.0	104.0	96.0	71.0	309.00.0	0.0	0.0	0.0	72.0	0.0	19.0	21.0	0.0
	5p	-	26	138748.0	87788.0	85166.0	123629.0	435331.0	303.0	393.0	345.0	318.0	112.0	93.0	80.0	137.0	105.0	103.0	57.0	326.00.0	0.0	0.0	0.0	71.0	0.0	15.0	16.0	0.0
	5p	-	27	138880.0	87641.0	85173.0	123625.0	435319.0	343.0	434.0	338.0	275.0	94.0	95.0	65.0	120.0	91.0	114.0	74.0	325.00.0	0.0	0.0	0.0	77.0	0.0	21.0	17.0	0.0
	5p	-	28	138938.0	87432.0	85506.0	123424.0	435300.0	295.0	435.0	315.0	322.0	108.0	97.0	81.0	136.0	100.0	90.0	94.0	319.00.0	0.0	0.0	0.0	83.0	0.0	15.0	17.0	0.0
	5p	-	29	139195.0	87905.0	84736.0	123468.0	435304.0	318.0	430.0	288.0	272.0	94.0	102.0	68.0	126.0	96.0	95.0	79.0	320.00.0	0.0	0.0	0.0	76.0	0.0	20.0	20.0	0.0
	5p	-	30	140329.0	87562.0	84243.0	123179.0	435313.0	326.0	498.0	322.0	319.0	113.0	102.0	78.0	120.0	118.0	99.0	71.0	294.00.0	0.0	0.0	0.0	77.0	0.0	19.0	16.0	0.0
	5p	-	31	138306.0	86838.0	82736.0	122233.0	430113.0	307.0	519.0	325.0	303.0	91.0	73.0	68.0	125.0	116.0	109.0	57.0	299.00.0	0.0	0.0	0.0	82.0	0.0	21.0	19.0	0.0
	5p	-	32	137157.0	85297.0	82191.0	120034.0	424679.0	287.0	524.0	341.0	297.0	111.0	95.0	66.0	128.0	93.0	91.0	80.0	310.00.0	0.0	0.0	0.0	74.0	0.0	17.0	22.0	0.0
	5p	-	33	135147.0	84503.0	81155.0	118023.0	418828.0	329.0	560.0	315.0	273.0	100.0	91.0	76.0	158.0	95.0	101.0	68.0	305.00.0	0.0	0.0	0.0	77.0	0.0	13.0	21.0	0.0
	5p	-	34	133660.0	82852.0	79794.0	116303.0	412609.0	273.0	537.0	308.0	281.0	104.0	90.0	77.0	120.0	86.0	99.0	76.0	301.00.0	0.0	0.0	0.0	69.0	0.0	20.0	15.0	0.0
	5p	-	35	131831.0	81132.0	78085.0	115026.0	406074.0	343.0	551.0	330.0	272.0	106.0	97.0	67.0	116.0	105.0	96.0	77.0	330.00.0	0.0	0.0	0.0	82.0	0.0	17.0	15.0	0.0
	5p	-	36	129176.0	80397.0	77102.0	112702.0	399377.0	305.0	547.0	278.0	278.0	101.0	87.0	57.0	120.0	73.0	85.0	54.0	304.00.0	0.0	0.0	0.0	72.0	0.0	19.0	17.0	0.0
	5p	-	37	127367.0	78262.0	75522.0	111169.0	392320.0	308.0	533.0	284.0	279.0	102.0	102.0	47.0	109.0	86.0	96.0	74.0	307.00.0	0.0	0.0	0.0	70.0	0.0	18.0	26.0	0.0
	5p	-	38	124344.0	77223.0	74634.0	108678.0	384879.0	283.0	508.0	277.0	236.0	79.0	70.0	70.0	125.0	79.0	86.0	67.0	315.00.0	0.0	0.0	0.0	78.0	0.0	16.0	18.0	0.0
	5p	-	39	122210.0	76009.0	72693.0	106417.0	377329.0	319.0	501.0	294.0	250.0	83.0	85.0	59.0	148.0	83.0	83.0	62.0	283.00.0	0.0	0.0	0.0	73.0	0.0	18.0	11.0	0.0
	5p	-	40	119594.0	73905.0	71075.0	105140.0	369714.0	286.0	513.0	275.0	212.0	96.0	83.0	72.0	122.0	79.0	76.0	65.0	272.00.0	0.0	0.0	0.0	59.0	0.0	18.0	18.0	0.0
	5p	-	41	116291.0	72701.0	69760.0	102912.0	361664.0	302.0	518.0	263.0	255.0	86.0	74.0	57.0	125.0	84.0	91.0	71.0	262.00.0	0.0	0.0	0.0	68.0	0.0	26.0	14.0	0.0
	5p	-	42	114284.0	70933.0	67840.0	100430.0	353487.0	271.0	518.0	265.0	224.0	78.0	81.0	49.0	100.0	78.0	86.0	65.0	260.00.0	0.0	0.0	0.0	60.0	0.0	16.0	16.0	0.0
	5p	-	43	111170.0	69505.0	66295.0	98129.0	345099.0	278.0	523.0	287.0	245.0	90.0	87.0	51.0	111.0	80.0	79.0	51.0	255.00.0	0.0	0.0	0.0	41.0	0.0	16.0	14.0	0.0
	5p	-	44	108539.0	67817.0	64870.0	95499.0	336725.0	249.0	508.0	254.0	238.0	73.0	69.0	77.0	102.0	71.0	79.0	61.0	247.00.0	0.0	0.0	0.0	56.0	0.0	9.0	12.0	0.0
	5p	-	45	105631.0	65803.0	63095.0	93579.0	328108.0	259.0	502.0	275.0	249.0	84.0	81.0	65.0	107.0	68.0	81.0	60.0	264.00.0	0.0	0.0	0.0	65.0	0.0	10.0	9.0	0.0
	5p	-	46	103494.0	64039.0	61511.0	90392.0	319436.0	266.0	451.0	219.0	244.0	93.0	73.0	37.0	108.0	78.0	78.0	63.0	263.00.0	0.0	0.0	0.0	53.0	0.0	13.0	15.0	0.0
	5p	-	47	100318.0	62369.0	60031.0	88153.0	310871.0	231.0	443.0	218.0	242.0	61.0	85.0	56.0	99.0	77.0	81.0	59.0	201.00.0	0.0	0.0	0.0	49.0	0.0	17.0	12.0	0.0
	5p	-	48	97716.0	60714.0	57750.0	86179.0	302359.0	227.0	443.0	232.0	241.0	65.0	76.0	50.0	80.0	82.0	86.0	50.0	259.00.0	0.0	0.0	0.0	52.0	0.0	9.0	17.0	0.0
	5p	-	49	94584.0	58769.0	56421.0	83720.0	293494.0	215.0	486.0	210.0	224.0	75.0	71.0	43.0	89.0	61.0	78.0	61.0	221.00.0	0.0	0.0	0.0	49.0	0.0	13.0	11.0	0.0
	5p	-	50	91160.0	57351.0	55086.0	81170.0	284767.0	242.0	421.0	189.0	191.0	67.0	82.0	47.0	91.0	63.0	66.0	42.0	220.00.0	0.0	0.0	0.0	53.0	0.0	8.0	10.0	0.0
	5p	-	51	89198.0	55569.0	53337.0	77871.0	275975.0	212.0	476.0	200.0	205.0	74.0	61.0	43.0	98.0	64.0	73.0	55.0	231.00.0	0.0	0.0	0.0	55.0	0.0	8.0	13.0	0.0
	5p	-	52	85312.0	53927.0	51899.0	75923.0	267061.0	213.0	466.0	203.0	194.0	122.0	146.0	67.0	124.0	72.0	70.0	68.0	257.00.0	0.0	0.0	0.0	45.0	0.0	11.0	10.0	0.0
	5p	-	53	83096.0	52326.0	49565.0	73267.0	258254.0	206.0	397.0	184.0	187.0	88.0	157.0	62.0	128.0	71.0	67.0	57.0	272.00.0	0.0	0.0	0.0	46.0	0.0	14.0	10.0	0.0
	5p	-	54	80142.0	50553.0	47761.0	71107.0	249563.0	224.0	402.0	180.0	175.0	99.0	164.0	62.0	120.0	74.0	57.0	48.0	240.00.0	0.0	0.0	0.0	46.0	0.0	11.0	8.0	0.0
	5p	-	55	77925.0	48381.0	45975.0	68593.0	240874.0	152.0	389.0	182.0	170.0	97.0	176.0	55.0	116.0	56.0	62.0	50.0	214.00.0	0.0	0.0	0.0	32.0	0.0	14.0	6.0	0.0
	5p	-	56	74223.0	46842.0	44652.0	66498.0	232215.0	186.0	364.0	172.0	150.0	107.0	158.0	48.0	113.0	70.0	73.0	41.0	217.00.0	0.0	0.0	0.0	30.0	0.0	7.0	8.0	0.0
	5p	-	57	71637.0	45245.0	43152.0	63629.0	223663.0	184.0	398.0	165.0	169.0	98.0	123.0	63.0	101.0	62.0	42.0	47.0	184.00.0	0.0	0.0	0.0	30.0	0.0	5.0	11.0	0.0
	5p	-	58	68955.0	43646.0	41596.0	61033.0	215230.0	175.0	373.0	159.0	147.0	97.0	135.0	53.0	115.0	49.0	56.0	46.0	177.00.0	0.0	0.0	0.0	18.0	0.0	12.0	8.0	0.0
	5p	-	59	66409.0	41520.0	39551.0	59261.0	206741.0	175.0	355.0	163.0	160.0	76.0	129.0	49.0	97.0	66.0	44.0	40.0	185.00.0	0.0	0.0	0.0	29.0	0.0	12.0	2.0	0.0
	5p	-	60	63426.0	40042.0	38469.0	56444.0	198381.0	175.0	316.0	172.0	139.0	93.0	125.0	42.0	81.0	59.0	57.0	44.0	179.00.0	0.0	0.0	0.0	36.0	0.0	11.0	3.0	0.0
	5p	-	61	60851.0	38320.0	36681.0	54312.0	190164.0	162.0	307.0	130.0	148.0	87.0	102.0	41.0	84.0	71.0	57.0	25.0	184.00.0	0.0	0.0	0.0	22.0	0.0	4.0	6.0	0.0
	5p	-	62	58000.0	37021.0	35070.0	51862.0	181953.0	145.0	296.0	148.0	128.0	92.0	104.0	35.0	96.0	68.0	57.0	33.0	153.00.0	0.0	0.0	0.0	24.0	0.0	7.0	5.0	0.0
	5p	-	63	55616.0	35098.0	33488.0	49699.0	173901.0	160.0	298.0	137.0	138.0	88.0	100.0	35.0	87.0	51.0	51.0	38.0	187.00.0	0.0	0.0	0.0	19.0	0.0	2.0	3.0	0.0
	5p	-	64	53031.0	33470.0	32179.0	47310.0	165990.0	144.0	277.0	114.0	131.0	74.0	85.0	44.0	87.0	43.0	36.0	33.0	169.00.0	0.0	0.0	0.0	28.0	0.0	11.0	4.0	0.0
	5p	-	65	50449.0	32071.0	30596.0	45064.0	158180.0	125.0	303.0	120.0	109.0	83.0	101.0	24.0	70.0	61.0	48.0	36.0	158.00.0	0.0	0.0	0.0	21.0	0.0	9.0	7.0	0.0
	5p	-	66	47941.0	30376.0	28940.0	43050.0	150307.0	122.0	272.0	113.0	105.0	71.0	99.0	34.0	69.0	51.0	40.0	37.0	140.00.0	0.0	0.0	0.0	18.0	0.0	3.0	13.0	0.0
	5p	-	67	45805.0	28739.0	27432.0	40673.0	142649.0	134.0	295.0	87.0	124.0	69.0	84.0	48.0	78.0	45.0	47.0	25.0	137.00.0	0.0	0.0	0.0	27.0	0.0	5.0	7.0	0.0
	5p	-	68	43369.0	27074.0	26206.0	38417.0	135066.0	108.0	283.0	99.0	105.0	73.0	77.0	31.0	69.0	45.0	30.0	28.0	127.00.0	0.0	0.0	0.0	18.0	0.0	6.0	6.0	0.0
	5p	-	69	41036.0	25738.0	24718.0	36280.0	127772.0	110.0	248.0	87.0	105.0	50.0	72.0	27.0	61.0	43.0	38.0	41.0	121.00.0	0.0	0.0	0.0	13.0	0.0	5.0	5.0	0.0
	5p	-	70	38571.0	24380.0	23248.0	34371.0	120570.0	110.0	243.0	101.0	83.0	53.0	62.0	33.0	52.0	37.0	30.0	32.0	119.00.0	0.0	0.0	0.0	19.0	0.0	6.0	4.0	0.0
	5p	-	71	36273.0	22918.0	21983.0	32417.0	113591.0	95.0	235.0	81.0	88.0	54.0	67.0	20.0	60.0	38.0	37.0	24.0	116.00.0	0.0	0.0	0.0	15.0	0.0	4.0	1.0	0.0
	5p	-	72	33894.0	21545.0	20548.0	30662.0	106649.0	81.0	227.0	80.0	94.0	45.0	65.0	38.0	54.0	29.0	34.0	28.0	106.00.0	0.0	0.0	0.0	9.0	0.0	4.0	5.0	0.0
	5p	-	73	32051.0	20259.0	19039.0	28535.0	99884.0	83.0	224.0	72.0	62.0	33.0	59.0	19.0	56.0	24.0	34.0	30.0	75.00.0	0.0	0.0	0.0	12.0	0.0	5.0	5.0	0.0
	5p	-	74	30095.0	18743.0	17771.0	26521.0	93130.0	66.0	214.0	68.0	82.0	50.0	58.0	20.0	38.0	31.0	31.0	18.0	80.00.0	0.0	0.0	0.0	14.0	0.0	3.0	4.0	0.0
	5p	-	75	27781.0	17587.0	16691.0	24663.0	86722.0	71.0	233.0	65.0	74.0	46.0	44.0	17.0	53.0	43.0	38.0	30.0	78.00.0	0.0	0.0	0.0	8.0	0.0	4.0	1.0	0.0
	5p	-	76	26124.0	16298.0	15099.0	22842.0	80363.0	77.0	184.0	72.0	68.0	36.0	54.0	26.0	45.0	23.0	26.0	14.0	74.00.0	0.0	0.0	0.0	8.0	0.0	2.0	1.0	0.0
	5p	-	77	23989.0	14953.0	14172.0	21095.0	74209.0	63.0	200.0	57.0	58.0	41.0	49.0	10.0	39.0	31.0	22.0	17.0	72.00.0	0.0	0.0	0.0	7.0	0.0	1.0	1.0	0.0
	5p	-	78	22109.0	13934.0	12952.0	19213.0	68208.0	68.0	150.0	53.0	49.0	29.0	55.0	10.0	26.0	31.0	22.0	20.0	56.00.0	0.0	0.0	0.0	9.0	0.0	4.0	0.0	0.0
	5p	-	79	20310.0	12756.0	11862.0	17630.0	62558.0	47.0	159.0	36.0	47.0	33.0	37.0	16.0	43.0	19.0	20.0	24.0	59.00.0	0.0	0.0	0.0	8.0	0.0	2.0	2.0	0.0
	5p	-	80	18564.0	11391.0	10766.0	16070.0	56791.0	49.0	146.0	29.0	45.0	25.0	36.0	15.0	24.0	23.0	23.0	10.0	53.00.0	0.0	0.0	0.0	7.0	0.0	2.0	1.0	0.0
	5p	-	81	16566.0	10470.0	9806.0	14437.0	51279.0	53.0	136.0	40.0	41.0	26.0	28.0	10.0	24.0	21.0	16.0	12.0	50.00.0	0.0	0.0	0.0	0.0	0.0	0.0	0.0	0.0
	5p	-	82	14975.0	9294.0	8601.0	13054.0	45924.0	31.0	140.0	29.0	45.0	19.0	41.0	10.0	21.0	14.0	15.0	8.0	41.00.0	0.0	0.0	0.0	4.0	0.0	0.0	0.0	0.0
	5p	-	83	13382.0	8283.0	7663.0	11385.0	40713.0	36.0	150.0	38.0	25.0	20.0	35.0	9.0	25.0	11.0	16.0	10.0	42.00.0	0.0	0.0	0.0	1.0	0.0	0.0	0.0	0.0
	5p	-	84	11821.0	7218.0	6573.0	9978.0	35590.0	24.0	128.0	30.0	28.0	13.0	22.0	8.0	20.0	7.0	14.0	9.0	27.00.0	0.0	0.0	0.0	1.0	0.0	0.0	0.0	0.0
	5p	-	85	10428.0	6068.0	5676.0	8537.0	30709.0	39.0	112.0	27.0	30.0	19.0	24.0	12.0	13.0	10.0	7.0	9.0	32.00.0	0.0	0.0	0.0	1.0	0.0	0.0	1.0	0.0
	5p	-	86	8698.0	5400.0	4636.0	7184.0	25918.0	24.0	97.0	15.0	20.0	14.0	21.0	11.0	18.0	13.0	7.0	7.0	22.00.0	0.0	0.0	0.0	3.0	0.0	0.0	0.0	0.0
	5p	-	87	7073.0	4396.0	3780.0	6050.0	21299.0	31.0	107.0	18.0	17.0	13.0	7.0	11.0	14.0	10.0	7.0	3.0	17.00.0	0.0	0.0	0.0	0.0	0.0	0.0	0.0	0.0
	5p	-	88	5542.0	3417.0	2991.0	4773.0	16723.0	16.0	101.0	9.0	17.0	13.0	9.0	4.0	20.0	14.0	6.0	2.0	20.00.0	0.0	0.0	0.0	0.0	0.0	0.0	0.0	0.0
	5p	-	89	4152.0	2575.0	2120.0	3564.0	12411.0	9.0	102.0	12.0	8.0	7.0	6.0	3.0	6.0	7.0	10.0	2.0	9.00.0	0.0	0.0	0.0	0.0	0.0	0.0	0.0	0.0
	5p	-	90	2823.0	1693.0	1331.0	2326.0	8173.0	19.0	78.0	4.0	10.0	1.0	6.0	1.0	10.0	3.0	2.0	2.0	8.00.0	0.0	0.0	0.0	0.0	0.0	0.0	0.0	0.0
	5p	-	91	1437.0	738.0	612.0	1264.0	4051.0	5.0	65.0	4.0	1.0	2.0	3.0	2.0	2.0	1.0	1.0	2.0	4.00.0	0.0	0.0	0.0	0.0	0.0	0.0	0.0	0.0
	5p	-	92	0.0	0.0	0.0	0.0	0.0	0.0	0.0	0.0	0.0	0.0	0.0	0.0	0.0	0.0	0.0	0.0	0.00.0	0.0	0.0	0.0	0.0	0.0	0.0	0.0	0.0
	5p	-	93	0.0	0.0	0.0	0.0	0.0	0.0	0.0	0.0	0.0	0.0	0.0	0.0	0.0	0.0	0.0	0.0	0.00.0	0.0	0.0	0.0	0.0	0.0	0.0	0.0	0.0
	5p	-	94	0.0	0.0	0.0	0.0	0.0	0.0	0.0	0.0	0.0	0.0	0.0	0.0	0.0	0.0	0.0	0.0	0.00.0	0.0	0.0	0.0	0.0	0.0	0.0	0.0	0.0
	5p	-	95	0.0	0.0	0.0	0.0	0.0	0.0	0.0	0.0	0.0	0.0	0.0	0.0	0.0	0.0	0.0	0.0	0.00.0	0.0	0.0	0.0	0.0	0.0	0.0	0.0	0.0
	5p	-	96	0.0	0.0	0.0	0.0	0.0	0.0	0.0	0.0	0.0	0.0	0.0	0.0	0.0	0.0	0.0	0.0	0.00.0	0.0	0.0	0.0	0.0	0.0	0.0	0.0	0.0
	5p	-	97	0.0	0.0	0.0	0.0	0.0	0.0	0.0	0.0	0.0	0.0	0.0	0.0	0.0	0.0	0.0	0.0	0.00.0	0.0	0.0	0.0	0.0	0.0	0.0	0.0	0.0
	5p	-	98	0.0	0.0	0.0	0.0	0.0	0.0	0.0	0.0	0.0	0.0	0.0	0.0	0.0	0.0	0.0	0.0	0.00.0	0.0	0.0	0.0	0.0	0.0	0.0	0.0	0.0
	5p	-	99	0.0	0.0	0.0	0.0	0.0	0.0	0.0	0.0	0.0	0.0	0.0	0.0	0.0	0.0	0.0	0.0	0.00.0	0.0	0.0	0.0	0.0	0.0	0.0	0.0	0.0
	5p	-	100	0.0	0.0	0.0	0.0	0.0	0.0	0.0	0.0	0.0	0.0	0.0	0.0	0.0	0.0	0.0	0.0	0.00.0	0.0	0.0	0.0	0.0	0.0	0.0	0.0	0.0
