# table produced by DamageProfiler
# using mapped file ScA002.BuffaloCape_Human_nc.Target.rmdup.noMicro.bam
# Sample ID: ScA002.BuffaloCape_Human_nc.Target.rmdup.noMicro.bam
Pos	C>T	G>A	A>C	A>G	A>T	C>A	C>G	G>C	G>T	T>A	T>C	T>G	->ACGT	ACGT>-
24	0.004896	0.003535	0.000711	0.002471	0.000657	0.001272	0.000718	0.001204	0.002197	0.000664	0.002449	0.000670	0.000279	0.000000
23	0.004873	0.003614	0.000704	0.002628	0.000607	0.001064	0.000915	0.001213	0.001997	0.000778	0.002593	0.000667	0.000250	0.000000
22	0.005282	0.003476	0.000634	0.002231	0.000607	0.001244	0.000592	0.001162	0.002205	0.000686	0.002265	0.000821	0.000290	0.000000
21	0.004731	0.003384	0.000610	0.002439	0.000670	0.001181	0.000715	0.001354	0.002056	0.000574	0.002505	0.000761	0.000333	0.000000
20	0.005356	0.003234	0.000752	0.002587	0.000648	0.001100	0.000688	0.001086	0.002062	0.000719	0.002707	0.000672	0.000346	0.000000
19	0.004902	0.003413	0.000687	0.002574	0.000552	0.001111	0.000706	0.001044	0.001978	0.000694	0.002394	0.000665	0.000309	0.000000
18	0.004866	0.003568	0.000586	0.002527	0.000672	0.001065	0.000771	0.001121	0.001997	0.000660	0.002348	0.000759	0.000299	0.000000
17	0.005358	0.003551	0.000677	0.002638	0.000661	0.001007	0.000764	0.001127	0.001958	0.000731	0.002256	0.000830	0.000273	0.000000
16	0.005523	0.003590	0.000625	0.002383	0.000669	0.001174	0.000800	0.001264	0.002105	0.000733	0.002445	0.000639	0.000250	0.000000
15	0.005191	0.003741	0.000777	0.002454	0.000636	0.001418	0.000814	0.001371	0.001947	0.000772	0.002169	0.000713	0.000260	0.000000
14	0.005347	0.003517	0.000683	0.002394	0.000818	0.001465	0.000759	0.001251	0.002097	0.000724	0.002482	0.000776	0.000282	0.000000
13	0.005566	0.003955	0.000687	0.002473	0.000649	0.001208	0.000674	0.001271	0.002020	0.000709	0.002374	0.000726	0.000243	0.000000
12	0.004894	0.004003	0.000766	0.002678	0.000696	0.001164	0.000847	0.001276	0.002073	0.000725	0.002323	0.000896	0.000255	0.000000
11	0.005098	0.003584	0.000683	0.002422	0.000667	0.001250	0.000836	0.001186	0.002063	0.000779	0.002272	0.000850	0.000263	0.000000
10	0.005341	0.003843	0.000647	0.002406	0.000609	0.001158	0.000884	0.001275	0.001973	0.000826	0.002390	0.000661	0.000282	0.000000
9	0.005308	0.003610	0.000705	0.002608	0.000547	0.001219	0.000906	0.001178	0.002053	0.000683	0.002240	0.000624	0.000226	0.000000
8	0.005457	0.003732	0.000729	0.002514	0.000610	0.001462	0.000817	0.001238	0.002115	0.000894	0.002267	0.000696	0.000234	0.000000
7	0.005909	0.004088	0.000586	0.002384	0.000642	0.001394	0.000942	0.001119	0.002002	0.000814	0.002416	0.000686	0.000222	0.000000
6	0.006188	0.004147	0.000730	0.002572	0.000569	0.001570	0.000933	0.001352	0.002144	0.000814	0.002431	0.000814	0.000188	0.000000
5	0.006798	0.003776	0.000592	0.002602	0.000510	0.001621	0.000982	0.001102	0.001653	0.000841	0.002393	0.000853	0.000163	0.000000
4	0.006784	0.004121	0.000635	0.002629	0.000827	0.001889	0.001098	0.000967	0.002045	0.001104	0.002371	0.000927	0.000104	0.000000
3	0.007028	0.004306	0.000706	0.002808	0.000755	0.001676	0.000931	0.001129	0.002242	0.001146	0.002519	0.000906	0.000056	0.000000
2	0.006184	0.004290	0.001054	0.003183	0.000854	0.001716	0.001076	0.001108	0.001864	0.001337	0.003230	0.001169	0.000024	0.000000
1	0.026371	0.005390	0.001098	0.003305	0.001390	0.002040	0.000918	0.001639	0.002245	0.001785	0.003752	0.001309	0.000010	0.000000
0	0.083421	0.006986	0.000951	0.003253	0.001624	0.003790	0.001074	0.001182	0.001929	0.003175	0.004641	0.001845	0.000000	0.000000
