# table produced by DamageProfiler
# using mapped file PcA006.ReedbuckBh_Human_nc.Target.rmdup.noMicro.bam
# Sample ID: PcA006.ReedbuckBh_Human_nc.Target.rmdup.noMicro.bam
Chr	End	Std	Pos	A	C	G	T	Total
	3p	+	1	33	17	6	15	71
	3p	+	2	34	16	15	6	71
	3p	+	3	29	19	6	17	71
	3p	+	4	29	17	10	15	71
	3p	+	5	28	11	12	20	71
	3p	+	6	34	9	9	19	71
	3p	+	7	34	12	13	12	71
	3p	+	8	29	22	10	10	71
	3p	+	9	29	20	9	13	71
	3p	+	10	31	12	8	20	71
	3p	+	11	29	16	12	14	71
	3p	+	12	29	14	9	19	71
	3p	+	13	34	14	7	16	71
	3p	+	14	25	20	11	15	71
	3p	+	15	28	13	10	20	71
	3p	+	16	29	15	12	15	71
	3p	+	17	34	17	8	12	71
	3p	+	18	22	21	10	18	71
	3p	+	19	31	8	11	21	71
	3p	+	20	33	18	8	12	71
	3p	+	21	27	16	10	18	71
	3p	+	22	29	17	10	15	71
	3p	+	23	29	18	8	16	71
	3p	+	24	28	18	11	14	71
	3p	+	25	34	14	10	13	71
	3p	+	26	29	16	11	15	71
	3p	+	27	24	22	10	15	71
	3p	+	28	23	12	14	22	71
	3p	+	29	36	13	7	15	71
	3p	+	30	26	15	11	19	71
	3p	+	31	19	10	9	8	46
	3p	+	32	13	9	3	12	37
	3p	+	33	15	3	3	8	29
	3p	+	34	17	2	1	7	27
	3p	+	35	11	8	3	4	26
	3p	+	36	10	6	0	8	24
	3p	+	37	12	2	3	6	23
	3p	+	38	13	4	1	4	22
	3p	+	39	11	4	1	6	22
	3p	+	40	10	3	1	7	21
	3p	+	41	12	3	0	6	21
	3p	+	42	9	2	2	6	19
	3p	+	43	9	2	1	4	16
	3p	+	44	5	1	2	4	12
	3p	+	45	5	3	1	3	12
	3p	+	46	3	2	1	5	11
	3p	+	47	6	0	0	4	10
	3p	+	48	2	0	3	2	7
	3p	+	49	0	3	2	2	7
	3p	+	50	5	0	1	1	7
	3p	+	51	1	3	2	1	7
	3p	+	52	3	1	0	3	7
	3p	+	53	4	1	0	2	7
	3p	+	54	3	1	1	2	7
	3p	+	55	2	1	2	1	6
	3p	+	56	4	0	0	2	6
	3p	+	57	2	1	0	2	5
	3p	+	58	1	1	0	3	5
	3p	+	59	1	1	2	1	5
	3p	+	60	2	2	1	0	5
	3p	+	61	2	2	1	0	5
	3p	+	62	0	0	3	2	5
	3p	+	63	2	0	1	2	5
	3p	+	64	1	1	2	1	5
	3p	+	65	3	1	0	1	5
	3p	+	66	3	1	1	0	5
	3p	+	67	2	2	1	0	5
	3p	+	68	3	1	0	1	5
	3p	+	69	0	2	2	1	5
	3p	+	70	1	1	1	2	5
	3p	+	71	0	0	1	4	5
	3p	+	72	2	0	0	2	4
	3p	+	73	0	0	1	3	4
	3p	+	74	1	3	0	0	4
	3p	+	75	2	0	1	1	4
	3p	+	76	1	0	2	1	4
	3p	+	77	1	0	1	2	4
	3p	+	78	1	1	1	1	4
	3p	+	79	2	1	0	1	4
	3p	+	80	2	0	1	1	4
	3p	+	81	0	4	0	0	4
	3p	+	82	0	0	1	2	3
	3p	+	83	1	1	1	0	3
	3p	+	84	0	2	1	0	3
	3p	+	85	1	1	0	1	3
	3p	+	86	0	0	2	0	2
	3p	+	87	1	0	0	1	2
	3p	+	88	1	1	0	0	2
	3p	+	89	1	0	1	0	2
	3p	+	90	2	0	0	0	2
	3p	+	91	1	0	1	0	2
	3p	+	92	1	0	0	1	2
	3p	+	93	1	0	0	1	2
	3p	+	94	1	0	0	1	2
	3p	+	95	0	0	1	1	2
	3p	+	96	1	0	1	0	2
	3p	+	97	0	1	0	1	2
	3p	+	98	0	1	0	1	2
	3p	+	99	0	1	0	1	2
	3p	+	100	2	0	0	0	2
	3p	-	1	34	10	11	19	74
	3p	-	2	32	14	13	15	74
	3p	-	3	28	17	16	13	74
	3p	-	4	35	15	10	14	74
	3p	-	5	27	12	16	19	74
	3p	-	6	31	14	11	18	74
	3p	-	7	31	13	16	14	74
	3p	-	8	30	13	13	18	74
	3p	-	9	32	12	12	18	74
	3p	-	10	30	19	8	17	74
	3p	-	11	29	14	14	17	74
	3p	-	12	27	13	16	18	74
	3p	-	13	21	16	17	20	74
	3p	-	14	31	15	8	20	74
	3p	-	15	35	10	9	20	74
	3p	-	16	30	14	16	14	74
	3p	-	17	34	13	9	18	74
	3p	-	18	25	9	17	23	74
	3p	-	19	26	12	13	23	74
	3p	-	20	30	15	9	20	74
	3p	-	21	29	14	15	16	74
	3p	-	22	21	14	18	21	74
	3p	-	23	24	20	12	18	74
	3p	-	24	27	19	12	16	74
	3p	-	25	19	22	20	13	74
	3p	-	26	28	13	10	23	74
	3p	-	27	23	15	14	22	74
	3p	-	28	19	19	13	23	74
	3p	-	29	25	16	12	21	74
	3p	-	30	27	16	16	15	74
	3p	-	31	15	7	5	22	49
	3p	-	32	14	2	4	16	36
	3p	-	33	16	7	0	5	28
	3p	-	34	9	6	6	5	26
	3p	-	35	11	2	2	5	20
	3p	-	36	5	3	4	6	18
	3p	-	37	5	2	1	7	15
	3p	-	38	7	1	2	4	14
	3p	-	39	8	3	0	3	14
	3p	-	40	4	6	2	2	14
	3p	-	41	6	1	2	5	14
	3p	-	42	8	1	1	4	14
	3p	-	43	2	0	3	7	12
	3p	-	44	7	2	0	3	12
	3p	-	45	6	2	3	1	12
	3p	-	46	5	2	2	1	10
	3p	-	47	3	1	1	4	9
	3p	-	48	4	0	0	3	7
	3p	-	49	1	1	1	2	5
	3p	-	50	2	1	0	1	4
	3p	-	51	1	2	0	1	4
	3p	-	52	1	0	2	0	3
	3p	-	53	1	0	0	1	2
	3p	-	54	1	0	1	0	2
	3p	-	55	0	0	1	1	2
	3p	-	56	0	0	0	2	2
	3p	-	57	1	1	0	0	2
	3p	-	58	0	1	1	0	2
	3p	-	59	1	1	0	0	2
	3p	-	60	1	1	0	0	2
	3p	-	61	1	1	0	0	2
	3p	-	62	0	0	0	2	2
	3p	-	63	0	2	0	0	2
	3p	-	64	1	0	0	1	2
	3p	-	65	0	1	0	1	2
	3p	-	66	1	1	0	0	2
	3p	-	67	1	0	1	0	2
	3p	-	68	0	0	0	2	2
	3p	-	69	0	1	0	1	2
	3p	-	70	0	0	0	0	0
	3p	-	71	0	0	0	0	0
	3p	-	72	0	0	0	0	0
	3p	-	73	0	0	0	0	0
	3p	-	74	0	0	0	0	0
	3p	-	75	0	0	0	0	0
	3p	-	76	0	0	0	0	0
	3p	-	77	0	0	0	0	0
	3p	-	78	0	0	0	0	0
	3p	-	79	0	0	0	0	0
	3p	-	80	0	0	0	0	0
	3p	-	81	0	0	0	0	0
	3p	-	82	0	0	0	0	0
	3p	-	83	0	0	0	0	0
	3p	-	84	0	0	0	0	0
	3p	-	85	0	0	0	0	0
	3p	-	86	0	0	0	0	0
	3p	-	87	0	0	0	0	0
	3p	-	88	0	0	0	0	0
	3p	-	89	0	0	0	0	0
	3p	-	90	0	0	0	0	0
	3p	-	91	0	0	0	0	0
	3p	-	92	0	0	0	0	0
	3p	-	93	0	0	0	0	0
	3p	-	94	0	0	0	0	0
	3p	-	95	0	0	0	0	0
	3p	-	96	0	0	0	0	0
	3p	-	97	0	0	0	0	0
	3p	-	98	0	0	0	0	0
	3p	-	99	0	0	0	0	0
	3p	-	100	0	0	0	0	0
	5p	+	1	28	17	8	18	71
	5p	+	2	28	11	16	16	71
	5p	+	3	22	20	12	17	71
	5p	+	4	30	18	8	15	71
	5p	+	5	30	10	10	21	71
	5p	+	6	28	20	11	12	71
	5p	+	7	27	13	12	19	71
	5p	+	8	23	24	9	15	71
	5p	+	9	26	23	8	14	71
	5p	+	10	32	13	8	18	71
	5p	+	11	28	12	12	19	71
	5p	+	12	24	18	8	21	71
	5p	+	13	27	20	10	14	71
	5p	+	14	35	11	9	16	71
	5p	+	15	31	20	9	11	71
	5p	+	16	30	10	12	19	71
	5p	+	17	24	21	4	22	71
	5p	+	18	30	19	8	14	71
	5p	+	19	37	11	9	14	71
	5p	+	20	24	16	12	19	71
	5p	+	21	28	16	9	18	71
	5p	+	22	31	14	13	13	71
	5p	+	23	35	11	11	14	71
	5p	+	24	28	21	9	13	71
	5p	+	25	37	12	11	11	71
	5p	+	26	29	9	10	23	71
	5p	+	27	27	21	10	13	71
	5p	+	28	35	16	5	15	71
	5p	+	29	30	13	10	18	71
	5p	+	30	24	18	10	19	71
	5p	+	31	21	11	5	9	46
	5p	+	32	23	4	2	8	37
	5p	+	33	15	8	2	4	29
	5p	+	34	15	1	4	7	27
	5p	+	35	8	5	2	11	26
	5p	+	36	11	7	2	4	24
	5p	+	37	13	4	3	3	23
	5p	+	38	11	2	1	8	22
	5p	+	39	9	5	2	6	22
	5p	+	40	11	2	2	6	21
	5p	+	41	9	3	1	8	21
	5p	+	42	8	2	3	6	19
	5p	+	43	6	2	3	5	16
	5p	+	44	5	3	2	2	12
	5p	+	45	5	3	1	3	12
	5p	+	46	7	1	1	2	11
	5p	+	47	3	2	0	5	10
	5p	+	48	4	0	2	1	7
	5p	+	49	3	1	2	1	7
	5p	+	50	3	3	1	0	7
	5p	+	51	2	3	1	1	7
	5p	+	52	4	1	1	1	7
	5p	+	53	2	2	2	1	7
	5p	+	54	2	1	2	2	7
	5p	+	55	4	0	1	1	6
	5p	+	56	4	0	2	0	6
	5p	+	57	4	0	1	0	5
	5p	+	58	0	2	1	2	5
	5p	+	59	3	0	0	2	5
	5p	+	60	0	1	1	3	5
	5p	+	61	2	1	0	2	5
	5p	+	62	3	2	0	0	5
	5p	+	63	4	0	1	0	5
	5p	+	64	4	0	0	1	5
	5p	+	65	1	0	2	2	5
	5p	+	66	2	0	1	2	5
	5p	+	67	2	1	1	1	5
	5p	+	68	2	0	2	1	5
	5p	+	69	1	0	1	3	5
	5p	+	70	2	1	1	1	5
	5p	+	71	1	2	0	2	5
	5p	+	72	2	1	0	1	4
	5p	+	73	0	2	1	1	4
	5p	+	74	1	2	1	0	4
	5p	+	75	1	0	1	2	4
	5p	+	76	3	0	1	0	4
	5p	+	77	2	0	0	2	4
	5p	+	78	2	1	1	0	4
	5p	+	79	2	0	0	2	4
	5p	+	80	1	0	1	2	4
	5p	+	81	2	0	1	1	4
	5p	+	82	0	1	2	0	3
	5p	+	83	1	0	1	1	3
	5p	+	84	3	0	0	0	3
	5p	+	85	2	0	0	1	3
	5p	+	86	0	0	2	0	2
	5p	+	87	0	0	0	2	2
	5p	+	88	1	0	1	0	2
	5p	+	89	2	0	0	0	2
	5p	+	90	0	0	1	1	2
	5p	+	91	1	1	0	0	2
	5p	+	92	1	1	0	0	2
	5p	+	93	1	0	0	1	2
	5p	+	94	2	0	0	0	2
	5p	+	95	0	1	1	0	2
	5p	+	96	0	2	0	0	2
	5p	+	97	0	1	1	0	2
	5p	+	98	1	0	1	0	2
	5p	+	99	1	1	0	0	2
	5p	+	100	0	2	0	0	2
	5p	-	1	26	19	13	16	74
	5p	-	2	26	12	11	25	74
	5p	-	3	19	23	11	21	74
	5p	-	4	25	17	9	23	74
	5p	-	5	18	17	21	18	74
	5p	-	6	23	20	14	17	74
	5p	-	7	21	21	12	20	74
	5p	-	8	28	13	13	20	74
	5p	-	9	22	15	19	18	74
	5p	-	10	22	20	17	15	74
	5p	-	11	31	16	10	17	74
	5p	-	12	26	17	10	21	74
	5p	-	13	26	13	13	22	74
	5p	-	14	31	10	15	18	74
	5p	-	15	32	14	12	16	74
	5p	-	16	28	7	14	25	74
	5p	-	17	30	7	12	25	74
	5p	-	18	30	19	11	14	74
	5p	-	19	29	14	15	16	74
	5p	-	20	31	13	10	20	74
	5p	-	21	24	19	11	20	74
	5p	-	22	28	10	12	24	74
	5p	-	23	24	16	18	16	74
	5p	-	24	31	20	12	11	74
	5p	-	25	34	11	12	17	74
	5p	-	26	32	7	15	20	74
	5p	-	27	34	17	10	13	74
	5p	-	28	30	14	17	13	74
	5p	-	29	34	14	13	13	74
	5p	-	30	25	16	14	19	74
	5p	-	31	22	8	5	14	49
	5p	-	32	17	2	7	10	36
	5p	-	33	17	2	2	7	28
	5p	-	34	7	5	1	13	26
	5p	-	35	5	2	5	8	20
	5p	-	36	12	0	2	4	18
	5p	-	37	8	2	2	3	15
	5p	-	38	9	1	2	2	14
	5p	-	39	9	2	0	3	14
	5p	-	40	5	0	1	8	14
	5p	-	41	5	3	5	1	14
	5p	-	42	9	2	1	2	14
	5p	-	43	5	1	1	5	12
	5p	-	44	8	1	0	3	12
	5p	-	45	7	3	0	2	12
	5p	-	46	3	1	2	4	10
	5p	-	47	5	1	1	2	9
	5p	-	48	1	0	3	3	7
	5p	-	49	2	1	0	2	5
	5p	-	50	3	1	0	0	4
	5p	-	51	2	1	0	1	4
	5p	-	52	0	0	1	2	3
	5p	-	53	0	0	1	1	2
	5p	-	54	0	2	0	0	2
	5p	-	55	1	1	0	0	2
	5p	-	56	1	1	0	0	2
	5p	-	57	0	1	0	1	2
	5p	-	58	1	0	0	1	2
	5p	-	59	0	0	0	2	2
	5p	-	60	0	1	0	1	2
	5p	-	61	0	1	0	1	2
	5p	-	62	1	0	1	0	2
	5p	-	63	1	0	0	1	2
	5p	-	64	0	0	1	1	2
	5p	-	65	0	1	0	1	2
	5p	-	66	1	0	0	1	2
	5p	-	67	1	0	1	0	2
	5p	-	68	0	2	0	0	2
	5p	-	69	1	0	0	1	2
	5p	-	70	0	0	0	0	0
	5p	-	71	0	0	0	0	0
	5p	-	72	0	0	0	0	0
	5p	-	73	0	0	0	0	0
	5p	-	74	0	0	0	0	0
	5p	-	75	0	0	0	0	0
	5p	-	76	0	0	0	0	0
	5p	-	77	0	0	0	0	0
	5p	-	78	0	0	0	0	0
	5p	-	79	0	0	0	0	0
	5p	-	80	0	0	0	0	0
	5p	-	81	0	0	0	0	0
	5p	-	82	0	0	0	0	0
	5p	-	83	0	0	0	0	0
	5p	-	84	0	0	0	0	0
	5p	-	85	0	0	0	0	0
	5p	-	86	0	0	0	0	0
	5p	-	87	0	0	0	0	0
	5p	-	88	0	0	0	0	0
	5p	-	89	0	0	0	0	0
	5p	-	90	0	0	0	0	0
	5p	-	91	0	0	0	0	0
	5p	-	92	0	0	0	0	0
	5p	-	93	0	0	0	0	0
	5p	-	94	0	0	0	0	0
	5p	-	95	0	0	0	0	0
	5p	-	96	0	0	0	0	0
	5p	-	97	0	0	0	0	0
	5p	-	98	0	0	0	0	0
	5p	-	99	0	0	0	0	0
	5p	-	100	0	0	0	0	0
