# table produced by DamageProfiler
# using mapped file ScA009.BuffaloCape_Human_nc.Target.rmdup.noMicro.bam
# Sample ID: ScA009.BuffaloCape_Human_nc.Target.rmdup.noMicro.bam
Pos	C>T	G>A	A>C	A>G	A>T	C>A	C>G	G>C	G>T	T>A	T>C	T>G	->ACGT	ACGT>-
24	0.016092	0.014118	0.048780	0.024390	0.018293	0.025287	0.020690	0.028235	0.004706	0.020270	0.033784	0.027027	0.037543	0.000000
23	0.013605	0.016706	0.000000	0.018868	0.006289	0.015873	0.029478	0.014320	0.016706	0.033784	0.040541	0.027027	0.047986	0.000000
22	0.021413	0.005222	0.016304	0.021739	0.016304	0.010707	0.017131	0.023499	0.010444	0.000000	0.015625	0.039063	0.045611	0.000000
21	0.015487	0.014320	0.029851	0.014925	0.029851	0.015487	0.022124	0.026253	0.007160	0.006452	0.019355	0.045161	0.046552	0.000000
20	0.015556	0.013953	0.043750	0.018750	0.006250	0.013333	0.026667	0.023256	0.004651	0.029851	0.022388	0.029851	0.036627	0.000000
19	0.010941	0.026634	0.019481	0.012987	0.032468	0.010941	0.019694	0.024213	0.009685	0.020548	0.020548	0.013699	0.041880	0.000000
18	0.006637	0.014706	0.012048	0.024096	0.018072	0.011062	0.024336	0.024510	0.014706	0.022727	0.030303	0.015152	0.050950	0.000000
17	0.013453	0.009709	0.030303	0.036364	0.006061	0.022422	0.029148	0.033981	0.012136	0.014599	0.029197	0.029197	0.048276	0.000000
16	0.010438	0.012438	0.019868	0.026490	0.000000	0.008351	0.029228	0.024876	0.017413	0.007299	0.029197	0.058394	0.042772	0.000000
15	0.011236	0.009153	0.057554	0.000000	0.014388	0.013483	0.026966	0.022883	0.009153	0.020548	0.020548	0.034247	0.045416	0.000000
14	0.015385	0.006881	0.025000	0.018750	0.000000	0.010989	0.019780	0.009174	0.013761	0.000000	0.049587	0.033058	0.042662	0.000000
13	0.006342	0.016393	0.034884	0.046512	0.017442	0.008457	0.029598	0.010929	0.016393	0.000000	0.032468	0.045455	0.042918	0.000000
12	0.004728	0.011848	0.018750	0.031250	0.018750	0.007092	0.009456	0.035545	0.002370	0.038462	0.006410	0.044872	0.051680	0.000000
11	0.015521	0.012048	0.012500	0.025000	0.025000	0.013304	0.033259	0.036145	0.014458	0.029851	0.029851	0.022388	0.050862	0.000000
10	0.022312	0.010811	0.030303	0.030303	0.012121	0.014199	0.026369	0.024324	0.008108	0.021583	0.021583	0.043165	0.047986	0.000000
9	0.006928	0.011990	0.015957	0.021277	0.021277	0.013857	0.036952	0.019185	0.011990	0.021429	0.050000	0.021429	0.035654	0.000000
8	0.009302	0.004662	0.028090	0.033708	0.028090	0.006977	0.009302	0.020979	0.006993	0.015267	0.000000	0.038168	0.044521	0.000000
7	0.018059	0.007246	0.029586	0.011834	0.011834	0.015801	0.013544	0.024155	0.021739	0.014085	0.056338	0.021127	0.048801	0.000000
6	0.010776	0.012920	0.035294	0.017647	0.011765	0.015086	0.025862	0.020672	0.031008	0.006536	0.032680	0.013072	0.034923	0.000000
5	0.004175	0.009709	0.037975	0.018987	0.006329	0.004175	0.020877	0.019417	0.012136	0.013423	0.033557	0.046980	0.020033	0.000000
4	0.009070	0.007109	0.023364	0.032710	0.014019	0.004535	0.029478	0.023697	0.007109	0.020134	0.020134	0.020134	0.002447	0.000000
3	0.007634	0.006211	0.010204	0.040816	0.020408	0.007634	0.022901	0.012422	0.014493	0.037975	0.037975	0.044304	0.000000	0.000000
2	0.006865	0.013807	0.025000	0.037500	0.012500	0.025172	0.020595	0.017751	0.013807	0.000000	0.040323	0.016129	0.001629	0.000000
1	0.001957	0.009877	0.030000	0.025000	0.000000	0.013699	0.021526	0.029630	0.004938	0.035088	0.078947	0.035088	0.000000	0.000000
0	0.011136	0.011013	0.015385	0.015385	0.015385	0.026726	0.020045	0.024229	0.013216	0.000000	0.022727	0.030303	0.000000	0.000000
