# table produced by DamageProfiler
# using mapped file ScA009.BuffaloCape_Human_nc.Target.rmdup.noMicro.bam
# Sample ID: ScA009.BuffaloCape_Human_nc.Target.rmdup.noMicro.bam
Chr	End	Std	Pos	A	C	G	T	Total
	3p	+	1	102	238	224	75	639
	3p	+	2	100	261	215	63	639
	3p	+	3	85	222	266	66	639
	3p	+	4	105	194	252	88	639
	3p	+	5	112	234	223	70	639
	3p	+	6	82	243	237	77	639
	3p	+	7	87	240	214	98	639
	3p	+	8	103	238	216	82	639
	3p	+	9	91	226	251	71	639
	3p	+	10	110	232	228	69	639
	3p	+	11	96	273	202	68	639
	3p	+	12	94	245	233	67	639
	3p	+	13	94	243	226	76	639
	3p	+	14	93	249	212	85	639
	3p	+	15	93	241	237	68	639
	3p	+	16	78	234	239	88	639
	3p	+	17	82	259	218	80	639
	3p	+	18	97	229	244	69	639
	3p	+	19	98	238	223	80	639
	3p	+	20	85	244	224	86	639
	3p	+	21	105	239	226	69	639
	3p	+	22	85	245	226	83	639
	3p	+	23	103	242	214	80	639
	3p	+	24	99	232	231	77	639
	3p	+	25	96	227	232	84	639
	3p	+	26	107	220	214	98	639
	3p	+	27	102	251	196	90	639
	3p	+	28	84	260	210	85	639
	3p	+	29	84	235	232	88	639
	3p	+	30	99	226	252	62	639
	3p	+	31	24	92	79	31	226
	3p	+	32	17	27	29	19	92
	3p	+	33	12	17	11	11	51
	3p	+	34	9	8	9	5	31
	3p	+	35	7	8	6	8	29
	3p	+	36	6	6	7	9	28
	3p	+	37	10	6	5	6	27
	3p	+	38	9	3	5	7	24
	3p	+	39	6	9	5	2	22
	3p	+	40	9	5	5	3	22
	3p	+	41	7	5	8	2	22
	3p	+	42	7	5	0	8	20
	3p	+	43	10	5	4	1	20
	3p	+	44	5	4	6	3	18
	3p	+	45	5	5	2	3	15
	3p	+	46	6	3	2	4	15
	3p	+	47	4	3	1	5	13
	3p	+	48	4	3	2	3	12
	3p	+	49	4	3	3	2	12
	3p	+	50	3	0	3	6	12
	3p	+	51	6	2	2	2	12
	3p	+	52	3	1	3	5	12
	3p	+	53	5	6	0	1	12
	3p	+	54	3	2	2	5	12
	3p	+	55	3	4	3	2	12
	3p	+	56	3	0	6	2	11
	3p	+	57	5	2	3	1	11
	3p	+	58	2	3	4	2	11
	3p	+	59	2	1	5	3	11
	3p	+	60	3	2	3	2	10
	3p	+	61	3	5	1	1	10
	3p	+	62	5	3	0	1	9
	3p	+	63	1	3	4	1	9
	3p	+	64	5	0	1	3	9
	3p	+	65	4	2	1	2	9
	3p	+	66	4	1	2	2	9
	3p	+	67	2	3	0	3	8
	3p	+	68	1	3	4	0	8
	3p	+	69	3	1	1	3	8
	3p	+	70	0	3	2	3	8
	3p	+	71	4	0	2	2	8
	3p	+	72	0	3	1	4	8
	3p	+	73	1	1	0	4	6
	3p	+	74	1	2	2	0	5
	3p	+	75	2	0	2	1	5
	3p	+	76	0	1	3	1	5
	3p	+	77	2	1	0	2	5
	3p	+	78	0	3	0	1	4
	3p	+	79	2	1	0	1	4
	3p	+	80	1	2	1	0	4
	3p	+	81	2	0	0	2	4
	3p	+	82	2	1	0	1	4
	3p	+	83	3	1	0	0	4
	3p	+	84	1	2	1	0	4
	3p	+	85	2	1	0	1	4
	3p	+	86	1	0	1	1	3
	3p	+	87	1	0	1	1	3
	3p	+	88	2	0	1	0	3
	3p	+	89	1	1	1	0	3
	3p	+	90	1	1	0	1	3
	3p	+	91	2	1	0	0	3
	3p	+	92	1	1	1	0	3
	3p	+	93	1	0	2	0	3
	3p	+	94	0	1	1	1	3
	3p	+	95	1	1	0	1	3
	3p	+	96	1	1	1	0	3
	3p	+	97	1	0	1	1	3
	3p	+	98	2	0	0	1	3
	3p	+	99	1	2	0	0	3
	3p	+	100	1	1	1	0	3
	3p	-	1	101	202	224	64	591
	3p	-	2	104	258	192	37	591
	3p	-	3	81	210	237	63	591
	3p	-	4	89	198	239	65	591
	3p	-	5	97	207	206	81	591
	3p	-	6	80	251	186	74	591
	3p	-	7	94	237	179	81	591
	3p	-	8	90	225	205	71	591
	3p	-	9	89	228	199	75	591
	3p	-	10	92	208	211	80	591
	3p	-	11	88	227	194	82	591
	3p	-	12	86	218	203	84	591
	3p	-	13	82	215	213	81	591
	3p	-	14	88	228	191	84	591
	3p	-	15	83	219	225	64	591
	3p	-	16	74	229	220	68	591
	3p	-	17	85	234	205	67	591
	3p	-	18	81	235	191	84	591
	3p	-	19	84	235	204	68	591
	3p	-	20	90	228	196	77	591
	3p	-	21	76	216	222	77	591
	3p	-	22	65	222	213	91	591
	3p	-	23	87	238	193	73	591
	3p	-	24	92	213	209	77	591
	3p	-	25	83	220	210	78	591
	3p	-	26	91	232	183	85	591
	3p	-	27	92	230	184	85	591
	3p	-	28	89	231	193	78	591
	3p	-	29	79	216	206	90	591
	3p	-	30	92	217	209	73	591
	3p	-	31	28	88	84	27	227
	3p	-	32	13	34	27	13	87
	3p	-	33	10	17	17	9	53
	3p	-	34	10	7	10	4	31
	3p	-	35	6	6	1	9	22
	3p	-	36	6	5	5	4	20
	3p	-	37	4	5	4	4	17
	3p	-	38	3	5	1	7	16
	3p	-	39	4	4	4	3	15
	3p	-	40	3	4	3	5	15
	3p	-	41	5	3	1	5	14
	3p	-	42	4	2	3	5	14
	3p	-	43	6	2	2	2	12
	3p	-	44	2	5	2	3	12
	3p	-	45	3	0	4	5	12
	3p	-	46	3	1	4	4	12
	3p	-	47	5	3	0	4	12
	3p	-	48	3	3	3	3	12
	3p	-	49	4	1	3	4	12
	3p	-	50	3	4	3	2	12
	3p	-	51	4	4	1	2	11
	3p	-	52	4	4	1	2	11
	3p	-	53	7	1	1	2	11
	3p	-	54	5	3	0	2	10
	3p	-	55	3	2	3	2	10
	3p	-	56	7	1	2	0	10
	3p	-	57	2	1	1	5	9
	3p	-	58	4	1	1	3	9
	3p	-	59	1	2	2	4	9
	3p	-	60	2	1	3	3	9
	3p	-	61	2	1	3	2	8
	3p	-	62	3	1	4	0	8
	3p	-	63	3	0	2	2	7
	3p	-	64	4	1	0	2	7
	3p	-	65	2	2	1	2	7
	3p	-	66	4	1	1	1	7
	3p	-	67	2	2	1	2	7
	3p	-	68	3	1	2	0	6
	3p	-	69	0	1	2	3	6
	3p	-	70	1	1	1	3	6
	3p	-	71	1	1	1	2	5
	3p	-	72	1	2	1	1	5
	3p	-	73	1	2	0	2	5
	3p	-	74	2	1	1	1	5
	3p	-	75	3	1	0	1	5
	3p	-	76	1	1	1	2	5
	3p	-	77	1	1	1	2	5
	3p	-	78	3	1	0	1	5
	3p	-	79	0	2	0	3	5
	3p	-	80	4	1	0	0	5
	3p	-	81	4	0	1	0	5
	3p	-	82	2	1	1	1	5
	3p	-	83	1	1	2	1	5
	3p	-	84	1	0	3	1	5
	3p	-	85	1	1	2	1	5
	3p	-	86	1	1	1	2	5
	3p	-	87	1	2	0	2	5
	3p	-	88	0	2	1	2	5
	3p	-	89	1	1	2	1	5
	3p	-	90	3	0	0	2	5
	3p	-	91	2	2	0	1	5
	3p	-	92	2	2	0	1	5
	3p	-	93	0	3	1	1	5
	3p	-	94	2	0	1	2	5
	3p	-	95	2	0	1	2	5
	3p	-	96	1	0	2	2	5
	3p	-	97	0	1	2	2	5
	3p	-	98	1	2	0	2	5
	3p	-	99	2	2	0	0	4
	3p	-	100	2	0	2	0	4
	5p	+	1	90	245	243	61	639
	5p	+	2	81	218	241	99	639
	5p	+	3	88	251	228	72	639
	5p	+	4	92	285	179	83	639
	5p	+	5	110	219	214	96	639
	5p	+	6	97	224	247	71	639
	5p	+	7	95	229	231	84	639
	5p	+	8	108	240	203	88	639
	5p	+	9	89	254	219	77	639
	5p	+	10	93	238	225	83	639
	5p	+	11	95	243	221	80	639
	5p	+	12	91	239	229	80	639
	5p	+	13	98	227	232	82	639
	5p	+	14	87	262	209	81	639
	5p	+	15	75	236	238	90	639
	5p	+	16	97	232	242	68	639
	5p	+	17	99	254	210	76	639
	5p	+	18	99	234	233	73	639
	5p	+	19	97	235	232	75	639
	5p	+	20	93	276	202	68	639
	5p	+	21	97	243	229	70	639
	5p	+	22	101	232	239	67	639
	5p	+	23	96	238	219	86	639
	5p	+	24	90	242	221	86	639
	5p	+	25	90	238	231	80	639
	5p	+	26	105	236	225	73	639
	5p	+	27	107	222	230	80	639
	5p	+	28	92	211	262	74	639
	5p	+	29	104	246	231	58	639
	5p	+	30	90	236	235	78	639
	5p	+	31	36	87	77	26	226
	5p	+	32	21	29	29	13	92
	5p	+	33	11	14	15	11	51
	5p	+	34	8	8	6	9	31
	5p	+	35	10	5	6	8	29
	5p	+	36	7	8	8	5	28
	5p	+	37	11	7	6	3	27
	5p	+	38	8	4	7	5	24
	5p	+	39	5	4	8	5	22
	5p	+	40	10	4	4	4	22
	5p	+	41	9	3	4	6	22
	5p	+	42	4	7	7	2	20
	5p	+	43	7	3	6	4	20
	5p	+	44	5	2	3	8	18
	5p	+	45	6	3	3	3	15
	5p	+	46	5	2	7	1	15
	5p	+	47	4	1	3	5	13
	5p	+	48	3	4	3	2	12
	5p	+	49	6	1	1	4	12
	5p	+	50	2	2	5	3	12
	5p	+	51	5	3	1	3	12
	5p	+	52	5	1	3	3	12
	5p	+	53	3	2	4	3	12
	5p	+	54	4	5	1	2	12
	5p	+	55	6	2	2	2	12
	5p	+	56	4	4	2	1	11
	5p	+	57	2	2	3	4	11
	5p	+	58	1	4	3	3	11
	5p	+	59	4	0	1	6	11
	5p	+	60	2	2	3	3	10
	5p	+	61	1	2	3	4	10
	5p	+	62	0	4	3	2	9
	5p	+	63	4	2	1	2	9
	5p	+	64	2	2	4	1	9
	5p	+	65	2	2	1	4	9
	5p	+	66	4	4	0	1	9
	5p	+	67	4	1	0	3	8
	5p	+	68	1	1	4	2	8
	5p	+	69	3	2	0	3	8
	5p	+	70	4	2	2	0	8
	5p	+	71	3	0	1	4	8
	5p	+	72	2	2	4	0	8
	5p	+	73	2	3	0	1	6
	5p	+	74	3	1	0	1	5
	5p	+	75	1	2	1	1	5
	5p	+	76	2	1	1	1	5
	5p	+	77	0	2	2	1	5
	5p	+	78	1	3	0	0	4
	5p	+	79	0	1	1	2	4
	5p	+	80	1	0	3	0	4
	5p	+	81	0	0	3	1	4
	5p	+	82	1	1	1	1	4
	5p	+	83	0	0	2	2	4
	5p	+	84	1	0	1	2	4
	5p	+	85	1	1	0	2	4
	5p	+	86	1	0	2	0	3
	5p	+	87	1	1	1	0	3
	5p	+	88	1	1	0	1	3
	5p	+	89	2	0	1	0	3
	5p	+	90	1	0	2	0	3
	5p	+	91	1	0	1	1	3
	5p	+	92	0	2	1	0	3
	5p	+	93	1	0	1	1	3
	5p	+	94	0	2	1	0	3
	5p	+	95	2	0	0	1	3
	5p	+	96	2	0	0	1	3
	5p	+	97	1	0	1	1	3
	5p	+	98	1	1	0	1	3
	5p	+	99	1	2	0	0	3
	5p	+	100	3	0	0	0	3
	5p	-	1	89	218	225	59	591
	5p	-	2	78	195	217	101	591
	5p	-	3	88	257	170	76	591
	5p	-	4	84	235	190	82	591
	5p	-	5	95	220	182	94	591
	5p	-	6	86	228	204	73	591
	5p	-	7	95	211	221	64	591
	5p	-	8	98	234	179	80	591
	5p	-	9	61	229	210	91	591
	5p	-	10	81	229	212	69	591
	5p	-	11	85	206	207	93	591
	5p	-	12	75	249	203	64	591
	5p	-	13	77	229	207	78	591
	5p	-	14	88	225	202	76	591
	5p	-	15	79	233	208	71	591
	5p	-	16	86	228	233	44	591
	5p	-	17	96	219	195	81	591
	5p	-	18	79	230	201	81	591
	5p	-	19	75	224	205	87	591
	5p	-	20	94	204	196	97	591
	5p	-	21	82	224	217	68	591
	5p	-	22	91	225	202	73	591
	5p	-	23	101	209	203	78	591
	5p	-	24	90	242	179	80	591
	5p	-	25	83	255	186	67	591
	5p	-	26	93	214	189	95	591
	5p	-	27	91	199	231	70	591
	5p	-	28	85	208	226	72	591
	5p	-	29	99	232	210	50	591
	5p	-	30	79	235	218	59	591
	5p	-	31	40	82	82	23	227
	5p	-	32	21	22	30	14	87
	5p	-	33	12	21	15	5	53
	5p	-	34	8	5	12	6	31
	5p	-	35	10	2	5	5	22
	5p	-	36	3	4	6	7	20
	5p	-	37	7	3	4	3	17
	5p	-	38	2	4	3	7	16
	5p	-	39	1	5	6	3	15
	5p	-	40	1	6	4	4	15
	5p	-	41	5	2	0	7	14
	5p	-	42	4	4	2	4	14
	5p	-	43	4	2	0	6	12
	5p	-	44	1	3	3	5	12
	5p	-	45	5	0	2	5	12
	5p	-	46	1	5	3	3	12
	5p	-	47	5	0	2	5	12
	5p	-	48	3	4	4	1	12
	5p	-	49	4	3	2	3	12
	5p	-	50	4	0	3	5	12
	5p	-	51	4	3	2	2	11
	5p	-	52	3	7	0	1	11
	5p	-	53	3	4	3	1	11
	5p	-	54	4	4	1	1	10
	5p	-	55	3	1	4	2	10
	5p	-	56	4	2	2	2	10
	5p	-	57	2	3	2	2	9
	5p	-	58	3	1	1	4	9
	5p	-	59	3	1	0	5	9
	5p	-	60	4	1	2	2	9
	5p	-	61	4	0	2	2	8
	5p	-	62	1	0	6	1	8
	5p	-	63	1	3	1	2	7
	5p	-	64	5	1	1	0	7
	5p	-	65	2	2	2	1	7
	5p	-	66	0	2	1	4	7
	5p	-	67	2	0	3	2	7
	5p	-	68	2	1	1	2	6
	5p	-	69	1	2	0	3	6
	5p	-	70	2	2	0	2	6
	5p	-	71	3	1	1	0	5
	5p	-	72	3	1	0	1	5
	5p	-	73	2	0	0	3	5
	5p	-	74	1	0	2	2	5
	5p	-	75	1	1	1	2	5
	5p	-	76	1	2	1	1	5
	5p	-	77	2	0	1	2	5
	5p	-	78	1	1	3	0	5
	5p	-	79	2	1	1	1	5
	5p	-	80	1	3	0	1	5
	5p	-	81	4	1	0	0	5
	5p	-	82	3	0	1	1	5
	5p	-	83	2	0	1	2	5
	5p	-	84	1	1	0	3	5
	5p	-	85	2	0	1	2	5
	5p	-	86	1	1	1	2	5
	5p	-	87	2	2	0	1	5
	5p	-	88	3	0	0	2	5
	5p	-	89	2	2	1	0	5
	5p	-	90	0	0	1	4	5
	5p	-	91	4	1	0	0	5
	5p	-	92	2	1	0	2	5
	5p	-	93	0	2	1	2	5
	5p	-	94	2	2	0	1	5
	5p	-	95	1	1	2	1	5
	5p	-	96	3	0	0	2	5
	5p	-	97	1	2	1	1	5
	5p	-	98	3	0	0	2	5
	5p	-	99	1	1	0	2	4
	5p	-	100	0	1	1	2	4
