# table produced by DamageProfiler
# using mapped file ScA009.BuffaloCape_Human_nc.Target.rmdup.noMicro.bam
# Sample ID: ScA009.BuffaloCape_Human_nc.Target.rmdup.noMicro.bam
Chr	End	Std	Pos	A	C	G	T	Total	G>A	C>T	A>G	T>C	A>C	A>T	C>G	C>A	T>G	T>A	G>C	G>T	A>-	T>-	C>-	G>-	->A	->T	->C	->G	S
	3p	+	1	98.0	239.0	228.0	74.0	639.0	1.0	2.0	2.0	3.0	1.0	0.0	5.0	6.0	2.0	0.0	8.0	4.0	0.0	0.0	0.0	0.0	0.0	0.0	0.0	0.0	0.0
	3p	+	2	97.0	257.0	213.0	72.0	639.0	3.0	0.0	3.0	4.0	4.0	0.0	5.0	4.0	3.0	3.0	5.0	1.0	0.0	0.0	0.0	0.0	0.0	0.0	0.0	0.0	0.0
	3p	+	3	82.0	223.0	275.0	59.0	639.0	4.0	2.0	1.0	2.0	2.0	2.0	6.0	4.0	0.0	0.0	7.0	5.0	0.0	0.0	0.0	0.0	0.0	0.0	0.0	0.0	0.0
	3p	+	4	107.0	198.0	251.0	83.0	639.0	2.0	2.0	5.0	1.0	0.0	1.0	5.0	1.0	1.0	1.0	3.0	5.0	0.0	0.0	0.0	0.0	0.0	0.0	0.0	0.0	0.0
	3p	+	5	112.0	235.0	220.0	72.0	639.0	3.0	2.0	4.0	1.0	2.0	0.0	5.0	1.0	3.0	2.0	4.0	2.0	0.0	0.0	0.0	0.0	0.0	0.0	0.0	0.0	0.0
	3p	+	6	82.0	240.0	229.0	79.0	630.0	3.0	1.0	2.0	3.0	3.0	1.0	7.0	1.0	5.0	0.0	1.0	3.0	0.0	0.0	0.0	0.0	2.0	0.0	5.0	1.0	0.0
	3p	+	7	90.0	232.0	207.0	86.0	615.0	0.0	2.0	2.0	4.0	4.0	1.0	5.0	3.0	1.0	1.0	1.0	5.0	0.0	0.0	0.0	0.0	0.0	0.0	9.0	5.0	0.0
	3p	+	8	90.0	224.0	219.0	76.0	609.0	3.0	4.0	1.0	7.0	2.0	1.0	3.0	5.0	2.0	1.0	5.0	7.0	0.0	0.0	0.0	0.0	8.0	0.0	12.0	6.0	0.0
	3p	+	9	95.0	212.0	238.0	61.0	606.0	1.0	2.0	4.0	0.0	3.0	2.0	3.0	0.0	0.0	0.0	6.0	1.0	0.0	0.0	0.0	0.0	4.0	0.0	10.0	14.0	0.0
	3p	+	10	103.0	223.0	219.0	66.0	611.0	3.0	2.0	3.0	5.0	2.0	3.0	6.0	4.0	2.0	2.0	6.0	1.0	0.0	0.0	0.0	0.0	6.0	0.0	8.0	8.0	0.0
	3p	+	11	86.0	270.0	187.0	62.0	605.0	2.0	7.0	3.0	3.0	4.0	1.0	9.0	4.0	2.0	1.0	5.0	1.0	0.0	0.0	0.0	0.0	11.0	0.0	11.0	9.0	0.0
	3p	+	12	80.0	236.0	227.0	60.0	603.0	4.0	3.0	3.0	1.0	1.0	2.0	5.0	4.0	1.0	3.0	9.0	3.0	0.0	0.0	0.0	0.0	9.0	0.0	10.0	13.0	0.0
	3p	+	13	88.0	220.0	225.0	75.0	608.0	2.0	1.0	3.0	1.0	1.0	1.0	1.0	0.0	2.0	3.0	12.0	1.0	0.0	0.0	0.0	0.0	6.0	0.0	11.0	10.0	0.0
	3p	+	14	87.0	241.0	194.0	79.0	601.0	4.0	2.0	4.0	5.0	3.0	2.0	5.0	3.0	4.0	0.0	4.0	4.0	0.0	0.0	0.0	0.0	8.0	0.0	6.0	17.0	0.0
	3p	+	15	82.0	237.0	230.0	61.0	610.0	2.0	3.0	1.0	3.0	3.0	0.0	4.0	3.0	1.0	0.0	1.0	3.0	0.0	0.0	0.0	0.0	10.0	0.0	7.0	7.0	0.0
	3p	+	16	71.0	222.0	237.0	81.0	611.0	3.0	1.0	0.0	1.0	4.0	0.0	6.0	2.0	0.0	1.0	7.0	2.0	0.0	0.0	0.0	0.0	5.0	0.0	9.0	8.0	0.0
	3p	+	17	70.0	249.0	217.0	67.0	603.0	5.0	4.0	3.0	2.0	1.0	0.0	7.0	3.0	2.0	0.0	7.0	6.0	0.0	0.0	0.0	0.0	8.0	0.0	14.0	7.0	0.0
	3p	+	18	86.0	218.0	232.0	65.0	601.0	4.0	2.0	3.0	2.0	3.0	0.0	7.0	7.0	1.0	2.0	8.0	1.0	0.0	0.0	0.0	0.0	4.0	0.0	14.0	14.0	0.0
	3p	+	19	88.0	228.0	212.0	76.0	604.0	2.0	0.0	2.0	3.0	1.0	2.0	5.0	3.0	1.0	3.0	7.0	1.0	0.0	0.0	0.0	0.0	7.0	0.0	7.0	13.0	0.0
	3p	+	20	73.0	239.0	218.0	76.0	606.0	4.0	4.0	1.0	1.0	1.0	1.0	4.0	2.0	2.0	1.0	5.0	4.0	0.0	0.0	0.0	0.0	8.0	0.0	8.0	12.0	0.0
	3p	+	21	92.0	230.0	221.0	63.0	606.0	2.0	4.0	1.0	2.0	2.0	1.0	4.0	2.0	2.0	2.0	8.0	2.0	0.0	0.0	0.0	0.0	11.0	0.0	7.0	10.0	0.0
	3p	+	22	71.0	239.0	210.0	73.0	593.0	5.0	5.0	1.0	1.0	1.0	1.0	5.0	4.0	4.0	1.0	3.0	1.0	0.0	0.0	0.0	0.0	7.0	0.0	15.0	15.0	0.0
	3p	+	23	100.0	232.0	207.0	65.0	604.0	2.0	5.0	2.0	2.0	2.0	2.0	2.0	3.0	1.0	0.0	6.0	1.0	0.0	0.0	0.0	0.0	4.0	0.0	10.0	11.0	0.0
	3p	+	24	82.0	227.0	218.0	75.0	602.0	4.0	4.0	1.0	1.0	0.0	0.0	5.0	1.0	3.0	3.0	4.0	1.0	0.0	0.0	0.0	0.0	10.0	0.0	10.0	13.0	0.0
	3p	+	25	89.0	221.0	225.0	76.0	611.0	3.0	3.0	3.0	1.0	4.0	2.0	6.0	4.0	1.0	2.0	7.0	1.0	0.0	0.0	0.0	0.0	7.0	0.0	7.0	8.0	0.0
	3p	+	26	97.0	205.0	209.0	87.0	598.0	6.0	3.0	2.0	5.0	1.0	3.0	3.0	1.0	0.0	0.0	6.0	2.0	0.0	0.0	0.0	0.0	9.0	0.0	10.0	14.0	0.0
	3p	+	27	99.0	244.0	199.0	85.0	627.0	5.0	3.0	3.0	2.0	5.0	2.0	3.0	5.0	1.0	2.0	8.0	2.0	0.0	0.0	0.0	0.0	1.0	0.0	3.0	5.0	0.0
	3p	+	28	81.0	261.0	212.0	77.0	631.0	6.0	3.0	0.0	0.0	4.0	3.0	9.0	2.0	2.0	0.0	6.0	3.0	0.0	0.0	0.0	0.0	2.0	0.0	3.0	2.0	0.0
	3p	+	29	84.0	230.0	234.0	87.0	635.0	2.0	2.0	2.0	2.0	2.0	3.0	1.0	3.0	2.0	2.0	4.0	2.0	0.0	0.0	0.0	0.0	0.0	0.0	3.0	1.0	0.0
	3p	+	30	102.0	227.0	244.0	66.0	639.0	1.0	1.0	3.0	2.0	4.0	1.0	9.0	3.0	3.0	1.0	6.0	0.0	0.0	0.0	0.0	0.0	0.0	0.0	0.0	0.0	0.0
	3p	+	31	25.0	91.0	77.0	31.0	224.0	0.0	2.0	1.0	1.0	3.0	0.0	3.0	2.0	1.0	1.0	3.0	0.0	0.0	0.0	0.0	0.0	0.0	0.0	1.0	0.0	0.0
	3p	+	32	16.0	27.0	30.0	19.0	92.0	1.0	0.0	0.0	0.0	1.0	0.0	0.0	1.0	0.0	0.0	0.0	0.0	0.0	0.0	0.0	0.0	0.0	0.0	0.0	0.0	0.0
	3p	+	33	12.0	16.0	11.0	11.0	50.0	0.0	0.0	0.0	1.0	1.0	0.0	0.0	1.0	0.0	0.0	0.0	0.0	0.0	0.0	0.0	0.0	0.0	0.0	0.0	0.0	0.0
	3p	+	34	9.0	8.0	9.0	5.0	31.0	0.0	0.0	0.0	0.0	0.0	0.0	0.0	0.0	0.0	0.0	0.0	0.0	0.0	0.0	0.0	0.0	0.0	0.0	0.0	0.0	0.0
	3p	+	35	7.0	9.0	6.0	7.0	29.0	0.0	1.0	0.0	0.0	0.0	0.0	0.0	0.0	0.0	0.0	0.0	0.0	0.0	0.0	0.0	0.0	0.0	0.0	0.0	0.0	0.0
	3p	+	36	6.0	7.0	6.0	9.0	28.0	0.0	0.0	0.0	0.0	0.0	0.0	1.0	0.0	0.0	0.0	0.0	0.0	0.0	0.0	0.0	0.0	0.0	0.0	0.0	0.0	0.0
	3p	+	37	11.0	6.0	4.0	5.0	26.0	0.0	0.0	1.0	0.0	0.0	1.0	0.0	0.0	0.0	0.0	0.0	0.0	0.0	0.0	0.0	0.0	1.0	0.0	0.0	0.0	0.0
	3p	+	38	9.0	3.0	5.0	7.0	24.0	0.0	0.0	0.0	0.0	0.0	0.0	0.0	0.0	0.0	0.0	0.0	0.0	0.0	0.0	0.0	0.0	0.0	0.0	0.0	0.0	0.0
	3p	+	39	6.0	9.0	5.0	1.0	21.0	0.0	0.0	0.0	0.0	0.0	0.0	0.0	0.0	0.0	0.0	0.0	0.0	0.0	0.0	0.0	0.0	0.0	0.0	0.0	0.0	0.0
	3p	+	40	9.0	4.0	5.0	4.0	22.0	0.0	0.0	0.0	1.0	0.0	0.0	0.0	0.0	0.0	0.0	0.0	0.0	0.0	0.0	0.0	0.0	0.0	0.0	0.0	0.0	0.0
	3p	+	41	8.0	4.0	8.0	2.0	22.0	0.0	0.0	0.0	0.0	1.0	0.0	0.0	0.0	0.0	0.0	0.0	0.0	0.0	0.0	0.0	0.0	0.0	0.0	0.0	0.0	0.0
	3p	+	42	7.0	4.0	0.0	9.0	20.0	0.0	0.0	0.0	1.0	0.0	0.0	0.0	0.0	0.0	0.0	0.0	0.0	0.0	0.0	0.0	0.0	0.0	0.0	0.0	0.0	0.0
	3p	+	43	9.0	5.0	5.0	1.0	20.0	1.0	0.0	0.0	0.0	0.0	0.0	0.0	0.0	0.0	0.0	0.0	0.0	0.0	0.0	0.0	0.0	0.0	0.0	0.0	0.0	0.0
	3p	+	44	5.0	4.0	6.0	3.0	18.0	0.0	0.0	0.0	0.0	0.0	0.0	0.0	0.0	0.0	0.0	0.0	0.0	0.0	0.0	0.0	0.0	0.0	0.0	0.0	0.0	0.0
	3p	+	45	5.0	5.0	2.0	3.0	15.0	0.0	0.0	0.0	0.0	0.0	0.0	0.0	0.0	0.0	0.0	0.0	0.0	0.0	0.0	0.0	0.0	0.0	0.0	0.0	0.0	0.0
	3p	+	46	6.0	3.0	2.0	4.0	15.0	0.0	0.0	0.0	0.0	0.0	0.0	0.0	0.0	0.0	0.0	0.0	0.0	0.0	0.0	0.0	0.0	0.0	0.0	0.0	0.0	0.0
	3p	+	47	4.0	3.0	1.0	5.0	13.0	0.0	0.0	0.0	0.0	0.0	0.0	0.0	0.0	0.0	0.0	0.0	0.0	0.0	0.0	0.0	0.0	0.0	0.0	0.0	0.0	0.0
	3p	+	48	4.0	3.0	2.0	3.0	12.0	0.0	0.0	0.0	0.0	0.0	0.0	0.0	0.0	0.0	0.0	0.0	0.0	0.0	0.0	0.0	0.0	0.0	0.0	0.0	0.0	0.0
	3p	+	49	3.0	3.0	4.0	2.0	12.0	1.0	0.0	0.0	0.0	0.0	0.0	0.0	0.0	0.0	0.0	0.0	0.0	0.0	0.0	0.0	0.0	0.0	0.0	0.0	0.0	0.0
	3p	+	50	3.0	0.0	3.0	6.0	12.0	0.0	0.0	0.0	0.0	0.0	0.0	0.0	0.0	0.0	0.0	0.0	0.0	0.0	0.0	0.0	0.0	0.0	0.0	0.0	0.0	0.0
	3p	+	51	6.0	2.0	2.0	2.0	12.0	0.0	0.0	0.0	0.0	0.0	0.0	0.0	0.0	0.0	0.0	0.0	0.0	0.0	0.0	0.0	0.0	0.0	0.0	0.0	0.0	0.0
	3p	+	52	3.0	1.0	3.0	5.0	12.0	0.0	0.0	0.0	0.0	0.0	0.0	0.0	0.0	0.0	0.0	0.0	0.0	0.0	0.0	0.0	0.0	0.0	0.0	0.0	0.0	0.0
	3p	+	53	5.0	6.0	0.0	1.0	12.0	0.0	0.0	0.0	0.0	0.0	0.0	0.0	0.0	0.0	0.0	0.0	0.0	0.0	0.0	0.0	0.0	0.0	0.0	0.0	0.0	0.0
	3p	+	54	3.0	2.0	2.0	5.0	12.0	0.0	0.0	0.0	0.0	0.0	0.0	0.0	0.0	0.0	0.0	0.0	0.0	0.0	0.0	0.0	0.0	0.0	0.0	0.0	0.0	0.0
	3p	+	55	3.0	4.0	3.0	2.0	12.0	0.0	0.0	0.0	0.0	0.0	0.0	0.0	0.0	0.0	0.0	0.0	0.0	0.0	0.0	0.0	0.0	0.0	0.0	0.0	0.0	0.0
	3p	+	56	3.0	0.0	6.0	2.0	11.0	0.0	0.0	0.0	0.0	0.0	0.0	0.0	0.0	0.0	0.0	0.0	0.0	0.0	0.0	0.0	0.0	0.0	0.0	0.0	0.0	0.0
	3p	+	57	5.0	2.0	3.0	1.0	11.0	0.0	0.0	0.0	0.0	0.0	0.0	0.0	0.0	0.0	0.0	0.0	0.0	0.0	0.0	0.0	0.0	0.0	0.0	0.0	0.0	0.0
	3p	+	58	2.0	3.0	4.0	2.0	11.0	0.0	0.0	0.0	0.0	0.0	0.0	0.0	0.0	0.0	0.0	0.0	0.0	0.0	0.0	0.0	0.0	0.0	0.0	0.0	0.0	0.0
	3p	+	59	2.0	1.0	5.0	3.0	11.0	0.0	0.0	0.0	0.0	0.0	0.0	0.0	0.0	0.0	0.0	0.0	0.0	0.0	0.0	0.0	0.0	0.0	0.0	0.0	0.0	0.0
	3p	+	60	2.0	2.0	4.0	2.0	10.0	1.0	0.0	0.0	0.0	0.0	0.0	0.0	0.0	0.0	0.0	0.0	0.0	0.0	0.0	0.0	0.0	0.0	0.0	0.0	0.0	0.0
	3p	+	61	3.0	5.0	1.0	1.0	10.0	0.0	0.0	0.0	0.0	0.0	0.0	0.0	0.0	0.0	0.0	0.0	0.0	0.0	0.0	0.0	0.0	0.0	0.0	0.0	0.0	0.0
	3p	+	62	5.0	4.0	0.0	0.0	9.0	0.0	1.0	0.0	0.0	0.0	0.0	0.0	0.0	0.0	0.0	0.0	0.0	0.0	0.0	0.0	0.0	0.0	0.0	0.0	0.0	0.0
	3p	+	63	1.0	3.0	4.0	1.0	9.0	0.0	0.0	0.0	0.0	0.0	0.0	0.0	0.0	0.0	0.0	0.0	0.0	0.0	0.0	0.0	0.0	0.0	0.0	0.0	0.0	0.0
	3p	+	64	4.0	1.0	1.0	3.0	9.0	0.0	0.0	0.0	0.0	0.0	0.0	0.0	1.0	0.0	0.0	0.0	0.0	0.0	0.0	0.0	0.0	0.0	0.0	0.0	0.0	0.0
	3p	+	65	4.0	2.0	1.0	2.0	9.0	0.0	0.0	0.0	0.0	0.0	0.0	0.0	0.0	0.0	0.0	0.0	0.0	0.0	0.0	0.0	0.0	0.0	0.0	0.0	0.0	0.0
	3p	+	66	4.0	1.0	2.0	2.0	9.0	0.0	0.0	0.0	0.0	0.0	0.0	0.0	0.0	0.0	0.0	0.0	0.0	0.0	0.0	0.0	0.0	0.0	0.0	0.0	0.0	0.0
	3p	+	67	2.0	2.0	0.0	4.0	8.0	0.0	0.0	0.0	1.0	0.0	0.0	0.0	0.0	0.0	0.0	0.0	0.0	0.0	0.0	0.0	0.0	0.0	0.0	0.0	0.0	0.0
	3p	+	68	1.0	3.0	4.0	0.0	8.0	0.0	0.0	0.0	0.0	0.0	0.0	0.0	0.0	0.0	0.0	0.0	0.0	0.0	0.0	0.0	0.0	0.0	0.0	0.0	0.0	0.0
	3p	+	69	3.0	1.0	1.0	3.0	8.0	0.0	0.0	0.0	0.0	0.0	0.0	0.0	0.0	0.0	0.0	0.0	0.0	0.0	0.0	0.0	0.0	0.0	0.0	0.0	0.0	0.0
	3p	+	70	0.0	3.0	2.0	3.0	8.0	0.0	0.0	0.0	0.0	0.0	0.0	0.0	0.0	0.0	0.0	0.0	0.0	0.0	0.0	0.0	0.0	0.0	0.0	0.0	0.0	0.0
	3p	+	71	3.0	1.0	2.0	2.0	8.0	0.0	0.0	0.0	0.0	0.0	0.0	0.0	1.0	0.0	0.0	0.0	0.0	0.0	0.0	0.0	0.0	0.0	0.0	0.0	0.0	0.0
	3p	+	72	0.0	2.0	1.0	5.0	8.0	0.0	0.0	0.0	1.0	0.0	0.0	0.0	0.0	0.0	0.0	0.0	0.0	0.0	0.0	0.0	0.0	0.0	0.0	0.0	0.0	0.0
	3p	+	73	1.0	1.0	0.0	4.0	6.0	0.0	0.0	0.0	0.0	0.0	0.0	0.0	0.0	0.0	0.0	0.0	0.0	0.0	0.0	0.0	0.0	0.0	0.0	0.0	0.0	0.0
	3p	+	74	1.0	2.0	2.0	0.0	5.0	0.0	0.0	0.0	0.0	0.0	0.0	0.0	0.0	0.0	0.0	0.0	0.0	0.0	0.0	0.0	0.0	0.0	0.0	0.0	0.0	0.0
	3p	+	75	2.0	0.0	2.0	1.0	5.0	0.0	0.0	0.0	0.0	0.0	0.0	0.0	0.0	0.0	0.0	0.0	0.0	0.0	0.0	0.0	0.0	0.0	0.0	0.0	0.0	0.0
	3p	+	76	0.0	1.0	3.0	1.0	5.0	0.0	0.0	0.0	0.0	0.0	0.0	0.0	0.0	0.0	0.0	0.0	0.0	0.0	0.0	0.0	0.0	0.0	0.0	0.0	0.0	0.0
	3p	+	77	2.0	1.0	0.0	2.0	5.0	0.0	0.0	0.0	0.0	0.0	0.0	0.0	0.0	0.0	0.0	0.0	0.0	0.0	0.0	0.0	0.0	0.0	0.0	0.0	0.0	0.0
	3p	+	78	0.0	3.0	0.0	1.0	4.0	0.0	0.0	0.0	0.0	0.0	0.0	0.0	0.0	0.0	0.0	0.0	0.0	0.0	0.0	0.0	0.0	0.0	0.0	0.0	0.0	0.0
	3p	+	79	2.0	1.0	0.0	1.0	4.0	0.0	0.0	0.0	0.0	0.0	0.0	0.0	0.0	0.0	0.0	0.0	0.0	0.0	0.0	0.0	0.0	0.0	0.0	0.0	0.0	0.0
	3p	+	80	1.0	2.0	1.0	0.0	4.0	0.0	0.0	0.0	0.0	0.0	0.0	0.0	0.0	0.0	0.0	0.0	0.0	0.0	0.0	0.0	0.0	0.0	0.0	0.0	0.0	0.0
	3p	+	81	2.0	0.0	0.0	2.0	4.0	0.0	0.0	0.0	0.0	0.0	0.0	0.0	0.0	0.0	0.0	0.0	0.0	0.0	0.0	0.0	0.0	0.0	0.0	0.0	0.0	0.0
	3p	+	82	2.0	1.0	0.0	1.0	4.0	0.0	0.0	0.0	0.0	0.0	0.0	0.0	0.0	0.0	0.0	0.0	0.0	0.0	0.0	0.0	0.0	0.0	0.0	0.0	0.0	0.0
	3p	+	83	3.0	1.0	0.0	0.0	4.0	0.0	0.0	0.0	0.0	0.0	0.0	0.0	0.0	0.0	0.0	0.0	0.0	0.0	0.0	0.0	0.0	0.0	0.0	0.0	0.0	0.0
	3p	+	84	1.0	2.0	1.0	0.0	4.0	0.0	0.0	0.0	0.0	0.0	0.0	0.0	0.0	0.0	0.0	0.0	0.0	0.0	0.0	0.0	0.0	0.0	0.0	0.0	0.0	0.0
	3p	+	85	2.0	1.0	0.0	1.0	4.0	0.0	0.0	0.0	0.0	0.0	0.0	0.0	0.0	0.0	0.0	0.0	0.0	0.0	0.0	0.0	0.0	0.0	0.0	0.0	0.0	0.0
	3p	+	86	1.0	0.0	1.0	1.0	3.0	0.0	0.0	0.0	0.0	0.0	0.0	0.0	0.0	0.0	0.0	0.0	0.0	0.0	0.0	0.0	0.0	0.0	0.0	0.0	0.0	0.0
	3p	+	87	1.0	0.0	1.0	1.0	3.0	0.0	0.0	0.0	0.0	0.0	0.0	0.0	0.0	0.0	0.0	0.0	0.0	0.0	0.0	0.0	0.0	0.0	0.0	0.0	0.0	0.0
	3p	+	88	2.0	0.0	1.0	0.0	3.0	0.0	0.0	0.0	0.0	0.0	0.0	0.0	0.0	0.0	0.0	0.0	0.0	0.0	0.0	0.0	0.0	0.0	0.0	0.0	0.0	0.0
	3p	+	89	1.0	1.0	1.0	0.0	3.0	0.0	0.0	0.0	0.0	0.0	0.0	0.0	0.0	0.0	0.0	0.0	0.0	0.0	0.0	0.0	0.0	0.0	0.0	0.0	0.0	0.0
	3p	+	90	0.0	2.0	0.0	1.0	3.0	0.0	0.0	0.0	0.0	0.0	0.0	0.0	1.0	0.0	0.0	0.0	0.0	0.0	0.0	0.0	0.0	0.0	0.0	0.0	0.0	0.0
	3p	+	91	2.0	1.0	0.0	0.0	3.0	0.0	0.0	0.0	0.0	0.0	0.0	0.0	0.0	0.0	0.0	0.0	0.0	0.0	0.0	0.0	0.0	0.0	0.0	0.0	0.0	0.0
	3p	+	92	1.0	1.0	1.0	0.0	3.0	0.0	0.0	0.0	0.0	0.0	0.0	0.0	0.0	0.0	0.0	0.0	0.0	0.0	0.0	0.0	0.0	0.0	0.0	0.0	0.0	0.0
	3p	+	93	1.0	0.0	2.0	0.0	3.0	0.0	0.0	0.0	0.0	0.0	0.0	0.0	0.0	0.0	0.0	0.0	0.0	0.0	0.0	0.0	0.0	0.0	0.0	0.0	0.0	0.0
	3p	+	94	0.0	1.0	1.0	1.0	3.0	0.0	0.0	0.0	0.0	0.0	0.0	0.0	0.0	0.0	0.0	0.0	0.0	0.0	0.0	0.0	0.0	0.0	0.0	0.0	0.0	0.0
	3p	+	95	1.0	1.0	0.0	1.0	3.0	0.0	0.0	0.0	0.0	0.0	0.0	0.0	0.0	0.0	0.0	0.0	0.0	0.0	0.0	0.0	0.0	0.0	0.0	0.0	0.0	0.0
	3p	+	96	1.0	1.0	1.0	0.0	3.0	0.0	0.0	0.0	0.0	0.0	0.0	0.0	0.0	0.0	0.0	0.0	0.0	0.0	0.0	0.0	0.0	0.0	0.0	0.0	0.0	0.0
	3p	+	97	1.0	0.0	1.0	1.0	3.0	0.0	0.0	0.0	0.0	0.0	0.0	0.0	0.0	0.0	0.0	0.0	0.0	0.0	0.0	0.0	0.0	0.0	0.0	0.0	0.0	0.0
	3p	+	98	2.0	0.0	0.0	1.0	3.0	0.0	0.0	0.0	0.0	0.0	0.0	0.0	0.0	0.0	0.0	0.0	0.0	0.0	0.0	0.0	0.0	0.0	0.0	0.0	0.0	0.0
	3p	+	99	1.0	2.0	0.0	0.0	3.0	0.0	0.0	0.0	0.0	0.0	0.0	0.0	0.0	0.0	0.0	0.0	0.0	0.0	0.0	0.0	0.0	0.0	0.0	0.0	0.0	0.0
	3p	+	100	1.0	1.0	1.0	0.0	3.0	0.0	0.0	0.0	0.0	0.0	0.0	0.0	0.0	0.0	0.0	0.0	0.0	0.0	0.0	0.0	0.0	0.0	0.0	0.0	0.0	0.0
	3p	-	1	97.0	210.0	226.0	58.0	591.0	4.0	3.0	1.0	0.0	2.0	3.0	4.0	6.0	2.0	0.0	3.0	2.00.0	0.0	0.0	0.0	0.0	0.0	0.0	0.0	0.0
	3p	-	2	103.0	254.0	192.0	42.0	591.0	1.0	1.0	2.0	5.0	2.0	0.0	6.0	3.0	1.0	1.0	7.0	1.00.0	0.0	0.0	0.0	0.0	0.0	0.0	0.0	0.0
	3p	-	3	78.0	214.0	232.0	65.0	589.0	3.0	1.0	5.0	3.0	2.0	0.0	3.0	7.0	2.0	0.0	2.0	2.00.0	0.0	0.0	0.0	0.0	0.0	0.0	2.0	0.0
	3p	-	4	89.0	195.0	232.0	75.0	591.0	1.0	1.0	3.0	5.0	2.0	3.0	4.0	2.0	6.0	5.0	3.0	2.00.0	0.0	0.0	0.0	0.0	0.0	0.0	0.0	0.0
	3p	-	5	102.0	206.0	202.0	77.0	587.0	0.0	2.0	3.0	2.0	3.0	3.0	8.0	1.0	0.0	1.0	6.0	1.00.0	0.0	0.0	0.0	2.0	0.0	1.0	0.0	0.0
	3p	-	6	76.0	239.0	183.0	70.0	568.0	1.0	1.0	1.0	2.0	3.0	0.0	3.0	1.0	2.0	2.0	7.0	2.00.0	0.0	0.0	0.0	4.0	0.0	5.0	7.0	0.0
	3p	-	7	80.0	232.0	180.0	67.0	559.0	5.0	3.0	1.0	1.0	2.0	1.0	7.0	4.0	1.0	0.0	7.0	7.00.0	0.0	0.0	0.0	9.0	0.0	9.0	9.0	0.0
	3p	-	8	79.0	219.0	195.0	66.0	559.0	0.0	4.0	1.0	1.0	3.0	1.0	3.0	2.0	1.0	1.0	5.0	2.00.0	0.0	0.0	0.0	13.0	0.0	6.0	12.0	0.0
	3p	-	9	83.0	218.0	191.0	70.0	562.0	1.0	2.0	2.0	0.0	2.0	3.0	1.0	3.0	5.0	2.0	3.0	2.00.0	0.0	0.0	0.0	7.0	0.0	11.0	6.0	0.0
	3p	-	10	85.0	210.0	198.0	74.0	567.0	2.0	1.0	1.0	2.0	1.0	1.0	10.0	2.0	1.0	1.0	2.0	4.00.0	0.0	0.0	0.0	5.0	0.0	6.0	9.0	0.0
	3p	-	11	79.0	223.0	183.0	77.0	562.0	2.0	4.0	2.0	0.0	1.0	1.0	4.0	3.0	4.0	2.0	4.0	2.00.0	0.0	0.0	0.0	6.0	0.0	10.0	9.0	0.0
	3p	-	12	80.0	215.0	188.0	74.0	557.0	1.0	4.0	1.0	3.0	1.0	2.0	10.0	2.0	2.0	1.0	6.0	3.00.0	0.0	0.0	0.0	6.0	0.0	9.0	12.0	0.0
	3p	-	13	72.0	203.0	197.0	81.0	553.0	3.0	1.0	2.0	0.0	2.0	2.0	3.0	3.0	5.0	3.0	3.0	0.00.0	0.0	0.0	0.0	7.0	0.0	14.0	12.0	0.0
	3p	-	14	85.0	232.0	172.0	75.0	564.0	2.0	1.0	4.0	0.0	3.0	1.0	9.0	1.0	3.0	0.0	0.0	2.00.0	0.0	0.0	0.0	8.0	0.0	4.0	7.0	0.0
	3p	-	15	78.0	218.0	206.0	60.0	562.0	1.0	4.0	2.0	3.0	1.0	0.0	5.0	2.0	3.0	0.0	3.0	3.00.0	0.0	0.0	0.0	5.0	0.0	5.0	16.0	0.0
	3p	-	16	68.0	223.0	200.0	65.0	556.0	1.0	4.0	0.0	2.0	4.0	2.0	6.0	4.0	5.0	2.0	3.0	2.00.0	0.0	0.0	0.0	5.0	0.0	11.0	15.0	0.0
	3p	-	17	81.0	230.0	185.0	70.0	566.0	0.0	1.0	1.0	2.0	2.0	0.0	7.0	1.0	6.0	1.0	3.0	1.00.0	0.0	0.0	0.0	5.0	0.0	6.0	10.0	0.0
	3p	-	18	79.0	228.0	180.0	72.0	559.0	0.0	4.0	3.0	2.0	2.0	1.0	6.0	3.0	3.0	0.0	6.0	4.00.0	0.0	0.0	0.0	5.0	0.0	10.0	9.0	0.0
	3p	-	19	78.0	224.0	196.0	56.0	554.0	4.0	3.0	2.0	1.0	1.0	1.0	6.0	2.0	1.0	0.0	3.0	5.00.0	0.0	0.0	0.0	4.0	0.0	17.0	11.0	0.0
	3p	-	20	81.0	218.0	195.0	70.0	564.0	7.0	1.0	1.0	2.0	2.0	4.0	5.0	3.0	0.0	2.0	5.0	0.00.0	0.0	0.0	0.0	4.0	0.0	10.0	7.0	0.0
	3p	-	21	68.0	220.0	209.0	71.0	568.0	4.0	3.0	2.0	1.0	5.0	0.0	8.0	4.0	2.0	2.0	2.0	0.00.0	0.0	0.0	0.0	5.0	0.0	3.0	7.0	0.0
	3p	-	22	63.0	213.0	209.0	82.0	567.0	1.0	2.0	1.0	2.0	3.0	3.0	5.0	3.0	3.0	0.0	8.0	2.00.0	0.0	0.0	0.0	5.0	0.0	6.0	6.0	0.0
	3p	-	23	84.0	235.0	176.0	63.0	558.0	0.0	5.0	2.0	0.0	1.0	1.0	6.0	2.0	4.0	0.0	3.0	3.00.0	0.0	0.0	0.0	5.0	0.0	12.0	11.0	0.0
	3p	-	24	77.0	214.0	201.0	73.0	565.0	3.0	2.0	2.0	5.0	0.0	1.0	8.0	6.0	1.0	2.0	2.0	6.00.0	0.0	0.0	0.0	7.0	0.0	8.0	8.0	0.0
	3p	-	25	75.0	214.0	200.0	72.0	561.0	3.0	4.0	1.0	4.0	4.0	1.0	3.0	7.0	3.0	1.0	5.0	1.00.0	0.0	0.0	0.0	3.0	0.0	7.0	12.0	0.0
	3p	-	26	86.0	228.0	169.0	81.0	564.0	2.0	2.0	2.0	1.0	4.0	1.0	2.0	5.0	5.0	2.0	5.0	0.00.0	0.0	0.0	0.0	3.0	0.0	3.0	12.0	0.0
	3p	-	27	81.0	225.0	188.0	84.0	578.0	6.0	3.0	0.0	4.0	5.0	1.0	3.0	3.0	2.0	1.0	3.0	2.00.0	0.0	0.0	0.0	7.0	0.0	2.0	2.0	0.0
	3p	-	28	83.0	229.0	196.0	77.0	585.0	2.0	2.0	2.0	2.0	2.0	0.0	4.0	4.0	1.0	3.0	6.0	3.00.0	0.0	0.0	0.0	1.0	0.0	2.0	1.0	0.0
	3p	-	29	73.0	216.0	211.0	89.0	589.0	5.0	1.0	2.0	1.0	2.0	0.0	5.0	4.0	0.0	1.0	6.0	2.00.0	0.0	0.0	0.0	0.0	0.0	1.0	1.0	0.0
	3p	-	30	94.0	211.0	209.0	76.0	590.0	2.0	0.0	3.0	1.0	2.0	1.0	2.0	1.0	5.0	1.0	5.0	3.00.0	0.0	0.0	0.0	0.0	0.0	1.0	0.0	0.0
	3p	-	31	32.0	84.0	84.0	27.0	227.0	1.0	3.0	2.0	4.0	3.0	0.0	0.0	0.0	0.0	0.0	0.0	1.00.0	0.0	0.0	0.0	0.0	0.0	0.0	0.0	0.0
	3p	-	32	14.0	34.0	25.0	14.0	87.0	0.0	0.0	1.0	0.0	1.0	0.0	0.0	1.0	1.0	0.0	0.0	0.00.0	0.0	0.0	0.0	0.0	0.0	0.0	0.0	0.0
	3p	-	33	12.0	16.0	16.0	8.0	52.0	0.0	0.0	0.0	1.0	0.0	2.0	0.0	0.0	0.0	0.0	0.0	0.00.0	0.0	0.0	0.0	0.0	0.0	0.0	1.0	0.0
	3p	-	34	10.0	7.0	10.0	4.0	31.0	0.0	0.0	0.0	0.0	0.0	0.0	0.0	0.0	0.0	0.0	0.0	0.00.0	0.0	0.0	0.0	0.0	0.0	0.0	0.0	0.0
	3p	-	35	6.0	6.0	1.0	9.0	22.0	0.0	0.0	0.0	0.0	0.0	0.0	0.0	0.0	0.0	0.0	0.0	0.00.0	0.0	0.0	0.0	0.0	0.0	0.0	0.0	0.0
	3p	-	36	6.0	5.0	5.0	4.0	20.0	0.0	0.0	0.0	0.0	0.0	0.0	0.0	0.0	0.0	0.0	0.0	0.00.0	0.0	0.0	0.0	0.0	0.0	0.0	0.0	0.0
	3p	-	37	4.0	5.0	4.0	4.0	17.0	0.0	0.0	0.0	0.0	0.0	0.0	0.0	0.0	0.0	0.0	0.0	0.00.0	0.0	0.0	0.0	0.0	0.0	0.0	0.0	0.0
	3p	-	38	3.0	5.0	1.0	7.0	16.0	0.0	0.0	0.0	0.0	0.0	0.0	0.0	0.0	0.0	0.0	0.0	0.00.0	0.0	0.0	0.0	0.0	0.0	0.0	0.0	0.0
	3p	-	39	4.0	4.0	4.0	3.0	15.0	0.0	0.0	0.0	0.0	0.0	0.0	0.0	0.0	0.0	0.0	0.0	0.00.0	0.0	0.0	0.0	0.0	0.0	0.0	0.0	0.0
	3p	-	40	3.0	4.0	4.0	4.0	15.0	0.0	1.0	0.0	0.0	0.0	0.0	0.0	0.0	0.0	0.0	1.0	0.00.0	0.0	0.0	0.0	0.0	0.0	0.0	0.0	0.0
	3p	-	41	6.0	2.0	1.0	5.0	14.0	0.0	0.0	1.0	0.0	0.0	0.0	0.0	0.0	0.0	0.0	1.0	0.00.0	0.0	0.0	0.0	0.0	0.0	0.0	0.0	0.0
	3p	-	42	4.0	1.0	3.0	6.0	14.0	0.0	0.0	0.0	1.0	0.0	0.0	0.0	0.0	0.0	0.0	0.0	0.00.0	0.0	0.0	0.0	0.0	0.0	0.0	0.0	0.0
	3p	-	43	6.0	2.0	2.0	2.0	12.0	0.0	0.0	0.0	0.0	0.0	0.0	0.0	0.0	0.0	0.0	0.0	0.00.0	0.0	0.0	0.0	0.0	0.0	0.0	0.0	0.0
	3p	-	44	2.0	4.0	2.0	4.0	12.0	0.0	0.0	0.0	1.0	0.0	0.0	0.0	0.0	0.0	0.0	0.0	0.00.0	0.0	0.0	0.0	0.0	0.0	0.0	0.0	0.0
	3p	-	45	3.0	1.0	2.0	6.0	12.0	0.0	0.0	1.0	0.0	0.0	0.0	0.0	1.0	1.0	0.0	0.0	0.00.0	0.0	0.0	0.0	0.0	0.0	0.0	0.0	0.0
	3p	-	46	2.0	1.0	5.0	4.0	12.0	1.0	0.0	0.0	0.0	0.0	0.0	0.0	0.0	0.0	0.0	0.0	0.00.0	0.0	0.0	0.0	0.0	0.0	0.0	0.0	0.0
	3p	-	47	5.0	3.0	0.0	4.0	12.0	0.0	0.0	0.0	0.0	0.0	0.0	0.0	0.0	0.0	0.0	0.0	0.00.0	0.0	0.0	0.0	0.0	0.0	0.0	0.0	0.0
	3p	-	48	3.0	4.0	2.0	3.0	12.0	0.0	0.0	0.0	0.0	0.0	0.0	1.0	0.0	0.0	0.0	0.0	0.00.0	0.0	0.0	0.0	0.0	0.0	0.0	0.0	0.0
	3p	-	49	3.0	1.0	3.0	5.0	12.0	0.0	0.0	0.0	0.0	0.0	0.0	0.0	0.0	0.0	1.0	0.0	0.00.0	0.0	0.0	0.0	0.0	0.0	0.0	0.0	0.0
	3p	-	50	3.0	4.0	3.0	2.0	12.0	0.0	0.0	0.0	0.0	0.0	0.0	0.0	0.0	0.0	0.0	0.0	0.00.0	0.0	0.0	0.0	0.0	0.0	0.0	0.0	0.0
	3p	-	51	4.0	4.0	1.0	2.0	11.0	0.0	0.0	0.0	0.0	0.0	0.0	0.0	0.0	0.0	0.0	0.0	0.00.0	0.0	0.0	0.0	0.0	0.0	0.0	0.0	0.0
	3p	-	52	4.0	4.0	1.0	2.0	11.0	0.0	0.0	0.0	0.0	0.0	0.0	0.0	0.0	0.0	0.0	0.0	0.00.0	0.0	0.0	0.0	0.0	0.0	0.0	0.0	0.0
	3p	-	53	7.0	1.0	1.0	2.0	11.0	0.0	0.0	0.0	0.0	0.0	0.0	0.0	0.0	0.0	0.0	0.0	0.00.0	0.0	0.0	0.0	0.0	0.0	0.0	0.0	0.0
	3p	-	54	5.0	3.0	0.0	2.0	10.0	0.0	0.0	0.0	0.0	0.0	0.0	0.0	0.0	0.0	0.0	0.0	0.00.0	0.0	0.0	0.0	0.0	0.0	0.0	0.0	0.0
	3p	-	55	4.0	2.0	2.0	2.0	10.0	0.0	0.0	1.0	0.0	0.0	0.0	0.0	0.0	0.0	0.0	0.0	0.00.0	0.0	0.0	0.0	0.0	0.0	0.0	0.0	0.0
	3p	-	56	7.0	1.0	2.0	0.0	10.0	0.0	0.0	0.0	0.0	0.0	0.0	0.0	0.0	0.0	0.0	0.0	0.00.0	0.0	0.0	0.0	0.0	0.0	0.0	0.0	0.0
	3p	-	57	2.0	1.0	1.0	5.0	9.0	0.0	0.0	0.0	0.0	0.0	0.0	0.0	0.0	0.0	0.0	0.0	0.00.0	0.0	0.0	0.0	0.0	0.0	0.0	0.0	0.0
	3p	-	58	4.0	1.0	1.0	3.0	9.0	0.0	0.0	0.0	0.0	0.0	0.0	0.0	0.0	0.0	0.0	0.0	0.00.0	0.0	0.0	0.0	0.0	0.0	0.0	0.0	0.0
	3p	-	59	1.0	2.0	2.0	4.0	9.0	0.0	0.0	0.0	0.0	0.0	0.0	0.0	0.0	0.0	0.0	0.0	0.00.0	0.0	0.0	0.0	0.0	0.0	0.0	0.0	0.0
	3p	-	60	2.0	1.0	3.0	3.0	9.0	0.0	0.0	0.0	0.0	0.0	0.0	0.0	0.0	0.0	0.0	0.0	0.00.0	0.0	0.0	0.0	0.0	0.0	0.0	0.0	0.0
	3p	-	61	2.0	1.0	3.0	2.0	8.0	0.0	0.0	0.0	0.0	0.0	0.0	0.0	0.0	0.0	0.0	0.0	0.00.0	0.0	0.0	0.0	0.0	0.0	0.0	0.0	0.0
	3p	-	62	3.0	1.0	4.0	0.0	8.0	0.0	0.0	0.0	0.0	0.0	0.0	0.0	0.0	0.0	0.0	0.0	0.00.0	0.0	0.0	0.0	0.0	0.0	0.0	0.0	0.0
	3p	-	63	3.0	1.0	2.0	1.0	7.0	0.0	1.0	0.0	0.0	0.0	0.0	0.0	0.0	0.0	0.0	0.0	0.00.0	0.0	0.0	0.0	0.0	0.0	0.0	0.0	0.0
	3p	-	64	4.0	1.0	0.0	2.0	7.0	0.0	0.0	0.0	0.0	0.0	0.0	0.0	0.0	0.0	0.0	0.0	0.00.0	0.0	0.0	0.0	0.0	0.0	0.0	0.0	0.0
	3p	-	65	2.0	2.0	1.0	2.0	7.0	0.0	0.0	0.0	0.0	0.0	0.0	0.0	0.0	0.0	0.0	0.0	0.00.0	0.0	0.0	0.0	0.0	0.0	0.0	0.0	0.0
	3p	-	66	4.0	1.0	1.0	1.0	7.0	0.0	0.0	0.0	0.0	0.0	0.0	0.0	0.0	0.0	0.0	0.0	0.00.0	0.0	0.0	0.0	0.0	0.0	0.0	0.0	0.0
	3p	-	67	2.0	2.0	1.0	2.0	7.0	0.0	0.0	0.0	0.0	0.0	0.0	0.0	0.0	0.0	0.0	0.0	0.00.0	0.0	0.0	0.0	0.0	0.0	0.0	0.0	0.0
	3p	-	68	3.0	1.0	2.0	0.0	6.0	0.0	0.0	0.0	0.0	0.0	0.0	0.0	0.0	0.0	0.0	0.0	0.00.0	0.0	0.0	0.0	0.0	0.0	0.0	0.0	0.0
	3p	-	69	0.0	2.0	2.0	2.0	6.0	0.0	1.0	0.0	0.0	0.0	0.0	0.0	0.0	0.0	0.0	0.0	0.00.0	0.0	0.0	0.0	0.0	0.0	0.0	0.0	0.0
	3p	-	70	2.0	0.0	1.0	3.0	6.0	0.0	0.0	0.0	0.0	1.0	0.0	0.0	0.0	0.0	0.0	0.0	0.00.0	0.0	0.0	0.0	0.0	0.0	0.0	0.0	0.0
	3p	-	71	1.0	1.0	1.0	2.0	5.0	0.0	0.0	0.0	0.0	0.0	0.0	0.0	0.0	0.0	0.0	0.0	0.00.0	0.0	0.0	0.0	0.0	0.0	0.0	0.0	0.0
	3p	-	72	1.0	2.0	1.0	1.0	5.0	0.0	0.0	0.0	0.0	0.0	0.0	0.0	0.0	0.0	0.0	0.0	0.00.0	0.0	0.0	0.0	0.0	0.0	0.0	0.0	0.0
	3p	-	73	1.0	2.0	0.0	2.0	5.0	0.0	0.0	0.0	0.0	0.0	0.0	0.0	0.0	0.0	0.0	0.0	0.00.0	0.0	0.0	0.0	0.0	0.0	0.0	0.0	0.0
	3p	-	74	2.0	1.0	1.0	1.0	5.0	0.0	0.0	0.0	0.0	0.0	0.0	0.0	0.0	0.0	0.0	0.0	0.00.0	0.0	0.0	0.0	0.0	0.0	0.0	0.0	0.0
	3p	-	75	3.0	1.0	0.0	1.0	5.0	0.0	0.0	0.0	0.0	0.0	0.0	0.0	0.0	0.0	0.0	0.0	0.00.0	0.0	0.0	0.0	0.0	0.0	0.0	0.0	0.0
	3p	-	76	1.0	1.0	1.0	2.0	5.0	0.0	0.0	0.0	0.0	0.0	0.0	0.0	0.0	0.0	0.0	0.0	0.00.0	0.0	0.0	0.0	0.0	0.0	0.0	0.0	0.0
	3p	-	77	1.0	1.0	1.0	2.0	5.0	0.0	0.0	0.0	0.0	0.0	0.0	0.0	0.0	0.0	0.0	0.0	0.00.0	0.0	0.0	0.0	0.0	0.0	0.0	0.0	0.0
	3p	-	78	3.0	1.0	0.0	1.0	5.0	0.0	0.0	0.0	0.0	0.0	0.0	0.0	0.0	0.0	0.0	0.0	0.00.0	0.0	0.0	0.0	0.0	0.0	0.0	0.0	0.0
	3p	-	79	0.0	2.0	0.0	3.0	5.0	0.0	1.0	0.0	1.0	0.0	0.0	0.0	0.0	0.0	0.0	0.0	0.00.0	0.0	0.0	0.0	0.0	0.0	0.0	0.0	0.0
	3p	-	80	4.0	1.0	0.0	0.0	5.0	0.0	0.0	0.0	0.0	0.0	0.0	0.0	0.0	0.0	0.0	0.0	0.00.0	0.0	0.0	0.0	0.0	0.0	0.0	0.0	0.0
	3p	-	81	4.0	0.0	1.0	0.0	5.0	0.0	0.0	0.0	0.0	0.0	0.0	0.0	0.0	0.0	0.0	0.0	0.00.0	0.0	0.0	0.0	0.0	0.0	0.0	0.0	0.0
	3p	-	82	2.0	1.0	1.0	1.0	5.0	0.0	0.0	0.0	0.0	0.0	0.0	0.0	0.0	0.0	0.0	0.0	0.00.0	0.0	0.0	0.0	0.0	0.0	0.0	0.0	0.0
	3p	-	83	1.0	1.0	2.0	1.0	5.0	0.0	0.0	0.0	0.0	0.0	0.0	0.0	0.0	0.0	0.0	0.0	0.00.0	0.0	0.0	0.0	0.0	0.0	0.0	0.0	0.0
	3p	-	84	1.0	1.0	3.0	0.0	5.0	0.0	1.0	0.0	0.0	0.0	0.0	0.0	0.0	0.0	0.0	0.0	0.00.0	0.0	0.0	0.0	0.0	0.0	0.0	0.0	0.0
	3p	-	85	1.0	1.0	2.0	1.0	5.0	0.0	0.0	0.0	0.0	0.0	0.0	0.0	0.0	0.0	0.0	0.0	0.00.0	0.0	0.0	0.0	0.0	0.0	0.0	0.0	0.0
	3p	-	86	1.0	1.0	1.0	2.0	5.0	0.0	0.0	0.0	0.0	0.0	0.0	0.0	0.0	0.0	0.0	0.0	0.00.0	0.0	0.0	0.0	0.0	0.0	0.0	0.0	0.0
	3p	-	87	1.0	2.0	0.0	2.0	5.0	0.0	0.0	0.0	0.0	0.0	0.0	0.0	0.0	0.0	0.0	0.0	0.00.0	0.0	0.0	0.0	0.0	0.0	0.0	0.0	0.0
	3p	-	88	0.0	2.0	1.0	2.0	5.0	0.0	0.0	0.0	0.0	0.0	0.0	0.0	0.0	0.0	0.0	0.0	0.00.0	0.0	0.0	0.0	0.0	0.0	0.0	0.0	0.0
	3p	-	89	0.0	1.0	2.0	1.0	4.0	0.0	0.0	0.0	0.0	0.0	0.0	0.0	0.0	0.0	0.0	0.0	0.00.0	0.0	0.0	0.0	1.0	0.0	0.0	0.0	0.0
	3p	-	90	3.0	0.0	0.0	2.0	5.0	0.0	0.0	0.0	0.0	0.0	0.0	0.0	0.0	0.0	0.0	0.0	0.00.0	0.0	0.0	0.0	0.0	0.0	0.0	0.0	0.0
	3p	-	91	2.0	2.0	0.0	1.0	5.0	0.0	0.0	0.0	0.0	0.0	0.0	0.0	0.0	0.0	0.0	0.0	0.00.0	0.0	0.0	0.0	0.0	0.0	0.0	0.0	0.0
	3p	-	92	2.0	2.0	0.0	1.0	5.0	0.0	0.0	0.0	0.0	0.0	0.0	0.0	0.0	0.0	0.0	0.0	0.00.0	0.0	0.0	0.0	0.0	0.0	0.0	0.0	0.0
	3p	-	93	0.0	3.0	1.0	1.0	5.0	0.0	0.0	0.0	0.0	0.0	0.0	0.0	0.0	0.0	0.0	0.0	0.00.0	0.0	0.0	0.0	0.0	0.0	0.0	0.0	0.0
	3p	-	94	2.0	0.0	1.0	2.0	5.0	0.0	0.0	0.0	0.0	0.0	0.0	0.0	0.0	0.0	0.0	0.0	0.00.0	0.0	0.0	0.0	0.0	0.0	0.0	0.0	0.0
	3p	-	95	2.0	0.0	1.0	2.0	5.0	0.0	0.0	0.0	0.0	0.0	0.0	0.0	0.0	0.0	0.0	0.0	0.00.0	0.0	0.0	0.0	0.0	0.0	0.0	0.0	0.0
	3p	-	96	1.0	0.0	2.0	2.0	5.0	0.0	0.0	0.0	0.0	0.0	0.0	0.0	0.0	0.0	0.0	0.0	0.00.0	0.0	0.0	0.0	0.0	0.0	0.0	0.0	0.0
	3p	-	97	0.0	1.0	2.0	2.0	5.0	0.0	0.0	0.0	0.0	0.0	0.0	0.0	0.0	0.0	0.0	0.0	0.00.0	0.0	0.0	0.0	0.0	0.0	0.0	0.0	0.0
	3p	-	98	1.0	2.0	0.0	2.0	5.0	0.0	0.0	0.0	0.0	0.0	0.0	0.0	0.0	0.0	0.0	0.0	0.00.0	0.0	0.0	0.0	0.0	0.0	0.0	0.0	0.0
	3p	-	99	2.0	2.0	0.0	0.0	4.0	0.0	0.0	0.0	0.0	0.0	0.0	0.0	0.0	0.0	0.0	0.0	0.00.0	0.0	0.0	0.0	0.0	0.0	0.0	0.0	0.0
	3p	-	100	2.0	0.0	2.0	0.0	4.0	0.0	0.0	0.0	0.0	0.0	0.0	0.0	0.0	0.0	0.0	0.0	0.00.0	0.0	0.0	0.0	0.0	0.0	0.0	0.0	0.0
	5p	+	1	91.0	250.0	236.0	62.0	639.0	3.0	3.0	2.0	2.0	6.0	1.0	10.0	4.0	2.0	1.0	4.0	0.00.0	0.0	0.0	0.0	0.0	0.0	0.0	0.0	0.0
	5p	+	2	82.0	211.0	244.0	101.0	638.0	1.0	2.0	3.0	4.0	3.0	2.0	1.0	4.0	2.0	2.0	6.0	2.00.0	0.0	0.0	0.0	0.0	0.0	1.0	0.0	0.0
	5p	+	3	89.0	255.0	227.0	67.0	638.0	4.0	3.0	1.0	1.0	3.0	4.0	8.0	1.0	1.0	1.0	4.0	1.00.0	0.0	0.0	0.0	1.0	0.0	0.0	0.0	0.0
	5p	+	4	85.0	282.0	180.0	84.0	631.0	6.0	2.0	1.0	3.0	6.0	2.0	6.0	9.0	3.0	1.0	8.0	2.00.0	0.0	0.0	0.0	0.0	0.0	3.0	5.0	0.0
	5p	+	5	102.0	206.0	209.0	82.0	599.0	5.0	4.0	4.0	2.0	1.0	2.0	3.0	0.0	0.0	1.0	7.0	1.00.0	0.0	0.0	0.0	9.0	0.0	10.0	11.0	0.0
	5p	+	6	89.0	209.0	242.0	68.0	608.0	4.0	0.0	3.0	5.0	3.0	2.0	6.0	3.0	1.0	2.0	7.0	2.00.0	0.0	0.0	0.0	7.0	0.0	9.0	8.0	0.0
	5p	+	7	80.0	225.0	222.0	80.0	607.0	2.0	5.0	1.0	0.0	1.0	0.0	4.0	3.0	2.0	3.0	7.0	0.00.0	0.0	0.0	0.0	9.0	0.0	8.0	11.0	0.0
	5p	+	8	101.0	230.0	192.0	74.0	597.0	4.0	5.0	2.0	3.0	2.0	3.0	3.0	3.0	1.0	0.0	4.0	1.00.0	0.0	0.0	0.0	7.0	0.0	12.0	14.0	0.0
	5p	+	9	76.0	245.0	205.0	68.0	594.0	4.0	3.0	2.0	1.0	0.0	0.0	3.0	4.0	3.0	1.0	5.0	2.00.0	0.0	0.0	0.0	6.0	0.0	13.0	17.0	0.0
	5p	+	10	82.0	234.0	222.0	69.0	607.0	2.0	8.0	0.0	2.0	1.0	2.0	5.0	3.0	2.0	1.0	8.0	2.00.0	0.0	0.0	0.0	8.0	0.0	9.0	8.0	0.0
	5p	+	11	88.0	233.0	216.0	76.0	613.0	2.0	2.0	1.0	1.0	3.0	1.0	3.0	1.0	2.0	2.0	5.0	3.00.0	0.0	0.0	0.0	7.0	0.0	7.0	9.0	0.0
	5p	+	12	87.0	231.0	215.0	69.0	602.0	2.0	2.0	3.0	0.0	2.0	3.0	4.0	3.0	2.0	1.0	7.0	1.00.0	0.0	0.0	0.0	6.0	0.0	8.0	15.0	0.0
	5p	+	13	84.0	216.0	219.0	80.0	599.0	4.0	2.0	3.0	3.0	2.0	0.0	8.0	4.0	2.0	4.0	7.0	2.00.0	0.0	0.0	0.0	7.0	0.0	13.0	13.0	0.0
	5p	+	14	73.0	246.0	208.0	71.0	598.0	5.0	3.0	2.0	3.0	2.0	0.0	5.0	3.0	2.0	0.0	8.0	4.00.0	0.0	0.0	0.0	10.0	0.0	14.0	9.0	0.0
	5p	+	15	66.0	229.0	235.0	79.0	609.0	3.0	2.0	0.0	0.0	3.0	0.0	7.0	3.0	0.0	1.0	6.0	4.00.0	0.0	0.0	0.0	5.0	0.0	10.0	9.0	0.0
	5p	+	16	84.0	232.0	241.0	58.0	615.0	4.0	2.0	1.0	1.0	3.0	0.0	6.0	6.0	1.0	0.0	3.0	5.00.0	0.0	0.0	0.0	7.0	0.0	7.0	5.0	0.0
	5p	+	17	93.0	244.0	194.0	73.0	604.0	3.0	2.0	3.0	5.0	5.0	0.0	2.0	2.0	4.0	0.0	2.0	3.00.0	0.0	0.0	0.0	9.0	0.0	4.0	15.0	0.0
	5p	+	18	92.0	213.0	230.0	72.0	607.0	4.0	2.0	4.0	3.0	1.0	1.0	0.0	1.0	0.0	3.0	9.0	1.00.0	0.0	0.0	0.0	5.0	0.0	11.0	13.0	0.0
	5p	+	19	87.0	228.0	223.0	68.0	606.0	3.0	2.0	3.0	1.0	1.0	3.0	7.0	3.0	3.0	1.0	9.0	1.00.0	0.0	0.0	0.0	10.0	0.0	8.0	9.0	0.0
	5p	+	20	80.0	268.0	198.0	59.0	605.0	4.0	7.0	1.0	2.0	3.0	2.0	9.0	3.0	0.0	2.0	8.0	2.00.0	0.0	0.0	0.0	10.0	0.0	14.0	8.0	0.0
	5p	+	21	94.0	240.0	206.0	62.0	602.0	0.0	3.0	5.0	2.0	3.0	2.0	7.0	3.0	3.0	1.0	2.0	2.00.0	0.0	0.0	0.0	9.0	0.0	9.0	12.0	0.0
	5p	+	22	100.0	217.0	226.0	65.0	608.0	2.0	1.0	2.0	3.0	3.0	2.0	4.0	1.0	1.0	1.0	7.0	0.00.0	0.0	0.0	0.0	4.0	0.0	8.0	15.0	0.0
	5p	+	23	87.0	225.0	217.0	84.0	613.0	0.0	1.0	1.0	4.0	1.0	0.0	2.0	5.0	2.0	2.0	6.0	6.00.0	0.0	0.0	0.0	4.0	0.0	10.0	9.0	0.0
	5p	+	24	84.0	230.0	220.0	76.0	610.0	3.0	2.0	2.0	4.0	2.0	2.0	5.0	3.0	1.0	0.0	3.0	5.00.0	0.0	0.0	0.0	6.0	0.0	13.0	4.0	0.0
	5p	+	25	90.0	230.0	225.0	76.0	621.0	3.0	2.0	3.0	3.0	5.0	0.0	6.0	2.0	3.0	1.0	2.0	3.00.0	0.0	0.0	0.0	2.0	0.0	8.0	2.0	0.0
	5p	+	26	110.0	233.0	222.0	73.0	638.0	3.0	1.0	5.0	3.0	3.0	1.0	6.0	0.0	4.0	1.0	4.0	5.00.0	0.0	0.0	0.0	0.0	0.0	0.0	0.0	0.0
	5p	+	27	107.0	225.0	231.0	76.0	639.0	2.0	3.0	3.0	2.0	0.0	1.0	4.0	2.0	1.0	0.0	4.0	3.00.0	0.0	0.0	0.0	0.0	0.0	0.0	0.0	0.0
	5p	+	28	92.0	214.0	267.0	66.0	639.0	4.0	2.0	3.0	1.0	2.0	1.0	7.0	2.0	1.0	0.0	5.0	7.00.0	0.0	0.0	0.0	0.0	0.0	0.0	0.0	0.0
	5p	+	29	97.0	241.0	235.0	66.0	639.0	3.0	1.0	2.0	3.0	4.0	0.0	2.0	5.0	1.0	5.0	6.0	0.00.0	0.0	0.0	0.0	0.0	0.0	0.0	0.0	0.0
	5p	+	30	90.0	238.0	233.0	77.0	638.0	1.0	2.0	3.0	4.0	1.0	1.0	6.0	4.0	2.0	0.0	4.0	4.00.0	0.0	0.0	0.0	0.0	0.0	1.0	0.0	0.0
	5p	+	31	35.0	89.0	74.0	27.0	225.0	0.0	1.0	0.0	1.0	0.0	0.0	3.0	1.0	1.0	0.0	2.0	0.00.0	0.0	0.0	0.0	0.0	0.0	0.0	1.0	0.0
	5p	+	32	20.0	28.0	31.0	12.0	91.0	0.0	0.0	0.0	1.0	0.0	0.0	1.0	1.0	0.0	0.0	2.0	1.00.0	0.0	0.0	0.0	0.0	0.0	0.0	0.0	0.0
	5p	+	33	13.0	13.0	14.0	11.0	51.0	0.0	0.0	1.0	0.0	1.0	0.0	1.0	0.0	0.0	0.0	1.0	0.00.0	0.0	0.0	0.0	0.0	0.0	0.0	0.0	0.0
	5p	+	34	9.0	8.0	6.0	8.0	31.0	0.0	0.0	0.0	0.0	0.0	1.0	0.0	0.0	0.0	0.0	0.0	0.00.0	0.0	0.0	0.0	0.0	0.0	0.0	0.0	0.0
	5p	+	35	10.0	5.0	6.0	8.0	29.0	0.0	0.0	0.0	0.0	0.0	0.0	0.0	0.0	0.0	0.0	0.0	0.00.0	0.0	0.0	0.0	0.0	0.0	0.0	0.0	0.0
	5p	+	36	7.0	8.0	8.0	5.0	28.0	0.0	0.0	0.0	0.0	0.0	0.0	0.0	0.0	0.0	0.0	0.0	0.00.0	0.0	0.0	0.0	0.0	0.0	0.0	0.0	0.0
	5p	+	37	10.0	6.0	7.0	4.0	27.0	1.0	0.0	0.0	1.0	0.0	0.0	0.0	0.0	0.0	0.0	0.0	0.00.0	0.0	0.0	0.0	0.0	0.0	0.0	0.0	0.0
	5p	+	38	8.0	4.0	7.0	5.0	24.0	0.0	0.0	0.0	0.0	0.0	0.0	0.0	0.0	0.0	0.0	0.0	0.00.0	0.0	0.0	0.0	0.0	0.0	0.0	0.0	0.0
	5p	+	39	5.0	4.0	8.0	5.0	22.0	0.0	0.0	0.0	0.0	0.0	0.0	0.0	0.0	0.0	0.0	0.0	0.00.0	0.0	0.0	0.0	0.0	0.0	0.0	0.0	0.0
	5p	+	40	9.0	4.0	5.0	4.0	22.0	1.0	0.0	0.0	0.0	0.0	0.0	0.0	0.0	0.0	0.0	0.0	0.00.0	0.0	0.0	0.0	0.0	0.0	0.0	0.0	0.0
	5p	+	41	8.0	4.0	4.0	6.0	22.0	0.0	0.0	0.0	0.0	0.0	0.0	0.0	1.0	0.0	0.0	0.0	0.00.0	0.0	0.0	0.0	0.0	0.0	0.0	0.0	0.0
	5p	+	42	4.0	7.0	7.0	2.0	20.0	0.0	0.0	0.0	0.0	0.0	0.0	0.0	0.0	0.0	0.0	0.0	0.00.0	0.0	0.0	0.0	0.0	0.0	0.0	0.0	0.0
	5p	+	43	7.0	3.0	6.0	4.0	20.0	0.0	0.0	0.0	0.0	0.0	0.0	0.0	0.0	0.0	0.0	0.0	0.00.0	0.0	0.0	0.0	0.0	0.0	0.0	0.0	0.0
	5p	+	44	5.0	2.0	3.0	8.0	18.0	0.0	0.0	0.0	0.0	0.0	0.0	0.0	0.0	0.0	0.0	0.0	0.00.0	0.0	0.0	0.0	0.0	0.0	0.0	0.0	0.0
	5p	+	45	4.0	3.0	5.0	3.0	15.0	2.0	0.0	0.0	0.0	0.0	0.0	0.0	0.0	0.0	0.0	0.0	0.00.0	0.0	0.0	0.0	0.0	0.0	0.0	0.0	0.0
	5p	+	46	5.0	2.0	6.0	2.0	15.0	0.0	0.0	0.0	0.0	0.0	0.0	0.0	0.0	1.0	0.0	0.0	0.00.0	0.0	0.0	0.0	0.0	0.0	0.0	0.0	0.0
	5p	+	47	4.0	1.0	3.0	4.0	12.0	0.0	0.0	0.0	0.0	0.0	0.0	0.0	0.0	0.0	0.0	0.0	0.00.0	0.0	0.0	0.0	0.0	0.0	0.0	0.0	0.0
	5p	+	48	3.0	4.0	3.0	2.0	12.0	0.0	0.0	0.0	0.0	0.0	0.0	0.0	0.0	0.0	0.0	0.0	0.00.0	0.0	0.0	0.0	0.0	0.0	0.0	0.0	0.0
	5p	+	49	6.0	1.0	1.0	4.0	12.0	0.0	0.0	0.0	0.0	0.0	0.0	0.0	0.0	0.0	0.0	0.0	0.00.0	0.0	0.0	0.0	0.0	0.0	0.0	0.0	0.0
	5p	+	50	2.0	2.0	5.0	3.0	12.0	0.0	0.0	0.0	0.0	0.0	0.0	0.0	0.0	0.0	0.0	0.0	0.00.0	0.0	0.0	0.0	0.0	0.0	0.0	0.0	0.0
	5p	+	51	5.0	2.0	1.0	4.0	12.0	0.0	0.0	0.0	1.0	0.0	0.0	0.0	0.0	0.0	0.0	0.0	0.00.0	0.0	0.0	0.0	0.0	0.0	0.0	0.0	0.0
	5p	+	52	4.0	1.0	4.0	3.0	12.0	1.0	0.0	0.0	0.0	0.0	0.0	0.0	0.0	0.0	0.0	0.0	0.00.0	0.0	0.0	0.0	0.0	0.0	0.0	0.0	0.0
	5p	+	53	3.0	2.0	4.0	3.0	12.0	0.0	0.0	0.0	0.0	0.0	0.0	0.0	0.0	0.0	0.0	0.0	0.00.0	0.0	0.0	0.0	0.0	0.0	0.0	0.0	0.0
	5p	+	54	4.0	5.0	1.0	2.0	12.0	0.0	0.0	0.0	0.0	0.0	0.0	0.0	0.0	0.0	0.0	0.0	0.00.0	0.0	0.0	0.0	0.0	0.0	0.0	0.0	0.0
	5p	+	55	6.0	1.0	2.0	3.0	12.0	0.0	0.0	0.0	1.0	0.0	0.0	0.0	0.0	0.0	0.0	0.0	0.00.0	0.0	0.0	0.0	0.0	0.0	0.0	0.0	0.0
	5p	+	56	4.0	5.0	2.0	0.0	11.0	0.0	1.0	0.0	0.0	0.0	0.0	0.0	0.0	0.0	0.0	0.0	0.00.0	0.0	0.0	0.0	0.0	0.0	0.0	0.0	0.0
	5p	+	57	2.0	2.0	3.0	4.0	11.0	0.0	0.0	0.0	0.0	0.0	0.0	0.0	0.0	0.0	0.0	0.0	0.00.0	0.0	0.0	0.0	0.0	0.0	0.0	0.0	0.0
	5p	+	58	1.0	4.0	2.0	3.0	10.0	0.0	0.0	0.0	0.0	0.0	0.0	0.0	0.0	0.0	0.0	0.0	0.00.0	0.0	0.0	0.0	0.0	0.0	0.0	1.0	0.0
	5p	+	59	4.0	0.0	1.0	6.0	11.0	0.0	0.0	0.0	0.0	0.0	0.0	0.0	0.0	0.0	0.0	0.0	0.00.0	0.0	0.0	0.0	0.0	0.0	0.0	0.0	0.0
	5p	+	60	2.0	2.0	3.0	3.0	10.0	0.0	0.0	0.0	0.0	0.0	0.0	0.0	0.0	0.0	0.0	0.0	0.00.0	0.0	0.0	0.0	0.0	0.0	0.0	0.0	0.0
	5p	+	61	1.0	2.0	3.0	4.0	10.0	0.0	0.0	0.0	0.0	0.0	0.0	0.0	0.0	0.0	0.0	0.0	0.00.0	0.0	0.0	0.0	0.0	0.0	0.0	0.0	0.0
	5p	+	62	0.0	4.0	3.0	2.0	9.0	0.0	0.0	0.0	0.0	0.0	0.0	0.0	0.0	0.0	0.0	0.0	0.00.0	0.0	0.0	0.0	0.0	0.0	0.0	0.0	0.0
	5p	+	63	4.0	2.0	1.0	2.0	9.0	0.0	0.0	0.0	0.0	0.0	0.0	0.0	0.0	0.0	0.0	0.0	0.00.0	0.0	0.0	0.0	0.0	0.0	0.0	0.0	0.0
	5p	+	64	1.0	2.0	5.0	1.0	9.0	1.0	0.0	0.0	0.0	0.0	0.0	0.0	0.0	0.0	0.0	0.0	0.00.0	0.0	0.0	0.0	0.0	0.0	0.0	0.0	0.0
	5p	+	65	2.0	2.0	1.0	4.0	9.0	0.0	0.0	0.0	0.0	0.0	0.0	0.0	0.0	0.0	0.0	0.0	0.00.0	0.0	0.0	0.0	0.0	0.0	0.0	0.0	0.0
	5p	+	66	4.0	4.0	0.0	1.0	9.0	0.0	0.0	0.0	0.0	0.0	0.0	0.0	0.0	0.0	0.0	0.0	0.00.0	0.0	0.0	0.0	0.0	0.0	0.0	0.0	0.0
	5p	+	67	4.0	1.0	0.0	3.0	8.0	0.0	0.0	0.0	0.0	0.0	0.0	0.0	0.0	0.0	0.0	0.0	0.00.0	0.0	0.0	0.0	0.0	0.0	0.0	0.0	0.0
	5p	+	68	1.0	1.0	4.0	2.0	8.0	0.0	0.0	0.0	0.0	0.0	0.0	0.0	0.0	0.0	0.0	0.0	0.00.0	0.0	0.0	0.0	0.0	0.0	0.0	0.0	0.0
	5p	+	69	3.0	2.0	0.0	3.0	8.0	0.0	0.0	0.0	0.0	0.0	0.0	0.0	0.0	0.0	0.0	0.0	0.00.0	0.0	0.0	0.0	0.0	0.0	0.0	0.0	0.0
	5p	+	70	4.0	2.0	2.0	0.0	8.0	0.0	0.0	0.0	0.0	0.0	0.0	0.0	0.0	0.0	0.0	0.0	0.00.0	0.0	0.0	0.0	0.0	0.0	0.0	0.0	0.0
	5p	+	71	3.0	0.0	1.0	4.0	8.0	0.0	0.0	0.0	0.0	0.0	0.0	0.0	0.0	0.0	0.0	0.0	0.00.0	0.0	0.0	0.0	0.0	0.0	0.0	0.0	0.0
	5p	+	72	2.0	2.0	4.0	0.0	8.0	0.0	0.0	0.0	0.0	0.0	0.0	0.0	0.0	0.0	0.0	0.0	0.00.0	0.0	0.0	0.0	0.0	0.0	0.0	0.0	0.0
	5p	+	73	2.0	3.0	0.0	1.0	6.0	0.0	0.0	0.0	0.0	0.0	0.0	0.0	0.0	0.0	0.0	0.0	0.00.0	0.0	0.0	0.0	0.0	0.0	0.0	0.0	0.0
	5p	+	74	3.0	1.0	0.0	1.0	5.0	0.0	0.0	0.0	0.0	0.0	0.0	0.0	0.0	0.0	0.0	0.0	0.00.0	0.0	0.0	0.0	0.0	0.0	0.0	0.0	0.0
	5p	+	75	1.0	2.0	1.0	1.0	5.0	0.0	0.0	0.0	0.0	0.0	0.0	0.0	0.0	0.0	0.0	0.0	0.00.0	0.0	0.0	0.0	0.0	0.0	0.0	0.0	0.0
	5p	+	76	1.0	2.0	1.0	1.0	5.0	0.0	0.0	0.0	0.0	0.0	0.0	0.0	1.0	0.0	0.0	0.0	0.00.0	0.0	0.0	0.0	0.0	0.0	0.0	0.0	0.0
	5p	+	77	0.0	3.0	2.0	0.0	5.0	0.0	1.0	0.0	0.0	0.0	0.0	0.0	0.0	0.0	0.0	0.0	0.00.0	0.0	0.0	0.0	0.0	0.0	0.0	0.0	0.0
	5p	+	78	1.0	3.0	0.0	0.0	4.0	0.0	0.0	0.0	0.0	0.0	0.0	0.0	0.0	0.0	0.0	0.0	0.00.0	0.0	0.0	0.0	0.0	0.0	0.0	0.0	0.0
	5p	+	79	0.0	1.0	1.0	2.0	4.0	0.0	0.0	0.0	0.0	0.0	0.0	0.0	0.0	0.0	0.0	0.0	0.00.0	0.0	0.0	0.0	0.0	0.0	0.0	0.0	0.0
	5p	+	80	1.0	0.0	2.0	1.0	4.0	0.0	0.0	0.0	0.0	0.0	0.0	0.0	0.0	1.0	0.0	0.0	0.00.0	0.0	0.0	0.0	0.0	0.0	0.0	0.0	0.0
	5p	+	81	0.0	0.0	3.0	1.0	4.0	0.0	0.0	0.0	0.0	0.0	0.0	0.0	0.0	0.0	0.0	0.0	0.00.0	0.0	0.0	0.0	0.0	0.0	0.0	0.0	0.0
	5p	+	82	1.0	1.0	1.0	1.0	4.0	0.0	0.0	0.0	0.0	0.0	0.0	0.0	0.0	0.0	0.0	0.0	0.00.0	0.0	0.0	0.0	0.0	0.0	0.0	0.0	0.0
	5p	+	83	0.0	0.0	2.0	2.0	4.0	0.0	0.0	0.0	0.0	0.0	0.0	0.0	0.0	0.0	0.0	0.0	0.00.0	0.0	0.0	0.0	0.0	0.0	0.0	0.0	0.0
	5p	+	84	1.0	0.0	1.0	2.0	4.0	0.0	0.0	0.0	0.0	0.0	0.0	0.0	0.0	0.0	0.0	0.0	0.00.0	0.0	0.0	0.0	0.0	0.0	0.0	0.0	0.0
	5p	+	85	1.0	1.0	0.0	2.0	4.0	0.0	0.0	0.0	0.0	0.0	0.0	0.0	0.0	0.0	0.0	0.0	0.00.0	0.0	0.0	0.0	0.0	0.0	0.0	0.0	0.0
	5p	+	86	1.0	0.0	2.0	0.0	3.0	0.0	0.0	0.0	0.0	0.0	0.0	0.0	0.0	0.0	0.0	0.0	0.00.0	0.0	0.0	0.0	0.0	0.0	0.0	0.0	0.0
	5p	+	87	1.0	1.0	1.0	0.0	3.0	0.0	0.0	0.0	0.0	0.0	0.0	0.0	0.0	0.0	0.0	0.0	0.00.0	0.0	0.0	0.0	0.0	0.0	0.0	0.0	0.0
	5p	+	88	1.0	1.0	0.0	1.0	3.0	0.0	0.0	0.0	0.0	0.0	0.0	0.0	0.0	0.0	0.0	0.0	0.00.0	0.0	0.0	0.0	0.0	0.0	0.0	0.0	0.0
	5p	+	89	2.0	0.0	1.0	0.0	3.0	0.0	0.0	0.0	0.0	0.0	0.0	0.0	0.0	0.0	0.0	0.0	0.00.0	0.0	0.0	0.0	0.0	0.0	0.0	0.0	0.0
	5p	+	90	1.0	0.0	2.0	0.0	3.0	0.0	0.0	0.0	0.0	0.0	0.0	0.0	0.0	0.0	0.0	0.0	0.00.0	0.0	0.0	0.0	0.0	0.0	0.0	0.0	0.0
	5p	+	91	1.0	0.0	1.0	1.0	3.0	0.0	0.0	0.0	0.0	0.0	0.0	0.0	0.0	0.0	0.0	0.0	0.00.0	0.0	0.0	0.0	0.0	0.0	0.0	0.0	0.0
	5p	+	92	0.0	2.0	1.0	0.0	3.0	0.0	0.0	0.0	0.0	0.0	0.0	0.0	0.0	0.0	0.0	0.0	0.00.0	0.0	0.0	0.0	0.0	0.0	0.0	0.0	0.0
	5p	+	93	1.0	0.0	1.0	1.0	3.0	0.0	0.0	0.0	0.0	0.0	0.0	0.0	0.0	0.0	0.0	0.0	0.00.0	0.0	0.0	0.0	0.0	0.0	0.0	0.0	0.0
	5p	+	94	0.0	2.0	1.0	0.0	3.0	0.0	0.0	0.0	0.0	0.0	0.0	0.0	0.0	0.0	0.0	0.0	0.00.0	0.0	0.0	0.0	0.0	0.0	0.0	0.0	0.0
	5p	+	95	2.0	0.0	0.0	1.0	3.0	0.0	0.0	0.0	0.0	0.0	0.0	0.0	0.0	0.0	0.0	0.0	0.00.0	0.0	0.0	0.0	0.0	0.0	0.0	0.0	0.0
	5p	+	96	2.0	0.0	0.0	1.0	3.0	0.0	0.0	0.0	0.0	0.0	0.0	0.0	0.0	0.0	0.0	0.0	0.00.0	0.0	0.0	0.0	0.0	0.0	0.0	0.0	0.0
	5p	+	97	1.0	0.0	1.0	1.0	3.0	0.0	0.0	0.0	0.0	0.0	0.0	0.0	0.0	0.0	0.0	0.0	0.00.0	0.0	0.0	0.0	0.0	0.0	0.0	0.0	0.0
	5p	+	98	1.0	1.0	0.0	1.0	3.0	0.0	0.0	0.0	0.0	0.0	0.0	0.0	0.0	0.0	0.0	0.0	0.00.0	0.0	0.0	0.0	0.0	0.0	0.0	0.0	0.0
	5p	+	99	1.0	2.0	0.0	0.0	3.0	0.0	0.0	0.0	0.0	0.0	0.0	0.0	0.0	0.0	0.0	0.0	0.00.0	0.0	0.0	0.0	0.0	0.0	0.0	0.0	0.0
	5p	+	100	3.0	0.0	0.0	0.0	3.0	0.0	0.0	0.0	0.0	0.0	0.0	0.0	0.0	0.0	0.0	0.0	0.00.0	0.0	0.0	0.0	0.0	0.0	0.0	0.0	0.0
	5p	-	1	96.0	211.0	221.0	63.0	591.0	2.0	1.0	5.0	4.0	3.0	3.0	2.0	1.0	5.0	1.0	4.0	2.00.0	0.0	0.0	0.0	0.0	0.0	0.0	0.0	0.0
	5p	-	2	74.0	199.0	220.0	98.0	591.0	4.0	2.0	2.0	1.0	2.0	0.0	5.0	3.0	0.0	1.0	3.0	3.00.0	0.0	0.0	0.0	0.0	0.0	0.0	0.0	0.0
	5p	-	3	86.0	252.0	174.0	79.0	591.0	2.0	1.0	3.0	3.0	3.0	1.0	2.0	5.0	2.0	2.0	7.0	2.00.0	0.0	0.0	0.0	0.0	0.0	0.0	0.0	0.0
	5p	-	4	80.0	234.0	196.0	80.0	590.0	5.0	3.0	0.0	4.0	4.0	1.0	3.0	3.0	1.0	1.0	2.0	4.00.0	0.0	0.0	0.0	0.0	0.0	0.0	1.0	0.0
	5p	-	5	87.0	210.0	171.0	90.0	558.0	2.0	2.0	2.0	1.0	4.0	1.0	2.0	4.0	5.0	1.0	7.0	0.00.0	0.0	0.0	0.0	8.0	0.0	6.0	11.0	0.0
	5p	-	6	77.0	220.0	201.0	66.0	564.0	5.0	3.0	1.0	1.0	5.0	1.0	2.0	6.0	4.0	2.0	6.0	0.00.0	0.0	0.0	0.0	3.0	0.0	7.0	7.0	0.0
	5p	-	7	81.0	205.0	211.0	63.0	560.0	3.0	0.0	0.0	5.0	2.0	0.0	8.0	4.0	1.0	1.0	3.0	5.00.0	0.0	0.0	0.0	8.0	0.0	8.0	12.0	0.0
	5p	-	8	88.0	233.0	165.0	72.0	558.0	1.0	3.0	2.0	0.0	0.0	0.0	6.0	4.0	3.0	2.0	3.0	3.00.0	0.0	0.0	0.0	5.0	0.0	11.0	10.0	0.0
	5p	-	9	58.0	223.0	201.0	86.0	568.0	0.0	4.0	1.0	3.0	3.0	1.0	5.0	3.0	5.0	0.0	6.0	3.00.0	0.0	0.0	0.0	5.0	0.0	6.0	7.0	0.0
	5p	-	10	73.0	230.0	204.0	62.0	569.0	3.0	3.0	0.0	2.0	3.0	3.0	8.0	4.0	2.0	2.0	3.0	0.00.0	0.0	0.0	0.0	5.0	0.0	6.0	4.0	0.0
	5p	-	11	79.0	199.0	203.0	80.0	561.0	6.0	4.0	2.0	2.0	3.0	3.0	5.0	2.0	0.0	1.0	7.0	1.00.0	0.0	0.0	0.0	5.0	0.0	6.0	11.0	0.0
	5p	-	12	66.0	240.0	197.0	52.0	555.0	4.0	3.0	1.0	2.0	1.0	3.0	4.0	5.0	1.0	1.0	2.0	3.00.0	0.0	0.0	0.0	4.0	0.0	16.0	9.0	0.0
	5p	-	13	76.0	228.0	187.0	66.0	557.0	1.0	5.0	5.0	1.0	2.0	1.0	9.0	3.0	2.0	0.0	4.0	2.00.0	0.0	0.0	0.0	5.0	0.0	11.0	11.0	0.0
	5p	-	14	81.0	222.0	186.0	76.0	565.0	2.0	1.0	2.0	3.0	2.0	0.0	8.0	2.0	4.0	1.0	3.0	3.00.0	0.0	0.0	0.0	6.0	0.0	6.0	10.0	0.0
	5p	-	15	75.0	223.0	193.0	68.0	559.0	0.0	4.0	0.0	1.0	4.0	0.0	4.0	4.0	8.0	1.0	4.0	4.00.0	0.0	0.0	0.0	3.0	0.0	13.0	11.0	0.0
	5p	-	16	83.0	222.0	208.0	43.0	556.0	2.0	2.0	3.0	3.0	3.0	2.0	6.0	2.0	3.0	0.0	3.0	1.00.0	0.0	0.0	0.0	7.0	0.0	7.0	19.0	0.0
	5p	-	17	95.0	224.0	182.0	72.0	573.0	2.0	1.0	5.0	0.0	2.0	1.0	6.0	1.0	2.0	0.0	1.0	3.00.0	0.0	0.0	0.0	6.0	0.0	0.0	6.0	0.0
	5p	-	18	70.0	223.0	186.0	74.0	553.0	2.0	2.0	3.0	0.0	1.0	2.0	3.0	3.0	4.0	3.0	2.0	1.00.0	0.0	0.0	0.0	7.0	0.0	12.0	10.0	0.0
	5p	-	19	68.0	220.0	186.0	81.0	555.0	0.0	3.0	0.0	3.0	2.0	1.0	12.0	2.0	1.0	2.0	4.0	3.00.0	0.0	0.0	0.0	6.0	0.0	12.0	13.0	0.0
	5p	-	20	87.0	196.0	184.0	91.0	558.0	3.0	4.0	3.0	0.0	1.0	2.0	5.0	3.0	5.0	0.0	8.0	1.00.0	0.0	0.0	0.0	7.0	0.0	11.0	11.0	0.0
	5p	-	21	73.0	228.0	208.0	66.0	575.0	2.0	1.0	0.0	1.0	0.0	1.0	7.0	2.0	2.0	3.0	2.0	3.00.0	0.0	0.0	0.0	3.0	0.0	3.0	7.0	0.0
	5p	-	22	85.0	219.0	191.0	69.0	564.0	2.0	3.0	0.0	1.0	3.0	2.0	5.0	2.0	5.0	1.0	4.0	2.00.0	0.0	0.0	0.0	6.0	0.0	8.0	9.0	0.0
	5p	-	23	87.0	202.0	187.0	72.0	548.0	0.0	3.0	2.0	1.0	1.0	2.0	4.0	2.0	2.0	2.0	2.0	3.00.0	0.0	0.0	0.0	15.0	0.0	12.0	13.0	0.0
	5p	-	24	82.0	235.0	179.0	67.0	563.0	3.0	5.0	2.0	2.0	3.0	0.0	2.0	3.0	1.0	0.0	6.0	4.00.0	0.0	0.0	0.0	7.0	0.0	6.0	8.0	0.0
	5p	-	25	73.0	244.0	187.0	63.0	567.0	3.0	0.0	0.0	1.0	3.0	1.0	6.0	4.0	1.0	2.0	8.0	4.00.0	0.0	0.0	0.0	5.0	0.0	9.0	7.0	0.0
	5p	-	26	96.0	208.0	192.0	87.0	583.0	0.0	2.0	1.0	2.0	3.0	2.0	7.0	0.0	0.0	0.0	9.0	2.00.0	0.0	0.0	0.0	3.0	0.0	1.0	0.0	0.0
	5p	-	27	89.0	201.0	220.0	77.0	587.0	1.0	1.0	4.0	2.0	2.0	2.0	6.0	2.0	5.0	4.0	2.0	1.00.0	0.0	0.0	0.0	3.0	0.0	1.0	0.0	0.0
	5p	-	28	84.0	206.0	224.0	72.0	586.0	1.0	2.0	2.0	3.0	2.0	1.0	1.0	3.0	3.0	2.0	2.0	4.00.0	0.0	0.0	0.0	0.0	0.0	1.0	3.0	0.0
	5p	-	29	100.0	235.0	197.0	56.0	588.0	0.0	1.0	6.0	6.0	2.0	0.0	8.0	6.0	1.0	1.0	4.0	1.00.0	0.0	0.0	0.0	0.0	0.0	0.0	3.0	0.0
	5p	-	30	77.0	234.0	223.0	57.0	591.0	4.0	1.0	0.0	2.0	2.0	3.0	5.0	3.0	1.0	0.0	6.0	1.00.0	0.0	0.0	0.0	0.0	0.0	0.0	0.0	0.0
	5p	-	31	36.0	87.0	82.0	22.0	227.0	1.0	1.0	1.0	0.0	1.0	0.0	1.0	5.0	0.0	0.0	1.0	0.00.0	0.0	0.0	0.0	0.0	0.0	0.0	0.0	0.0
	5p	-	32	20.0	23.0	31.0	12.0	86.0	2.0	1.0	0.0	0.0	0.0	1.0	0.0	0.0	1.0	0.0	0.0	1.00.0	0.0	0.0	0.0	0.0	0.0	0.0	1.0	0.0
	5p	-	33	12.0	21.0	15.0	5.0	53.0	0.0	0.0	0.0	0.0	0.0	0.0	0.0	0.0	0.0	0.0	0.0	0.00.0	0.0	0.0	0.0	0.0	0.0	0.0	0.0	0.0
	5p	-	34	8.0	5.0	12.0	6.0	31.0	0.0	0.0	0.0	0.0	0.0	0.0	0.0	0.0	0.0	0.0	0.0	0.00.0	0.0	0.0	0.0	0.0	0.0	0.0	0.0	0.0
	5p	-	35	10.0	2.0	5.0	5.0	22.0	0.0	0.0	0.0	0.0	0.0	0.0	0.0	0.0	0.0	0.0	0.0	0.00.0	0.0	0.0	0.0	0.0	0.0	0.0	0.0	0.0
	5p	-	36	3.0	6.0	6.0	5.0	20.0	0.0	2.0	0.0	0.0	0.0	0.0	0.0	0.0	0.0	0.0	0.0	0.00.0	0.0	0.0	0.0	0.0	0.0	0.0	0.0	0.0
	5p	-	37	7.0	3.0	4.0	3.0	17.0	0.0	0.0	0.0	0.0	0.0	0.0	0.0	0.0	0.0	0.0	0.0	0.00.0	0.0	0.0	0.0	0.0	0.0	0.0	0.0	0.0
	5p	-	38	2.0	5.0	3.0	6.0	16.0	0.0	1.0	0.0	0.0	0.0	0.0	0.0	0.0	0.0	0.0	0.0	0.00.0	0.0	0.0	0.0	0.0	0.0	0.0	0.0	0.0
	5p	-	39	1.0	5.0	6.0	3.0	15.0	0.0	0.0	0.0	0.0	0.0	0.0	0.0	0.0	0.0	0.0	0.0	0.00.0	0.0	0.0	0.0	0.0	0.0	0.0	0.0	0.0
	5p	-	40	1.0	6.0	4.0	4.0	15.0	0.0	0.0	0.0	0.0	0.0	0.0	0.0	0.0	0.0	0.0	0.0	0.00.0	0.0	0.0	0.0	0.0	0.0	0.0	0.0	0.0
	5p	-	41	5.0	2.0	0.0	7.0	14.0	0.0	0.0	0.0	0.0	0.0	0.0	0.0	0.0	0.0	0.0	0.0	0.00.0	0.0	0.0	0.0	0.0	0.0	0.0	0.0	0.0
	5p	-	42	4.0	4.0	2.0	4.0	14.0	0.0	0.0	0.0	0.0	0.0	0.0	0.0	0.0	0.0	0.0	0.0	0.00.0	0.0	0.0	0.0	0.0	0.0	0.0	0.0	0.0
	5p	-	43	4.0	2.0	0.0	6.0	12.0	0.0	0.0	0.0	0.0	0.0	0.0	0.0	0.0	0.0	0.0	0.0	0.00.0	0.0	0.0	0.0	0.0	0.0	0.0	0.0	0.0
	5p	-	44	1.0	3.0	3.0	5.0	12.0	0.0	0.0	0.0	0.0	0.0	0.0	0.0	0.0	0.0	0.0	0.0	0.00.0	0.0	0.0	0.0	0.0	0.0	0.0	0.0	0.0
	5p	-	45	5.0	0.0	1.0	6.0	12.0	0.0	0.0	0.0	0.0	0.0	0.0	0.0	0.0	1.0	0.0	0.0	0.00.0	0.0	0.0	0.0	0.0	0.0	0.0	0.0	0.0
	5p	-	46	1.0	5.0	3.0	3.0	12.0	0.0	0.0	0.0	0.0	0.0	0.0	0.0	0.0	0.0	0.0	0.0	0.00.0	0.0	0.0	0.0	0.0	0.0	0.0	0.0	0.0
	5p	-	47	5.0	0.0	2.0	5.0	12.0	0.0	0.0	0.0	0.0	0.0	0.0	0.0	0.0	0.0	0.0	0.0	0.00.0	0.0	0.0	0.0	0.0	0.0	0.0	0.0	0.0
	5p	-	48	3.0	4.0	4.0	1.0	12.0	0.0	0.0	0.0	0.0	0.0	0.0	0.0	0.0	0.0	0.0	0.0	0.00.0	0.0	0.0	0.0	0.0	0.0	0.0	0.0	0.0
	5p	-	49	4.0	3.0	2.0	3.0	12.0	0.0	0.0	0.0	0.0	0.0	0.0	0.0	0.0	0.0	0.0	0.0	0.00.0	0.0	0.0	0.0	0.0	0.0	0.0	0.0	0.0
	5p	-	50	4.0	0.0	3.0	5.0	12.0	0.0	0.0	0.0	0.0	0.0	0.0	0.0	0.0	0.0	0.0	0.0	0.00.0	0.0	0.0	0.0	0.0	0.0	0.0	0.0	0.0
	5p	-	51	3.0	2.0	2.0	4.0	11.0	0.0	0.0	0.0	1.0	0.0	0.0	0.0	0.0	0.0	1.0	0.0	0.00.0	0.0	0.0	0.0	0.0	0.0	0.0	0.0	0.0
	5p	-	52	3.0	6.0	0.0	2.0	11.0	0.0	0.0	0.0	1.0	0.0	0.0	0.0	0.0	0.0	0.0	0.0	0.00.0	0.0	0.0	0.0	0.0	0.0	0.0	0.0	0.0
	5p	-	53	4.0	3.0	3.0	1.0	11.0	0.0	0.0	1.0	0.0	0.0	0.0	0.0	0.0	0.0	0.0	1.0	0.00.0	0.0	0.0	0.0	0.0	0.0	0.0	0.0	0.0
	5p	-	54	4.0	4.0	1.0	1.0	10.0	0.0	0.0	0.0	0.0	0.0	0.0	0.0	0.0	0.0	0.0	0.0	0.00.0	0.0	0.0	0.0	0.0	0.0	0.0	0.0	0.0
	5p	-	55	3.0	0.0	4.0	3.0	10.0	0.0	0.0	0.0	1.0	0.0	0.0	0.0	0.0	0.0	0.0	0.0	0.00.0	0.0	0.0	0.0	0.0	0.0	0.0	0.0	0.0
	5p	-	56	4.0	2.0	2.0	2.0	10.0	0.0	0.0	0.0	0.0	0.0	0.0	0.0	0.0	0.0	0.0	0.0	0.00.0	0.0	0.0	0.0	0.0	0.0	0.0	0.0	0.0
	5p	-	57	2.0	3.0	2.0	2.0	9.0	0.0	0.0	0.0	0.0	0.0	0.0	0.0	0.0	0.0	0.0	0.0	0.00.0	0.0	0.0	0.0	0.0	0.0	0.0	0.0	0.0
	5p	-	58	3.0	1.0	1.0	4.0	9.0	0.0	0.0	0.0	0.0	0.0	0.0	0.0	0.0	0.0	0.0	0.0	0.00.0	0.0	0.0	0.0	0.0	0.0	0.0	0.0	0.0
	5p	-	59	3.0	0.0	0.0	6.0	9.0	0.0	0.0	0.0	1.0	0.0	0.0	0.0	0.0	0.0	0.0	0.0	0.00.0	0.0	0.0	0.0	0.0	0.0	0.0	0.0	0.0
	5p	-	60	4.0	1.0	2.0	2.0	9.0	0.0	0.0	0.0	0.0	0.0	0.0	0.0	0.0	0.0	0.0	0.0	0.00.0	0.0	0.0	0.0	0.0	0.0	0.0	0.0	0.0
	5p	-	61	4.0	1.0	2.0	1.0	8.0	0.0	1.0	0.0	0.0	0.0	0.0	0.0	0.0	0.0	0.0	0.0	0.00.0	0.0	0.0	0.0	0.0	0.0	0.0	0.0	0.0
	5p	-	62	0.0	1.0	6.0	1.0	8.0	0.0	0.0	0.0	0.0	0.0	0.0	0.0	1.0	0.0	0.0	0.0	0.00.0	0.0	0.0	0.0	0.0	0.0	0.0	0.0	0.0
	5p	-	63	1.0	3.0	1.0	2.0	7.0	0.0	0.0	0.0	0.0	0.0	0.0	0.0	0.0	0.0	0.0	0.0	0.00.0	0.0	0.0	0.0	0.0	0.0	0.0	0.0	0.0
	5p	-	64	5.0	1.0	1.0	0.0	7.0	0.0	0.0	0.0	0.0	0.0	0.0	0.0	0.0	0.0	0.0	0.0	0.00.0	0.0	0.0	0.0	0.0	0.0	0.0	0.0	0.0
	5p	-	65	2.0	2.0	2.0	1.0	7.0	0.0	0.0	0.0	0.0	0.0	0.0	0.0	0.0	0.0	0.0	0.0	0.00.0	0.0	0.0	0.0	0.0	0.0	0.0	0.0	0.0
	5p	-	66	0.0	2.0	1.0	4.0	7.0	0.0	0.0	0.0	0.0	0.0	0.0	0.0	0.0	0.0	0.0	0.0	0.00.0	0.0	0.0	0.0	0.0	0.0	0.0	0.0	0.0
	5p	-	67	2.0	0.0	3.0	2.0	7.0	0.0	0.0	0.0	0.0	0.0	0.0	0.0	0.0	0.0	0.0	0.0	0.00.0	0.0	0.0	0.0	0.0	0.0	0.0	0.0	0.0
	5p	-	68	2.0	1.0	1.0	2.0	6.0	0.0	0.0	0.0	0.0	0.0	0.0	0.0	0.0	0.0	0.0	0.0	0.00.0	0.0	0.0	0.0	0.0	0.0	0.0	0.0	0.0
	5p	-	69	1.0	2.0	0.0	3.0	6.0	0.0	0.0	0.0	0.0	0.0	0.0	0.0	0.0	0.0	0.0	0.0	0.00.0	0.0	0.0	0.0	0.0	0.0	0.0	0.0	0.0
	5p	-	70	2.0	2.0	0.0	2.0	6.0	0.0	0.0	0.0	0.0	0.0	0.0	0.0	0.0	0.0	0.0	0.0	0.00.0	0.0	0.0	0.0	0.0	0.0	0.0	0.0	0.0
	5p	-	71	3.0	1.0	1.0	0.0	5.0	0.0	0.0	0.0	0.0	0.0	0.0	0.0	0.0	0.0	0.0	0.0	0.00.0	0.0	0.0	0.0	0.0	0.0	0.0	0.0	0.0
	5p	-	72	3.0	1.0	0.0	1.0	5.0	0.0	0.0	0.0	0.0	0.0	0.0	0.0	0.0	0.0	0.0	0.0	0.00.0	0.0	0.0	0.0	0.0	0.0	0.0	0.0	0.0
	5p	-	73	1.0	0.0	0.0	3.0	4.0	0.0	0.0	0.0	0.0	0.0	0.0	0.0	0.0	0.0	0.0	0.0	0.00.0	0.0	0.0	0.0	1.0	0.0	0.0	0.0	0.0
	5p	-	74	1.0	0.0	2.0	2.0	5.0	0.0	0.0	0.0	0.0	0.0	0.0	0.0	0.0	0.0	0.0	0.0	0.00.0	0.0	0.0	0.0	0.0	0.0	0.0	0.0	0.0
	5p	-	75	1.0	1.0	1.0	2.0	5.0	0.0	0.0	0.0	0.0	0.0	0.0	0.0	0.0	0.0	0.0	0.0	0.00.0	0.0	0.0	0.0	0.0	0.0	0.0	0.0	0.0
	5p	-	76	1.0	1.0	1.0	2.0	5.0	0.0	0.0	0.0	1.0	0.0	0.0	0.0	0.0	0.0	0.0	0.0	0.00.0	0.0	0.0	0.0	0.0	0.0	0.0	0.0	0.0
	5p	-	77	2.0	0.0	1.0	2.0	5.0	0.0	0.0	0.0	0.0	0.0	0.0	0.0	0.0	0.0	0.0	0.0	0.00.0	0.0	0.0	0.0	0.0	0.0	0.0	0.0	0.0
	5p	-	78	1.0	1.0	3.0	0.0	5.0	0.0	0.0	0.0	0.0	0.0	0.0	0.0	0.0	0.0	0.0	0.0	0.00.0	0.0	0.0	0.0	0.0	0.0	0.0	0.0	0.0
	5p	-	79	2.0	1.0	1.0	1.0	5.0	0.0	0.0	0.0	0.0	0.0	0.0	0.0	0.0	0.0	0.0	0.0	0.00.0	0.0	0.0	0.0	0.0	0.0	0.0	0.0	0.0
	5p	-	80	1.0	3.0	0.0	1.0	5.0	0.0	0.0	0.0	0.0	0.0	0.0	0.0	0.0	0.0	0.0	0.0	0.00.0	0.0	0.0	0.0	0.0	0.0	0.0	0.0	0.0
	5p	-	81	4.0	1.0	0.0	0.0	5.0	0.0	0.0	0.0	0.0	0.0	0.0	0.0	0.0	0.0	0.0	0.0	0.00.0	0.0	0.0	0.0	0.0	0.0	0.0	0.0	0.0
	5p	-	82	3.0	0.0	1.0	1.0	5.0	0.0	0.0	0.0	0.0	0.0	0.0	0.0	0.0	0.0	0.0	0.0	0.00.0	0.0	0.0	0.0	0.0	0.0	0.0	0.0	0.0
	5p	-	83	2.0	0.0	1.0	2.0	5.0	0.0	0.0	0.0	0.0	0.0	0.0	0.0	0.0	0.0	0.0	0.0	0.00.0	0.0	0.0	0.0	0.0	0.0	0.0	0.0	0.0
	5p	-	84	1.0	2.0	0.0	2.0	5.0	0.0	1.0	0.0	0.0	0.0	0.0	0.0	0.0	0.0	0.0	0.0	0.00.0	0.0	0.0	0.0	0.0	0.0	0.0	0.0	0.0
	5p	-	85	2.0	0.0	1.0	2.0	5.0	0.0	0.0	0.0	0.0	0.0	0.0	0.0	0.0	0.0	0.0	0.0	0.00.0	0.0	0.0	0.0	0.0	0.0	0.0	0.0	0.0
	5p	-	86	1.0	1.0	1.0	2.0	5.0	0.0	0.0	0.0	0.0	0.0	0.0	0.0	0.0	0.0	0.0	0.0	0.00.0	0.0	0.0	0.0	0.0	0.0	0.0	0.0	0.0
	5p	-	87	2.0	2.0	0.0	1.0	5.0	0.0	0.0	0.0	0.0	0.0	0.0	0.0	0.0	0.0	0.0	0.0	0.00.0	0.0	0.0	0.0	0.0	0.0	0.0	0.0	0.0
	5p	-	88	3.0	0.0	0.0	2.0	5.0	0.0	0.0	0.0	0.0	0.0	0.0	0.0	0.0	0.0	0.0	0.0	0.00.0	0.0	0.0	0.0	0.0	0.0	0.0	0.0	0.0
	5p	-	89	2.0	2.0	1.0	0.0	5.0	0.0	0.0	0.0	0.0	0.0	0.0	0.0	0.0	0.0	0.0	0.0	0.00.0	0.0	0.0	0.0	0.0	0.0	0.0	0.0	0.0
	5p	-	90	0.0	0.0	1.0	4.0	5.0	0.0	0.0	0.0	0.0	0.0	0.0	0.0	0.0	0.0	0.0	0.0	0.00.0	0.0	0.0	0.0	0.0	0.0	0.0	0.0	0.0
	5p	-	91	4.0	1.0	0.0	0.0	5.0	0.0	0.0	0.0	0.0	0.0	0.0	0.0	0.0	0.0	0.0	0.0	0.00.0	0.0	0.0	0.0	0.0	0.0	0.0	0.0	0.0
	5p	-	92	2.0	1.0	0.0	2.0	5.0	0.0	0.0	0.0	0.0	0.0	0.0	0.0	0.0	0.0	0.0	0.0	0.00.0	0.0	0.0	0.0	0.0	0.0	0.0	0.0	0.0
	5p	-	93	1.0	3.0	0.0	1.0	5.0	0.0	1.0	1.0	0.0	0.0	0.0	0.0	0.0	0.0	0.0	0.0	0.00.0	0.0	0.0	0.0	0.0	0.0	0.0	0.0	0.0
	5p	-	94	2.0	2.0	0.0	1.0	5.0	0.0	0.0	0.0	0.0	0.0	0.0	0.0	0.0	0.0	0.0	0.0	0.00.0	0.0	0.0	0.0	0.0	0.0	0.0	0.0	0.0
	5p	-	95	1.0	1.0	2.0	1.0	5.0	0.0	0.0	0.0	0.0	0.0	0.0	0.0	0.0	0.0	0.0	0.0	0.00.0	0.0	0.0	0.0	0.0	0.0	0.0	0.0	0.0
	5p	-	96	3.0	0.0	0.0	2.0	5.0	0.0	0.0	0.0	0.0	0.0	0.0	0.0	0.0	0.0	0.0	0.0	0.00.0	0.0	0.0	0.0	0.0	0.0	0.0	0.0	0.0
	5p	-	97	1.0	2.0	1.0	1.0	5.0	0.0	0.0	0.0	0.0	0.0	0.0	0.0	0.0	0.0	0.0	0.0	0.00.0	0.0	0.0	0.0	0.0	0.0	0.0	0.0	0.0
	5p	-	98	3.0	0.0	0.0	2.0	5.0	0.0	0.0	0.0	0.0	0.0	0.0	0.0	0.0	0.0	0.0	0.0	0.00.0	0.0	0.0	0.0	0.0	0.0	0.0	0.0	0.0
	5p	-	99	1.0	1.0	0.0	2.0	4.0	0.0	0.0	0.0	0.0	0.0	0.0	0.0	0.0	0.0	0.0	0.0	0.00.0	0.0	0.0	0.0	0.0	0.0	0.0	0.0	0.0
	5p	-	100	0.0	1.0	1.0	2.0	4.0	0.0	0.0	0.0	0.0	0.0	0.0	0.0	0.0	0.0	0.0	0.0	0.00.0	0.0	0.0	0.0	0.0	0.0	0.0	0.0	0.0
