# table produced by DamageProfiler
# using mapped file ScA006.BuffaloCape_Human_nc.Target.rmdup.noMicro.bam
# Sample ID: ScA006.BuffaloCape_Human_nc.Target.rmdup.noMicro.bam
Pos	C>T	G>A	A>C	A>G	A>T	C>A	C>G	G>C	G>T	T>A	T>C	T>G	->ACGT	ACGT>-
24	0.003215	0.005342	0.000886	0.003839	0.000295	0.001608	0.000000	0.001457	0.003885	0.000351	0.002105	0.001053	0.000590	0.000000
23	0.006074	0.003831	0.001497	0.000898	0.000599	0.003865	0.000000	0.001916	0.004789	0.001027	0.002055	0.001370	0.000689	0.000000
22	0.005376	0.004212	0.000304	0.002429	0.000607	0.000000	0.000538	0.002340	0.002340	0.001045	0.001045	0.000000	0.000492	0.000000
21	0.004454	0.004888	0.000294	0.002939	0.000588	0.000557	0.000000	0.000978	0.002444	0.000343	0.000685	0.000343	0.000590	0.000000
20	0.005927	0.001892	0.001474	0.002948	0.000590	0.002155	0.000000	0.000473	0.004730	0.001071	0.001428	0.002142	0.000295	0.000000
19	0.004269	0.001988	0.000901	0.003603	0.001501	0.001067	0.001067	0.001988	0.001988	0.001359	0.002379	0.000340	0.000689	0.000000
18	0.005936	0.002455	0.000599	0.002095	0.001197	0.002159	0.000540	0.000491	0.002455	0.000682	0.002729	0.000682	0.000590	0.000000
17	0.009274	0.002532	0.000000	0.000584	0.000292	0.001637	0.001637	0.000506	0.002025	0.001707	0.004780	0.001366	0.000689	0.000000
16	0.007808	0.001926	0.000596	0.001490	0.001490	0.003904	0.000000	0.001444	0.003370	0.001363	0.002385	0.000681	0.000590	0.000000
15	0.006926	0.003393	0.001202	0.002705	0.001503	0.001066	0.000533	0.001454	0.002908	0.001037	0.001728	0.000346	0.000590	0.000000
14	0.007605	0.002451	0.000300	0.002699	0.000000	0.002173	0.001630	0.000980	0.004412	0.000000	0.003056	0.001358	0.000787	0.000000
13	0.004894	0.003413	0.000591	0.003251	0.001478	0.001631	0.002175	0.001950	0.002438	0.001386	0.003117	0.000693	0.000689	0.000000
12	0.006875	0.003428	0.000602	0.002406	0.000301	0.000529	0.001058	0.001959	0.002938	0.000345	0.003790	0.001723	0.000492	0.000000
11	0.008347	0.005335	0.000872	0.003779	0.000872	0.001113	0.001669	0.001940	0.001940	0.001048	0.002096	0.001048	0.000590	0.000000
10	0.008786	0.002885	0.000292	0.001754	0.000585	0.001647	0.000549	0.001442	0.002885	0.000706	0.001059	0.000000	0.001379	0.000000
9	0.006696	0.002846	0.000864	0.002305	0.001152	0.000558	0.001674	0.002846	0.003321	0.000358	0.001434	0.000717	0.000787	0.000000
8	0.006978	0.002485	0.000286	0.003427	0.000571	0.001610	0.001074	0.000994	0.003479	0.001079	0.001799	0.000719	0.001181	0.000000
7	0.007549	0.004597	0.000273	0.003819	0.001637	0.001161	0.000581	0.002554	0.002554	0.001065	0.001774	0.000710	0.000492	0.000000
6	0.003563	0.003311	0.000276	0.003309	0.001931	0.002375	0.000000	0.001419	0.004257	0.001096	0.004386	0.000731	0.000886	0.000000
5	0.009398	0.001842	0.000793	0.003170	0.001585	0.000000	0.001253	0.001381	0.003683	0.000000	0.003452	0.001534	0.000689	0.000000
4	0.013498	0.003398	0.000538	0.002422	0.000538	0.001174	0.001761	0.001942	0.001942	0.000000	0.002232	0.001488	0.000197	0.000000
3	0.008371	0.001914	0.000817	0.003266	0.000272	0.002790	0.001116	0.000957	0.004306	0.000383	0.003062	0.000000	0.000098	0.000000
2	0.009387	0.004780	0.000819	0.004911	0.000546	0.002964	0.001482	0.000956	0.001912	0.000838	0.003769	0.000419	0.000098	0.000000
1	0.028362	0.011669	0.000994	0.002733	0.000497	0.002745	0.000000	0.001167	0.002917	0.002227	0.003563	0.000445	0.000000	0.000000
0	0.129145	0.011243	0.001354	0.004515	0.001129	0.003490	0.000582	0.002959	0.003550	0.005577	0.004290	0.003003	0.000000	0.000000
