# table produced by DamageProfiler
# using mapped file PcA021.ReedbuckBh_Human_nc.Target.rmdup.noMicro.bam
# Sample ID: PcA021.ReedbuckBh_Human_nc.Target.rmdup.noMicro.bam
Pos	C>T	G>A	A>C	A>G	A>T	C>A	C>G	G>C	G>T	T>A	T>C	T>G	->ACGT	ACGT>-
24	0.018535	0.024977	0.003176	0.011646	0.003706	0.005296	0.005296	0.007401	0.010176	0.003788	0.010823	0.005411	0.005713	0.000000
23	0.016408	0.017479	0.004260	0.011715	0.005857	0.005181	0.008636	0.011040	0.006440	0.003259	0.013036	0.004889	0.004359	0.000000
22	0.019281	0.017391	0.004215	0.010011	0.001581	0.006135	0.009641	0.005217	0.007826	0.002830	0.007923	0.003396	0.005709	0.000000
21	0.013344	0.025455	0.004327	0.012439	0.003786	0.002502	0.006672	0.003636	0.010909	0.003311	0.014349	0.004967	0.003691	0.000000
20	0.013536	0.015491	0.005388	0.015625	0.004310	0.005076	0.004230	0.006024	0.006885	0.005653	0.008479	0.006783	0.003351	0.000000
19	0.019147	0.022957	0.004317	0.008635	0.004317	0.005222	0.007833	0.011019	0.008264	0.003190	0.014886	0.008506	0.003516	0.000000
18	0.017857	0.018051	0.003715	0.013800	0.005839	0.005357	0.006250	0.004513	0.009928	0.002690	0.008607	0.003228	0.003015	0.000000
17	0.013536	0.014414	0.004440	0.008324	0.003885	0.001692	0.001692	0.004505	0.008108	0.002670	0.009610	0.005873	0.003855	0.000000
16	0.023810	0.020561	0.006974	0.011803	0.005365	0.004105	0.002463	0.007477	0.012150	0.001659	0.008850	0.003319	0.003691	0.000000
15	0.015886	0.019793	0.005768	0.008915	0.004719	0.008361	0.005017	0.007540	0.006598	0.005599	0.013998	0.005039	0.004874	0.000000
14	0.020202	0.024209	0.008325	0.010406	0.005203	0.010101	0.010101	0.005587	0.004655	0.005048	0.014582	0.005048	0.003855	0.000000
13	0.018119	0.020721	0.002608	0.010955	0.006260	0.003451	0.009491	0.003604	0.011712	0.001680	0.012318	0.003359	0.003349	0.000000
12	0.021533	0.022543	0.006383	0.007979	0.006383	0.005168	0.004307	0.006312	0.008115	0.006623	0.009382	0.002208	0.003522	0.000000
11	0.020797	0.018605	0.004727	0.009454	0.004202	0.008666	0.006066	0.005581	0.007442	0.002734	0.009841	0.005467	0.004361	0.000000
10	0.020105	0.019213	0.004204	0.009459	0.003678	0.007867	0.003497	0.006404	0.004575	0.004367	0.006550	0.004913	0.002512	0.000000
9	0.016515	0.021237	0.004769	0.011659	0.005829	0.006606	0.006606	0.005540	0.009234	0.001680	0.012878	0.003359	0.003855	0.000000
8	0.019143	0.019626	0.004525	0.010558	0.005028	0.007293	0.004558	0.006542	0.009346	0.003874	0.009961	0.008854	0.004193	0.000000
7	0.020997	0.031044	0.005058	0.008599	0.004552	0.010499	0.006124	0.005644	0.006585	0.003941	0.007883	0.006194	0.004531	0.000000
6	0.014888	0.025140	0.002065	0.008776	0.004130	0.007444	0.005790	0.006518	0.007449	0.005149	0.009153	0.004005	0.003519	0.000000
5	0.022163	0.018416	0.000960	0.006718	0.003839	0.008865	0.008865	0.006446	0.008287	0.006559	0.010137	0.004770	0.002176	0.000000
4	0.016365	0.024248	0.003356	0.011985	0.007191	0.006029	0.003445	0.010669	0.009699	0.006425	0.007009	0.003505	0.000334	0.000000
3	0.017079	0.024194	0.005961	0.011426	0.003477	0.005124	0.008540	0.009073	0.003024	0.005519	0.012693	0.003863	0.000334	0.000000
2	0.018213	0.025121	0.006796	0.010194	0.005825	0.005204	0.005204	0.005797	0.015459	0.011461	0.009742	0.003438	0.000000	0.000000
1	0.063588	0.035388	0.006682	0.007572	0.004900	0.006056	0.007570	0.009132	0.012557	0.009677	0.021935	0.008387	0.000000	0.000000
0	0.212789	0.046095	0.004136	0.003309	0.008685	0.023153	0.006615	0.012804	0.026889	0.009009	0.007419	0.007949	0.000000	0.000000
