# table produced by DamageProfiler
# using mapped file PcA021.ReedbuckBh_Human_nc.Target.rmdup.noMicro.bam
# Sample ID: PcA021.ReedbuckBh_Human_nc.Target.rmdup.noMicro.bam
Chr	End	Std	Pos	A	C	G	T	Total
	3p	+	1	1234	377	378	1013	3002
	3p	+	2	1114	652	441	795	3002
	3p	+	3	1029	593	486	894	3002
	3p	+	4	995	617	506	884	3002
	3p	+	5	1054	575	507	866	3002
	3p	+	6	1080	543	561	818	3002
	3p	+	7	979	587	511	925	3002
	3p	+	8	1014	568	537	883	3002
	3p	+	9	958	535	565	944	3002
	3p	+	10	956	585	556	905	3002
	3p	+	11	972	581	547	902	3002
	3p	+	12	945	587	572	898	3002
	3p	+	13	952	578	555	917	3002
	3p	+	14	955	581	546	920	3002
	3p	+	15	943	609	552	898	3002
	3p	+	16	941	620	539	902	3002
	3p	+	17	946	586	542	928	3002
	3p	+	18	876	614	560	952	3002
	3p	+	19	925	561	576	940	3002
	3p	+	20	942	571	553	936	3002
	3p	+	21	965	581	567	889	3002
	3p	+	22	954	594	538	916	3002
	3p	+	23	976	554	578	894	3002
	3p	+	24	947	589	561	905	3002
	3p	+	25	962	554	561	925	3002
	3p	+	26	939	668	540	855	3002
	3p	+	27	905	631	545	921	3002
	3p	+	28	924	651	554	873	3002
	3p	+	29	877	611	593	921	3002
	3p	+	30	965	595	556	886	3002
	3p	+	31	829	529	535	855	2748
	3p	+	32	845	486	459	838	2628
	3p	+	33	816	520	454	755	2545
	3p	+	34	748	483	446	788	2465
	3p	+	35	779	471	406	740	2396
	3p	+	36	679	478	447	720	2324
	3p	+	37	716	424	384	735	2259
	3p	+	38	668	446	421	665	2200
	3p	+	39	670	406	395	644	2115
	3p	+	40	661	354	373	643	2031
	3p	+	41	650	381	368	553	1952
	3p	+	42	606	377	341	559	1883
	3p	+	43	576	353	333	556	1818
	3p	+	44	563	334	336	505	1738
	3p	+	45	549	305	294	516	1664
	3p	+	46	489	308	290	503	1590
	3p	+	47	461	279	287	495	1522
	3p	+	48	434	278	297	455	1464
	3p	+	49	440	244	252	457	1393
	3p	+	50	412	250	241	424	1327
	3p	+	51	403	244	217	406	1270
	3p	+	52	358	250	211	382	1201
	3p	+	53	358	236	223	328	1145
	3p	+	54	359	206	190	329	1084
	3p	+	55	311	199	205	338	1053
	3p	+	56	329	171	171	331	1002
	3p	+	57	285	192	163	294	934
	3p	+	58	290	179	152	257	878
	3p	+	59	265	165	150	254	834
	3p	+	60	259	147	151	221	778
	3p	+	61	247	123	122	242	734
	3p	+	62	220	133	129	214	696
	3p	+	63	211	133	108	203	655
	3p	+	64	206	131	107	175	619
	3p	+	65	156	115	112	198	581
	3p	+	66	180	107	105	157	549
	3p	+	67	166	110	89	148	513
	3p	+	68	157	90	83	150	480
	3p	+	69	143	83	93	129	448
	3p	+	70	125	75	83	134	417
	3p	+	71	127	62	77	122	388
	3p	+	72	103	86	59	112	360
	3p	+	73	108	66	55	105	334
	3p	+	74	96	54	58	105	313
	3p	+	75	94	53	47	93	287
	3p	+	76	77	57	50	78	262
	3p	+	77	72	45	45	82	244
	3p	+	78	59	37	34	85	215
	3p	+	79	56	35	39	62	192
	3p	+	80	59	19	41	53	172
	3p	+	81	54	25	32	45	156
	3p	+	82	47	24	25	38	134
	3p	+	83	40	20	26	38	124
	3p	+	84	34	18	22	31	105
	3p	+	85	25	26	13	22	86
	3p	+	86	24	11	16	22	73
	3p	+	87	22	9	10	20	61
	3p	+	88	15	11	11	17	54
	3p	+	89	18	7	5	15	45
	3p	+	90	10	7	2	11	30
	3p	+	91	5	2	2	7	16
	3p	+	92	0	0	0	0	0
	3p	+	93	0	0	0	0	0
	3p	+	94	0	0	0	0	0
	3p	+	95	0	0	0	0	0
	3p	+	96	0	0	0	0	0
	3p	+	97	0	0	0	0	0
	3p	+	98	0	0	0	0	0
	3p	+	99	0	0	0	0	0
	3p	+	100	0	0	0	0	0
	3p	-	1	1220	344	365	1065	2994
	3p	-	2	1142	626	426	800	2994
	3p	-	3	1038	564	535	857	2994
	3p	-	4	1019	562	492	921	2994
	3p	-	5	1031	588	513	862	2994
	3p	-	6	1023	574	526	871	2994
	3p	-	7	984	622	558	830	2994
	3p	-	8	993	571	520	910	2994
	3p	-	9	1035	571	518	870	2994
	3p	-	10	931	633	534	896	2994
	3p	-	11	941	560	549	944	2994
	3p	-	12	968	566	515	945	2994
	3p	-	13	939	589	546	920	2994
	3p	-	14	965	577	568	884	2994
	3p	-	15	986	589	534	885	2994
	3p	-	16	977	599	526	892	2994
	3p	-	17	911	639	524	920	2994
	3p	-	18	923	592	555	924	2994
	3p	-	19	950	562	542	940	2994
	3p	-	20	922	599	536	937	2994
	3p	-	21	886	615	612	881	2994
	3p	-	22	902	625	565	902	2994
	3p	-	23	933	586	588	887	2994
	3p	-	24	929	591	534	940	2994
	3p	-	25	947	591	521	935	2994
	3p	-	26	937	591	557	909	2994
	3p	-	27	912	627	530	925	2994
	3p	-	28	924	586	528	956	2994
	3p	-	29	957	561	546	930	2994
	3p	-	30	989	556	499	950	2994
	3p	-	31	892	529	472	842	2735
	3p	-	32	819	495	484	813	2611
	3p	-	33	820	465	457	756	2498
	3p	-	34	776	448	416	770	2410
	3p	-	35	756	423	414	743	2336
	3p	-	36	725	433	431	685	2274
	3p	-	37	666	435	411	706	2218
	3p	-	38	666	371	409	696	2142
	3p	-	39	623	420	362	656	2061
	3p	-	40	622	391	379	572	1964
	3p	-	41	541	360	382	609	1892
	3p	-	42	553	361	324	587	1825
	3p	-	43	532	339	336	543	1750
	3p	-	44	533	324	289	525	1671
	3p	-	45	513	304	283	504	1604
	3p	-	46	507	265	272	481	1525
	3p	-	47	441	274	278	457	1450
	3p	-	48	438	289	253	414	1394
	3p	-	49	418	229	252	427	1326
	3p	-	50	413	220	231	395	1259
	3p	-	51	374	202	215	403	1194
	3p	-	52	343	208	238	350	1139
	3p	-	53	335	203	195	350	1083
	3p	-	54	299	201	181	346	1027
	3p	-	55	288	186	185	312	971
	3p	-	56	303	156	148	299	906
	3p	-	57	263	185	153	250	851
	3p	-	58	256	162	159	235	812
	3p	-	59	236	155	142	239	772
	3p	-	60	200	129	161	238	728
	3p	-	61	221	134	122	211	688
	3p	-	62	198	123	107	219	647
	3p	-	63	181	128	111	183	603
	3p	-	64	177	86	101	191	555
	3p	-	65	167	98	92	159	516
	3p	-	66	147	94	92	148	481
	3p	-	67	162	74	80	131	447
	3p	-	68	125	89	66	125	405
	3p	-	69	111	71	79	103	364
	3p	-	70	116	57	64	107	344
	3p	-	71	89	68	65	94	316
	3p	-	72	82	47	66	97	292
	3p	-	73	74	53	57	86	270
	3p	-	74	67	47	43	93	250
	3p	-	75	77	37	45	73	232
	3p	-	76	70	38	37	67	212
	3p	-	77	75	32	37	50	194
	3p	-	78	51	29	35	60	175
	3p	-	79	58	27	21	51	157
	3p	-	80	49	18	27	42	136
	3p	-	81	35	21	18	45	119
	3p	-	82	43	18	13	31	105
	3p	-	83	30	19	12	29	90
	3p	-	84	26	20	13	18	77
	3p	-	85	20	10	11	30	71
	3p	-	86	19	14	13	14	60
	3p	-	87	14	7	13	18	52
	3p	-	88	14	3	9	13	39
	3p	-	89	11	6	3	7	27
	3p	-	90	7	5	4	6	22
	3p	-	91	3	2	2	8	15
	3p	-	92	0	0	0	0	0
	3p	-	93	0	0	0	0	0
	3p	-	94	0	0	0	0	0
	3p	-	95	0	0	0	0	0
	3p	-	96	0	0	0	0	0
	3p	-	97	0	0	0	0	0
	3p	-	98	0	0	0	0	0
	3p	-	99	0	0	0	0	0
	3p	-	100	0	0	0	0	0
	5p	+	1	980	592	505	925	3002
	5p	+	2	920	579	603	900	3002
	5p	+	3	949	611	577	865	3002
	5p	+	4	930	636	579	857	3002
	5p	+	5	930	641	572	859	3002
	5p	+	6	875	579	588	960	3002
	5p	+	7	974	581	561	886	3002
	5p	+	8	949	581	580	892	3002
	5p	+	9	973	575	572	882	3002
	5p	+	10	978	598	528	898	3002
	5p	+	11	940	602	543	917	3002
	5p	+	12	921	603	564	914	3002
	5p	+	13	981	610	559	852	3002
	5p	+	14	912	613	547	930	3002
	5p	+	15	937	606	549	910	3002
	5p	+	16	945	600	566	891	3002
	5p	+	17	1006	606	509	881	3002
	5p	+	18	917	630	557	898	3002
	5p	+	19	937	621	546	898	3002
	5p	+	20	944	624	543	891	3002
	5p	+	21	960	590	567	885	3002
	5p	+	22	920	600	561	921	3002
	5p	+	23	906	554	568	974	3002
	5p	+	24	930	585	532	955	3002
	5p	+	25	950	563	572	917	3002
	5p	+	26	981	578	526	917	3002
	5p	+	27	958	582	549	913	3002
	5p	+	28	960	592	532	918	3002
	5p	+	29	969	609	540	884	3002
	5p	+	30	987	582	564	869	3002
	5p	+	31	932	550	462	804	2748
	5p	+	32	848	529	467	784	2628
	5p	+	33	852	471	440	782	2545
	5p	+	34	760	484	445	776	2465
	5p	+	35	794	446	405	751	2396
	5p	+	36	802	425	409	688	2324
	5p	+	37	722	423	397	717	2259
	5p	+	38	708	429	389	674	2200
	5p	+	39	715	405	367	628	2115
	5p	+	40	650	356	344	681	2031
	5p	+	41	616	363	375	598	1952
	5p	+	42	583	335	349	616	1883
	5p	+	43	587	341	319	571	1818
	5p	+	44	605	324	276	533	1738
	5p	+	45	568	290	289	517	1664
	5p	+	46	537	277	299	477	1590
	5p	+	47	501	295	265	461	1522
	5p	+	48	465	273	293	433	1464
	5p	+	49	454	257	232	450	1393
	5p	+	50	435	212	231	449	1327
	5p	+	51	379	236	238	417	1270
	5p	+	52	381	244	210	366	1201
	5p	+	53	393	215	201	336	1145
	5p	+	54	379	218	167	320	1084
	5p	+	55	327	195	194	337	1053
	5p	+	56	335	198	168	301	1002
	5p	+	57	314	192	146	282	934
	5p	+	58	297	160	142	279	878
	5p	+	59	272	160	143	259	834
	5p	+	60	246	156	133	243	778
	5p	+	61	243	132	122	237	734
	5p	+	62	217	114	145	220	696
	5p	+	63	214	112	103	226	655
	5p	+	64	216	124	103	176	619
	5p	+	65	185	109	117	170	581
	5p	+	66	191	100	86	172	549
	5p	+	67	184	73	83	173	513
	5p	+	68	161	89	86	144	480
	5p	+	69	157	76	74	141	448
	5p	+	70	138	68	81	130	417
	5p	+	71	121	76	71	120	388
	5p	+	72	125	68	53	114	360
	5p	+	73	113	52	44	125	334
	5p	+	74	95	51	51	116	313
	5p	+	75	76	59	57	95	287
	5p	+	76	80	42	51	89	262
	5p	+	77	83	45	41	75	244
	5p	+	78	78	39	31	67	215
	5p	+	79	73	33	31	55	192
	5p	+	80	63	29	35	45	172
	5p	+	81	51	29	28	48	156
	5p	+	82	44	22	19	49	134
	5p	+	83	38	14	28	44	124
	5p	+	84	38	22	19	26	105
	5p	+	85	31	13	16	26	86
	5p	+	86	28	7	14	24	73
	5p	+	87	16	12	10	23	61
	5p	+	88	18	13	8	15	54
	5p	+	89	15	6	8	16	45
	5p	+	90	13	4	4	9	30
	5p	+	91	7	2	2	5	16
	5p	+	92	0	0	0	0	0
	5p	+	93	0	0	0	0	0
	5p	+	94	0	0	0	0	0
	5p	+	95	0	0	0	0	0
	5p	+	96	0	0	0	0	0
	5p	+	97	0	0	0	0	0
	5p	+	98	0	0	0	0	0
	5p	+	99	0	0	0	0	0
	5p	+	100	0	0	0	0	0
	5p	-	1	990	588	460	956	2994
	5p	-	2	900	531	604	958	2993
	5p	-	3	949	582	532	931	2994
	5p	-	4	917	588	586	903	2994
	5p	-	5	945	611	565	873	2994
	5p	-	6	936	599	575	884	2994
	5p	-	7	913	557	623	901	2994
	5p	-	8	973	572	560	889	2994
	5p	-	9	964	572	555	903	2994
	5p	-	10	887	625	593	889	2994
	5p	-	11	903	596	587	908	2994
	5p	-	12	907	624	538	925	2994
	5p	-	13	976	564	556	898	2994
	5p	-	14	940	598	544	912	2994
	5p	-	15	912	595	546	941	2994
	5p	-	16	964	612	515	903	2994
	5p	-	17	933	584	550	927	2994
	5p	-	18	912	587	561	934	2994
	5p	-	19	953	593	576	872	2994
	5p	-	20	956	619	509	910	2994
	5p	-	21	940	601	567	886	2994
	5p	-	22	949	562	535	948	2994
	5p	-	23	941	600	520	933	2994
	5p	-	24	933	601	513	947	2994
	5p	-	25	978	554	560	902	2994
	5p	-	26	951	555	575	913	2994
	5p	-	27	947	555	543	949	2994
	5p	-	28	973	612	547	862	2994
	5p	-	29	1023	588	524	859	2994
	5p	-	30	980	606	508	900	2994
	5p	-	31	918	586	430	801	2735
	5p	-	32	854	502	447	808	2611
	5p	-	33	834	461	419	784	2498
	5p	-	34	809	456	428	717	2410
	5p	-	35	761	411	417	747	2336
	5p	-	36	751	435	384	704	2274
	5p	-	37	676	398	430	714	2218
	5p	-	38	667	421	379	675	2142
	5p	-	39	695	379	364	623	2061
	5p	-	40	624	396	346	598	1964
	5p	-	41	629	338	319	606	1892
	5p	-	42	592	357	310	566	1825
	5p	-	43	591	312	282	565	1750
	5p	-	44	516	301	295	559	1671
	5p	-	45	531	275	268	530	1604
	5p	-	46	489	274	277	485	1525
	5p	-	47	486	265	266	433	1450
	5p	-	48	454	256	222	462	1394
	5p	-	49	473	222	221	410	1326
	5p	-	50	398	240	199	422	1259
	5p	-	51	397	190	223	384	1194
	5p	-	52	367	209	199	364	1139
	5p	-	53	348	207	186	342	1083
	5p	-	54	352	171	161	343	1027
	5p	-	55	330	165	162	314	971
	5p	-	56	305	148	160	293	906
	5p	-	57	277	159	154	261	851
	5p	-	58	271	134	138	269	812
	5p	-	59	266	136	130	240	772
	5p	-	60	250	134	118	226	728
	5p	-	61	209	126	131	222	688
	5p	-	62	205	131	112	199	647
	5p	-	63	211	110	79	203	603
	5p	-	64	180	92	88	195	555
	5p	-	65	155	99	93	169	516
	5p	-	66	154	85	83	159	481
	5p	-	67	153	75	87	132	447
	5p	-	68	125	81	76	123	405
	5p	-	69	121	66	73	104	364
	5p	-	70	120	75	57	92	344
	5p	-	71	104	76	49	87	316
	5p	-	72	97	51	65	79	292
	5p	-	73	92	51	44	83	270
	5p	-	74	83	48	46	73	250
	5p	-	75	63	55	41	73	232
	5p	-	76	82	42	32	56	212
	5p	-	77	53	49	30	62	194
	5p	-	78	51	41	29	54	175
	5p	-	79	58	27	23	49	157
	5p	-	80	51	21	24	40	136
	5p	-	81	44	24	16	35	119
	5p	-	82	35	19	16	35	105
	5p	-	83	36	15	17	22	90
	5p	-	84	27	15	18	18	78
	5p	-	85	29	11	11	20	71
	5p	-	86	23	12	12	13	60
	5p	-	87	22	7	7	16	52
	5p	-	88	19	8	5	7	39
	5p	-	89	12	5	2	8	27
	5p	-	90	7	6	3	6	22
	5p	-	91	7	1	2	5	15
	5p	-	92	0	0	0	0	0
	5p	-	93	0	0	0	0	0
	5p	-	94	0	0	0	0	0
	5p	-	95	0	0	0	0	0
	5p	-	96	0	0	0	0	0
	5p	-	97	0	0	0	0	0
	5p	-	98	0	0	0	0	0
	5p	-	99	0	0	0	0	0
	5p	-	100	0	0	0	0	0
