# table produced by DamageProfiler
# using mapped file PcA021.ReedbuckBh_Human_nc.Target.rmdup.noMicro.bam
# Sample ID: PcA021.ReedbuckBh_Human_nc.Target.rmdup.noMicro.bam
Chr	End	Std	Pos	A	C	G	T	Total	G>A	C>T	A>G	T>C	A>C	A>T	C>G	C>A	T>G	T>A	G>C	G>T	A>-	T>-	C>-	G>-	->A	->T	->C	->G	S
	3p	+	1	1210.0	467.0	402.0	922.0	3001.0	25.0	90.0	6.0	5.0	4.0	10.0	2.0	11.0	7.0	8.0	4.0	10.0	0.0	0.0	0.0	0.0	0.0	0.0	0.0	0.0	0.0
	3p	+	2	1105.0	689.0	438.0	768.0	3000.0	13.0	47.0	8.0	16.0	4.0	5.0	7.0	5.0	8.0	8.0	2.0	6.0	0.0	0.0	0.0	0.0	0.0	0.0	0.0	0.0	0.0
	3p	+	3	1023.0	593.0	493.0	892.0	3001.0	16.0	11.0	10.0	9.0	7.0	8.0	4.0	4.0	3.0	10.0	3.0	5.0	0.0	0.0	0.0	0.0	0.0	0.0	0.0	0.0	0.0
	3p	+	4	1000.0	608.0	507.0	886.0	3001.0	11.0	9.0	11.0	11.0	8.0	2.0	5.0	3.0	3.0	2.0	7.0	3.0	0.0	0.0	0.0	0.0	0.0	0.0	0.0	0.0	0.0
	3p	+	5	1050.0	577.0	509.0	865.0	3001.0	15.0	8.0	12.0	6.0	3.0	7.0	3.0	4.0	3.0	6.0	4.0	1.0	0.0	0.0	0.0	0.0	0.0	0.0	0.0	0.0	0.0
	3p	+	6	1074.0	550.0	562.0	810.0	2996.0	10.0	13.0	6.0	8.0	2.0	5.0	6.0	5.0	3.0	4.0	2.0	5.0	0.0	0.0	0.0	0.0	0.0	0.0	4.0	1.0	0.0
	3p	+	7	974.0	593.0	502.0	919.0	2988.0	9.0	11.0	7.0	8.0	3.0	6.0	6.0	3.0	3.0	4.0	1.0	1.0	0.0	0.0	0.0	0.0	5.0	0.0	2.0	4.0	0.0
	3p	+	8	998.0	563.0	547.0	876.0	2984.0	17.0	8.0	6.0	8.0	4.0	4.0	5.0	4.0	3.0	2.0	3.0	5.0	0.0	0.0	0.0	0.0	7.0	0.0	7.0	1.0	0.0
	3p	+	9	968.0	531.0	553.0	934.0	2986.0	6.0	13.0	9.0	8.0	7.0	7.0	4.0	3.0	6.0	2.0	3.0	5.0	0.0	0.0	0.0	0.0	2.0	0.0	6.0	7.0	0.0
	3p	+	10	955.0	590.0	552.0	895.0	2992.0	11.0	12.0	9.0	10.0	3.0	7.0	6.0	5.0	3.0	3.0	4.0	5.0	0.0	0.0	0.0	0.0	1.0	0.0	1.0	6.0	0.0
	3p	+	11	967.0	580.0	545.0	901.0	2993.0	14.0	11.0	10.0	7.0	3.0	3.0	3.0	2.0	5.0	4.0	2.0	0.0	0.0	0.0	0.0	0.0	1.0	0.0	5.0	0.0	0.0
	3p	+	12	953.0	584.0	561.0	889.0	2987.0	8.0	12.0	10.0	9.0	7.0	5.0	3.0	4.0	6.0	0.0	2.0	4.0	0.0	0.0	0.0	0.0	2.0	0.0	4.0	6.0	0.0
	3p	+	13	939.0	584.0	556.0	906.0	2985.0	14.0	16.0	6.0	7.0	6.0	3.0	4.0	4.0	2.0	6.0	3.0	3.0	0.0	0.0	0.0	0.0	4.0	0.0	2.0	7.0	0.0
	3p	+	14	954.0	582.0	537.0	917.0	2990.0	10.0	10.0	15.0	15.0	2.0	3.0	8.0	3.0	3.0	2.0	2.0	8.0	0.0	0.0	0.0	0.0	6.0	0.0	1.0	3.0	0.0
	3p	+	15	948.0	601.0	549.0	892.0	2990.0	10.0	11.0	13.0	15.0	8.0	9.0	6.0	7.0	2.0	5.0	4.0	5.0	0.0	0.0	0.0	0.0	3.0	0.0	5.0	1.0	0.0
	3p	+	16	937.0	609.0	538.0	897.0	2981.0	9.0	12.0	7.0	15.0	5.0	5.0	3.0	3.0	2.0	4.0	4.0	4.0	0.0	0.0	0.0	0.0	5.0	0.0	5.0	6.0	0.0
	3p	+	17	947.0	589.0	546.0	907.0	2989.0	12.0	17.0	12.0	8.0	5.0	4.0	1.0	3.0	3.0	2.0	2.0	10.0	0.0	0.0	0.0	0.0	3.0	0.0	3.0	4.0	0.0
	3p	+	18	887.0	606.0	554.0	944.0	2991.0	5.0	10.0	10.0	8.0	7.0	4.0	2.0	2.0	3.0	2.0	2.0	5.0	0.0	0.0	0.0	0.0	1.0	0.0	5.0	3.0	0.0
	3p	+	19	929.0	558.0	579.0	925.0	2991.0	11.0	7.0	9.0	5.0	7.0	7.0	4.0	3.0	2.0	3.0	3.0	8.0	0.0	0.0	0.0	0.0	2.0	0.0	2.0	4.0	0.0
	3p	+	20	930.0	561.0	558.0	941.0	2990.0	16.0	9.0	10.0	14.0	2.0	3.0	6.0	4.0	4.0	3.0	7.0	4.0	0.0	0.0	0.0	0.0	4.0	0.0	6.0	2.0	0.0
	3p	+	21	971.0	580.0	549.0	889.0	2989.0	6.0	10.0	17.0	6.0	3.0	3.0	4.0	2.0	9.0	5.0	5.0	3.0	0.0	0.0	0.0	0.0	4.0	0.0	3.0	2.0	0.0
	3p	+	22	957.0	584.0	529.0	917.0	2987.0	13.0	8.0	16.0	14.0	5.0	5.0	4.0	2.0	6.0	4.0	1.0	6.0	0.0	0.0	0.0	0.0	4.0	0.0	4.0	3.0	0.0
	3p	+	23	969.0	558.0	563.0	894.0	2984.0	11.0	13.0	14.0	9.0	3.0	0.0	6.0	4.0	4.0	3.0	3.0	3.0	0.0	0.0	0.0	0.0	6.0	0.0	4.0	8.0	0.0
	3p	+	24	941.0	572.0	559.0	913.0	2985.0	13.0	6.0	10.0	16.0	4.0	5.0	5.0	3.0	6.0	3.0	4.0	3.0	0.0	0.0	0.0	0.0	6.0	0.0	7.0	1.0	0.0
	3p	+	25	947.0	547.0	569.0	922.0	2985.0	15.0	12.0	7.0	12.0	3.0	2.0	3.0	3.0	6.0	2.0	7.0	5.0	0.0	0.0	0.0	0.0	7.0	0.0	3.0	3.0	0.0
	3p	+	26	938.0	657.0	532.0	859.0	2986.0	11.0	12.0	10.0	15.0	6.0	4.0	4.0	1.0	5.0	4.0	3.0	2.0	0.0	0.0	0.0	0.0	5.0	0.0	4.0	5.0	0.0
	3p	+	27	899.0	640.0	542.0	909.0	2990.0	11.0	19.0	14.0	8.0	3.0	3.0	4.0	6.0	3.0	6.0	4.0	3.0	0.0	0.0	0.0	0.0	3.0	0.0	5.0	0.0	0.0
	3p	+	28	914.0	641.0	566.0	876.0	2997.0	14.0	12.0	5.0	16.0	6.0	5.0	5.0	5.0	3.0	5.0	9.0	4.0	0.0	0.0	0.0	0.0	2.0	0.0	1.0	2.0	0.0
	3p	+	29	878.0	609.0	592.0	918.0	2997.0	6.0	8.0	11.0	11.0	1.0	4.0	2.0	4.0	2.0	4.0	4.0	5.0	0.0	0.0	0.0	0.0	1.0	0.0	0.0	1.0	0.0
	3p	+	30	978.0	586.0	548.0	888.0	3000.0	7.0	7.0	12.0	12.0	9.0	3.0	8.0	0.0	5.0	3.0	2.0	8.0	0.0	0.0	0.0	0.0	1.0	0.0	1.0	0.0	0.0
	3p	+	31	822.0	528.0	542.0	853.0	2745.0	12.0	9.0	3.0	7.0	5.0	3.0	3.0	2.0	4.0	2.0	3.0	3.0	0.0	0.0	0.0	0.0	2.0	0.0	0.0	1.0	0.0
	3p	+	32	842.0	476.0	473.0	833.0	2624.0	15.0	9.0	7.0	10.0	4.0	4.0	1.0	0.0	0.0	3.0	3.0	4.0	0.0	0.0	0.0	0.0	0.0	0.0	3.0	0.0	0.0
	3p	+	33	814.0	518.0	454.0	757.0	2543.0	9.0	9.0	7.0	8.0	5.0	1.0	1.0	1.0	2.0	4.0	0.0	2.0	0.0	0.0	0.0	0.0	1.0	0.0	0.0	1.0	0.0
	3p	+	34	745.0	483.0	445.0	791.0	2464.0	8.0	6.0	8.0	8.0	1.0	0.0	1.0	2.0	0.0	1.0	0.0	0.0	0.0	0.0	0.0	0.0	1.0	0.0	0.0	0.0	0.0
	3p	+	35	774.0	477.0	408.0	736.0	2395.0	9.0	13.0	9.0	10.0	2.0	0.0	2.0	4.0	1.0	3.0	1.0	4.0	0.0	0.0	0.0	0.0	0.0	0.0	0.0	0.0	0.0
	3p	+	36	684.0	481.0	439.0	718.0	2322.0	4.0	8.0	12.0	7.0	0.0	3.0	2.0	3.0	0.0	3.0	2.0	1.0	0.0	0.0	0.0	0.0	0.0	0.0	1.0	1.0	0.0
	3p	+	37	719.0	429.0	380.0	729.0	2257.0	10.0	10.0	12.0	4.0	2.0	3.0	1.0	1.0	4.0	2.0	1.0	2.0	0.0	0.0	0.0	0.0	1.0	0.0	0.0	0.0	0.0
	3p	+	38	670.0	447.0	415.0	668.0	2200.0	3.0	6.0	9.0	6.0	0.0	2.0	0.0	2.0	2.0	4.0	1.0	1.0	0.0	0.0	0.0	0.0	0.0	0.0	0.0	0.0	0.0
	3p	+	39	670.0	406.0	394.0	643.0	2113.0	4.0	10.0	4.0	9.0	4.0	1.0	2.0	3.0	2.0	1.0	1.0	2.0	0.0	0.0	0.0	0.0	1.0	0.0	1.0	0.0	0.0
	3p	+	40	655.0	352.0	377.0	644.0	2028.0	6.0	4.0	3.0	6.0	0.0	1.0	1.0	2.0	2.0	2.0	1.0	3.0	0.0	0.0	0.0	0.0	0.0	0.0	2.0	0.0	0.0
	3p	+	41	643.0	385.0	375.0	542.0	1945.0	13.0	8.0	9.0	3.0	1.0	1.0	0.0	2.0	1.0	2.0	2.0	2.0	0.0	0.0	0.0	0.0	1.0	0.0	0.0	0.0	0.0
	3p	+	42	607.0	375.0	347.0	552.0	1881.0	6.0	11.0	5.0	9.0	2.0	3.0	0.0	1.0	0.0	1.0	3.0	2.0	0.0	0.0	0.0	0.0	1.0	0.0	0.0	0.0	0.0
	3p	+	43	572.0	347.0	337.0	558.0	1814.0	6.0	2.0	5.0	7.0	1.0	2.0	2.0	0.0	0.0	3.0	2.0	3.0	0.0	0.0	0.0	0.0	3.0	0.0	0.0	0.0	0.0
	3p	+	44	563.0	335.0	340.0	495.0	1733.0	6.0	9.0	6.0	6.0	0.0	2.0	0.0	0.0	1.0	0.0	2.0	3.0	0.0	0.0	0.0	0.0	2.0	0.0	0.0	0.0	0.0
	3p	+	45	544.0	306.0	298.0	512.0	1660.0	8.0	6.0	4.0	2.0	1.0	1.0	0.0	0.0	2.0	1.0	1.0	2.0	0.0	0.0	0.0	0.0	2.0	0.0	1.0	0.0	0.0
	3p	+	46	495.0	301.0	290.0	503.0	1589.0	2.0	3.0	2.0	6.0	4.0	3.0	1.0	1.0	1.0	0.0	2.0	0.0	0.0	0.0	0.0	0.0	0.0	0.0	0.0	0.0	0.0
	3p	+	47	458.0	289.0	289.0	484.0	1520.0	7.0	11.0	7.0	3.0	0.0	2.0	3.0	3.0	0.0	2.0	2.0	3.0	0.0	0.0	0.0	0.0	0.0	0.0	1.0	0.0	0.0
	3p	+	48	432.0	276.0	295.0	460.0	1463.0	4.0	6.0	5.0	8.0	0.0	1.0	2.0	0.0	1.0	3.0	2.0	0.0	0.0	0.0	0.0	0.0	0.0	0.0	0.0	0.0	0.0
	3p	+	49	438.0	247.0	254.0	452.0	1391.0	6.0	6.0	2.0	2.0	3.0	0.0	1.0	1.0	1.0	0.0	0.0	0.0	0.0	0.0	0.0	0.0	0.0	0.0	0.0	0.0	0.0
	3p	+	50	414.0	251.0	244.0	418.0	1327.0	3.0	4.0	2.0	3.0	3.0	4.0	2.0	2.0	0.0	2.0	1.0	3.0	0.0	0.0	0.0	0.0	0.0	0.0	0.0	0.0	0.0
	3p	+	51	400.0	247.0	216.0	406.0	1269.0	2.0	5.0	1.0	4.0	0.0	1.0	2.0	2.0	3.0	1.0	2.0	1.0	0.0	0.0	0.0	0.0	0.0	0.0	0.0	0.0	0.0
	3p	+	52	355.0	245.0	217.0	383.0	1200.0	5.0	5.0	2.0	8.0	2.0	1.0	0.0	2.0	1.0	1.0	1.0	3.0	0.0	0.0	0.0	0.0	0.0	0.0	1.0	0.0	0.0
	3p	+	53	357.0	234.0	227.0	325.0	1143.0	5.0	2.0	3.0	2.0	1.0	2.0	1.0	1.0	1.0	0.0	2.0	2.0	0.0	0.0	0.0	0.0	1.0	0.0	1.0	0.0	0.0
	3p	+	54	356.0	210.0	192.0	324.0	1082.0	7.0	7.0	5.0	2.0	2.0	0.0	0.0	2.0	0.0	1.0	0.0	0.0	0.0	0.0	0.0	0.0	0.0	0.0	1.0	0.0	0.0
	3p	+	55	305.0	202.0	207.0	338.0	1052.0	5.0	4.0	2.0	1.0	1.0	0.0	0.0	1.0	2.0	2.0	0.0	1.0	0.0	0.0	0.0	0.0	1.0	0.0	0.0	0.0	0.0
	3p	+	56	327.0	169.0	171.0	334.0	1001.0	4.0	4.0	2.0	5.0	1.0	1.0	1.0	0.0	2.0	1.0	1.0	0.0	0.0	0.0	0.0	0.0	1.0	0.0	0.0	0.0	0.0
	3p	+	57	286.0	196.0	165.0	287.0	934.0	1.0	7.0	1.0	0.0	3.0	2.0	0.0	2.0	0.0	2.0	2.0	0.0	0.0	0.0	0.0	0.0	0.0	0.0	0.0	0.0	0.0
	3p	+	58	289.0	178.0	153.0	258.0	878.0	2.0	1.0	2.0	0.0	0.0	1.0	0.0	1.0	2.0	1.0	3.0	0.0	0.0	0.0	0.0	0.0	0.0	0.0	0.0	0.0	0.0
	3p	+	59	261.0	167.0	152.0	254.0	834.0	2.0	5.0	0.0	4.0	0.0	0.0	1.0	1.0	0.0	1.0	1.0	0.0	0.0	0.0	0.0	0.0	0.0	0.0	0.0	0.0	0.0
	3p	+	60	258.0	145.0	152.0	223.0	778.0	3.0	3.0	3.0	4.0	1.0	0.0	0.0	1.0	0.0	1.0	1.0	0.0	0.0	0.0	0.0	0.0	0.0	0.0	0.0	0.0	0.0
	3p	+	61	248.0	125.0	121.0	240.0	734.0	0.0	3.0	1.0	2.0	0.0	1.0	1.0	1.0	0.0	0.0	1.0	0.0	0.0	0.0	0.0	0.0	0.0	0.0	0.0	0.0	0.0
	3p	+	62	218.0	136.0	126.0	216.0	696.0	1.0	2.0	2.0	1.0	0.0	0.0	1.0	1.0	1.0	2.0	0.0	0.0	0.0	0.0	0.0	0.0	0.0	0.0	0.0	0.0	0.0
	3p	+	63	210.0	133.0	109.0	203.0	655.0	4.0	2.0	3.0	2.0	0.0	0.0	0.0	0.0	0.0	0.0	0.0	0.0	0.0	0.0	0.0	0.0	0.0	0.0	0.0	0.0	0.0
	3p	+	64	203.0	133.0	106.0	177.0	619.0	1.0	1.0	1.0	0.0	0.0	0.0	0.0	1.0	1.0	2.0	0.0	0.0	0.0	0.0	0.0	0.0	0.0	0.0	0.0	0.0	0.0
	3p	+	65	155.0	120.0	113.0	193.0	581.0	2.0	5.0	1.0	1.0	0.0	0.0	1.0	0.0	0.0	0.0	0.0	1.0	0.0	0.0	0.0	0.0	0.0	0.0	0.0	0.0	0.0
	3p	+	66	178.0	105.0	106.0	160.0	549.0	2.0	0.0	1.0	2.0	0.0	0.0	0.0	0.0	0.0	1.0	0.0	0.0	0.0	0.0	0.0	0.0	0.0	0.0	0.0	0.0	0.0
	3p	+	67	165.0	110.0	88.0	150.0	513.0	1.0	2.0	0.0	2.0	1.0	0.0	1.0	0.0	1.0	1.0	0.0	0.0	0.0	0.0	0.0	0.0	0.0	0.0	0.0	0.0	0.0
	3p	+	68	156.0	91.0	82.0	151.0	480.0	1.0	1.0	1.0	0.0	0.0	0.0	0.0	0.0	1.0	1.0	0.0	0.0	0.0	0.0	0.0	0.0	0.0	0.0	0.0	0.0	0.0
	3p	+	69	143.0	84.0	92.0	129.0	448.0	2.0	2.0	2.0	1.0	0.0	0.0	1.0	0.0	1.0	0.0	1.0	0.0	0.0	0.0	0.0	0.0	0.0	0.0	0.0	0.0	0.0
	3p	+	70	125.0	75.0	83.0	133.0	416.0	1.0	1.0	2.0	1.0	0.0	0.0	0.0	0.0	0.0	0.0	0.0	1.0	0.0	0.0	0.0	0.0	1.0	0.0	0.0	0.0	0.0
	3p	+	71	127.0	70.0	76.0	115.0	388.0	1.0	7.0	0.0	1.0	0.0	1.0	2.0	0.0	0.0	0.0	0.0	0.0	0.0	0.0	0.0	0.0	0.0	0.0	0.0	0.0	0.0
	3p	+	72	102.0	90.0	58.0	110.0	360.0	1.0	2.0	1.0	0.0	0.0	0.0	1.0	1.0	0.0	0.0	0.0	0.0	0.0	0.0	0.0	0.0	0.0	0.0	0.0	0.0	0.0
	3p	+	73	109.0	67.0	56.0	102.0	334.0	1.0	2.0	2.0	0.0	0.0	0.0	0.0	0.0	0.0	0.0	1.0	1.0	0.0	0.0	0.0	0.0	0.0	0.0	0.0	0.0	0.0
	3p	+	74	97.0	54.0	57.0	105.0	313.0	0.0	1.0	0.0	0.0	0.0	1.0	0.0	0.0	2.0	0.0	1.0	0.0	0.0	0.0	0.0	0.0	0.0	0.0	0.0	0.0	0.0
	3p	+	75	94.0	52.0	47.0	94.0	287.0	0.0	1.0	0.0	2.0	0.0	0.0	0.0	0.0	0.0	0.0	0.0	0.0	0.0	0.0	0.0	0.0	0.0	0.0	0.0	0.0	0.0
	3p	+	76	77.0	57.0	51.0	77.0	262.0	0.0	1.0	0.0	0.0	0.0	1.0	0.0	0.0	0.0	1.0	1.0	0.0	0.0	0.0	0.0	0.0	0.0	0.0	0.0	0.0	0.0
	3p	+	77	72.0	45.0	43.0	84.0	244.0	0.0	2.0	1.0	2.0	0.0	0.0	0.0	0.0	1.0	1.0	0.0	0.0	0.0	0.0	0.0	0.0	0.0	0.0	0.0	0.0	0.0
	3p	+	78	58.0	36.0	33.0	88.0	215.0	1.0	0.0	1.0	1.0	0.0	0.0	0.0	0.0	1.0	1.0	0.0	0.0	0.0	0.0	0.0	0.0	0.0	0.0	0.0	0.0	0.0
	3p	+	79	58.0	36.0	37.0	61.0	192.0	0.0	1.0	1.0	1.0	0.0	1.0	1.0	0.0	0.0	0.0	0.0	0.0	0.0	0.0	0.0	0.0	0.0	0.0	0.0	0.0	0.0
	3p	+	80	59.0	20.0	40.0	53.0	172.0	1.0	1.0	1.0	0.0	0.0	0.0	0.0	0.0	1.0	0.0	0.0	0.0	0.0	0.0	0.0	0.0	0.0	0.0	0.0	0.0	0.0
	3p	+	81	53.0	25.0	30.0	48.0	156.0	0.0	0.0	1.0	2.0	1.0	0.0	0.0	3.0	1.0	0.0	0.0	0.0	0.0	0.0	0.0	0.0	0.0	0.0	0.0	0.0	0.0
	3p	+	82	47.0	24.0	25.0	38.0	134.0	0.0	0.0	0.0	0.0	0.0	0.0	0.0	0.0	0.0	0.0	0.0	0.0	0.0	0.0	0.0	0.0	0.0	0.0	0.0	0.0	0.0
	3p	+	83	42.0	19.0	25.0	38.0	124.0	1.0	0.0	2.0	0.0	1.0	0.0	0.0	0.0	0.0	0.0	0.0	0.0	0.0	0.0	0.0	0.0	0.0	0.0	0.0	0.0	0.0
	3p	+	84	34.0	18.0	23.0	30.0	105.0	0.0	0.0	0.0	0.0	0.0	0.0	0.0	0.0	0.0	0.0	0.0	1.0	0.0	0.0	0.0	0.0	0.0	0.0	0.0	0.0	0.0
	3p	+	85	25.0	27.0	13.0	21.0	86.0	0.0	1.0	0.0	0.0	0.0	0.0	0.0	0.0	0.0	0.0	0.0	0.0	0.0	0.0	0.0	0.0	0.0	0.0	0.0	0.0	0.0
	3p	+	86	24.0	12.0	15.0	22.0	73.0	0.0	0.0	0.0	0.0	0.0	0.0	1.0	0.0	0.0	0.0	0.0	0.0	0.0	0.0	0.0	0.0	0.0	0.0	0.0	0.0	0.0
	3p	+	87	22.0	10.0	10.0	19.0	61.0	0.0	1.0	0.0	0.0	0.0	0.0	0.0	0.0	0.0	0.0	0.0	0.0	0.0	0.0	0.0	0.0	0.0	0.0	0.0	0.0	0.0
	3p	+	88	15.0	11.0	11.0	17.0	54.0	0.0	0.0	0.0	0.0	0.0	0.0	0.0	0.0	0.0	0.0	0.0	0.0	0.0	0.0	0.0	0.0	0.0	0.0	0.0	0.0	0.0
	3p	+	89	18.0	7.0	5.0	15.0	45.0	0.0	0.0	0.0	0.0	0.0	0.0	0.0	0.0	0.0	0.0	0.0	0.0	0.0	0.0	0.0	0.0	0.0	0.0	0.0	0.0	0.0
	3p	+	90	10.0	7.0	2.0	11.0	30.0	0.0	0.0	0.0	0.0	0.0	0.0	0.0	0.0	0.0	0.0	0.0	0.0	0.0	0.0	0.0	0.0	0.0	0.0	0.0	0.0	0.0
	3p	+	91	5.0	1.0	2.0	8.0	16.0	0.0	0.0	0.0	1.0	0.0	0.0	0.0	0.0	0.0	0.0	0.0	0.0	0.0	0.0	0.0	0.0	0.0	0.0	0.0	0.0	0.0
	3p	+	92	0.0	0.0	0.0	0.0	0.0	0.0	0.0	0.0	0.0	0.0	0.0	0.0	0.0	0.0	0.0	0.0	0.0	0.0	0.0	0.0	0.0	0.0	0.0	0.0	0.0	0.0
	3p	+	93	0.0	0.0	0.0	0.0	0.0	0.0	0.0	0.0	0.0	0.0	0.0	0.0	0.0	0.0	0.0	0.0	0.0	0.0	0.0	0.0	0.0	0.0	0.0	0.0	0.0	0.0
	3p	+	94	0.0	0.0	0.0	0.0	0.0	0.0	0.0	0.0	0.0	0.0	0.0	0.0	0.0	0.0	0.0	0.0	0.0	0.0	0.0	0.0	0.0	0.0	0.0	0.0	0.0	0.0
	3p	+	95	0.0	0.0	0.0	0.0	0.0	0.0	0.0	0.0	0.0	0.0	0.0	0.0	0.0	0.0	0.0	0.0	0.0	0.0	0.0	0.0	0.0	0.0	0.0	0.0	0.0	0.0
	3p	+	96	0.0	0.0	0.0	0.0	0.0	0.0	0.0	0.0	0.0	0.0	0.0	0.0	0.0	0.0	0.0	0.0	0.0	0.0	0.0	0.0	0.0	0.0	0.0	0.0	0.0	0.0
	3p	+	97	0.0	0.0	0.0	0.0	0.0	0.0	0.0	0.0	0.0	0.0	0.0	0.0	0.0	0.0	0.0	0.0	0.0	0.0	0.0	0.0	0.0	0.0	0.0	0.0	0.0	0.0
	3p	+	98	0.0	0.0	0.0	0.0	0.0	0.0	0.0	0.0	0.0	0.0	0.0	0.0	0.0	0.0	0.0	0.0	0.0	0.0	0.0	0.0	0.0	0.0	0.0	0.0	0.0	0.0
	3p	+	99	0.0	0.0	0.0	0.0	0.0	0.0	0.0	0.0	0.0	0.0	0.0	0.0	0.0	0.0	0.0	0.0	0.0	0.0	0.0	0.0	0.0	0.0	0.0	0.0	0.0	0.0
	3p	+	100	0.0	0.0	0.0	0.0	0.0	0.0	0.0	0.0	0.0	0.0	0.0	0.0	0.0	0.0	0.0	0.0	0.0	0.0	0.0	0.0	0.0	0.0	0.0	0.0	0.0	0.0
	3p	-	1	1208.0	440.0	379.0	965.0	2992.0	11.0	103.0	2.0	9.0	6.0	11.0	4.0	10.0	8.0	9.0	6.0	11.00.0	0.0	0.0	0.0	0.0	0.0	0.0	0.0	0.0
	3p	-	2	1140.0	632.0	438.0	782.0	2992.0	18.0	37.0	9.0	18.0	11.0	6.0	3.0	3.0	5.0	7.0	6.0	5.00.0	0.0	0.0	0.0	0.0	0.0	0.0	0.0	0.0
	3p	-	3	1037.0	560.0	542.0	853.0	2992.0	10.0	10.0	11.0	8.0	7.0	4.0	2.0	2.0	3.0	10.0	3.0	11.00.0	0.0	0.0	0.0	0.0	0.0	0.0	0.0	0.0
	3p	-	4	1013.0	563.0	485.0	926.0	2987.0	13.0	11.0	12.0	12.0	4.0	5.0	5.0	3.0	4.0	8.0	2.0	0.00.0	0.0	0.0	0.0	1.0	0.0	0.0	1.0	0.0
	3p	-	5	1036.0	584.0	522.0	847.0	2989.0	10.0	11.0	13.0	6.0	4.0	8.0	1.0	3.0	3.0	5.0	7.0	9.00.0	0.0	0.0	0.0	1.0	0.0	1.0	0.0	0.0
	3p	-	6	1010.0	578.0	524.0	867.0	2979.0	10.0	12.0	8.0	9.0	0.0	3.0	4.0	5.0	5.0	7.0	5.0	4.00.0	0.0	0.0	0.0	2.0	0.0	2.0	4.0	0.0
	3p	-	7	963.0	616.0	572.0	829.0	2980.0	18.0	7.0	10.0	8.0	1.0	2.0	1.0	6.0	4.0	5.0	6.0	7.00.0	0.0	0.0	0.0	3.0	0.0	5.0	2.0	0.0
	3p	-	8	979.0	580.0	516.0	900.0	2975.0	16.0	16.0	11.0	6.0	6.0	5.0	2.0	8.0	8.0	5.0	3.0	2.00.0	0.0	0.0	0.0	7.0	0.0	2.0	3.0	0.0
	3p	-	9	1021.0	566.0	517.0	873.0	2977.0	15.0	8.0	12.0	10.0	2.0	3.0	1.0	5.0	10.0	5.0	4.0	5.00.0	0.0	0.0	0.0	6.0	0.0	2.0	2.0	0.0
	3p	-	10	932.0	621.0	531.0	891.0	2975.0	12.0	8.0	13.0	13.0	6.0	4.0	2.0	3.0	3.0	0.0	2.0	5.00.0	0.0	0.0	0.0	7.0	0.0	4.0	4.0	0.0
	3p	-	11	936.0	564.0	548.0	931.0	2979.0	7.0	12.0	8.0	5.0	5.0	4.0	1.0	7.0	4.0	4.0	5.0	5.00.0	0.0	0.0	0.0	4.0	0.0	1.0	4.0	0.0
	3p	-	12	951.0	570.0	514.0	940.0	2975.0	12.0	12.0	8.0	9.0	2.0	3.0	4.0	6.0	4.0	5.0	4.0	4.00.0	0.0	0.0	0.0	6.0	0.0	3.0	5.0	0.0
	3p	-	13	941.0	577.0	553.0	906.0	2977.0	11.0	9.0	9.0	10.0	6.0	9.0	1.0	2.0	2.0	6.0	4.0	6.00.0	0.0	0.0	0.0	2.0	0.0	4.0	2.0	0.0
	3p	-	14	963.0	577.0	573.0	869.0	2982.0	13.0	11.0	6.0	7.0	3.0	9.0	3.0	1.0	3.0	1.0	2.0	5.00.0	0.0	0.0	0.0	4.0	0.0	3.0	3.0	0.0
	3p	-	15	974.0	587.0	525.0	891.0	2977.0	16.0	13.0	7.0	11.0	8.0	1.0	6.0	5.0	7.0	4.0	2.0	0.00.0	0.0	0.0	0.0	3.0	0.0	4.0	7.0	0.0
	3p	-	16	970.0	587.0	523.0	889.0	2969.0	12.0	7.0	10.0	10.0	6.0	4.0	3.0	7.0	7.0	6.0	4.0	3.00.0	0.0	0.0	0.0	2.0	0.0	9.0	2.0	0.0
	3p	-	17	917.0	629.0	524.0	901.0	2971.0	10.0	12.0	10.0	8.0	8.0	6.0	2.0	2.0	3.0	1.0	6.0	3.00.0	0.0	0.0	0.0	4.0	0.0	4.0	4.0	0.0
	3p	-	18	915.0	576.0	556.0	929.0	2976.0	11.0	6.0	5.0	10.0	1.0	3.0	0.0	0.0	8.0	3.0	3.0	4.00.0	0.0	0.0	0.0	3.0	0.0	7.0	4.0	0.0
	3p	-	19	955.0	562.0	529.0	934.0	2980.0	9.0	13.0	17.0	11.0	0.0	4.0	3.0	3.0	4.0	2.0	2.0	3.00.0	0.0	0.0	0.0	2.0	0.0	6.0	2.0	0.0
	3p	-	20	923.0	588.0	531.0	940.0	2982.0	9.0	13.0	6.0	14.0	6.0	5.0	3.0	2.0	12.0	3.0	5.0	5.00.0	0.0	0.0	0.0	2.0	0.0	4.0	3.0	0.0
	3p	-	21	885.0	602.0	613.0	880.0	2980.0	12.0	6.0	12.0	9.0	7.0	5.0	1.0	4.0	3.0	5.0	2.0	5.00.0	0.0	0.0	0.0	4.0	0.0	5.0	2.0	0.0
	3p	-	22	892.0	615.0	571.0	895.0	2973.0	15.0	8.0	7.0	12.0	3.0	2.0	4.0	1.0	3.0	2.0	3.0	6.00.0	0.0	0.0	0.0	4.0	0.0	3.0	4.0	0.0
	3p	-	23	929.0	583.0	587.0	873.0	2972.0	9.0	9.0	5.0	5.0	5.0	3.0	5.0	3.0	2.0	2.0	3.0	6.00.0	0.0	0.0	0.0	2.0	0.0	7.0	7.0	0.0
	3p	-	24	937.0	586.0	528.0	928.0	2979.0	6.0	13.0	12.0	8.0	4.0	6.0	5.0	3.0	3.0	3.0	8.0	4.00.0	0.0	0.0	0.0	2.0	0.0	6.0	4.0	0.0
	3p	-	25	942.0	586.0	512.0	926.0	2966.0	12.0	9.0	15.0	8.0	3.0	5.0	3.0	3.0	4.0	5.0	1.0	6.00.0	0.0	0.0	0.0	8.0	0.0	7.0	6.0	0.0
	3p	-	26	940.0	582.0	554.0	901.0	2977.0	7.0	8.0	8.0	11.0	5.0	7.0	3.0	4.0	3.0	5.0	4.0	2.00.0	0.0	0.0	0.0	1.0	0.0	4.0	2.0	0.0
	3p	-	27	912.0	623.0	532.0	919.0	2986.0	8.0	12.0	5.0	10.0	7.0	5.0	4.0	4.0	7.0	3.0	6.0	7.00.0	0.0	0.0	0.0	2.0	0.0	1.0	2.0	0.0
	3p	-	28	928.0	585.0	518.0	957.0	2988.0	3.0	10.0	9.0	7.0	6.0	1.0	3.0	3.0	4.0	4.0	2.0	2.00.0	0.0	0.0	0.0	2.0	0.0	1.0	1.0	0.0
	3p	-	29	960.0	565.0	551.0	914.0	2990.0	10.0	14.0	12.0	7.0	3.0	3.0	0.0	3.0	4.0	2.0	3.0	9.00.0	0.0	0.0	0.0	0.0	0.0	0.0	1.0	0.0
	3p	-	30	986.0	563.0	495.0	943.0	2987.0	3.0	13.0	5.0	9.0	3.0	4.0	5.0	5.0	2.0	6.0	2.0	4.00.0	0.0	0.0	0.0	1.0	0.0	1.0	1.0	0.0
	3p	-	31	885.0	537.0	478.0	832.0	2732.0	9.0	10.0	4.0	3.0	4.0	4.0	1.0	6.0	1.0	3.0	1.0	3.00.0	0.0	0.0	0.0	1.0	0.0	1.0	1.0	0.0
	3p	-	32	818.0	491.0	492.0	809.0	2610.0	12.0	10.0	9.0	10.0	1.0	3.0	1.0	0.0	2.0	2.0	4.0	4.00.0	0.0	0.0	0.0	0.0	0.0	0.0	0.0	0.0
	3p	-	33	815.0	466.0	462.0	753.0	2496.0	14.0	6.0	10.0	7.0	2.0	3.0	2.0	2.0	2.0	3.0	0.0	5.00.0	0.0	0.0	0.0	1.0	0.0	0.0	0.0	0.0
	3p	-	34	775.0	452.0	414.0	766.0	2407.0	5.0	12.0	10.0	10.0	1.0	0.0	0.0	4.0	3.0	3.0	1.0	5.00.0	0.0	0.0	0.0	0.0	0.0	0.0	0.0	0.0
	3p	-	35	745.0	427.0	418.0	744.0	2334.0	12.0	11.0	8.0	6.0	2.0	1.0	0.0	2.0	5.0	7.0	1.0	5.00.0	0.0	0.0	0.0	1.0	0.0	0.0	1.0	0.0
	3p	-	36	729.0	432.0	429.0	681.0	2271.0	7.0	7.0	9.0	8.0	1.0	3.0	1.0	2.0	3.0	0.0	2.0	2.00.0	0.0	0.0	0.0	0.0	0.0	0.0	0.0	0.0
	3p	-	37	669.0	435.0	407.0	704.0	2215.0	4.0	7.0	8.0	7.0	1.0	2.0	2.0	2.0	3.0	0.0	3.0	2.00.0	0.0	0.0	0.0	2.0	0.0	0.0	0.0	0.0
	3p	-	38	660.0	375.0	412.0	689.0	2136.0	6.0	9.0	6.0	2.0	3.0	0.0	0.0	3.0	3.0	3.0	2.0	4.00.0	0.0	0.0	0.0	3.0	0.0	1.0	0.0	0.0
	3p	-	39	615.0	422.0	369.0	653.0	2059.0	11.0	11.0	7.0	11.0	1.0	0.0	2.0	4.0	0.0	1.0	2.0	3.00.0	0.0	0.0	0.0	0.0	0.0	1.0	0.0	0.0
	3p	-	40	618.0	389.0	381.0	574.0	1962.0	8.0	8.0	3.0	9.0	3.0	0.0	3.0	1.0	3.0	1.0	1.0	2.00.0	0.0	0.0	0.0	0.0	0.0	1.0	0.0	0.0
	3p	-	41	533.0	366.0	386.0	606.0	1891.0	8.0	11.0	4.0	6.0	0.0	2.0	2.0	2.0	3.0	4.0	3.0	2.00.0	0.0	0.0	0.0	0.0	0.0	0.0	0.0	0.0
	3p	-	42	546.0	360.0	329.0	587.0	1822.0	7.0	3.0	3.0	6.0	1.0	4.0	1.0	3.0	3.0	3.0	1.0	5.00.0	0.0	0.0	0.0	2.0	0.0	0.0	1.0	0.0
	3p	-	43	532.0	337.0	340.0	541.0	1750.0	10.0	8.0	5.0	8.0	5.0	4.0	2.0	2.0	0.0	2.0	1.0	0.00.0	0.0	0.0	0.0	0.0	0.0	0.0	0.0	0.0
	3p	-	44	536.0	326.0	285.0	524.0	1671.0	0.0	4.0	5.0	3.0	2.0	2.0	0.0	3.0	0.0	3.0	0.0	1.00.0	0.0	0.0	0.0	0.0	0.0	0.0	0.0	0.0
	3p	-	45	506.0	310.0	288.0	498.0	1602.0	9.0	11.0	4.0	4.0	1.0	0.0	0.0	1.0	1.0	1.0	1.0	0.00.0	0.0	0.0	0.0	1.0	0.0	0.0	0.0	0.0
	3p	-	46	505.0	268.0	279.0	469.0	1521.0	5.0	7.0	2.0	2.0	1.0	1.0	2.0	1.0	1.0	0.0	3.0	6.00.0	0.0	0.0	0.0	0.0	0.0	1.0	2.0	0.0
	3p	-	47	436.0	274.0	283.0	456.0	1449.0	8.0	7.0	3.0	5.0	1.0	1.0	1.0	1.0	2.0	1.0	3.0	0.00.0	0.0	0.0	0.0	0.0	0.0	0.0	0.0	0.0
	3p	-	48	438.0	290.0	253.0	410.0	1391.0	1.0	6.0	1.0	2.0	1.0	3.0	0.0	1.0	2.0	2.0	2.0	0.00.0	0.0	0.0	0.0	1.0	0.0	1.0	0.0	0.0
	3p	-	49	416.0	227.0	252.0	427.0	1322.0	5.0	3.0	3.0	3.0	3.0	2.0	1.0	2.0	3.0	1.0	1.0	1.00.0	0.0	0.0	0.0	2.0	0.0	1.0	0.0	0.0
	3p	-	50	411.0	223.0	233.0	391.0	1258.0	5.0	10.0	2.0	7.0	2.0	1.0	1.0	1.0	1.0	1.0	0.0	2.00.0	0.0	0.0	0.0	0.0	0.0	0.0	1.0	0.0
	3p	-	51	366.0	204.0	225.0	399.0	1194.0	8.0	5.0	2.0	3.0	0.0	0.0	0.0	2.0	1.0	0.0	2.0	3.00.0	0.0	0.0	0.0	0.0	0.0	0.0	0.0	0.0
	3p	-	52	343.0	207.0	240.0	349.0	1139.0	4.0	6.0	5.0	5.0	0.0	0.0	0.0	1.0	1.0	0.0	3.0	1.00.0	0.0	0.0	0.0	0.0	0.0	0.0	0.0	0.0
	3p	-	53	333.0	205.0	199.0	346.0	1083.0	5.0	3.0	4.0	3.0	0.0	2.0	1.0	2.0	0.0	1.0	1.0	3.00.0	0.0	0.0	0.0	0.0	0.0	0.0	0.0	0.0
	3p	-	54	298.0	205.0	183.0	341.0	1027.0	4.0	6.0	1.0	0.0	2.0	0.0	1.0	0.0	1.0	0.0	1.0	0.00.0	0.0	0.0	0.0	0.0	0.0	0.0	0.0	0.0
	3p	-	55	284.0	192.0	187.0	308.0	971.0	4.0	7.0	2.0	0.0	0.0	0.0	1.0	0.0	3.0	2.0	2.0	2.00.0	0.0	0.0	0.0	0.0	0.0	0.0	0.0	0.0
	3p	-	56	299.0	160.0	149.0	298.0	906.0	5.0	7.0	2.0	4.0	0.0	0.0	0.0	1.0	2.0	0.0	0.0	0.00.0	0.0	0.0	0.0	0.0	0.0	0.0	0.0	0.0
	3p	-	57	260.0	189.0	154.0	248.0	851.0	4.0	5.0	3.0	2.0	0.0	0.0	0.0	2.0	1.0	0.0	1.0	0.00.0	0.0	0.0	0.0	0.0	0.0	0.0	0.0	0.0
	3p	-	58	257.0	164.0	156.0	234.0	811.0	3.0	3.0	4.0	2.0	0.0	0.0	1.0	0.0	1.0	0.0	0.0	0.00.0	0.0	0.0	0.0	0.0	0.0	0.0	0.0	0.0
	3p	-	59	236.0	155.0	144.0	236.0	771.0	1.0	3.0	2.0	0.0	2.0	1.0	0.0	0.0	1.0	3.0	1.0	3.00.0	0.0	0.0	0.0	1.0	0.0	0.0	0.0	0.0
	3p	-	60	204.0	129.0	154.0	240.0	727.0	1.0	1.0	6.0	2.0	0.0	1.0	1.0	0.0	2.0	1.0	0.0	1.00.0	0.0	0.0	0.0	1.0	0.0	0.0	0.0	0.0
	3p	-	61	227.0	130.0	117.0	214.0	688.0	1.0	2.0	6.0	4.0	1.0	0.0	0.0	0.0	2.0	0.0	1.0	1.00.0	0.0	0.0	0.0	0.0	0.0	0.0	0.0	0.0
	3p	-	62	199.0	123.0	110.0	215.0	647.0	3.0	1.0	1.0	1.0	1.0	3.0	0.0	1.0	0.0	0.0	0.0	1.00.0	0.0	0.0	0.0	0.0	0.0	0.0	0.0	0.0
	3p	-	63	182.0	128.0	112.0	181.0	603.0	2.0	3.0	1.0	1.0	0.0	2.0	0.0	0.0	2.0	0.0	2.0	0.00.0	0.0	0.0	0.0	0.0	0.0	0.0	0.0	0.0
	3p	-	64	173.0	89.0	103.0	190.0	555.0	3.0	3.0	0.0	1.0	0.0	1.0	0.0	1.0	1.0	1.0	0.0	0.00.0	0.0	0.0	0.0	0.0	0.0	0.0	0.0	0.0
	3p	-	65	168.0	96.0	90.0	162.0	516.0	1.0	0.0	1.0	2.0	1.0	0.0	1.0	0.0	1.0	0.0	0.0	0.00.0	0.0	0.0	0.0	0.0	0.0	0.0	0.0	0.0
	3p	-	66	151.0	96.0	92.0	142.0	481.0	0.0	4.0	2.0	1.0	1.0	1.0	0.0	0.0	1.0	0.0	0.0	3.00.0	0.0	0.0	0.0	0.0	0.0	0.0	0.0	0.0
	3p	-	67	163.0	75.0	78.0	131.0	447.0	1.0	3.0	2.0	2.0	1.0	0.0	0.0	1.0	1.0	0.0	0.0	0.00.0	0.0	0.0	0.0	0.0	0.0	0.0	0.0	0.0
	3p	-	68	126.0	92.0	68.0	119.0	405.0	1.0	4.0	1.0	0.0	1.0	0.0	0.0	0.0	0.0	0.0	0.0	2.00.0	0.0	0.0	0.0	0.0	0.0	0.0	0.0	0.0
	3p	-	69	111.0	71.0	79.0	103.0	364.0	1.0	2.0	1.0	2.0	0.0	0.0	0.0	0.0	0.0	0.0	0.0	0.00.0	0.0	0.0	0.0	0.0	0.0	0.0	0.0	0.0
	3p	-	70	117.0	59.0	62.0	106.0	344.0	1.0	3.0	2.0	1.0	0.0	0.0	0.0	0.0	1.0	0.0	0.0	0.00.0	0.0	0.0	0.0	0.0	0.0	0.0	0.0	0.0
	3p	-	71	87.0	68.0	66.0	94.0	315.0	1.0	2.0	0.0	2.0	1.0	0.0	0.0	1.0	0.0	0.0	0.0	0.00.0	0.0	0.0	0.0	1.0	0.0	0.0	0.0	0.0
	3p	-	72	83.0	46.0	66.0	97.0	292.0	0.0	2.0	1.0	2.0	0.0	0.0	0.0	0.0	0.0	0.0	1.0	0.00.0	0.0	0.0	0.0	0.0	0.0	0.0	0.0	0.0
	3p	-	73	76.0	53.0	56.0	85.0	270.0	0.0	0.0	1.0	0.0	0.0	1.0	0.0	0.0	0.0	0.0	0.0	0.00.0	0.0	0.0	0.0	0.0	0.0	0.0	0.0	0.0
	3p	-	74	65.0	47.0	44.0	94.0	250.0	2.0	1.0	1.0	1.0	0.0	0.0	0.0	0.0	0.0	1.0	0.0	0.00.0	0.0	0.0	0.0	0.0	0.0	0.0	0.0	0.0
	3p	-	75	77.0	36.0	45.0	74.0	232.0	0.0	0.0	0.0	1.0	0.0	0.0	0.0	0.0	0.0	0.0	0.0	0.00.0	0.0	0.0	0.0	0.0	0.0	0.0	0.0	0.0
	3p	-	76	72.0	39.0	36.0	65.0	212.0	0.0	1.0	2.0	0.0	2.0	0.0	0.0	2.0	0.0	0.0	0.0	1.00.0	0.0	0.0	0.0	0.0	0.0	0.0	0.0	0.0
	3p	-	77	75.0	34.0	36.0	49.0	194.0	0.0	1.0	1.0	0.0	0.0	0.0	0.0	1.0	0.0	0.0	0.0	0.00.0	0.0	0.0	0.0	0.0	0.0	0.0	0.0	0.0
	3p	-	78	49.0	33.0	36.0	56.0	174.0	1.0	2.0	0.0	0.0	0.0	1.0	0.0	2.0	0.0	0.0	0.0	0.00.0	0.0	0.0	0.0	0.0	0.0	0.0	0.0	0.0
	3p	-	79	58.0	26.0	22.0	51.0	157.0	1.0	0.0	0.0	0.0	1.0	0.0	0.0	0.0	0.0	0.0	0.0	0.00.0	0.0	0.0	0.0	0.0	0.0	0.0	0.0	0.0
	3p	-	80	49.0	18.0	27.0	42.0	136.0	0.0	1.0	0.0	2.0	0.0	1.0	0.0	1.0	0.0	0.0	0.0	0.00.0	0.0	0.0	0.0	0.0	0.0	0.0	0.0	0.0
	3p	-	81	34.0	22.0	19.0	44.0	119.0	1.0	1.0	0.0	0.0	0.0	0.0	0.0	0.0	0.0	0.0	0.0	0.00.0	0.0	0.0	0.0	0.0	0.0	0.0	0.0	0.0
	3p	-	82	43.0	18.0	14.0	30.0	105.0	0.0	1.0	0.0	0.0	0.0	0.0	0.0	0.0	0.0	0.0	1.0	0.00.0	0.0	0.0	0.0	0.0	0.0	0.0	0.0	0.0
	3p	-	83	30.0	21.0	12.0	27.0	90.0	0.0	2.0	0.0	0.0	0.0	0.0	0.0	0.0	0.0	0.0	0.0	0.00.0	0.0	0.0	0.0	0.0	0.0	0.0	0.0	0.0
	3p	-	84	25.0	20.0	14.0	19.0	78.0	1.0	0.0	0.0	0.0	0.0	0.0	0.0	0.0	0.0	1.0	0.0	0.00.0	0.0	0.0	0.0	0.0	0.0	0.0	0.0	0.0
	3p	-	85	20.0	11.0	11.0	29.0	71.0	0.0	1.0	0.0	0.0	1.0	0.0	0.0	1.0	0.0	0.0	0.0	0.00.0	0.0	0.0	0.0	0.0	0.0	0.0	0.0	0.0
	3p	-	86	18.0	15.0	13.0	14.0	60.0	0.0	1.0	0.0	0.0	0.0	0.0	0.0	0.0	0.0	1.0	0.0	0.00.0	0.0	0.0	0.0	0.0	0.0	0.0	0.0	0.0
	3p	-	87	15.0	8.0	12.0	17.0	52.0	0.0	1.0	1.0	0.0	0.0	0.0	0.0	0.0	0.0	0.0	0.0	0.00.0	0.0	0.0	0.0	0.0	0.0	0.0	0.0	0.0
	3p	-	88	14.0	3.0	9.0	13.0	39.0	0.0	0.0	0.0	0.0	0.0	0.0	0.0	0.0	0.0	0.0	0.0	0.00.0	0.0	0.0	0.0	0.0	0.0	0.0	0.0	0.0
	3p	-	89	12.0	5.0	2.0	8.0	27.0	0.0	0.0	1.0	1.0	0.0	0.0	0.0	0.0	0.0	0.0	0.0	0.00.0	0.0	0.0	0.0	0.0	0.0	0.0	0.0	0.0
	3p	-	90	6.0	5.0	5.0	6.0	22.0	1.0	0.0	0.0	0.0	0.0	0.0	0.0	0.0	0.0	0.0	0.0	0.00.0	0.0	0.0	0.0	0.0	0.0	0.0	0.0	0.0
	3p	-	91	3.0	2.0	2.0	8.0	15.0	0.0	0.0	0.0	0.0	0.0	0.0	0.0	0.0	0.0	0.0	0.0	0.00.0	0.0	0.0	0.0	0.0	0.0	0.0	0.0	0.0
	3p	-	92	0.0	0.0	0.0	0.0	0.0	0.0	0.0	0.0	0.0	0.0	0.0	0.0	0.0	0.0	0.0	0.0	0.00.0	0.0	0.0	0.0	0.0	0.0	0.0	0.0	0.0
	3p	-	93	0.0	0.0	0.0	0.0	0.0	0.0	0.0	0.0	0.0	0.0	0.0	0.0	0.0	0.0	0.0	0.0	0.00.0	0.0	0.0	0.0	0.0	0.0	0.0	0.0	0.0
	3p	-	94	0.0	0.0	0.0	0.0	0.0	0.0	0.0	0.0	0.0	0.0	0.0	0.0	0.0	0.0	0.0	0.0	0.00.0	0.0	0.0	0.0	0.0	0.0	0.0	0.0	0.0
	3p	-	95	0.0	0.0	0.0	0.0	0.0	0.0	0.0	0.0	0.0	0.0	0.0	0.0	0.0	0.0	0.0	0.0	0.00.0	0.0	0.0	0.0	0.0	0.0	0.0	0.0	0.0
	3p	-	96	0.0	0.0	0.0	0.0	0.0	0.0	0.0	0.0	0.0	0.0	0.0	0.0	0.0	0.0	0.0	0.0	0.00.0	0.0	0.0	0.0	0.0	0.0	0.0	0.0	0.0
	3p	-	97	0.0	0.0	0.0	0.0	0.0	0.0	0.0	0.0	0.0	0.0	0.0	0.0	0.0	0.0	0.0	0.0	0.00.0	0.0	0.0	0.0	0.0	0.0	0.0	0.0	0.0
	3p	-	98	0.0	0.0	0.0	0.0	0.0	0.0	0.0	0.0	0.0	0.0	0.0	0.0	0.0	0.0	0.0	0.0	0.00.0	0.0	0.0	0.0	0.0	0.0	0.0	0.0	0.0
	3p	-	99	0.0	0.0	0.0	0.0	0.0	0.0	0.0	0.0	0.0	0.0	0.0	0.0	0.0	0.0	0.0	0.0	0.00.0	0.0	0.0	0.0	0.0	0.0	0.0	0.0	0.0
	3p	-	100	0.0	0.0	0.0	0.0	0.0	0.0	0.0	0.0	0.0	0.0	0.0	0.0	0.0	0.0	0.0	0.0	0.00.0	0.0	0.0	0.0	0.0	0.0	0.0	0.0	0.0
	5p	+	1	985.0	624.0	498.0	894.0	3001.0	15.0	53.0	12.0	19.0	11.0	9.0	10.0	3.0	9.0	9.0	4.0	5.00.0	0.0	0.0	0.0	0.0	0.0	0.0	0.0	0.0
	5p	+	2	917.0	575.0	605.0	904.0	3001.0	9.0	8.0	11.0	10.0	5.0	6.0	2.0	5.0	2.0	10.0	4.0	4.00.0	0.0	0.0	0.0	0.0	0.0	0.0	0.0	0.0
	5p	+	3	945.0	605.0	575.0	876.0	3001.0	13.0	12.0	10.0	16.0	6.0	4.0	7.0	5.0	5.0	6.0	7.0	0.00.0	0.0	0.0	0.0	0.0	0.0	0.0	0.0	0.0
	5p	+	4	925.0	632.0	581.0	859.0	2997.0	10.0	11.0	8.0	13.0	4.0	5.0	1.0	5.0	4.0	5.0	3.0	2.00.0	0.0	0.0	0.0	2.0	0.0	1.0	0.0	0.0
	5p	+	5	928.0	636.0	559.0	862.0	2985.0	9.0	14.0	9.0	14.0	5.0	7.0	5.0	3.0	7.0	6.0	2.0	1.00.0	0.0	0.0	0.0	5.0	0.0	6.0	3.0	0.0
	5p	+	6	871.0	576.0	589.0	953.0	2989.0	10.0	7.0	9.0	6.0	1.0	5.0	3.0	3.0	3.0	1.0	6.0	3.00.0	0.0	0.0	0.0	5.0	0.0	3.0	3.0	0.0
	5p	+	7	976.0	575.0	561.0	873.0	2985.0	8.0	9.0	10.0	5.0	4.0	3.0	5.0	2.0	2.0	1.0	7.0	3.00.0	0.0	0.0	0.0	4.0	0.0	6.0	1.0	0.0
	5p	+	8	948.0	573.0	570.0	891.0	2982.0	5.0	10.0	12.0	12.0	2.0	0.0	3.0	1.0	2.0	1.0	2.0	4.00.0	0.0	0.0	0.0	8.0	0.0	6.0	4.0	0.0
	5p	+	9	976.0	583.0	557.0	873.0	2989.0	9.0	13.0	12.0	7.0	6.0	5.0	8.0	5.0	6.0	4.0	0.0	4.00.0	0.0	0.0	0.0	2.0	0.0	5.0	2.0	0.0
	5p	+	10	976.0	602.0	520.0	890.0	2988.0	10.0	13.0	13.0	7.0	5.0	1.0	4.0	5.0	2.0	1.0	4.0	4.00.0	0.0	0.0	0.0	5.0	0.0	2.0	7.0	0.0
	5p	+	11	919.0	595.0	551.0	922.0	2987.0	17.0	9.0	7.0	16.0	1.0	4.0	5.0	6.0	2.0	7.0	5.0	4.00.0	0.0	0.0	0.0	3.0	0.0	5.0	4.0	0.0
	5p	+	12	920.0	596.0	566.0	910.0	2992.0	10.0	12.0	8.0	11.0	4.0	4.0	3.0	2.0	4.0	2.0	3.0	5.00.0	0.0	0.0	0.0	3.0	0.0	6.0	1.0	0.0
	5p	+	13	975.0	614.0	567.0	832.0	2988.0	15.0	16.0	9.0	6.0	3.0	5.0	3.0	4.0	2.0	3.0	6.0	5.00.0	0.0	0.0	0.0	1.0	0.0	4.0	4.0	0.0
	5p	+	14	915.0	611.0	547.0	915.0	2988.0	7.0	14.0	7.0	8.0	5.0	5.0	1.0	2.0	4.0	3.0	3.0	7.00.0	0.0	0.0	0.0	2.0	0.0	3.0	5.0	0.0
	5p	+	15	933.0	599.0	545.0	907.0	2984.0	8.0	8.0	9.0	8.0	6.0	4.0	2.0	3.0	2.0	5.0	3.0	4.00.0	0.0	0.0	0.0	7.0	0.0	3.0	6.0	0.0
	5p	+	16	949.0	585.0	561.0	894.0	2989.0	2.0	4.0	10.0	14.0	5.0	2.0	7.0	1.0	5.0	6.0	2.0	14.00.0	0.0	0.0	0.0	4.0	0.0	6.0	1.0	0.0
	5p	+	17	997.0	597.0	510.0	883.0	2987.0	10.0	4.0	8.0	13.0	3.0	4.0	2.0	5.0	5.0	1.0	3.0	6.00.0	0.0	0.0	0.0	8.0	0.0	1.0	3.0	0.0
	5p	+	18	914.0	614.0	561.0	897.0	2986.0	10.0	12.0	8.0	13.0	9.0	1.0	3.0	1.0	1.0	7.0	7.0	4.00.0	0.0	0.0	0.0	3.0	0.0	3.0	5.0	0.0
	5p	+	19	941.0	607.0	533.0	904.0	2985.0	7.0	6.0	11.0	12.0	6.0	3.0	4.0	4.0	4.0	3.0	4.0	2.00.0	0.0	0.0	0.0	2.0	0.0	6.0	7.0	0.0
	5p	+	20	945.0	611.0	543.0	894.0	2993.0	12.0	8.0	11.0	12.0	7.0	6.0	5.0	2.0	4.0	8.0	4.0	5.00.0	0.0	0.0	0.0	1.0	0.0	5.0	1.0	0.0
	5p	+	21	956.0	589.0	565.0	883.0	2993.0	11.0	10.0	10.0	7.0	3.0	6.0	2.0	4.0	2.0	7.0	5.0	1.00.0	0.0	0.0	0.0	1.0	0.0	2.0	5.0	0.0
	5p	+	22	926.0	599.0	550.0	914.0	2989.0	6.0	11.0	3.0	4.0	7.0	5.0	7.0	2.0	8.0	0.0	6.0	2.00.0	0.0	0.0	0.0	1.0	0.0	4.0	7.0	0.0
	5p	+	23	906.0	553.0	554.0	971.0	2984.0	8.0	10.0	14.0	9.0	6.0	4.0	6.0	4.0	3.0	5.0	2.0	1.00.0	0.0	0.0	0.0	7.0	0.0	4.0	2.0	0.0
	5p	+	24	935.0	582.0	518.0	949.0	2984.0	9.0	10.0	16.0	9.0	5.0	2.0	8.0	1.0	3.0	3.0	4.0	5.00.0	0.0	0.0	0.0	5.0	0.0	4.0	5.0	0.0
	5p	+	25	938.0	563.0	580.0	911.0	2992.0	14.0	6.0	6.0	5.0	4.0	3.0	7.0	3.0	0.0	3.0	5.0	4.00.0	0.0	0.0	0.0	5.0	0.0	2.0	2.0	0.0
	5p	+	26	974.0	573.0	527.0	923.0	2997.0	10.0	6.0	8.0	15.0	1.0	3.0	2.0	9.0	5.0	0.0	4.0	3.00.0	0.0	0.0	0.0	0.0	0.0	2.0	1.0	0.0
	5p	+	27	954.0	582.0	550.0	912.0	2998.0	9.0	8.0	11.0	7.0	3.0	1.0	3.0	5.0	1.0	4.0	5.0	2.00.0	0.0	0.0	0.0	1.0	0.0	1.0	0.0	0.0
	5p	+	28	957.0	580.0	533.0	925.0	2995.0	15.0	8.0	12.0	13.0	5.0	3.0	2.0	2.0	3.0	5.0	3.0	1.00.0	0.0	0.0	0.0	1.0	0.0	3.0	1.0	0.0
	5p	+	29	965.0	601.0	530.0	902.0	2998.0	6.0	10.0	13.0	20.0	2.0	1.0	4.0	2.0	4.0	9.0	2.0	3.00.0	0.0	0.0	0.0	3.0	0.0	0.0	0.0	0.0
	5p	+	30	987.0	572.0	574.0	866.0	2999.0	14.0	9.0	9.0	15.0	1.0	9.0	0.0	3.0	6.0	2.0	4.0	7.00.0	0.0	0.0	0.0	0.0	0.0	2.0	0.0	0.0
	5p	+	31	921.0	550.0	466.0	808.0	2745.0	12.0	7.0	8.0	7.0	2.0	3.0	2.0	4.0	3.0	7.0	4.0	2.00.0	0.0	0.0	0.0	1.0	0.0	0.0	1.0	0.0
	5p	+	32	844.0	539.0	464.0	779.0	2626.0	11.0	18.0	13.0	8.0	4.0	2.0	1.0	3.0	0.0	7.0	0.0	0.00.0	0.0	0.0	0.0	2.0	0.0	0.0	0.0	0.0
	5p	+	33	851.0	471.0	448.0	773.0	2543.0	12.0	10.0	4.0	7.0	5.0	4.0	5.0	1.0	1.0	1.0	4.0	2.00.0	0.0	0.0	0.0	0.0	0.0	0.0	0.0	0.0
	5p	+	34	764.0	486.0	449.0	766.0	2465.0	8.0	13.0	9.0	7.0	3.0	2.0	0.0	1.0	0.0	1.0	2.0	3.00.0	0.0	0.0	0.0	0.0	0.0	0.0	0.0	0.0
	5p	+	35	790.0	454.0	404.0	746.0	2394.0	10.0	15.0	6.0	9.0	3.0	1.0	3.0	2.0	3.0	0.0	0.0	1.00.0	0.0	0.0	0.0	2.0	0.0	0.0	0.0	0.0
	5p	+	36	803.0	427.0	408.0	686.0	2324.0	4.0	9.0	6.0	7.0	0.0	1.0	0.0	2.0	3.0	0.0	2.0	2.00.0	0.0	0.0	0.0	0.0	0.0	0.0	0.0	0.0
	5p	+	37	723.0	429.0	396.0	710.0	2258.0	4.0	16.0	4.0	10.0	2.0	2.0	1.0	2.0	1.0	1.0	1.0	0.00.0	0.0	0.0	0.0	0.0	0.0	0.0	0.0	0.0
	5p	+	38	703.0	435.0	392.0	666.0	2196.0	5.0	9.0	3.0	3.0	1.0	1.0	3.0	1.0	0.0	2.0	2.0	2.00.0	0.0	0.0	0.0	2.0	0.0	0.0	0.0	0.0
	5p	+	39	709.0	414.0	369.0	621.0	2113.0	9.0	13.0	4.0	5.0	3.0	1.0	4.0	2.0	3.0	1.0	2.0	2.00.0	0.0	0.0	0.0	1.0	0.0	0.0	0.0	0.0
	5p	+	40	648.0	363.0	345.0	673.0	2029.0	10.0	11.0	8.0	4.0	1.0	3.0	1.0	4.0	6.0	0.0	3.0	4.00.0	0.0	0.0	0.0	0.0	0.0	1.0	0.0	0.0
	5p	+	41	609.0	367.0	383.0	590.0	1949.0	9.0	12.0	4.0	8.0	2.0	1.0	2.0	2.0	2.0	1.0	2.0	5.00.0	0.0	0.0	0.0	1.0	0.0	0.0	0.0	0.0
	5p	+	42	573.0	343.0	354.0	611.0	1881.0	10.0	10.0	2.0	4.0	0.0	2.0	1.0	2.0	5.0	2.0	0.0	4.00.0	0.0	0.0	0.0	0.0	0.0	1.0	0.0	0.0
	5p	+	43	595.0	344.0	313.0	563.0	1815.0	3.0	6.0	10.0	4.0	1.0	8.0	1.0	2.0	1.0	4.0	1.0	2.00.0	0.0	0.0	0.0	2.0	0.0	0.0	0.0	0.0
	5p	+	44	607.0	330.0	280.0	521.0	1738.0	5.0	7.0	8.0	2.0	1.0	0.0	2.0	1.0	0.0	1.0	1.0	8.00.0	0.0	0.0	0.0	0.0	0.0	0.0	0.0	0.0
	5p	+	45	559.0	300.0	295.0	509.0	1663.0	11.0	10.0	5.0	2.0	1.0	1.0	2.0	2.0	1.0	3.0	0.0	3.00.0	0.0	0.0	0.0	0.0	0.0	1.0	0.0	0.0
	5p	+	46	530.0	281.0	306.0	471.0	1588.0	11.0	9.0	3.0	4.0	2.0	2.0	1.0	0.0	2.0	2.0	0.0	2.00.0	0.0	0.0	0.0	1.0	0.0	0.0	0.0	0.0
	5p	+	47	497.0	300.0	266.0	459.0	1522.0	6.0	8.0	2.0	4.0	1.0	1.0	2.0	0.0	1.0	2.0	0.0	0.00.0	0.0	0.0	0.0	0.0	0.0	0.0	0.0	0.0
	5p	+	48	459.0	277.0	300.0	424.0	1460.0	11.0	9.0	4.0	4.0	1.0	1.0	2.0	0.0	0.0	0.0	1.0	2.00.0	0.0	0.0	0.0	1.0	0.0	1.0	1.0	0.0
	5p	+	49	453.0	268.0	233.0	436.0	1390.0	3.0	13.0	0.0	2.0	2.0	1.0	1.0	1.0	1.0	0.0	0.0	1.00.0	0.0	0.0	0.0	0.0	0.0	0.0	1.0	0.0
	5p	+	50	438.0	211.0	228.0	449.0	1326.0	5.0	6.0	8.0	7.0	1.0	0.0	1.0	1.0	2.0	0.0	1.0	2.00.0	0.0	0.0	0.0	0.0	0.0	0.0	0.0	0.0
	5p	+	51	379.0	243.0	243.0	404.0	1269.0	8.0	13.0	3.0	5.0	2.0	4.0	0.0	1.0	1.0	0.0	0.0	1.00.0	0.0	0.0	0.0	0.0	0.0	0.0	0.0	0.0
	5p	+	52	383.0	250.0	205.0	360.0	1198.0	6.0	7.0	9.0	1.0	2.0	1.0	3.0	2.0	3.0	1.0	2.0	2.00.0	0.0	0.0	0.0	1.0	0.0	1.0	0.0	0.0
	5p	+	53	393.0	219.0	202.0	330.0	1144.0	5.0	7.0	2.0	3.0	1.0	4.0	0.0	1.0	3.0	0.0	0.0	1.00.0	0.0	0.0	0.0	1.0	0.0	0.0	0.0	0.0
	5p	+	54	376.0	223.0	169.0	315.0	1083.0	5.0	10.0	3.0	5.0	0.0	2.0	0.0	1.0	1.0	2.0	0.0	1.00.0	0.0	0.0	0.0	0.0	0.0	1.0	0.0	0.0
	5p	+	55	331.0	194.0	193.0	334.0	1052.0	3.0	5.0	5.0	3.0	2.0	2.0	0.0	0.0	1.0	2.0	1.0	1.00.0	0.0	0.0	0.0	0.0	0.0	0.0	0.0	0.0
	5p	+	56	335.0	199.0	164.0	303.0	1001.0	1.0	4.0	3.0	3.0	1.0	1.0	0.0	1.0	3.0	3.0	0.0	1.00.0	0.0	0.0	0.0	0.0	0.0	0.0	0.0	0.0
	5p	+	57	310.0	198.0	151.0	275.0	934.0	4.0	6.0	1.0	2.0	1.0	0.0	1.0	2.0	0.0	0.0	0.0	3.00.0	0.0	0.0	0.0	0.0	0.0	0.0	0.0	0.0
	5p	+	58	298.0	164.0	141.0	275.0	878.0	2.0	6.0	3.0	4.0	2.0	3.0	0.0	4.0	1.0	1.0	0.0	1.00.0	0.0	0.0	0.0	0.0	0.0	0.0	0.0	0.0
	5p	+	59	273.0	163.0	143.0	255.0	834.0	3.0	5.0	3.0	2.0	1.0	0.0	1.0	0.0	0.0	0.0	0.0	1.00.0	0.0	0.0	0.0	0.0	0.0	0.0	0.0	0.0
	5p	+	60	241.0	162.0	138.0	237.0	778.0	7.0	6.0	2.0	1.0	1.0	1.0	2.0	1.0	0.0	1.0	1.0	1.00.0	0.0	0.0	0.0	0.0	0.0	0.0	0.0	0.0
	5p	+	61	244.0	131.0	123.0	236.0	734.0	2.0	2.0	2.0	1.0	1.0	0.0	1.0	0.0	1.0	0.0	2.0	1.00.0	0.0	0.0	0.0	0.0	0.0	0.0	0.0	0.0
	5p	+	62	215.0	117.0	148.0	216.0	696.0	4.0	3.0	1.0	1.0	0.0	2.0	0.0	1.0	1.0	0.0	0.0	1.00.0	0.0	0.0	0.0	0.0	0.0	0.0	0.0	0.0
	5p	+	63	212.0	117.0	102.0	224.0	655.0	1.0	3.0	0.0	2.0	0.0	2.0	2.0	2.0	0.0	1.0	0.0	0.00.0	0.0	0.0	0.0	0.0	0.0	0.0	0.0	0.0
	5p	+	64	214.0	129.0	107.0	169.0	619.0	6.0	7.0	2.0	2.0	1.0	2.0	0.0	1.0	0.0	0.0	0.0	0.00.0	0.0	0.0	0.0	0.0	0.0	0.0	0.0	0.0
	5p	+	65	179.0	112.0	123.0	167.0	581.0	5.0	4.0	1.0	1.0	1.0	0.0	0.0	1.0	0.0	2.0	0.0	2.00.0	0.0	0.0	0.0	0.0	0.0	0.0	0.0	0.0
	5p	+	66	190.0	106.0	87.0	166.0	549.0	1.0	6.0	0.0	1.0	0.0	1.0	0.0	1.0	0.0	0.0	0.0	0.00.0	0.0	0.0	0.0	0.0	0.0	0.0	0.0	0.0
	5p	+	67	186.0	77.0	79.0	171.0	513.0	0.0	4.0	3.0	0.0	1.0	0.0	1.0	0.0	0.0	2.0	0.0	0.00.0	0.0	0.0	0.0	0.0	0.0	0.0	0.0	0.0
	5p	+	68	161.0	89.0	87.0	143.0	480.0	2.0	3.0	1.0	3.0	0.0	2.0	0.0	1.0	2.0	0.0	1.0	1.00.0	0.0	0.0	0.0	0.0	0.0	0.0	0.0	0.0
	5p	+	69	152.0	76.0	78.0	141.0	447.0	5.0	3.0	0.0	1.0	1.0	0.0	0.0	0.0	2.0	1.0	0.0	1.00.0	0.0	0.0	0.0	0.0	0.0	1.0	0.0	0.0
	5p	+	70	137.0	70.0	81.0	129.0	417.0	2.0	3.0	0.0	1.0	0.0	1.0	0.0	0.0	3.0	0.0	0.0	1.00.0	0.0	0.0	0.0	0.0	0.0	0.0	0.0	0.0
	5p	+	71	124.0	78.0	73.0	113.0	388.0	1.0	3.0	3.0	1.0	0.0	1.0	0.0	0.0	0.0	0.0	0.0	4.00.0	0.0	0.0	0.0	0.0	0.0	0.0	0.0	0.0
	5p	+	72	123.0	68.0	56.0	113.0	360.0	2.0	2.0	0.0	1.0	1.0	0.0	0.0	1.0	0.0	0.0	1.0	0.00.0	0.0	0.0	0.0	0.0	0.0	0.0	0.0	0.0
	5p	+	73	109.0	56.0	46.0	123.0	334.0	4.0	2.0	1.0	1.0	0.0	1.0	1.0	2.0	0.0	0.0	0.0	0.00.0	0.0	0.0	0.0	0.0	0.0	0.0	0.0	0.0
	5p	+	74	95.0	52.0	52.0	114.0	313.0	1.0	2.0	1.0	1.0	0.0	0.0	0.0	0.0	0.0	0.0	0.0	1.00.0	0.0	0.0	0.0	0.0	0.0	0.0	0.0	0.0
	5p	+	75	79.0	56.0	55.0	97.0	287.0	0.0	1.0	2.0	3.0	1.0	0.0	0.0	0.0	0.0	0.0	0.0	0.00.0	0.0	0.0	0.0	0.0	0.0	0.0	0.0	0.0
	5p	+	76	80.0	44.0	50.0	88.0	262.0	0.0	1.0	1.0	0.0	0.0	0.0	1.0	1.0	0.0	0.0	1.0	0.00.0	0.0	0.0	0.0	0.0	0.0	0.0	0.0	0.0
	5p	+	77	81.0	51.0	41.0	71.0	244.0	1.0	4.0	0.0	0.0	0.0	0.0	1.0	1.0	0.0	0.0	0.0	0.00.0	0.0	0.0	0.0	0.0	0.0	0.0	0.0	0.0
	5p	+	78	76.0	38.0	33.0	68.0	215.0	2.0	1.0	0.0	2.0	0.0	0.0	0.0	0.0	0.0	0.0	0.0	0.00.0	0.0	0.0	0.0	0.0	0.0	0.0	0.0	0.0
	5p	+	79	73.0	34.0	31.0	54.0	192.0	1.0	2.0	0.0	1.0	0.0	1.0	0.0	0.0	1.0	0.0	0.0	0.00.0	0.0	0.0	0.0	0.0	0.0	0.0	0.0	0.0
	5p	+	80	64.0	29.0	33.0	46.0	172.0	0.0	0.0	1.0	0.0	0.0	0.0	0.0	0.0	1.0	0.0	0.0	0.00.0	0.0	0.0	0.0	0.0	0.0	0.0	0.0	0.0
	5p	+	81	49.0	29.0	30.0	48.0	156.0	2.0	1.0	0.0	1.0	0.0	0.0	0.0	0.0	0.0	0.0	0.0	0.00.0	0.0	0.0	0.0	0.0	0.0	0.0	0.0	0.0
	5p	+	82	46.0	24.0	18.0	46.0	134.0	0.0	2.0	1.0	0.0	0.0	2.0	0.0	0.0	0.0	1.0	0.0	0.00.0	0.0	0.0	0.0	0.0	0.0	0.0	0.0	0.0
	5p	+	83	37.0	16.0	29.0	42.0	124.0	1.0	1.0	1.0	0.0	0.0	0.0	0.0	1.0	0.0	0.0	0.0	1.00.0	0.0	0.0	0.0	0.0	0.0	0.0	0.0	0.0
	5p	+	84	38.0	22.0	19.0	26.0	105.0	1.0	0.0	1.0	0.0	0.0	0.0	0.0	0.0	0.0	0.0	0.0	0.00.0	0.0	0.0	0.0	0.0	0.0	0.0	0.0	0.0
	5p	+	85	31.0	13.0	16.0	26.0	86.0	1.0	0.0	1.0	0.0	0.0	0.0	0.0	0.0	0.0	0.0	0.0	0.00.0	0.0	0.0	0.0	0.0	0.0	0.0	0.0	0.0
	5p	+	86	29.0	8.0	14.0	22.0	73.0	0.0	1.0	1.0	0.0	0.0	0.0	0.0	0.0	0.0	0.0	0.0	1.00.0	0.0	0.0	0.0	0.0	0.0	0.0	0.0	0.0
	5p	+	87	18.0	13.0	9.0	21.0	61.0	1.0	1.0	2.0	0.0	0.0	1.0	0.0	0.0	0.0	0.0	0.0	0.00.0	0.0	0.0	0.0	0.0	0.0	0.0	0.0	0.0
	5p	+	88	20.0	12.0	7.0	15.0	54.0	0.0	0.0	1.0	0.0	1.0	0.0	0.0	0.0	0.0	0.0	0.0	0.00.0	0.0	0.0	0.0	0.0	0.0	0.0	0.0	0.0
	5p	+	89	14.0	10.0	8.0	13.0	45.0	0.0	3.0	0.0	0.0	0.0	0.0	0.0	1.0	0.0	0.0	0.0	0.00.0	0.0	0.0	0.0	0.0	0.0	0.0	0.0	0.0
	5p	+	90	13.0	4.0	5.0	8.0	30.0	0.0	0.0	0.0	0.0	0.0	0.0	0.0	0.0	0.0	0.0	0.0	1.00.0	0.0	0.0	0.0	0.0	0.0	0.0	0.0	0.0
	5p	+	91	7.0	2.0	2.0	5.0	16.0	0.0	0.0	0.0	0.0	0.0	0.0	0.0	0.0	0.0	0.0	0.0	0.00.0	0.0	0.0	0.0	0.0	0.0	0.0	0.0	0.0
	5p	+	92	0.0	0.0	0.0	0.0	0.0	0.0	0.0	0.0	0.0	0.0	0.0	0.0	0.0	0.0	0.0	0.0	0.00.0	0.0	0.0	0.0	0.0	0.0	0.0	0.0	0.0
	5p	+	93	0.0	0.0	0.0	0.0	0.0	0.0	0.0	0.0	0.0	0.0	0.0	0.0	0.0	0.0	0.0	0.0	0.00.0	0.0	0.0	0.0	0.0	0.0	0.0	0.0	0.0
	5p	+	94	0.0	0.0	0.0	0.0	0.0	0.0	0.0	0.0	0.0	0.0	0.0	0.0	0.0	0.0	0.0	0.0	0.00.0	0.0	0.0	0.0	0.0	0.0	0.0	0.0	0.0
	5p	+	95	0.0	0.0	0.0	0.0	0.0	0.0	0.0	0.0	0.0	0.0	0.0	0.0	0.0	0.0	0.0	0.0	0.00.0	0.0	0.0	0.0	0.0	0.0	0.0	0.0	0.0
	5p	+	96	0.0	0.0	0.0	0.0	0.0	0.0	0.0	0.0	0.0	0.0	0.0	0.0	0.0	0.0	0.0	0.0	0.00.0	0.0	0.0	0.0	0.0	0.0	0.0	0.0	0.0
	5p	+	97	0.0	0.0	0.0	0.0	0.0	0.0	0.0	0.0	0.0	0.0	0.0	0.0	0.0	0.0	0.0	0.0	0.00.0	0.0	0.0	0.0	0.0	0.0	0.0	0.0	0.0
	5p	+	98	0.0	0.0	0.0	0.0	0.0	0.0	0.0	0.0	0.0	0.0	0.0	0.0	0.0	0.0	0.0	0.0	0.00.0	0.0	0.0	0.0	0.0	0.0	0.0	0.0	0.0
	5p	+	99	0.0	0.0	0.0	0.0	0.0	0.0	0.0	0.0	0.0	0.0	0.0	0.0	0.0	0.0	0.0	0.0	0.00.0	0.0	0.0	0.0	0.0	0.0	0.0	0.0	0.0
	5p	+	100	0.0	0.0	0.0	0.0	0.0	0.0	0.0	0.0	0.0	0.0	0.0	0.0	0.0	0.0	0.0	0.0	0.00.0	0.0	0.0	0.0	0.0	0.0	0.0	0.0	0.0
	5p	-	1	985.0	630.0	474.0	904.0	2993.0	19.0	58.0	14.0	11.0	7.0	10.0	6.0	7.0	5.0	10.0	10.0	10.00.0	0.0	0.0	0.0	0.0	0.0	0.0	0.0	0.0
	5p	-	2	900.0	533.0	613.0	947.0	2993.0	11.0	12.0	8.0	9.0	6.0	7.0	3.0	5.0	4.0	6.0	3.0	10.00.0	0.0	0.0	0.0	0.0	0.0	0.0	0.0	0.0
	5p	-	3	941.0	587.0	543.0	921.0	2992.0	15.0	15.0	7.0	9.0	6.0	5.0	4.0	8.0	1.0	2.0	6.0	2.00.0	0.0	0.0	0.0	1.0	0.0	0.0	0.0	0.0
	5p	-	4	913.0	593.0	597.0	888.0	2991.0	15.0	14.0	6.0	5.0	7.0	6.0	3.0	2.0	6.0	6.0	2.0	10.00.0	0.0	0.0	0.0	0.0	0.0	0.0	0.0	0.0
	5p	-	5	949.0	618.0	560.0	857.0	2984.0	8.0	14.0	11.0	7.0	2.0	7.0	1.0	3.0	7.0	5.0	1.0	7.00.0	0.0	0.0	0.0	0.0	0.0	1.0	2.0	0.0
	5p	-	6	944.0	588.0	570.0	874.0	2976.0	10.0	10.0	16.0	4.0	7.0	5.0	4.0	4.0	5.0	2.0	10.0	3.00.0	0.0	0.0	0.0	4.0	0.0	7.0	3.0	0.0
	5p	-	7	909.0	553.0	611.0	900.0	2973.0	12.0	14.0	16.0	8.0	2.0	1.0	2.0	3.0	9.0	6.0	5.0	5.00.0	0.0	0.0	0.0	2.0	0.0	8.0	7.0	0.0
	5p	-	8	967.0	570.0	561.0	880.0	2978.0	10.0	16.0	9.0	13.0	4.0	5.0	3.0	6.0	3.0	5.0	7.0	4.00.0	0.0	0.0	0.0	2.0	0.0	3.0	5.0	0.0
	5p	-	9	962.0	568.0	548.0	897.0	2975.0	8.0	10.0	9.0	10.0	3.0	3.0	2.0	5.0	3.0	1.0	2.0	3.00.0	0.0	0.0	0.0	3.0	0.0	4.0	6.0	0.0
	5p	-	10	885.0	609.0	592.0	887.0	2973.0	12.0	4.0	13.0	12.0	6.0	3.0	3.0	5.0	3.0	1.0	3.0	6.00.0	0.0	0.0	0.0	6.0	0.0	6.0	3.0	0.0
	5p	-	11	898.0	587.0	580.0	914.0	2979.0	11.0	8.0	7.0	13.0	3.0	6.0	3.0	4.0	8.0	5.0	2.0	3.00.0	0.0	0.0	0.0	1.0	0.0	6.0	5.0	0.0
	5p	-	12	908.0	630.0	528.0	914.0	2980.0	4.0	19.0	7.0	16.0	2.0	6.0	4.0	6.0	5.0	3.0	3.0	4.00.0	0.0	0.0	0.0	1.0	0.0	2.0	4.0	0.0
	5p	-	13	958.0	561.0	563.0	897.0	2979.0	17.0	9.0	8.0	8.0	2.0	1.0	2.0	4.0	6.0	3.0	4.0	4.00.0	0.0	0.0	0.0	5.0	0.0	3.0	2.0	0.0
	5p	-	14	944.0	580.0	536.0	911.0	2971.0	9.0	7.0	16.0	12.0	5.0	2.0	1.0	3.0	2.0	4.0	3.0	4.00.0	0.0	0.0	0.0	2.0	0.0	9.0	5.0	0.0
	5p	-	15	909.0	591.0	540.0	931.0	2971.0	11.0	8.0	12.0	9.0	4.0	4.0	2.0	5.0	4.0	5.0	0.0	3.00.0	0.0	0.0	0.0	2.0	0.0	6.0	2.0	0.0
	5p	-	16	956.0	598.0	509.0	907.0	2970.0	7.0	8.0	10.0	12.0	3.0	2.0	2.0	6.0	6.0	4.0	6.0	5.00.0	0.0	0.0	0.0	6.0	0.0	8.0	6.0	0.0
	5p	-	17	929.0	584.0	552.0	915.0	2980.0	7.0	10.0	3.0	8.0	4.0	4.0	4.0	2.0	2.0	0.0	2.0	6.00.0	0.0	0.0	0.0	5.0	0.0	2.0	4.0	0.0
	5p	-	18	911.0	585.0	562.0	924.0	2982.0	8.0	11.0	6.0	5.0	9.0	8.0	1.0	7.0	7.0	7.0	3.0	5.00.0	0.0	0.0	0.0	1.0	0.0	4.0	1.0	0.0
	5p	-	19	943.0	587.0	573.0	874.0	2977.0	19.0	8.0	16.0	14.0	1.0	4.0	4.0	4.0	5.0	4.0	2.0	4.00.0	0.0	0.0	0.0	3.0	0.0	5.0	3.0	0.0
	5p	-	20	948.0	620.0	504.0	908.0	2980.0	15.0	9.0	8.0	9.0	4.0	5.0	5.0	4.0	5.0	2.0	3.0	1.00.0	0.0	0.0	0.0	4.0	0.0	1.0	5.0	0.0
	5p	-	21	940.0	606.0	560.0	869.0	2975.0	8.0	17.0	9.0	5.0	4.0	4.0	0.0	2.0	7.0	3.0	2.0	3.00.0	0.0	0.0	0.0	4.0	0.0	3.0	4.0	0.0
	5p	-	22	947.0	554.0	530.0	940.0	2971.0	7.0	9.0	8.0	9.0	5.0	3.0	1.0	3.0	5.0	5.0	2.0	5.00.0	0.0	0.0	0.0	3.0	0.0	4.0	5.0	0.0
	5p	-	23	914.0	605.0	520.0	934.0	2973.0	14.0	10.0	6.0	8.0	1.0	5.0	1.0	8.0	6.0	6.0	1.0	1.00.0	0.0	0.0	0.0	11.0	0.0	4.0	2.0	0.0
	5p	-	24	926.0	599.0	506.0	944.0	2975.0	11.0	9.0	10.0	9.0	2.0	7.0	4.0	3.0	7.0	5.0	2.0	2.00.0	0.0	0.0	0.0	6.0	0.0	5.0	1.0	0.0
	5p	-	25	956.0	550.0	569.0	902.0	2977.0	17.0	12.0	7.0	9.0	1.0	3.0	0.0	4.0	9.0	8.0	7.0	6.00.0	0.0	0.0	0.0	4.0	0.0	2.0	5.0	0.0
	5p	-	26	955.0	550.0	582.0	902.0	2989.0	9.0	11.0	9.0	6.0	3.0	6.0	2.0	1.0	3.0	3.0	8.0	4.00.0	0.0	0.0	0.0	0.0	0.0	2.0	0.0	0.0
	5p	-	27	951.0	548.0	543.0	946.0	2988.0	9.0	9.0	11.0	8.0	3.0	5.0	1.0	1.0	4.0	3.0	5.0	3.00.0	0.0	0.0	0.0	1.0	0.0	2.0	1.0	0.0
	5p	-	28	974.0	607.0	550.0	860.0	2991.0	9.0	8.0	10.0	4.0	6.0	2.0	2.0	5.0	5.0	3.0	9.0	3.00.0	0.0	0.0	0.0	0.0	0.0	1.0	0.0	0.0
	5p	-	29	1022.0	579.0	521.0	868.0	2990.0	10.0	9.0	9.0	10.0	9.0	0.0	4.0	3.0	6.0	6.0	5.0	3.00.0	0.0	0.0	0.0	0.0	0.0	0.0	2.0	0.0
	5p	-	30	974.0	602.0	520.0	897.0	2993.0	16.0	9.0	9.0	7.0	6.0	5.0	2.0	5.0	2.0	4.0	7.0	2.00.0	0.0	0.0	0.0	0.0	0.0	0.0	0.0	0.0
	5p	-	31	923.0	586.0	427.0	798.0	2734.0	6.0	11.0	8.0	10.0	4.0	1.0	3.0	2.0	2.0	0.0	2.0	2.00.0	0.0	0.0	0.0	0.0	0.0	0.0	0.0	0.0
	5p	-	32	857.0	492.0	454.0	805.0	2608.0	7.0	6.0	4.0	9.0	6.0	4.0	2.0	2.0	3.0	1.0	4.0	5.00.0	0.0	0.0	0.0	1.0	0.0	1.0	0.0	0.0
	5p	-	33	832.0	464.0	417.0	782.0	2495.0	8.0	9.0	9.0	9.0	2.0	1.0	3.0	5.0	1.0	1.0	2.0	1.00.0	0.0	0.0	0.0	0.0	0.0	1.0	0.0	0.0
	5p	-	34	798.0	458.0	435.0	714.0	2405.0	9.0	9.0	4.0	9.0	3.0	2.0	2.0	5.0	1.0	2.0	2.0	3.00.0	0.0	0.0	0.0	4.0	0.0	0.0	0.0	0.0
	5p	-	35	762.0	421.0	418.0	727.0	2328.0	3.0	13.0	8.0	2.0	3.0	2.0	0.0	2.0	1.0	3.0	0.0	8.00.0	0.0	0.0	0.0	4.0	0.0	0.0	1.0	0.0
	5p	-	36	753.0	444.0	387.0	686.0	2270.0	7.0	14.0	7.0	4.0	3.0	2.0	2.0	2.0	2.0	1.0	2.0	6.00.0	0.0	0.0	0.0	0.0	0.0	0.0	1.0	0.0
	5p	-	37	674.0	400.0	434.0	709.0	2217.0	8.0	9.0	8.0	5.0	2.0	0.0	1.0	2.0	0.0	2.0	2.0	3.00.0	0.0	0.0	0.0	0.0	0.0	1.0	0.0	0.0
	5p	-	38	667.0	430.0	378.0	664.0	2139.0	3.0	11.0	6.0	2.0	1.0	2.0	2.0	1.0	1.0	3.0	1.0	4.00.0	0.0	0.0	0.0	2.0	0.0	1.0	0.0	0.0
	5p	-	39	701.0	391.0	357.0	610.0	2059.0	3.0	16.0	10.0	5.0	2.0	2.0	2.0	2.0	1.0	2.0	1.0	2.00.0	0.0	0.0	0.0	1.0	0.0	0.0	0.0	0.0
	5p	-	40	615.0	406.0	353.0	587.0	1961.0	9.0	16.0	3.0	9.0	0.0	3.0	2.0	2.0	1.0	3.0	1.0	4.00.0	0.0	0.0	0.0	1.0	0.0	0.0	1.0	0.0
	5p	-	41	629.0	334.0	318.0	610.0	1891.0	7.0	9.0	7.0	10.0	3.0	1.0	0.0	0.0	1.0	4.0	0.0	1.00.0	0.0	0.0	0.0	0.0	0.0	0.0	1.0	0.0
	5p	-	42	591.0	362.0	311.0	561.0	1825.0	8.0	12.0	6.0	6.0	1.0	3.0	0.0	1.0	4.0	2.0	1.0	2.00.0	0.0	0.0	0.0	0.0	0.0	0.0	0.0	0.0
	5p	-	43	587.0	310.0	288.0	565.0	1750.0	8.0	11.0	5.0	9.0	3.0	0.0	1.0	0.0	1.0	4.0	2.0	3.00.0	0.0	0.0	0.0	0.0	0.0	0.0	0.0	0.0
	5p	-	44	509.0	302.0	299.0	560.0	1670.0	9.0	8.0	3.0	9.0	2.0	0.0	2.0	2.0	3.0	1.0	0.0	3.00.0	0.0	0.0	0.0	0.0	0.0	0.0	0.0	0.0
	5p	-	45	523.0	284.0	270.0	527.0	1604.0	10.0	10.0	4.0	3.0	0.0	2.0	2.0	1.0	5.0	3.0	1.0	2.00.0	0.0	0.0	0.0	0.0	0.0	0.0	0.0	0.0
	5p	-	46	487.0	277.0	280.0	478.0	1522.0	5.0	9.0	3.0	5.0	3.0	1.0	0.0	3.0	2.0	0.0	1.0	2.00.0	0.0	0.0	0.0	1.0	0.0	0.0	0.0	0.0
	5p	-	47	484.0	265.0	273.0	428.0	1450.0	9.0	4.0	4.0	1.0	3.0	2.0	0.0	1.0	2.0	1.0	1.0	3.00.0	0.0	0.0	0.0	0.0	0.0	0.0	0.0	0.0
	5p	-	48	455.0	255.0	223.0	461.0	1394.0	4.0	6.0	5.0	5.0	0.0	2.0	0.0	1.0	3.0	1.0	3.0	2.00.0	0.0	0.0	0.0	0.0	0.0	0.0	0.0	0.0
	5p	-	49	471.0	220.0	227.0	408.0	1326.0	8.0	6.0	3.0	6.0	2.0	2.0	0.0	0.0	0.0	1.0	0.0	1.00.0	0.0	0.0	0.0	0.0	0.0	0.0	0.0	0.0
	5p	-	50	396.0	245.0	199.0	417.0	1257.0	6.0	9.0	4.0	4.0	1.0	0.0	2.0	0.0	2.0	0.0	1.0	1.00.0	0.0	0.0	0.0	1.0	0.0	0.0	0.0	0.0
	5p	-	51	396.0	192.0	219.0	386.0	1193.0	2.0	7.0	4.0	6.0	0.0	0.0	1.0	1.0	2.0	1.0	1.0	0.00.0	0.0	0.0	0.0	1.0	0.0	0.0	0.0	0.0
	5p	-	52	367.0	213.0	202.0	356.0	1138.0	3.0	8.0	2.0	2.0	0.0	1.0	0.0	0.0	1.0	0.0	2.0	1.00.0	0.0	0.0	0.0	0.0	0.0	0.0	0.0	0.0
	5p	-	53	346.0	207.0	189.0	340.0	1082.0	5.0	4.0	3.0	3.0	1.0	0.0	0.0	0.0	0.0	0.0	0.0	1.00.0	0.0	0.0	0.0	1.0	0.0	0.0	0.0	0.0
	5p	-	54	346.0	188.0	167.0	325.0	1026.0	6.0	15.0	2.0	0.0	0.0	0.0	1.0	1.0	0.0	1.0	0.0	3.00.0	0.0	0.0	0.0	0.0	0.0	0.0	0.0	0.0
	5p	-	55	330.0	167.0	164.0	310.0	971.0	4.0	5.0	2.0	1.0	2.0	2.0	1.0	1.0	2.0	1.0	2.0	1.00.0	0.0	0.0	0.0	0.0	0.0	0.0	0.0	0.0
	5p	-	56	310.0	150.0	159.0	286.0	905.0	3.0	8.0	4.0	4.0	3.0	3.0	0.0	1.0	2.0	1.0	0.0	2.00.0	0.0	0.0	0.0	0.0	0.0	0.0	0.0	0.0
	5p	-	57	273.0	162.0	155.0	260.0	850.0	2.0	6.0	1.0	4.0	0.0	1.0	1.0	0.0	0.0	4.0	0.0	1.00.0	0.0	0.0	0.0	0.0	0.0	0.0	0.0	0.0
	5p	-	58	271.0	140.0	139.0	260.0	810.0	2.0	5.0	0.0	0.0	1.0	3.0	1.0	1.0	0.0	0.0	0.0	0.00.0	0.0	0.0	0.0	1.0	0.0	0.0	0.0	0.0
	5p	-	59	261.0	135.0	132.0	241.0	769.0	2.0	2.0	2.0	4.0	0.0	0.0	1.0	1.0	0.0	1.0	1.0	2.00.0	0.0	0.0	0.0	2.0	0.0	0.0	0.0	0.0
	5p	-	60	244.0	137.0	119.0	225.0	725.0	5.0	5.0	3.0	4.0	0.0	1.0	1.0	2.0	1.0	2.0	0.0	1.00.0	0.0	0.0	0.0	1.0	0.0	1.0	0.0	0.0
	5p	-	61	208.0	124.0	137.0	217.0	686.0	3.0	3.0	0.0	1.0	3.0	1.0	0.0	0.0	0.0	1.0	0.0	3.00.0	0.0	0.0	0.0	1.0	0.0	0.0	0.0	0.0
	5p	-	62	207.0	132.0	111.0	196.0	646.0	2.0	2.0	4.0	1.0	0.0	1.0	0.0	0.0	1.0	0.0	0.0	2.00.0	0.0	0.0	0.0	0.0	0.0	0.0	0.0	0.0
	5p	-	63	208.0	113.0	79.0	201.0	601.0	2.0	5.0	2.0	1.0	0.0	1.0	0.0	0.0	2.0	2.0	1.0	1.00.0	0.0	0.0	0.0	1.0	0.0	0.0	0.0	0.0
	5p	-	64	180.0	91.0	92.0	191.0	554.0	4.0	3.0	0.0	0.0	2.0	2.0	0.0	0.0	1.0	0.0	1.0	0.00.0	0.0	0.0	0.0	0.0	0.0	0.0	0.0	0.0
	5p	-	65	155.0	101.0	94.0	164.0	514.0	0.0	3.0	0.0	1.0	0.0	2.0	0.0	0.0	1.0	2.0	0.0	2.00.0	0.0	0.0	0.0	0.0	0.0	0.0	0.0	0.0
	5p	-	66	153.0	88.0	83.0	156.0	480.0	0.0	0.0	1.0	0.0	0.0	0.0	1.0	2.0	0.0	0.0	0.0	3.00.0	0.0	0.0	0.0	0.0	0.0	0.0	1.0	0.0
	5p	-	67	149.0	77.0	86.0	134.0	446.0	1.0	2.0	2.0	2.0	0.0	0.0	0.0	2.0	2.0	2.0	0.0	2.00.0	0.0	0.0	0.0	1.0	0.0	0.0	0.0	0.0
	5p	-	68	128.0	75.0	77.0	125.0	405.0	1.0	0.0	2.0	4.0	2.0	1.0	0.0	1.0	1.0	0.0	1.0	2.00.0	0.0	0.0	0.0	0.0	0.0	0.0	0.0	0.0
	5p	-	69	120.0	69.0	76.0	98.0	363.0	1.0	4.0	0.0	1.0	1.0	2.0	0.0	2.0	0.0	0.0	1.0	1.00.0	0.0	0.0	0.0	1.0	0.0	0.0	0.0	0.0
	5p	-	70	114.0	78.0	62.0	89.0	343.0	5.0	5.0	0.0	2.0	0.0	0.0	0.0	0.0	0.0	1.0	0.0	0.00.0	0.0	0.0	0.0	0.0	0.0	0.0	0.0	0.0
	5p	-	71	103.0	78.0	51.0	84.0	316.0	1.0	3.0	0.0	1.0	0.0	0.0	0.0	0.0	1.0	0.0	0.0	2.00.0	0.0	0.0	0.0	0.0	0.0	0.0	0.0	0.0
	5p	-	72	98.0	52.0	63.0	79.0	292.0	0.0	1.0	1.0	0.0	0.0	0.0	0.0	0.0	1.0	0.0	0.0	0.00.0	0.0	0.0	0.0	0.0	0.0	0.0	0.0	0.0
	5p	-	73	91.0	49.0	45.0	85.0	270.0	1.0	0.0	0.0	2.0	0.0	0.0	0.0	0.0	0.0	0.0	0.0	0.00.0	0.0	0.0	0.0	0.0	0.0	0.0	0.0	0.0
	5p	-	74	86.0	49.0	44.0	71.0	250.0	0.0	3.0	1.0	2.0	1.0	1.0	1.0	0.0	0.0	0.0	0.0	0.00.0	0.0	0.0	0.0	0.0	0.0	0.0	0.0	0.0
	5p	-	75	62.0	57.0	42.0	71.0	232.0	1.0	4.0	0.0	2.0	0.0	0.0	0.0	0.0	0.0	0.0	0.0	0.00.0	0.0	0.0	0.0	0.0	0.0	0.0	0.0	0.0
	5p	-	76	82.0	41.0	33.0	56.0	212.0	1.0	0.0	0.0	0.0	1.0	0.0	0.0	0.0	0.0	0.0	0.0	0.00.0	0.0	0.0	0.0	0.0	0.0	0.0	0.0	0.0
	5p	-	77	51.0	49.0	32.0	62.0	194.0	0.0	2.0	0.0	1.0	0.0	0.0	0.0	0.0	0.0	2.0	1.0	1.00.0	0.0	0.0	0.0	0.0	0.0	0.0	0.0	0.0
	5p	-	78	51.0	40.0	28.0	56.0	175.0	0.0	0.0	0.0	2.0	0.0	0.0	1.0	0.0	0.0	0.0	0.0	0.00.0	0.0	0.0	0.0	0.0	0.0	0.0	0.0	0.0
	5p	-	79	58.0	29.0	22.0	48.0	157.0	0.0	2.0	0.0	0.0	0.0	0.0	0.0	0.0	1.0	0.0	0.0	0.00.0	0.0	0.0	0.0	0.0	0.0	0.0	0.0	0.0
	5p	-	80	52.0	22.0	23.0	39.0	136.0	0.0	1.0	1.0	0.0	0.0	0.0	0.0	0.0	0.0	0.0	0.0	0.00.0	0.0	0.0	0.0	0.0	0.0	0.0	0.0	0.0
	5p	-	81	42.0	25.0	17.0	35.0	119.0	1.0	0.0	0.0	0.0	0.0	1.0	0.0	1.0	0.0	1.0	0.0	0.00.0	0.0	0.0	0.0	0.0	0.0	0.0	0.0	0.0
	5p	-	82	35.0	20.0	17.0	33.0	105.0	1.0	3.0	0.0	2.0	0.0	1.0	0.0	0.0	0.0	0.0	0.0	0.00.0	0.0	0.0	0.0	0.0	0.0	0.0	0.0	0.0
	5p	-	83	36.0	16.0	17.0	21.0	90.0	0.0	1.0	0.0	0.0	0.0	0.0	0.0	0.0	0.0	0.0	0.0	0.00.0	0.0	0.0	0.0	0.0	0.0	0.0	0.0	0.0
	5p	-	84	26.0	15.0	19.0	18.0	78.0	0.0	0.0	0.0	0.0	0.0	0.0	0.0	0.0	0.0	1.0	0.0	1.00.0	0.0	0.0	0.0	0.0	0.0	0.0	0.0	0.0
	5p	-	85	28.0	11.0	12.0	20.0	71.0	1.0	0.0	0.0	0.0	0.0	0.0	0.0	0.0	0.0	0.0	0.0	0.00.0	0.0	0.0	0.0	0.0	0.0	0.0	0.0	0.0
	5p	-	86	24.0	14.0	11.0	11.0	60.0	0.0	2.0	1.0	0.0	0.0	0.0	0.0	0.0	0.0	0.0	0.0	0.00.0	0.0	0.0	0.0	0.0	0.0	0.0	0.0	0.0
	5p	-	87	22.0	7.0	7.0	16.0	52.0	0.0	0.0	0.0	0.0	0.0	0.0	0.0	0.0	0.0	0.0	0.0	0.00.0	0.0	0.0	0.0	0.0	0.0	0.0	0.0	0.0
	5p	-	88	19.0	8.0	5.0	7.0	39.0	0.0	0.0	0.0	0.0	0.0	0.0	0.0	0.0	0.0	0.0	0.0	0.00.0	0.0	0.0	0.0	0.0	0.0	0.0	0.0	0.0
	5p	-	89	12.0	6.0	2.0	7.0	27.0	0.0	1.0	0.0	0.0	0.0	0.0	0.0	0.0	0.0	0.0	0.0	0.00.0	0.0	0.0	0.0	0.0	0.0	0.0	0.0	0.0
	5p	-	90	7.0	7.0	3.0	5.0	22.0	0.0	1.0	0.0	0.0	0.0	0.0	0.0	0.0	0.0	0.0	0.0	0.00.0	0.0	0.0	0.0	0.0	0.0	0.0	0.0	0.0
	5p	-	91	8.0	1.0	2.0	4.0	15.0	0.0	1.0	0.0	0.0	1.0	0.0	0.0	0.0	0.0	0.0	0.0	0.00.0	0.0	0.0	0.0	0.0	0.0	0.0	0.0	0.0
	5p	-	92	0.0	0.0	0.0	0.0	0.0	0.0	0.0	0.0	0.0	0.0	0.0	0.0	0.0	0.0	0.0	0.0	0.00.0	0.0	0.0	0.0	0.0	0.0	0.0	0.0	0.0
	5p	-	93	0.0	0.0	0.0	0.0	0.0	0.0	0.0	0.0	0.0	0.0	0.0	0.0	0.0	0.0	0.0	0.0	0.00.0	0.0	0.0	0.0	0.0	0.0	0.0	0.0	0.0
	5p	-	94	0.0	0.0	0.0	0.0	0.0	0.0	0.0	0.0	0.0	0.0	0.0	0.0	0.0	0.0	0.0	0.0	0.00.0	0.0	0.0	0.0	0.0	0.0	0.0	0.0	0.0
	5p	-	95	0.0	0.0	0.0	0.0	0.0	0.0	0.0	0.0	0.0	0.0	0.0	0.0	0.0	0.0	0.0	0.0	0.00.0	0.0	0.0	0.0	0.0	0.0	0.0	0.0	0.0
	5p	-	96	0.0	0.0	0.0	0.0	0.0	0.0	0.0	0.0	0.0	0.0	0.0	0.0	0.0	0.0	0.0	0.0	0.00.0	0.0	0.0	0.0	0.0	0.0	0.0	0.0	0.0
	5p	-	97	0.0	0.0	0.0	0.0	0.0	0.0	0.0	0.0	0.0	0.0	0.0	0.0	0.0	0.0	0.0	0.0	0.00.0	0.0	0.0	0.0	0.0	0.0	0.0	0.0	0.0
	5p	-	98	0.0	0.0	0.0	0.0	0.0	0.0	0.0	0.0	0.0	0.0	0.0	0.0	0.0	0.0	0.0	0.0	0.00.0	0.0	0.0	0.0	0.0	0.0	0.0	0.0	0.0
	5p	-	99	0.0	0.0	0.0	0.0	0.0	0.0	0.0	0.0	0.0	0.0	0.0	0.0	0.0	0.0	0.0	0.0	0.00.0	0.0	0.0	0.0	0.0	0.0	0.0	0.0	0.0
	5p	-	100	0.0	0.0	0.0	0.0	0.0	0.0	0.0	0.0	0.0	0.0	0.0	0.0	0.0	0.0	0.0	0.0	0.00.0	0.0	0.0	0.0	0.0	0.0	0.0	0.0	0.0
