# table produced by DamageProfiler
# using mapped file ScA012.BuffaloCape_Human_nc.Target.rmdup.noMicro.bam
# Sample ID: ScA012.BuffaloCape_Human_nc.Target.rmdup.noMicro.bam
Chr	End	Std	Pos	A	C	G	T	Total
	3p	+	1	5982	1463	1619	5665	14729
	3p	+	2	5759	2589	1948	4433	14729
	3p	+	3	5304	2607	2175	4643	14729
	3p	+	4	5185	2778	2287	4479	14729
	3p	+	5	5235	2680	2396	4418	14729
	3p	+	6	5344	2601	2432	4352	14729
	3p	+	7	5030	2739	2532	4428	14729
	3p	+	8	5052	2595	2553	4529	14729
	3p	+	9	5014	2591	2556	4568	14729
	3p	+	10	4949	2695	2563	4522	14729
	3p	+	11	4870	2684	2590	4585	14729
	3p	+	12	4965	2704	2519	4541	14729
	3p	+	13	4910	2698	2466	4655	14729
	3p	+	14	4971	2716	2497	4545	14729
	3p	+	15	4987	2698	2509	4535	14729
	3p	+	16	4904	2714	2603	4508	14729
	3p	+	17	4884	2675	2639	4531	14729
	3p	+	18	4788	2698	2527	4716	14729
	3p	+	19	4841	2711	2629	4548	14729
	3p	+	20	4837	2707	2494	4691	14729
	3p	+	21	4842	2775	2554	4558	14729
	3p	+	22	4959	2671	2487	4612	14729
	3p	+	23	4914	2700	2587	4528	14729
	3p	+	24	4950	2649	2523	4607	14729
	3p	+	25	4918	2666	2549	4596	14729
	3p	+	26	4893	2762	2550	4524	14729
	3p	+	27	4998	2713	2529	4489	14729
	3p	+	28	4863	2744	2538	4584	14729
	3p	+	29	4805	2663	2565	4696	14729
	3p	+	30	4872	2599	2592	4666	14729
	3p	+	31	4608	2535	2357	4522	14022
	3p	+	32	4363	2504	2211	4258	13336
	3p	+	33	4245	2388	2089	3910	12632
	3p	+	34	4021	2189	2060	3771	12041
	3p	+	35	3805	2044	1942	3579	11370
	3p	+	36	3563	1948	1842	3381	10734
	3p	+	37	3350	1845	1713	3189	10097
	3p	+	38	3073	1683	1589	3110	9455
	3p	+	39	2928	1549	1490	2890	8857
	3p	+	40	2707	1512	1383	2625	8227
	3p	+	41	2483	1407	1245	2519	7654
	3p	+	42	2362	1252	1193	2328	7135
	3p	+	43	2153	1153	1133	2179	6618
	3p	+	44	2046	1083	989	2007	6125
	3p	+	45	1850	1012	962	1851	5675
	3p	+	46	1693	954	911	1712	5270
	3p	+	47	1617	875	794	1589	4875
	3p	+	48	1477	800	733	1492	4502
	3p	+	49	1388	735	685	1332	4140
	3p	+	50	1252	650	634	1275	3811
	3p	+	51	1152	594	590	1168	3504
	3p	+	52	1039	558	558	1071	3226
	3p	+	53	1039	523	467	971	3000
	3p	+	54	879	467	465	910	2721
	3p	+	55	796	436	382	880	2494
	3p	+	56	789	399	362	722	2272
	3p	+	57	680	365	362	683	2090
	3p	+	58	662	324	313	612	1911
	3p	+	59	565	298	281	595	1739
	3p	+	60	558	257	245	544	1604
	3p	+	61	478	266	242	482	1468
	3p	+	62	438	234	203	461	1336
	3p	+	63	424	212	198	383	1217
	3p	+	64	398	169	187	367	1121
	3p	+	65	363	164	168	323	1018
	3p	+	66	318	175	147	284	924
	3p	+	67	288	149	137	259	833
	3p	+	68	270	141	105	241	757
	3p	+	69	236	122	119	218	695
	3p	+	70	182	102	120	222	626
	3p	+	71	188	95	87	200	570
	3p	+	72	156	85	86	187	514
	3p	+	73	140	82	94	150	466
	3p	+	74	151	50	63	149	413
	3p	+	75	116	75	62	108	361
	3p	+	76	108	55	60	102	325
	3p	+	77	89	45	48	107	289
	3p	+	78	96	44	35	80	255
	3p	+	79	77	40	37	70	224
	3p	+	80	62	25	33	71	191
	3p	+	81	51	32	29	59	171
	3p	+	82	50	27	17	58	152
	3p	+	83	37	23	29	45	134
	3p	+	84	39	20	16	34	109
	3p	+	85	37	13	16	31	97
	3p	+	86	25	16	17	16	74
	3p	+	87	15	13	9	22	59
	3p	+	88	15	10	8	17	50
	3p	+	89	15	4	9	9	37
	3p	+	90	4	6	3	4	17
	3p	+	91	7	0	1	1	9
	3p	+	92	0	0	0	0	0
	3p	+	93	0	0	0	0	0
	3p	+	94	0	0	0	0	0
	3p	+	95	0	0	0	0	0
	3p	+	96	0	0	0	0	0
	3p	+	97	0	0	0	0	0
	3p	+	98	0	0	0	0	0
	3p	+	99	0	0	0	0	0
	3p	+	100	0	0	0	0	0
	3p	-	1	5791	1530	1538	5633	14492
	3p	-	2	5615	2655	1921	4301	14492
	3p	-	3	5258	2641	2207	4386	14492
	3p	-	4	5209	2703	2325	4255	14492
	3p	-	5	5164	2546	2333	4449	14492
	3p	-	6	5188	2640	2450	4214	14492
	3p	-	7	5022	2646	2444	4380	14492
	3p	-	8	5097	2505	2448	4442	14492
	3p	-	9	4872	2622	2507	4491	14492
	3p	-	10	4856	2680	2499	4457	14492
	3p	-	11	4814	2705	2484	4489	14492
	3p	-	12	4945	2641	2410	4496	14492
	3p	-	13	4847	2672	2441	4532	14492
	3p	-	14	4914	2570	2483	4525	14492
	3p	-	15	4872	2562	2508	4550	14492
	3p	-	16	4791	2747	2428	4526	14492
	3p	-	17	4865	2689	2421	4517	14492
	3p	-	18	4711	2769	2517	4495	14492
	3p	-	19	4791	2656	2557	4488	14492
	3p	-	20	4806	2651	2584	4451	14492
	3p	-	21	4702	2676	2530	4584	14492
	3p	-	22	4769	2612	2437	4674	14492
	3p	-	23	4820	2678	2483	4511	14492
	3p	-	24	4914	2612	2462	4504	14492
	3p	-	25	4859	2611	2502	4520	14492
	3p	-	26	4719	2708	2563	4502	14492
	3p	-	27	4821	2613	2547	4511	14492
	3p	-	28	4797	2658	2532	4505	14492
	3p	-	29	4709	2654	2554	4575	14492
	3p	-	30	4799	2628	2532	4533	14492
	3p	-	31	4589	2543	2345	4280	13757
	3p	-	32	4376	2358	2203	4162	13099
	3p	-	33	4073	2250	2139	3978	12440
	3p	-	34	4047	2093	1934	3729	11803
	3p	-	35	3726	2087	1922	3412	11147
	3p	-	36	3563	1839	1824	3287	10513
	3p	-	37	3346	1678	1747	3103	9874
	3p	-	38	3046	1634	1591	2966	9237
	3p	-	39	2835	1551	1489	2741	8616
	3p	-	40	2670	1377	1397	2598	8042
	3p	-	41	2450	1355	1266	2405	7476
	3p	-	42	2322	1203	1176	2266	6967
	3p	-	43	2110	1135	1104	2095	6444
	3p	-	44	1993	1092	980	1958	6023
	3p	-	45	1807	969	967	1853	5596
	3p	-	46	1705	914	837	1682	5138
	3p	-	47	1537	897	814	1510	4758
	3p	-	48	1444	749	756	1446	4395
	3p	-	49	1287	721	691	1349	4048
	3p	-	50	1213	626	602	1263	3704
	3p	-	51	1142	649	569	1055	3415
	3p	-	52	1039	534	546	999	3118
	3p	-	53	933	500	483	961	2877
	3p	-	54	878	469	466	826	2639
	3p	-	55	788	431	396	808	2423
	3p	-	56	780	358	365	723	2226
	3p	-	57	670	354	352	668	2044
	3p	-	58	608	301	319	629	1857
	3p	-	59	566	283	303	540	1692
	3p	-	60	526	274	248	497	1545
	3p	-	61	471	246	217	473	1407
	3p	-	62	438	226	190	425	1279
	3p	-	63	420	191	170	388	1169
	3p	-	64	336	188	179	351	1054
	3p	-	65	311	159	177	306	953
	3p	-	66	305	132	166	270	873
	3p	-	67	256	140	141	269	806
	3p	-	68	244	128	100	261	733
	3p	-	69	227	120	116	190	653
	3p	-	70	196	108	85	186	575
	3p	-	71	164	105	89	165	523
	3p	-	72	154	79	68	162	463
	3p	-	73	128	83	63	148	422
	3p	-	74	117	67	55	136	375
	3p	-	75	108	54	71	105	338
	3p	-	76	88	45	65	99	297
	3p	-	77	84	55	38	90	267
	3p	-	78	83	53	35	71	242
	3p	-	79	73	39	37	65	214
	3p	-	80	54	34	30	75	193
	3p	-	81	49	36	25	50	160
	3p	-	82	50	22	24	43	139
	3p	-	83	28	23	20	41	112
	3p	-	84	38	18	11	31	98
	3p	-	85	27	19	11	27	84
	3p	-	86	18	21	10	18	67
	3p	-	87	19	6	10	19	54
	3p	-	88	10	7	7	21	45
	3p	-	89	8	8	8	8	32
	3p	-	90	9	2	4	6	21
	3p	-	91	6	4	0	2	12
	3p	-	92	0	0	0	0	0
	3p	-	93	0	0	0	0	0
	3p	-	94	0	0	0	0	0
	3p	-	95	0	0	0	0	0
	3p	-	96	0	0	0	0	0
	3p	-	97	0	0	0	0	0
	3p	-	98	0	0	0	0	0
	3p	-	99	0	0	0	0	0
	3p	-	100	0	0	0	0	0
	5p	+	1	5347	2480	1848	5054	14729
	5p	+	2	4668	2485	2633	4942	14728
	5p	+	3	4884	2690	2503	4652	14729
	5p	+	4	4807	2740	2622	4560	14729
	5p	+	5	4766	2739	2557	4667	14729
	5p	+	6	4589	2733	2717	4690	14729
	5p	+	7	4919	2719	2672	4419	14729
	5p	+	8	5053	2654	2531	4491	14729
	5p	+	9	4949	2721	2438	4621	14729
	5p	+	10	4954	2697	2528	4550	14729
	5p	+	11	4982	2735	2494	4518	14729
	5p	+	12	4836	2791	2574	4528	14729
	5p	+	13	4815	2769	2534	4611	14729
	5p	+	14	4977	2643	2522	4587	14729
	5p	+	15	4806	2762	2514	4647	14729
	5p	+	16	4822	2862	2463	4582	14729
	5p	+	17	4711	2756	2654	4608	14729
	5p	+	18	4910	2655	2534	4630	14729
	5p	+	19	4818	2709	2593	4609	14729
	5p	+	20	4805	2689	2498	4737	14729
	5p	+	21	4819	2732	2585	4593	14729
	5p	+	22	4875	2711	2582	4561	14729
	5p	+	23	4814	2723	2591	4601	14729
	5p	+	24	4882	2674	2532	4641	14729
	5p	+	25	4924	2669	2494	4642	14729
	5p	+	26	4944	2639	2500	4646	14729
	5p	+	27	4959	2758	2537	4475	14729
	5p	+	28	5095	2701	2466	4467	14729
	5p	+	29	5006	2698	2491	4534	14729
	5p	+	30	5092	2600	2381	4656	14729
	5p	+	31	4825	2482	2199	4516	14022
	5p	+	32	4624	2316	2194	4202	13336
	5p	+	33	4349	2201	2102	3980	12632
	5p	+	34	4264	2078	1924	3775	12041
	5p	+	35	3946	2017	1778	3629	11370
	5p	+	36	3809	1866	1649	3410	10734
	5p	+	37	3516	1784	1599	3198	10097
	5p	+	38	3318	1650	1554	2933	9455
	5p	+	39	3066	1506	1403	2882	8857
	5p	+	40	2948	1349	1301	2629	8227
	5p	+	41	2619	1252	1285	2498	7654
	5p	+	42	2469	1246	1153	2267	7135
	5p	+	43	2259	1179	1114	2066	6618
	5p	+	44	2168	1042	959	1956	6125
	5p	+	45	2034	950	871	1820	5675
	5p	+	46	1932	885	824	1629	5270
	5p	+	47	1713	848	746	1568	4875
	5p	+	48	1599	757	710	1436	4502
	5p	+	49	1504	653	660	1323	4140
	5p	+	50	1404	626	605	1176	3811
	5p	+	51	1212	595	589	1108	3504
	5p	+	52	1112	567	514	1033	3226
	5p	+	53	1075	488	488	949	3000
	5p	+	54	926	486	450	859	2721
	5p	+	55	901	432	324	837	2494
	5p	+	56	814	333	343	782	2272
	5p	+	57	750	340	334	666	2090
	5p	+	58	660	306	294	651	1911
	5p	+	59	620	299	279	541	1739
	5p	+	60	572	258	228	546	1604
	5p	+	61	503	238	241	486	1468
	5p	+	62	467	235	196	439	1337
	5p	+	63	417	194	203	403	1217
	5p	+	64	389	196	188	348	1121
	5p	+	65	321	167	173	357	1018
	5p	+	66	314	167	150	293	924
	5p	+	67	322	131	120	260	833
	5p	+	68	276	124	121	236	757
	5p	+	69	244	107	129	215	695
	5p	+	70	226	94	87	219	626
	5p	+	71	181	110	80	199	570
	5p	+	72	179	83	77	175	514
	5p	+	73	148	77	86	155	466
	5p	+	74	143	60	67	143	413
	5p	+	75	127	59	58	117	361
	5p	+	76	107	53	51	114	325
	5p	+	77	109	51	41	88	289
	5p	+	78	92	41	42	80	255
	5p	+	79	72	26	43	83	224
	5p	+	80	61	38	26	66	191
	5p	+	81	63	31	22	55	171
	5p	+	82	55	24	27	46	152
	5p	+	83	38	23	21	52	134
	5p	+	84	36	22	15	36	109
	5p	+	85	31	10	12	44	97
	5p	+	86	24	9	13	28	74
	5p	+	87	24	7	8	20	59
	5p	+	88	15	5	8	22	50
	5p	+	89	13	7	3	14	37
	5p	+	90	6	3	3	5	17
	5p	+	91	2	1	1	5	9
	5p	+	92	0	0	0	0	0
	5p	+	93	0	0	0	0	0
	5p	+	94	0	0	0	0	0
	5p	+	95	0	0	0	0	0
	5p	+	96	0	0	0	0	0
	5p	+	97	0	0	0	0	0
	5p	+	98	0	0	0	0	0
	5p	+	99	0	0	0	0	0
	5p	+	100	0	0	0	0	0
	5p	-	1	5225	2419	1861	4987	14492
	5p	-	2	4649	2326	2662	4851	14488
	5p	-	3	4793	2636	2539	4524	14492
	5p	-	4	4739	2673	2679	4401	14492
	5p	-	5	4584	2813	2577	4518	14492
	5p	-	6	4606	2737	2619	4530	14492
	5p	-	7	4923	2628	2651	4290	14492
	5p	-	8	4999	2591	2513	4389	14492
	5p	-	9	4995	2609	2496	4392	14492
	5p	-	10	4813	2650	2455	4574	14492
	5p	-	11	4656	2709	2458	4669	14492
	5p	-	12	4714	2651	2579	4548	14492
	5p	-	13	4754	2707	2507	4524	14492
	5p	-	14	4784	2636	2551	4521	14492
	5p	-	15	4764	2712	2533	4483	14492
	5p	-	16	4796	2709	2505	4482	14492
	5p	-	17	4914	2673	2447	4458	14492
	5p	-	18	4870	2653	2547	4422	14492
	5p	-	19	4805	2622	2471	4594	14492
	5p	-	20	4811	2696	2462	4523	14492
	5p	-	21	4713	2654	2535	4590	14492
	5p	-	22	4847	2683	2469	4493	14492
	5p	-	23	4731	2590	2514	4657	14492
	5p	-	24	4843	2657	2502	4490	14492
	5p	-	25	4847	2637	2485	4523	14492
	5p	-	26	4839	2650	2539	4464	14492
	5p	-	27	4987	2563	2466	4476	14492
	5p	-	28	4943	2644	2461	4444	14492
	5p	-	29	4978	2616	2329	4569	14492
	5p	-	30	5032	2625	2357	4478	14492
	5p	-	31	4752	2486	2255	4264	13757
	5p	-	32	4527	2317	2176	4079	13099
	5p	-	33	4267	2242	2021	3910	12440
	5p	-	34	4140	2096	1887	3680	11803
	5p	-	35	3914	1940	1752	3541	11147
	5p	-	36	3659	1874	1671	3309	10513
	5p	-	37	3506	1664	1569	3135	9874
	5p	-	38	3203	1590	1513	2931	9237
	5p	-	39	3055	1467	1365	2729	8616
	5p	-	40	2810	1366	1269	2597	8042
	5p	-	41	2560	1344	1094	2478	7476
	5p	-	42	2371	1197	1145	2254	6967
	5p	-	43	2230	1109	1091	2014	6444
	5p	-	44	2154	1034	932	1903	6023
	5p	-	45	1936	961	920	1779	5596
	5p	-	46	1840	827	808	1663	5138
	5p	-	47	1662	818	716	1562	4758
	5p	-	48	1580	726	672	1417	4395
	5p	-	49	1408	685	650	1305	4048
	5p	-	50	1299	578	583	1244	3704
	5p	-	51	1193	571	561	1090	3415
	5p	-	52	1077	553	480	1008	3118
	5p	-	53	990	486	451	951	2878
	5p	-	54	947	440	393	859	2639
	5p	-	55	860	407	354	802	2423
	5p	-	56	764	372	376	714	2226
	5p	-	57	676	347	361	661	2045
	5p	-	58	683	343	275	556	1857
	5p	-	59	598	290	250	554	1692
	5p	-	60	526	243	273	503	1545
	5p	-	61	482	246	206	473	1407
	5p	-	62	472	206	206	395	1279
	5p	-	63	388	192	202	387	1169
	5p	-	64	366	190	168	330	1054
	5p	-	65	341	182	134	297	954
	5p	-	66	331	172	119	251	873
	5p	-	67	301	143	112	250	806
	5p	-	68	249	116	108	260	733
	5p	-	69	217	106	114	216	653
	5p	-	70	210	101	94	170	575
	5p	-	71	183	79	78	183	523
	5p	-	72	175	90	58	141	464
	5p	-	73	141	66	62	153	422
	5p	-	74	149	55	49	122	375
	5p	-	75	113	67	45	113	338
	5p	-	76	98	53	40	106	297
	5p	-	77	89	43	42	93	267
	5p	-	78	77	42	37	86	242
	5p	-	79	61	51	34	68	214
	5p	-	80	66	29	36	62	193
	5p	-	81	46	30	29	55	160
	5p	-	82	53	15	24	47	139
	5p	-	83	38	19	18	37	112
	5p	-	84	37	18	10	33	98
	5p	-	85	23	19	17	25	84
	5p	-	86	18	15	10	24	67
	5p	-	87	20	13	7	14	54
	5p	-	88	12	15	5	13	45
	5p	-	89	14	4	2	12	32
	5p	-	90	11	0	2	8	21
	5p	-	91	3	3	0	6	12
	5p	-	92	0	0	0	0	0
	5p	-	93	0	0	0	0	0
	5p	-	94	0	0	0	0	0
	5p	-	95	0	0	0	0	0
	5p	-	96	0	0	0	0	0
	5p	-	97	0	0	0	0	0
	5p	-	98	0	0	0	0	0
	5p	-	99	0	0	0	0	0
	5p	-	100	0	0	0	0	0
