# table produced by DamageProfiler
# using mapped file RxA008.ReedbuckBh_Human_nc.Target.rmdup.noMicro.bam
# Sample ID: RxA008.ReedbuckBh_Human_nc.Target.rmdup.noMicro.bam
Pos	C>T	G>A	A>C	A>G	A>T	C>A	C>G	G>C	G>T	T>A	T>C	T>G	->ACGT	ACGT>-
0	0.061076	0.027269	0.005349	0.017296	0.016761	0.015614	0.006705	0.003583	0.016123	0.018993	0.008863	0.004404	0.000000	0.000000
1	0.024271	0.013710	0.004752	0.010245	0.008315	0.009785	0.004605	0.002399	0.011140	0.010397	0.005978	0.003431	0.000000	0.000000
2	0.017024	0.012163	0.002519	0.006025	0.003753	0.005265	0.002896	0.002227	0.005739	0.004831	0.005545	0.002196	0.000016	0.000000
3	0.011384	0.008262	0.002458	0.005920	0.002258	0.003767	0.002344	0.002209	0.003108	0.003270	0.004819	0.001721	0.000049	0.000000
4	0.011667	0.008894	0.002144	0.005614	0.002399	0.002434	0.002098	0.001976	0.003212	0.002295	0.006660	0.001567	0.000260	0.000000
5	0.012019	0.008560	0.001947	0.005420	0.001000	0.002289	0.001390	0.002098	0.003693	0.001253	0.004848	0.001961	0.000406	0.000000
6	0.009870	0.007145	0.001112	0.004347	0.001011	0.001603	0.002025	0.001531	0.002722	0.000938	0.004635	0.001435	0.000195	0.000000
7	0.010433	0.006905	0.001281	0.005173	0.000985	0.002138	0.001625	0.001108	0.002728	0.001237	0.004216	0.001630	0.000244	0.000000
8	0.011083	0.009000	0.001417	0.004250	0.001075	0.002165	0.001212	0.002510	0.002164	0.001226	0.005184	0.001282	0.000163	0.000000
9	0.010582	0.007758	0.001481	0.005381	0.001283	0.002099	0.001137	0.001265	0.002614	0.001337	0.004735	0.001393	0.000276	0.000000
10	0.011512	0.007503	0.001853	0.004408	0.001202	0.002424	0.001558	0.001961	0.003155	0.001150	0.004985	0.001260	0.000439	0.000000
11	0.009814	0.008195	0.001099	0.004396	0.001199	0.002692	0.001650	0.001943	0.003295	0.001600	0.004744	0.001434	0.000439	0.000000
12	0.010853	0.006394	0.001254	0.005067	0.001354	0.001997	0.001302	0.001876	0.003240	0.000819	0.005078	0.001092	0.000488	0.000000
13	0.009946	0.006926	0.001058	0.005742	0.001410	0.001760	0.001848	0.000845	0.003125	0.001518	0.003904	0.001030	0.000439	0.000000
14	0.010398	0.007988	0.001105	0.004973	0.001105	0.002148	0.001203	0.001718	0.002663	0.000765	0.004915	0.001420	0.000585	0.000000
15	0.009655	0.006849	0.001817	0.004996	0.001060	0.002241	0.001293	0.001883	0.002654	0.001304	0.004510	0.001576	0.000455	0.000000
16	0.008541	0.007978	0.001312	0.004795	0.001262	0.002440	0.001656	0.002341	0.003208	0.001285	0.005301	0.001071	0.000488	0.000000
17	0.009987	0.007507	0.001372	0.004217	0.000762	0.001894	0.002152	0.001706	0.002986	0.001625	0.005416	0.001516	0.000358	0.000000
18	0.008806	0.008787	0.001108	0.004685	0.001864	0.002964	0.001482	0.000929	0.002619	0.001691	0.004637	0.001200	0.000455	0.000000
19	0.009635	0.006947	0.001361	0.004838	0.001613	0.002604	0.002170	0.001525	0.003135	0.001419	0.005513	0.001201	0.000553	0.000000
20	0.009951	0.007130	0.001257	0.005080	0.000905	0.002025	0.002113	0.001613	0.003820	0.001516	0.004710	0.001624	0.000439	0.000000
21	0.010978	0.007526	0.001362	0.005597	0.001009	0.003136	0.002004	0.001625	0.002993	0.001892	0.004541	0.001351	0.000374	0.000000
22	0.009752	0.007834	0.001049	0.005744	0.001249	0.002873	0.001567	0.001463	0.003530	0.001469	0.004680	0.001469	0.000423	0.000000
23	0.009257	0.005945	0.000744	0.004763	0.001339	0.002909	0.001587	0.001034	0.003102	0.001360	0.005115	0.001143	0.000553	0.000000
24	0.011240	0.008067	0.001043	0.005264	0.001440	0.002527	0.002614	0.002060	0.002575	0.001152	0.004116	0.001207	0.000553	0.000000
