# table produced by DamageProfiler
# using mapped file RmA039.GrysbokCape_Human_nc.Target.rmdup.noMicro.bam
# Sample ID: RmA039.GrysbokCape_Human_nc.Target.rmdup.noMicro.bam
Pos	C>T	G>A	A>C	A>G	A>T	C>A	C>G	G>C	G>T	T>A	T>C	T>G	->ACGT	ACGT>-
0	0.030596	0.017682	0.005076	0.004061	0.009137	0.004831	0.004831	0.007859	0.001965	0.013319	0.004440	0.002220	0.000000	0.000000
1	0.019802	0.009464	0.003257	0.001086	0.004343	0.007921	0.000000	0.003155	0.004732	0.011530	0.000000	0.006289	0.000000	0.000000
2	0.008681	0.012048	0.005252	0.005252	0.003151	0.003472	0.005208	0.005164	0.006885	0.005501	0.001100	0.002200	0.000000	0.000000
3	0.001792	0.001678	0.004202	0.004202	0.005252	0.005376	0.000000	0.001678	0.006711	0.003289	0.005482	0.006579	0.002319	0.000000
4	0.005181	0.000000	0.004515	0.004515	0.006772	0.005181	0.006908	0.003263	0.006525	0.005441	0.005441	0.008705	0.004338	0.000000
5	0.006826	0.004839	0.002237	0.002237	0.004474	0.001706	0.003413	0.003226	0.003226	0.003333	0.001111	0.001111	0.004000	0.000000
6	0.003384	0.006349	0.002198	0.001099	0.002198	0.005076	0.005076	0.001587	0.007937	0.004635	0.001159	0.001159	0.007014	0.000000
7	0.005545	0.003610	0.001040	0.002079	0.002079	0.003697	0.001848	0.001805	0.003610	0.002128	0.003191	0.003191	0.005339	0.000000
8	0.003656	0.005780	0.000000	0.002035	0.003052	0.003656	0.003656	0.003854	0.003854	0.002077	0.005192	0.003115	0.002988	0.000000
9	0.007067	0.000000	0.006283	0.005236	0.003141	0.001767	0.000000	0.005291	0.008818	0.002162	0.001081	0.005405	0.002987	0.000000
10	0.006723	0.005329	0.003198	0.002132	0.003198	0.003361	0.000000	0.003552	0.010657	0.004440	0.003330	0.004440	0.006673	0.000000
11	0.003534	0.000000	0.002119	0.003178	0.001059	0.001767	0.000000	0.003454	0.001727	0.002174	0.000000	0.002174	0.004653	0.000000
12	0.003333	0.005085	0.002176	0.002176	0.000000	0.001667	0.001667	0.001695	0.001695	0.001133	0.003398	0.003398	0.006684	0.000000
13	0.008977	0.001845	0.004077	0.003058	0.000000	0.003591	0.005386	0.005535	0.000000	0.002188	0.000000	0.003282	0.004676	0.000000
14	0.001718	0.001795	0.002119	0.006356	0.000000	0.003436	0.000000	0.000000	0.008977	0.003236	0.003236	0.000000	0.004319	0.000000
15	0.003571	0.003656	0.003188	0.004251	0.008502	0.003571	0.000000	0.001828	0.003656	0.005236	0.001047	0.003141	0.005328	0.000000
16	0.003497	0.005263	0.000000	0.002172	0.003257	0.001748	0.000000	0.000000	0.003509	0.001072	0.001072	0.001072	0.005340	0.000000
17	0.009901	0.005415	0.003093	0.000000	0.004124	0.004950	0.000000	0.001805	0.007220	0.003390	0.004520	0.002260	0.001990	0.000000
18	0.010327	0.003846	0.001000	0.005000	0.003000	0.001721	0.000000	0.003846	0.005769	0.002198	0.006593	0.003297	0.003321	0.000000
19	0.003546	0.005245	0.002062	0.002062	0.003093	0.007092	0.001773	0.003497	0.003497	0.003359	0.005599	0.001120	0.005669	0.000000
20	0.008446	0.003617	0.003080	0.004107	0.002053	0.003378	0.003378	0.003617	0.009042	0.001125	0.004499	0.002250	0.005319	0.000000
21	0.005386	0.003670	0.003132	0.005219	0.002088	0.007181	0.001795	0.003670	0.007339	0.001060	0.003181	0.002121	0.006327	0.000000
22	0.007366	0.007648	0.002010	0.003015	0.004020	0.005525	0.001842	0.005736	0.007648	0.001046	0.006276	0.000000	0.002652	0.000000
23	0.004739	0.002012	0.001053	0.002105	0.002105	0.007899	0.001580	0.008048	0.006036	0.004329	0.002165	0.007576	0.005326	0.000000
24	0.005085	0.000000	0.002039	0.004077	0.002039	0.001695	0.005085	0.003745	0.001873	0.005525	0.000000	0.002210	0.004319	0.000000
