# table produced by DamageProfiler
# using mapped file RmA039.GrysbokCape_Human_nc.Target.rmdup.noMicro.bam
# Sample ID: RmA039.GrysbokCape_Human_nc.Target.rmdup.noMicro.bam
Chr	End	Std	Pos	A	C	G	T	Total	G>A	C>T	A>G	T>C	A>C	A>T	C>G	C>A	T>G	T>A	G>C	G>T	A>-	T>-	C>-	G>-	->A	->T	->C	->G	S
	3p	+	1	646.0	242.0	174.0	486.0	1548.0	0.0	60.0	4.0	0.0	2.0	2.0	0.0	5.0	1.0	8.0	0.0	1.0	0.0	0.0	0.0	0.0	0.0	0.0	0.0	0.0	0.0
	3p	+	2	576.0	340.0	225.0	408.0	1549.0	1.0	26.0	1.0	2.0	2.0	3.0	0.0	2.0	1.0	2.0	2.0	3.0	0.0	0.0	0.0	0.0	0.0	0.0	0.0	0.0	0.0
	3p	+	3	551.0	303.0	241.0	456.0	1551.0	2.0	1.0	2.0	0.0	2.0	6.0	0.0	1.0	0.0	5.0	2.0	0.0	0.0	0.0	0.0	0.0	0.0	0.0	0.0	0.0	0.0
	3p	+	4	546.0	307.0	239.0	460.0	1552.0	0.0	0.0	1.0	4.0	2.0	6.0	1.0	1.0	0.0	2.0	1.0	4.0	0.0	0.0	0.0	0.0	0.0	0.0	0.0	0.0	0.0
	3p	+	5	545.0	292.0	288.0	428.0	1553.0	1.0	4.0	2.0	1.0	2.0	3.0	0.0	1.0	1.0	1.0	1.0	1.0	0.0	0.0	0.0	0.0	1.0	0.0	0.0	0.0	0.0
	3p	+	6	561.0	250.0	288.0	452.0	1551.0	1.0	2.0	1.0	2.0	3.0	1.0	0.0	1.0	3.0	2.0	1.0	0.0	0.0	0.0	0.0	0.0	0.0	0.0	0.0	2.0	0.0
	3p	+	7	541.0	284.0	276.0	443.0	1544.0	2.0	0.0	1.0	1.0	2.0	1.0	0.0	2.0	3.0	4.0	1.0	0.0	0.0	0.0	0.0	0.0	6.0	0.0	3.0	2.0	0.0
	3p	+	8	509.0	279.0	285.0	470.0	1543.0	2.0	0.0	2.0	2.0	1.0	1.0	0.0	1.0	1.0	0.0	3.0	2.0	0.0	0.0	0.0	0.0	2.0	0.0	3.0	6.0	0.0
	3p	+	9	544.0	265.0	283.0	452.0	1544.0	3.0	3.0	3.0	1.0	0.0	2.0	0.0	1.0	2.0	0.0	0.0	1.0	0.0	0.0	0.0	0.0	2.0	0.0	3.0	5.0	0.0
	3p	+	10	478.0	280.0	310.0	479.0	1547.0	0.0	1.0	0.0	3.0	1.0	1.0	1.0	0.0	2.0	0.0	1.0	6.0	0.0	0.0	0.0	0.0	5.0	0.0	4.0	2.0	0.0
	3p	+	11	496.0	304.0	278.0	469.0	1547.0	2.0	1.0	1.0	1.0	1.0	0.0	1.0	1.0	2.0	1.0	3.0	0.0	0.0	0.0	0.0	0.0	4.0	0.0	3.0	3.0	0.0
	3p	+	12	505.0	297.0	271.0	469.0	1542.0	1.0	1.0	5.0	3.0	0.0	3.0	0.0	3.0	1.0	3.0	0.0	1.0	0.0	0.0	0.0	0.0	6.0	0.0	6.0	2.0	0.0
	3p	+	13	514.0	270.0	275.0	488.0	1547.0	0.0	4.0	1.0	1.0	0.0	2.0	0.0	1.0	2.0	3.0	1.0	0.0	0.0	0.0	0.0	0.0	3.0	0.0	3.0	1.0	0.0
	3p	+	14	518.0	293.0	283.0	451.0	1545.0	2.0	3.0	2.0	0.0	4.0	3.0	0.0	2.0	1.0	2.0	0.0	2.0	0.0	0.0	0.0	0.0	1.0	0.0	5.0	5.0	0.0
	3p	+	15	494.0	288.0	299.0	465.0	1546.0	2.0	1.0	2.0	2.0	2.0	1.0	0.0	0.0	1.0	2.0	0.0	3.0	0.0	0.0	0.0	0.0	3.0	0.0	4.0	0.0	0.0
	3p	+	16	465.0	285.0	294.0	495.0	1539.0	2.0	0.0	5.0	4.0	1.0	3.0	1.0	3.0	0.0	4.0	0.0	2.0	0.0	0.0	0.0	0.0	3.0	0.0	5.0	3.0	0.0
	3p	+	17	514.0	296.0	251.0	481.0	1542.0	1.0	2.0	1.0	1.0	2.0	2.0	2.0	0.0	2.0	2.0	0.0	0.0	0.0	0.0	0.0	0.0	5.0	0.0	2.0	3.0	0.0
	3p	+	18	480.0	291.0	254.0	509.0	1534.0	0.0	5.0	0.0	0.0	1.0	1.0	1.0	1.0	2.0	1.0	2.0	2.0	0.0	0.0	0.0	0.0	2.0	0.0	10.0	6.0	0.0
	3p	+	19	488.0	298.0	301.0	449.0	1536.0	2.0	1.0	3.0	2.0	3.0	2.0	0.0	1.0	2.0	1.0	0.0	2.0	0.0	0.0	0.0	0.0	5.0	0.0	4.0	4.0	0.0
	3p	+	20	513.0	292.0	263.0	471.0	1539.0	1.0	0.0	3.0	3.0	0.0	0.0	1.0	2.0	1.0	0.0	1.0	1.0	0.0	0.0	0.0	0.0	2.0	0.0	3.0	4.0	0.0
	3p	+	21	508.0	277.0	277.0	474.0	1536.0	1.0	3.0	4.0	2.0	1.0	0.0	0.0	0.0	1.0	0.0	1.0	2.0	0.0	0.0	0.0	0.0	4.0	0.0	7.0	6.0	0.0
	3p	+	22	514.0	281.0	275.0	481.0	1551.0	2.0	0.0	4.0	1.0	4.0	3.0	1.0	1.0	0.0	2.0	0.0	2.0	0.0	0.0	0.0	0.0	0.0	0.0	2.0	3.0	0.0
	3p	+	23	500.0	279.0	286.0	482.0	1547.0	1.0	0.0	0.0	2.0	0.0	1.0	1.0	2.0	1.0	1.0	1.0	3.0	0.0	0.0	0.0	0.0	4.0	0.0	2.0	4.0	0.0
	3p	+	24	475.0	285.0	287.0	483.0	1530.0	1.0	4.0	0.0	0.0	1.0	1.0	0.0	1.0	1.0	2.0	1.0	0.0	0.0	0.0	0.0	0.0	5.0	0.0	7.0	8.0	0.0
	3p	+	25	486.0	282.0	297.0	476.0	1541.0	1.0	2.0	1.0	1.0	0.0	1.0	1.0	1.0	3.0	0.0	1.0	4.0	0.0	0.0	0.0	0.0	5.0	0.0	2.0	4.0	0.0
	3p	+	26	484.0	288.0	270.0	502.0	1544.0	2.0	3.0	1.0	1.0	2.0	3.0	1.0	1.0	3.0	2.0	0.0	0.0	0.0	0.0	0.0	0.0	3.0	0.0	6.0	0.0	0.0
	3p	+	27	444.0	313.0	279.0	510.0	1546.0	1.0	2.0	3.0	0.0	2.0	1.0	1.0	1.0	3.0	1.0	1.0	0.0	0.0	0.0	0.0	0.0	3.0	0.0	2.0	3.0	0.0
	3p	+	28	482.0	301.0	276.0	495.0	1554.0	1.0	2.0	3.0	2.0	2.0	2.0	0.0	0.0	0.0	3.0	0.0	3.0	0.0	0.0	0.0	0.0	0.0	0.0	1.0	0.0	0.0
	3p	+	29	459.0	312.0	314.0	466.0	1551.0	1.0	5.0	2.0	2.0	1.0	0.0	0.0	1.0	0.0	1.0	2.0	1.0	0.0	0.0	0.0	0.0	1.0	0.0	2.0	0.0	0.0
	3p	+	30	502.0	299.0	299.0	449.0	1549.0	2.0	2.0	0.0	0.0	0.0	2.0	0.0	2.0	1.0	3.0	1.0	0.0	0.0	0.0	0.0	0.0	3.0	0.0	1.0	0.0	0.0
	3p	+	31	452.0	235.0	276.0	433.0	1396.0	1.0	0.0	0.0	6.0	0.0	0.0	2.0	0.0	2.0	3.0	1.0	0.0	0.0	0.0	0.0	0.0	2.0	0.0	0.0	0.0	0.0
	3p	+	32	424.0	254.0	211.0	398.0	1287.0	0.0	2.0	1.0	0.0	0.0	0.0	0.0	0.0	1.0	0.0	0.0	1.0	0.0	0.0	0.0	0.0	0.0	0.0	1.0	0.0	0.0
	3p	+	33	420.0	218.0	222.0	365.0	1225.0	1.0	1.0	0.0	1.0	1.0	0.0	0.0	1.0	0.0	1.0	0.0	1.0	0.0	0.0	0.0	0.0	1.0	0.0	0.0	0.0	0.0
	3p	+	34	354.0	213.0	254.0	355.0	1176.0	0.0	0.0	1.0	0.0	0.0	0.0	0.0	0.0	0.0	0.0	1.0	0.0	0.0	0.0	0.0	0.0	1.0	0.0	0.0	0.0	0.0
	3p	+	35	338.0	211.0	212.0	366.0	1127.0	1.0	0.0	1.0	0.0	0.0	0.0	0.0	0.0	0.0	0.0	0.0	0.0	0.0	0.0	0.0	0.0	1.0	0.0	1.0	0.0	0.0
	3p	+	36	339.0	205.0	212.0	338.0	1094.0	0.0	0.0	1.0	1.0	1.0	1.0	1.0	0.0	0.0	0.0	0.0	1.0	0.0	0.0	0.0	0.0	2.0	0.0	0.0	2.0	0.0
	3p	+	37	328.0	189.0	191.0	337.0	1045.0	0.0	0.0	0.0	1.0	0.0	1.0	0.0	1.0	0.0	0.0	0.0	1.0	0.0	0.0	0.0	0.0	2.0	0.0	1.0	0.0	0.0
	3p	+	38	316.0	189.0	175.0	327.0	1007.0	0.0	1.0	0.0	0.0	2.0	0.0	0.0	1.0	0.0	0.0	0.0	1.0	0.0	0.0	0.0	0.0	1.0	0.0	0.0	0.0	0.0
	3p	+	39	310.0	175.0	188.0	277.0	950.0	0.0	1.0	1.0	0.0	0.0	0.0	0.0	0.0	0.0	0.0	0.0	1.0	0.0	0.0	0.0	0.0	0.0	0.0	0.0	1.0	0.0
	3p	+	40	283.0	144.0	184.0	280.0	891.0	1.0	0.0	0.0	0.0	0.0	0.0	0.0	0.0	1.0	2.0	0.0	0.0	0.0	0.0	0.0	0.0	3.0	0.0	0.0	0.0	0.0
	3p	+	41	237.0	181.0	159.0	266.0	843.0	0.0	1.0	1.0	0.0	0.0	0.0	0.0	0.0	0.0	0.0	0.0	1.0	0.0	0.0	0.0	0.0	1.0	0.0	1.0	1.0	0.0
	3p	+	42	262.0	145.0	171.0	228.0	806.0	0.0	0.0	1.0	0.0	0.0	2.0	0.0	0.0	0.0	0.0	0.0	2.0	0.0	0.0	0.0	0.0	0.0	0.0	0.0	0.0	0.0
	3p	+	43	262.0	136.0	135.0	235.0	768.0	0.0	0.0	0.0	0.0	0.0	1.0	0.0	1.0	0.0	1.0	0.0	0.0	0.0	0.0	0.0	0.0	0.0	0.0	0.0	1.0	0.0
	3p	+	44	223.0	147.0	131.0	224.0	725.0	0.0	3.0	0.0	1.0	0.0	0.0	0.0	0.0	0.0	0.0	1.0	0.0	0.0	0.0	0.0	0.0	0.0	0.0	0.0	1.0	0.0
	3p	+	45	209.0	113.0	145.0	202.0	669.0	1.0	0.0	0.0	0.0	0.0	2.0	0.0	1.0	0.0	0.0	0.0	0.0	0.0	0.0	0.0	0.0	1.0	0.0	0.0	1.0	0.0
	3p	+	46	209.0	139.0	105.0	177.0	630.0	0.0	4.0	0.0	0.0	1.0	2.0	0.0	1.0	0.0	2.0	0.0	0.0	0.0	0.0	0.0	0.0	0.0	0.0	0.0	0.0	0.0
	3p	+	47	199.0	123.0	111.0	162.0	595.0	0.0	1.0	2.0	0.0	1.0	1.0	0.0	1.0	0.0	0.0	0.0	1.0	0.0	0.0	0.0	0.0	1.0	0.0	0.0	0.0	0.0
	3p	+	48	150.0	111.0	120.0	178.0	559.0	1.0	2.0	0.0	0.0	0.0	1.0	0.0	1.0	0.0	0.0	0.0	0.0	0.0	0.0	0.0	0.0	0.0	0.0	1.0	0.0	0.0
	3p	+	49	148.0	105.0	111.0	166.0	530.0	0.0	0.0	0.0	0.0	0.0	0.0	0.0	0.0	0.0	2.0	1.0	0.0	0.0	0.0	0.0	0.0	1.0	0.0	0.0	0.0	0.0
	3p	+	50	146.0	88.0	94.0	163.0	491.0	0.0	1.0	0.0	0.0	0.0	0.0	0.0	0.0	0.0	0.0	0.0	0.0	0.0	0.0	0.0	0.0	0.0	0.0	0.0	0.0	0.0
	3p	+	51	148.0	85.0	83.0	135.0	451.0	0.0	1.0	0.0	0.0	0.0	0.0	0.0	0.0	0.0	1.0	0.0	0.0	0.0	0.0	0.0	0.0	2.0	0.0	0.0	0.0	0.0
	3p	+	52	142.0	85.0	66.0	136.0	429.0	0.0	1.0	0.0	0.0	0.0	0.0	0.0	0.0	0.0	2.0	0.0	0.0	0.0	0.0	0.0	0.0	1.0	0.0	2.0	0.0	0.0
	3p	+	53	120.0	80.0	73.0	130.0	403.0	1.0	0.0	0.0	0.0	0.0	0.0	0.0	0.0	0.0	0.0	0.0	1.0	0.0	0.0	0.0	0.0	1.0	0.0	1.0	0.0	0.0
	3p	+	54	101.0	72.0	84.0	118.0	375.0	1.0	0.0	0.0	0.0	1.0	0.0	0.0	0.0	0.0	0.0	0.0	1.0	0.0	0.0	0.0	0.0	0.0	0.0	1.0	0.0	0.0
	3p	+	55	107.0	61.0	53.0	122.0	343.0	0.0	1.0	0.0	0.0	0.0	0.0	0.0	0.0	0.0	0.0	0.0	0.0	0.0	0.0	0.0	0.0	0.0	0.0	0.0	0.0	0.0
	3p	+	56	107.0	60.0	58.0	89.0	314.0	0.0	1.0	0.0	1.0	0.0	0.0	0.0	0.0	0.0	0.0	0.0	0.0	0.0	0.0	0.0	0.0	1.0	0.0	1.0	0.0	0.0
	3p	+	57	89.0	51.0	59.0	95.0	294.0	0.0	1.0	0.0	0.0	0.0	0.0	0.0	0.0	0.0	0.0	1.0	1.0	0.0	0.0	0.0	0.0	0.0	0.0	1.0	0.0	0.0
	3p	+	58	72.0	52.0	61.0	92.0	277.0	1.0	1.0	0.0	0.0	0.0	0.0	0.0	0.0	0.0	1.0	0.0	0.0	0.0	0.0	0.0	0.0	0.0	0.0	0.0	0.0	0.0
	3p	+	59	91.0	47.0	55.0	67.0	260.0	0.0	0.0	0.0	0.0	1.0	0.0	0.0	0.0	0.0	0.0	0.0	0.0	0.0	0.0	0.0	0.0	0.0	0.0	0.0	0.0	0.0
	3p	+	60	85.0	37.0	48.0	72.0	242.0	0.0	0.0	0.0	0.0	0.0	0.0	0.0	0.0	0.0	0.0	1.0	0.0	0.0	0.0	0.0	0.0	0.0	0.0	0.0	0.0	0.0
	3p	+	61	66.0	45.0	47.0	65.0	223.0	1.0	0.0	0.0	0.0	0.0	1.0	0.0	0.0	0.0	0.0	0.0	0.0	0.0	0.0	0.0	0.0	0.0	0.0	0.0	0.0	0.0
	3p	+	62	63.0	37.0	45.0	63.0	208.0	0.0	0.0	0.0	0.0	0.0	0.0	0.0	0.0	0.0	0.0	0.0	0.0	0.0	0.0	0.0	0.0	0.0	0.0	0.0	0.0	0.0
	3p	+	63	66.0	32.0	35.0	55.0	188.0	0.0	1.0	0.0	0.0	0.0	0.0	0.0	0.0	0.0	1.0	0.0	0.0	0.0	0.0	0.0	0.0	0.0	0.0	0.0	0.0	0.0
	3p	+	64	52.0	42.0	28.0	53.0	175.0	0.0	0.0	0.0	0.0	0.0	0.0	0.0	0.0	0.0	0.0	0.0	0.0	0.0	0.0	0.0	0.0	0.0	0.0	0.0	0.0	0.0
	3p	+	65	48.0	33.0	40.0	46.0	167.0	0.0	0.0	0.0	0.0	0.0	0.0	0.0	0.0	0.0	0.0	0.0	0.0	0.0	0.0	0.0	0.0	0.0	0.0	0.0	0.0	0.0
	3p	+	66	50.0	27.0	28.0	51.0	156.0	0.0	0.0	0.0	0.0	0.0	0.0	0.0	0.0	0.0	0.0	0.0	0.0	0.0	0.0	0.0	0.0	0.0	0.0	0.0	0.0	0.0
	3p	+	67	39.0	23.0	27.0	52.0	141.0	0.0	0.0	0.0	0.0	0.0	0.0	0.0	0.0	0.0	0.0	0.0	0.0	0.0	0.0	0.0	0.0	0.0	0.0	0.0	0.0	0.0
	3p	+	68	39.0	25.0	29.0	39.0	132.0	0.0	0.0	0.0	0.0	0.0	0.0	0.0	0.0	0.0	0.0	0.0	0.0	0.0	0.0	0.0	0.0	0.0	0.0	0.0	0.0	0.0
	3p	+	69	38.0	26.0	27.0	29.0	120.0	0.0	1.0	0.0	0.0	0.0	0.0	0.0	0.0	0.0	0.0	0.0	0.0	0.0	0.0	0.0	0.0	0.0	0.0	1.0	0.0	0.0
	3p	+	70	38.0	10.0	23.0	40.0	111.0	0.0	0.0	0.0	0.0	0.0	0.0	0.0	0.0	0.0	0.0	0.0	0.0	0.0	0.0	0.0	0.0	0.0	0.0	0.0	0.0	0.0
	3p	+	71	30.0	27.0	18.0	25.0	100.0	0.0	1.0	1.0	0.0	0.0	0.0	0.0	0.0	0.0	0.0	0.0	0.0	0.0	0.0	0.0	0.0	1.0	0.0	0.0	0.0	0.0
	3p	+	72	32.0	16.0	18.0	28.0	94.0	1.0	0.0	0.0	0.0	0.0	0.0	0.0	1.0	0.0	0.0	0.0	0.0	0.0	0.0	0.0	0.0	0.0	0.0	0.0	0.0	0.0
	3p	+	73	26.0	18.0	16.0	25.0	85.0	0.0	0.0	0.0	0.0	0.0	0.0	0.0	0.0	0.0	0.0	0.0	0.0	0.0	0.0	0.0	0.0	0.0	0.0	0.0	0.0	0.0
	3p	+	74	14.0	19.0	19.0	27.0	79.0	1.0	0.0	0.0	0.0	1.0	0.0	0.0	0.0	0.0	0.0	0.0	0.0	0.0	0.0	0.0	0.0	0.0	0.0	0.0	0.0	0.0
	3p	+	75	22.0	12.0	12.0	25.0	71.0	0.0	1.0	0.0	0.0	0.0	0.0	0.0	0.0	0.0	0.0	0.0	0.0	0.0	0.0	0.0	0.0	0.0	0.0	0.0	0.0	0.0
	3p	+	76	18.0	12.0	11.0	23.0	64.0	0.0	0.0	0.0	0.0	0.0	0.0	0.0	0.0	0.0	0.0	0.0	0.0	0.0	0.0	0.0	0.0	0.0	0.0	0.0	0.0	0.0
	3p	+	77	19.0	4.0	20.0	15.0	58.0	0.0	0.0	0.0	0.0	0.0	0.0	0.0	0.0	0.0	0.0	0.0	2.0	0.0	0.0	0.0	0.0	0.0	0.0	0.0	0.0	0.0
	3p	+	78	19.0	9.0	12.0	14.0	54.0	0.0	0.0	0.0	0.0	0.0	0.0	0.0	0.0	0.0	0.0	0.0	0.0	0.0	0.0	0.0	0.0	0.0	0.0	0.0	0.0	0.0
	3p	+	79	11.0	10.0	13.0	14.0	48.0	0.0	0.0	0.0	0.0	0.0	0.0	0.0	0.0	0.0	0.0	0.0	0.0	0.0	0.0	0.0	0.0	0.0	0.0	0.0	0.0	0.0
	3p	+	80	17.0	5.0	10.0	12.0	44.0	0.0	0.0	0.0	0.0	0.0	0.0	0.0	0.0	0.0	0.0	0.0	0.0	0.0	0.0	0.0	0.0	0.0	0.0	0.0	0.0	0.0
	3p	+	81	9.0	9.0	12.0	10.0	40.0	0.0	0.0	0.0	0.0	0.0	0.0	1.0	0.0	0.0	0.0	0.0	0.0	0.0	0.0	0.0	0.0	0.0	0.0	0.0	0.0	0.0
	3p	+	82	7.0	9.0	6.0	10.0	32.0	0.0	0.0	0.0	0.0	0.0	0.0	0.0	0.0	0.0	0.0	0.0	0.0	0.0	0.0	0.0	0.0	0.0	0.0	0.0	0.0	0.0
	3p	+	83	10.0	4.0	7.0	5.0	26.0	0.0	0.0	0.0	0.0	0.0	0.0	0.0	1.0	0.0	0.0	0.0	0.0	0.0	0.0	0.0	0.0	0.0	0.0	0.0	0.0	0.0
	3p	+	84	7.0	5.0	4.0	6.0	22.0	0.0	0.0	0.0	0.0	0.0	0.0	0.0	0.0	0.0	0.0	0.0	0.0	0.0	0.0	0.0	0.0	0.0	0.0	0.0	0.0	0.0
	3p	+	85	7.0	3.0	2.0	3.0	15.0	0.0	0.0	0.0	0.0	0.0	0.0	0.0	0.0	0.0	0.0	0.0	0.0	0.0	0.0	0.0	0.0	0.0	0.0	0.0	0.0	0.0
	3p	+	86	3.0	3.0	4.0	4.0	14.0	0.0	0.0	0.0	0.0	0.0	0.0	0.0	0.0	0.0	0.0	0.0	0.0	0.0	0.0	0.0	0.0	0.0	0.0	0.0	0.0	0.0
	3p	+	87	7.0	1.0	4.0	1.0	13.0	0.0	0.0	0.0	0.0	0.0	0.0	0.0	0.0	0.0	0.0	0.0	0.0	0.0	0.0	0.0	0.0	0.0	0.0	0.0	0.0	0.0
	3p	+	88	1.0	5.0	1.0	2.0	9.0	0.0	0.0	0.0	0.0	0.0	0.0	0.0	0.0	0.0	0.0	0.0	0.0	0.0	0.0	0.0	0.0	0.0	0.0	0.0	0.0	0.0
	3p	+	89	1.0	3.0	1.0	3.0	8.0	0.0	0.0	0.0	0.0	0.0	0.0	0.0	0.0	0.0	0.0	0.0	0.0	0.0	0.0	0.0	0.0	0.0	0.0	0.0	0.0	0.0
	3p	+	90	1.0	1.0	2.0	3.0	7.0	0.0	0.0	0.0	0.0	0.0	0.0	0.0	0.0	0.0	0.0	0.0	0.0	0.0	0.0	0.0	0.0	0.0	0.0	0.0	0.0	0.0
	3p	+	91	2.0	2.0	0.0	1.0	5.0	0.0	0.0	0.0	0.0	0.0	0.0	0.0	0.0	0.0	0.0	0.0	0.0	0.0	0.0	0.0	0.0	0.0	0.0	0.0	0.0	0.0
	3p	+	92	0.0	0.0	0.0	0.0	0.0	0.0	0.0	0.0	0.0	0.0	0.0	0.0	0.0	0.0	0.0	0.0	0.0	0.0	0.0	0.0	0.0	0.0	0.0	0.0	0.0	0.0
	3p	+	93	0.0	0.0	0.0	0.0	0.0	0.0	0.0	0.0	0.0	0.0	0.0	0.0	0.0	0.0	0.0	0.0	0.0	0.0	0.0	0.0	0.0	0.0	0.0	0.0	0.0	0.0
	3p	+	94	0.0	0.0	0.0	0.0	0.0	0.0	0.0	0.0	0.0	0.0	0.0	0.0	0.0	0.0	0.0	0.0	0.0	0.0	0.0	0.0	0.0	0.0	0.0	0.0	0.0	0.0
	3p	+	95	0.0	0.0	0.0	0.0	0.0	0.0	0.0	0.0	0.0	0.0	0.0	0.0	0.0	0.0	0.0	0.0	0.0	0.0	0.0	0.0	0.0	0.0	0.0	0.0	0.0	0.0
	3p	+	96	0.0	0.0	0.0	0.0	0.0	0.0	0.0	0.0	0.0	0.0	0.0	0.0	0.0	0.0	0.0	0.0	0.0	0.0	0.0	0.0	0.0	0.0	0.0	0.0	0.0	0.0
	3p	+	97	0.0	0.0	0.0	0.0	0.0	0.0	0.0	0.0	0.0	0.0	0.0	0.0	0.0	0.0	0.0	0.0	0.0	0.0	0.0	0.0	0.0	0.0	0.0	0.0	0.0	0.0
	3p	+	98	0.0	0.0	0.0	0.0	0.0	0.0	0.0	0.0	0.0	0.0	0.0	0.0	0.0	0.0	0.0	0.0	0.0	0.0	0.0	0.0	0.0	0.0	0.0	0.0	0.0	0.0
	3p	+	99	0.0	0.0	0.0	0.0	0.0	0.0	0.0	0.0	0.0	0.0	0.0	0.0	0.0	0.0	0.0	0.0	0.0	0.0	0.0	0.0	0.0	0.0	0.0	0.0	0.0	0.0
	3p	+	100	0.0	0.0	0.0	0.0	0.0	0.0	0.0	0.0	0.0	0.0	0.0	0.0	0.0	0.0	0.0	0.0	0.0	0.0	0.0	0.0	0.0	0.0	0.0	0.0	0.0	0.0
	3p	-	1	597.0	221.0	170.0	473.0	1461.0	0.0	52.0	2.0	2.0	0.0	3.0	2.0	1.0	1.0	2.0	1.0	4.00.0	0.0	0.0	0.0	0.0	0.0	0.0	0.0	0.0
	3p	-	2	499.0	313.0	224.0	424.0	1460.0	1.0	23.0	4.0	3.0	3.0	1.0	1.0	1.0	0.0	5.0	2.0	3.00.0	0.0	0.0	0.0	1.0	0.0	0.0	0.0	0.0
	3p	-	3	518.0	269.0	231.0	447.0	1465.0	2.0	4.0	1.0	0.0	1.0	2.0	1.0	1.0	0.0	4.0	0.0	1.00.0	0.0	0.0	0.0	0.0	0.0	0.0	0.0	0.0
	3p	-	4	487.0	282.0	250.0	446.0	1465.0	0.0	2.0	2.0	1.0	1.0	0.0	0.0	2.0	1.0	2.0	1.0	1.00.0	0.0	0.0	0.0	1.0	0.0	1.0	1.0	0.0
	3p	-	5	508.0	294.0	234.0	432.0	1468.0	1.0	7.0	3.0	2.0	4.0	2.0	0.0	1.0	1.0	2.0	1.0	2.00.0	0.0	0.0	0.0	1.0	0.0	1.0	0.0	0.0
	3p	-	6	481.0	285.0	246.0	456.0	1468.0	1.0	1.0	1.0	2.0	1.0	2.0	2.0	3.0	1.0	3.0	2.0	0.00.0	0.0	0.0	0.0	2.0	0.0	1.0	0.0	0.0
	3p	-	7	513.0	269.0	263.0	421.0	1466.0	0.0	3.0	2.0	1.0	1.0	4.0	0.0	2.0	1.0	0.0	1.0	1.00.0	0.0	0.0	0.0	2.0	0.0	2.0	1.0	0.0
	3p	-	8	484.0	265.0	259.0	462.0	1470.0	0.0	2.0	2.0	4.0	1.0	1.0	1.0	2.0	0.0	1.0	1.0	1.00.0	0.0	0.0	0.0	1.0	0.0	2.0	2.0	0.0
	3p	-	9	476.0	269.0	281.0	435.0	1461.0	2.0	3.0	4.0	1.0	0.0	2.0	1.0	0.0	1.0	0.0	2.0	1.00.0	0.0	0.0	0.0	5.0	0.0	0.0	7.0	0.0
	3p	-	10	433.0	275.0	286.0	471.0	1465.0	1.0	0.0	2.0	1.0	2.0	2.0	2.0	1.0	1.0	0.0	2.0	2.00.0	0.0	0.0	0.0	4.0	0.0	2.0	0.0	0.0
	3p	-	11	441.0	288.0	264.0	467.0	1460.0	0.0	0.0	1.0	1.0	1.0	1.0	0.0	1.0	1.0	0.0	2.0	0.00.0	0.0	0.0	0.0	4.0	0.0	3.0	3.0	0.0
	3p	-	12	451.0	287.0	265.0	456.0	1459.0	3.0	3.0	1.0	6.0	0.0	1.0	0.0	1.0	0.0	1.0	0.0	2.00.0	0.0	0.0	0.0	5.0	0.0	3.0	3.0	0.0
	3p	-	13	481.0	282.0	224.0	473.0	1460.0	3.0	1.0	1.0	3.0	0.0	1.0	0.0	0.0	0.0	0.0	1.0	1.00.0	0.0	0.0	0.0	6.0	0.0	2.0	1.0	0.0
	3p	-	14	467.0	283.0	241.0	463.0	1454.0	2.0	0.0	1.0	1.0	1.0	0.0	0.0	0.0	1.0	0.0	0.0	0.00.0	0.0	0.0	0.0	6.0	0.0	2.0	2.0	0.0
	3p	-	15	480.0	279.0	260.0	434.0	1453.0	2.0	1.0	2.0	0.0	0.0	2.0	0.0	0.0	1.0	0.0	1.0	2.00.0	0.0	0.0	0.0	7.0	0.0	1.0	4.0	0.0
	3p	-	16	445.0	276.0	271.0	464.0	1456.0	0.0	0.0	1.0	0.0	1.0	1.0	0.0	2.0	0.0	2.0	1.0	3.00.0	0.0	0.0	0.0	1.0	0.0	7.0	2.0	0.0
	3p	-	17	423.0	280.0	290.0	462.0	1455.0	1.0	0.0	0.0	1.0	0.0	0.0	2.0	1.0	1.0	1.0	0.0	0.00.0	0.0	0.0	0.0	5.0	0.0	5.0	3.0	0.0
	3p	-	18	474.0	275.0	283.0	427.0	1459.0	0.0	2.0	4.0	3.0	0.0	0.0	1.0	2.0	0.0	0.0	1.0	2.00.0	0.0	0.0	0.0	5.0	0.0	7.0	3.0	0.0
	3p	-	19	471.0	284.0	253.0	454.0	1462.0	1.0	0.0	0.0	2.0	2.0	0.0	0.0	0.0	2.0	2.0	2.0	0.00.0	0.0	0.0	0.0	3.0	0.0	0.0	2.0	0.0
	3p	-	20	450.0	280.0	263.0	469.0	1462.0	1.0	0.0	0.0	1.0	1.0	2.0	0.0	2.0	5.0	4.0	1.0	0.00.0	0.0	0.0	0.0	0.0	0.0	3.0	1.0	0.0
	3p	-	21	468.0	274.0	249.0	476.0	1467.0	1.0	2.0	0.0	0.0	3.0	2.0	0.0	2.0	2.0	1.0	1.0	4.00.0	0.0	0.0	0.0	1.0	0.0	2.0	2.0	0.0
	3p	-	22	438.0	283.0	269.0	469.0	1459.0	2.0	1.0	2.0	2.0	1.0	0.0	1.0	2.0	1.0	0.0	1.0	2.00.0	0.0	0.0	0.0	5.0	0.0	6.0	3.0	0.0
	3p	-	23	500.0	260.0	244.0	451.0	1455.0	1.0	0.0	0.0	1.0	0.0	0.0	0.0	1.0	3.0	1.0	2.0	0.00.0	0.0	0.0	0.0	3.0	0.0	6.0	2.0	0.0
	3p	-	24	502.0	295.0	270.0	397.0	1464.0	0.0	2.0	2.0	0.0	1.0	2.0	0.0	0.0	0.0	0.0	1.0	1.00.0	0.0	0.0	0.0	2.0	0.0	1.0	3.0	0.0
	3p	-	25	481.0	278.0	283.0	421.0	1463.0	0.0	3.0	0.0	1.0	2.0	0.0	1.0	0.0	0.0	2.0	0.0	0.00.0	0.0	0.0	0.0	1.0	0.0	4.0	4.0	0.0
	3p	-	26	463.0	269.0	268.0	458.0	1458.0	1.0	1.0	2.0	0.0	0.0	3.0	2.0	0.0	1.0	0.0	2.0	1.00.0	0.0	0.0	0.0	4.0	0.0	7.0	4.0	0.0
	3p	-	27	490.0	266.0	272.0	435.0	1463.0	1.0	1.0	0.0	1.0	2.0	2.0	0.0	1.0	3.0	1.0	1.0	1.00.0	0.0	0.0	0.0	3.0	0.0	1.0	3.0	0.0
	3p	-	28	445.0	283.0	283.0	457.0	1468.0	4.0	0.0	0.0	1.0	1.0	3.0	1.0	0.0	3.0	3.0	0.0	2.00.0	0.0	0.0	0.0	2.0	0.0	1.0	1.0	0.0
	3p	-	29	463.0	286.0	281.0	443.0	1473.0	0.0	2.0	2.0	2.0	1.0	1.0	0.0	2.0	1.0	0.0	0.0	0.00.0	0.0	0.0	0.0	0.0	0.0	1.0	0.0	0.0
	3p	-	30	465.0	268.0	285.0	456.0	1474.0	1.0	1.0	0.0	1.0	3.0	0.0	1.0	0.0	0.0	1.0	2.0	0.00.0	0.0	0.0	0.0	0.0	0.0	0.0	1.0	0.0
	3p	-	31	388.0	261.0	275.0	405.0	1329.0	1.0	3.0	1.0	0.0	0.0	0.0	0.0	0.0	0.0	2.0	0.0	1.00.0	0.0	0.0	0.0	0.0	0.0	1.0	1.0	0.0
	3p	-	32	391.0	233.0	246.0	386.0	1256.0	0.0	3.0	0.0	2.0	0.0	1.0	1.0	2.0	2.0	0.0	1.0	1.00.0	0.0	0.0	0.0	2.0	0.0	0.0	1.0	0.0
	3p	-	33	390.0	238.0	198.0	375.0	1201.0	0.0	0.0	0.0	0.0	0.0	1.0	1.0	0.0	0.0	0.0	1.0	0.00.0	0.0	0.0	0.0	3.0	0.0	0.0	0.0	0.0
	3p	-	34	363.0	230.0	185.0	371.0	1149.0	1.0	2.0	2.0	0.0	1.0	0.0	0.0	0.0	0.0	3.0	0.0	0.00.0	0.0	0.0	0.0	0.0	0.0	1.0	1.0	0.0
	3p	-	35	369.0	201.0	229.0	310.0	1109.0	0.0	2.0	2.0	1.0	1.0	1.0	0.0	0.0	1.0	0.0	0.0	2.00.0	0.0	0.0	0.0	1.0	0.0	0.0	0.0	0.0
	3p	-	36	326.0	203.0	223.0	308.0	1060.0	1.0	2.0	1.0	0.0	0.0	0.0	1.0	0.0	0.0	2.0	0.0	1.00.0	0.0	0.0	0.0	1.0	0.0	0.0	0.0	0.0
	3p	-	37	311.0	202.0	180.0	303.0	996.0	1.0	0.0	0.0	1.0	0.0	0.0	0.0	0.0	0.0	0.0	0.0	1.00.0	0.0	0.0	0.0	0.0	0.0	0.0	1.0	0.0
	3p	-	38	306.0	184.0	181.0	296.0	967.0	0.0	0.0	1.0	0.0	0.0	1.0	0.0	0.0	0.0	0.0	0.0	0.00.0	0.0	0.0	0.0	0.0	0.0	0.0	1.0	0.0
	3p	-	39	306.0	190.0	165.0	257.0	918.0	0.0	1.0	1.0	0.0	0.0	0.0	1.0	2.0	0.0	1.0	0.0	0.00.0	0.0	0.0	0.0	0.0	0.0	0.0	0.0	0.0
	3p	-	40	293.0	172.0	139.0	276.0	880.0	0.0	1.0	0.0	0.0	0.0	0.0	1.0	0.0	0.0	0.0	0.0	0.00.0	0.0	0.0	0.0	0.0	0.0	0.0	1.0	0.0
	3p	-	41	253.0	164.0	168.0	248.0	833.0	0.0	1.0	0.0	0.0	1.0	0.0	0.0	0.0	1.0	0.0	0.0	1.00.0	0.0	0.0	0.0	1.0	0.0	0.0	0.0	0.0
	3p	-	42	269.0	146.0	133.0	246.0	794.0	0.0	2.0	1.0	0.0	0.0	0.0	1.0	0.0	1.0	0.0	0.0	1.00.0	0.0	0.0	0.0	0.0	0.0	1.0	0.0	0.0
	3p	-	43	229.0	139.0	139.0	244.0	751.0	0.0	0.0	0.0	0.0	1.0	1.0	0.0	0.0	0.0	1.0	0.0	0.00.0	0.0	0.0	0.0	0.0	0.0	0.0	0.0	0.0
	3p	-	44	226.0	114.0	133.0	224.0	697.0	0.0	0.0	2.0	0.0	0.0	0.0	0.0	0.0	0.0	0.0	0.0	0.00.0	0.0	0.0	0.0	1.0	0.0	0.0	0.0	0.0
	3p	-	45	211.0	110.0	114.0	217.0	652.0	2.0	0.0	0.0	0.0	0.0	1.0	0.0	0.0	1.0	0.0	0.0	0.00.0	0.0	0.0	0.0	0.0	0.0	0.0	0.0	0.0
	3p	-	46	197.0	119.0	117.0	182.0	615.0	0.0	0.0	1.0	0.0	0.0	0.0	0.0	0.0	0.0	0.0	0.0	0.00.0	0.0	0.0	0.0	0.0	0.0	0.0	0.0	0.0
	3p	-	47	165.0	96.0	113.0	199.0	573.0	0.0	3.0	0.0	0.0	1.0	0.0	0.0	1.0	1.0	1.0	0.0	1.00.0	0.0	0.0	0.0	1.0	0.0	0.0	1.0	0.0
	3p	-	48	162.0	106.0	104.0	170.0	542.0	0.0	0.0	0.0	0.0	1.0	2.0	0.0	0.0	0.0	0.0	0.0	0.00.0	0.0	0.0	0.0	0.0	0.0	0.0	0.0	0.0
	3p	-	49	154.0	110.0	100.0	145.0	509.0	1.0	1.0	0.0	0.0	0.0	0.0	0.0	0.0	0.0	0.0	0.0	1.00.0	0.0	0.0	0.0	0.0	0.0	0.0	0.0	0.0
	3p	-	50	146.0	96.0	82.0	155.0	479.0	0.0	1.0	1.0	0.0	0.0	0.0	0.0	0.0	0.0	0.0	0.0	0.00.0	0.0	0.0	0.0	1.0	0.0	0.0	0.0	0.0
	3p	-	51	153.0	81.0	87.0	137.0	458.0	0.0	1.0	0.0	0.0	0.0	0.0	0.0	0.0	0.0	1.0	0.0	1.00.0	0.0	0.0	0.0	0.0	0.0	0.0	0.0	0.0
	3p	-	52	101.0	71.0	100.0	146.0	418.0	1.0	0.0	1.0	0.0	0.0	0.0	0.0	0.0	0.0	0.0	0.0	1.00.0	0.0	0.0	0.0	0.0	0.0	0.0	0.0	0.0
	3p	-	53	136.0	63.0	60.0	135.0	394.0	0.0	0.0	0.0	2.0	0.0	0.0	0.0	0.0	1.0	2.0	0.0	0.00.0	0.0	0.0	0.0	0.0	0.0	0.0	0.0	0.0
	3p	-	54	113.0	70.0	73.0	111.0	367.0	0.0	0.0	1.0	0.0	0.0	0.0	0.0	0.0	0.0	0.0	0.0	0.00.0	0.0	0.0	0.0	1.0	0.0	0.0	0.0	0.0
	3p	-	55	120.0	49.0	55.0	121.0	345.0	0.0	1.0	0.0	0.0	0.0	0.0	0.0	0.0	0.0	0.0	0.0	0.00.0	0.0	0.0	0.0	0.0	0.0	0.0	0.0	0.0
	3p	-	56	94.0	58.0	63.0	99.0	314.0	0.0	0.0	0.0	0.0	0.0	0.0	0.0	0.0	0.0	0.0	0.0	1.00.0	0.0	0.0	0.0	0.0	0.0	0.0	0.0	0.0
	3p	-	57	99.0	55.0	39.0	93.0	286.0	0.0	0.0	0.0	0.0	0.0	0.0	0.0	0.0	0.0	0.0	0.0	0.00.0	0.0	0.0	0.0	0.0	0.0	0.0	0.0	0.0
	3p	-	58	99.0	46.0	41.0	84.0	270.0	0.0	0.0	0.0	1.0	0.0	0.0	0.0	0.0	0.0	0.0	0.0	0.00.0	0.0	0.0	0.0	1.0	0.0	0.0	0.0	0.0
	3p	-	59	77.0	47.0	50.0	85.0	259.0	0.0	1.0	0.0	1.0	0.0	0.0	0.0	0.0	0.0	1.0	0.0	0.00.0	0.0	0.0	0.0	1.0	0.0	0.0	0.0	0.0
	3p	-	60	78.0	41.0	52.0	68.0	239.0	0.0	0.0	0.0	1.0	0.0	0.0	0.0	0.0	0.0	1.0	0.0	1.00.0	0.0	0.0	0.0	0.0	0.0	0.0	0.0	0.0
	3p	-	61	81.0	38.0	34.0	64.0	217.0	0.0	0.0	0.0	1.0	0.0	1.0	0.0	0.0	1.0	1.0	0.0	0.00.0	0.0	0.0	0.0	0.0	0.0	0.0	0.0	0.0
	3p	-	62	60.0	39.0	47.0	51.0	197.0	0.0	0.0	0.0	0.0	0.0	0.0	0.0	0.0	0.0	0.0	1.0	1.00.0	0.0	0.0	0.0	0.0	0.0	0.0	0.0	0.0
	3p	-	63	44.0	37.0	40.0	58.0	179.0	0.0	0.0	0.0	0.0	0.0	0.0	0.0	0.0	0.0	0.0	0.0	0.00.0	0.0	0.0	0.0	0.0	0.0	0.0	0.0	0.0
	3p	-	64	46.0	36.0	21.0	62.0	165.0	1.0	0.0	1.0	0.0	0.0	0.0	1.0	0.0	1.0	0.0	0.0	0.00.0	0.0	0.0	0.0	0.0	0.0	0.0	0.0	0.0
	3p	-	65	45.0	34.0	24.0	53.0	156.0	1.0	0.0	0.0	0.0	0.0	0.0	0.0	0.0	0.0	0.0	0.0	0.00.0	0.0	0.0	0.0	0.0	0.0	0.0	0.0	0.0
	3p	-	66	46.0	28.0	26.0	42.0	142.0	0.0	0.0	0.0	0.0	0.0	0.0	0.0	0.0	0.0	0.0	0.0	1.00.0	0.0	0.0	0.0	0.0	0.0	0.0	0.0	0.0
	3p	-	67	57.0	25.0	20.0	28.0	130.0	0.0	0.0	0.0	0.0	0.0	0.0	0.0	0.0	0.0	0.0	0.0	1.00.0	0.0	0.0	0.0	0.0	0.0	0.0	0.0	0.0
	3p	-	68	33.0	23.0	29.0	41.0	126.0	0.0	0.0	0.0	0.0	0.0	0.0	0.0	0.0	0.0	0.0	0.0	0.00.0	0.0	0.0	0.0	0.0	0.0	0.0	0.0	0.0
	3p	-	69	37.0	25.0	21.0	32.0	115.0	0.0	0.0	0.0	0.0	0.0	0.0	0.0	0.0	0.0	0.0	0.0	0.00.0	0.0	0.0	0.0	0.0	0.0	0.0	0.0	0.0
	3p	-	70	29.0	19.0	26.0	31.0	105.0	0.0	0.0	0.0	0.0	0.0	0.0	0.0	0.0	0.0	0.0	0.0	0.00.0	0.0	0.0	0.0	0.0	0.0	0.0	0.0	0.0
	3p	-	71	27.0	16.0	15.0	40.0	98.0	0.0	0.0	0.0	0.0	0.0	0.0	0.0	0.0	0.0	0.0	0.0	0.00.0	0.0	0.0	0.0	0.0	0.0	0.0	0.0	0.0
	3p	-	72	19.0	21.0	16.0	36.0	92.0	0.0	0.0	0.0	0.0	0.0	0.0	0.0	0.0	0.0	0.0	0.0	1.00.0	0.0	0.0	0.0	0.0	0.0	0.0	0.0	0.0
	3p	-	73	28.0	14.0	16.0	27.0	85.0	0.0	0.0	0.0	0.0	0.0	0.0	0.0	0.0	0.0	0.0	0.0	0.00.0	0.0	0.0	0.0	0.0	0.0	0.0	0.0	0.0
	3p	-	74	20.0	15.0	19.0	28.0	82.0	0.0	1.0	0.0	0.0	0.0	0.0	0.0	0.0	0.0	0.0	0.0	0.00.0	0.0	0.0	0.0	0.0	0.0	0.0	0.0	0.0
	3p	-	75	24.0	14.0	15.0	22.0	75.0	0.0	0.0	0.0	0.0	0.0	0.0	0.0	0.0	0.0	0.0	0.0	0.00.0	0.0	0.0	0.0	0.0	0.0	0.0	0.0	0.0
	3p	-	76	17.0	14.0	16.0	18.0	65.0	0.0	0.0	0.0	0.0	0.0	0.0	0.0	0.0	0.0	0.0	0.0	0.00.0	0.0	0.0	0.0	0.0	0.0	0.0	0.0	0.0
	3p	-	77	16.0	12.0	10.0	21.0	59.0	0.0	0.0	0.0	0.0	0.0	0.0	0.0	0.0	0.0	0.0	0.0	0.00.0	0.0	0.0	0.0	0.0	0.0	0.0	0.0	0.0
	3p	-	78	24.0	8.0	8.0	16.0	56.0	1.0	0.0	0.0	0.0	0.0	0.0	0.0	0.0	0.0	0.0	0.0	0.00.0	0.0	0.0	0.0	0.0	0.0	0.0	0.0	0.0
	3p	-	79	13.0	13.0	9.0	17.0	52.0	0.0	0.0	0.0	0.0	0.0	0.0	0.0	0.0	1.0	0.0	0.0	0.00.0	0.0	0.0	0.0	0.0	0.0	0.0	0.0	0.0
	3p	-	80	12.0	7.0	7.0	23.0	49.0	1.0	0.0	0.0	0.0	0.0	0.0	0.0	0.0	0.0	0.0	0.0	0.00.0	0.0	0.0	0.0	0.0	0.0	0.0	0.0	0.0
	3p	-	81	11.0	10.0	8.0	15.0	44.0	0.0	0.0	0.0	0.0	0.0	0.0	0.0	0.0	0.0	0.0	0.0	0.00.0	0.0	0.0	0.0	0.0	0.0	0.0	0.0	0.0
	3p	-	82	8.0	9.0	11.0	12.0	40.0	0.0	0.0	0.0	0.0	0.0	1.0	1.0	0.0	0.0	0.0	0.0	0.00.0	0.0	0.0	0.0	0.0	0.0	0.0	0.0	0.0
	3p	-	83	11.0	6.0	10.0	12.0	39.0	0.0	0.0	0.0	0.0	1.0	0.0	0.0	1.0	0.0	0.0	0.0	0.00.0	0.0	0.0	0.0	0.0	0.0	0.0	0.0	0.0
	3p	-	84	7.0	6.0	7.0	14.0	34.0	1.0	1.0	0.0	0.0	0.0	0.0	0.0	0.0	0.0	1.0	0.0	0.00.0	0.0	0.0	0.0	0.0	0.0	0.0	0.0	0.0
	3p	-	85	9.0	3.0	5.0	8.0	25.0	0.0	0.0	0.0	0.0	0.0	0.0	0.0	0.0	0.0	0.0	0.0	1.00.0	0.0	0.0	0.0	0.0	0.0	0.0	0.0	0.0
	3p	-	86	7.0	8.0	2.0	8.0	25.0	0.0	0.0	0.0	0.0	0.0	0.0	0.0	0.0	0.0	0.0	0.0	0.00.0	0.0	0.0	0.0	0.0	0.0	0.0	0.0	0.0
	3p	-	87	7.0	2.0	6.0	5.0	20.0	0.0	0.0	0.0	0.0	0.0	0.0	0.0	0.0	0.0	0.0	0.0	0.00.0	0.0	0.0	0.0	0.0	0.0	0.0	0.0	0.0
	3p	-	88	4.0	3.0	3.0	3.0	13.0	0.0	0.0	0.0	0.0	0.0	0.0	0.0	0.0	0.0	0.0	0.0	0.00.0	0.0	0.0	0.0	0.0	0.0	0.0	0.0	0.0
	3p	-	89	3.0	0.0	3.0	5.0	11.0	0.0	0.0	0.0	0.0	0.0	0.0	0.0	0.0	0.0	0.0	0.0	0.00.0	0.0	0.0	0.0	0.0	0.0	0.0	0.0	0.0
	3p	-	90	1.0	1.0	3.0	3.0	8.0	0.0	0.0	0.0	0.0	0.0	0.0	0.0	0.0	0.0	0.0	0.0	0.00.0	0.0	0.0	0.0	0.0	0.0	0.0	0.0	0.0
	3p	-	91	1.0	0.0	0.0	2.0	3.0	0.0	0.0	0.0	0.0	0.0	0.0	0.0	0.0	0.0	0.0	0.0	0.00.0	0.0	0.0	0.0	0.0	0.0	0.0	0.0	0.0
	3p	-	92	0.0	0.0	0.0	0.0	0.0	0.0	0.0	0.0	0.0	0.0	0.0	0.0	0.0	0.0	0.0	0.0	0.00.0	0.0	0.0	0.0	0.0	0.0	0.0	0.0	0.0
	3p	-	93	0.0	0.0	0.0	0.0	0.0	0.0	0.0	0.0	0.0	0.0	0.0	0.0	0.0	0.0	0.0	0.0	0.00.0	0.0	0.0	0.0	0.0	0.0	0.0	0.0	0.0
	3p	-	94	0.0	0.0	0.0	0.0	0.0	0.0	0.0	0.0	0.0	0.0	0.0	0.0	0.0	0.0	0.0	0.0	0.00.0	0.0	0.0	0.0	0.0	0.0	0.0	0.0	0.0
	3p	-	95	0.0	0.0	0.0	0.0	0.0	0.0	0.0	0.0	0.0	0.0	0.0	0.0	0.0	0.0	0.0	0.0	0.00.0	0.0	0.0	0.0	0.0	0.0	0.0	0.0	0.0
	3p	-	96	0.0	0.0	0.0	0.0	0.0	0.0	0.0	0.0	0.0	0.0	0.0	0.0	0.0	0.0	0.0	0.0	0.00.0	0.0	0.0	0.0	0.0	0.0	0.0	0.0	0.0
	3p	-	97	0.0	0.0	0.0	0.0	0.0	0.0	0.0	0.0	0.0	0.0	0.0	0.0	0.0	0.0	0.0	0.0	0.00.0	0.0	0.0	0.0	0.0	0.0	0.0	0.0	0.0
	3p	-	98	0.0	0.0	0.0	0.0	0.0	0.0	0.0	0.0	0.0	0.0	0.0	0.0	0.0	0.0	0.0	0.0	0.00.0	0.0	0.0	0.0	0.0	0.0	0.0	0.0	0.0
	3p	-	99	0.0	0.0	0.0	0.0	0.0	0.0	0.0	0.0	0.0	0.0	0.0	0.0	0.0	0.0	0.0	0.0	0.00.0	0.0	0.0	0.0	0.0	0.0	0.0	0.0	0.0
	3p	-	100	0.0	0.0	0.0	0.0	0.0	0.0	0.0	0.0	0.0	0.0	0.0	0.0	0.0	0.0	0.0	0.0	0.00.0	0.0	0.0	0.0	0.0	0.0	0.0	0.0	0.0
	5p	+	1	501.0	321.0	262.0	466.0	1550.0	4.0	12.0	1.0	4.0	2.0	6.0	0.0	3.0	2.0	8.0	4.0	0.00.0	0.0	0.0	0.0	0.0	0.0	0.0	0.0	0.0
	5p	+	2	480.0	257.0	331.0	479.0	1547.0	1.0	5.0	0.0	0.0	1.0	3.0	0.0	2.0	1.0	7.0	2.0	0.00.0	0.0	0.0	0.0	0.0	0.0	0.0	0.0	0.0
	5p	+	3	513.0	297.0	291.0	450.0	1551.0	5.0	3.0	3.0	0.0	4.0	1.0	1.0	2.0	0.0	2.0	1.0	3.00.0	0.0	0.0	0.0	0.0	0.0	0.0	0.0	0.0
	5p	+	4	486.0	270.0	330.0	459.0	1545.0	0.0	0.0	4.0	2.0	2.0	3.0	0.0	1.0	3.0	2.0	0.0	1.00.0	0.0	0.0	0.0	2.0	0.0	2.0	3.0	0.0
	5p	+	5	459.0	294.0	327.0	461.0	1541.0	0.0	2.0	2.0	4.0	1.0	1.0	2.0	3.0	5.0	3.0	0.0	1.00.0	0.0	0.0	0.0	2.0	0.0	4.0	2.0	0.0
	5p	+	6	449.0	301.0	320.0	473.0	1543.0	2.0	2.0	2.0	1.0	1.0	3.0	0.0	0.0	1.0	2.0	1.0	2.00.0	0.0	0.0	0.0	5.0	0.0	4.0	2.0	0.0
	5p	+	7	454.0	312.0	326.0	441.0	1533.0	3.0	1.0	0.0	1.0	1.0	1.0	2.0	2.0	1.0	2.0	1.0	2.00.0	0.0	0.0	0.0	6.0	0.0	9.0	5.0	0.0
	5p	+	8	491.0	273.0	299.0	480.0	1543.0	1.0	2.0	0.0	2.0	0.0	2.0	1.0	1.0	1.0	2.0	0.0	2.00.0	0.0	0.0	0.0	6.0	0.0	3.0	3.0	0.0
	5p	+	9	506.0	284.0	266.0	494.0	1550.0	2.0	2.0	2.0	1.0	0.0	1.0	1.0	1.0	0.0	1.0	0.0	2.00.0	0.0	0.0	0.0	1.0	0.0	1.0	3.0	0.0
	5p	+	10	493.0	302.0	300.0	455.0	1550.0	0.0	2.0	4.0	0.0	2.0	3.0	0.0	0.0	1.0	1.0	2.0	2.00.0	0.0	0.0	0.0	0.0	0.0	5.0	4.0	0.0
	5p	+	11	481.0	317.0	294.0	448.0	1540.0	3.0	1.0	1.0	2.0	3.0	0.0	0.0	1.0	1.0	0.0	0.0	4.00.0	0.0	0.0	0.0	3.0	0.0	5.0	7.0	0.0
	5p	+	12	479.0	287.0	300.0	480.0	1546.0	0.0	2.0	3.0	0.0	1.0	1.0	0.0	1.0	1.0	1.0	1.0	1.00.0	0.0	0.0	0.0	2.0	0.0	7.0	3.0	0.0
	5p	+	13	465.0	302.0	298.0	468.0	1533.0	2.0	1.0	0.0	2.0	2.0	0.0	1.0	1.0	1.0	1.0	0.0	0.00.0	0.0	0.0	0.0	4.0	0.0	7.0	5.0	0.0
	5p	+	14	504.0	278.0	287.0	468.0	1537.0	1.0	3.0	2.0	0.0	3.0	0.0	2.0	1.0	2.0	0.0	2.0	0.00.0	0.0	0.0	0.0	3.0	0.0	4.0	3.0	0.0
	5p	+	15	502.0	299.0	292.0	451.0	1544.0	1.0	1.0	5.0	3.0	0.0	0.0	0.0	2.0	0.0	3.0	0.0	2.00.0	0.0	0.0	0.0	3.0	0.0	4.0	3.0	0.0
	5p	+	16	495.0	263.0	279.0	504.0	1541.0	1.0	2.0	3.0	1.0	3.0	6.0	0.0	1.0	2.0	3.0	0.0	1.00.0	0.0	0.0	0.0	5.0	0.0	6.0	2.0	0.0
	5p	+	17	480.0	290.0	306.0	466.0	1542.0	1.0	0.0	0.0	0.0	0.0	2.0	0.0	0.0	0.0	1.0	0.0	2.00.0	0.0	0.0	0.0	6.0	0.0	3.0	3.0	0.0
	5p	+	18	507.0	321.0	283.0	436.0	1547.0	1.0	4.0	0.0	2.0	2.0	4.0	0.0	3.0	2.0	3.0	0.0	2.00.0	0.0	0.0	0.0	3.0	0.0	1.0	1.0	0.0
	5p	+	19	531.0	291.0	257.0	470.0	1549.0	0.0	4.0	4.0	3.0	1.0	1.0	0.0	1.0	3.0	2.0	2.0	2.00.0	0.0	0.0	0.0	2.0	0.0	3.0	2.0	0.0
	5p	+	20	484.0	308.0	297.0	457.0	1546.0	2.0	1.0	2.0	2.0	1.0	1.0	1.0	3.0	0.0	2.0	1.0	1.00.0	0.0	0.0	0.0	5.0	0.0	3.0	3.0	0.0
	5p	+	21	503.0	294.0	273.0	472.0	1542.0	1.0	3.0	1.0	1.0	1.0	1.0	0.0	1.0	1.0	1.0	1.0	2.00.0	0.0	0.0	0.0	6.0	0.0	7.0	2.0	0.0
	5p	+	22	479.0	280.0	278.0	502.0	1539.0	1.0	1.0	2.0	3.0	2.0	1.0	1.0	1.0	1.0	0.0	1.0	4.00.0	0.0	0.0	0.0	6.0	0.0	4.0	5.0	0.0
	5p	+	23	504.0	280.0	273.0	491.0	1548.0	1.0	2.0	2.0	2.0	0.0	1.0	0.0	1.0	0.0	0.0	3.0	1.00.0	0.0	0.0	0.0	2.0	0.0	1.0	4.0	0.0
	5p	+	24	497.0	311.0	248.0	483.0	1539.0	1.0	2.0	1.0	1.0	1.0	0.0	0.0	2.0	5.0	3.0	3.0	2.00.0	0.0	0.0	0.0	6.0	0.0	4.0	4.0	0.0
	5p	+	25	505.0	300.0	284.0	458.0	1547.0	0.0	2.0	2.0	0.0	2.0	0.0	0.0	0.0	1.0	2.0	1.0	0.00.0	0.0	0.0	0.0	2.0	0.0	3.0	4.0	0.0
	5p	+	26	517.0	282.0	286.0	463.0	1548.0	1.0	4.0	1.0	0.0	3.0	2.0	0.0	3.0	2.0	0.0	1.0	1.00.0	0.0	0.0	0.0	2.0	0.0	1.0	1.0	0.0
	5p	+	27	528.0	296.0	270.0	456.0	1550.0	3.0	0.0	0.0	3.0	1.0	3.0	1.0	2.0	0.0	1.0	0.0	3.00.0	0.0	0.0	0.0	2.0	0.0	0.0	2.0	0.0
	5p	+	28	515.0	280.0	262.0	493.0	1550.0	1.0	4.0	3.0	3.0	2.0	2.0	0.0	0.0	2.0	4.0	2.0	1.00.0	0.0	0.0	0.0	2.0	0.0	1.0	1.0	0.0
	5p	+	29	497.0	295.0	280.0	481.0	1553.0	2.0	4.0	3.0	1.0	6.0	2.0	1.0	0.0	0.0	1.0	1.0	2.00.0	0.0	0.0	0.0	0.0	0.0	0.0	2.0	0.0
	5p	+	30	531.0	289.0	243.0	491.0	1554.0	1.0	3.0	1.0	1.0	1.0	0.0	0.0	2.0	1.0	3.0	1.0	0.00.0	0.0	0.0	0.0	0.0	0.0	1.0	1.0	0.0
	5p	+	31	488.0	276.0	222.0	411.0	1397.0	0.0	2.0	1.0	0.0	0.0	1.0	0.0	0.0	0.0	1.0	0.0	2.00.0	0.0	0.0	0.0	1.0	0.0	1.0	0.0	0.0
	5p	+	32	436.0	211.0	253.0	390.0	1290.0	1.0	2.0	1.0	1.0	0.0	1.0	0.0	1.0	0.0	1.0	0.0	0.00.0	0.0	0.0	0.0	1.0	0.0	1.0	0.0	0.0
	5p	+	33	428.0	200.0	234.0	366.0	1228.0	0.0	3.0	3.0	1.0	0.0	1.0	0.0	0.0	0.0	0.0	0.0	0.00.0	0.0	0.0	0.0	0.0	0.0	1.0	0.0	0.0
	5p	+	34	390.0	214.0	218.0	355.0	1177.0	0.0	3.0	0.0	0.0	1.0	0.0	0.0	0.0	0.0	0.0	0.0	1.00.0	0.0	0.0	0.0	1.0	0.0	0.0	0.0	0.0
	5p	+	35	384.0	196.0	197.0	352.0	1129.0	0.0	0.0	0.0	1.0	0.0	1.0	0.0	0.0	0.0	0.0	0.0	0.00.0	0.0	0.0	0.0	1.0	0.0	0.0	0.0	0.0
	5p	+	36	387.0	203.0	168.0	337.0	1095.0	1.0	5.0	0.0	1.0	0.0	1.0	0.0	1.0	0.0	0.0	0.0	1.00.0	0.0	0.0	0.0	2.0	0.0	1.0	0.0	0.0
	5p	+	37	344.0	189.0	202.0	309.0	1044.0	0.0	3.0	0.0	0.0	0.0	0.0	0.0	0.0	0.0	0.0	0.0	2.00.0	0.0	0.0	0.0	1.0	0.0	0.0	0.0	0.0
	5p	+	38	330.0	186.0	180.0	308.0	1004.0	0.0	3.0	2.0	0.0	0.0	0.0	1.0	0.0	0.0	0.0	0.0	0.00.0	0.0	0.0	0.0	2.0	0.0	0.0	0.0	0.0
	5p	+	39	300.0	181.0	166.0	299.0	946.0	1.0	6.0	1.0	0.0	1.0	0.0	1.0	0.0	1.0	0.0	0.0	0.00.0	0.0	0.0	0.0	2.0	0.0	1.0	0.0	0.0
	5p	+	40	304.0	170.0	140.0	282.0	896.0	0.0	5.0	0.0	0.0	0.0	0.0	0.0	0.0	1.0	2.0	0.0	1.00.0	0.0	0.0	0.0	0.0	0.0	0.0	0.0	0.0
	5p	+	41	261.0	157.0	165.0	258.0	841.0	0.0	4.0	0.0	0.0	0.0	2.0	0.0	0.0	0.0	0.0	0.0	0.00.0	0.0	0.0	0.0	1.0	0.0	1.0	0.0	0.0
	5p	+	42	264.0	146.0	145.0	248.0	803.0	0.0	0.0	0.0	1.0	0.0	1.0	0.0	0.0	0.0	0.0	0.0	0.00.0	0.0	0.0	0.0	1.0	0.0	1.0	1.0	0.0
	5p	+	43	255.0	146.0	139.0	226.0	766.0	0.0	3.0	0.0	0.0	0.0	0.0	0.0	1.0	0.0	0.0	0.0	0.00.0	0.0	0.0	0.0	0.0	0.0	0.0	0.0	0.0
	5p	+	44	234.0	140.0	127.0	221.0	722.0	1.0	1.0	0.0	1.0	1.0	0.0	0.0	0.0	1.0	0.0	0.0	0.00.0	0.0	0.0	0.0	0.0	0.0	0.0	0.0	0.0
	5p	+	45	225.0	124.0	110.0	210.0	669.0	0.0	3.0	0.0	0.0	0.0	0.0	0.0	1.0	0.0	0.0	0.0	2.00.0	0.0	0.0	0.0	0.0	0.0	0.0	0.0	0.0
	5p	+	46	198.0	126.0	102.0	205.0	631.0	1.0	2.0	0.0	1.0	0.0	0.0	0.0	0.0	0.0	0.0	0.0	1.00.0	0.0	0.0	0.0	0.0	0.0	0.0	0.0	0.0
	5p	+	47	202.0	110.0	87.0	196.0	595.0	0.0	3.0	0.0	1.0	0.0	2.0	1.0	0.0	0.0	0.0	0.0	1.00.0	0.0	0.0	0.0	0.0	0.0	1.0	0.0	0.0
	5p	+	48	198.0	102.0	96.0	163.0	559.0	0.0	4.0	0.0	0.0	0.0	0.0	0.0	0.0	0.0	0.0	0.0	0.00.0	0.0	0.0	0.0	0.0	0.0	0.0	0.0	0.0
	5p	+	49	174.0	84.0	89.0	183.0	530.0	1.0	2.0	1.0	0.0	0.0	1.0	0.0	0.0	0.0	0.0	0.0	0.00.0	0.0	0.0	0.0	0.0	0.0	0.0	0.0	0.0
	5p	+	50	163.0	87.0	79.0	162.0	491.0	0.0	2.0	0.0	0.0	0.0	0.0	0.0	0.0	0.0	0.0	0.0	0.00.0	0.0	0.0	0.0	0.0	0.0	0.0	0.0	0.0
	5p	+	51	131.0	104.0	85.0	133.0	453.0	0.0	5.0	0.0	0.0	0.0	0.0	0.0	0.0	0.0	0.0	0.0	0.00.0	0.0	0.0	0.0	0.0	0.0	0.0	1.0	0.0
	5p	+	52	157.0	71.0	76.0	127.0	431.0	0.0	2.0	0.0	0.0	0.0	0.0	0.0	0.0	0.0	0.0	0.0	0.00.0	0.0	0.0	0.0	1.0	0.0	0.0	0.0	0.0
	5p	+	53	129.0	70.0	68.0	136.0	403.0	0.0	2.0	0.0	0.0	0.0	0.0	0.0	2.0	0.0	1.0	0.0	0.00.0	0.0	0.0	0.0	0.0	0.0	0.0	0.0	0.0
	5p	+	54	124.0	54.0	73.0	124.0	375.0	0.0	1.0	2.0	0.0	0.0	0.0	0.0	0.0	0.0	1.0	0.0	0.00.0	0.0	0.0	0.0	0.0	0.0	0.0	0.0	0.0
	5p	+	55	117.0	53.0	60.0	114.0	344.0	0.0	0.0	1.0	1.0	0.0	0.0	0.0	0.0	0.0	1.0	0.0	1.00.0	0.0	0.0	0.0	0.0	0.0	0.0	0.0	0.0
	5p	+	56	105.0	56.0	58.0	95.0	314.0	0.0	1.0	0.0	1.0	0.0	1.0	0.0	0.0	1.0	0.0	0.0	0.00.0	0.0	0.0	0.0	0.0	0.0	0.0	0.0	0.0
	5p	+	57	101.0	50.0	61.0	84.0	296.0	0.0	0.0	0.0	0.0	0.0	1.0	0.0	0.0	0.0	0.0	1.0	2.00.0	0.0	0.0	0.0	0.0	0.0	0.0	0.0	0.0
	5p	+	58	93.0	50.0	53.0	81.0	277.0	0.0	3.0	1.0	0.0	0.0	1.0	0.0	1.0	0.0	1.0	0.0	0.00.0	0.0	0.0	0.0	0.0	0.0	0.0	0.0	0.0
	5p	+	59	91.0	59.0	32.0	77.0	259.0	0.0	4.0	0.0	0.0	0.0	1.0	0.0	0.0	0.0	0.0	0.0	0.00.0	0.0	0.0	0.0	0.0	0.0	1.0	0.0	0.0
	5p	+	60	86.0	37.0	44.0	74.0	241.0	0.0	1.0	0.0	0.0	0.0	0.0	0.0	1.0	0.0	1.0	0.0	0.00.0	0.0	0.0	0.0	0.0	0.0	0.0	0.0	0.0
	5p	+	61	69.0	50.0	45.0	58.0	222.0	0.0	2.0	0.0	0.0	0.0	0.0	0.0	0.0	0.0	0.0	0.0	1.00.0	0.0	0.0	0.0	0.0	0.0	0.0	0.0	0.0
	5p	+	62	67.0	40.0	30.0	71.0	208.0	0.0	2.0	0.0	0.0	0.0	0.0	0.0	0.0	0.0	1.0	0.0	0.00.0	0.0	0.0	0.0	0.0	0.0	0.0	0.0	0.0
	5p	+	63	61.0	41.0	30.0	55.0	187.0	0.0	0.0	0.0	0.0	0.0	0.0	0.0	0.0	0.0	0.0	0.0	0.00.0	0.0	0.0	0.0	1.0	0.0	0.0	0.0	0.0
	5p	+	64	61.0	31.0	35.0	49.0	176.0	0.0	0.0	0.0	0.0	0.0	0.0	0.0	0.0	0.0	0.0	1.0	0.00.0	0.0	0.0	0.0	0.0	0.0	0.0	0.0	0.0
	5p	+	65	56.0	33.0	29.0	49.0	167.0	0.0	0.0	1.0	0.0	0.0	0.0	0.0	0.0	0.0	0.0	0.0	0.00.0	0.0	0.0	0.0	0.0	0.0	0.0	0.0	0.0
	5p	+	66	59.0	27.0	28.0	41.0	155.0	0.0	0.0	0.0	0.0	0.0	1.0	0.0	0.0	0.0	0.0	0.0	0.00.0	0.0	0.0	0.0	0.0	0.0	0.0	1.0	0.0
	5p	+	67	54.0	21.0	20.0	45.0	140.0	0.0	1.0	0.0	0.0	0.0	0.0	0.0	0.0	0.0	0.0	0.0	0.00.0	0.0	0.0	0.0	0.0	0.0	0.0	0.0	0.0
	5p	+	68	45.0	20.0	23.0	43.0	131.0	0.0	1.0	0.0	0.0	0.0	0.0	0.0	0.0	0.0	0.0	0.0	0.00.0	0.0	0.0	0.0	0.0	0.0	0.0	0.0	0.0
	5p	+	69	44.0	19.0	17.0	40.0	120.0	0.0	0.0	0.0	0.0	0.0	0.0	0.0	0.0	0.0	0.0	0.0	0.00.0	0.0	0.0	0.0	0.0	0.0	0.0	0.0	0.0
	5p	+	70	27.0	35.0	17.0	32.0	111.0	1.0	1.0	0.0	0.0	0.0	0.0	0.0	0.0	0.0	1.0	0.0	0.00.0	0.0	0.0	0.0	0.0	0.0	0.0	0.0	0.0
	5p	+	71	46.0	18.0	13.0	25.0	102.0	0.0	0.0	0.0	0.0	0.0	0.0	0.0	0.0	0.0	0.0	0.0	0.00.0	0.0	0.0	0.0	0.0	0.0	0.0	0.0	0.0
	5p	+	72	29.0	20.0	21.0	25.0	95.0	0.0	0.0	0.0	0.0	0.0	0.0	0.0	0.0	0.0	0.0	0.0	0.00.0	0.0	0.0	0.0	0.0	0.0	0.0	0.0	0.0
	5p	+	73	18.0	21.0	15.0	33.0	87.0	0.0	3.0	0.0	0.0	0.0	0.0	0.0	0.0	0.0	1.0	0.0	0.00.0	0.0	0.0	0.0	0.0	0.0	0.0	0.0	0.0
	5p	+	74	27.0	15.0	20.0	17.0	79.0	1.0	0.0	0.0	0.0	1.0	0.0	0.0	0.0	0.0	0.0	0.0	0.00.0	0.0	0.0	0.0	0.0	0.0	0.0	0.0	0.0
	5p	+	75	24.0	13.0	10.0	24.0	71.0	0.0	2.0	0.0	0.0	0.0	0.0	0.0	0.0	0.0	1.0	0.0	0.00.0	0.0	0.0	0.0	0.0	0.0	0.0	0.0	0.0
	5p	+	76	22.0	9.0	15.0	18.0	64.0	0.0	0.0	0.0	0.0	0.0	0.0	0.0	0.0	1.0	0.0	0.0	0.00.0	0.0	0.0	0.0	0.0	0.0	0.0	0.0	0.0
	5p	+	77	22.0	7.0	11.0	18.0	58.0	0.0	2.0	0.0	0.0	0.0	0.0	0.0	0.0	0.0	0.0	0.0	0.00.0	0.0	0.0	0.0	0.0	0.0	0.0	0.0	0.0
	5p	+	78	15.0	11.0	14.0	14.0	54.0	0.0	0.0	0.0	0.0	0.0	2.0	0.0	0.0	0.0	0.0	0.0	0.00.0	0.0	0.0	0.0	0.0	0.0	0.0	0.0	0.0
	5p	+	79	16.0	8.0	7.0	17.0	48.0	0.0	0.0	0.0	0.0	0.0	0.0	0.0	0.0	0.0	0.0	0.0	0.00.0	0.0	0.0	0.0	0.0	0.0	0.0	0.0	0.0
	5p	+	80	13.0	7.0	5.0	19.0	44.0	0.0	1.0	0.0	0.0	0.0	0.0	0.0	0.0	0.0	0.0	0.0	0.00.0	0.0	0.0	0.0	0.0	0.0	0.0	0.0	0.0
	5p	+	81	15.0	4.0	8.0	12.0	39.0	0.0	0.0	0.0	0.0	0.0	0.0	0.0	0.0	0.0	0.0	0.0	0.00.0	0.0	0.0	0.0	0.0	0.0	0.0	0.0	0.0
	5p	+	82	9.0	5.0	5.0	12.0	31.0	0.0	0.0	0.0	0.0	0.0	0.0	0.0	0.0	0.0	0.0	0.0	0.00.0	0.0	0.0	0.0	0.0	0.0	0.0	0.0	0.0
	5p	+	83	7.0	7.0	4.0	7.0	25.0	0.0	0.0	0.0	0.0	0.0	0.0	0.0	0.0	0.0	0.0	0.0	0.00.0	0.0	0.0	0.0	0.0	0.0	0.0	0.0	0.0
	5p	+	84	7.0	4.0	3.0	7.0	21.0	0.0	0.0	0.0	0.0	0.0	0.0	0.0	0.0	0.0	0.0	0.0	0.00.0	0.0	0.0	0.0	0.0	0.0	0.0	0.0	0.0
	5p	+	85	6.0	1.0	1.0	7.0	15.0	0.0	0.0	0.0	0.0	0.0	0.0	0.0	0.0	0.0	0.0	0.0	0.00.0	0.0	0.0	0.0	0.0	0.0	0.0	0.0	0.0
	5p	+	86	5.0	2.0	1.0	5.0	13.0	0.0	0.0	0.0	0.0	0.0	0.0	0.0	0.0	0.0	0.0	0.0	0.00.0	0.0	0.0	0.0	0.0	0.0	0.0	0.0	0.0
	5p	+	87	4.0	2.0	2.0	5.0	13.0	0.0	0.0	0.0	0.0	0.0	0.0	0.0	0.0	0.0	0.0	0.0	0.00.0	0.0	0.0	0.0	0.0	0.0	0.0	0.0	0.0
	5p	+	88	4.0	1.0	0.0	4.0	9.0	0.0	0.0	0.0	0.0	0.0	0.0	0.0	0.0	0.0	0.0	0.0	0.00.0	0.0	0.0	0.0	0.0	0.0	0.0	0.0	0.0
	5p	+	89	2.0	1.0	2.0	3.0	8.0	0.0	0.0	0.0	0.0	0.0	0.0	0.0	0.0	0.0	0.0	0.0	0.00.0	0.0	0.0	0.0	0.0	0.0	0.0	0.0	0.0
	5p	+	90	1.0	2.0	3.0	1.0	7.0	0.0	0.0	0.0	0.0	0.0	0.0	0.0	0.0	0.0	0.0	0.0	0.00.0	0.0	0.0	0.0	0.0	0.0	0.0	0.0	0.0
	5p	+	91	1.0	0.0	1.0	3.0	5.0	0.0	0.0	0.0	0.0	0.0	0.0	0.0	0.0	0.0	0.0	0.0	0.00.0	0.0	0.0	0.0	0.0	0.0	0.0	0.0	0.0
	5p	+	92	0.0	0.0	0.0	0.0	0.0	0.0	0.0	0.0	0.0	0.0	0.0	0.0	0.0	0.0	0.0	0.0	0.00.0	0.0	0.0	0.0	0.0	0.0	0.0	0.0	0.0
	5p	+	93	0.0	0.0	0.0	0.0	0.0	0.0	0.0	0.0	0.0	0.0	0.0	0.0	0.0	0.0	0.0	0.0	0.00.0	0.0	0.0	0.0	0.0	0.0	0.0	0.0	0.0
	5p	+	94	0.0	0.0	0.0	0.0	0.0	0.0	0.0	0.0	0.0	0.0	0.0	0.0	0.0	0.0	0.0	0.0	0.00.0	0.0	0.0	0.0	0.0	0.0	0.0	0.0	0.0
	5p	+	95	0.0	0.0	0.0	0.0	0.0	0.0	0.0	0.0	0.0	0.0	0.0	0.0	0.0	0.0	0.0	0.0	0.00.0	0.0	0.0	0.0	0.0	0.0	0.0	0.0	0.0
	5p	+	96	0.0	0.0	0.0	0.0	0.0	0.0	0.0	0.0	0.0	0.0	0.0	0.0	0.0	0.0	0.0	0.0	0.00.0	0.0	0.0	0.0	0.0	0.0	0.0	0.0	0.0
	5p	+	97	0.0	0.0	0.0	0.0	0.0	0.0	0.0	0.0	0.0	0.0	0.0	0.0	0.0	0.0	0.0	0.0	0.00.0	0.0	0.0	0.0	0.0	0.0	0.0	0.0	0.0
	5p	+	98	0.0	0.0	0.0	0.0	0.0	0.0	0.0	0.0	0.0	0.0	0.0	0.0	0.0	0.0	0.0	0.0	0.00.0	0.0	0.0	0.0	0.0	0.0	0.0	0.0	0.0
	5p	+	99	0.0	0.0	0.0	0.0	0.0	0.0	0.0	0.0	0.0	0.0	0.0	0.0	0.0	0.0	0.0	0.0	0.00.0	0.0	0.0	0.0	0.0	0.0	0.0	0.0	0.0
	5p	+	100	0.0	0.0	0.0	0.0	0.0	0.0	0.0	0.0	0.0	0.0	0.0	0.0	0.0	0.0	0.0	0.0	0.00.0	0.0	0.0	0.0	0.0	0.0	0.0	0.0	0.0
	5p	-	1	484.0	300.0	247.0	435.0	1466.0	5.0	7.0	3.0	0.0	3.0	3.0	3.0	0.0	0.0	4.0	0.0	1.00.0	0.0	0.0	0.0	0.0	0.0	0.0	0.0	0.0
	5p	-	2	441.0	248.0	303.0	475.0	1467.0	5.0	5.0	1.0	0.0	2.0	1.0	0.0	2.0	5.0	4.0	0.0	3.00.0	0.0	0.0	0.0	0.0	0.0	0.0	0.0	0.0
	5p	-	3	439.0	279.0	290.0	459.0	1467.0	2.0	2.0	2.0	1.0	1.0	2.0	2.0	0.0	2.0	3.0	2.0	1.00.0	0.0	0.0	0.0	0.0	0.0	0.0	0.0	0.0
	5p	-	4	466.0	288.0	266.0	453.0	1473.0	1.0	1.0	0.0	3.0	2.0	2.0	0.0	2.0	3.0	1.0	1.0	3.00.0	0.0	0.0	0.0	0.0	0.0	0.0	0.0	0.0
	5p	-	5	427.0	285.0	286.0	458.0	1456.0	0.0	1.0	2.0	1.0	3.0	5.0	2.0	0.0	3.0	2.0	2.0	3.00.0	0.0	0.0	0.0	5.0	0.0	2.0	4.0	0.0
	5p	-	6	445.0	285.0	300.0	427.0	1457.0	1.0	2.0	0.0	0.0	1.0	1.0	2.0	1.0	0.0	1.0	1.0	0.00.0	0.0	0.0	0.0	1.0	0.0	5.0	6.0	0.0
	5p	-	7	456.0	279.0	304.0	422.0	1461.0	1.0	1.0	1.0	0.0	1.0	1.0	1.0	1.0	0.0	2.0	0.0	3.00.0	0.0	0.0	0.0	1.0	0.0	5.0	0.0	0.0
	5p	-	8	471.0	268.0	255.0	460.0	1454.0	1.0	1.0	2.0	1.0	1.0	0.0	0.0	1.0	2.0	0.0	1.0	0.00.0	0.0	0.0	0.0	4.0	0.0	5.0	2.0	0.0
	5p	-	9	477.0	263.0	253.0	469.0	1462.0	1.0	0.0	0.0	4.0	0.0	2.0	1.0	1.0	3.0	1.0	2.0	0.00.0	0.0	0.0	0.0	4.0	0.0	6.0	2.0	0.0
	5p	-	10	462.0	264.0	267.0	470.0	1463.0	0.0	2.0	1.0	1.0	4.0	0.0	0.0	1.0	4.0	1.0	1.0	3.00.0	0.0	0.0	0.0	0.0	0.0	4.0	1.0	0.0
	5p	-	11	457.0	278.0	269.0	453.0	1457.0	0.0	3.0	1.0	1.0	0.0	3.0	0.0	1.0	3.0	4.0	2.0	2.00.0	0.0	0.0	0.0	5.0	0.0	2.0	3.0	0.0
	5p	-	12	465.0	279.0	279.0	440.0	1463.0	0.0	0.0	0.0	0.0	1.0	0.0	0.0	0.0	1.0	1.0	1.0	0.00.0	0.0	0.0	0.0	2.0	0.0	0.0	3.0	0.0
	5p	-	13	454.0	298.0	292.0	415.0	1459.0	1.0	1.0	2.0	1.0	0.0	0.0	0.0	0.0	2.0	0.0	1.0	1.00.0	0.0	0.0	0.0	4.0	0.0	5.0	3.0	0.0
	5p	-	14	477.0	279.0	255.0	446.0	1457.0	0.0	2.0	1.0	0.0	1.0	0.0	1.0	1.0	1.0	2.0	1.0	0.00.0	0.0	0.0	0.0	4.0	0.0	5.0	4.0	0.0
	5p	-	15	442.0	283.0	265.0	476.0	1466.0	0.0	0.0	1.0	0.0	2.0	0.0	0.0	0.0	0.0	0.0	0.0	3.00.0	0.0	0.0	0.0	3.0	0.0	3.0	1.0	0.0
	5p	-	16	446.0	297.0	268.0	451.0	1462.0	1.0	0.0	1.0	0.0	0.0	2.0	0.0	1.0	1.0	2.0	1.0	1.00.0	0.0	0.0	0.0	3.0	0.0	1.0	2.0	0.0
	5p	-	17	441.0	282.0	264.0	467.0	1454.0	2.0	2.0	2.0	1.0	0.0	1.0	0.0	1.0	1.0	0.0	0.0	0.00.0	0.0	0.0	0.0	4.0	0.0	4.0	1.0	0.0
	5p	-	18	463.0	285.0	271.0	449.0	1468.0	2.0	2.0	0.0	2.0	1.0	0.0	0.0	0.0	0.0	0.0	1.0	2.00.0	0.0	0.0	0.0	1.0	0.0	1.0	2.0	0.0
	5p	-	19	469.0	290.0	263.0	440.0	1462.0	2.0	2.0	1.0	3.0	0.0	2.0	0.0	0.0	0.0	0.0	0.0	1.00.0	0.0	0.0	0.0	3.0	0.0	2.0	2.0	0.0
	5p	-	20	486.0	256.0	275.0	436.0	1453.0	1.0	1.0	0.0	3.0	1.0	2.0	0.0	1.0	1.0	1.0	1.0	1.00.0	0.0	0.0	0.0	6.0	0.0	4.0	8.0	0.0
	5p	-	21	471.0	298.0	280.0	417.0	1466.0	1.0	2.0	3.0	3.0	2.0	1.0	2.0	1.0	1.0	0.0	1.0	3.00.0	0.0	0.0	0.0	1.0	0.0	3.0	0.0	0.0
	5p	-	22	479.0	277.0	267.0	441.0	1464.0	1.0	2.0	3.0	0.0	1.0	1.0	0.0	3.0	1.0	1.0	1.0	0.00.0	0.0	0.0	0.0	4.0	0.0	2.0	3.0	0.0
	5p	-	23	491.0	263.0	250.0	465.0	1469.0	3.0	2.0	1.0	4.0	2.0	3.0	1.0	2.0	0.0	1.0	0.0	3.00.0	0.0	0.0	0.0	1.0	0.0	0.0	4.0	0.0
	5p	-	24	453.0	322.0	249.0	441.0	1465.0	0.0	1.0	1.0	1.0	0.0	2.0	1.0	3.0	2.0	1.0	1.0	1.00.0	0.0	0.0	0.0	2.0	0.0	4.0	1.0	0.0
	5p	-	25	476.0	290.0	250.0	447.0	1463.0	0.0	1.0	2.0	0.0	0.0	2.0	3.0	1.0	1.0	3.0	1.0	1.00.0	0.0	0.0	0.0	4.0	0.0	2.0	2.0	0.0
	5p	-	26	466.0	263.0	288.0	447.0	1464.0	2.0	5.0	1.0	3.0	5.0	2.0	1.0	1.0	3.0	0.0	1.0	2.00.0	0.0	0.0	0.0	3.0	0.0	2.0	2.0	0.0
	5p	-	27	481.0	282.0	284.0	421.0	1468.0	1.0	1.0	1.0	0.0	1.0	0.0	2.0	2.0	0.0	1.0	5.0	1.00.0	0.0	0.0	0.0	1.0	0.0	2.0	1.0	0.0
	5p	-	28	472.0	286.0	265.0	447.0	1470.0	1.0	2.0	0.0	3.0	0.0	1.0	0.0	1.0	1.0	3.0	0.0	2.00.0	0.0	0.0	0.0	0.0	0.0	0.0	0.0	0.0
	5p	-	29	483.0	278.0	272.0	431.0	1464.0	0.0	1.0	0.0	0.0	1.0	0.0	1.0	1.0	0.0	4.0	1.0	1.00.0	0.0	0.0	0.0	4.0	0.0	2.0	1.0	0.0
	5p	-	30	527.0	264.0	234.0	443.0	1468.0	2.0	1.0	2.0	0.0	1.0	0.0	1.0	0.0	0.0	0.0	0.0	1.00.0	0.0	0.0	0.0	2.0	0.0	0.0	1.0	0.0
	5p	-	31	430.0	244.0	239.0	414.0	1327.0	0.0	0.0	1.0	0.0	1.0	0.0	1.0	0.0	0.0	0.0	1.0	0.00.0	0.0	0.0	0.0	3.0	0.0	0.0	1.0	0.0
	5p	-	32	385.0	238.0	210.0	422.0	1255.0	3.0	5.0	2.0	1.0	0.0	1.0	0.0	1.0	0.0	1.0	0.0	1.00.0	0.0	0.0	0.0	1.0	0.0	0.0	1.0	0.0
	5p	-	33	413.0	219.0	211.0	361.0	1204.0	1.0	2.0	1.0	1.0	0.0	1.0	0.0	0.0	0.0	1.0	1.0	2.00.0	0.0	0.0	0.0	1.0	0.0	0.0	0.0	0.0
	5p	-	34	369.0	217.0	197.0	364.0	1147.0	0.0	4.0	1.0	2.0	0.0	0.0	0.0	0.0	0.0	1.0	0.0	0.00.0	0.0	0.0	0.0	0.0	0.0	0.0	3.0	0.0
	5p	-	35	366.0	215.0	199.0	326.0	1106.0	0.0	4.0	1.0	0.0	0.0	0.0	0.0	0.0	0.0	1.0	1.0	0.00.0	0.0	0.0	0.0	2.0	0.0	0.0	0.0	0.0
	5p	-	36	358.0	185.0	181.0	335.0	1059.0	0.0	1.0	2.0	1.0	0.0	0.0	0.0	0.0	0.0	1.0	1.0	1.00.0	0.0	0.0	0.0	3.0	0.0	0.0	1.0	0.0
	5p	-	37	340.0	191.0	162.0	304.0	997.0	0.0	4.0	1.0	1.0	0.0	0.0	0.0	0.0	0.0	0.0	0.0	1.00.0	0.0	0.0	0.0	2.0	0.0	0.0	0.0	0.0
	5p	-	38	323.0	166.0	191.0	287.0	967.0	0.0	4.0	2.0	1.0	0.0	0.0	0.0	0.0	0.0	1.0	0.0	1.00.0	0.0	0.0	0.0	1.0	0.0	0.0	0.0	0.0
	5p	-	39	301.0	159.0	167.0	291.0	918.0	1.0	2.0	0.0	2.0	0.0	0.0	0.0	0.0	1.0	0.0	0.0	0.00.0	0.0	0.0	0.0	0.0	0.0	0.0	0.0	0.0
	5p	-	40	279.0	159.0	151.0	291.0	880.0	0.0	6.0	0.0	2.0	0.0	0.0	0.0	2.0	0.0	0.0	0.0	0.00.0	0.0	0.0	0.0	0.0	0.0	0.0	0.0	0.0
	5p	-	41	267.0	145.0	150.0	268.0	830.0	0.0	3.0	0.0	0.0	0.0	2.0	0.0	1.0	0.0	0.0	0.0	0.00.0	0.0	0.0	0.0	1.0	0.0	0.0	0.0	0.0
	5p	-	42	281.0	153.0	123.0	235.0	792.0	0.0	0.0	0.0	0.0	0.0	1.0	0.0	0.0	0.0	0.0	0.0	1.00.0	0.0	0.0	0.0	2.0	0.0	0.0	0.0	0.0
	5p	-	43	259.0	142.0	130.0	220.0	751.0	0.0	5.0	1.0	1.0	0.0	1.0	0.0	0.0	0.0	1.0	0.0	0.00.0	0.0	0.0	0.0	0.0	0.0	0.0	0.0	0.0
	5p	-	44	226.0	130.0	119.0	223.0	698.0	0.0	6.0	3.0	1.0	0.0	0.0	0.0	0.0	0.0	0.0	0.0	0.00.0	0.0	0.0	0.0	1.0	0.0	0.0	0.0	0.0
	5p	-	45	243.0	112.0	89.0	206.0	650.0	1.0	3.0	0.0	0.0	0.0	0.0	0.0	0.0	0.0	0.0	0.0	1.00.0	0.0	0.0	0.0	0.0	0.0	0.0	0.0	0.0
	5p	-	46	193.0	121.0	107.0	191.0	612.0	1.0	4.0	1.0	0.0	0.0	0.0	0.0	1.0	0.0	0.0	0.0	0.00.0	0.0	0.0	0.0	3.0	0.0	0.0	0.0	0.0
	5p	-	47	190.0	107.0	91.0	189.0	577.0	0.0	3.0	0.0	0.0	0.0	0.0	0.0	0.0	0.0	0.0	1.0	0.00.0	0.0	0.0	0.0	0.0	0.0	0.0	0.0	0.0
	5p	-	48	186.0	108.0	94.0	155.0	543.0	0.0	3.0	1.0	0.0	0.0	0.0	0.0	0.0	0.0	1.0	0.0	0.00.0	0.0	0.0	0.0	0.0	0.0	0.0	0.0	0.0
	5p	-	49	176.0	82.0	80.0	173.0	511.0	0.0	3.0	1.0	1.0	1.0	0.0	0.0	0.0	0.0	0.0	0.0	1.00.0	0.0	0.0	0.0	0.0	0.0	0.0	0.0	0.0
	5p	-	50	147.0	94.0	82.0	156.0	479.0	0.0	2.0	0.0	1.0	0.0	1.0	0.0	0.0	0.0	0.0	0.0	0.00.0	0.0	0.0	0.0	0.0	0.0	0.0	0.0	0.0
	5p	-	51	158.0	70.0	71.0	158.0	457.0	0.0	2.0	0.0	0.0	0.0	0.0	0.0	0.0	0.0	0.0	0.0	0.00.0	0.0	0.0	0.0	0.0	0.0	0.0	0.0	0.0
	5p	-	52	135.0	76.0	71.0	136.0	418.0	0.0	3.0	0.0	1.0	2.0	0.0	0.0	0.0	0.0	0.0	0.0	1.00.0	0.0	0.0	0.0	0.0	0.0	0.0	0.0	0.0
	5p	-	53	112.0	64.0	85.0	130.0	391.0	0.0	1.0	0.0	0.0	0.0	0.0	0.0	1.0	0.0	0.0	0.0	0.00.0	0.0	0.0	0.0	0.0	0.0	0.0	0.0	0.0
	5p	-	54	121.0	75.0	56.0	112.0	364.0	0.0	2.0	2.0	0.0	0.0	0.0	0.0	0.0	0.0	0.0	0.0	1.00.0	0.0	0.0	0.0	0.0	0.0	1.0	0.0	0.0
	5p	-	55	116.0	67.0	46.0	113.0	342.0	0.0	2.0	1.0	1.0	0.0	1.0	0.0	0.0	0.0	0.0	0.0	1.00.0	0.0	0.0	0.0	0.0	0.0	1.0	0.0	0.0
	5p	-	56	90.0	63.0	54.0	106.0	313.0	0.0	2.0	0.0	0.0	0.0	1.0	0.0	1.0	0.0	0.0	0.0	0.00.0	0.0	0.0	0.0	0.0	0.0	0.0	0.0	0.0
	5p	-	57	99.0	51.0	44.0	93.0	287.0	0.0	2.0	0.0	0.0	0.0	0.0	0.0	0.0	0.0	0.0	0.0	0.00.0	0.0	0.0	0.0	0.0	0.0	0.0	0.0	0.0
	5p	-	58	89.0	56.0	46.0	82.0	273.0	0.0	0.0	1.0	1.0	0.0	0.0	0.0	0.0	0.0	0.0	0.0	0.00.0	0.0	0.0	0.0	0.0	0.0	0.0	0.0	0.0
	5p	-	59	106.0	44.0	36.0	74.0	260.0	0.0	1.0	0.0	0.0	0.0	0.0	1.0	0.0	0.0	0.0	0.0	0.00.0	0.0	0.0	0.0	1.0	0.0	0.0	0.0	0.0
	5p	-	60	85.0	45.0	40.0	69.0	239.0	0.0	0.0	1.0	0.0	0.0	0.0	0.0	1.0	0.0	0.0	0.0	0.00.0	0.0	0.0	0.0	0.0	0.0	0.0	0.0	0.0
	5p	-	61	72.0	39.0	44.0	62.0	217.0	0.0	4.0	0.0	0.0	0.0	0.0	0.0	0.0	0.0	1.0	0.0	0.00.0	0.0	0.0	0.0	0.0	0.0	0.0	0.0	0.0
	5p	-	62	58.0	33.0	33.0	74.0	198.0	0.0	1.0	0.0	0.0	0.0	0.0	0.0	0.0	0.0	1.0	0.0	0.00.0	0.0	0.0	0.0	0.0	0.0	0.0	0.0	0.0
	5p	-	63	51.0	35.0	32.0	62.0	180.0	0.0	0.0	0.0	0.0	0.0	0.0	0.0	0.0	0.0	1.0	0.0	0.00.0	0.0	0.0	0.0	0.0	0.0	1.0	0.0	0.0
	5p	-	64	40.0	41.0	37.0	47.0	165.0	0.0	1.0	0.0	0.0	0.0	0.0	0.0	0.0	0.0	0.0	1.0	0.00.0	0.0	0.0	0.0	0.0	0.0	0.0	0.0	0.0
	5p	-	65	48.0	34.0	25.0	49.0	156.0	0.0	0.0	0.0	0.0	0.0	0.0	1.0	0.0	0.0	0.0	0.0	0.00.0	0.0	0.0	0.0	0.0	0.0	0.0	0.0	0.0
	5p	-	66	41.0	30.0	30.0	41.0	142.0	0.0	1.0	0.0	0.0	0.0	0.0	0.0	0.0	0.0	0.0	0.0	0.00.0	0.0	0.0	0.0	0.0	0.0	0.0	0.0	0.0
	5p	-	67	44.0	23.0	23.0	40.0	130.0	0.0	0.0	0.0	0.0	0.0	0.0	0.0	0.0	0.0	0.0	0.0	1.00.0	0.0	0.0	0.0	0.0	0.0	0.0	0.0	0.0
	5p	-	68	47.0	21.0	18.0	39.0	125.0	0.0	0.0	0.0	0.0	0.0	0.0	0.0	0.0	0.0	0.0	0.0	0.00.0	0.0	0.0	0.0	0.0	0.0	0.0	0.0	0.0
	5p	-	69	38.0	20.0	20.0	37.0	115.0	0.0	0.0	0.0	0.0	0.0	0.0	0.0	0.0	0.0	0.0	0.0	0.00.0	0.0	0.0	0.0	0.0	0.0	0.0	0.0	0.0
	5p	-	70	37.0	17.0	16.0	33.0	103.0	0.0	0.0	0.0	0.0	0.0	0.0	0.0	0.0	0.0	0.0	0.0	0.00.0	0.0	0.0	0.0	1.0	0.0	0.0	0.0	0.0
	5p	-	71	30.0	18.0	18.0	31.0	97.0	0.0	0.0	0.0	0.0	0.0	0.0	0.0	0.0	0.0	0.0	0.0	0.00.0	0.0	0.0	0.0	0.0	0.0	0.0	0.0	0.0
	5p	-	72	27.0	16.0	21.0	27.0	91.0	0.0	0.0	0.0	0.0	0.0	0.0	0.0	0.0	0.0	0.0	0.0	0.00.0	0.0	0.0	0.0	0.0	0.0	0.0	0.0	0.0
	5p	-	73	24.0	19.0	12.0	29.0	84.0	0.0	0.0	0.0	0.0	0.0	0.0	0.0	0.0	0.0	0.0	0.0	0.00.0	0.0	0.0	0.0	0.0	0.0	0.0	0.0	0.0
	5p	-	74	26.0	18.0	12.0	24.0	80.0	0.0	0.0	0.0	0.0	0.0	0.0	0.0	0.0	0.0	0.0	0.0	0.00.0	0.0	0.0	0.0	0.0	0.0	0.0	0.0	0.0
	5p	-	75	16.0	18.0	15.0	26.0	75.0	0.0	1.0	0.0	0.0	0.0	1.0	0.0	0.0	0.0	0.0	0.0	0.00.0	0.0	0.0	0.0	0.0	0.0	0.0	0.0	0.0
	5p	-	76	23.0	14.0	8.0	20.0	65.0	0.0	0.0	0.0	0.0	0.0	0.0	0.0	0.0	0.0	0.0	0.0	0.00.0	0.0	0.0	0.0	0.0	0.0	0.0	0.0	0.0
	5p	-	77	14.0	12.0	7.0	26.0	59.0	1.0	0.0	0.0	0.0	0.0	0.0	0.0	0.0	0.0	1.0	0.0	0.00.0	0.0	0.0	0.0	0.0	0.0	0.0	0.0	0.0
	5p	-	78	12.0	14.0	12.0	19.0	57.0	0.0	0.0	0.0	0.0	0.0	0.0	0.0	0.0	0.0	0.0	0.0	0.00.0	0.0	0.0	0.0	0.0	0.0	0.0	0.0	0.0
	5p	-	79	15.0	12.0	9.0	17.0	53.0	0.0	0.0	0.0	0.0	0.0	1.0	0.0	0.0	0.0	0.0	0.0	0.00.0	0.0	0.0	0.0	0.0	0.0	0.0	0.0	0.0
	5p	-	80	15.0	13.0	8.0	14.0	50.0	0.0	0.0	0.0	0.0	0.0	0.0	0.0	0.0	0.0	0.0	0.0	0.00.0	0.0	0.0	0.0	0.0	0.0	0.0	0.0	0.0
	5p	-	81	8.0	2.0	11.0	23.0	44.0	0.0	0.0	0.0	0.0	0.0	0.0	0.0	0.0	0.0	0.0	0.0	0.00.0	0.0	0.0	0.0	0.0	0.0	0.0	0.0	0.0
	5p	-	82	12.0	4.0	8.0	17.0	41.0	0.0	0.0	0.0	0.0	0.0	0.0	0.0	0.0	0.0	0.0	0.0	0.00.0	0.0	0.0	0.0	0.0	0.0	0.0	0.0	0.0
	5p	-	83	11.0	11.0	7.0	10.0	39.0	0.0	1.0	0.0	0.0	0.0	0.0	0.0	0.0	0.0	0.0	0.0	0.00.0	0.0	0.0	0.0	0.0	0.0	0.0	0.0	0.0
	5p	-	84	12.0	9.0	3.0	10.0	34.0	0.0	1.0	0.0	0.0	0.0	0.0	0.0	0.0	0.0	0.0	0.0	0.00.0	0.0	0.0	0.0	0.0	0.0	0.0	0.0	0.0
	5p	-	85	8.0	7.0	6.0	4.0	25.0	0.0	0.0	0.0	0.0	0.0	0.0	0.0	0.0	0.0	0.0	0.0	0.00.0	0.0	0.0	0.0	0.0	0.0	0.0	0.0	0.0
	5p	-	86	7.0	7.0	4.0	7.0	25.0	0.0	1.0	0.0	0.0	0.0	0.0	0.0	0.0	0.0	0.0	0.0	0.00.0	0.0	0.0	0.0	0.0	0.0	0.0	0.0	0.0
	5p	-	87	9.0	2.0	4.0	5.0	20.0	0.0	0.0	0.0	0.0	0.0	0.0	0.0	0.0	1.0	0.0	0.0	0.00.0	0.0	0.0	0.0	0.0	0.0	0.0	0.0	0.0
	5p	-	88	4.0	2.0	2.0	5.0	13.0	0.0	1.0	0.0	0.0	0.0	0.0	0.0	0.0	0.0	0.0	0.0	0.00.0	0.0	0.0	0.0	0.0	0.0	0.0	0.0	0.0
	5p	-	89	3.0	1.0	0.0	7.0	11.0	0.0	0.0	0.0	0.0	0.0	0.0	0.0	0.0	0.0	0.0	0.0	0.00.0	0.0	0.0	0.0	0.0	0.0	0.0	0.0	0.0
	5p	-	90	1.0	0.0	5.0	2.0	8.0	0.0	0.0	0.0	0.0	0.0	0.0	0.0	0.0	0.0	0.0	0.0	0.00.0	0.0	0.0	0.0	0.0	0.0	0.0	0.0	0.0
	5p	-	91	3.0	0.0	0.0	0.0	3.0	0.0	0.0	0.0	0.0	0.0	0.0	0.0	0.0	0.0	0.0	0.0	0.00.0	0.0	0.0	0.0	0.0	0.0	0.0	0.0	0.0
	5p	-	92	0.0	0.0	0.0	0.0	0.0	0.0	0.0	0.0	0.0	0.0	0.0	0.0	0.0	0.0	0.0	0.0	0.00.0	0.0	0.0	0.0	0.0	0.0	0.0	0.0	0.0
	5p	-	93	0.0	0.0	0.0	0.0	0.0	0.0	0.0	0.0	0.0	0.0	0.0	0.0	0.0	0.0	0.0	0.0	0.00.0	0.0	0.0	0.0	0.0	0.0	0.0	0.0	0.0
	5p	-	94	0.0	0.0	0.0	0.0	0.0	0.0	0.0	0.0	0.0	0.0	0.0	0.0	0.0	0.0	0.0	0.0	0.00.0	0.0	0.0	0.0	0.0	0.0	0.0	0.0	0.0
	5p	-	95	0.0	0.0	0.0	0.0	0.0	0.0	0.0	0.0	0.0	0.0	0.0	0.0	0.0	0.0	0.0	0.0	0.00.0	0.0	0.0	0.0	0.0	0.0	0.0	0.0	0.0
	5p	-	96	0.0	0.0	0.0	0.0	0.0	0.0	0.0	0.0	0.0	0.0	0.0	0.0	0.0	0.0	0.0	0.0	0.00.0	0.0	0.0	0.0	0.0	0.0	0.0	0.0	0.0
	5p	-	97	0.0	0.0	0.0	0.0	0.0	0.0	0.0	0.0	0.0	0.0	0.0	0.0	0.0	0.0	0.0	0.0	0.00.0	0.0	0.0	0.0	0.0	0.0	0.0	0.0	0.0
	5p	-	98	0.0	0.0	0.0	0.0	0.0	0.0	0.0	0.0	0.0	0.0	0.0	0.0	0.0	0.0	0.0	0.0	0.00.0	0.0	0.0	0.0	0.0	0.0	0.0	0.0	0.0
	5p	-	99	0.0	0.0	0.0	0.0	0.0	0.0	0.0	0.0	0.0	0.0	0.0	0.0	0.0	0.0	0.0	0.0	0.00.0	0.0	0.0	0.0	0.0	0.0	0.0	0.0	0.0
	5p	-	100	0.0	0.0	0.0	0.0	0.0	0.0	0.0	0.0	0.0	0.0	0.0	0.0	0.0	0.0	0.0	0.0	0.00.0	0.0	0.0	0.0	0.0	0.0	0.0	0.0	0.0
