# table produced by DamageProfiler
# using mapped file RmA030.GrysbokCape_Human_nc.Target.rmdup.noMicro.bam
# Sample ID: RmA030.GrysbokCape_Human_nc.Target.rmdup.noMicro.bam
Chr	End	Std	Pos	A	C	G	T	Total	G>A	C>T	A>G	T>C	A>C	A>T	C>G	C>A	T>G	T>A	G>C	G>T	A>-	T>-	C>-	G>-	->A	->T	->C	->G	S
	3p	+	1	12973.0	4285.0	3921.0	8480.0	29659.0	48.0	765.0	38.0	23.0	21.0	38.0	15.0	39.0	10.0	43.0	10.0	33.0	0.0	0.0	0.0	0.0	0.0	0.0	0.0	0.0	0.0
	3p	+	2	11006.0	5912.0	4540.0	8222.0	29680.0	40.0	206.0	26.0	29.0	13.0	29.0	10.0	23.0	15.0	26.0	14.0	24.0	0.0	0.0	0.0	0.0	0.0	0.0	0.0	0.0	0.0
	3p	+	3	10589.0	5529.0	5086.0	8538.0	29742.0	25.0	34.0	33.0	20.0	19.0	37.0	6.0	22.0	14.0	26.0	12.0	17.0	0.0	0.0	0.0	0.0	0.0	0.0	0.0	0.0	0.0
	3p	+	4	10429.0	5623.0	5325.0	8388.0	29765.0	26.0	33.0	20.0	26.0	15.0	18.0	10.0	8.0	5.0	14.0	4.0	17.0	0.0	0.0	0.0	0.0	1.0	0.0	1.0	2.0	0.0
	3p	+	5	10650.0	5285.0	5362.0	8505.0	29802.0	23.0	25.0	15.0	7.0	8.0	15.0	3.0	9.0	9.0	9.0	8.0	16.0	0.0	0.0	0.0	0.0	1.0	0.0	0.0	0.0	0.0
	3p	+	6	10776.0	5240.0	5444.0	8331.0	29791.0	15.0	27.0	14.0	15.0	9.0	12.0	0.0	11.0	10.0	7.0	7.0	16.0	0.0	0.0	0.0	0.0	5.0	0.0	4.0	6.0	0.0
	3p	+	7	10506.0	5348.0	5421.0	8529.0	29804.0	5.0	21.0	12.0	6.0	4.0	11.0	5.0	8.0	1.0	10.0	3.0	10.0	0.0	0.0	0.0	0.0	6.0	0.0	6.0	10.0	0.0
	3p	+	8	10381.0	5311.0	5526.0	8581.0	29799.0	9.0	22.0	17.0	15.0	3.0	6.0	4.0	10.0	8.0	6.0	6.0	8.0	0.0	0.0	0.0	0.0	15.0	0.0	10.0	9.0	0.0
	3p	+	9	10195.0	5294.0	5709.0	8602.0	29800.0	14.0	25.0	12.0	14.0	8.0	5.0	4.0	6.0	5.0	8.0	3.0	11.0	0.0	0.0	0.0	0.0	11.0	0.0	11.0	6.0	0.0
	3p	+	10	9933.0	5427.0	5590.0	8847.0	29797.0	10.0	23.0	14.0	6.0	8.0	8.0	3.0	16.0	6.0	4.0	4.0	7.0	0.0	0.0	0.0	0.0	23.0	0.0	7.0	14.0	0.0
	3p	+	11	9996.0	5534.0	5529.0	8709.0	29768.0	16.0	15.0	18.0	8.0	7.0	9.0	1.0	7.0	5.0	5.0	6.0	11.0	0.0	0.0	0.0	0.0	22.0	0.0	17.0	16.0	0.0
	3p	+	12	9884.0	5509.0	5538.0	8836.0	29767.0	10.0	19.0	14.0	7.0	2.0	7.0	3.0	10.0	4.0	6.0	2.0	10.0	0.0	0.0	0.0	0.0	29.0	0.0	10.0	15.0	0.0
	3p	+	13	9922.0	5550.0	5535.0	8743.0	29750.0	12.0	16.0	23.0	14.0	5.0	12.0	0.0	5.0	1.0	4.0	3.0	9.0	0.0	0.0	0.0	0.0	30.0	0.0	13.0	13.0	0.0
	3p	+	14	9746.0	5698.0	5536.0	8772.0	29752.0	7.0	14.0	18.0	14.0	3.0	7.0	1.0	4.0	3.0	7.0	4.0	9.0	0.0	0.0	0.0	0.0	27.0	0.0	14.0	17.0	0.0
	3p	+	15	9835.0	5656.0	5639.0	8620.0	29750.0	16.0	19.0	12.0	10.0	1.0	3.0	4.0	6.0	5.0	5.0	3.0	10.0	0.0	0.0	0.0	0.0	34.0	0.0	12.0	12.0	0.0
	3p	+	16	9727.0	5608.0	5666.0	8743.0	29744.0	5.0	16.0	15.0	11.0	6.0	10.0	4.0	5.0	4.0	3.0	2.0	13.0	0.0	0.0	0.0	0.0	39.0	0.0	12.0	20.0	0.0
	3p	+	17	9822.0	5623.0	5575.0	8719.0	29739.0	11.0	15.0	17.0	10.0	8.0	7.0	0.0	6.0	4.0	6.0	3.0	13.0	0.0	0.0	0.0	0.0	31.0	0.0	17.0	17.0	0.0
	3p	+	18	9695.0	5607.0	5646.0	8816.0	29764.0	7.0	17.0	11.0	8.0	9.0	5.0	1.0	4.0	4.0	6.0	2.0	12.0	0.0	0.0	0.0	0.0	25.0	0.0	20.0	13.0	0.0
	3p	+	19	9609.0	5586.0	5581.0	8993.0	29769.0	13.0	10.0	18.0	12.0	4.0	7.0	4.0	4.0	3.0	9.0	4.0	13.0	0.0	0.0	0.0	0.0	39.0	0.0	15.0	9.0	0.0
	3p	+	20	9720.0	5642.0	5578.0	8824.0	29764.0	9.0	12.0	15.0	8.0	6.0	11.0	1.0	3.0	7.0	6.0	0.0	12.0	0.0	0.0	0.0	0.0	36.0	0.0	10.0	16.0	0.0
	3p	+	21	9600.0	5617.0	5554.0	8976.0	29747.0	12.0	11.0	15.0	8.0	4.0	5.0	5.0	5.0	4.0	7.0	2.0	8.0	0.0	0.0	0.0	0.0	35.0	0.0	17.0	14.0	0.0
	3p	+	22	9656.0	5609.0	5489.0	8974.0	29728.0	6.0	18.0	14.0	12.0	7.0	6.0	6.0	2.0	4.0	3.0	4.0	5.0	0.0	0.0	0.0	0.0	37.0	0.0	23.0	23.0	0.0
	3p	+	23	9890.0	5685.0	5563.0	8600.0	29738.0	9.0	17.0	9.0	12.0	1.0	4.0	3.0	5.0	4.0	1.0	3.0	9.0	0.0	0.0	0.0	0.0	36.0	0.0	14.0	16.0	0.0
	3p	+	24	9651.0	5717.0	5671.0	8706.0	29745.0	13.0	12.0	14.0	15.0	6.0	8.0	0.0	9.0	1.0	5.0	1.0	9.0	0.0	0.0	0.0	0.0	26.0	0.0	17.0	10.0	0.0
	3p	+	25	9812.0	5611.0	5553.0	8783.0	29759.0	6.0	11.0	14.0	10.0	9.0	4.0	5.0	6.0	7.0	12.0	0.0	10.0	0.0	0.0	0.0	0.0	25.0	0.0	15.0	25.0	0.0
	3p	+	26	9717.0	5616.0	5542.0	8887.0	29762.0	7.0	15.0	14.0	16.0	8.0	8.0	7.0	10.0	1.0	2.0	7.0	10.0	0.0	0.0	0.0	0.0	29.0	0.0	15.0	13.0	0.0
	3p	+	27	9764.0	5643.0	5635.0	8703.0	29745.0	8.0	19.0	15.0	9.0	7.0	5.0	0.0	7.0	8.0	8.0	7.0	16.0	0.0	0.0	0.0	0.0	31.0	0.0	11.0	16.0	0.0
	3p	+	28	9719.0	5557.0	5707.0	8769.0	29752.0	8.0	21.0	15.0	9.0	10.0	9.0	3.0	7.0	3.0	7.0	4.0	9.0	0.0	0.0	0.0	0.0	25.0	0.0	7.0	9.0	0.0
	3p	+	29	9807.0	5547.0	5671.0	8725.0	29750.0	14.0	24.0	15.0	12.0	11.0	3.0	5.0	5.0	3.0	8.0	4.0	6.0	0.0	0.0	0.0	0.0	30.0	0.0	13.0	11.0	0.0
	3p	+	30	9643.0	5604.0	5631.0	8868.0	29746.0	16.0	24.0	20.0	12.0	8.0	9.0	3.0	8.0	4.0	12.0	3.0	7.0	0.0	0.0	0.0	0.0	31.0	0.0	12.0	16.0	0.0
	3p	+	31	9212.0	5256.0	5230.0	8527.0	28225.0	7.0	16.0	14.0	13.0	3.0	8.0	2.0	4.0	4.0	6.0	4.0	8.0	0.0	0.0	0.0	0.0	26.0	0.0	11.0	9.0	0.0
	3p	+	32	8881.0	4908.0	5007.0	7946.0	26742.0	9.0	22.0	9.0	10.0	9.0	9.0	4.0	8.0	3.0	14.0	6.0	8.0	0.0	0.0	0.0	0.0	29.0	0.0	10.0	7.0	0.0
	3p	+	33	8345.0	4672.0	4826.0	7525.0	25368.0	12.0	19.0	9.0	8.0	4.0	4.0	3.0	7.0	6.0	4.0	2.0	11.0	0.0	0.0	0.0	0.0	17.0	0.0	10.0	7.0	0.0
	3p	+	34	7890.0	4380.0	4538.0	7136.0	23944.0	15.0	24.0	7.0	11.0	5.0	11.0	1.0	8.0	3.0	4.0	3.0	6.0	0.0	0.0	0.0	0.0	18.0	0.0	13.0	9.0	0.0
	3p	+	35	7427.0	4200.0	4285.0	6709.0	22621.0	5.0	25.0	11.0	2.0	6.0	10.0	2.0	6.0	2.0	10.0	4.0	9.0	0.0	0.0	0.0	0.0	23.0	0.0	10.0	7.0	0.0
	3p	+	36	7055.0	3871.0	3985.0	6426.0	21337.0	13.0	22.0	12.0	10.0	3.0	8.0	0.0	2.0	5.0	3.0	1.0	12.0	0.0	0.0	0.0	0.0	16.0	0.0	8.0	10.0	0.0
	3p	+	37	6686.0	3677.0	3668.0	5968.0	19999.0	5.0	22.0	15.0	5.0	3.0	8.0	0.0	6.0	3.0	5.0	1.0	5.0	0.0	0.0	0.0	0.0	16.0	0.0	14.0	8.0	0.0
	3p	+	38	6168.0	3474.0	3530.0	5620.0	18792.0	7.0	16.0	12.0	8.0	2.0	3.0	1.0	1.0	3.0	6.0	2.0	11.0	0.0	0.0	0.0	0.0	17.0	0.0	6.0	8.0	0.0
	3p	+	39	5759.0	3343.0	3359.0	5209.0	17670.0	9.0	16.0	7.0	8.0	6.0	9.0	1.0	7.0	2.0	5.0	3.0	3.0	0.0	0.0	0.0	0.0	13.0	0.0	9.0	5.0	0.0
	3p	+	40	5435.0	3010.0	3083.0	5052.0	16580.0	7.0	18.0	9.0	6.0	6.0	4.0	1.0	9.0	4.0	7.0	3.0	9.0	0.0	0.0	0.0	0.0	10.0	0.0	7.0	5.0	0.0
	3p	+	41	5080.0	2908.0	2925.0	4590.0	15503.0	6.0	16.0	10.0	7.0	4.0	4.0	2.0	3.0	4.0	5.0	4.0	6.0	0.0	0.0	0.0	0.0	21.0	0.0	2.0	7.0	0.0
	3p	+	42	4871.0	2728.0	2708.0	4298.0	14605.0	10.0	18.0	8.0	11.0	6.0	3.0	2.0	0.0	1.0	4.0	1.0	5.0	0.0	0.0	0.0	0.0	17.0	0.0	5.0	3.0	0.0
	3p	+	43	4433.0	2678.0	2572.0	4025.0	13708.0	5.0	14.0	9.0	4.0	2.0	4.0	1.0	5.0	6.0	5.0	1.0	2.0	0.0	0.0	0.0	0.0	8.0	0.0	5.0	4.0	0.0
	3p	+	44	4176.0	2446.0	2421.0	3847.0	12890.0	7.0	13.0	10.0	4.0	4.0	4.0	0.0	4.0	3.0	7.0	1.0	5.0	0.0	0.0	0.0	0.0	14.0	0.0	3.0	4.0	0.0
	3p	+	45	3922.0	2296.0	2317.0	3576.0	12111.0	7.0	9.0	8.0	3.0	0.0	6.0	4.0	8.0	3.0	6.0	4.0	5.0	0.0	0.0	0.0	0.0	11.0	0.0	1.0	4.0	0.0
	3p	+	46	3750.0	2139.0	2146.0	3324.0	11359.0	7.0	16.0	9.0	9.0	4.0	5.0	1.0	1.0	3.0	3.0	2.0	6.0	0.0	0.0	0.0	0.0	11.0	0.0	3.0	2.0	0.0
	3p	+	47	3390.0	1987.0	1999.0	3260.0	10636.0	7.0	10.0	6.0	5.0	3.0	6.0	1.0	3.0	6.0	1.0	2.0	2.0	0.0	0.0	0.0	0.0	8.0	0.0	2.0	1.0	0.0
	3p	+	48	3208.0	1838.0	1878.0	3042.0	9966.0	2.0	8.0	3.0	8.0	2.0	3.0	4.0	3.0	1.0	6.0	3.0	6.0	0.0	0.0	0.0	0.0	2.0	0.0	4.0	4.0	0.0
	3p	+	49	3046.0	1765.0	1751.0	2760.0	9322.0	6.0	3.0	6.0	4.0	4.0	4.0	1.0	1.0	0.0	6.0	1.0	2.0	0.0	0.0	0.0	0.0	5.0	0.0	1.0	5.0	0.0
	3p	+	50	2932.0	1543.0	1685.0	2553.0	8713.0	2.0	4.0	5.0	2.0	4.0	3.0	1.0	3.0	1.0	3.0	2.0	0.0	0.0	0.0	0.0	0.0	3.0	0.0	3.0	2.0	0.0
	3p	+	51	2642.0	1579.0	1560.0	2356.0	8137.0	5.0	12.0	8.0	4.0	2.0	5.0	0.0	4.0	2.0	4.0	1.0	3.0	0.0	0.0	0.0	0.0	2.0	0.0	1.0	1.0	0.0
	3p	+	52	2396.0	1436.0	1421.0	2310.0	7563.0	5.0	9.0	9.0	4.0	2.0	2.0	0.0	1.0	1.0	7.0	0.0	7.0	0.0	0.0	0.0	0.0	4.0	0.0	2.0	3.0	0.0
	3p	+	53	2281.0	1373.0	1321.0	2148.0	7123.0	1.0	3.0	2.0	3.0	2.0	3.0	1.0	3.0	3.0	7.0	0.0	4.0	0.0	0.0	0.0	0.0	6.0	0.0	1.0	1.0	0.0
	3p	+	54	2104.0	1278.0	1233.0	2043.0	6658.0	9.0	7.0	3.0	1.0	5.0	2.0	0.0	2.0	1.0	5.0	0.0	5.0	0.0	0.0	0.0	0.0	4.0	0.0	3.0	3.0	0.0
	3p	+	55	1958.0	1169.0	1230.0	1899.0	6256.0	3.0	7.0	4.0	3.0	1.0	3.0	0.0	4.0	3.0	2.0	0.0	0.0	0.0	0.0	0.0	0.0	3.0	0.0	1.0	3.0	0.0
	3p	+	56	1827.0	1127.0	1131.0	1761.0	5846.0	4.0	7.0	5.0	1.0	1.0	4.0	0.0	2.0	1.0	7.0	0.0	1.0	0.0	0.0	0.0	0.0	1.0	0.0	1.0	4.0	0.0
	3p	+	57	1729.0	1023.0	1059.0	1643.0	5454.0	0.0	8.0	0.0	3.0	2.0	1.0	1.0	2.0	1.0	7.0	2.0	3.0	0.0	0.0	0.0	0.0	5.0	0.0	2.0	2.0	0.0
	3p	+	58	1623.0	1018.0	952.0	1508.0	5101.0	2.0	7.0	3.0	6.0	0.0	4.0	1.0	1.0	0.0	4.0	0.0	3.0	0.0	0.0	0.0	0.0	3.0	0.0	2.0	1.0	0.0
	3p	+	59	1561.0	889.0	881.0	1452.0	4783.0	2.0	3.0	3.0	4.0	2.0	0.0	0.0	0.0	1.0	3.0	0.0	1.0	0.0	0.0	0.0	0.0	3.0	0.0	2.0	0.0	0.0
	3p	+	60	1390.0	893.0	828.0	1362.0	4473.0	1.0	7.0	4.0	2.0	0.0	0.0	1.0	2.0	1.0	4.0	0.0	3.0	0.0	0.0	0.0	0.0	2.0	0.0	2.0	0.0	0.0
	3p	+	61	1267.0	840.0	845.0	1229.0	4181.0	1.0	6.0	2.0	0.0	2.0	1.0	1.0	1.0	2.0	2.0	0.0	3.0	0.0	0.0	0.0	0.0	3.0	0.0	0.0	1.0	0.0
	3p	+	62	1179.0	731.0	753.0	1248.0	3911.0	1.0	3.0	1.0	1.0	2.0	1.0	0.0	2.0	0.0	1.0	0.0	2.0	0.0	0.0	0.0	0.0	0.0	0.0	0.0	0.0	0.0
	3p	+	63	1154.0	678.0	671.0	1153.0	3656.0	1.0	3.0	3.0	5.0	0.0	3.0	0.0	4.0	3.0	2.0	0.0	1.0	0.0	0.0	0.0	0.0	2.0	0.0	1.0	1.0	0.0
	3p	+	64	1056.0	685.0	657.0	1005.0	3403.0	1.0	3.0	2.0	1.0	1.0	0.0	0.0	2.0	0.0	2.0	1.0	2.0	0.0	0.0	0.0	0.0	1.0	0.0	0.0	0.0	0.0
	3p	+	65	1010.0	615.0	623.0	930.0	3178.0	2.0	1.0	2.0	0.0	2.0	1.0	2.0	0.0	0.0	1.0	1.0	1.0	0.0	0.0	0.0	0.0	3.0	0.0	0.0	1.0	0.0
	3p	+	66	887.0	568.0	599.0	922.0	2976.0	3.0	3.0	2.0	2.0	1.0	2.0	0.0	0.0	1.0	2.0	1.0	0.0	0.0	0.0	0.0	0.0	0.0	0.0	0.0	0.0	0.0
	3p	+	67	873.0	562.0	506.0	859.0	2800.0	1.0	4.0	5.0	2.0	1.0	1.0	0.0	0.0	0.0	3.0	2.0	1.0	0.0	0.0	0.0	0.0	1.0	0.0	1.0	1.0	0.0
	3p	+	68	835.0	516.0	492.0	781.0	2624.0	1.0	3.0	1.0	1.0	0.0	3.0	2.0	2.0	1.0	2.0	0.0	1.0	0.0	0.0	0.0	0.0	1.0	0.0	1.0	0.0	0.0
	3p	+	69	746.0	518.0	453.0	724.0	2441.0	1.0	3.0	4.0	1.0	1.0	3.0	0.0	2.0	1.0	2.0	2.0	1.0	0.0	0.0	0.0	0.0	0.0	0.0	0.0	1.0	0.0
	3p	+	70	657.0	456.0	454.0	689.0	2256.0	3.0	0.0	1.0	1.0	1.0	0.0	0.0	0.0	2.0	2.0	0.0	1.0	0.0	0.0	0.0	0.0	1.0	0.0	1.0	0.0	0.0
	3p	+	71	686.0	426.0	378.0	616.0	2106.0	0.0	1.0	4.0	1.0	1.0	1.0	0.0	0.0	1.0	4.0	0.0	0.0	0.0	0.0	0.0	0.0	0.0	0.0	0.0	0.0	0.0
	3p	+	72	602.0	393.0	380.0	554.0	1929.0	3.0	4.0	1.0	1.0	1.0	0.0	0.0	1.0	0.0	6.0	0.0	3.0	0.0	0.0	0.0	0.0	0.0	0.0	0.0	0.0	0.0
	3p	+	73	528.0	368.0	331.0	527.0	1754.0	1.0	1.0	5.0	1.0	1.0	0.0	0.0	1.0	1.0	1.0	0.0	0.0	0.0	0.0	0.0	0.0	0.0	0.0	0.0	0.0	0.0
	3p	+	74	497.0	353.0	306.0	469.0	1625.0	0.0	5.0	1.0	1.0	1.0	1.0	0.0	0.0	0.0	1.0	0.0	0.0	0.0	0.0	0.0	0.0	0.0	0.0	1.0	1.0	0.0
	3p	+	75	486.0	289.0	291.0	422.0	1488.0	1.0	2.0	2.0	1.0	1.0	0.0	0.0	0.0	0.0	0.0	1.0	1.0	0.0	0.0	0.0	0.0	0.0	0.0	0.0	0.0	0.0
	3p	+	76	412.0	300.0	267.0	380.0	1359.0	3.0	0.0	1.0	0.0	1.0	0.0	0.0	2.0	1.0	0.0	0.0	0.0	0.0	0.0	0.0	0.0	0.0	0.0	0.0	0.0	0.0
	3p	+	77	365.0	254.0	245.0	367.0	1231.0	1.0	1.0	1.0	0.0	1.0	1.0	1.0	1.0	1.0	2.0	1.0	0.0	0.0	0.0	0.0	0.0	0.0	0.0	0.0	1.0	0.0
	3p	+	78	360.0	192.0	223.0	336.0	1111.0	0.0	5.0	4.0	1.0	0.0	0.0	0.0	2.0	0.0	2.0	0.0	2.0	0.0	0.0	0.0	0.0	0.0	0.0	0.0	0.0	0.0
	3p	+	79	325.0	184.0	180.0	314.0	1003.0	0.0	1.0	1.0	2.0	1.0	0.0	0.0	2.0	1.0	0.0	0.0	1.0	0.0	0.0	0.0	0.0	0.0	0.0	1.0	0.0	0.0
	3p	+	80	268.0	184.0	168.0	275.0	895.0	0.0	1.0	2.0	1.0	1.0	0.0	0.0	1.0	0.0	1.0	0.0	1.0	0.0	0.0	0.0	0.0	0.0	0.0	0.0	0.0	0.0
	3p	+	81	223.0	157.0	156.0	246.0	782.0	1.0	1.0	0.0	0.0	0.0	1.0	0.0	0.0	1.0	1.0	0.0	0.0	0.0	0.0	0.0	0.0	0.0	0.0	0.0	0.0	0.0
	3p	+	82	220.0	137.0	129.0	220.0	706.0	1.0	0.0	0.0	1.0	1.0	0.0	0.0	0.0	0.0	0.0	2.0	0.0	0.0	0.0	0.0	0.0	0.0	0.0	0.0	0.0	0.0
	3p	+	83	195.0	127.0	117.0	193.0	632.0	0.0	0.0	1.0	0.0	1.0	1.0	1.0	0.0	2.0	0.0	0.0	0.0	0.0	0.0	0.0	0.0	0.0	0.0	0.0	0.0	0.0
	3p	+	84	164.0	107.0	106.0	172.0	549.0	0.0	1.0	1.0	2.0	0.0	0.0	2.0	0.0	0.0	0.0	0.0	0.0	0.0	0.0	0.0	0.0	0.0	0.0	0.0	0.0	0.0
	3p	+	85	140.0	97.0	82.0	130.0	449.0	0.0	2.0	0.0	0.0	0.0	0.0	0.0	0.0	0.0	1.0	0.0	0.0	0.0	0.0	0.0	0.0	0.0	0.0	0.0	0.0	0.0
	3p	+	86	141.0	74.0	59.0	100.0	374.0	0.0	0.0	2.0	1.0	0.0	0.0	0.0	0.0	0.0	0.0	0.0	0.0	0.0	0.0	0.0	0.0	0.0	0.0	0.0	0.0	0.0
	3p	+	87	86.0	60.0	65.0	96.0	307.0	0.0	1.0	2.0	0.0	0.0	0.0	0.0	1.0	0.0	0.0	0.0	0.0	0.0	0.0	0.0	0.0	1.0	0.0	0.0	0.0	0.0
	3p	+	88	72.0	45.0	47.0	74.0	238.0	0.0	0.0	0.0	0.0	0.0	0.0	0.0	0.0	0.0	0.0	0.0	0.0	0.0	0.0	0.0	0.0	0.0	0.0	0.0	0.0	0.0
	3p	+	89	56.0	28.0	42.0	54.0	180.0	0.0	0.0	1.0	0.0	0.0	1.0	0.0	0.0	0.0	0.0	0.0	0.0	0.0	0.0	0.0	0.0	0.0	0.0	0.0	0.0	0.0
	3p	+	90	30.0	28.0	25.0	25.0	108.0	0.0	0.0	0.0	0.0	1.0	0.0	0.0	0.0	0.0	0.0	0.0	0.0	0.0	0.0	0.0	0.0	0.0	0.0	0.0	0.0	0.0
	3p	+	91	17.0	7.0	10.0	14.0	48.0	0.0	0.0	0.0	0.0	0.0	0.0	0.0	1.0	0.0	0.0	0.0	0.0	0.0	0.0	0.0	0.0	0.0	0.0	0.0	0.0	0.0
	3p	+	92	0.0	0.0	0.0	0.0	0.0	0.0	0.0	0.0	0.0	0.0	0.0	0.0	0.0	0.0	0.0	0.0	0.0	0.0	0.0	0.0	0.0	0.0	0.0	0.0	0.0	0.0
	3p	+	93	0.0	0.0	0.0	0.0	0.0	0.0	0.0	0.0	0.0	0.0	0.0	0.0	0.0	0.0	0.0	0.0	0.0	0.0	0.0	0.0	0.0	0.0	0.0	0.0	0.0	0.0
	3p	+	94	0.0	0.0	0.0	0.0	0.0	0.0	0.0	0.0	0.0	0.0	0.0	0.0	0.0	0.0	0.0	0.0	0.0	0.0	0.0	0.0	0.0	0.0	0.0	0.0	0.0	0.0
	3p	+	95	0.0	0.0	0.0	0.0	0.0	0.0	0.0	0.0	0.0	0.0	0.0	0.0	0.0	0.0	0.0	0.0	0.0	0.0	0.0	0.0	0.0	0.0	0.0	0.0	0.0	0.0
	3p	+	96	0.0	0.0	0.0	0.0	0.0	0.0	0.0	0.0	0.0	0.0	0.0	0.0	0.0	0.0	0.0	0.0	0.0	0.0	0.0	0.0	0.0	0.0	0.0	0.0	0.0	0.0
	3p	+	97	0.0	0.0	0.0	0.0	0.0	0.0	0.0	0.0	0.0	0.0	0.0	0.0	0.0	0.0	0.0	0.0	0.0	0.0	0.0	0.0	0.0	0.0	0.0	0.0	0.0	0.0
	3p	+	98	0.0	0.0	0.0	0.0	0.0	0.0	0.0	0.0	0.0	0.0	0.0	0.0	0.0	0.0	0.0	0.0	0.0	0.0	0.0	0.0	0.0	0.0	0.0	0.0	0.0	0.0
	3p	+	99	0.0	0.0	0.0	0.0	0.0	0.0	0.0	0.0	0.0	0.0	0.0	0.0	0.0	0.0	0.0	0.0	0.0	0.0	0.0	0.0	0.0	0.0	0.0	0.0	0.0	0.0
	3p	+	100	0.0	0.0	0.0	0.0	0.0	0.0	0.0	0.0	0.0	0.0	0.0	0.0	0.0	0.0	0.0	0.0	0.0	0.0	0.0	0.0	0.0	0.0	0.0	0.0	0.0	0.0
	3p	-	1	12837.0	4151.0	3864.0	8490.0	29342.0	69.0	838.0	35.0	22.0	19.0	48.0	12.0	47.0	14.0	52.0	11.0	32.00.0	0.0	0.0	0.0	0.0	0.0	0.0	0.0	0.0
	3p	-	2	10971.0	5958.0	4444.0	8034.0	29407.0	47.0	216.0	32.0	31.0	20.0	34.0	10.0	24.0	15.0	34.0	22.0	18.00.0	0.0	0.0	0.0	1.0	0.0	1.0	0.0	0.0
	3p	-	3	10533.0	5354.0	5063.0	8515.0	29465.0	26.0	39.0	34.0	16.0	14.0	32.0	4.0	17.0	16.0	34.0	15.0	14.00.0	0.0	0.0	0.0	3.0	0.0	0.0	3.0	0.0
	3p	-	4	10494.0	5575.0	5131.0	8286.0	29486.0	28.0	31.0	18.0	12.0	12.0	13.0	1.0	15.0	7.0	17.0	7.0	22.00.0	0.0	0.0	0.0	11.0	0.0	5.0	2.0	0.0
	3p	-	5	10555.0	5282.0	5224.0	8433.0	29494.0	13.0	30.0	11.0	18.0	8.0	10.0	4.0	9.0	5.0	9.0	6.0	9.00.0	0.0	0.0	0.0	25.0	0.0	3.0	3.0	0.0
	3p	-	6	10567.0	5131.0	5485.0	8316.0	29499.0	12.0	25.0	21.0	11.0	12.0	15.0	7.0	9.0	10.0	9.0	9.0	16.00.0	0.0	0.0	0.0	32.0	0.0	7.0	7.0	0.0
	3p	-	7	10274.0	5323.0	5432.0	8469.0	29498.0	12.0	20.0	18.0	13.0	10.0	9.0	2.0	6.0	8.0	9.0	4.0	11.00.0	0.0	0.0	0.0	34.0	0.0	11.0	9.0	0.0
	3p	-	8	10245.0	5312.0	5443.0	8483.0	29483.0	7.0	23.0	11.0	6.0	6.0	6.0	3.0	4.0	6.0	7.0	7.0	7.00.0	0.0	0.0	0.0	29.0	0.0	19.0	14.0	0.0
	3p	-	9	10057.0	5434.0	5420.0	8574.0	29485.0	8.0	24.0	15.0	6.0	8.0	8.0	1.0	5.0	1.0	8.0	7.0	7.00.0	0.0	0.0	0.0	30.0	0.0	14.0	15.0	0.0
	3p	-	10	9833.0	5413.0	5450.0	8776.0	29472.0	12.0	15.0	10.0	14.0	7.0	5.0	6.0	10.0	8.0	4.0	0.0	9.00.0	0.0	0.0	0.0	37.0	0.0	14.0	21.0	0.0
	3p	-	11	9742.0	5581.0	5503.0	8661.0	29487.0	6.0	19.0	19.0	8.0	2.0	9.0	4.0	7.0	3.0	9.0	3.0	7.00.0	0.0	0.0	0.0	39.0	0.0	9.0	16.0	0.0
	3p	-	12	9889.0	5521.0	5517.0	8567.0	29494.0	11.0	13.0	17.0	8.0	3.0	2.0	2.0	6.0	6.0	7.0	6.0	12.00.0	0.0	0.0	0.0	31.0	0.0	19.0	11.0	0.0
	3p	-	13	9596.0	5524.0	5563.0	8801.0	29484.0	13.0	19.0	15.0	7.0	6.0	6.0	4.0	7.0	2.0	8.0	5.0	7.00.0	0.0	0.0	0.0	38.0	0.0	13.0	14.0	0.0
	3p	-	14	9909.0	5501.0	5468.0	8593.0	29471.0	7.0	15.0	18.0	10.0	10.0	9.0	3.0	4.0	1.0	7.0	5.0	19.00.0	0.0	0.0	0.0	46.0	0.0	19.0	10.0	0.0
	3p	-	15	9635.0	5625.0	5519.0	8702.0	29481.0	7.0	24.0	6.0	12.0	8.0	9.0	4.0	6.0	7.0	5.0	1.0	9.00.0	0.0	0.0	0.0	36.0	0.0	22.0	14.0	0.0
	3p	-	16	9661.0	5594.0	5546.0	8698.0	29499.0	20.0	19.0	19.0	14.0	5.0	11.0	4.0	5.0	5.0	5.0	2.0	10.00.0	0.0	0.0	0.0	31.0	0.0	13.0	19.0	0.0
	3p	-	17	9812.0	5418.0	5513.0	8739.0	29482.0	8.0	12.0	13.0	8.0	4.0	7.0	2.0	1.0	3.0	3.0	1.0	9.00.0	0.0	0.0	0.0	36.0	0.0	15.0	12.0	0.0
	3p	-	18	9717.0	5541.0	5582.0	8646.0	29486.0	13.0	17.0	8.0	10.0	5.0	10.0	0.0	2.0	3.0	2.0	3.0	8.00.0	0.0	0.0	0.0	34.0	0.0	19.0	15.0	0.0
	3p	-	19	9624.0	5604.0	5507.0	8757.0	29492.0	5.0	10.0	13.0	9.0	3.0	3.0	3.0	5.0	5.0	7.0	4.0	7.00.0	0.0	0.0	0.0	27.0	0.0	14.0	26.0	0.0
	3p	-	20	9717.0	5537.0	5494.0	8749.0	29497.0	9.0	27.0	16.0	15.0	6.0	10.0	1.0	6.0	1.0	6.0	4.0	12.00.0	0.0	0.0	0.0	31.0	0.0	7.0	13.0	0.0
	3p	-	21	9581.0	5733.0	5473.0	8705.0	29492.0	12.0	18.0	14.0	5.0	5.0	3.0	3.0	2.0	6.0	2.0	3.0	10.00.0	0.0	0.0	0.0	30.0	0.0	16.0	15.0	0.0
	3p	-	22	9688.0	5618.0	5484.0	8693.0	29483.0	10.0	11.0	19.0	15.0	5.0	9.0	1.0	10.0	3.0	6.0	5.0	9.00.0	0.0	0.0	0.0	40.0	0.0	8.0	17.0	0.0
	3p	-	23	9692.0	5529.0	5502.0	8760.0	29483.0	10.0	17.0	10.0	8.0	3.0	2.0	1.0	3.0	6.0	3.0	3.0	11.00.0	0.0	0.0	0.0	33.0	0.0	17.0	16.0	0.0
	3p	-	24	9748.0	5536.0	5545.0	8639.0	29468.0	7.0	18.0	11.0	15.0	4.0	8.0	4.0	5.0	3.0	5.0	2.0	11.00.0	0.0	0.0	0.0	41.0	0.0	19.0	21.0	0.0
	3p	-	25	9778.0	5556.0	5509.0	8632.0	29475.0	13.0	12.0	22.0	11.0	7.0	8.0	2.0	1.0	3.0	6.0	2.0	16.00.0	0.0	0.0	0.0	32.0	0.0	17.0	21.0	0.0
	3p	-	26	9740.0	5633.0	5527.0	8578.0	29478.0	14.0	19.0	10.0	5.0	9.0	7.0	1.0	7.0	3.0	5.0	2.0	3.00.0	0.0	0.0	0.0	33.0	0.0	15.0	18.0	0.0
	3p	-	27	9685.0	5607.0	5491.0	8711.0	29494.0	15.0	12.0	18.0	14.0	8.0	9.0	3.0	3.0	3.0	6.0	6.0	12.00.0	0.0	0.0	0.0	30.0	0.0	15.0	19.0	0.0
	3p	-	28	9692.0	5492.0	5647.0	8677.0	29508.0	17.0	15.0	12.0	12.0	4.0	3.0	5.0	5.0	3.0	13.0	2.0	14.00.0	0.0	0.0	0.0	29.0	0.0	9.0	11.0	0.0
	3p	-	29	9644.0	5538.0	5653.0	8667.0	29502.0	13.0	22.0	13.0	13.0	5.0	6.0	4.0	8.0	7.0	5.0	4.0	13.00.0	0.0	0.0	0.0	29.0	0.0	11.0	13.0	0.0
	3p	-	30	9795.0	5589.0	5538.0	8579.0	29501.0	9.0	28.0	23.0	9.0	11.0	13.0	5.0	9.0	5.0	7.0	1.0	10.00.0	0.0	0.0	0.0	22.0	0.0	11.0	11.0	0.0
	3p	-	31	9322.0	5132.0	5257.0	8278.0	27989.0	7.0	30.0	22.0	9.0	5.0	8.0	4.0	5.0	5.0	8.0	5.0	11.00.0	0.0	0.0	0.0	20.0	0.0	8.0	4.0	0.0
	3p	-	32	8633.0	4842.0	5078.0	7918.0	26471.0	6.0	9.0	17.0	5.0	5.0	9.0	1.0	4.0	5.0	6.0	2.0	17.00.0	0.0	0.0	0.0	18.0	0.0	12.0	12.0	0.0
	3p	-	33	8332.0	4613.0	4621.0	7503.0	25069.0	12.0	24.0	18.0	10.0	2.0	11.0	6.0	9.0	5.0	11.0	4.0	7.00.0	0.0	0.0	0.0	27.0	0.0	13.0	11.0	0.0
	3p	-	34	7858.0	4407.0	4426.0	6941.0	23632.0	16.0	22.0	15.0	10.0	4.0	5.0	2.0	4.0	6.0	8.0	0.0	4.00.0	0.0	0.0	0.0	24.0	0.0	7.0	4.0	0.0
	3p	-	35	7558.0	4027.0	4151.0	6599.0	22335.0	14.0	21.0	9.0	2.0	3.0	8.0	1.0	7.0	4.0	4.0	2.0	11.00.0	0.0	0.0	0.0	9.0	0.0	19.0	9.0	0.0
	3p	-	36	6872.0	3968.0	3936.0	6309.0	21085.0	7.0	17.0	14.0	11.0	3.0	6.0	2.0	3.0	1.0	8.0	2.0	10.00.0	0.0	0.0	0.0	16.0	0.0	2.0	8.0	0.0
	3p	-	37	6516.0	3743.0	3652.0	5961.0	19872.0	6.0	25.0	11.0	4.0	2.0	5.0	5.0	6.0	1.0	7.0	6.0	12.00.0	0.0	0.0	0.0	7.0	0.0	7.0	4.0	0.0
	3p	-	38	6117.0	3442.0	3467.0	5649.0	18675.0	8.0	28.0	16.0	6.0	3.0	3.0	1.0	5.0	2.0	1.0	2.0	7.00.0	0.0	0.0	0.0	6.0	0.0	7.0	4.0	0.0
	3p	-	39	5833.0	3294.0	3242.0	5220.0	17589.0	10.0	31.0	14.0	4.0	5.0	5.0	3.0	2.0	0.0	3.0	3.0	8.00.0	0.0	0.0	0.0	2.0	0.0	3.0	4.0	0.0
	3p	-	40	5471.0	3113.0	3042.0	4936.0	16562.0	6.0	22.0	9.0	4.0	5.0	3.0	2.0	6.0	3.0	10.0	8.0	7.00.0	0.0	0.0	0.0	6.0	0.0	8.0	6.0	0.0
	3p	-	41	5082.0	2965.0	2989.0	4539.0	15575.0	6.0	14.0	8.0	10.0	3.0	11.0	1.0	5.0	3.0	12.0	3.0	10.00.0	0.0	0.0	0.0	6.0	0.0	8.0	6.0	0.0
	3p	-	42	4813.0	2677.0	2777.0	4320.0	14587.0	10.0	18.0	8.0	6.0	2.0	3.0	1.0	3.0	3.0	5.0	4.0	7.00.0	0.0	0.0	0.0	14.0	0.0	6.0	6.0	0.0
	3p	-	43	4487.0	2563.0	2572.0	4060.0	13682.0	7.0	13.0	8.0	8.0	3.0	2.0	2.0	6.0	2.0	5.0	1.0	7.00.0	0.0	0.0	0.0	10.0	0.0	3.0	1.0	0.0
	3p	-	44	4228.0	2330.0	2466.0	3799.0	12823.0	10.0	16.0	13.0	7.0	3.0	6.0	2.0	6.0	3.0	3.0	2.0	2.00.0	0.0	0.0	0.0	10.0	0.0	6.0	2.0	0.0
	3p	-	45	3930.0	2185.0	2331.0	3567.0	12013.0	10.0	19.0	11.0	7.0	4.0	5.0	2.0	7.0	1.0	5.0	4.0	2.00.0	0.0	0.0	0.0	5.0	0.0	5.0	2.0	0.0
	3p	-	46	3628.0	2087.0	2116.0	3409.0	11240.0	4.0	12.0	12.0	4.0	5.0	8.0	0.0	2.0	4.0	5.0	1.0	5.00.0	0.0	0.0	0.0	0.0	0.0	1.0	1.0	0.0
	3p	-	47	3442.0	2035.0	1902.0	3123.0	10502.0	7.0	17.0	5.0	9.0	3.0	3.0	0.0	2.0	2.0	2.0	1.0	5.00.0	0.0	0.0	0.0	2.0	0.0	2.0	4.0	0.0
	3p	-	48	3177.0	1870.0	1828.0	2960.0	9835.0	5.0	11.0	5.0	5.0	3.0	3.0	0.0	6.0	1.0	2.0	2.0	4.00.0	0.0	0.0	0.0	3.0	0.0	1.0	3.0	0.0
	3p	-	49	3004.0	1754.0	1736.0	2734.0	9228.0	1.0	8.0	7.0	4.0	5.0	3.0	3.0	1.0	0.0	7.0	0.0	6.00.0	0.0	0.0	0.0	6.0	0.0	1.0	1.0	0.0
	3p	-	50	2841.0	1601.0	1608.0	2620.0	8670.0	3.0	10.0	4.0	5.0	4.0	2.0	2.0	4.0	3.0	5.0	4.0	3.00.0	0.0	0.0	0.0	6.0	0.0	3.0	2.0	0.0
	3p	-	51	2607.0	1567.0	1526.0	2440.0	8140.0	2.0	7.0	5.0	4.0	4.0	3.0	3.0	3.0	1.0	5.0	2.0	2.00.0	0.0	0.0	0.0	3.0	0.0	3.0	4.0	0.0
	3p	-	52	2480.0	1458.0	1407.0	2302.0	7647.0	6.0	5.0	8.0	3.0	2.0	6.0	1.0	5.0	5.0	5.0	5.0	6.00.0	0.0	0.0	0.0	5.0	0.0	1.0	4.0	0.0
	3p	-	53	2279.0	1323.0	1379.0	2160.0	7141.0	2.0	11.0	4.0	2.0	5.0	3.0	0.0	2.0	1.0	6.0	0.0	3.00.0	0.0	0.0	0.0	6.0	0.0	1.0	2.0	0.0
	3p	-	54	2056.0	1306.0	1276.0	2051.0	6689.0	7.0	7.0	3.0	3.0	3.0	0.0	1.0	5.0	2.0	5.0	4.0	4.00.0	0.0	0.0	0.0	1.0	0.0	1.0	0.0	0.0
	3p	-	55	1997.0	1175.0	1138.0	1955.0	6265.0	3.0	4.0	6.0	1.0	2.0	6.0	0.0	2.0	1.0	4.0	2.0	3.00.0	0.0	0.0	0.0	2.0	0.0	0.0	0.0	0.0
	3p	-	56	1945.0	1116.0	1086.0	1724.0	5871.0	1.0	10.0	1.0	3.0	3.0	2.0	1.0	2.0	3.0	3.0	0.0	4.00.0	0.0	0.0	0.0	2.0	0.0	0.0	1.0	0.0
	3p	-	57	1750.0	1116.0	1030.0	1600.0	5496.0	4.0	11.0	2.0	1.0	1.0	0.0	2.0	1.0	0.0	2.0	1.0	4.00.0	0.0	0.0	0.0	2.0	0.0	3.0	3.0	0.0
	3p	-	58	1653.0	943.0	976.0	1560.0	5132.0	4.0	2.0	6.0	2.0	3.0	1.0	0.0	0.0	1.0	2.0	0.0	3.00.0	0.0	0.0	0.0	1.0	0.0	1.0	3.0	0.0
	3p	-	59	1535.0	918.0	917.0	1418.0	4788.0	2.0	6.0	3.0	0.0	2.0	0.0	0.0	1.0	0.0	4.0	1.0	1.00.0	0.0	0.0	0.0	1.0	0.0	1.0	1.0	0.0
	3p	-	60	1465.0	876.0	848.0	1286.0	4475.0	4.0	5.0	1.0	3.0	1.0	2.0	2.0	2.0	2.0	4.0	0.0	2.00.0	0.0	0.0	0.0	0.0	0.0	1.0	1.0	0.0
	3p	-	61	1290.0	812.0	864.0	1208.0	4174.0	3.0	8.0	4.0	5.0	4.0	1.0	1.0	1.0	2.0	6.0	0.0	4.00.0	0.0	0.0	0.0	1.0	0.0	0.0	2.0	0.0
	3p	-	62	1224.0	741.0	757.0	1163.0	3885.0	2.0	5.0	2.0	2.0	0.0	1.0	0.0	3.0	1.0	3.0	0.0	1.00.0	0.0	0.0	0.0	1.0	0.0	0.0	2.0	0.0
	3p	-	63	1132.0	710.0	691.0	1070.0	3603.0	1.0	3.0	2.0	1.0	0.0	0.0	0.0	1.0	2.0	1.0	0.0	0.00.0	0.0	0.0	0.0	2.0	0.0	3.0	0.0	0.0
	3p	-	64	1075.0	642.0	624.0	1018.0	3359.0	1.0	7.0	2.0	2.0	1.0	0.0	0.0	2.0	0.0	0.0	0.0	1.00.0	0.0	0.0	0.0	0.0	0.0	0.0	1.0	0.0
	3p	-	65	1017.0	591.0	592.0	915.0	3115.0	0.0	5.0	2.0	0.0	0.0	0.0	0.0	2.0	4.0	0.0	0.0	2.00.0	0.0	0.0	0.0	1.0	0.0	0.0	0.0	0.0
	3p	-	66	900.0	600.0	566.0	828.0	2894.0	5.0	3.0	5.0	5.0	1.0	0.0	2.0	2.0	0.0	0.0	0.0	0.00.0	0.0	0.0	0.0	0.0	0.0	0.0	0.0	0.0
	3p	-	67	822.0	503.0	568.0	780.0	2673.0	2.0	4.0	1.0	1.0	3.0	1.0	1.0	1.0	1.0	0.0	0.0	1.00.0	0.0	0.0	0.0	0.0	0.0	1.0	1.0	0.0
	3p	-	68	818.0	451.0	501.0	697.0	2467.0	0.0	4.0	4.0	1.0	2.0	2.0	0.0	2.0	2.0	0.0	1.0	2.00.0	0.0	0.0	0.0	0.0	0.0	0.0	0.0	0.0
	3p	-	69	728.0	443.0	430.0	698.0	2299.0	2.0	1.0	2.0	1.0	0.0	3.0	1.0	0.0	1.0	1.0	0.0	1.00.0	0.0	0.0	0.0	0.0	0.0	0.0	0.0	0.0
	3p	-	70	669.0	414.0	418.0	650.0	2151.0	3.0	1.0	0.0	1.0	1.0	3.0	2.0	0.0	1.0	3.0	0.0	1.00.0	0.0	0.0	0.0	1.0	0.0	0.0	0.0	0.0
	3p	-	71	643.0	377.0	400.0	576.0	1996.0	1.0	1.0	0.0	0.0	1.0	1.0	0.0	3.0	2.0	1.0	0.0	1.00.0	0.0	0.0	0.0	1.0	0.0	1.0	0.0	0.0
	3p	-	72	589.0	372.0	339.0	537.0	1837.0	1.0	0.0	1.0	2.0	0.0	0.0	2.0	2.0	0.0	1.0	0.0	0.00.0	0.0	0.0	0.0	0.0	0.0	0.0	0.0	0.0
	3p	-	73	565.0	318.0	325.0	483.0	1691.0	1.0	3.0	0.0	2.0	1.0	1.0	1.0	0.0	0.0	0.0	1.0	1.00.0	0.0	0.0	0.0	0.0	0.0	1.0	1.0	0.0
	3p	-	74	490.0	293.0	309.0	470.0	1562.0	1.0	4.0	1.0	0.0	0.0	0.0	0.0	0.0	1.0	1.0	0.0	1.00.0	0.0	0.0	0.0	0.0	0.0	0.0	0.0	0.0
	3p	-	75	464.0	273.0	278.0	416.0	1431.0	0.0	0.0	2.0	1.0	1.0	1.0	0.0	0.0	1.0	1.0	1.0	0.00.0	0.0	0.0	0.0	0.0	0.0	0.0	0.0	0.0
	3p	-	76	428.0	267.0	235.0	391.0	1321.0	2.0	2.0	1.0	0.0	0.0	0.0	0.0	0.0	0.0	2.0	0.0	0.00.0	0.0	0.0	0.0	0.0	0.0	0.0	0.0	0.0
	3p	-	77	375.0	236.0	208.0	382.0	1201.0	0.0	0.0	1.0	1.0	0.0	2.0	0.0	1.0	0.0	1.0	0.0	1.00.0	0.0	0.0	0.0	0.0	0.0	0.0	0.0	0.0
	3p	-	78	335.0	200.0	225.0	326.0	1086.0	0.0	0.0	1.0	1.0	1.0	2.0	0.0	0.0	0.0	2.0	0.0	0.00.0	0.0	0.0	0.0	1.0	0.0	0.0	0.0	0.0
	3p	-	79	307.0	204.0	179.0	305.0	995.0	1.0	1.0	0.0	1.0	0.0	0.0	0.0	1.0	2.0	2.0	0.0	1.00.0	0.0	0.0	0.0	0.0	0.0	0.0	0.0	0.0
	3p	-	80	271.0	182.0	152.0	285.0	890.0	2.0	4.0	1.0	3.0	0.0	2.0	0.0	0.0	1.0	0.0	0.0	0.00.0	0.0	0.0	0.0	0.0	0.0	0.0	1.0	0.0
	3p	-	81	241.0	145.0	160.0	254.0	800.0	0.0	0.0	2.0	0.0	0.0	1.0	0.0	0.0	0.0	0.0	0.0	0.00.0	0.0	0.0	0.0	0.0	0.0	0.0	0.0	0.0
	3p	-	82	229.0	141.0	130.0	207.0	707.0	1.0	1.0	1.0	0.0	0.0	0.0	0.0	0.0	0.0	0.0	0.0	1.00.0	0.0	0.0	0.0	0.0	0.0	0.0	0.0	0.0
	3p	-	83	210.0	119.0	133.0	173.0	635.0	0.0	0.0	1.0	1.0	0.0	0.0	0.0	0.0	2.0	1.0	0.0	0.00.0	0.0	0.0	0.0	1.0	0.0	0.0	0.0	0.0
	3p	-	84	153.0	115.0	129.0	162.0	559.0	0.0	2.0	0.0	1.0	0.0	0.0	0.0	0.0	1.0	0.0	0.0	0.00.0	0.0	0.0	0.0	0.0	0.0	0.0	0.0	0.0
	3p	-	85	131.0	88.0	100.0	148.0	467.0	0.0	0.0	0.0	0.0	1.0	0.0	0.0	0.0	1.0	0.0	0.0	1.00.0	0.0	0.0	0.0	0.0	0.0	0.0	0.0	0.0
	3p	-	86	94.0	70.0	82.0	132.0	378.0	0.0	1.0	0.0	0.0	1.0	0.0	0.0	0.0	0.0	0.0	0.0	1.00.0	0.0	0.0	0.0	0.0	0.0	0.0	0.0	0.0
	3p	-	87	85.0	57.0	56.0	96.0	294.0	0.0	0.0	0.0	1.0	0.0	0.0	0.0	0.0	1.0	0.0	0.0	0.00.0	0.0	0.0	0.0	0.0	0.0	0.0	0.0	0.0
	3p	-	88	62.0	48.0	43.0	77.0	230.0	0.0	0.0	0.0	0.0	0.0	1.0	0.0	0.0	0.0	1.0	0.0	0.00.0	0.0	0.0	0.0	0.0	0.0	0.0	0.0	0.0
	3p	-	89	59.0	29.0	23.0	52.0	163.0	1.0	0.0	0.0	0.0	0.0	1.0	0.0	0.0	0.0	0.0	0.0	0.00.0	0.0	0.0	0.0	0.0	0.0	0.0	0.0	0.0
	3p	-	90	31.0	22.0	24.0	30.0	107.0	0.0	0.0	0.0	0.0	0.0	0.0	0.0	2.0	0.0	2.0	0.0	0.00.0	0.0	0.0	0.0	0.0	0.0	0.0	0.0	0.0
	3p	-	91	20.0	8.0	7.0	24.0	59.0	0.0	0.0	0.0	0.0	0.0	0.0	1.0	0.0	0.0	0.0	0.0	0.00.0	0.0	0.0	0.0	0.0	0.0	0.0	0.0	0.0
	3p	-	92	0.0	0.0	0.0	0.0	0.0	0.0	0.0	0.0	0.0	0.0	0.0	0.0	0.0	0.0	0.0	0.0	0.00.0	0.0	0.0	0.0	0.0	0.0	0.0	0.0	0.0
	3p	-	93	0.0	0.0	0.0	0.0	0.0	0.0	0.0	0.0	0.0	0.0	0.0	0.0	0.0	0.0	0.0	0.0	0.00.0	0.0	0.0	0.0	0.0	0.0	0.0	0.0	0.0
	3p	-	94	0.0	0.0	0.0	0.0	0.0	0.0	0.0	0.0	0.0	0.0	0.0	0.0	0.0	0.0	0.0	0.0	0.00.0	0.0	0.0	0.0	0.0	0.0	0.0	0.0	0.0
	3p	-	95	0.0	0.0	0.0	0.0	0.0	0.0	0.0	0.0	0.0	0.0	0.0	0.0	0.0	0.0	0.0	0.0	0.00.0	0.0	0.0	0.0	0.0	0.0	0.0	0.0	0.0
	3p	-	96	0.0	0.0	0.0	0.0	0.0	0.0	0.0	0.0	0.0	0.0	0.0	0.0	0.0	0.0	0.0	0.0	0.00.0	0.0	0.0	0.0	0.0	0.0	0.0	0.0	0.0
	3p	-	97	0.0	0.0	0.0	0.0	0.0	0.0	0.0	0.0	0.0	0.0	0.0	0.0	0.0	0.0	0.0	0.0	0.00.0	0.0	0.0	0.0	0.0	0.0	0.0	0.0	0.0
	3p	-	98	0.0	0.0	0.0	0.0	0.0	0.0	0.0	0.0	0.0	0.0	0.0	0.0	0.0	0.0	0.0	0.0	0.00.0	0.0	0.0	0.0	0.0	0.0	0.0	0.0	0.0
	3p	-	99	0.0	0.0	0.0	0.0	0.0	0.0	0.0	0.0	0.0	0.0	0.0	0.0	0.0	0.0	0.0	0.0	0.00.0	0.0	0.0	0.0	0.0	0.0	0.0	0.0	0.0
	3p	-	100	0.0	0.0	0.0	0.0	0.0	0.0	0.0	0.0	0.0	0.0	0.0	0.0	0.0	0.0	0.0	0.0	0.00.0	0.0	0.0	0.0	0.0	0.0	0.0	0.0	0.0
	5p	+	1	10696.0	5338.0	4376.0	9202.0	29612.0	42.0	113.0	67.0	28.0	24.0	49.0	6.0	41.0	17.0	46.0	18.0	30.00.0	0.0	0.0	0.0	0.0	0.0	0.0	0.0	0.0
	5p	+	2	9463.0	4886.0	6374.0	8932.0	29655.0	24.0	79.0	29.0	17.0	25.0	27.0	10.0	19.0	20.0	42.0	8.0	17.00.0	0.0	0.0	0.0	2.0	0.0	1.0	2.0	0.0
	5p	+	3	9797.0	5434.0	5757.0	8706.0	29694.0	15.0	46.0	35.0	13.0	10.0	15.0	5.0	14.0	8.0	22.0	8.0	16.00.0	0.0	0.0	0.0	8.0	0.0	2.0	4.0	0.0
	5p	+	4	9694.0	5561.0	5988.0	8481.0	29724.0	12.0	28.0	21.0	16.0	20.0	19.0	2.0	12.0	10.0	18.0	7.0	13.00.0	0.0	0.0	0.0	15.0	0.0	2.0	4.0	0.0
	5p	+	5	9451.0	5622.0	5922.0	8734.0	29729.0	17.0	31.0	26.0	13.0	9.0	9.0	6.0	11.0	10.0	9.0	6.0	9.00.0	0.0	0.0	0.0	16.0	0.0	9.0	10.0	0.0
	5p	+	6	9267.0	5657.0	5986.0	8835.0	29745.0	16.0	26.0	12.0	14.0	10.0	12.0	4.0	6.0	4.0	14.0	3.0	9.00.0	0.0	0.0	0.0	17.0	0.0	11.0	14.0	0.0
	5p	+	7	9565.0	5488.0	5969.0	8743.0	29765.0	12.0	23.0	15.0	12.0	9.0	12.0	4.0	2.0	3.0	9.0	3.0	8.00.0	0.0	0.0	0.0	16.0	0.0	14.0	17.0	0.0
	5p	+	8	10023.0	5525.0	5616.0	8593.0	29757.0	11.0	18.0	12.0	14.0	5.0	1.0	2.0	4.0	8.0	8.0	3.0	6.00.0	0.0	0.0	0.0	30.0	0.0	18.0	8.0	0.0
	5p	+	9	9943.0	5487.0	5521.0	8805.0	29756.0	13.0	20.0	13.0	11.0	4.0	4.0	2.0	4.0	2.0	8.0	5.0	9.00.0	0.0	0.0	0.0	27.0	0.0	14.0	16.0	0.0
	5p	+	10	9830.0	5531.0	5608.0	8783.0	29752.0	11.0	15.0	11.0	14.0	4.0	3.0	6.0	5.0	6.0	7.0	3.0	13.00.0	0.0	0.0	0.0	20.0	0.0	19.0	24.0	0.0
	5p	+	11	9712.0	5692.0	5503.0	8853.0	29760.0	6.0	11.0	16.0	6.0	11.0	7.0	4.0	6.0	11.0	10.0	2.0	7.00.0	0.0	0.0	0.0	30.0	0.0	18.0	14.0	0.0
	5p	+	12	9784.0	5741.0	5499.0	8737.0	29761.0	11.0	16.0	12.0	10.0	5.0	6.0	3.0	2.0	8.0	6.0	1.0	8.00.0	0.0	0.0	0.0	35.0	0.0	16.0	16.0	0.0
	5p	+	13	9869.0	5644.0	5514.0	8739.0	29766.0	5.0	21.0	15.0	14.0	6.0	5.0	5.0	2.0	1.0	8.0	2.0	12.00.0	0.0	0.0	0.0	31.0	0.0	17.0	9.0	0.0
	5p	+	14	9851.0	5606.0	5565.0	8743.0	29765.0	7.0	12.0	17.0	11.0	4.0	3.0	3.0	8.0	3.0	3.0	6.0	8.00.0	0.0	0.0	0.0	36.0	0.0	10.0	10.0	0.0
	5p	+	15	9750.0	5717.0	5690.0	8602.0	29759.0	10.0	14.0	17.0	7.0	11.0	9.0	1.0	8.0	2.0	9.0	2.0	8.00.0	0.0	0.0	0.0	35.0	0.0	15.0	12.0	0.0
	5p	+	16	9779.0	5687.0	5513.0	8787.0	29766.0	11.0	13.0	8.0	8.0	6.0	4.0	2.0	10.0	2.0	12.0	1.0	9.00.0	0.0	0.0	0.0	29.0	0.0	13.0	14.0	0.0
	5p	+	17	9679.0	5706.0	5530.0	8840.0	29755.0	6.0	16.0	10.0	12.0	2.0	3.0	2.0	6.0	0.0	6.0	2.0	6.00.0	0.0	0.0	0.0	34.0	0.0	13.0	18.0	0.0
	5p	+	18	9707.0	5684.0	5570.0	8778.0	29739.0	11.0	15.0	11.0	15.0	2.0	5.0	3.0	5.0	3.0	6.0	4.0	11.00.0	0.0	0.0	0.0	36.0	0.0	16.0	22.0	0.0
	5p	+	19	9645.0	5728.0	5643.0	8728.0	29744.0	12.0	19.0	8.0	11.0	4.0	4.0	1.0	4.0	5.0	7.0	3.0	13.00.0	0.0	0.0	0.0	29.0	0.0	22.0	13.0	0.0
	5p	+	20	9647.0	5636.0	5583.0	8887.0	29753.0	12.0	13.0	20.0	13.0	6.0	6.0	0.0	5.0	0.0	6.0	4.0	9.00.0	0.0	0.0	0.0	32.0	0.0	15.0	13.0	0.0
	5p	+	21	9787.0	5634.0	5540.0	8792.0	29753.0	15.0	14.0	13.0	8.0	8.0	6.0	4.0	8.0	1.0	2.0	1.0	13.00.0	0.0	0.0	0.0	32.0	0.0	17.0	15.0	0.0
	5p	+	22	9787.0	5569.0	5580.0	8815.0	29751.0	4.0	20.0	17.0	4.0	5.0	7.0	3.0	4.0	3.0	3.0	4.0	15.00.0	0.0	0.0	0.0	35.0	0.0	15.0	15.0	0.0
	5p	+	23	9729.0	5650.0	5506.0	8866.0	29751.0	14.0	16.0	16.0	12.0	1.0	10.0	3.0	6.0	3.0	7.0	4.0	11.00.0	0.0	0.0	0.0	31.0	0.0	10.0	17.0	0.0
	5p	+	24	9805.0	5641.0	5570.0	8750.0	29766.0	8.0	19.0	9.0	10.0	0.0	4.0	4.0	6.0	6.0	5.0	3.0	9.00.0	0.0	0.0	0.0	30.0	0.0	13.0	14.0	0.0
	5p	+	25	9924.0	5566.0	5440.0	8834.0	29764.0	12.0	13.0	19.0	16.0	4.0	8.0	1.0	7.0	4.0	8.0	3.0	6.00.0	0.0	0.0	0.0	22.0	0.0	21.0	13.0	0.0
	5p	+	26	9982.0	5531.0	5524.0	8745.0	29782.0	11.0	19.0	12.0	6.0	5.0	2.0	2.0	8.0	4.0	3.0	3.0	9.00.0	0.0	0.0	0.0	21.0	0.0	12.0	11.0	0.0
	5p	+	27	10093.0	5600.0	5435.0	8668.0	29796.0	12.0	14.0	13.0	11.0	10.0	7.0	3.0	5.0	2.0	5.0	6.0	5.00.0	0.0	0.0	0.0	24.0	0.0	9.0	2.0	0.0
	5p	+	28	10094.0	5593.0	5445.0	8636.0	29768.0	9.0	20.0	20.0	6.0	6.0	8.0	2.0	11.0	5.0	10.0	5.0	9.00.0	0.0	0.0	0.0	21.0	0.0	7.0	17.0	0.0
	5p	+	29	10024.0	5531.0	5499.0	8737.0	29791.0	8.0	31.0	24.0	10.0	5.0	9.0	3.0	4.0	7.0	3.0	3.0	16.00.0	0.0	0.0	0.0	15.0	0.0	5.0	8.0	0.0
	5p	+	30	10165.0	5552.0	5391.0	8675.0	29783.0	16.0	69.0	11.0	11.0	5.0	9.0	1.0	10.0	3.0	12.0	2.0	12.00.0	0.0	0.0	0.0	22.0	0.0	7.0	7.0	0.0
	5p	+	31	9802.0	5152.0	5057.0	8238.0	28249.0	23.0	74.0	15.0	9.0	4.0	7.0	2.0	6.0	4.0	6.0	6.0	11.00.0	0.0	0.0	0.0	21.0	0.0	10.0	6.0	0.0
	5p	+	32	9217.0	4884.0	4842.0	7829.0	26772.0	8.0	71.0	14.0	14.0	4.0	11.0	3.0	16.0	4.0	9.0	2.0	11.00.0	0.0	0.0	0.0	21.0	0.0	4.0	4.0	0.0
	5p	+	33	8811.0	4682.0	4547.0	7331.0	25371.0	6.0	73.0	20.0	13.0	3.0	7.0	3.0	10.0	5.0	3.0	3.0	8.00.0	0.0	0.0	0.0	17.0	0.0	7.0	6.0	0.0
	5p	+	34	8363.0	4342.0	4269.0	6984.0	23958.0	12.0	60.0	14.0	10.0	3.0	4.0	1.0	5.0	4.0	5.0	2.0	7.00.0	0.0	0.0	0.0	19.0	0.0	7.0	6.0	0.0
	5p	+	35	7801.0	4159.0	3999.0	6674.0	22633.0	6.0	49.0	17.0	7.0	2.0	5.0	3.0	7.0	5.0	8.0	3.0	8.00.0	0.0	0.0	0.0	13.0	0.0	9.0	4.0	0.0
	5p	+	36	7356.0	4034.0	3767.0	6183.0	21340.0	13.0	59.0	13.0	5.0	7.0	8.0	1.0	6.0	2.0	7.0	3.0	7.00.0	0.0	0.0	0.0	13.0	0.0	2.0	9.0	0.0
	5p	+	37	6994.0	3723.0	3470.0	5838.0	20025.0	5.0	55.0	7.0	13.0	4.0	11.0	1.0	3.0	1.0	10.0	1.0	9.00.0	0.0	0.0	0.0	16.0	0.0	4.0	6.0	0.0
	5p	+	38	6472.0	3537.0	3361.0	5437.0	18807.0	11.0	45.0	6.0	10.0	6.0	6.0	1.0	10.0	2.0	5.0	5.0	10.00.0	0.0	0.0	0.0	18.0	0.0	3.0	5.0	0.0
	5p	+	39	6062.0	3276.0	3142.0	5219.0	17699.0	7.0	42.0	7.0	9.0	3.0	9.0	2.0	5.0	1.0	5.0	0.0	2.00.0	0.0	0.0	0.0	7.0	0.0	5.0	2.0	0.0
	5p	+	40	5766.0	2994.0	2960.0	4877.0	16597.0	5.0	46.0	14.0	12.0	1.0	3.0	2.0	7.0	6.0	4.0	5.0	4.00.0	0.0	0.0	0.0	11.0	0.0	2.0	3.0	0.0
	5p	+	41	5498.0	2788.0	2753.0	4489.0	15528.0	6.0	41.0	6.0	7.0	6.0	5.0	1.0	2.0	3.0	3.0	3.0	5.00.0	0.0	0.0	0.0	12.0	0.0	2.0	4.0	0.0
	5p	+	42	5021.0	2686.0	2628.0	4287.0	14622.0	10.0	44.0	7.0	4.0	3.0	6.0	2.0	5.0	2.0	5.0	0.0	5.00.0	0.0	0.0	0.0	7.0	0.0	5.0	6.0	0.0
	5p	+	43	4734.0	2468.0	2468.0	4064.0	13734.0	13.0	45.0	8.0	6.0	1.0	3.0	0.0	4.0	7.0	5.0	2.0	11.00.0	0.0	0.0	0.0	10.0	0.0	3.0	5.0	0.0
	5p	+	44	4292.0	2330.0	2309.0	3954.0	12885.0	8.0	27.0	4.0	7.0	4.0	6.0	0.0	1.0	3.0	10.0	3.0	10.00.0	0.0	0.0	0.0	9.0	0.0	4.0	8.0	0.0
	5p	+	45	4156.0	2193.0	2208.0	3555.0	12112.0	4.0	40.0	9.0	7.0	2.0	5.0	2.0	7.0	3.0	6.0	3.0	5.00.0	0.0	0.0	0.0	8.0	0.0	9.0	0.0	0.0
	5p	+	46	3858.0	2113.0	2098.0	3291.0	11360.0	10.0	27.0	7.0	5.0	1.0	4.0	0.0	3.0	0.0	6.0	0.0	5.00.0	0.0	0.0	0.0	9.0	0.0	0.0	3.0	0.0
	5p	+	47	3572.0	1965.0	1913.0	3189.0	10639.0	9.0	34.0	2.0	8.0	3.0	5.0	4.0	3.0	1.0	3.0	2.0	4.00.0	0.0	0.0	0.0	5.0	0.0	3.0	2.0	0.0
	5p	+	48	3440.0	1775.0	1864.0	2890.0	9969.0	5.0	33.0	2.0	2.0	2.0	8.0	2.0	1.0	5.0	4.0	1.0	4.00.0	0.0	0.0	0.0	6.0	0.0	1.0	3.0	0.0
	5p	+	49	3225.0	1697.0	1669.0	2720.0	9311.0	3.0	26.0	6.0	2.0	3.0	2.0	2.0	0.0	1.0	4.0	2.0	4.00.0	0.0	0.0	0.0	3.0	0.0	3.0	6.0	0.0
	5p	+	50	2920.0	1559.0	1576.0	2659.0	8714.0	0.0	23.0	4.0	4.0	0.0	4.0	4.0	3.0	2.0	4.0	2.0	3.00.0	0.0	0.0	0.0	4.0	0.0	3.0	4.0	0.0
	5p	+	51	2746.0	1533.0	1444.0	2406.0	8129.0	9.0	16.0	6.0	3.0	2.0	5.0	0.0	0.0	0.0	2.0	2.0	7.00.0	0.0	0.0	0.0	5.0	0.0	2.0	4.0	0.0
	5p	+	52	2581.0	1446.0	1293.0	2246.0	7566.0	6.0	16.0	4.0	4.0	11.0	4.0	2.0	3.0	3.0	2.0	2.0	5.00.0	0.0	0.0	0.0	4.0	0.0	3.0	3.0	0.0
	5p	+	53	2484.0	1314.0	1260.0	2064.0	7122.0	4.0	18.0	3.0	2.0	2.0	3.0	0.0	3.0	4.0	3.0	2.0	5.00.0	0.0	0.0	0.0	5.0	0.0	1.0	4.0	0.0
	5p	+	54	2215.0	1249.0	1201.0	2003.0	6668.0	2.0	20.0	6.0	5.0	3.0	6.0	2.0	6.0	1.0	2.0	2.0	4.00.0	0.0	0.0	0.0	3.0	0.0	2.0	2.0	0.0
	5p	+	55	2031.0	1177.0	1186.0	1879.0	6273.0	4.0	17.0	2.0	1.0	4.0	5.0	2.0	4.0	2.0	2.0	1.0	3.00.0	0.0	0.0	0.0	1.0	0.0	2.0	2.0	0.0
	5p	+	56	1939.0	1078.0	1132.0	1710.0	5859.0	5.0	9.0	0.0	3.0	2.0	3.0	0.0	4.0	2.0	3.0	1.0	1.00.0	0.0	0.0	0.0	2.0	0.0	2.0	1.0	0.0
	5p	+	57	1831.0	1008.0	1013.0	1611.0	5463.0	2.0	14.0	5.0	3.0	5.0	3.0	0.0	1.0	0.0	4.0	1.0	3.00.0	0.0	0.0	0.0	3.0	0.0	1.0	1.0	0.0
	5p	+	58	1708.0	951.0	894.0	1550.0	5103.0	4.0	11.0	7.0	3.0	3.0	3.0	0.0	1.0	0.0	3.0	0.0	4.00.0	0.0	0.0	0.0	2.0	0.0	1.0	3.0	0.0
	5p	+	59	1610.0	861.0	872.0	1434.0	4777.0	2.0	7.0	4.0	0.0	3.0	2.0	1.0	2.0	0.0	1.0	1.0	2.00.0	0.0	0.0	0.0	3.0	0.0	2.0	3.0	0.0
	5p	+	60	1470.0	882.0	819.0	1308.0	4479.0	2.0	8.0	1.0	3.0	1.0	8.0	2.0	2.0	3.0	1.0	1.0	0.00.0	0.0	0.0	0.0	0.0	0.0	1.0	1.0	0.0
	5p	+	61	1387.0	760.0	755.0	1280.0	4182.0	3.0	11.0	5.0	1.0	1.0	5.0	1.0	2.0	2.0	2.0	0.0	4.00.0	0.0	0.0	0.0	1.0	0.0	0.0	2.0	0.0
	5p	+	62	1269.0	719.0	734.0	1189.0	3911.0	1.0	9.0	0.0	1.0	2.0	2.0	1.0	3.0	0.0	0.0	1.0	1.00.0	0.0	0.0	0.0	0.0	0.0	1.0	0.0	0.0
	5p	+	63	1231.0	648.0	676.0	1094.0	3649.0	0.0	2.0	1.0	0.0	1.0	3.0	2.0	4.0	1.0	0.0	0.0	4.00.0	0.0	0.0	0.0	2.0	0.0	0.0	0.0	0.0
	5p	+	64	1149.0	629.0	610.0	1009.0	3397.0	5.0	5.0	1.0	2.0	1.0	3.0	1.0	1.0	0.0	3.0	0.0	5.00.0	0.0	0.0	0.0	3.0	0.0	0.0	0.0	0.0
	5p	+	65	1105.0	559.0	577.0	933.0	3174.0	4.0	5.0	2.0	3.0	3.0	3.0	1.0	1.0	2.0	0.0	0.0	3.00.0	0.0	0.0	0.0	2.0	0.0	2.0	1.0	0.0
	5p	+	66	1001.0	556.0	557.0	856.0	2970.0	3.0	3.0	3.0	2.0	2.0	3.0	0.0	2.0	1.0	1.0	1.0	3.00.0	0.0	0.0	0.0	3.0	0.0	0.0	1.0	0.0
	5p	+	67	894.0	534.0	523.0	839.0	2790.0	2.0	7.0	2.0	1.0	0.0	3.0	0.0	1.0	1.0	1.0	0.0	1.00.0	0.0	0.0	0.0	2.0	0.0	4.0	0.0	0.0
	5p	+	68	865.0	487.0	490.0	774.0	2616.0	1.0	4.0	1.0	2.0	1.0	0.0	1.0	3.0	1.0	2.0	0.0	2.00.0	0.0	0.0	0.0	2.0	0.0	0.0	0.0	0.0
	5p	+	69	844.0	414.0	459.0	715.0	2432.0	4.0	5.0	2.0	4.0	1.0	3.0	0.0	0.0	3.0	1.0	2.0	3.00.0	0.0	0.0	0.0	1.0	0.0	0.0	1.0	0.0
	5p	+	70	730.0	416.0	434.0	678.0	2258.0	2.0	5.0	0.0	4.0	3.0	1.0	0.0	1.0	1.0	1.0	0.0	0.00.0	0.0	0.0	0.0	2.0	0.0	1.0	0.0	0.0
	5p	+	71	742.0	386.0	386.0	589.0	2103.0	3.0	4.0	1.0	3.0	2.0	7.0	0.0	0.0	0.0	3.0	2.0	1.00.0	0.0	0.0	0.0	2.0	0.0	0.0	1.0	0.0
	5p	+	72	649.0	373.0	337.0	563.0	1922.0	3.0	11.0	3.0	1.0	0.0	2.0	0.0	2.0	0.0	0.0	1.0	2.00.0	0.0	0.0	0.0	2.0	0.0	0.0	0.0	0.0
	5p	+	73	588.0	311.0	342.0	514.0	1755.0	1.0	4.0	0.0	1.0	1.0	0.0	1.0	3.0	0.0	1.0	1.0	0.00.0	0.0	0.0	0.0	0.0	0.0	0.0	1.0	0.0
	5p	+	74	534.0	324.0	300.0	469.0	1627.0	2.0	4.0	0.0	3.0	3.0	3.0	0.0	1.0	1.0	1.0	1.0	0.00.0	0.0	0.0	0.0	0.0	0.0	0.0	0.0	0.0
	5p	+	75	487.0	304.0	237.0	457.0	1485.0	3.0	7.0	0.0	1.0	0.0	0.0	0.0	1.0	2.0	2.0	1.0	1.00.0	0.0	0.0	0.0	0.0	0.0	1.0	0.0	0.0
	5p	+	76	421.0	263.0	245.0	430.0	1359.0	1.0	2.0	2.0	2.0	0.0	1.0	1.0	1.0	1.0	1.0	0.0	1.00.0	0.0	0.0	0.0	0.0	0.0	0.0	0.0	0.0
	5p	+	77	411.0	215.0	243.0	366.0	1235.0	0.0	1.0	2.0	3.0	1.0	1.0	2.0	0.0	0.0	0.0	0.0	2.00.0	0.0	0.0	0.0	0.0	0.0	0.0	0.0	0.0
	5p	+	78	370.0	211.0	219.0	310.0	1110.0	2.0	1.0	0.0	0.0	1.0	0.0	1.0	0.0	0.0	0.0	1.0	0.00.0	0.0	0.0	0.0	0.0	0.0	0.0	1.0	0.0
	5p	+	79	341.0	175.0	200.0	286.0	1002.0	3.0	1.0	0.0	0.0	1.0	0.0	0.0	0.0	0.0	0.0	0.0	0.00.0	0.0	0.0	0.0	0.0	0.0	0.0	1.0	0.0
	5p	+	80	299.0	153.0	185.0	260.0	897.0	1.0	1.0	0.0	1.0	0.0	0.0	2.0	2.0	1.0	1.0	0.0	1.00.0	0.0	0.0	0.0	0.0	0.0	0.0	0.0	0.0
	5p	+	81	273.0	130.0	143.0	236.0	782.0	1.0	2.0	0.0	0.0	0.0	0.0	1.0	1.0	0.0	1.0	0.0	0.00.0	0.0	0.0	0.0	0.0	0.0	0.0	0.0	0.0
	5p	+	82	240.0	152.0	110.0	200.0	702.0	0.0	0.0	2.0	1.0	2.0	2.0	1.0	1.0	1.0	0.0	0.0	0.00.0	0.0	0.0	0.0	0.0	0.0	0.0	0.0	0.0
	5p	+	83	212.0	115.0	116.0	184.0	627.0	1.0	1.0	1.0	0.0	0.0	0.0	1.0	1.0	1.0	1.0	0.0	2.00.0	0.0	0.0	0.0	0.0	0.0	0.0	0.0	0.0
	5p	+	84	187.0	105.0	89.0	166.0	547.0	1.0	3.0	1.0	1.0	0.0	0.0	0.0	1.0	0.0	0.0	0.0	0.00.0	0.0	0.0	0.0	0.0	0.0	0.0	0.0	0.0
	5p	+	85	156.0	89.0	81.0	122.0	448.0	0.0	0.0	0.0	0.0	0.0	1.0	0.0	0.0	0.0	0.0	0.0	1.00.0	0.0	0.0	0.0	0.0	0.0	0.0	0.0	0.0
	5p	+	86	137.0	58.0	76.0	105.0	376.0	0.0	0.0	0.0	1.0	0.0	0.0	0.0	0.0	0.0	1.0	1.0	0.00.0	0.0	0.0	0.0	0.0	0.0	0.0	0.0	0.0
	5p	+	87	110.0	62.0	59.0	78.0	309.0	1.0	4.0	0.0	1.0	0.0	1.0	0.0	0.0	0.0	0.0	0.0	1.00.0	0.0	0.0	0.0	0.0	0.0	0.0	0.0	0.0
	5p	+	88	83.0	46.0	46.0	63.0	238.0	1.0	2.0	0.0	0.0	0.0	0.0	0.0	0.0	0.0	0.0	1.0	0.00.0	0.0	0.0	0.0	0.0	0.0	0.0	0.0	0.0
	5p	+	89	68.0	34.0	33.0	44.0	179.0	0.0	3.0	0.0	0.0	0.0	1.0	1.0	0.0	0.0	0.0	0.0	1.00.0	0.0	0.0	0.0	0.0	0.0	0.0	0.0	0.0
	5p	+	90	47.0	23.0	15.0	23.0	108.0	0.0	1.0	0.0	0.0	0.0	0.0	0.0	0.0	1.0	1.0	0.0	0.00.0	0.0	0.0	0.0	0.0	0.0	0.0	0.0	0.0
	5p	+	91	20.0	12.0	4.0	11.0	47.0	0.0	0.0	1.0	1.0	0.0	0.0	1.0	0.0	0.0	0.0	0.0	0.00.0	0.0	0.0	0.0	0.0	0.0	0.0	0.0	0.0
	5p	+	92	0.0	0.0	0.0	0.0	0.0	0.0	0.0	0.0	0.0	0.0	0.0	0.0	0.0	0.0	0.0	0.0	0.00.0	0.0	0.0	0.0	0.0	0.0	0.0	0.0	0.0
	5p	+	93	0.0	0.0	0.0	0.0	0.0	0.0	0.0	0.0	0.0	0.0	0.0	0.0	0.0	0.0	0.0	0.0	0.00.0	0.0	0.0	0.0	0.0	0.0	0.0	0.0	0.0
	5p	+	94	0.0	0.0	0.0	0.0	0.0	0.0	0.0	0.0	0.0	0.0	0.0	0.0	0.0	0.0	0.0	0.0	0.00.0	0.0	0.0	0.0	0.0	0.0	0.0	0.0	0.0
	5p	+	95	0.0	0.0	0.0	0.0	0.0	0.0	0.0	0.0	0.0	0.0	0.0	0.0	0.0	0.0	0.0	0.0	0.00.0	0.0	0.0	0.0	0.0	0.0	0.0	0.0	0.0
	5p	+	96	0.0	0.0	0.0	0.0	0.0	0.0	0.0	0.0	0.0	0.0	0.0	0.0	0.0	0.0	0.0	0.0	0.00.0	0.0	0.0	0.0	0.0	0.0	0.0	0.0	0.0
	5p	+	97	0.0	0.0	0.0	0.0	0.0	0.0	0.0	0.0	0.0	0.0	0.0	0.0	0.0	0.0	0.0	0.0	0.00.0	0.0	0.0	0.0	0.0	0.0	0.0	0.0	0.0
	5p	+	98	0.0	0.0	0.0	0.0	0.0	0.0	0.0	0.0	0.0	0.0	0.0	0.0	0.0	0.0	0.0	0.0	0.00.0	0.0	0.0	0.0	0.0	0.0	0.0	0.0	0.0
	5p	+	99	0.0	0.0	0.0	0.0	0.0	0.0	0.0	0.0	0.0	0.0	0.0	0.0	0.0	0.0	0.0	0.0	0.00.0	0.0	0.0	0.0	0.0	0.0	0.0	0.0	0.0
	5p	+	100	0.0	0.0	0.0	0.0	0.0	0.0	0.0	0.0	0.0	0.0	0.0	0.0	0.0	0.0	0.0	0.0	0.00.0	0.0	0.0	0.0	0.0	0.0	0.0	0.0	0.0
	5p	-	1	10608.0	5300.0	4493.0	9005.0	29406.0	49.0	116.0	68.0	24.0	26.0	40.0	18.0	35.0	19.0	51.0	25.0	37.00.0	0.0	0.0	0.0	0.0	0.0	0.0	0.0	0.0
	5p	-	2	9456.0	4821.0	6214.0	8945.0	29436.0	21.0	75.0	32.0	25.0	21.0	35.0	9.0	28.0	17.0	28.0	9.0	22.00.0	0.0	0.0	0.0	0.0	0.0	0.0	0.0	0.0
	5p	-	3	9733.0	5407.0	5825.0	8503.0	29468.0	29.0	66.0	30.0	18.0	17.0	19.0	6.0	19.0	13.0	25.0	5.0	17.00.0	0.0	0.0	0.0	0.0	0.0	0.0	0.0	0.0
	5p	-	4	9534.0	5543.0	5947.0	8486.0	29510.0	17.0	29.0	26.0	17.0	11.0	16.0	6.0	9.0	8.0	19.0	3.0	12.00.0	0.0	0.0	0.0	2.0	0.0	0.0	1.0	0.0
	5p	-	5	9437.0	5596.0	5878.0	8594.0	29505.0	20.0	25.0	28.0	7.0	10.0	13.0	2.0	16.0	3.0	7.0	4.0	10.00.0	0.0	0.0	0.0	8.0	0.0	8.0	11.0	0.0
	5p	-	6	9193.0	5654.0	5818.0	8834.0	29499.0	9.0	31.0	13.0	13.0	13.0	5.0	6.0	9.0	6.0	10.0	2.0	9.00.0	0.0	0.0	0.0	11.0	0.0	17.0	13.0	0.0
	5p	-	7	9741.0	5460.0	5800.0	8513.0	29514.0	9.0	22.0	22.0	12.0	7.0	11.0	1.0	5.0	4.0	9.0	6.0	10.00.0	0.0	0.0	0.0	17.0	0.0	9.0	14.0	0.0
	5p	-	8	9943.0	5533.0	5549.0	8490.0	29515.0	17.0	29.0	11.0	12.0	8.0	5.0	2.0	7.0	8.0	7.0	3.0	19.00.0	0.0	0.0	0.0	22.0	0.0	9.0	4.0	0.0
	5p	-	9	9924.0	5491.0	5544.0	8562.0	29521.0	9.0	22.0	19.0	10.0	2.0	7.0	3.0	6.0	2.0	10.0	5.0	10.00.0	0.0	0.0	0.0	15.0	0.0	8.0	14.0	0.0
	5p	-	10	9623.0	5588.0	5562.0	8742.0	29515.0	7.0	19.0	19.0	11.0	5.0	3.0	4.0	4.0	6.0	2.0	8.0	8.00.0	0.0	0.0	0.0	16.0	0.0	11.0	22.0	0.0
	5p	-	11	9731.0	5565.0	5343.0	8870.0	29509.0	10.0	21.0	16.0	9.0	4.0	5.0	3.0	5.0	3.0	12.0	3.0	8.00.0	0.0	0.0	0.0	27.0	0.0	8.0	16.0	0.0
	5p	-	12	9803.0	5594.0	5493.0	8609.0	29499.0	11.0	18.0	15.0	5.0	2.0	4.0	7.0	3.0	2.0	7.0	4.0	9.00.0	0.0	0.0	0.0	33.0	0.0	15.0	9.0	0.0
	5p	-	13	9702.0	5652.0	5471.0	8671.0	29496.0	9.0	18.0	21.0	5.0	4.0	6.0	2.0	4.0	5.0	5.0	6.0	13.00.0	0.0	0.0	0.0	34.0	0.0	19.0	17.0	0.0
	5p	-	14	9719.0	5587.0	5429.0	8750.0	29485.0	9.0	16.0	9.0	17.0	5.0	7.0	1.0	4.0	5.0	8.0	1.0	6.00.0	0.0	0.0	0.0	26.0	0.0	29.0	20.0	0.0
	5p	-	15	9576.0	5637.0	5627.0	8662.0	29502.0	12.0	15.0	16.0	11.0	4.0	8.0	5.0	3.0	5.0	2.0	1.0	6.00.0	0.0	0.0	0.0	27.0	0.0	14.0	13.0	0.0
	5p	-	16	9516.0	5715.0	5607.0	8661.0	29499.0	5.0	11.0	12.0	12.0	8.0	8.0	3.0	2.0	3.0	4.0	4.0	9.00.0	0.0	0.0	0.0	26.0	0.0	16.0	13.0	0.0
	5p	-	17	9779.0	5653.0	5443.0	8628.0	29503.0	16.0	18.0	11.0	11.0	2.0	6.0	0.0	2.0	5.0	7.0	6.0	10.00.0	0.0	0.0	0.0	30.0	0.0	10.0	15.0	0.0
	5p	-	18	9610.0	5641.0	5561.0	8677.0	29489.0	8.0	16.0	15.0	6.0	7.0	3.0	5.0	5.0	1.0	6.0	5.0	14.00.0	0.0	0.0	0.0	32.0	0.0	10.0	11.0	0.0
	5p	-	19	9737.0	5589.0	5406.0	8761.0	29493.0	10.0	11.0	9.0	8.0	4.0	12.0	3.0	2.0	6.0	7.0	2.0	10.00.0	0.0	0.0	0.0	26.0	0.0	17.0	22.0	0.0
	5p	-	20	9707.0	5492.0	5575.0	8710.0	29484.0	7.0	16.0	17.0	17.0	6.0	5.0	3.0	2.0	7.0	6.0	5.0	9.00.0	0.0	0.0	0.0	33.0	0.0	19.0	13.0	0.0
	5p	-	21	9771.0	5558.0	5521.0	8641.0	29491.0	11.0	18.0	15.0	14.0	3.0	6.0	2.0	3.0	2.0	5.0	1.0	18.00.0	0.0	0.0	0.0	30.0	0.0	14.0	16.0	0.0
	5p	-	22	9899.0	5452.0	5546.0	8585.0	29482.0	15.0	15.0	9.0	13.0	4.0	8.0	1.0	8.0	1.0	5.0	1.0	7.00.0	0.0	0.0	0.0	33.0	0.0	17.0	13.0	0.0
	5p	-	23	9778.0	5642.0	5530.0	8534.0	29484.0	11.0	22.0	20.0	10.0	3.0	2.0	1.0	3.0	6.0	2.0	3.0	12.00.0	0.0	0.0	0.0	32.0	0.0	14.0	14.0	0.0
	5p	-	24	9859.0	5518.0	5427.0	8678.0	29482.0	11.0	17.0	15.0	12.0	2.0	7.0	1.0	3.0	5.0	6.0	0.0	4.00.0	0.0	0.0	0.0	35.0	0.0	16.0	12.0	0.0
	5p	-	25	9819.0	5523.0	5370.0	8763.0	29475.0	14.0	16.0	16.0	9.0	5.0	2.0	2.0	4.0	7.0	5.0	4.0	4.00.0	0.0	0.0	0.0	36.0	0.0	19.0	13.0	0.0
	5p	-	26	9774.0	5567.0	5485.0	8663.0	29489.0	9.0	16.0	14.0	8.0	6.0	5.0	1.0	7.0	2.0	3.0	6.0	9.00.0	0.0	0.0	0.0	41.0	0.0	13.0	13.0	0.0
	5p	-	27	10021.0	5499.0	5367.0	8603.0	29490.0	15.0	16.0	15.0	11.0	5.0	6.0	1.0	9.0	8.0	8.0	2.0	9.00.0	0.0	0.0	0.0	38.0	0.0	13.0	18.0	0.0
	5p	-	28	9891.0	5525.0	5501.0	8583.0	29500.0	7.0	19.0	16.0	12.0	3.0	10.0	4.0	5.0	2.0	13.0	3.0	6.00.0	0.0	0.0	0.0	32.0	0.0	9.0	10.0	0.0
	5p	-	29	10028.0	5565.0	5489.0	8417.0	29499.0	13.0	31.0	20.0	11.0	5.0	10.0	2.0	7.0	5.0	5.0	3.0	12.00.0	0.0	0.0	0.0	21.0	0.0	4.0	14.0	0.0
	5p	-	30	10224.0	5454.0	5309.0	8507.0	29494.0	13.0	68.0	16.0	11.0	3.0	5.0	1.0	12.0	1.0	17.0	7.0	13.00.0	0.0	0.0	0.0	26.0	0.0	5.0	8.0	0.0
	5p	-	31	9714.0	5057.0	5047.0	8149.0	27967.0	11.0	80.0	21.0	12.0	8.0	7.0	5.0	9.0	3.0	10.0	4.0	12.00.0	0.0	0.0	0.0	23.0	0.0	11.0	8.0	0.0
	5p	-	32	9177.0	4990.0	4656.0	7652.0	26475.0	15.0	74.0	22.0	13.0	3.0	9.0	3.0	9.0	4.0	4.0	4.0	9.00.0	0.0	0.0	0.0	28.0	0.0	7.0	8.0	0.0
	5p	-	33	8775.0	4545.0	4343.0	7394.0	25057.0	14.0	68.0	10.0	12.0	6.0	4.0	3.0	5.0	5.0	3.0	3.0	10.00.0	0.0	0.0	0.0	30.0	0.0	5.0	7.0	0.0
	5p	-	34	8282.0	4282.0	4186.0	6866.0	23616.0	15.0	54.0	12.0	11.0	6.0	3.0	3.0	6.0	6.0	6.0	4.0	8.00.0	0.0	0.0	0.0	20.0	0.0	10.0	13.0	0.0
	5p	-	35	7794.0	3986.0	3949.0	6610.0	22339.0	10.0	67.0	9.0	13.0	5.0	7.0	1.0	8.0	5.0	13.0	4.0	5.00.0	0.0	0.0	0.0	18.0	0.0	10.0	8.0	0.0
	5p	-	36	7264.0	3811.0	3753.0	6237.0	21065.0	6.0	70.0	15.0	7.0	3.0	10.0	2.0	6.0	6.0	6.0	1.0	9.00.0	0.0	0.0	0.0	20.0	0.0	7.0	10.0	0.0
	5p	-	37	6932.0	3580.0	3447.0	5861.0	19820.0	11.0	62.0	13.0	4.0	3.0	2.0	2.0	4.0	2.0	11.0	1.0	9.00.0	0.0	0.0	0.0	23.0	0.0	13.0	5.0	0.0
	5p	-	38	6411.0	3420.0	3464.0	5366.0	18661.0	14.0	47.0	6.0	4.0	7.0	6.0	5.0	4.0	1.0	5.0	2.0	9.00.0	0.0	0.0	0.0	21.0	0.0	4.0	3.0	0.0
	5p	-	39	6062.0	3202.0	3118.0	5186.0	17568.0	5.0	62.0	7.0	8.0	2.0	5.0	1.0	3.0	2.0	10.0	6.0	9.00.0	0.0	0.0	0.0	13.0	0.0	11.0	7.0	0.0
	5p	-	40	5668.0	3034.0	2969.0	4886.0	16557.0	10.0	50.0	13.0	5.0	4.0	7.0	2.0	9.0	1.0	7.0	3.0	9.00.0	0.0	0.0	0.0	14.0	0.0	6.0	7.0	0.0
	5p	-	41	5339.0	2853.0	2749.0	4623.0	15564.0	11.0	42.0	3.0	5.0	6.0	6.0	0.0	5.0	5.0	8.0	6.0	7.00.0	0.0	0.0	0.0	11.0	0.0	4.0	4.0	0.0
	5p	-	42	4939.0	2619.0	2600.0	4432.0	14590.0	5.0	53.0	6.0	6.0	8.0	6.0	0.0	7.0	6.0	3.0	4.0	4.00.0	0.0	0.0	0.0	17.0	0.0	5.0	3.0	0.0
	5p	-	43	4629.0	2566.0	2443.0	4051.0	13689.0	11.0	43.0	8.0	3.0	4.0	5.0	2.0	6.0	2.0	10.0	4.0	9.00.0	0.0	0.0	0.0	10.0	0.0	2.0	5.0	0.0
	5p	-	44	4478.0	2431.0	2234.0	3685.0	12828.0	9.0	46.0	8.0	3.0	1.0	6.0	2.0	4.0	3.0	7.0	4.0	6.00.0	0.0	0.0	0.0	6.0	0.0	5.0	5.0	0.0
	5p	-	45	4127.0	2190.0	2135.0	3553.0	12005.0	7.0	45.0	4.0	3.0	4.0	5.0	2.0	6.0	2.0	4.0	0.0	4.00.0	0.0	0.0	0.0	14.0	0.0	2.0	0.0	0.0
	5p	-	46	3869.0	2015.0	1972.0	3372.0	11228.0	3.0	32.0	5.0	7.0	1.0	8.0	0.0	5.0	1.0	5.0	2.0	6.00.0	0.0	0.0	0.0	12.0	0.0	2.0	3.0	0.0
	5p	-	47	3520.0	1980.0	1870.0	3120.0	10490.0	6.0	26.0	9.0	2.0	4.0	8.0	1.0	2.0	2.0	7.0	4.0	5.00.0	0.0	0.0	0.0	6.0	0.0	4.0	7.0	0.0
	5p	-	48	3360.0	1790.0	1737.0	2940.0	9827.0	10.0	26.0	4.0	4.0	3.0	10.0	1.0	2.0	1.0	3.0	0.0	2.00.0	0.0	0.0	0.0	8.0	0.0	5.0	3.0	0.0
	5p	-	49	3133.0	1807.0	1660.0	2628.0	9228.0	11.0	34.0	5.0	6.0	1.0	2.0	2.0	4.0	0.0	5.0	0.0	2.00.0	0.0	0.0	0.0	5.0	0.0	5.0	8.0	0.0
	5p	-	50	3020.0	1601.0	1477.0	2574.0	8672.0	12.0	23.0	5.0	6.0	4.0	1.0	3.0	4.0	2.0	3.0	3.0	6.00.0	0.0	0.0	0.0	12.0	0.0	2.0	3.0	0.0
	5p	-	51	2799.0	1521.0	1453.0	2353.0	8126.0	4.0	29.0	2.0	5.0	1.0	1.0	2.0	3.0	0.0	3.0	0.0	6.00.0	0.0	0.0	0.0	9.0	0.0	5.0	2.0	0.0
	5p	-	52	2624.0	1472.0	1351.0	2193.0	7640.0	6.0	19.0	3.0	4.0	9.0	4.0	1.0	2.0	3.0	3.0	2.0	6.00.0	0.0	0.0	0.0	9.0	0.0	3.0	4.0	0.0
	5p	-	53	2459.0	1332.0	1274.0	2069.0	7134.0	6.0	17.0	5.0	2.0	3.0	4.0	0.0	4.0	5.0	2.0	4.0	2.00.0	0.0	0.0	0.0	5.0	0.0	2.0	2.0	0.0
	5p	-	54	2255.0	1258.0	1215.0	1946.0	6674.0	6.0	17.0	2.0	4.0	5.0	7.0	1.0	2.0	1.0	3.0	1.0	1.00.0	0.0	0.0	0.0	11.0	0.0	3.0	1.0	0.0
	5p	-	55	2101.0	1157.0	1097.0	1898.0	6253.0	3.0	11.0	6.0	4.0	3.0	6.0	1.0	0.0	1.0	6.0	2.0	3.00.0	0.0	0.0	0.0	5.0	0.0	1.0	2.0	0.0
	5p	-	56	2021.0	1103.0	1009.0	1730.0	5863.0	3.0	9.0	5.0	2.0	4.0	7.0	2.0	2.0	1.0	1.0	2.0	7.00.0	0.0	0.0	0.0	3.0	0.0	5.0	1.0	0.0
	5p	-	57	1871.0	1013.0	1017.0	1591.0	5492.0	3.0	12.0	1.0	2.0	2.0	8.0	0.0	0.0	2.0	0.0	3.0	1.00.0	0.0	0.0	0.0	4.0	0.0	1.0	4.0	0.0
	5p	-	58	1736.0	900.0	926.0	1566.0	5128.0	6.0	12.0	0.0	5.0	2.0	5.0	1.0	2.0	1.0	1.0	0.0	3.00.0	0.0	0.0	0.0	3.0	0.0	3.0	3.0	0.0
	5p	-	59	1641.0	855.0	893.0	1390.0	4779.0	2.0	10.0	0.0	0.0	3.0	2.0	1.0	1.0	2.0	3.0	1.0	0.00.0	0.0	0.0	0.0	3.0	0.0	6.0	2.0	0.0
	5p	-	60	1488.0	816.0	803.0	1362.0	4469.0	4.0	7.0	1.0	0.0	1.0	1.0	0.0	1.0	0.0	1.0	0.0	2.00.0	0.0	0.0	0.0	3.0	0.0	2.0	2.0	0.0
	5p	-	61	1427.0	745.0	747.0	1251.0	4170.0	3.0	8.0	1.0	4.0	3.0	2.0	0.0	2.0	2.0	5.0	1.0	0.00.0	0.0	0.0	0.0	2.0	0.0	1.0	2.0	0.0
	5p	-	62	1292.0	751.0	718.0	1120.0	3881.0	3.0	11.0	2.0	2.0	0.0	3.0	1.0	1.0	2.0	1.0	0.0	3.00.0	0.0	0.0	0.0	0.0	0.0	1.0	0.0	0.0
	5p	-	63	1206.0	696.0	616.0	1087.0	3605.0	2.0	8.0	3.0	2.0	1.0	2.0	0.0	0.0	1.0	4.0	1.0	3.00.0	0.0	0.0	0.0	6.0	0.0	0.0	0.0	0.0
	5p	-	64	1143.0	664.0	590.0	958.0	3355.0	0.0	9.0	1.0	0.0	1.0	2.0	1.0	3.0	2.0	2.0	1.0	2.00.0	0.0	0.0	0.0	1.0	0.0	0.0	1.0	0.0
	5p	-	65	1048.0	595.0	589.0	883.0	3115.0	3.0	4.0	0.0	2.0	1.0	1.0	2.0	1.0	1.0	0.0	0.0	1.00.0	0.0	0.0	0.0	1.0	0.0	2.0	0.0	0.0
	5p	-	66	942.0	556.0	521.0	876.0	2895.0	5.0	5.0	0.0	1.0	1.0	6.0	0.0	2.0	0.0	2.0	1.0	3.00.0	0.0	0.0	0.0	2.0	0.0	1.0	0.0	0.0
	5p	-	67	915.0	470.0	505.0	781.0	2671.0	1.0	8.0	1.0	1.0	2.0	1.0	1.0	2.0	1.0	1.0	0.0	2.00.0	0.0	0.0	0.0	1.0	0.0	1.0	0.0	0.0
	5p	-	68	832.0	431.0	458.0	742.0	2463.0	3.0	2.0	3.0	0.0	1.0	3.0	2.0	1.0	2.0	0.0	1.0	2.00.0	0.0	0.0	0.0	2.0	0.0	1.0	2.0	0.0
	5p	-	69	752.0	420.0	422.0	703.0	2297.0	1.0	5.0	1.0	1.0	1.0	2.0	0.0	0.0	1.0	2.0	1.0	3.00.0	0.0	0.0	0.0	2.0	0.0	0.0	1.0	0.0
	5p	-	70	695.0	414.0	388.0	648.0	2145.0	0.0	6.0	0.0	0.0	0.0	1.0	0.0	4.0	0.0	2.0	1.0	1.00.0	0.0	0.0	0.0	2.0	0.0	0.0	1.0	0.0
	5p	-	71	676.0	378.0	350.0	588.0	1992.0	1.0	6.0	3.0	1.0	1.0	2.0	0.0	1.0	1.0	1.0	0.0	1.00.0	0.0	0.0	0.0	1.0	0.0	1.0	0.0	0.0
	5p	-	72	617.0	317.0	352.0	543.0	1829.0	0.0	7.0	1.0	0.0	0.0	3.0	0.0	1.0	1.0	2.0	0.0	2.00.0	0.0	0.0	0.0	1.0	0.0	0.0	0.0	0.0
	5p	-	73	570.0	305.0	337.0	475.0	1687.0	0.0	3.0	1.0	1.0	3.0	2.0	1.0	1.0	0.0	1.0	1.0	0.00.0	0.0	0.0	0.0	1.0	0.0	0.0	0.0	0.0
	5p	-	74	517.0	275.0	301.0	458.0	1551.0	1.0	3.0	1.0	1.0	0.0	1.0	0.0	1.0	0.0	0.0	0.0	1.00.0	0.0	0.0	0.0	0.0	0.0	0.0	1.0	0.0
	5p	-	75	469.0	290.0	262.0	405.0	1426.0	1.0	2.0	3.0	0.0	0.0	1.0	1.0	2.0	0.0	2.0	0.0	1.00.0	0.0	0.0	0.0	1.0	0.0	0.0	0.0	0.0
	5p	-	76	446.0	259.0	217.0	399.0	1321.0	1.0	5.0	0.0	1.0	1.0	2.0	0.0	0.0	1.0	2.0	0.0	1.00.0	0.0	0.0	0.0	0.0	0.0	0.0	0.0	0.0
	5p	-	77	413.0	209.0	211.0	366.0	1199.0	0.0	2.0	2.0	0.0	0.0	1.0	0.0	2.0	0.0	1.0	2.0	0.00.0	0.0	0.0	0.0	1.0	0.0	0.0	0.0	0.0
	5p	-	78	364.0	204.0	188.0	330.0	1086.0	0.0	3.0	0.0	0.0	0.0	0.0	1.0	0.0	1.0	1.0	1.0	2.00.0	0.0	0.0	0.0	0.0	0.0	0.0	0.0	0.0
	5p	-	79	331.0	188.0	179.0	295.0	993.0	0.0	4.0	0.0	0.0	1.0	1.0	0.0	1.0	3.0	1.0	0.0	1.00.0	0.0	0.0	0.0	0.0	0.0	0.0	0.0	0.0
	5p	-	80	302.0	173.0	166.0	247.0	888.0	2.0	5.0	2.0	0.0	0.0	0.0	0.0	0.0	0.0	0.0	0.0	1.00.0	0.0	0.0	0.0	0.0	0.0	0.0	0.0	0.0
	5p	-	81	270.0	136.0	155.0	238.0	799.0	0.0	1.0	0.0	0.0	2.0	0.0	0.0	0.0	2.0	0.0	0.0	2.00.0	0.0	0.0	0.0	0.0	0.0	0.0	0.0	0.0
	5p	-	82	230.0	129.0	129.0	216.0	704.0	2.0	2.0	0.0	0.0	0.0	0.0	1.0	0.0	0.0	0.0	0.0	1.00.0	0.0	0.0	0.0	0.0	0.0	0.0	0.0	0.0
	5p	-	83	211.0	111.0	119.0	192.0	633.0	0.0	0.0	1.0	0.0	0.0	1.0	0.0	1.0	0.0	0.0	0.0	2.00.0	0.0	0.0	0.0	0.0	0.0	0.0	0.0	0.0
	5p	-	84	206.0	99.0	83.0	169.0	557.0	0.0	3.0	0.0	0.0	1.0	0.0	1.0	0.0	1.0	0.0	0.0	0.00.0	0.0	0.0	0.0	0.0	0.0	0.0	0.0	0.0
	5p	-	85	155.0	89.0	78.0	146.0	468.0	0.0	4.0	0.0	1.0	1.0	0.0	0.0	1.0	0.0	0.0	0.0	1.00.0	0.0	0.0	0.0	0.0	0.0	0.0	0.0	0.0
	5p	-	86	131.0	64.0	70.0	113.0	378.0	0.0	2.0	0.0	0.0	2.0	0.0	1.0	0.0	0.0	1.0	1.0	1.00.0	0.0	0.0	0.0	0.0	0.0	0.0	0.0	0.0
	5p	-	87	106.0	51.0	42.0	96.0	295.0	1.0	2.0	0.0	0.0	0.0	0.0	0.0	0.0	0.0	0.0	1.0	0.00.0	0.0	0.0	0.0	0.0	0.0	0.0	0.0	0.0
	5p	-	88	81.0	44.0	40.0	63.0	228.0	0.0	2.0	1.0	0.0	0.0	0.0	0.0	2.0	0.0	0.0	1.0	0.00.0	0.0	0.0	0.0	0.0	0.0	0.0	0.0	0.0
	5p	-	89	51.0	33.0	28.0	49.0	161.0	1.0	2.0	0.0	0.0	0.0	0.0	0.0	1.0	0.0	0.0	1.0	0.00.0	0.0	0.0	0.0	0.0	0.0	0.0	0.0	0.0
	5p	-	90	38.0	17.0	19.0	32.0	106.0	0.0	0.0	0.0	0.0	0.0	0.0	0.0	0.0	0.0	0.0	0.0	1.00.0	0.0	0.0	0.0	0.0	0.0	0.0	0.0	0.0
	5p	-	91	19.0	7.0	8.0	25.0	59.0	0.0	0.0	0.0	1.0	1.0	1.0	0.0	1.0	0.0	1.0	0.0	1.00.0	0.0	0.0	0.0	0.0	0.0	0.0	0.0	0.0
	5p	-	92	0.0	0.0	0.0	0.0	0.0	0.0	0.0	0.0	0.0	0.0	0.0	0.0	0.0	0.0	0.0	0.0	0.00.0	0.0	0.0	0.0	0.0	0.0	0.0	0.0	0.0
	5p	-	93	0.0	0.0	0.0	0.0	0.0	0.0	0.0	0.0	0.0	0.0	0.0	0.0	0.0	0.0	0.0	0.0	0.00.0	0.0	0.0	0.0	0.0	0.0	0.0	0.0	0.0
	5p	-	94	0.0	0.0	0.0	0.0	0.0	0.0	0.0	0.0	0.0	0.0	0.0	0.0	0.0	0.0	0.0	0.0	0.00.0	0.0	0.0	0.0	0.0	0.0	0.0	0.0	0.0
	5p	-	95	0.0	0.0	0.0	0.0	0.0	0.0	0.0	0.0	0.0	0.0	0.0	0.0	0.0	0.0	0.0	0.0	0.00.0	0.0	0.0	0.0	0.0	0.0	0.0	0.0	0.0
	5p	-	96	0.0	0.0	0.0	0.0	0.0	0.0	0.0	0.0	0.0	0.0	0.0	0.0	0.0	0.0	0.0	0.0	0.00.0	0.0	0.0	0.0	0.0	0.0	0.0	0.0	0.0
	5p	-	97	0.0	0.0	0.0	0.0	0.0	0.0	0.0	0.0	0.0	0.0	0.0	0.0	0.0	0.0	0.0	0.0	0.00.0	0.0	0.0	0.0	0.0	0.0	0.0	0.0	0.0
	5p	-	98	0.0	0.0	0.0	0.0	0.0	0.0	0.0	0.0	0.0	0.0	0.0	0.0	0.0	0.0	0.0	0.0	0.00.0	0.0	0.0	0.0	0.0	0.0	0.0	0.0	0.0
	5p	-	99	0.0	0.0	0.0	0.0	0.0	0.0	0.0	0.0	0.0	0.0	0.0	0.0	0.0	0.0	0.0	0.0	0.00.0	0.0	0.0	0.0	0.0	0.0	0.0	0.0	0.0
	5p	-	100	0.0	0.0	0.0	0.0	0.0	0.0	0.0	0.0	0.0	0.0	0.0	0.0	0.0	0.0	0.0	0.0	0.00.0	0.0	0.0	0.0	0.0	0.0	0.0	0.0	0.0
