# table produced by DamageProfiler
# using mapped file ScA026.BuffaloCape_Human_nc.Target.rmdup.noMicro.bam
# Sample ID: ScA026.BuffaloCape_Human_nc.Target.rmdup.noMicro.bam
Pos	C>T	G>A	A>C	A>G	A>T	C>A	C>G	G>C	G>T	T>A	T>C	T>G	->ACGT	ACGT>-
24	0.007067	0.000999	0.001462	0.004386	0.002437	0.002650	0.003534	0.005994	0.002997	0.002030	0.003553	0.004061	0.006336	0.000000
23	0.009649	0.007319	0.005015	0.002508	0.003511	0.002632	0.003509	0.002745	0.002745	0.002057	0.003599	0.002571	0.004213	0.000000
22	0.007105	0.003976	0.002434	0.004382	0.002434	0.005329	0.003552	0.003976	0.004970	0.003038	0.004557	0.001519	0.005032	0.000000
21	0.005952	0.007428	0.003568	0.004077	0.002548	0.002551	0.003401	0.006500	0.005571	0.004630	0.004115	0.003601	0.005358	0.000000
20	0.003518	0.006679	0.003486	0.000996	0.001992	0.002639	0.003518	0.000954	0.000954	0.001533	0.002555	0.001533	0.007317	0.000000
19	0.006040	0.001857	0.002063	0.001547	0.003094	0.002588	0.002588	0.004643	0.004643	0.003537	0.003032	0.002021	0.006825	0.000000
18	0.005942	0.003880	0.002510	0.005522	0.002008	0.004244	0.002547	0.001940	0.003880	0.002552	0.004594	0.001021	0.005195	0.000000
17	0.005464	0.006446	0.000506	0.002022	0.002528	0.004554	0.001821	0.000921	0.004604	0.003486	0.003486	0.002988	0.004700	0.000000
16	0.008913	0.006542	0.003043	0.004057	0.003550	0.001783	0.002674	0.001869	0.004673	0.003491	0.004489	0.002993	0.004215	0.000000
15	0.006672	0.011374	0.001001	0.002501	0.004002	0.001668	0.001668	0.003791	0.001896	0.001047	0.002618	0.002094	0.005192	0.000000
14	0.005159	0.003925	0.002972	0.004458	0.002476	0.006019	0.001720	0.002944	0.006869	0.002559	0.002047	0.001535	0.006174	0.000000
13	0.010860	0.006440	0.003970	0.004467	0.001985	0.001671	0.002506	0.001840	0.005520	0.002680	0.002680	0.002680	0.004704	0.000000
12	0.004348	0.008396	0.000999	0.001998	0.001499	0.003478	0.003478	0.002799	0.004664	0.003605	0.005664	0.002060	0.004865	0.000000
11	0.008929	0.004717	0.003423	0.002934	0.003423	0.002679	0.003571	0.003774	0.006604	0.001543	0.001543	0.002058	0.004539	0.000000
10	0.007860	0.012037	0.002527	0.002021	0.001011	0.003493	0.002620	0.000926	0.010185	0.003063	0.004594	0.002552	0.005030	0.000000
9	0.001751	0.006673	0.001951	0.000488	0.003902	0.007881	0.002627	0.002860	0.006673	0.002604	0.006771	0.002083	0.005519	0.000000
8	0.008489	0.009950	0.001426	0.003802	0.001901	0.004244	0.000849	0.002985	0.009950	0.004271	0.002670	0.001068	0.005195	0.000000
7	0.006428	0.007561	0.001871	0.002339	0.003742	0.002755	0.005510	0.000945	0.006616	0.003723	0.002660	0.001596	0.004866	0.000000
6	0.005268	0.007685	0.002345	0.002345	0.001407	0.000878	0.004390	0.003842	0.004803	0.003238	0.004317	0.002698	0.005353	0.000000
5	0.008204	0.001011	0.003066	0.002628	0.003504	0.002735	0.001823	0.001011	0.006067	0.002755	0.004959	0.001653	0.002426	0.000000
4	0.013477	0.010010	0.002736	0.003648	0.001824	0.003594	0.003594	0.002002	0.011011	0.000527	0.004747	0.002110	0.000161	0.000000
3	0.009418	0.009375	0.000445	0.003559	0.004004	0.004281	0.004281	0.004167	0.005208	0.003829	0.006018	0.003829	0.000161	0.000000
2	0.008865	0.005097	0.003911	0.002608	0.003477	0.008865	0.001773	0.002039	0.009174	0.006132	0.003344	0.002787	0.000000	0.000000
1	0.083994	0.019704	0.001244	0.000829	0.003317	0.003962	0.002377	0.003695	0.008621	0.004072	0.009308	0.004654	0.000000	0.000000
0	0.322101	0.017828	0.001219	0.001219	0.005280	0.011893	0.000991	0.012966	0.003241	0.004724	0.003307	0.001417	0.000000	0.000000
