# table produced by DamageProfiler
# using mapped file ScA026.BuffaloCape_Human_nc.Target.rmdup.noMicro.bam
# Sample ID: ScA026.BuffaloCape_Human_nc.Target.rmdup.noMicro.bam
Pos	C>T	G>A	A>C	A>G	A>T	C>A	C>G	G>C	G>T	T>A	T>C	T>G	->ACGT	ACGT>-
0	0.106202	0.017500	0.003040	0.005572	0.004053	0.007647	0.003398	0.005000	0.003750	0.003106	0.003106	0.003106	0.000000	0.000000
1	0.017561	0.015664	0.003848	0.006047	0.002199	0.005854	0.005854	0.004122	0.001649	0.006052	0.003259	0.002328	0.000000	0.000000
2	0.008496	0.007227	0.003040	0.003546	0.006079	0.005098	0.000850	0.004517	0.002710	0.001028	0.002569	0.006166	0.000000	0.000000
3	0.004359	0.009182	0.003918	0.005877	0.003428	0.005231	0.003487	0.002504	0.002504	0.006084	0.003319	0.002212	0.000807	0.000000
4	0.009743	0.005877	0.002066	0.005165	0.002583	0.002657	0.000886	0.005038	0.009236	0.004199	0.003675	0.003150	0.003409	0.000000
5	0.005814	0.002662	0.001590	0.004769	0.002650	0.002492	0.002492	0.007098	0.009760	0.002572	0.003601	0.002058	0.002759	0.000000
6	0.007333	0.005937	0.003395	0.005335	0.002425	0.005500	0.005500	0.000848	0.005089	0.000547	0.002734	0.004921	0.004058	0.000000
7	0.006885	0.003633	0.002928	0.003416	0.004880	0.006024	0.000861	0.005450	0.004541	0.001612	0.005911	0.002687	0.003078	0.000000
8	0.005391	0.007449	0.003897	0.001948	0.002435	0.002695	0.004492	0.005587	0.005587	0.003627	0.004145	0.003109	0.003079	0.000000
9	0.003454	0.009588	0.002434	0.004869	0.000974	0.003454	0.000864	0.000959	0.005753	0.002098	0.002098	0.002098	0.003408	0.000000
10	0.005195	0.003842	0.002435	0.002435	0.002923	0.000866	0.006061	0.004803	0.003842	0.003138	0.001046	0.002615	0.004220	0.000000
11	0.005828	0.004596	0.002993	0.004489	0.001995	0.003331	0.001665	0.004596	0.003676	0.003747	0.002677	0.002141	0.003895	0.000000
12	0.004255	0.006711	0.002428	0.003885	0.003400	0.004255	0.001702	0.001918	0.001918	0.002107	0.004742	0.002107	0.002753	0.000000
13	0.010536	0.002838	0.001998	0.002997	0.000999	0.001756	0.003512	0.002838	0.005676	0.003570	0.007649	0.002040	0.004059	0.000000
14	0.003356	0.005556	0.000493	0.000987	0.002467	0.002517	0.001678	0.005556	0.001852	0.003224	0.002687	0.002149	0.003247	0.000000
15	0.006957	0.003643	0.003543	0.004555	0.000506	0.004348	0.003478	0.002732	0.005464	0.002580	0.005676	0.001548	0.003246	0.000000
16	0.009540	0.006554	0.003481	0.003978	0.002984	0.002602	0.000000	0.002809	0.007491	0.002073	0.003109	0.004663	0.003408	0.000000
17	0.006092	0.010290	0.001990	0.002488	0.001990	0.003481	0.001741	0.000935	0.003742	0.002592	0.003629	0.001037	0.003411	0.000000
18	0.007719	0.010036	0.001969	0.001969	0.004431	0.002573	0.004288	0.003650	0.004562	0.001066	0.004262	0.002664	0.003566	0.000000
19	0.005877	0.003854	0.003477	0.001987	0.002484	0.004198	0.000000	0.000963	0.007707	0.002621	0.003669	0.003669	0.004878	0.000000
20	0.004102	0.008867	0.003488	0.001495	0.001495	0.001641	0.001641	0.001970	0.003941	0.004673	0.005192	0.002077	0.002919	0.000000
21	0.006167	0.004869	0.001945	0.002917	0.003403	0.005286	0.001762	0.000974	0.001947	0.001545	0.002575	0.002575	0.003571	0.000000
22	0.003559	0.009588	0.002931	0.000489	0.004397	0.003559	0.005338	0.002876	0.008629	0.004618	0.003079	0.002052	0.002921	0.000000
23	0.007162	0.007227	0.000502	0.003011	0.003011	0.001791	0.005372	0.004517	0.005420	0.004113	0.003599	0.002057	0.003733	0.000000
24	0.008244	0.002796	0.003657	0.001567	0.002090	0.002473	0.000824	0.000932	0.003728	0.002535	0.006085	0.001014	0.002106	0.000000
