# table produced by DamageProfiler
# using mapped file ScA026.BuffaloCape_Human_nc.Target.rmdup.noMicro.bam
# Sample ID: ScA026.BuffaloCape_Human_nc.Target.rmdup.noMicro.bam
Chr	End	Std	Pos	A	C	G	T	Total	G>A	C>T	A>G	T>C	A>C	A>T	C>G	C>A	T>G	T>A	G>C	G>T	A>-	T>-	C>-	G>-	->A	->T	->C	->G	S
	3p	+	1	1197.0	510.0	302.0	1049.0	3058.0	7.0	170.0	3.0	4.0	1.0	7.0	0.0	3.0	2.0	7.0	3.0	1.0	0.0	0.0	0.0	0.0	0.0	0.0	0.0	0.0	0.0
	3p	+	2	1202.0	609.0	392.0	855.0	3058.0	8.0	43.0	2.0	11.0	3.0	4.0	1.0	1.0	6.0	4.0	2.0	1.0	0.0	0.0	0.0	0.0	0.0	0.0	0.0	0.0	0.0
	3p	+	3	1141.0	561.0	472.0	884.0	3058.0	4.0	5.0	3.0	1.0	6.0	4.0	1.0	5.0	2.0	5.0	1.0	5.0	0.0	0.0	0.0	0.0	0.0	0.0	0.0	0.0	0.0
	3p	+	4	1102.0	571.0	478.0	907.0	3058.0	6.0	5.0	6.0	7.0	1.0	5.0	3.0	2.0	4.0	3.0	3.0	4.0	0.0	0.0	0.0	0.0	0.0	0.0	0.0	0.0	0.0
	3p	+	5	1083.0	530.0	507.0	938.0	3058.0	4.0	6.0	7.0	7.0	3.0	4.0	3.0	1.0	3.0	1.0	1.0	8.0	0.0	0.0	0.0	0.0	0.0	0.0	0.0	0.0	0.0
	3p	+	6	1133.0	520.0	472.0	927.0	3052.0	1.0	3.0	2.0	5.0	5.0	3.0	1.0	1.0	0.0	2.0	1.0	3.0	0.0	0.0	0.0	0.0	0.0	0.0	2.0	1.0	0.0
	3p	+	7	1061.0	545.0	508.0	926.0	3040.0	4.0	3.0	5.0	4.0	2.0	0.0	2.0	0.0	3.0	3.0	4.0	2.0	0.0	0.0	0.0	0.0	3.0	0.0	9.0	3.0	0.0
	3p	+	8	1041.0	543.0	510.0	947.0	3041.0	1.0	1.0	1.0	0.0	1.0	5.0	2.0	0.0	2.0	4.0	0.0	7.0	0.0	0.0	0.0	0.0	4.0	0.0	7.0	4.0	0.0
	3p	+	9	1046.0	565.0	485.0	940.0	3036.0	5.0	8.0	1.0	3.0	3.0	2.0	1.0	2.0	1.0	6.0	1.0	4.0	0.0	0.0	0.0	0.0	3.0	0.0	8.0	5.0	0.0
	3p	+	10	980.0	559.0	522.0	973.0	3034.0	2.0	1.0	0.0	5.0	1.0	4.0	1.0	4.0	2.0	3.0	2.0	1.0	0.0	0.0	0.0	0.0	3.0	0.0	9.0	5.0	0.0
	3p	+	11	954.0	575.0	511.0	997.0	3037.0	5.0	5.0	1.0	4.0	2.0	1.0	2.0	1.0	2.0	2.0	1.0	5.0	0.0	0.0	0.0	0.0	3.0	0.0	8.0	3.0	0.0
	3p	+	12	1027.0	543.0	475.0	991.0	3036.0	1.0	5.0	4.0	2.0	2.0	4.0	1.0	1.0	4.0	1.0	1.0	4.0	0.0	0.0	0.0	0.0	9.0	0.0	5.0	5.0	0.0
	3p	+	13	979.0	572.0	526.0	962.0	3039.0	5.0	2.0	2.0	6.0	1.0	2.0	3.0	2.0	1.0	5.0	0.0	3.0	0.0	0.0	0.0	0.0	8.0	0.0	3.0	5.0	0.0
	3p	+	14	1009.0	589.0	508.0	933.0	3039.0	4.0	4.0	8.0	2.0	4.0	1.0	1.0	1.0	4.0	4.0	1.0	2.0	0.0	0.0	0.0	0.0	4.0	0.0	7.0	2.0	0.0
	3p	+	15	1005.0	554.0	516.0	960.0	3035.0	2.0	1.0	2.0	2.0	6.0	2.0	1.0	3.0	2.0	3.0	2.0	3.0	0.0	0.0	0.0	0.0	6.0	0.0	6.0	4.0	0.0
	3p	+	16	1011.0	591.0	486.0	953.0	3041.0	6.0	4.0	4.0	2.0	1.0	4.0	1.0	1.0	1.0	2.0	2.0	0.0	0.0	0.0	0.0	0.0	1.0	0.0	5.0	6.0	0.0
	3p	+	17	998.0	526.0	523.0	993.0	3040.0	5.0	5.0	3.0	6.0	3.0	4.0	3.0	2.0	4.0	6.0	1.0	2.0	0.0	0.0	0.0	0.0	3.0	0.0	4.0	5.0	0.0
	3p	+	18	968.0	544.0	532.0	990.0	3034.0	4.0	4.0	2.0	5.0	0.0	4.0	1.0	1.0	3.0	3.0	1.0	4.0	0.0	0.0	0.0	0.0	5.0	0.0	6.0	9.0	0.0
	3p	+	19	1002.0	584.0	518.0	932.0	3036.0	2.0	3.0	6.0	4.0	2.0	2.0	1.0	3.0	1.0	3.0	2.0	2.0	0.0	0.0	0.0	0.0	5.0	0.0	5.0	8.0	0.0
	3p	+	20	971.0	562.0	532.0	962.0	3027.0	1.0	4.0	3.0	3.0	3.0	4.0	2.0	2.0	1.0	3.0	1.0	3.0	0.0	0.0	0.0	0.0	8.0	0.0	6.0	12.0	0.0
	3p	+	21	994.0	577.0	496.0	967.0	3034.0	3.0	1.0	1.0	2.0	4.0	0.0	3.0	0.0	1.0	2.0	0.0	1.0	0.0	0.0	0.0	0.0	7.0	0.0	5.0	7.0	0.0
	3p	+	22	958.0	575.0	551.0	947.0	3031.0	5.0	6.0	3.0	6.0	2.0	4.0	2.0	0.0	2.0	5.0	5.0	2.0	0.0	0.0	0.0	0.0	9.0	0.0	5.0	6.0	0.0
	3p	+	23	1035.0	525.0	495.0	979.0	3034.0	3.0	3.0	6.0	4.0	3.0	4.0	2.0	2.0	2.0	2.0	2.0	0.0	0.0	0.0	0.0	0.0	7.0	0.0	2.0	7.0	0.0
	3p	+	24	996.0	549.0	508.0	983.0	3036.0	2.0	4.0	3.0	3.0	6.0	5.0	3.0	2.0	3.0	3.0	2.0	1.0	0.0	0.0	0.0	0.0	6.0	0.0	6.0	5.0	0.0
	3p	+	25	967.0	569.0	504.0	993.0	3033.0	1.0	2.0	4.0	1.0	2.0	2.0	0.0	2.0	6.0	1.0	4.0	2.0	0.0	0.0	0.0	0.0	4.0	0.0	11.0	3.0	0.0
	3p	+	26	989.0	571.0	514.0	957.0	3031.0	4.0	8.0	4.0	5.0	3.0	2.0	0.0	2.0	3.0	2.0	2.0	3.0	0.0	0.0	0.0	0.0	6.0	0.0	5.0	11.0	0.0
	3p	+	27	972.0	568.0	542.0	961.0	3043.0	4.0	3.0	6.0	2.0	5.0	2.0	0.0	2.0	5.0	1.0	4.0	1.0	0.0	0.0	0.0	0.0	6.0	0.0	0.0	4.0	0.0
	3p	+	28	967.0	570.0	534.0	982.0	3053.0	3.0	6.0	2.0	1.0	1.0	1.0	2.0	4.0	6.0	1.0	1.0	0.0	0.0	0.0	0.0	0.0	0.0	0.0	1.0	1.0	0.0
	3p	+	29	975.0	559.0	539.0	984.0	3057.0	4.0	5.0	3.0	3.0	5.0	2.0	1.0	4.0	3.0	1.0	2.0	0.0	0.0	0.0	0.0	0.0	0.0	0.0	0.0	0.0	0.0
	3p	+	30	971.0	578.0	523.0	984.0	3056.0	5.0	4.0	1.0	2.0	2.0	6.0	0.0	3.0	0.0	5.0	1.0	1.0	0.0	0.0	0.0	0.0	0.0	0.0	0.0	1.0	0.0
	3p	+	31	867.0	538.0	482.0	853.0	2740.0	2.0	6.0	2.0	4.0	2.0	3.0	2.0	1.0	0.0	2.0	1.0	0.0	0.0	0.0	0.0	0.0	0.0	0.0	0.0	0.0	0.0
	3p	+	32	813.0	479.0	453.0	815.0	2560.0	1.0	4.0	5.0	4.0	1.0	1.0	1.0	1.0	0.0	1.0	0.0	0.0	0.0	0.0	0.0	0.0	0.0	0.0	0.0	0.0	0.0
	3p	+	33	817.0	435.0	400.0	784.0	2436.0	1.0	2.0	1.0	3.0	0.0	0.0	0.0	0.0	1.0	1.0	1.0	4.0	0.0	0.0	0.0	0.0	0.0	0.0	0.0	0.0	0.0
	3p	+	34	726.0	435.0	401.0	726.0	2288.0	2.0	7.0	2.0	2.0	1.0	2.0	1.0	1.0	0.0	0.0	2.0	1.0	0.0	0.0	0.0	0.0	0.0	0.0	0.0	0.0	0.0
	3p	+	35	709.0	397.0	373.0	690.0	2169.0	0.0	1.0	1.0	3.0	1.0	1.0	0.0	0.0	1.0	0.0	0.0	0.0	0.0	0.0	0.0	0.0	1.0	0.0	0.0	0.0	0.0
	3p	+	36	754.0	344.0	333.0	648.0	2079.0	4.0	8.0	1.0	0.0	0.0	0.0	0.0	0.0	1.0	0.0	0.0	0.0	0.0	0.0	0.0	0.0	0.0	0.0	0.0	0.0	0.0
	3p	+	37	666.0	345.0	328.0	615.0	1954.0	2.0	4.0	1.0	1.0	3.0	0.0	0.0	1.0	0.0	0.0	0.0	1.0	0.0	0.0	0.0	0.0	1.0	0.0	0.0	0.0	0.0
	3p	+	38	611.0	334.0	324.0	581.0	1850.0	1.0	4.0	2.0	0.0	0.0	0.0	1.0	0.0	0.0	0.0	0.0	1.0	0.0	0.0	0.0	0.0	0.0	0.0	0.0	0.0	0.0
	3p	+	39	602.0	320.0	272.0	554.0	1748.0	1.0	0.0	0.0	3.0	0.0	0.0	1.0	0.0	0.0	1.0	1.0	1.0	0.0	0.0	0.0	0.0	0.0	0.0	0.0	0.0	0.0
	3p	+	40	547.0	315.0	275.0	504.0	1641.0	2.0	4.0	3.0	0.0	0.0	1.0	1.0	0.0	0.0	0.0	0.0	1.0	0.0	0.0	0.0	0.0	0.0	0.0	0.0	0.0	0.0
	3p	+	41	470.0	269.0	274.0	514.0	1527.0	3.0	3.0	1.0	2.0	0.0	0.0	0.0	2.0	0.0	1.0	0.0	2.0	0.0	0.0	0.0	0.0	0.0	0.0	0.0	0.0	0.0
	3p	+	42	486.0	246.0	239.0	467.0	1438.0	1.0	6.0	0.0	1.0	0.0	1.0	1.0	1.0	0.0	0.0	0.0	1.0	0.0	0.0	0.0	0.0	0.0	0.0	0.0	0.0	0.0
	3p	+	43	457.0	254.0	203.0	425.0	1339.0	0.0	3.0	0.0	0.0	1.0	0.0	1.0	0.0	1.0	0.0	0.0	0.0	0.0	0.0	0.0	0.0	1.0	0.0	0.0	0.0	0.0
	3p	+	44	408.0	195.0	221.0	435.0	1259.0	1.0	1.0	0.0	1.0	1.0	0.0	0.0	0.0	0.0	0.0	0.0	0.0	0.0	0.0	0.0	0.0	0.0	0.0	0.0	0.0	0.0
	3p	+	45	384.0	213.0	214.0	379.0	1190.0	0.0	4.0	0.0	2.0	1.0	1.0	0.0	0.0	1.0	0.0	0.0	2.0	0.0	0.0	0.0	0.0	0.0	0.0	0.0	0.0	0.0
	3p	+	46	356.0	187.0	213.0	374.0	1130.0	3.0	2.0	0.0	0.0	0.0	0.0	1.0	0.0	1.0	1.0	0.0	0.0	0.0	0.0	0.0	0.0	0.0	0.0	0.0	0.0	0.0
	3p	+	47	343.0	198.0	183.0	340.0	1064.0	1.0	1.0	1.0	2.0	0.0	1.0	1.0	1.0	0.0	1.0	0.0	0.0	0.0	0.0	0.0	0.0	0.0	0.0	0.0	0.0	0.0
	3p	+	48	339.0	185.0	157.0	326.0	1007.0	2.0	3.0	2.0	0.0	0.0	0.0	1.0	2.0	0.0	0.0	0.0	0.0	0.0	0.0	0.0	0.0	0.0	0.0	0.0	0.0	0.0
	3p	+	49	316.0	187.0	167.0	282.0	952.0	0.0	2.0	5.0	3.0	1.0	0.0	0.0	0.0	0.0	0.0	0.0	1.0	0.0	0.0	0.0	0.0	0.0	0.0	0.0	0.0	0.0
	3p	+	50	279.0	151.0	169.0	291.0	890.0	1.0	7.0	0.0	1.0	0.0	0.0	0.0	0.0	0.0	0.0	0.0	1.0	0.0	0.0	0.0	0.0	0.0	0.0	0.0	0.0	0.0
	3p	+	51	268.0	134.0	130.0	279.0	811.0	0.0	3.0	0.0	0.0	0.0	0.0	0.0	1.0	0.0	0.0	1.0	1.0	0.0	0.0	0.0	0.0	0.0	0.0	0.0	0.0	0.0
	3p	+	52	239.0	157.0	122.0	239.0	757.0	0.0	3.0	0.0	2.0	1.0	0.0	0.0	0.0	0.0	0.0	0.0	0.0	0.0	0.0	0.0	0.0	0.0	0.0	1.0	0.0	0.0
	3p	+	53	231.0	125.0	125.0	215.0	696.0	0.0	2.0	0.0	0.0	0.0	1.0	0.0	0.0	0.0	0.0	0.0	0.0	0.0	0.0	0.0	0.0	0.0	0.0	0.0	0.0	0.0
	3p	+	54	185.0	133.0	105.0	222.0	645.0	0.0	3.0	0.0	0.0	0.0	1.0	1.0	1.0	0.0	0.0	1.0	1.0	0.0	0.0	0.0	0.0	0.0	0.0	0.0	0.0	0.0
	3p	+	55	191.0	99.0	91.0	209.0	590.0	0.0	1.0	0.0	0.0	0.0	0.0	0.0	0.0	0.0	0.0	0.0	0.0	0.0	0.0	0.0	0.0	0.0	0.0	0.0	0.0	0.0
	3p	+	56	165.0	116.0	80.0	191.0	552.0	0.0	2.0	2.0	0.0	0.0	0.0	0.0	0.0	0.0	0.0	0.0	0.0	0.0	0.0	0.0	0.0	0.0	0.0	0.0	0.0	0.0
	3p	+	57	176.0	92.0	99.0	152.0	519.0	0.0	0.0	2.0	0.0	0.0	0.0	0.0	1.0	0.0	1.0	0.0	0.0	0.0	0.0	0.0	0.0	0.0	0.0	0.0	0.0	0.0
	3p	+	58	183.0	92.0	68.0	136.0	479.0	1.0	4.0	0.0	0.0	0.0	0.0	0.0	0.0	1.0	0.0	0.0	0.0	0.0	0.0	0.0	0.0	0.0	0.0	0.0	0.0	0.0
	3p	+	59	139.0	69.0	77.0	156.0	441.0	0.0	1.0	1.0	1.0	0.0	0.0	0.0	0.0	0.0	0.0	0.0	0.0	0.0	0.0	0.0	0.0	0.0	0.0	0.0	0.0	0.0
	3p	+	60	123.0	75.0	68.0	132.0	398.0	0.0	0.0	1.0	1.0	0.0	0.0	0.0	1.0	0.0	0.0	1.0	0.0	0.0	0.0	0.0	0.0	0.0	0.0	0.0	0.0	0.0
	3p	+	61	107.0	66.0	69.0	121.0	363.0	0.0	1.0	0.0	1.0	0.0	0.0	0.0	0.0	0.0	0.0	1.0	1.0	0.0	0.0	0.0	0.0	0.0	0.0	0.0	0.0	0.0
	3p	+	62	104.0	67.0	55.0	108.0	334.0	0.0	0.0	1.0	0.0	0.0	0.0	0.0	0.0	1.0	0.0	0.0	1.0	0.0	0.0	0.0	0.0	0.0	0.0	0.0	0.0	0.0
	3p	+	63	105.0	58.0	43.0	97.0	303.0	1.0	0.0	0.0	0.0	1.0	0.0	0.0	0.0	0.0	0.0	0.0	0.0	0.0	0.0	0.0	0.0	0.0	0.0	0.0	0.0	0.0
	3p	+	64	81.0	57.0	45.0	93.0	276.0	0.0	0.0	0.0	0.0	0.0	0.0	0.0	0.0	0.0	0.0	0.0	0.0	0.0	0.0	0.0	0.0	0.0	0.0	0.0	0.0	0.0
	3p	+	65	71.0	52.0	46.0	83.0	252.0	1.0	0.0	0.0	0.0	0.0	0.0	0.0	0.0	0.0	0.0	0.0	0.0	0.0	0.0	0.0	0.0	0.0	0.0	0.0	0.0	0.0
	3p	+	66	75.0	46.0	39.0	77.0	237.0	0.0	0.0	0.0	1.0	1.0	0.0	0.0	0.0	0.0	1.0	0.0	0.0	0.0	0.0	0.0	0.0	0.0	0.0	0.0	0.0	0.0
	3p	+	67	71.0	40.0	31.0	81.0	223.0	1.0	0.0	0.0	0.0	0.0	0.0	0.0	1.0	0.0	0.0	0.0	0.0	0.0	0.0	0.0	0.0	0.0	0.0	0.0	0.0	0.0
	3p	+	68	64.0	41.0	39.0	62.0	206.0	0.0	1.0	0.0	0.0	0.0	0.0	0.0	0.0	0.0	0.0	0.0	2.0	0.0	0.0	0.0	0.0	0.0	0.0	0.0	0.0	0.0
	3p	+	69	64.0	29.0	41.0	57.0	191.0	1.0	2.0	0.0	0.0	1.0	0.0	0.0	0.0	0.0	0.0	1.0	0.0	0.0	0.0	0.0	0.0	0.0	0.0	0.0	0.0	0.0
	3p	+	70	56.0	28.0	31.0	58.0	173.0	0.0	1.0	1.0	0.0	0.0	0.0	0.0	0.0	0.0	0.0	0.0	0.0	0.0	0.0	0.0	0.0	0.0	0.0	0.0	0.0	0.0
	3p	+	71	47.0	29.0	25.0	56.0	157.0	0.0	0.0	0.0	0.0	0.0	0.0	0.0	0.0	0.0	0.0	0.0	0.0	0.0	0.0	0.0	0.0	0.0	0.0	0.0	0.0	0.0
	3p	+	72	41.0	31.0	26.0	43.0	141.0	0.0	0.0	0.0	0.0	0.0	0.0	0.0	0.0	0.0	0.0	0.0	0.0	0.0	0.0	0.0	0.0	0.0	0.0	0.0	0.0	0.0
	3p	+	73	41.0	24.0	27.0	38.0	130.0	0.0	0.0	0.0	0.0	0.0	0.0	0.0	0.0	0.0	0.0	0.0	1.0	0.0	0.0	0.0	0.0	0.0	0.0	0.0	0.0	0.0
	3p	+	74	37.0	23.0	24.0	32.0	116.0	1.0	0.0	0.0	0.0	0.0	0.0	0.0	0.0	0.0	0.0	0.0	0.0	0.0	0.0	0.0	0.0	0.0	0.0	0.0	0.0	0.0
	3p	+	75	26.0	18.0	24.0	40.0	108.0	0.0	0.0	0.0	0.0	0.0	0.0	0.0	0.0	0.0	0.0	0.0	0.0	0.0	0.0	0.0	0.0	0.0	0.0	0.0	0.0	0.0
	3p	+	76	23.0	19.0	24.0	31.0	97.0	0.0	1.0	0.0	0.0	0.0	1.0	0.0	0.0	0.0	0.0	0.0	0.0	0.0	0.0	0.0	0.0	0.0	0.0	0.0	0.0	0.0
	3p	+	77	30.0	14.0	12.0	31.0	87.0	0.0	0.0	0.0	1.0	0.0	0.0	0.0	0.0	0.0	0.0	0.0	0.0	0.0	0.0	0.0	0.0	0.0	0.0	0.0	0.0	0.0
	3p	+	78	25.0	14.0	11.0	28.0	78.0	0.0	0.0	0.0	0.0	0.0	0.0	0.0	0.0	0.0	0.0	0.0	0.0	0.0	0.0	0.0	0.0	0.0	0.0	0.0	0.0	0.0
	3p	+	79	10.0	20.0	15.0	25.0	70.0	1.0	3.0	0.0	0.0	0.0	0.0	0.0	0.0	0.0	0.0	0.0	0.0	0.0	0.0	0.0	0.0	0.0	0.0	0.0	0.0	0.0
	3p	+	80	21.0	11.0	12.0	15.0	59.0	0.0	0.0	0.0	0.0	0.0	0.0	0.0	0.0	0.0	0.0	0.0	0.0	0.0	0.0	0.0	0.0	0.0	0.0	0.0	0.0	0.0
	3p	+	81	13.0	15.0	11.0	18.0	57.0	0.0	0.0	0.0	0.0	0.0	0.0	0.0	0.0	0.0	0.0	0.0	0.0	0.0	0.0	0.0	0.0	0.0	0.0	0.0	0.0	0.0
	3p	+	82	15.0	7.0	8.0	22.0	52.0	0.0	0.0	0.0	0.0	0.0	0.0	0.0	0.0	0.0	0.0	0.0	0.0	0.0	0.0	0.0	0.0	0.0	0.0	0.0	0.0	0.0
	3p	+	83	9.0	8.0	10.0	18.0	45.0	0.0	0.0	0.0	0.0	0.0	0.0	0.0	0.0	0.0	0.0	0.0	0.0	0.0	0.0	0.0	0.0	0.0	0.0	0.0	0.0	0.0
	3p	+	84	12.0	9.0	7.0	10.0	38.0	0.0	0.0	0.0	0.0	0.0	0.0	0.0	0.0	0.0	0.0	0.0	0.0	0.0	0.0	0.0	0.0	0.0	0.0	0.0	0.0	0.0
	3p	+	85	5.0	10.0	5.0	11.0	31.0	0.0	1.0	0.0	0.0	0.0	0.0	0.0	0.0	0.0	0.0	0.0	0.0	0.0	0.0	0.0	0.0	0.0	0.0	0.0	0.0	0.0
	3p	+	86	5.0	4.0	6.0	11.0	26.0	0.0	0.0	0.0	0.0	0.0	0.0	0.0	0.0	0.0	1.0	0.0	0.0	0.0	0.0	0.0	0.0	0.0	0.0	0.0	0.0	0.0
	3p	+	87	10.0	4.0	1.0	5.0	20.0	0.0	1.0	0.0	0.0	0.0	0.0	0.0	0.0	0.0	0.0	0.0	0.0	0.0	0.0	0.0	0.0	0.0	0.0	0.0	0.0	0.0
	3p	+	88	3.0	2.0	3.0	8.0	16.0	0.0	0.0	0.0	0.0	0.0	0.0	0.0	0.0	0.0	0.0	0.0	0.0	0.0	0.0	0.0	0.0	0.0	0.0	0.0	0.0	0.0
	3p	+	89	4.0	1.0	3.0	6.0	14.0	0.0	0.0	0.0	0.0	0.0	0.0	0.0	0.0	0.0	0.0	0.0	0.0	0.0	0.0	0.0	0.0	0.0	0.0	0.0	0.0	0.0
	3p	+	90	1.0	0.0	0.0	6.0	7.0	0.0	0.0	0.0	0.0	0.0	0.0	0.0	0.0	0.0	0.0	0.0	0.0	0.0	0.0	0.0	0.0	0.0	0.0	0.0	0.0	0.0
	3p	+	91	1.0	1.0	0.0	1.0	3.0	0.0	0.0	0.0	0.0	0.0	0.0	0.0	0.0	0.0	0.0	0.0	0.0	0.0	0.0	0.0	0.0	0.0	0.0	0.0	0.0	0.0
	3p	+	92	0.0	0.0	0.0	0.0	0.0	0.0	0.0	0.0	0.0	0.0	0.0	0.0	0.0	0.0	0.0	0.0	0.0	0.0	0.0	0.0	0.0	0.0	0.0	0.0	0.0	0.0
	3p	+	93	0.0	0.0	0.0	0.0	0.0	0.0	0.0	0.0	0.0	0.0	0.0	0.0	0.0	0.0	0.0	0.0	0.0	0.0	0.0	0.0	0.0	0.0	0.0	0.0	0.0	0.0
	3p	+	94	0.0	0.0	0.0	0.0	0.0	0.0	0.0	0.0	0.0	0.0	0.0	0.0	0.0	0.0	0.0	0.0	0.0	0.0	0.0	0.0	0.0	0.0	0.0	0.0	0.0	0.0
	3p	+	95	0.0	0.0	0.0	0.0	0.0	0.0	0.0	0.0	0.0	0.0	0.0	0.0	0.0	0.0	0.0	0.0	0.0	0.0	0.0	0.0	0.0	0.0	0.0	0.0	0.0	0.0
	3p	+	96	0.0	0.0	0.0	0.0	0.0	0.0	0.0	0.0	0.0	0.0	0.0	0.0	0.0	0.0	0.0	0.0	0.0	0.0	0.0	0.0	0.0	0.0	0.0	0.0	0.0	0.0
	3p	+	97	0.0	0.0	0.0	0.0	0.0	0.0	0.0	0.0	0.0	0.0	0.0	0.0	0.0	0.0	0.0	0.0	0.0	0.0	0.0	0.0	0.0	0.0	0.0	0.0	0.0	0.0
	3p	+	98	0.0	0.0	0.0	0.0	0.0	0.0	0.0	0.0	0.0	0.0	0.0	0.0	0.0	0.0	0.0	0.0	0.0	0.0	0.0	0.0	0.0	0.0	0.0	0.0	0.0	0.0
	3p	+	99	0.0	0.0	0.0	0.0	0.0	0.0	0.0	0.0	0.0	0.0	0.0	0.0	0.0	0.0	0.0	0.0	0.0	0.0	0.0	0.0	0.0	0.0	0.0	0.0	0.0	0.0
	3p	+	100	0.0	0.0	0.0	0.0	0.0	0.0	0.0	0.0	0.0	0.0	0.0	0.0	0.0	0.0	0.0	0.0	0.0	0.0	0.0	0.0	0.0	0.0	0.0	0.0	0.0	0.0
	3p	-	1	1265.0	499.0	315.0	1068.0	3147.0	4.0	155.0	0.0	3.0	2.0	6.0	1.0	9.0	1.0	3.0	5.0	1.00.0	0.0	0.0	0.0	0.0	0.0	0.0	0.0	0.0
	3p	-	2	1210.0	653.0	420.0	864.0	3147.0	8.0	63.0	0.0	5.0	0.0	4.0	2.0	4.0	2.0	3.0	1.0	6.00.0	0.0	0.0	0.0	0.0	0.0	0.0	0.0	0.0
	3p	-	3	1160.0	567.0	509.0	910.0	3146.0	1.0	5.0	3.0	5.0	3.0	4.0	1.0	5.0	3.0	6.0	1.0	4.00.0	0.0	0.0	0.0	0.0	0.0	0.0	0.0	0.0
	3p	-	4	1146.0	597.0	482.0	921.0	3146.0	3.0	6.0	2.0	4.0	0.0	4.0	2.0	3.0	3.0	4.0	1.0	1.00.0	0.0	0.0	0.0	1.0	0.0	0.0	0.0	0.0
	3p	-	5	1110.0	583.0	492.0	958.0	3143.0	6.0	9.0	1.0	2.0	3.0	0.0	1.0	3.0	1.0	0.0	1.0	3.00.0	0.0	0.0	0.0	1.0	0.0	0.0	0.0	0.0
	3p	-	6	1150.0	577.0	517.0	888.0	3132.0	0.0	6.0	4.0	4.0	2.0	5.0	1.0	2.0	3.0	3.0	0.0	3.00.0	0.0	0.0	0.0	6.0	0.0	5.0	1.0	0.0
	3p	-	7	1071.0	594.0	533.0	927.0	3125.0	4.0	3.0	0.0	4.0	3.0	3.0	3.0	1.0	2.0	3.0	0.0	3.00.0	0.0	0.0	0.0	7.0	0.0	7.0	4.0	0.0
	3p	-	8	1097.0	546.0	548.0	933.0	3124.0	7.0	6.0	4.0	5.0	3.0	3.0	4.0	3.0	1.0	3.0	1.0	0.00.0	0.0	0.0	0.0	5.0	0.0	6.0	4.0	0.0
	3p	-	9	1058.0	613.0	520.0	933.0	3124.0	5.0	2.0	7.0	2.0	0.0	2.0	0.0	3.0	1.0	2.0	2.0	6.00.0	0.0	0.0	0.0	5.0	0.0	5.0	6.0	0.0
	3p	-	10	1070.0	583.0	527.0	947.0	3127.0	5.0	1.0	1.0	8.0	3.0	4.0	2.0	5.0	2.0	2.0	1.0	6.00.0	0.0	0.0	0.0	5.0	0.0	5.0	7.0	0.0
	3p	-	11	1025.0	570.0	569.0	962.0	3126.0	8.0	4.0	3.0	5.0	3.0	1.0	1.0	3.0	3.0	4.0	0.0	6.00.0	0.0	0.0	0.0	7.0	0.0	4.0	6.0	0.0
	3p	-	12	1018.0	577.0	585.0	953.0	3133.0	4.0	5.0	2.0	1.0	5.0	3.0	3.0	2.0	0.0	2.0	3.0	3.00.0	0.0	0.0	0.0	4.0	0.0	3.0	2.0	0.0
	3p	-	13	1023.0	578.0	546.0	980.0	3127.0	4.0	3.0	2.0	5.0	1.0	1.0	1.0	2.0	3.0	2.0	3.0	2.00.0	0.0	0.0	0.0	3.0	0.0	5.0	6.0	0.0
	3p	-	14	1006.0	608.0	579.0	933.0	3126.0	3.0	9.0	1.0	3.0	4.0	3.0	2.0	1.0	1.0	1.0	1.0	4.00.0	0.0	0.0	0.0	6.0	0.0	6.0	4.0	0.0
	3p	-	15	1014.0	609.0	503.0	994.0	3120.0	2.0	5.0	7.0	2.0	0.0	3.0	1.0	4.0	1.0	2.0	1.0	4.00.0	0.0	0.0	0.0	9.0	0.0	8.0	5.0	0.0
	3p	-	16	988.0	608.0	569.0	957.0	3122.0	6.0	4.0	1.0	3.0	1.0	4.0	1.0	1.0	3.0	0.0	2.0	2.00.0	0.0	0.0	0.0	5.0	0.0	9.0	6.0	0.0
	3p	-	17	974.0	596.0	547.0	1012.0	3129.0	2.0	5.0	5.0	3.0	3.0	3.0	0.0	0.0	2.0	1.0	1.0	3.00.0	0.0	0.0	0.0	6.0	0.0	5.0	3.0	0.0
	3p	-	18	1010.0	554.0	554.0	1018.0	3136.0	3.0	2.0	2.0	2.0	1.0	1.0	1.0	4.0	3.0	4.0	0.0	1.00.0	0.0	0.0	0.0	3.0	0.0	4.0	2.0	0.0
	3p	-	19	990.0	594.0	513.0	1027.0	3124.0	2.0	4.0	5.0	5.0	3.0	2.0	2.0	2.0	1.0	2.0	0.0	2.00.0	0.0	0.0	0.0	3.0	0.0	5.0	6.0	0.0
	3p	-	20	968.0	597.0	545.0	1017.0	3127.0	1.0	3.0	0.0	3.0	1.0	2.0	1.0	1.0	3.0	4.0	4.0	2.00.0	0.0	0.0	0.0	8.0	0.0	4.0	4.0	0.0
	3p	-	21	1014.0	560.0	552.0	990.0	3116.0	4.0	3.0	1.0	3.0	3.0	4.0	1.0	3.0	2.0	1.0	1.0	0.00.0	0.0	0.0	0.0	7.0	0.0	14.0	5.0	0.0
	3p	-	22	1004.0	601.0	526.0	997.0	3128.0	3.0	1.0	5.0	2.0	5.0	1.0	2.0	3.0	5.0	4.0	2.0	4.00.0	0.0	0.0	0.0	3.0	0.0	5.0	5.0	0.0
	3p	-	23	1019.0	601.0	511.0	996.0	3127.0	1.0	5.0	3.0	5.0	2.0	1.0	2.0	4.0	1.0	4.0	2.0	5.00.0	0.0	0.0	0.0	5.0	0.0	4.0	6.0	0.0
	3p	-	24	998.0	591.0	585.0	962.0	3136.0	6.0	7.0	2.0	4.0	4.0	2.0	1.0	1.0	2.0	1.0	1.0	2.00.0	0.0	0.0	0.0	3.0	0.0	4.0	2.0	0.0
	3p	-	25	1085.0	563.0	497.0	977.0	3122.0	0.0	6.0	5.0	6.0	1.0	3.0	4.0	1.0	2.0	3.0	2.0	1.00.0	0.0	0.0	0.0	4.0	0.0	10.0	7.0	0.0
	3p	-	26	1048.0	626.0	537.0	919.0	3130.0	4.0	2.0	5.0	5.0	2.0	3.0	0.0	2.0	3.0	3.0	3.0	4.00.0	0.0	0.0	0.0	1.0	0.0	5.0	7.0	0.0
	3p	-	27	1002.0	598.0	614.0	923.0	3137.0	3.0	4.0	4.0	3.0	1.0	5.0	2.0	1.0	0.0	7.0	2.0	3.00.0	0.0	0.0	0.0	1.0	0.0	5.0	0.0	0.0
	3p	-	28	990.0	602.0	585.0	968.0	3145.0	3.0	4.0	3.0	4.0	2.0	3.0	1.0	2.0	2.0	2.0	2.0	3.00.0	0.0	0.0	0.0	2.0	0.0	0.0	0.0	0.0
	3p	-	29	1029.0	595.0	540.0	980.0	3144.0	6.0	0.0	2.0	1.0	4.0	2.0	2.0	2.0	2.0	8.0	3.0	3.00.0	0.0	0.0	0.0	1.0	0.0	0.0	1.0	0.0
	3p	-	30	1029.0	582.0	535.0	1000.0	3146.0	3.0	3.0	5.0	4.0	1.0	3.0	1.0	1.0	7.0	2.0	3.0	1.00.0	0.0	0.0	0.0	0.0	0.0	1.0	0.0	0.0
	3p	-	31	935.0	536.0	459.0	887.0	2817.0	4.0	6.0	4.0	1.0	4.0	2.0	1.0	3.0	1.0	3.0	1.0	4.00.0	0.0	0.0	0.0	1.0	0.0	0.0	0.0	0.0
	3p	-	32	828.0	482.0	491.0	822.0	2623.0	2.0	5.0	5.0	2.0	1.0	1.0	0.0	0.0	2.0	0.0	0.0	3.00.0	0.0	0.0	0.0	0.0	0.0	0.0	0.0	0.0
	3p	-	33	798.0	471.0	448.0	764.0	2481.0	2.0	5.0	1.0	1.0	0.0	1.0	0.0	1.0	1.0	1.0	1.0	4.00.0	0.0	0.0	0.0	0.0	0.0	0.0	1.0	0.0
	3p	-	34	723.0	450.0	415.0	753.0	2341.0	1.0	4.0	1.0	2.0	0.0	0.0	0.0	0.0	1.0	1.0	0.0	2.00.0	0.0	0.0	0.0	2.0	0.0	0.0	0.0	0.0
	3p	-	35	732.0	402.0	376.0	722.0	2232.0	1.0	0.0	1.0	1.0	0.0	2.0	1.0	0.0	0.0	0.0	1.0	1.00.0	0.0	0.0	0.0	0.0	0.0	2.0	0.0	0.0
	3p	-	36	688.0	398.0	351.0	685.0	2122.0	0.0	3.0	0.0	1.0	0.0	1.0	1.0	0.0	1.0	0.0	0.0	0.00.0	0.0	0.0	0.0	0.0	0.0	0.0	0.0	0.0
	3p	-	37	640.0	364.0	391.0	632.0	2027.0	1.0	3.0	2.0	1.0	1.0	1.0	1.0	0.0	0.0	0.0	2.0	2.00.0	0.0	0.0	0.0	0.0	0.0	0.0	0.0	0.0
	3p	-	38	630.0	324.0	364.0	611.0	1929.0	1.0	6.0	1.0	1.0	0.0	0.0	0.0	1.0	0.0	1.0	0.0	1.00.0	0.0	0.0	0.0	0.0	0.0	0.0	0.0	0.0
	3p	-	39	545.0	341.0	345.0	588.0	1819.0	0.0	4.0	2.0	1.0	1.0	1.0	0.0	0.0	0.0	1.0	0.0	0.00.0	0.0	0.0	0.0	0.0	0.0	0.0	0.0	0.0
	3p	-	40	524.0	313.0	299.0	577.0	1713.0	1.0	4.0	2.0	0.0	0.0	1.0	0.0	0.0	0.0	2.0	1.0	0.00.0	0.0	0.0	0.0	0.0	0.0	0.0	0.0	0.0
	3p	-	41	507.0	290.0	275.0	545.0	1617.0	1.0	6.0	2.0	0.0	0.0	0.0	0.0	0.0	1.0	0.0	0.0	2.00.0	0.0	0.0	0.0	1.0	0.0	0.0	0.0	0.0
	3p	-	42	515.0	243.0	245.0	525.0	1528.0	1.0	3.0	0.0	3.0	1.0	0.0	0.0	1.0	2.0	1.0	0.0	2.00.0	0.0	0.0	0.0	0.0	0.0	0.0	0.0	0.0
	3p	-	43	483.0	269.0	262.0	427.0	1441.0	2.0	10.0	1.0	2.0	1.0	1.0	0.0	2.0	0.0	1.0	0.0	1.00.0	0.0	0.0	0.0	0.0	0.0	0.0	0.0	0.0
	3p	-	44	450.0	228.0	217.0	456.0	1351.0	2.0	3.0	5.0	3.0	1.0	0.0	0.0	1.0	0.0	0.0	1.0	0.00.0	0.0	0.0	0.0	1.0	0.0	0.0	0.0	0.0
	3p	-	45	376.0	231.0	233.0	427.0	1267.0	1.0	1.0	1.0	1.0	1.0	0.0	0.0	2.0	1.0	0.0	0.0	2.00.0	0.0	0.0	0.0	0.0	0.0	0.0	0.0	0.0
	3p	-	46	392.0	192.0	208.0	405.0	1197.0	2.0	4.0	0.0	1.0	1.0	0.0	0.0	1.0	0.0	0.0	0.0	0.00.0	0.0	0.0	0.0	0.0	0.0	0.0	0.0	0.0
	3p	-	47	365.0	211.0	195.0	342.0	1113.0	0.0	4.0	0.0	0.0	0.0	0.0	1.0	1.0	0.0	0.0	0.0	1.00.0	0.0	0.0	0.0	0.0	0.0	0.0	0.0	0.0
	3p	-	48	304.0	224.0	178.0	326.0	1032.0	1.0	4.0	0.0	1.0	0.0	0.0	0.0	1.0	0.0	0.0	1.0	0.00.0	0.0	0.0	0.0	0.0	0.0	0.0	0.0	0.0
	3p	-	49	302.0	165.0	168.0	327.0	962.0	2.0	4.0	2.0	0.0	0.0	0.0	0.0	0.0	0.0	1.0	0.0	1.00.0	0.0	0.0	0.0	0.0	0.0	0.0	0.0	0.0
	3p	-	50	278.0	172.0	149.0	287.0	886.0	0.0	3.0	0.0	0.0	0.0	1.0	0.0	0.0	0.0	0.0	0.0	0.00.0	0.0	0.0	0.0	0.0	0.0	0.0	0.0	0.0
	3p	-	51	273.0	150.0	137.0	254.0	814.0	2.0	3.0	0.0	1.0	0.0	0.0	0.0	0.0	0.0	0.0	0.0	0.00.0	0.0	0.0	0.0	0.0	0.0	0.0	0.0	0.0
	3p	-	52	235.0	144.0	136.0	240.0	755.0	0.0	1.0	0.0	0.0	0.0	0.0	0.0	0.0	0.0	1.0	0.0	0.00.0	0.0	0.0	0.0	0.0	0.0	0.0	0.0	0.0
	3p	-	53	226.0	120.0	123.0	233.0	702.0	0.0	0.0	1.0	0.0	0.0	0.0	0.0	0.0	0.0	1.0	0.0	0.00.0	0.0	0.0	0.0	1.0	0.0	0.0	0.0	0.0
	3p	-	54	195.0	122.0	120.0	223.0	660.0	1.0	2.0	0.0	0.0	0.0	0.0	0.0	0.0	0.0	0.0	0.0	1.00.0	0.0	0.0	0.0	0.0	0.0	0.0	0.0	0.0
	3p	-	55	223.0	89.0	111.0	200.0	623.0	1.0	2.0	0.0	1.0	0.0	0.0	0.0	0.0	1.0	0.0	0.0	1.00.0	0.0	0.0	0.0	0.0	0.0	0.0	0.0	0.0
	3p	-	56	192.0	106.0	92.0	189.0	579.0	2.0	2.0	1.0	0.0	0.0	0.0	0.0	0.0	0.0	0.0	0.0	1.00.0	0.0	0.0	0.0	0.0	0.0	0.0	0.0	0.0
	3p	-	57	168.0	93.0	101.0	168.0	530.0	1.0	3.0	0.0	1.0	0.0	1.0	0.0	0.0	1.0	1.0	0.0	0.00.0	0.0	0.0	0.0	0.0	0.0	0.0	0.0	0.0
	3p	-	58	151.0	82.0	89.0	168.0	490.0	0.0	1.0	1.0	0.0	0.0	0.0	0.0	0.0	0.0	0.0	0.0	0.00.0	0.0	0.0	0.0	0.0	0.0	0.0	0.0	0.0
	3p	-	59	141.0	79.0	75.0	177.0	472.0	0.0	0.0	1.0	0.0	0.0	0.0	2.0	0.0	0.0	0.0	0.0	1.00.0	0.0	0.0	0.0	0.0	0.0	0.0	0.0	0.0
	3p	-	60	154.0	76.0	69.0	138.0	437.0	0.0	0.0	1.0	0.0	0.0	0.0	0.0	0.0	0.0	1.0	0.0	1.00.0	0.0	0.0	0.0	0.0	0.0	0.0	0.0	0.0
	3p	-	61	123.0	73.0	73.0	125.0	394.0	0.0	0.0	0.0	0.0	1.0	0.0	0.0	0.0	1.0	0.0	0.0	0.00.0	0.0	0.0	0.0	0.0	0.0	0.0	0.0	0.0
	3p	-	62	126.0	64.0	55.0	117.0	362.0	1.0	0.0	0.0	0.0	0.0	0.0	0.0	1.0	2.0	0.0	0.0	0.00.0	0.0	0.0	0.0	0.0	0.0	0.0	0.0	0.0
	3p	-	63	109.0	55.0	56.0	112.0	332.0	0.0	1.0	0.0	0.0	0.0	0.0	0.0	0.0	0.0	1.0	0.0	0.00.0	0.0	0.0	0.0	0.0	0.0	0.0	0.0	0.0
	3p	-	64	97.0	61.0	48.0	100.0	306.0	0.0	0.0	0.0	1.0	0.0	0.0	0.0	1.0	0.0	0.0	1.0	0.00.0	0.0	0.0	0.0	0.0	0.0	0.0	0.0	0.0
	3p	-	65	105.0	44.0	55.0	87.0	291.0	0.0	1.0	0.0	0.0	1.0	0.0	0.0	0.0	0.0	0.0	0.0	0.00.0	0.0	0.0	0.0	0.0	0.0	0.0	0.0	0.0
	3p	-	66	90.0	47.0	49.0	90.0	276.0	0.0	1.0	0.0	0.0	0.0	1.0	0.0	1.0	0.0	0.0	1.0	0.00.0	0.0	0.0	0.0	0.0	0.0	0.0	0.0	0.0
	3p	-	67	86.0	38.0	45.0	88.0	257.0	0.0	0.0	1.0	0.0	0.0	0.0	0.0	0.0	0.0	0.0	0.0	0.00.0	0.0	0.0	0.0	0.0	0.0	0.0	0.0	0.0
	3p	-	68	72.0	48.0	36.0	74.0	230.0	1.0	3.0	0.0	0.0	0.0	0.0	0.0	1.0	0.0	0.0	0.0	0.00.0	0.0	0.0	0.0	0.0	0.0	0.0	0.0	0.0
	3p	-	69	76.0	34.0	34.0	64.0	208.0	0.0	2.0	0.0	1.0	0.0	0.0	0.0	0.0	0.0	0.0	0.0	0.00.0	0.0	0.0	0.0	0.0	0.0	0.0	0.0	0.0
	3p	-	70	59.0	30.0	44.0	54.0	187.0	0.0	0.0	0.0	0.0	0.0	0.0	0.0	0.0	0.0	0.0	0.0	0.00.0	0.0	0.0	0.0	0.0	0.0	0.0	0.0	0.0
	3p	-	71	50.0	28.0	31.0	59.0	168.0	0.0	0.0	0.0	0.0	0.0	0.0	0.0	0.0	0.0	0.0	0.0	0.00.0	0.0	0.0	0.0	0.0	0.0	0.0	0.0	0.0
	3p	-	72	42.0	25.0	43.0	43.0	153.0	0.0	0.0	0.0	0.0	0.0	0.0	0.0	0.0	0.0	0.0	0.0	1.00.0	0.0	0.0	0.0	0.0	0.0	0.0	0.0	0.0
	3p	-	73	38.0	30.0	22.0	52.0	142.0	0.0	3.0	0.0	0.0	0.0	0.0	1.0	0.0	0.0	0.0	1.0	0.00.0	0.0	0.0	0.0	0.0	0.0	0.0	0.0	0.0
	3p	-	74	46.0	27.0	21.0	38.0	132.0	0.0	2.0	0.0	0.0	0.0	0.0	0.0	0.0	0.0	0.0	0.0	0.00.0	0.0	0.0	0.0	0.0	0.0	0.0	0.0	0.0
	3p	-	75	35.0	23.0	20.0	38.0	116.0	0.0	1.0	0.0	0.0	0.0	0.0	0.0	0.0	0.0	0.0	0.0	0.00.0	0.0	0.0	0.0	0.0	0.0	0.0	0.0	0.0
	3p	-	76	33.0	11.0	19.0	34.0	97.0	0.0	0.0	0.0	0.0	0.0	1.0	0.0	0.0	0.0	0.0	0.0	0.00.0	0.0	0.0	0.0	0.0	0.0	0.0	0.0	0.0
	3p	-	77	27.0	11.0	21.0	30.0	89.0	0.0	0.0	0.0	0.0	0.0	0.0	0.0	0.0	0.0	0.0	0.0	0.00.0	0.0	0.0	0.0	0.0	0.0	0.0	0.0	0.0
	3p	-	78	20.0	20.0	12.0	31.0	83.0	0.0	0.0	0.0	0.0	0.0	0.0	0.0	0.0	0.0	0.0	0.0	0.00.0	0.0	0.0	0.0	0.0	0.0	0.0	0.0	0.0
	3p	-	79	34.0	13.0	11.0	21.0	79.0	0.0	0.0	0.0	0.0	1.0	0.0	0.0	0.0	0.0	0.0	0.0	0.00.0	0.0	0.0	0.0	0.0	0.0	0.0	0.0	0.0
	3p	-	80	29.0	8.0	6.0	22.0	65.0	0.0	0.0	0.0	0.0	0.0	0.0	0.0	0.0	0.0	0.0	0.0	0.00.0	0.0	0.0	0.0	0.0	0.0	0.0	0.0	0.0
	3p	-	81	17.0	8.0	12.0	19.0	56.0	0.0	0.0	0.0	0.0	0.0	0.0	0.0	0.0	0.0	0.0	0.0	0.00.0	0.0	0.0	0.0	0.0	0.0	0.0	0.0	0.0
	3p	-	82	16.0	7.0	11.0	16.0	50.0	0.0	0.0	0.0	0.0	0.0	0.0	0.0	0.0	0.0	0.0	0.0	0.00.0	0.0	0.0	0.0	0.0	0.0	0.0	0.0	0.0
	3p	-	83	11.0	6.0	3.0	23.0	43.0	0.0	0.0	0.0	0.0	0.0	0.0	0.0	0.0	0.0	0.0	0.0	0.00.0	0.0	0.0	0.0	0.0	0.0	0.0	0.0	0.0
	3p	-	84	11.0	7.0	4.0	15.0	37.0	0.0	0.0	0.0	0.0	0.0	0.0	0.0	0.0	0.0	0.0	0.0	0.00.0	0.0	0.0	0.0	0.0	0.0	0.0	0.0	0.0
	3p	-	85	5.0	5.0	7.0	18.0	35.0	0.0	0.0	0.0	0.0	0.0	0.0	0.0	0.0	0.0	0.0	0.0	0.00.0	0.0	0.0	0.0	0.0	0.0	0.0	0.0	0.0
	3p	-	86	9.0	5.0	4.0	10.0	28.0	0.0	0.0	0.0	0.0	0.0	0.0	0.0	0.0	0.0	0.0	0.0	0.00.0	0.0	0.0	0.0	0.0	0.0	0.0	0.0	0.0
	3p	-	87	7.0	1.0	4.0	8.0	20.0	0.0	0.0	0.0	0.0	0.0	0.0	0.0	0.0	0.0	0.0	0.0	0.00.0	0.0	0.0	0.0	0.0	0.0	0.0	0.0	0.0
	3p	-	88	7.0	1.0	4.0	3.0	15.0	0.0	0.0	0.0	0.0	0.0	0.0	0.0	0.0	0.0	0.0	0.0	0.00.0	0.0	0.0	0.0	0.0	0.0	0.0	0.0	0.0
	3p	-	89	5.0	2.0	2.0	3.0	12.0	0.0	0.0	0.0	0.0	0.0	0.0	0.0	0.0	0.0	0.0	0.0	0.00.0	0.0	0.0	0.0	0.0	0.0	0.0	0.0	0.0
	3p	-	90	2.0	1.0	0.0	1.0	4.0	0.0	0.0	0.0	0.0	0.0	0.0	0.0	0.0	0.0	0.0	0.0	0.00.0	0.0	0.0	0.0	0.0	0.0	0.0	0.0	0.0
	3p	-	91	0.0	0.0	0.0	0.0	0.0	0.0	0.0	0.0	0.0	0.0	0.0	0.0	0.0	0.0	0.0	0.0	0.00.0	0.0	0.0	0.0	0.0	0.0	0.0	0.0	0.0
	3p	-	92	0.0	0.0	0.0	0.0	0.0	0.0	0.0	0.0	0.0	0.0	0.0	0.0	0.0	0.0	0.0	0.0	0.00.0	0.0	0.0	0.0	0.0	0.0	0.0	0.0	0.0
	3p	-	93	0.0	0.0	0.0	0.0	0.0	0.0	0.0	0.0	0.0	0.0	0.0	0.0	0.0	0.0	0.0	0.0	0.00.0	0.0	0.0	0.0	0.0	0.0	0.0	0.0	0.0
	3p	-	94	0.0	0.0	0.0	0.0	0.0	0.0	0.0	0.0	0.0	0.0	0.0	0.0	0.0	0.0	0.0	0.0	0.00.0	0.0	0.0	0.0	0.0	0.0	0.0	0.0	0.0
	3p	-	95	0.0	0.0	0.0	0.0	0.0	0.0	0.0	0.0	0.0	0.0	0.0	0.0	0.0	0.0	0.0	0.0	0.00.0	0.0	0.0	0.0	0.0	0.0	0.0	0.0	0.0
	3p	-	96	0.0	0.0	0.0	0.0	0.0	0.0	0.0	0.0	0.0	0.0	0.0	0.0	0.0	0.0	0.0	0.0	0.00.0	0.0	0.0	0.0	0.0	0.0	0.0	0.0	0.0
	3p	-	97	0.0	0.0	0.0	0.0	0.0	0.0	0.0	0.0	0.0	0.0	0.0	0.0	0.0	0.0	0.0	0.0	0.00.0	0.0	0.0	0.0	0.0	0.0	0.0	0.0	0.0
	3p	-	98	0.0	0.0	0.0	0.0	0.0	0.0	0.0	0.0	0.0	0.0	0.0	0.0	0.0	0.0	0.0	0.0	0.00.0	0.0	0.0	0.0	0.0	0.0	0.0	0.0	0.0
	3p	-	99	0.0	0.0	0.0	0.0	0.0	0.0	0.0	0.0	0.0	0.0	0.0	0.0	0.0	0.0	0.0	0.0	0.00.0	0.0	0.0	0.0	0.0	0.0	0.0	0.0	0.0
	3p	-	100	0.0	0.0	0.0	0.0	0.0	0.0	0.0	0.0	0.0	0.0	0.0	0.0	0.0	0.0	0.0	0.0	0.00.0	0.0	0.0	0.0	0.0	0.0	0.0	0.0	0.0
	5p	+	1	1022.0	561.0	374.0	1101.0	3058.0	7.0	59.0	5.0	3.0	1.0	2.0	3.0	3.0	1.0	6.0	1.0	2.00.0	0.0	0.0	0.0	0.0	0.0	0.0	0.0	0.0
	5p	+	2	911.0	501.0	588.0	1058.0	3058.0	7.0	7.0	4.0	3.0	1.0	2.0	4.0	4.0	2.0	3.0	1.0	0.00.0	0.0	0.0	0.0	0.0	0.0	0.0	0.0	0.0
	5p	+	3	961.0	580.0	551.0	965.0	3057.0	5.0	6.0	2.0	2.0	3.0	7.0	0.0	3.0	8.0	1.0	2.0	1.00.0	0.0	0.0	0.0	0.0	0.0	0.0	0.0	0.0
	5p	+	4	1008.0	577.0	566.0	898.0	3049.0	5.0	3.0	8.0	4.0	7.0	4.0	1.0	4.0	3.0	3.0	0.0	2.00.0	0.0	0.0	0.0	3.0	0.0	0.0	2.0	0.0
	5p	+	5	968.0	561.0	560.0	945.0	3034.0	5.0	7.0	8.0	4.0	2.0	2.0	1.0	2.0	3.0	4.0	4.0	4.00.0	0.0	0.0	0.0	2.0	0.0	6.0	11.0	0.0
	5p	+	6	955.0	575.0	551.0	952.0	3033.0	2.0	5.0	2.0	2.0	3.0	2.0	0.0	2.0	4.0	2.0	5.0	2.00.0	0.0	0.0	0.0	6.0	0.0	7.0	4.0	0.0
	5p	+	7	1024.0	523.0	578.0	907.0	3032.0	3.0	4.0	6.0	3.0	5.0	3.0	3.0	4.0	5.0	0.0	0.0	3.00.0	0.0	0.0	0.0	6.0	0.0	8.0	7.0	0.0
	5p	+	8	1005.0	591.0	527.0	915.0	3038.0	1.0	1.0	4.0	5.0	4.0	8.0	1.0	3.0	2.0	0.0	3.0	1.00.0	0.0	0.0	0.0	6.0	0.0	3.0	5.0	0.0
	5p	+	9	1018.0	524.0	518.0	976.0	3036.0	4.0	4.0	2.0	5.0	5.0	4.0	1.0	0.0	3.0	3.0	5.0	2.00.0	0.0	0.0	0.0	8.0	0.0	6.0	3.0	0.0
	5p	+	10	1010.0	599.0	505.0	924.0	3038.0	7.0	2.0	6.0	1.0	1.0	0.0	1.0	0.0	1.0	2.0	1.0	4.00.0	0.0	0.0	0.0	5.0	0.0	3.0	9.0	0.0
	5p	+	11	1045.0	558.0	498.0	933.0	3034.0	2.0	2.0	4.0	0.0	2.0	3.0	4.0	1.0	4.0	4.0	3.0	2.00.0	0.0	0.0	0.0	4.0	0.0	6.0	9.0	0.0
	5p	+	12	993.0	577.0	531.0	935.0	3036.0	2.0	3.0	2.0	3.0	2.0	1.0	1.0	2.0	2.0	4.0	4.0	1.00.0	0.0	0.0	0.0	5.0	0.0	3.0	11.0	0.0
	5p	+	13	1011.0	587.0	512.0	932.0	3042.0	4.0	4.0	6.0	7.0	3.0	4.0	1.0	2.0	2.0	1.0	0.0	0.00.0	0.0	0.0	0.0	6.0	0.0	3.0	4.0	0.0
	5p	+	14	984.0	557.0	488.0	1006.0	3035.0	2.0	8.0	3.0	9.0	1.0	1.0	2.0	1.0	0.0	4.0	1.0	1.00.0	0.0	0.0	0.0	4.0	0.0	6.0	8.0	0.0
	5p	+	15	1017.0	589.0	534.0	893.0	3033.0	5.0	4.0	1.0	4.0	1.0	3.0	1.0	2.0	1.0	2.0	3.0	1.00.0	0.0	0.0	0.0	3.0	0.0	10.0	5.0	0.0
	5p	+	16	1005.0	551.0	531.0	950.0	3037.0	3.0	3.0	4.0	5.0	6.0	1.0	2.0	4.0	1.0	5.0	2.0	1.00.0	0.0	0.0	0.0	4.0	0.0	4.0	6.0	0.0
	5p	+	17	1002.0	570.0	529.0	935.0	3036.0	3.0	5.0	6.0	1.0	5.0	5.0	0.0	1.0	6.0	3.0	2.0	6.00.0	0.0	0.0	0.0	4.0	0.0	7.0	4.0	0.0
	5p	+	18	970.0	594.0	519.0	961.0	3044.0	3.0	3.0	4.0	4.0	3.0	2.0	1.0	3.0	0.0	2.0	0.0	2.00.0	0.0	0.0	0.0	5.0	0.0	2.0	4.0	0.0
	5p	+	19	1010.0	576.0	516.0	935.0	3037.0	4.0	3.0	2.0	5.0	1.0	4.0	3.0	2.0	4.0	2.0	2.0	2.00.0	0.0	0.0	0.0	7.0	0.0	7.0	4.0	0.0
	5p	+	20	962.0	569.0	514.0	983.0	3028.0	2.0	2.0	1.0	5.0	1.0	2.0	0.0	1.0	3.0	3.0	1.0	4.00.0	0.0	0.0	0.0	8.0	0.0	8.0	4.0	0.0
	5p	+	21	958.0	620.0	521.0	937.0	3036.0	4.0	4.0	2.0	3.0	3.0	1.0	1.0	0.0	2.0	3.0	1.0	2.00.0	0.0	0.0	0.0	4.0	0.0	6.0	3.0	0.0
	5p	+	22	1015.0	547.0	513.0	959.0	3034.0	5.0	6.0	1.0	2.0	3.0	5.0	2.0	3.0	2.0	2.0	0.0	2.00.0	0.0	0.0	0.0	1.0	0.0	9.0	8.0	0.0
	5p	+	23	989.0	576.0	485.0	993.0	3043.0	4.0	3.0	0.0	1.0	2.0	5.0	3.0	1.0	2.0	5.0	2.0	3.00.0	0.0	0.0	0.0	6.0	0.0	4.0	2.0	0.0
	5p	+	24	992.0	531.0	530.0	985.0	3038.0	4.0	4.0	4.0	2.0	1.0	1.0	2.0	0.0	3.0	5.0	3.0	2.00.0	0.0	0.0	0.0	1.0	0.0	9.0	5.0	0.0
	5p	+	25	957.0	602.0	532.0	955.0	3046.0	1.0	4.0	0.0	8.0	5.0	1.0	0.0	2.0	1.0	3.0	1.0	3.00.0	0.0	0.0	0.0	1.0	0.0	6.0	0.0	0.0
	5p	+	26	1023.0	557.0	481.0	992.0	3053.0	4.0	3.0	4.0	5.0	2.0	3.0	2.0	2.0	0.0	0.0	2.0	4.00.0	0.0	0.0	0.0	3.0	0.0	0.0	1.0	0.0
	5p	+	27	1001.0	563.0	507.0	984.0	3055.0	4.0	1.0	4.0	4.0	4.0	1.0	2.0	2.0	4.0	2.0	4.0	3.00.0	0.0	0.0	0.0	1.0	0.0	1.0	0.0	0.0
	5p	+	28	1051.0	576.0	479.0	952.0	3058.0	4.0	2.0	1.0	2.0	3.0	3.0	0.0	1.0	3.0	3.0	1.0	6.00.0	0.0	0.0	0.0	0.0	0.0	0.0	0.0	0.0
	5p	+	29	1072.0	608.0	481.0	894.0	3055.0	6.0	5.0	4.0	7.0	4.0	3.0	1.0	1.0	2.0	3.0	0.0	4.00.0	0.0	0.0	0.0	0.0	0.0	2.0	0.0	0.0
	5p	+	30	1099.0	587.0	424.0	945.0	3055.0	4.0	8.0	7.0	5.0	1.0	5.0	1.0	5.0	2.0	5.0	2.0	2.00.0	0.0	0.0	0.0	1.0	0.0	0.0	1.0	0.0
	5p	+	31	922.0	494.0	443.0	881.0	2740.0	3.0	12.0	2.0	2.0	0.0	3.0	1.0	0.0	0.0	0.0	0.0	6.00.0	0.0	0.0	0.0	0.0	0.0	0.0	0.0	0.0
	5p	+	32	868.0	429.0	410.0	852.0	2559.0	2.0	14.0	3.0	6.0	0.0	1.0	0.0	2.0	2.0	1.0	0.0	1.00.0	0.0	0.0	0.0	1.0	0.0	0.0	0.0	0.0
	5p	+	33	830.0	432.0	397.0	777.0	2436.0	4.0	13.0	0.0	4.0	2.0	1.0	1.0	2.0	3.0	1.0	2.0	2.00.0	0.0	0.0	0.0	0.0	0.0	0.0	0.0	0.0
	5p	+	34	799.0	395.0	369.0	724.0	2287.0	2.0	7.0	1.0	1.0	1.0	0.0	0.0	1.0	0.0	3.0	0.0	3.00.0	0.0	0.0	0.0	1.0	0.0	0.0	0.0	0.0
	5p	+	35	718.0	394.0	361.0	697.0	2170.0	3.0	10.0	1.0	0.0	1.0	1.0	0.0	0.0	0.0	1.0	0.0	0.00.0	0.0	0.0	0.0	1.0	0.0	0.0	0.0	0.0
	5p	+	36	708.0	402.0	332.0	638.0	2080.0	1.0	10.0	2.0	1.0	0.0	0.0	2.0	0.0	0.0	0.0	0.0	2.00.0	0.0	0.0	0.0	0.0	0.0	0.0	0.0	0.0
	5p	+	37	718.0	320.0	300.0	618.0	1956.0	1.0	7.0	1.0	2.0	1.0	0.0	0.0	0.0	0.0	2.0	0.0	1.00.0	0.0	0.0	0.0	0.0	0.0	0.0	0.0	0.0
	5p	+	38	664.0	336.0	273.0	576.0	1849.0	0.0	12.0	0.0	1.0	0.0	0.0	0.0	0.0	0.0	2.0	0.0	2.00.0	0.0	0.0	0.0	1.0	0.0	0.0	0.0	0.0
	5p	+	39	592.0	333.0	250.0	574.0	1749.0	0.0	11.0	1.0	1.0	1.0	0.0	0.0	0.0	1.0	1.0	0.0	0.00.0	0.0	0.0	0.0	0.0	0.0	0.0	0.0	0.0
	5p	+	40	568.0	296.0	259.0	519.0	1642.0	0.0	10.0	1.0	1.0	1.0	1.0	0.0	1.0	1.0	0.0	0.0	0.00.0	0.0	0.0	0.0	0.0	0.0	0.0	0.0	0.0
	5p	+	41	532.0	293.0	235.0	467.0	1527.0	1.0	11.0	1.0	1.0	1.0	1.0	0.0	0.0	0.0	0.0	0.0	0.00.0	0.0	0.0	0.0	0.0	0.0	0.0	0.0	0.0
	5p	+	42	505.0	231.0	237.0	465.0	1438.0	2.0	14.0	2.0	0.0	0.0	0.0	0.0	0.0	0.0	1.0	0.0	0.00.0	0.0	0.0	0.0	0.0	0.0	0.0	0.0	0.0
	5p	+	43	448.0	220.0	221.0	450.0	1339.0	0.0	8.0	1.0	2.0	0.0	0.0	0.0	0.0	0.0	1.0	0.0	0.00.0	0.0	0.0	0.0	1.0	0.0	0.0	0.0	0.0
	5p	+	44	444.0	228.0	210.0	376.0	1258.0	0.0	10.0	4.0	1.0	0.0	1.0	1.0	0.0	0.0	0.0	0.0	0.00.0	0.0	0.0	0.0	0.0	0.0	0.0	0.0	0.0
	5p	+	45	392.0	220.0	202.0	376.0	1190.0	0.0	6.0	0.0	2.0	0.0	0.0	0.0	1.0	0.0	1.0	0.0	0.00.0	0.0	0.0	0.0	0.0	0.0	0.0	0.0	0.0
	5p	+	46	378.0	201.0	181.0	370.0	1130.0	1.0	5.0	0.0	2.0	0.0	0.0	0.0	0.0	0.0	0.0	2.0	0.00.0	0.0	0.0	0.0	0.0	0.0	0.0	0.0	0.0
	5p	+	47	361.0	198.0	186.0	319.0	1064.0	0.0	7.0	0.0	0.0	1.0	1.0	0.0	0.0	1.0	1.0	0.0	0.00.0	0.0	0.0	0.0	0.0	0.0	0.0	0.0	0.0
	5p	+	48	354.0	162.0	154.0	336.0	1006.0	0.0	5.0	1.0	1.0	0.0	0.0	0.0	0.0	0.0	0.0	0.0	0.00.0	0.0	0.0	0.0	1.0	0.0	0.0	0.0	0.0
	5p	+	49	344.0	178.0	140.0	289.0	951.0	1.0	6.0	0.0	1.0	0.0	0.0	2.0	1.0	0.0	0.0	0.0	0.00.0	0.0	0.0	0.0	1.0	0.0	0.0	0.0	0.0
	5p	+	50	300.0	160.0	138.0	291.0	889.0	0.0	8.0	2.0	0.0	0.0	1.0	1.0	0.0	0.0	1.0	0.0	1.00.0	0.0	0.0	0.0	0.0	0.0	0.0	1.0	0.0
	5p	+	51	261.0	129.0	141.0	281.0	812.0	2.0	6.0	1.0	1.0	0.0	0.0	1.0	0.0	0.0	1.0	1.0	0.00.0	0.0	0.0	0.0	0.0	0.0	0.0	0.0	0.0
	5p	+	52	275.0	130.0	111.0	242.0	758.0	1.0	3.0	0.0	0.0	1.0	0.0	1.0	0.0	0.0	0.0	0.0	1.00.0	0.0	0.0	0.0	0.0	0.0	0.0	0.0	0.0
	5p	+	53	246.0	112.0	107.0	230.0	695.0	0.0	4.0	0.0	0.0	2.0	1.0	1.0	0.0	0.0	1.0	0.0	0.00.0	0.0	0.0	0.0	0.0	0.0	0.0	0.0	0.0
	5p	+	54	217.0	95.0	102.0	230.0	644.0	0.0	4.0	0.0	0.0	0.0	0.0	0.0	0.0	0.0	0.0	1.0	1.00.0	0.0	0.0	0.0	1.0	0.0	0.0	0.0	0.0
	5p	+	55	200.0	95.0	97.0	198.0	590.0	0.0	3.0	0.0	0.0	0.0	2.0	0.0	0.0	0.0	0.0	1.0	1.00.0	0.0	0.0	0.0	0.0	0.0	0.0	0.0	0.0
	5p	+	56	200.0	102.0	78.0	172.0	552.0	1.0	4.0	0.0	1.0	0.0	0.0	0.0	0.0	0.0	1.0	0.0	1.00.0	0.0	0.0	0.0	0.0	0.0	0.0	0.0	0.0
	5p	+	57	166.0	80.0	90.0	183.0	519.0	0.0	3.0	0.0	1.0	0.0	0.0	0.0	1.0	0.0	0.0	0.0	0.00.0	0.0	0.0	0.0	0.0	0.0	0.0	0.0	0.0
	5p	+	58	151.0	85.0	80.0	163.0	479.0	0.0	5.0	0.0	1.0	0.0	1.0	0.0	0.0	0.0	0.0	0.0	1.00.0	0.0	0.0	0.0	0.0	0.0	0.0	0.0	0.0
	5p	+	59	150.0	83.0	73.0	135.0	441.0	0.0	3.0	0.0	0.0	0.0	1.0	0.0	0.0	0.0	0.0	0.0	1.00.0	0.0	0.0	0.0	0.0	0.0	0.0	0.0	0.0
	5p	+	60	149.0	67.0	60.0	122.0	398.0	0.0	0.0	0.0	0.0	1.0	0.0	2.0	0.0	0.0	0.0	0.0	1.00.0	0.0	0.0	0.0	0.0	0.0	0.0	0.0	0.0
	5p	+	61	122.0	52.0	48.0	141.0	363.0	1.0	1.0	0.0	0.0	0.0	0.0	0.0	0.0	0.0	0.0	0.0	0.00.0	0.0	0.0	0.0	0.0	0.0	0.0	0.0	0.0
	5p	+	62	107.0	61.0	52.0	114.0	334.0	2.0	2.0	1.0	0.0	0.0	0.0	0.0	0.0	0.0	0.0	0.0	0.00.0	0.0	0.0	0.0	0.0	0.0	0.0	0.0	0.0
	5p	+	63	102.0	48.0	46.0	106.0	302.0	0.0	3.0	0.0	0.0	0.0	1.0	0.0	0.0	1.0	0.0	0.0	0.00.0	0.0	0.0	0.0	1.0	0.0	0.0	0.0	0.0
	5p	+	64	77.0	48.0	56.0	94.0	275.0	0.0	0.0	0.0	0.0	0.0	1.0	0.0	0.0	0.0	0.0	0.0	0.00.0	0.0	0.0	0.0	0.0	0.0	0.0	1.0	0.0
	5p	+	65	79.0	44.0	42.0	87.0	252.0	0.0	1.0	0.0	0.0	0.0	0.0	0.0	0.0	0.0	0.0	0.0	0.00.0	0.0	0.0	0.0	0.0	0.0	0.0	0.0	0.0
	5p	+	66	74.0	37.0	47.0	79.0	237.0	0.0	1.0	0.0	1.0	0.0	1.0	0.0	0.0	1.0	0.0	0.0	0.00.0	0.0	0.0	0.0	0.0	0.0	0.0	0.0	0.0
	5p	+	67	77.0	36.0	37.0	73.0	223.0	0.0	1.0	0.0	0.0	0.0	0.0	0.0	0.0	0.0	0.0	0.0	0.00.0	0.0	0.0	0.0	0.0	0.0	0.0	0.0	0.0
	5p	+	68	67.0	47.0	37.0	55.0	206.0	1.0	2.0	0.0	2.0	0.0	0.0	0.0	0.0	0.0	0.0	0.0	0.00.0	0.0	0.0	0.0	0.0	0.0	0.0	0.0	0.0
	5p	+	69	72.0	28.0	32.0	59.0	191.0	0.0	2.0	1.0	0.0	0.0	0.0	0.0	0.0	1.0	0.0	0.0	0.00.0	0.0	0.0	0.0	0.0	0.0	0.0	0.0	0.0
	5p	+	70	56.0	23.0	35.0	59.0	173.0	0.0	1.0	0.0	0.0	0.0	0.0	0.0	0.0	0.0	0.0	0.0	0.00.0	0.0	0.0	0.0	0.0	0.0	0.0	0.0	0.0
	5p	+	71	47.0	27.0	28.0	55.0	157.0	1.0	1.0	0.0	0.0	0.0	0.0	0.0	0.0	0.0	0.0	0.0	0.00.0	0.0	0.0	0.0	0.0	0.0	0.0	0.0	0.0
	5p	+	72	41.0	23.0	24.0	53.0	141.0	0.0	1.0	0.0	0.0	0.0	1.0	0.0	0.0	0.0	0.0	0.0	0.00.0	0.0	0.0	0.0	0.0	0.0	0.0	0.0	0.0
	5p	+	73	44.0	20.0	21.0	45.0	130.0	0.0	0.0	0.0	0.0	0.0	0.0	0.0	0.0	0.0	0.0	0.0	0.00.0	0.0	0.0	0.0	0.0	0.0	0.0	0.0	0.0
	5p	+	74	34.0	19.0	20.0	43.0	116.0	0.0	0.0	0.0	1.0	0.0	0.0	0.0	0.0	0.0	0.0	0.0	0.00.0	0.0	0.0	0.0	0.0	0.0	0.0	0.0	0.0
	5p	+	75	37.0	19.0	19.0	33.0	108.0	0.0	2.0	0.0	0.0	0.0	0.0	0.0	0.0	0.0	0.0	0.0	0.00.0	0.0	0.0	0.0	0.0	0.0	0.0	0.0	0.0
	5p	+	76	35.0	21.0	11.0	30.0	97.0	0.0	2.0	0.0	0.0	0.0	0.0	0.0	0.0	0.0	0.0	0.0	0.00.0	0.0	0.0	0.0	0.0	0.0	0.0	0.0	0.0
	5p	+	77	37.0	15.0	9.0	26.0	87.0	0.0	1.0	0.0	0.0	0.0	0.0	0.0	0.0	0.0	0.0	0.0	0.00.0	0.0	0.0	0.0	0.0	0.0	0.0	0.0	0.0
	5p	+	78	19.0	16.0	16.0	27.0	78.0	0.0	0.0	0.0	0.0	0.0	0.0	0.0	0.0	0.0	0.0	0.0	0.00.0	0.0	0.0	0.0	0.0	0.0	0.0	0.0	0.0
	5p	+	79	22.0	19.0	11.0	18.0	70.0	0.0	1.0	0.0	0.0	0.0	0.0	0.0	0.0	0.0	0.0	0.0	1.00.0	0.0	0.0	0.0	0.0	0.0	0.0	0.0	0.0
	5p	+	80	16.0	16.0	6.0	21.0	59.0	0.0	2.0	0.0	0.0	0.0	0.0	0.0	0.0	0.0	0.0	0.0	0.00.0	0.0	0.0	0.0	0.0	0.0	0.0	0.0	0.0
	5p	+	81	20.0	10.0	7.0	20.0	57.0	0.0	0.0	0.0	0.0	1.0	0.0	0.0	0.0	0.0	0.0	0.0	0.00.0	0.0	0.0	0.0	0.0	0.0	0.0	0.0	0.0
	5p	+	82	18.0	14.0	4.0	16.0	52.0	0.0	1.0	0.0	0.0	0.0	0.0	0.0	1.0	0.0	0.0	0.0	0.00.0	0.0	0.0	0.0	0.0	0.0	0.0	0.0	0.0
	5p	+	83	15.0	4.0	5.0	21.0	45.0	0.0	1.0	0.0	0.0	0.0	0.0	0.0	0.0	0.0	0.0	0.0	0.00.0	0.0	0.0	0.0	0.0	0.0	0.0	0.0	0.0
	5p	+	84	15.0	4.0	2.0	17.0	38.0	0.0	0.0	0.0	0.0	0.0	0.0	0.0	0.0	0.0	0.0	0.0	0.00.0	0.0	0.0	0.0	0.0	0.0	0.0	0.0	0.0
	5p	+	85	5.0	6.0	8.0	12.0	31.0	0.0	1.0	0.0	0.0	0.0	0.0	0.0	0.0	0.0	0.0	0.0	0.00.0	0.0	0.0	0.0	0.0	0.0	0.0	0.0	0.0
	5p	+	86	7.0	5.0	6.0	8.0	26.0	0.0	1.0	0.0	0.0	0.0	0.0	0.0	0.0	0.0	0.0	0.0	0.00.0	0.0	0.0	0.0	0.0	0.0	0.0	0.0	0.0
	5p	+	87	9.0	4.0	1.0	6.0	20.0	0.0	1.0	0.0	0.0	0.0	0.0	0.0	1.0	0.0	0.0	0.0	0.00.0	0.0	0.0	0.0	0.0	0.0	0.0	0.0	0.0
	5p	+	88	4.0	3.0	4.0	5.0	16.0	0.0	0.0	0.0	0.0	0.0	0.0	0.0	0.0	0.0	0.0	0.0	0.00.0	0.0	0.0	0.0	0.0	0.0	0.0	0.0	0.0
	5p	+	89	2.0	2.0	4.0	6.0	14.0	0.0	1.0	0.0	0.0	0.0	0.0	0.0	0.0	0.0	0.0	0.0	0.00.0	0.0	0.0	0.0	0.0	0.0	0.0	0.0	0.0
	5p	+	90	2.0	2.0	2.0	1.0	7.0	0.0	0.0	0.0	0.0	0.0	0.0	0.0	0.0	0.0	0.0	0.0	0.00.0	0.0	0.0	0.0	0.0	0.0	0.0	0.0	0.0
	5p	+	91	1.0	1.0	0.0	1.0	3.0	0.0	0.0	0.0	0.0	0.0	0.0	0.0	0.0	0.0	0.0	0.0	0.00.0	0.0	0.0	0.0	0.0	0.0	0.0	0.0	0.0
	5p	+	92	0.0	0.0	0.0	0.0	0.0	0.0	0.0	0.0	0.0	0.0	0.0	0.0	0.0	0.0	0.0	0.0	0.00.0	0.0	0.0	0.0	0.0	0.0	0.0	0.0	0.0
	5p	+	93	0.0	0.0	0.0	0.0	0.0	0.0	0.0	0.0	0.0	0.0	0.0	0.0	0.0	0.0	0.0	0.0	0.00.0	0.0	0.0	0.0	0.0	0.0	0.0	0.0	0.0
	5p	+	94	0.0	0.0	0.0	0.0	0.0	0.0	0.0	0.0	0.0	0.0	0.0	0.0	0.0	0.0	0.0	0.0	0.00.0	0.0	0.0	0.0	0.0	0.0	0.0	0.0	0.0
	5p	+	95	0.0	0.0	0.0	0.0	0.0	0.0	0.0	0.0	0.0	0.0	0.0	0.0	0.0	0.0	0.0	0.0	0.00.0	0.0	0.0	0.0	0.0	0.0	0.0	0.0	0.0
	5p	+	96	0.0	0.0	0.0	0.0	0.0	0.0	0.0	0.0	0.0	0.0	0.0	0.0	0.0	0.0	0.0	0.0	0.00.0	0.0	0.0	0.0	0.0	0.0	0.0	0.0	0.0
	5p	+	97	0.0	0.0	0.0	0.0	0.0	0.0	0.0	0.0	0.0	0.0	0.0	0.0	0.0	0.0	0.0	0.0	0.00.0	0.0	0.0	0.0	0.0	0.0	0.0	0.0	0.0
	5p	+	98	0.0	0.0	0.0	0.0	0.0	0.0	0.0	0.0	0.0	0.0	0.0	0.0	0.0	0.0	0.0	0.0	0.00.0	0.0	0.0	0.0	0.0	0.0	0.0	0.0	0.0
	5p	+	99	0.0	0.0	0.0	0.0	0.0	0.0	0.0	0.0	0.0	0.0	0.0	0.0	0.0	0.0	0.0	0.0	0.00.0	0.0	0.0	0.0	0.0	0.0	0.0	0.0	0.0
	5p	+	100	0.0	0.0	0.0	0.0	0.0	0.0	0.0	0.0	0.0	0.0	0.0	0.0	0.0	0.0	0.0	0.0	0.00.0	0.0	0.0	0.0	0.0	0.0	0.0	0.0	0.0
	5p	-	1	952.0	616.0	426.0	1153.0	3147.0	7.0	66.0	6.0	4.0	5.0	6.0	1.0	6.0	6.0	1.0	3.0	1.00.0	0.0	0.0	0.0	0.0	0.0	0.0	0.0	0.0
	5p	-	2	908.0	524.0	625.0	1090.0	3147.0	12.0	11.0	7.0	4.0	6.0	2.0	2.0	2.0	3.0	10.0	4.0	2.00.0	0.0	0.0	0.0	0.0	0.0	0.0	0.0	0.0
	5p	-	3	1013.0	597.0	556.0	981.0	3147.0	3.0	4.0	5.0	3.0	3.0	5.0	1.0	3.0	4.0	1.0	3.0	2.00.0	0.0	0.0	0.0	0.0	0.0	0.0	0.0	0.0
	5p	-	4	1034.0	570.0	632.0	910.0	3146.0	6.0	2.0	4.0	2.0	1.0	3.0	3.0	2.0	1.0	8.0	3.0	1.00.0	0.0	0.0	0.0	0.0	0.0	1.0	0.0	0.0
	5p	-	5	968.0	568.0	631.0	960.0	3127.0	2.0	4.0	2.0	3.0	2.0	3.0	0.0	1.0	3.0	4.0	2.0	7.00.0	0.0	0.0	0.0	2.0	0.0	6.0	6.0	0.0
	5p	-	6	932.0	629.0	576.0	992.0	3129.0	1.0	2.0	7.0	5.0	0.0	3.0	3.0	1.0	0.0	3.0	3.0	9.00.0	0.0	0.0	0.0	0.0	0.0	9.0	6.0	0.0
	5p	-	7	1038.0	568.0	601.0	922.0	3129.0	4.0	4.0	5.0	2.0	2.0	2.0	3.0	2.0	4.0	1.0	1.0	3.00.0	0.0	0.0	0.0	4.0	0.0	7.0	5.0	0.0
	5p	-	8	1044.0	571.0	574.0	946.0	3135.0	3.0	7.0	3.0	6.0	2.0	2.0	0.0	4.0	3.0	3.0	3.0	4.00.0	0.0	0.0	0.0	5.0	0.0	1.0	3.0	0.0
	5p	-	9	1035.0	589.0	556.0	954.0	3134.0	4.0	2.0	2.0	3.0	3.0	1.0	4.0	3.0	3.0	4.0	1.0	4.00.0	0.0	0.0	0.0	2.0	0.0	4.0	3.0	0.0
	5p	-	10	1044.0	559.0	538.0	983.0	3124.0	3.0	2.0	4.0	3.0	4.0	2.0	0.0	4.0	3.0	2.0	0.0	2.00.0	0.0	0.0	0.0	4.0	0.0	10.0	6.0	0.0
	5p	-	11	1008.0	597.0	543.0	979.0	3127.0	2.0	4.0	1.0	2.0	3.0	3.0	3.0	0.0	1.0	2.0	2.0	2.00.0	0.0	0.0	0.0	7.0	0.0	8.0	2.0	0.0
	5p	-	12	1012.0	624.0	557.0	933.0	3126.0	3.0	4.0	7.0	2.0	4.0	3.0	1.0	2.0	2.0	3.0	1.0	3.00.0	0.0	0.0	0.0	5.0	0.0	4.0	6.0	0.0
	5p	-	13	1048.0	588.0	531.0	966.0	3133.0	3.0	1.0	2.0	2.0	2.0	3.0	1.0	3.0	2.0	3.0	2.0	2.00.0	0.0	0.0	0.0	4.0	0.0	5.0	4.0	0.0
	5p	-	14	1018.0	582.0	569.0	955.0	3124.0	1.0	4.0	3.0	6.0	3.0	1.0	2.0	1.0	4.0	3.0	2.0	5.00.0	0.0	0.0	0.0	7.0	0.0	6.0	5.0	0.0
	5p	-	15	1010.0	603.0	546.0	968.0	3127.0	1.0	0.0	1.0	1.0	0.0	2.0	1.0	1.0	3.0	4.0	3.0	1.00.0	0.0	0.0	0.0	2.0	0.0	9.0	5.0	0.0
	5p	-	16	971.0	599.0	567.0	988.0	3125.0	1.0	5.0	5.0	6.0	1.0	0.0	2.0	1.0	2.0	0.0	1.0	5.00.0	0.0	0.0	0.0	6.0	0.0	9.0	4.0	0.0
	5p	-	17	1009.0	583.0	539.0	995.0	3126.0	4.0	6.0	2.0	5.0	2.0	1.0	0.0	2.0	3.0	1.0	1.0	2.00.0	0.0	0.0	0.0	6.0	0.0	5.0	5.0	0.0
	5p	-	18	1040.0	555.0	550.0	968.0	3113.0	8.0	4.0	1.0	3.0	1.0	2.0	1.0	1.0	2.0	3.0	1.0	2.00.0	0.0	0.0	0.0	10.0	0.0	8.0	8.0	0.0
	5p	-	19	1021.0	590.0	580.0	942.0	3133.0	7.0	6.0	2.0	3.0	3.0	5.0	2.0	1.0	1.0	0.0	2.0	3.00.0	0.0	0.0	0.0	4.0	0.0	4.0	1.0	0.0
	5p	-	20	1051.0	622.0	524.0	925.0	3122.0	2.0	5.0	3.0	2.0	6.0	3.0	0.0	4.0	4.0	2.0	0.0	4.00.0	0.0	0.0	0.0	10.0	0.0	4.0	7.0	0.0
	5p	-	21	1049.0	599.0	494.0	989.0	3131.0	5.0	1.0	1.0	7.0	4.0	2.0	1.0	2.0	2.0	6.0	1.0	2.00.0	0.0	0.0	0.0	5.0	0.0	4.0	4.0	0.0
	5p	-	22	1042.0	588.0	514.0	983.0	3127.0	0.0	1.0	5.0	3.0	1.0	2.0	0.0	3.0	3.0	1.0	1.0	0.00.0	0.0	0.0	0.0	4.0	0.0	2.0	9.0	0.0
	5p	-	23	1058.0	548.0	558.0	956.0	3120.0	6.0	1.0	1.0	5.0	4.0	4.0	3.0	3.0	2.0	4.0	1.0	6.00.0	0.0	0.0	0.0	6.0	0.0	9.0	5.0	0.0
	5p	-	24	1001.0	586.0	577.0	960.0	3124.0	4.0	4.0	2.0	5.0	0.0	5.0	4.0	2.0	1.0	3.0	2.0	4.00.0	0.0	0.0	0.0	8.0	0.0	5.0	5.0	0.0
	5p	-	25	957.0	611.0	541.0	1017.0	3126.0	2.0	6.0	3.0	4.0	2.0	3.0	1.0	1.0	1.0	2.0	0.0	1.00.0	0.0	0.0	0.0	6.0	0.0	8.0	0.0	0.0
	5p	-	26	1013.0	600.0	501.0	1024.0	3138.0	4.0	3.0	3.0	4.0	3.0	1.0	2.0	2.0	2.0	1.0	1.0	6.00.0	0.0	0.0	0.0	2.0	0.0	1.0	0.0	0.0
	5p	-	27	1049.0	617.0	527.0	954.0	3147.0	3.0	4.0	3.0	4.0	1.0	2.0	2.0	3.0	2.0	3.0	1.0	3.00.0	0.0	0.0	0.0	0.0	0.0	0.0	0.0	0.0
	5p	-	28	1056.0	595.0	520.0	975.0	3146.0	2.0	2.0	2.0	2.0	2.0	4.0	3.0	1.0	1.0	5.0	3.0	2.00.0	0.0	0.0	0.0	0.0	0.0	0.0	0.0	0.0
	5p	-	29	1058.0	598.0	534.0	955.0	3145.0	7.0	9.0	1.0	3.0	0.0	1.0	2.0	2.0	2.0	1.0	1.0	3.00.0	0.0	0.0	0.0	0.0	0.0	1.0	1.0	0.0
	5p	-	30	1086.0	576.0	495.0	988.0	3145.0	2.0	14.0	1.0	9.0	0.0	5.0	2.0	2.0	0.0	3.0	3.0	2.00.0	0.0	0.0	0.0	2.0	0.0	0.0	0.0	0.0
	5p	-	31	967.0	535.0	438.0	876.0	2816.0	7.0	12.0	1.0	2.0	1.0	2.0	0.0	4.0	0.0	0.0	0.0	3.00.0	0.0	0.0	0.0	0.0	0.0	0.0	0.0	0.0
	5p	-	32	912.0	477.0	418.0	814.0	2621.0	1.0	7.0	2.0	1.0	0.0	1.0	0.0	1.0	2.0	2.0	2.0	1.00.0	0.0	0.0	0.0	2.0	0.0	0.0	0.0	0.0
	5p	-	33	846.0	459.0	450.0	725.0	2480.0	0.0	13.0	2.0	1.0	0.0	0.0	1.0	2.0	0.0	1.0	0.0	3.00.0	0.0	0.0	0.0	2.0	0.0	0.0	0.0	0.0
	5p	-	34	783.0	445.0	389.0	724.0	2341.0	1.0	10.0	1.0	0.0	0.0	1.0	0.0	2.0	0.0	0.0	0.0	0.00.0	0.0	0.0	0.0	1.0	0.0	0.0	0.0	0.0
	5p	-	35	767.0	409.0	372.0	686.0	2234.0	0.0	9.0	1.0	2.0	1.0	0.0	0.0	0.0	0.0	1.0	0.0	1.00.0	0.0	0.0	0.0	0.0	0.0	0.0	0.0	0.0
	5p	-	36	766.0	362.0	330.0	664.0	2122.0	1.0	12.0	1.0	1.0	1.0	3.0	0.0	1.0	0.0	0.0	0.0	1.00.0	0.0	0.0	0.0	0.0	0.0	0.0	0.0	0.0
	5p	-	37	678.0	367.0	353.0	629.0	2027.0	2.0	10.0	3.0	1.0	0.0	1.0	0.0	2.0	1.0	1.0	0.0	1.00.0	0.0	0.0	0.0	0.0	0.0	0.0	0.0	0.0
	5p	-	38	658.0	374.0	310.0	587.0	1929.0	2.0	10.0	2.0	1.0	0.0	0.0	0.0	1.0	0.0	0.0	1.0	1.00.0	0.0	0.0	0.0	0.0	0.0	0.0	0.0	0.0
	5p	-	39	647.0	334.0	254.0	583.0	1818.0	1.0	10.0	1.0	2.0	1.0	0.0	0.0	1.0	0.0	1.0	1.0	1.00.0	0.0	0.0	0.0	0.0	0.0	0.0	0.0	0.0
	5p	-	40	609.0	270.0	281.0	553.0	1713.0	2.0	8.0	2.0	1.0	2.0	0.0	0.0	2.0	1.0	1.0	0.0	1.00.0	0.0	0.0	0.0	0.0	0.0	0.0	0.0	0.0
	5p	-	41	554.0	306.0	259.0	499.0	1618.0	1.0	16.0	1.0	1.0	1.0	0.0	0.0	1.0	0.0	0.0	1.0	0.00.0	0.0	0.0	0.0	0.0	0.0	0.0	0.0	0.0
	5p	-	42	542.0	275.0	236.0	475.0	1528.0	1.0	15.0	0.0	0.0	0.0	0.0	1.0	1.0	0.0	1.0	3.0	1.00.0	0.0	0.0	0.0	0.0	0.0	0.0	0.0	0.0
	5p	-	43	493.0	258.0	234.0	455.0	1440.0	0.0	8.0	2.0	1.0	0.0	0.0	1.0	1.0	0.0	0.0	0.0	1.00.0	0.0	0.0	0.0	0.0	0.0	0.0	0.0	0.0
	5p	-	44	455.0	242.0	218.0	437.0	1352.0	0.0	6.0	2.0	0.0	0.0	0.0	0.0	1.0	1.0	0.0	0.0	0.00.0	0.0	0.0	0.0	0.0	0.0	0.0	0.0	0.0
	5p	-	45	412.0	228.0	218.0	408.0	1266.0	3.0	11.0	1.0	2.0	0.0	2.0	0.0	4.0	1.0	0.0	0.0	0.00.0	0.0	0.0	0.0	0.0	0.0	0.0	0.0	0.0
	5p	-	46	403.0	187.0	192.0	412.0	1194.0	1.0	5.0	0.0	2.0	0.0	0.0	0.0	1.0	0.0	2.0	0.0	2.00.0	0.0	0.0	0.0	0.0	0.0	1.0	0.0	0.0
	5p	-	47	390.0	188.0	167.0	367.0	1112.0	0.0	8.0	0.0	1.0	0.0	0.0	0.0	0.0	1.0	0.0	0.0	2.00.0	0.0	0.0	0.0	0.0	0.0	0.0	0.0	0.0
	5p	-	48	378.0	189.0	155.0	310.0	1032.0	1.0	3.0	1.0	0.0	0.0	0.0	0.0	0.0	0.0	0.0	0.0	0.00.0	0.0	0.0	0.0	0.0	0.0	0.0	0.0	0.0
	5p	-	49	323.0	179.0	154.0	306.0	962.0	1.0	8.0	0.0	0.0	0.0	0.0	0.0	1.0	0.0	0.0	0.0	0.00.0	0.0	0.0	0.0	0.0	0.0	0.0	0.0	0.0
	5p	-	50	294.0	176.0	145.0	271.0	886.0	0.0	8.0	0.0	0.0	1.0	0.0	0.0	0.0	0.0	0.0	0.0	1.00.0	0.0	0.0	0.0	0.0	0.0	0.0	0.0	0.0
	5p	-	51	262.0	148.0	144.0	260.0	814.0	1.0	6.0	0.0	0.0	0.0	0.0	0.0	0.0	0.0	0.0	0.0	0.00.0	0.0	0.0	0.0	0.0	0.0	0.0	0.0	0.0
	5p	-	52	239.0	148.0	104.0	263.0	754.0	0.0	5.0	0.0	0.0	0.0	0.0	0.0	0.0	0.0	3.0	0.0	0.00.0	0.0	0.0	0.0	1.0	0.0	0.0	0.0	0.0
	5p	-	53	239.0	132.0	111.0	221.0	703.0	1.0	3.0	0.0	0.0	1.0	1.0	0.0	1.0	1.0	1.0	0.0	0.00.0	0.0	0.0	0.0	0.0	0.0	0.0	0.0	0.0
	5p	-	54	233.0	121.0	103.0	203.0	660.0	0.0	5.0	2.0	0.0	0.0	1.0	0.0	1.0	0.0	0.0	0.0	0.00.0	0.0	0.0	0.0	0.0	0.0	0.0	0.0	0.0
	5p	-	55	221.0	112.0	81.0	209.0	623.0	0.0	5.0	0.0	0.0	0.0	1.0	0.0	0.0	0.0	0.0	0.0	1.00.0	0.0	0.0	0.0	0.0	0.0	0.0	0.0	0.0
	5p	-	56	197.0	105.0	89.0	188.0	579.0	0.0	3.0	0.0	1.0	0.0	1.0	0.0	0.0	0.0	0.0	0.0	0.00.0	0.0	0.0	0.0	0.0	0.0	0.0	0.0	0.0
	5p	-	57	189.0	84.0	93.0	164.0	530.0	0.0	2.0	0.0	0.0	0.0	1.0	0.0	0.0	1.0	0.0	0.0	0.00.0	0.0	0.0	0.0	0.0	0.0	0.0	0.0	0.0
	5p	-	58	149.0	86.0	99.0	156.0	490.0	0.0	2.0	0.0	0.0	0.0	0.0	0.0	0.0	0.0	1.0	0.0	0.00.0	0.0	0.0	0.0	0.0	0.0	0.0	0.0	0.0
	5p	-	59	163.0	79.0	68.0	162.0	472.0	1.0	2.0	1.0	1.0	0.0	0.0	0.0	0.0	1.0	0.0	0.0	1.00.0	0.0	0.0	0.0	0.0	0.0	0.0	0.0	0.0
	5p	-	60	155.0	74.0	69.0	139.0	437.0	1.0	3.0	0.0	1.0	0.0	0.0	0.0	0.0	0.0	0.0	0.0	1.00.0	0.0	0.0	0.0	0.0	0.0	0.0	0.0	0.0
	5p	-	61	135.0	71.0	62.0	126.0	394.0	2.0	2.0	1.0	0.0	0.0	0.0	0.0	0.0	0.0	0.0	0.0	1.00.0	0.0	0.0	0.0	0.0	0.0	0.0	0.0	0.0
	5p	-	62	127.0	70.0	56.0	109.0	362.0	1.0	1.0	0.0	0.0	0.0	0.0	0.0	0.0	0.0	1.0	0.0	0.00.0	0.0	0.0	0.0	0.0	0.0	0.0	0.0	0.0
	5p	-	63	117.0	48.0	58.0	109.0	332.0	0.0	1.0	0.0	1.0	0.0	1.0	1.0	1.0	0.0	0.0	0.0	0.00.0	0.0	0.0	0.0	0.0	0.0	0.0	0.0	0.0
	5p	-	64	101.0	47.0	60.0	98.0	306.0	0.0	2.0	0.0	0.0	0.0	0.0	0.0	0.0	0.0	0.0	0.0	0.00.0	0.0	0.0	0.0	0.0	0.0	0.0	0.0	0.0
	5p	-	65	88.0	59.0	52.0	92.0	291.0	0.0	4.0	0.0	0.0	0.0	0.0	0.0	0.0	0.0	0.0	0.0	1.00.0	0.0	0.0	0.0	0.0	0.0	0.0	0.0	0.0
	5p	-	66	104.0	45.0	50.0	77.0	276.0	0.0	3.0	0.0	0.0	0.0	0.0	0.0	0.0	0.0	0.0	0.0	0.00.0	0.0	0.0	0.0	0.0	0.0	0.0	0.0	0.0
	5p	-	67	88.0	33.0	38.0	98.0	257.0	0.0	3.0	0.0	0.0	0.0	1.0	0.0	0.0	0.0	0.0	0.0	0.00.0	0.0	0.0	0.0	0.0	0.0	0.0	0.0	0.0
	5p	-	68	86.0	36.0	38.0	70.0	230.0	0.0	0.0	0.0	0.0	0.0	0.0	0.0	0.0	0.0	0.0	0.0	0.00.0	0.0	0.0	0.0	0.0	0.0	0.0	0.0	0.0
	5p	-	69	71.0	36.0	39.0	62.0	208.0	0.0	1.0	0.0	0.0	0.0	0.0	0.0	0.0	0.0	0.0	0.0	0.00.0	0.0	0.0	0.0	0.0	0.0	0.0	0.0	0.0
	5p	-	70	56.0	32.0	39.0	60.0	187.0	0.0	0.0	0.0	0.0	0.0	0.0	0.0	0.0	0.0	0.0	0.0	0.00.0	0.0	0.0	0.0	0.0	0.0	0.0	0.0	0.0
	5p	-	71	56.0	29.0	25.0	58.0	168.0	0.0	1.0	0.0	0.0	0.0	0.0	0.0	0.0	0.0	0.0	0.0	0.00.0	0.0	0.0	0.0	0.0	0.0	0.0	0.0	0.0
	5p	-	72	50.0	31.0	20.0	52.0	153.0	0.0	3.0	0.0	0.0	1.0	0.0	0.0	0.0	0.0	0.0	0.0	0.00.0	0.0	0.0	0.0	0.0	0.0	0.0	0.0	0.0
	5p	-	73	49.0	29.0	22.0	42.0	142.0	0.0	2.0	0.0	0.0	0.0	0.0	0.0	0.0	0.0	0.0	0.0	0.00.0	0.0	0.0	0.0	0.0	0.0	0.0	0.0	0.0
	5p	-	74	43.0	29.0	18.0	42.0	132.0	1.0	1.0	0.0	1.0	0.0	0.0	0.0	0.0	0.0	0.0	0.0	0.00.0	0.0	0.0	0.0	0.0	0.0	0.0	0.0	0.0
	5p	-	75	42.0	26.0	12.0	35.0	115.0	0.0	0.0	0.0	0.0	0.0	0.0	0.0	1.0	0.0	0.0	0.0	0.00.0	0.0	0.0	0.0	0.0	0.0	0.0	0.0	0.0
	5p	-	76	34.0	16.0	18.0	29.0	97.0	0.0	2.0	0.0	0.0	0.0	0.0	0.0	1.0	0.0	0.0	0.0	0.00.0	0.0	0.0	0.0	0.0	0.0	0.0	0.0	0.0
	5p	-	77	38.0	11.0	11.0	29.0	89.0	0.0	0.0	0.0	0.0	0.0	1.0	0.0	0.0	0.0	0.0	0.0	1.00.0	0.0	0.0	0.0	0.0	0.0	0.0	0.0	0.0
	5p	-	78	22.0	11.0	23.0	27.0	83.0	0.0	0.0	0.0	1.0	0.0	0.0	0.0	0.0	0.0	0.0	0.0	1.00.0	0.0	0.0	0.0	0.0	0.0	0.0	0.0	0.0
	5p	-	79	26.0	9.0	12.0	32.0	79.0	0.0	0.0	0.0	0.0	1.0	0.0	0.0	0.0	0.0	0.0	0.0	0.00.0	0.0	0.0	0.0	0.0	0.0	0.0	0.0	0.0
	5p	-	80	27.0	5.0	10.0	23.0	65.0	0.0	1.0	0.0	0.0	0.0	0.0	0.0	0.0	0.0	0.0	0.0	0.00.0	0.0	0.0	0.0	0.0	0.0	0.0	0.0	0.0
	5p	-	81	25.0	8.0	10.0	13.0	56.0	0.0	2.0	0.0	0.0	0.0	0.0	0.0	0.0	0.0	0.0	0.0	0.00.0	0.0	0.0	0.0	0.0	0.0	0.0	0.0	0.0
	5p	-	82	17.0	10.0	5.0	18.0	50.0	0.0	1.0	0.0	0.0	0.0	0.0	0.0	0.0	0.0	0.0	0.0	0.00.0	0.0	0.0	0.0	0.0	0.0	0.0	0.0	0.0
	5p	-	83	14.0	8.0	12.0	9.0	43.0	0.0	0.0	0.0	0.0	0.0	1.0	0.0	0.0	0.0	0.0	0.0	0.00.0	0.0	0.0	0.0	0.0	0.0	0.0	0.0	0.0
	5p	-	84	16.0	6.0	7.0	8.0	37.0	0.0	0.0	0.0	0.0	0.0	0.0	0.0	0.0	0.0	0.0	0.0	0.00.0	0.0	0.0	0.0	0.0	0.0	0.0	0.0	0.0
	5p	-	85	18.0	4.0	2.0	11.0	35.0	0.0	0.0	0.0	0.0	0.0	0.0	0.0	0.0	0.0	0.0	0.0	0.00.0	0.0	0.0	0.0	0.0	0.0	0.0	0.0	0.0
	5p	-	86	9.0	5.0	6.0	8.0	28.0	0.0	1.0	0.0	0.0	0.0	0.0	0.0	0.0	0.0	0.0	0.0	0.00.0	0.0	0.0	0.0	0.0	0.0	0.0	0.0	0.0
	5p	-	87	11.0	2.0	5.0	2.0	20.0	0.0	0.0	0.0	0.0	0.0	0.0	0.0	0.0	0.0	0.0	0.0	0.00.0	0.0	0.0	0.0	0.0	0.0	0.0	0.0	0.0
	5p	-	88	7.0	0.0	2.0	6.0	15.0	0.0	0.0	0.0	0.0	0.0	0.0	0.0	0.0	0.0	0.0	0.0	0.00.0	0.0	0.0	0.0	0.0	0.0	0.0	0.0	0.0
	5p	-	89	4.0	3.0	1.0	4.0	12.0	0.0	0.0	0.0	0.0	0.0	0.0	0.0	0.0	0.0	0.0	0.0	0.00.0	0.0	0.0	0.0	0.0	0.0	0.0	0.0	0.0
	5p	-	90	1.0	2.0	0.0	1.0	4.0	0.0	1.0	0.0	0.0	0.0	0.0	0.0	0.0	0.0	0.0	0.0	0.00.0	0.0	0.0	0.0	0.0	0.0	0.0	0.0	0.0
	5p	-	91	0.0	0.0	0.0	0.0	0.0	0.0	0.0	0.0	0.0	0.0	0.0	0.0	0.0	0.0	0.0	0.0	0.00.0	0.0	0.0	0.0	0.0	0.0	0.0	0.0	0.0
	5p	-	92	0.0	0.0	0.0	0.0	0.0	0.0	0.0	0.0	0.0	0.0	0.0	0.0	0.0	0.0	0.0	0.0	0.00.0	0.0	0.0	0.0	0.0	0.0	0.0	0.0	0.0
	5p	-	93	0.0	0.0	0.0	0.0	0.0	0.0	0.0	0.0	0.0	0.0	0.0	0.0	0.0	0.0	0.0	0.0	0.00.0	0.0	0.0	0.0	0.0	0.0	0.0	0.0	0.0
	5p	-	94	0.0	0.0	0.0	0.0	0.0	0.0	0.0	0.0	0.0	0.0	0.0	0.0	0.0	0.0	0.0	0.0	0.00.0	0.0	0.0	0.0	0.0	0.0	0.0	0.0	0.0
	5p	-	95	0.0	0.0	0.0	0.0	0.0	0.0	0.0	0.0	0.0	0.0	0.0	0.0	0.0	0.0	0.0	0.0	0.00.0	0.0	0.0	0.0	0.0	0.0	0.0	0.0	0.0
	5p	-	96	0.0	0.0	0.0	0.0	0.0	0.0	0.0	0.0	0.0	0.0	0.0	0.0	0.0	0.0	0.0	0.0	0.00.0	0.0	0.0	0.0	0.0	0.0	0.0	0.0	0.0
	5p	-	97	0.0	0.0	0.0	0.0	0.0	0.0	0.0	0.0	0.0	0.0	0.0	0.0	0.0	0.0	0.0	0.0	0.00.0	0.0	0.0	0.0	0.0	0.0	0.0	0.0	0.0
	5p	-	98	0.0	0.0	0.0	0.0	0.0	0.0	0.0	0.0	0.0	0.0	0.0	0.0	0.0	0.0	0.0	0.0	0.00.0	0.0	0.0	0.0	0.0	0.0	0.0	0.0	0.0
	5p	-	99	0.0	0.0	0.0	0.0	0.0	0.0	0.0	0.0	0.0	0.0	0.0	0.0	0.0	0.0	0.0	0.0	0.00.0	0.0	0.0	0.0	0.0	0.0	0.0	0.0	0.0
	5p	-	100	0.0	0.0	0.0	0.0	0.0	0.0	0.0	0.0	0.0	0.0	0.0	0.0	0.0	0.0	0.0	0.0	0.00.0	0.0	0.0	0.0	0.0	0.0	0.0	0.0	0.0
