# table produced by DamageProfiler
# using mapped file PcA020.ReedbuckBh_Human_nc.Target.rmdup.noMicro.bam
# Sample ID: PcA020.ReedbuckBh_Human_nc.Target.rmdup.noMicro.bam
Chr	End	Std	Pos	A	C	G	T	Total	G>A	C>T	A>G	T>C	A>C	A>T	C>G	C>A	T>G	T>A	G>C	G>T	A>-	T>-	C>-	G>-	->A	->T	->C	->G	S
	3p	+	1	363.0	121.0	102.0	261.0	847.0	4.0	25.0	5.0	0.0	4.0	4.0	1.0	3.0	0.0	4.0	3.0	3.0	0.0	0.0	0.0	0.0	0.0	0.0	0.0	0.0	0.0
	3p	+	2	356.0	161.0	91.0	239.0	847.0	4.0	7.0	1.0	3.0	3.0	3.0	0.0	0.0	2.0	3.0	1.0	0.0	0.0	0.0	0.0	0.0	0.0	0.0	0.0	0.0	0.0
	3p	+	3	309.0	144.0	129.0	265.0	847.0	1.0	4.0	2.0	2.0	1.0	3.0	0.0	2.0	1.0	5.0	3.0	1.0	0.0	0.0	0.0	0.0	0.0	0.0	0.0	0.0	0.0
	3p	+	4	316.0	161.0	129.0	241.0	847.0	2.0	5.0	4.0	1.0	3.0	3.0	2.0	2.0	2.0	3.0	0.0	1.0	0.0	0.0	0.0	0.0	0.0	0.0	0.0	0.0	0.0
	3p	+	5	311.0	142.0	139.0	255.0	847.0	4.0	3.0	3.0	3.0	2.0	2.0	3.0	6.0	2.0	1.0	3.0	0.0	0.0	0.0	0.0	0.0	0.0	0.0	0.0	0.0	0.0
	3p	+	6	331.0	136.0	147.0	229.0	843.0	5.0	5.0	4.0	5.0	6.0	1.0	1.0	2.0	2.0	1.0	3.0	0.0	0.0	0.0	0.0	0.0	0.0	0.0	2.0	1.0	0.0
	3p	+	7	309.0	147.0	159.0	226.0	841.0	5.0	6.0	2.0	2.0	6.0	3.0	1.0	2.0	0.0	2.0	3.0	2.0	0.0	0.0	0.0	0.0	0.0	0.0	2.0	3.0	0.0
	3p	+	8	284.0	155.0	122.0	277.0	838.0	2.0	1.0	5.0	4.0	0.0	6.0	0.0	3.0	3.0	2.0	1.0	1.0	0.0	0.0	0.0	0.0	3.0	0.0	1.0	4.0	0.0
	3p	+	9	303.0	132.0	141.0	259.0	835.0	4.0	2.0	3.0	4.0	2.0	1.0	2.0	1.0	3.0	3.0	0.0	1.0	0.0	0.0	0.0	0.0	3.0	0.0	3.0	4.0	0.0
	3p	+	10	289.0	149.0	136.0	264.0	838.0	1.0	1.0	3.0	5.0	3.0	4.0	1.0	2.0	4.0	0.0	4.0	1.0	0.0	0.0	0.0	0.0	3.0	0.0	2.0	2.0	0.0
	3p	+	11	272.0	151.0	144.0	269.0	836.0	4.0	4.0	3.0	3.0	3.0	3.0	1.0	1.0	2.0	3.0	2.0	0.0	0.0	0.0	0.0	0.0	3.0	0.0	4.0	2.0	0.0
	3p	+	12	264.0	192.0	129.0	247.0	832.0	2.0	6.0	4.0	5.0	2.0	2.0	3.0	5.0	3.0	1.0	1.0	1.0	0.0	0.0	0.0	0.0	6.0	0.0	1.0	4.0	0.0
	3p	+	13	287.0	145.0	134.0	269.0	835.0	1.0	3.0	3.0	7.0	1.0	1.0	0.0	1.0	1.0	1.0	0.0	1.0	0.0	0.0	0.0	0.0	3.0	0.0	2.0	3.0	0.0
	3p	+	14	294.0	133.0	151.0	253.0	831.0	3.0	3.0	2.0	1.0	2.0	3.0	0.0	4.0	4.0	0.0	2.0	5.0	0.0	0.0	0.0	0.0	5.0	0.0	6.0	2.0	0.0
	3p	+	15	264.0	154.0	148.0	270.0	836.0	1.0	5.0	6.0	3.0	3.0	2.0	3.0	3.0	3.0	5.0	1.0	2.0	0.0	0.0	0.0	0.0	3.0	0.0	4.0	3.0	0.0
	3p	+	16	308.0	154.0	123.0	251.0	836.0	1.0	3.0	2.0	2.0	2.0	5.0	1.0	3.0	1.0	2.0	2.0	3.0	0.0	0.0	0.0	0.0	2.0	0.0	2.0	7.0	0.0
	3p	+	17	280.0	149.0	155.0	254.0	838.0	1.0	5.0	3.0	2.0	4.0	1.0	4.0	2.0	3.0	3.0	2.0	2.0	0.0	0.0	0.0	0.0	4.0	0.0	1.0	3.0	0.0
	3p	+	18	272.0	156.0	131.0	278.0	837.0	3.0	4.0	6.0	8.0	3.0	3.0	1.0	2.0	3.0	6.0	0.0	3.0	0.0	0.0	0.0	0.0	3.0	0.0	3.0	2.0	0.0
	3p	+	19	299.0	136.0	148.0	258.0	841.0	2.0	1.0	3.0	2.0	3.0	2.0	2.0	0.0	6.0	1.0	0.0	1.0	0.0	0.0	0.0	0.0	2.0	0.0	0.0	4.0	0.0
	3p	+	20	275.0	164.0	135.0	266.0	840.0	0.0	4.0	1.0	2.0	1.0	3.0	2.0	1.0	3.0	2.0	2.0	4.0	0.0	0.0	0.0	0.0	1.0	0.0	1.0	2.0	0.0
	3p	+	21	274.0	164.0	129.0	273.0	840.0	1.0	4.0	3.0	4.0	4.0	1.0	3.0	1.0	0.0	4.0	1.0	1.0	0.0	0.0	0.0	0.0	2.0	0.0	2.0	2.0	0.0
	3p	+	22	289.0	132.0	136.0	281.0	838.0	2.0	3.0	1.0	4.0	3.0	3.0	4.0	2.0	3.0	4.0	1.0	3.0	0.0	0.0	0.0	0.0	0.0	0.0	4.0	1.0	0.0
	3p	+	23	278.0	172.0	143.0	243.0	836.0	1.0	7.0	2.0	2.0	0.0	4.0	1.0	2.0	2.0	1.0	2.0	2.0	0.0	0.0	0.0	0.0	3.0	0.0	3.0	2.0	0.0
	3p	+	24	273.0	154.0	149.0	248.0	824.0	4.0	2.0	4.0	3.0	4.0	4.0	2.0	0.0	4.0	1.0	2.0	3.0	0.0	0.0	0.0	0.0	3.0	0.0	7.0	8.0	0.0
	3p	+	25	286.0	131.0	146.0	270.0	833.0	6.0	2.0	3.0	3.0	4.0	2.0	1.0	2.0	5.0	4.0	3.0	1.0	0.0	0.0	0.0	0.0	5.0	0.0	2.0	5.0	0.0
	3p	+	26	263.0	146.0	152.0	268.0	829.0	3.0	4.0	4.0	4.0	1.0	1.0	1.0	1.0	1.0	5.0	1.0	0.0	0.0	0.0	0.0	0.0	6.0	0.0	7.0	3.0	0.0
	3p	+	27	257.0	153.0	155.0	275.0	840.0	3.0	3.0	4.0	2.0	3.0	2.0	3.0	1.0	5.0	2.0	1.0	0.0	0.0	0.0	0.0	0.0	3.0	0.0	1.0	2.0	0.0
	3p	+	28	289.0	172.0	130.0	253.0	844.0	3.0	5.0	4.0	5.0	3.0	3.0	1.0	2.0	2.0	2.0	0.0	1.0	0.0	0.0	0.0	0.0	1.0	0.0	0.0	0.0	0.0
	3p	+	29	286.0	183.0	150.0	225.0	844.0	0.0	4.0	1.0	1.0	2.0	1.0	0.0	1.0	2.0	1.0	2.0	0.0	0.0	0.0	0.0	0.0	1.0	0.0	1.0	0.0	0.0
	3p	+	30	259.0	174.0	163.0	250.0	846.0	0.0	2.0	3.0	4.0	7.0	3.0	0.0	0.0	2.0	3.0	2.0	1.0	0.0	0.0	0.0	0.0	0.0	0.0	0.0	0.0	0.0
	3p	+	31	219.0	100.0	133.0	206.0	658.0	2.0	3.0	1.0	4.0	1.0	3.0	0.0	1.0	0.0	1.0	1.0	1.0	0.0	0.0	0.0	0.0	0.0	0.0	0.0	0.0	0.0
	3p	+	32	196.0	90.0	104.0	187.0	577.0	2.0	3.0	1.0	2.0	0.0	1.0	0.0	0.0	1.0	0.0	1.0	0.0	0.0	0.0	0.0	0.0	0.0	0.0	0.0	0.0	0.0
	3p	+	33	192.0	87.0	94.0	158.0	531.0	1.0	2.0	3.0	2.0	2.0	0.0	1.0	1.0	0.0	0.0	0.0	1.0	0.0	0.0	0.0	0.0	0.0	0.0	0.0	0.0	0.0
	3p	+	34	168.0	98.0	95.0	146.0	507.0	2.0	2.0	1.0	2.0	0.0	0.0	0.0	2.0	1.0	0.0	1.0	0.0	0.0	0.0	0.0	0.0	0.0	0.0	0.0	0.0	0.0
	3p	+	35	141.0	72.0	88.0	183.0	484.0	2.0	1.0	2.0	3.0	0.0	1.0	0.0	0.0	2.0	1.0	0.0	0.0	0.0	0.0	0.0	0.0	1.0	0.0	0.0	0.0	0.0
	3p	+	36	160.0	80.0	86.0	143.0	469.0	2.0	3.0	5.0	1.0	2.0	1.0	0.0	1.0	0.0	1.0	0.0	0.0	0.0	0.0	0.0	0.0	0.0	0.0	0.0	0.0	0.0
	3p	+	37	159.0	80.0	90.0	123.0	452.0	3.0	1.0	1.0	1.0	1.0	1.0	1.0	1.0	0.0	0.0	0.0	0.0	0.0	0.0	0.0	0.0	0.0	0.0	0.0	1.0	0.0
	3p	+	38	146.0	75.0	90.0	126.0	437.0	3.0	2.0	1.0	2.0	0.0	0.0	0.0	1.0	0.0	0.0	0.0	1.0	0.0	0.0	0.0	0.0	0.0	0.0	0.0	0.0	0.0
	3p	+	39	142.0	80.0	79.0	123.0	424.0	0.0	2.0	3.0	2.0	0.0	3.0	1.0	0.0	1.0	0.0	0.0	0.0	0.0	0.0	0.0	0.0	0.0	0.0	0.0	0.0	0.0
	3p	+	40	131.0	69.0	70.0	132.0	402.0	0.0	2.0	1.0	1.0	1.0	0.0	0.0	0.0	0.0	0.0	2.0	0.0	0.0	0.0	0.0	0.0	0.0	0.0	0.0	0.0	0.0
	3p	+	41	128.0	62.0	80.0	112.0	382.0	2.0	0.0	2.0	0.0	0.0	0.0	1.0	0.0	0.0	1.0	1.0	0.0	0.0	0.0	0.0	0.0	0.0	0.0	0.0	0.0	0.0
	3p	+	42	116.0	58.0	65.0	120.0	359.0	2.0	0.0	2.0	1.0	0.0	0.0	0.0	0.0	0.0	0.0	2.0	0.0	0.0	0.0	0.0	0.0	0.0	0.0	0.0	0.0	0.0
	3p	+	43	108.0	59.0	65.0	109.0	341.0	2.0	3.0	1.0	1.0	1.0	1.0	0.0	0.0	0.0	0.0	0.0	0.0	0.0	0.0	0.0	0.0	0.0	0.0	0.0	0.0	0.0
	3p	+	44	111.0	47.0	50.0	110.0	318.0	0.0	0.0	0.0	3.0	0.0	0.0	1.0	1.0	0.0	0.0	0.0	0.0	0.0	0.0	0.0	0.0	0.0	0.0	0.0	0.0	0.0
	3p	+	45	98.0	57.0	51.0	101.0	307.0	0.0	1.0	1.0	1.0	0.0	0.0	0.0	0.0	0.0	0.0	0.0	0.0	0.0	0.0	0.0	0.0	0.0	0.0	0.0	0.0	0.0
	3p	+	46	86.0	48.0	49.0	100.0	283.0	1.0	0.0	2.0	0.0	0.0	0.0	0.0	1.0	0.0	0.0	0.0	0.0	0.0	0.0	0.0	0.0	0.0	0.0	0.0	0.0	0.0
	3p	+	47	88.0	59.0	34.0	88.0	269.0	1.0	1.0	0.0	1.0	0.0	0.0	0.0	0.0	1.0	0.0	0.0	0.0	0.0	0.0	0.0	0.0	0.0	0.0	0.0	0.0	0.0
	3p	+	48	87.0	47.0	40.0	75.0	249.0	1.0	2.0	3.0	0.0	1.0	0.0	0.0	0.0	0.0	0.0	0.0	0.0	0.0	0.0	0.0	0.0	0.0	0.0	1.0	0.0	0.0
	3p	+	49	72.0	43.0	43.0	75.0	233.0	2.0	0.0	1.0	0.0	0.0	0.0	0.0	0.0	0.0	0.0	1.0	0.0	0.0	0.0	0.0	0.0	0.0	0.0	0.0	0.0	0.0
	3p	+	50	71.0	41.0	39.0	68.0	219.0	0.0	2.0	2.0	0.0	0.0	0.0	0.0	2.0	0.0	0.0	0.0	0.0	0.0	0.0	0.0	0.0	0.0	0.0	0.0	0.0	0.0
	3p	+	51	62.0	39.0	39.0	71.0	211.0	1.0	0.0	1.0	1.0	0.0	1.0	0.0	0.0	0.0	0.0	0.0	0.0	0.0	0.0	0.0	0.0	0.0	0.0	0.0	0.0	0.0
	3p	+	52	55.0	30.0	46.0	67.0	198.0	0.0	0.0	0.0	0.0	0.0	0.0	0.0	0.0	0.0	0.0	0.0	1.0	0.0	0.0	0.0	0.0	0.0	0.0	0.0	0.0	0.0
	3p	+	53	59.0	29.0	34.0	66.0	188.0	1.0	0.0	0.0	0.0	0.0	0.0	0.0	0.0	0.0	0.0	0.0	0.0	0.0	0.0	0.0	0.0	0.0	0.0	0.0	0.0	0.0
	3p	+	54	65.0	33.0	34.0	44.0	176.0	0.0	1.0	1.0	0.0	0.0	0.0	0.0	0.0	0.0	0.0	0.0	0.0	0.0	0.0	0.0	0.0	0.0	0.0	0.0	0.0	0.0
	3p	+	55	52.0	23.0	29.0	59.0	163.0	0.0	0.0	1.0	1.0	0.0	0.0	0.0	0.0	0.0	0.0	0.0	0.0	0.0	0.0	0.0	0.0	0.0	0.0	0.0	0.0	0.0
	3p	+	56	46.0	35.0	23.0	51.0	155.0	1.0	2.0	1.0	0.0	0.0	0.0	0.0	0.0	0.0	0.0	0.0	0.0	0.0	0.0	0.0	0.0	0.0	0.0	0.0	0.0	0.0
	3p	+	57	46.0	26.0	19.0	57.0	148.0	0.0	0.0	0.0	0.0	1.0	0.0	0.0	0.0	0.0	0.0	1.0	0.0	0.0	0.0	0.0	0.0	0.0	0.0	0.0	0.0	0.0
	3p	+	58	41.0	31.0	23.0	43.0	138.0	1.0	1.0	0.0	0.0	0.0	0.0	2.0	0.0	0.0	1.0	0.0	0.0	0.0	0.0	0.0	0.0	0.0	0.0	0.0	0.0	0.0
	3p	+	59	43.0	21.0	26.0	39.0	129.0	0.0	1.0	0.0	0.0	0.0	0.0	0.0	0.0	0.0	0.0	1.0	1.0	0.0	0.0	0.0	0.0	0.0	0.0	0.0	0.0	0.0
	3p	+	60	43.0	21.0	18.0	43.0	125.0	0.0	0.0	0.0	0.0	0.0	0.0	0.0	0.0	0.0	0.0	0.0	0.0	0.0	0.0	0.0	0.0	0.0	0.0	0.0	0.0	0.0
	3p	+	61	32.0	22.0	22.0	40.0	116.0	0.0	0.0	0.0	0.0	0.0	0.0	0.0	0.0	0.0	0.0	0.0	0.0	0.0	0.0	0.0	0.0	0.0	0.0	0.0	0.0	0.0
	3p	+	62	38.0	25.0	22.0	27.0	112.0	0.0	0.0	2.0	0.0	0.0	0.0	0.0	0.0	0.0	0.0	0.0	0.0	0.0	0.0	0.0	0.0	0.0	0.0	0.0	0.0	0.0
	3p	+	63	30.0	24.0	19.0	32.0	105.0	0.0	0.0	1.0	0.0	0.0	0.0	0.0	0.0	0.0	0.0	0.0	0.0	0.0	0.0	0.0	0.0	0.0	0.0	0.0	0.0	0.0
	3p	+	64	35.0	24.0	11.0	29.0	99.0	0.0	0.0	1.0	0.0	0.0	0.0	0.0	1.0	0.0	0.0	0.0	0.0	0.0	0.0	0.0	0.0	0.0	0.0	0.0	0.0	0.0
	3p	+	65	20.0	18.0	20.0	31.0	89.0	0.0	0.0	1.0	0.0	0.0	0.0	0.0	0.0	0.0	0.0	0.0	1.0	0.0	0.0	0.0	0.0	0.0	0.0	0.0	0.0	0.0
	3p	+	66	19.0	11.0	21.0	26.0	77.0	0.0	0.0	0.0	0.0	0.0	0.0	0.0	0.0	0.0	0.0	0.0	0.0	0.0	0.0	0.0	0.0	0.0	0.0	0.0	0.0	0.0
	3p	+	67	17.0	12.0	23.0	19.0	71.0	0.0	0.0	1.0	0.0	0.0	0.0	0.0	0.0	0.0	0.0	0.0	0.0	0.0	0.0	0.0	0.0	0.0	0.0	0.0	0.0	0.0
	3p	+	68	24.0	9.0	15.0	17.0	65.0	0.0	0.0	0.0	0.0	0.0	0.0	0.0	0.0	1.0	0.0	0.0	0.0	0.0	0.0	0.0	0.0	0.0	0.0	0.0	0.0	0.0
	3p	+	69	13.0	12.0	12.0	22.0	59.0	1.0	0.0	0.0	0.0	0.0	0.0	0.0	0.0	0.0	0.0	0.0	0.0	0.0	0.0	0.0	0.0	0.0	0.0	0.0	0.0	0.0
	3p	+	70	18.0	9.0	4.0	17.0	48.0	1.0	0.0	0.0	0.0	0.0	0.0	0.0	0.0	0.0	0.0	0.0	0.0	0.0	0.0	0.0	0.0	0.0	0.0	0.0	0.0	0.0
	3p	+	71	12.0	12.0	8.0	16.0	48.0	0.0	0.0	0.0	0.0	0.0	0.0	2.0	1.0	0.0	0.0	0.0	0.0	0.0	0.0	0.0	0.0	0.0	0.0	0.0	0.0	0.0
	3p	+	72	17.0	7.0	7.0	14.0	45.0	0.0	0.0	0.0	0.0	0.0	0.0	0.0	0.0	0.0	1.0	0.0	0.0	0.0	0.0	0.0	0.0	0.0	0.0	0.0	0.0	0.0
	3p	+	73	16.0	5.0	4.0	14.0	39.0	0.0	0.0	0.0	0.0	0.0	0.0	0.0	0.0	0.0	0.0	0.0	0.0	0.0	0.0	0.0	0.0	0.0	0.0	0.0	0.0	0.0
	3p	+	74	12.0	6.0	8.0	11.0	37.0	1.0	0.0	0.0	0.0	0.0	0.0	0.0	0.0	0.0	0.0	0.0	0.0	0.0	0.0	0.0	0.0	0.0	0.0	0.0	0.0	0.0
	3p	+	75	11.0	7.0	1.0	15.0	34.0	0.0	0.0	1.0	0.0	0.0	0.0	0.0	0.0	0.0	0.0	0.0	0.0	0.0	0.0	0.0	0.0	0.0	0.0	0.0	0.0	0.0
	3p	+	76	11.0	7.0	4.0	9.0	31.0	0.0	0.0	0.0	0.0	0.0	0.0	0.0	0.0	0.0	0.0	0.0	0.0	0.0	0.0	0.0	0.0	0.0	0.0	0.0	0.0	0.0
	3p	+	77	8.0	2.0	4.0	12.0	26.0	0.0	0.0	0.0	0.0	0.0	0.0	0.0	0.0	0.0	0.0	0.0	0.0	0.0	0.0	0.0	0.0	0.0	0.0	0.0	0.0	0.0
	3p	+	78	9.0	5.0	3.0	6.0	23.0	0.0	0.0	0.0	0.0	0.0	0.0	0.0	0.0	0.0	0.0	0.0	0.0	0.0	0.0	0.0	0.0	0.0	0.0	0.0	0.0	0.0
	3p	+	79	6.0	1.0	6.0	7.0	20.0	0.0	0.0	0.0	1.0	0.0	0.0	0.0	0.0	0.0	0.0	0.0	0.0	0.0	0.0	0.0	0.0	0.0	0.0	0.0	0.0	0.0
	3p	+	80	3.0	3.0	4.0	6.0	16.0	0.0	0.0	0.0	1.0	0.0	0.0	0.0	0.0	0.0	0.0	0.0	0.0	0.0	0.0	0.0	0.0	0.0	0.0	0.0	0.0	0.0
	3p	+	81	11.0	1.0	1.0	1.0	14.0	0.0	0.0	0.0	0.0	0.0	0.0	0.0	0.0	0.0	0.0	0.0	0.0	0.0	0.0	0.0	0.0	0.0	0.0	0.0	0.0	0.0
	3p	+	82	4.0	2.0	1.0	5.0	12.0	0.0	1.0	0.0	0.0	0.0	0.0	0.0	0.0	0.0	0.0	0.0	0.0	0.0	0.0	0.0	0.0	0.0	0.0	0.0	0.0	0.0
	3p	+	83	4.0	3.0	2.0	3.0	12.0	1.0	0.0	0.0	0.0	0.0	0.0	0.0	0.0	0.0	0.0	0.0	0.0	0.0	0.0	0.0	0.0	0.0	0.0	0.0	0.0	0.0
	3p	+	84	1.0	3.0	4.0	4.0	12.0	0.0	0.0	0.0	0.0	0.0	0.0	0.0	0.0	0.0	0.0	0.0	0.0	0.0	0.0	0.0	0.0	0.0	0.0	0.0	0.0	0.0
	3p	+	85	5.0	2.0	1.0	2.0	10.0	0.0	0.0	0.0	0.0	0.0	0.0	0.0	0.0	0.0	0.0	0.0	0.0	0.0	0.0	0.0	0.0	0.0	0.0	0.0	0.0	0.0
	3p	+	86	4.0	2.0	1.0	1.0	8.0	0.0	0.0	0.0	0.0	0.0	0.0	0.0	0.0	0.0	0.0	0.0	0.0	0.0	0.0	0.0	0.0	0.0	0.0	0.0	0.0	0.0
	3p	+	87	2.0	2.0	0.0	1.0	5.0	0.0	0.0	0.0	0.0	0.0	0.0	0.0	0.0	0.0	0.0	0.0	0.0	0.0	0.0	0.0	0.0	0.0	0.0	0.0	0.0	0.0
	3p	+	88	1.0	1.0	1.0	1.0	4.0	0.0	0.0	0.0	0.0	0.0	0.0	0.0	0.0	0.0	0.0	0.0	0.0	0.0	0.0	0.0	0.0	0.0	0.0	0.0	0.0	0.0
	3p	+	89	1.0	2.0	1.0	0.0	4.0	0.0	0.0	0.0	0.0	0.0	0.0	0.0	0.0	0.0	0.0	0.0	0.0	0.0	0.0	0.0	0.0	0.0	0.0	0.0	0.0	0.0
	3p	+	90	0.0	0.0	0.0	2.0	2.0	0.0	0.0	0.0	0.0	0.0	0.0	0.0	0.0	0.0	0.0	0.0	0.0	0.0	0.0	0.0	0.0	0.0	0.0	0.0	0.0	0.0
	3p	+	91	0.0	0.0	0.0	0.0	0.0	0.0	0.0	0.0	0.0	0.0	0.0	0.0	0.0	0.0	0.0	0.0	0.0	0.0	0.0	0.0	0.0	0.0	0.0	0.0	0.0	0.0
	3p	+	92	0.0	0.0	0.0	0.0	0.0	0.0	0.0	0.0	0.0	0.0	0.0	0.0	0.0	0.0	0.0	0.0	0.0	0.0	0.0	0.0	0.0	0.0	0.0	0.0	0.0	0.0
	3p	+	93	0.0	0.0	0.0	0.0	0.0	0.0	0.0	0.0	0.0	0.0	0.0	0.0	0.0	0.0	0.0	0.0	0.0	0.0	0.0	0.0	0.0	0.0	0.0	0.0	0.0	0.0
	3p	+	94	0.0	0.0	0.0	0.0	0.0	0.0	0.0	0.0	0.0	0.0	0.0	0.0	0.0	0.0	0.0	0.0	0.0	0.0	0.0	0.0	0.0	0.0	0.0	0.0	0.0	0.0
	3p	+	95	0.0	0.0	0.0	0.0	0.0	0.0	0.0	0.0	0.0	0.0	0.0	0.0	0.0	0.0	0.0	0.0	0.0	0.0	0.0	0.0	0.0	0.0	0.0	0.0	0.0	0.0
	3p	+	96	0.0	0.0	0.0	0.0	0.0	0.0	0.0	0.0	0.0	0.0	0.0	0.0	0.0	0.0	0.0	0.0	0.0	0.0	0.0	0.0	0.0	0.0	0.0	0.0	0.0	0.0
	3p	+	97	0.0	0.0	0.0	0.0	0.0	0.0	0.0	0.0	0.0	0.0	0.0	0.0	0.0	0.0	0.0	0.0	0.0	0.0	0.0	0.0	0.0	0.0	0.0	0.0	0.0	0.0
	3p	+	98	0.0	0.0	0.0	0.0	0.0	0.0	0.0	0.0	0.0	0.0	0.0	0.0	0.0	0.0	0.0	0.0	0.0	0.0	0.0	0.0	0.0	0.0	0.0	0.0	0.0	0.0
	3p	+	99	0.0	0.0	0.0	0.0	0.0	0.0	0.0	0.0	0.0	0.0	0.0	0.0	0.0	0.0	0.0	0.0	0.0	0.0	0.0	0.0	0.0	0.0	0.0	0.0	0.0	0.0
	3p	+	100	0.0	0.0	0.0	0.0	0.0	0.0	0.0	0.0	0.0	0.0	0.0	0.0	0.0	0.0	0.0	0.0	0.0	0.0	0.0	0.0	0.0	0.0	0.0	0.0	0.0	0.0
	3p	-	1	377.0	136.0	92.0	266.0	871.0	3.0	29.0	1.0	3.0	1.0	4.0	1.0	4.0	0.0	7.0	0.0	3.00.0	0.0	0.0	0.0	0.0	0.0	0.0	0.0	0.0
	3p	-	2	337.0	174.0	106.0	254.0	871.0	1.0	8.0	4.0	2.0	3.0	5.0	2.0	8.0	2.0	4.0	3.0	1.00.0	0.0	0.0	0.0	0.0	0.0	0.0	0.0	0.0
	3p	-	3	318.0	149.0	145.0	259.0	871.0	7.0	3.0	8.0	3.0	1.0	1.0	1.0	4.0	2.0	4.0	2.0	1.00.0	0.0	0.0	0.0	0.0	0.0	0.0	0.0	0.0
	3p	-	4	315.0	174.0	130.0	250.0	869.0	4.0	4.0	2.0	3.0	2.0	2.0	2.0	6.0	1.0	2.0	3.0	1.00.0	0.0	0.0	0.0	2.0	0.0	0.0	0.0	0.0
	3p	-	5	317.0	143.0	134.0	276.0	870.0	2.0	2.0	2.0	2.0	2.0	3.0	1.0	2.0	2.0	5.0	2.0	1.00.0	0.0	0.0	0.0	0.0	0.0	1.0	0.0	0.0
	3p	-	6	332.0	131.0	138.0	264.0	865.0	2.0	3.0	3.0	2.0	1.0	2.0	1.0	2.0	3.0	1.0	2.0	0.00.0	0.0	0.0	0.0	4.0	0.0	1.0	1.0	0.0
	3p	-	7	329.0	132.0	135.0	261.0	857.0	2.0	3.0	5.0	4.0	2.0	2.0	1.0	2.0	2.0	0.0	0.0	5.00.0	0.0	0.0	0.0	6.0	0.0	2.0	3.0	0.0
	3p	-	8	328.0	145.0	138.0	247.0	858.0	3.0	0.0	7.0	2.0	4.0	4.0	2.0	1.0	2.0	3.0	1.0	5.00.0	0.0	0.0	0.0	4.0	0.0	1.0	3.0	0.0
	3p	-	9	321.0	133.0	153.0	250.0	857.0	4.0	4.0	2.0	3.0	2.0	3.0	4.0	3.0	3.0	0.0	0.0	3.00.0	0.0	0.0	0.0	2.0	0.0	6.0	2.0	0.0
	3p	-	10	317.0	142.0	149.0	251.0	859.0	2.0	7.0	4.0	4.0	0.0	2.0	1.0	2.0	2.0	1.0	1.0	2.00.0	0.0	0.0	0.0	2.0	0.0	6.0	3.0	0.0
	3p	-	11	319.0	143.0	148.0	253.0	863.0	3.0	1.0	5.0	3.0	6.0	1.0	1.0	0.0	1.0	4.0	2.0	1.00.0	0.0	0.0	0.0	0.0	0.0	5.0	0.0	0.0
	3p	-	12	302.0	155.0	146.0	260.0	863.0	1.0	2.0	3.0	1.0	2.0	0.0	0.0	2.0	1.0	4.0	2.0	5.00.0	0.0	0.0	0.0	2.0	0.0	2.0	3.0	0.0
	3p	-	13	292.0	155.0	152.0	259.0	858.0	1.0	2.0	4.0	1.0	0.0	3.0	2.0	2.0	5.0	2.0	2.0	2.00.0	0.0	0.0	0.0	2.0	0.0	7.0	3.0	0.0
	3p	-	14	294.0	136.0	145.0	285.0	860.0	4.0	2.0	3.0	3.0	0.0	3.0	1.0	2.0	5.0	4.0	0.0	4.00.0	0.0	0.0	0.0	4.0	0.0	2.0	3.0	0.0
	3p	-	15	297.0	144.0	148.0	271.0	860.0	5.0	3.0	4.0	2.0	0.0	3.0	2.0	2.0	2.0	0.0	0.0	1.00.0	0.0	0.0	0.0	1.0	0.0	2.0	6.0	0.0
	3p	-	16	297.0	144.0	148.0	266.0	855.0	5.0	3.0	3.0	4.0	2.0	4.0	2.0	1.0	0.0	2.0	0.0	0.00.0	0.0	0.0	0.0	4.0	0.0	2.0	7.0	0.0
	3p	-	17	298.0	127.0	166.0	269.0	860.0	4.0	1.0	4.0	4.0	5.0	5.0	4.0	2.0	1.0	2.0	3.0	3.00.0	0.0	0.0	0.0	3.0	0.0	3.0	1.0	0.0
	3p	-	18	303.0	154.0	151.0	255.0	863.0	5.0	1.0	5.0	5.0	0.0	5.0	3.0	2.0	1.0	2.0	0.0	5.00.0	0.0	0.0	0.0	1.0	0.0	2.0	2.0	0.0
	3p	-	19	271.0	155.0	145.0	288.0	859.0	5.0	1.0	5.0	5.0	2.0	0.0	1.0	2.0	4.0	3.0	2.0	1.00.0	0.0	0.0	0.0	3.0	0.0	1.0	3.0	0.0
	3p	-	20	272.0	159.0	173.0	257.0	861.0	3.0	4.0	3.0	1.0	1.0	2.0	3.0	4.0	4.0	3.0	2.0	7.00.0	0.0	0.0	0.0	1.0	0.0	2.0	4.0	0.0
	3p	-	21	287.0	153.0	149.0	267.0	856.0	3.0	2.0	3.0	4.0	6.0	5.0	3.0	0.0	3.0	0.0	1.0	2.00.0	0.0	0.0	0.0	4.0	0.0	2.0	3.0	0.0
	3p	-	22	288.0	151.0	145.0	273.0	857.0	6.0	5.0	6.0	2.0	1.0	1.0	1.0	0.0	5.0	3.0	2.0	2.00.0	0.0	0.0	0.0	3.0	0.0	4.0	3.0	0.0
	3p	-	23	314.0	147.0	138.0	256.0	855.0	4.0	3.0	4.0	2.0	4.0	1.0	0.0	4.0	4.0	7.0	0.0	2.00.0	0.0	0.0	0.0	3.0	0.0	5.0	5.0	0.0
	3p	-	24	297.0	166.0	148.0	246.0	857.0	6.0	3.0	1.0	5.0	0.0	2.0	2.0	2.0	3.0	1.0	4.0	1.00.0	0.0	0.0	0.0	2.0	0.0	2.0	5.0	0.0
	3p	-	25	284.0	161.0	164.0	253.0	862.0	6.0	3.0	3.0	5.0	6.0	1.0	0.0	1.0	3.0	1.0	2.0	1.00.0	0.0	0.0	0.0	1.0	0.0	3.0	2.0	0.0
	3p	-	26	323.0	147.0	137.0	245.0	852.0	1.0	4.0	6.0	4.0	7.0	3.0	0.0	0.0	0.0	1.0	1.0	0.00.0	0.0	0.0	0.0	5.0	0.0	4.0	4.0	0.0
	3p	-	27	284.0	167.0	148.0	267.0	866.0	1.0	8.0	9.0	6.0	3.0	7.0	4.0	2.0	5.0	6.0	1.0	1.00.0	0.0	0.0	0.0	0.0	0.0	4.0	0.0	0.0
	3p	-	28	315.0	142.0	157.0	254.0	868.0	4.0	5.0	2.0	8.0	3.0	1.0	1.0	4.0	1.0	2.0	3.0	0.00.0	0.0	0.0	0.0	0.0	0.0	1.0	0.0	0.0
	3p	-	29	328.0	145.0	140.0	256.0	869.0	2.0	4.0	4.0	2.0	2.0	2.0	1.0	0.0	0.0	0.0	1.0	3.00.0	0.0	0.0	0.0	0.0	0.0	1.0	0.0	0.0
	3p	-	30	292.0	150.0	164.0	264.0	870.0	0.0	0.0	2.0	4.0	2.0	4.0	3.0	3.0	2.0	5.0	1.0	0.00.0	0.0	0.0	0.0	0.0	0.0	0.0	0.0	0.0
	3p	-	31	227.0	140.0	128.0	197.0	692.0	0.0	6.0	4.0	1.0	1.0	0.0	0.0	0.0	1.0	0.0	0.0	3.00.0	0.0	0.0	0.0	0.0	0.0	0.0	0.0	0.0
	3p	-	32	212.0	103.0	95.0	194.0	604.0	2.0	2.0	4.0	2.0	0.0	1.0	1.0	0.0	1.0	1.0	0.0	3.00.0	0.0	0.0	0.0	1.0	0.0	0.0	0.0	0.0
	3p	-	33	173.0	121.0	95.0	179.0	568.0	3.0	2.0	0.0	0.0	1.0	0.0	0.0	1.0	1.0	1.0	1.0	1.00.0	0.0	0.0	0.0	0.0	0.0	0.0	0.0	0.0
	3p	-	34	183.0	104.0	95.0	162.0	544.0	3.0	6.0	6.0	0.0	1.0	1.0	0.0	0.0	1.0	0.0	1.0	2.00.0	0.0	0.0	0.0	1.0	0.0	0.0	0.0	0.0
	3p	-	35	169.0	108.0	93.0	156.0	526.0	6.0	1.0	3.0	1.0	0.0	0.0	0.0	0.0	1.0	1.0	0.0	0.00.0	0.0	0.0	0.0	1.0	0.0	1.0	0.0	0.0
	3p	-	36	159.0	90.0	86.0	168.0	503.0	3.0	1.0	1.0	0.0	0.0	0.0	0.0	0.0	1.0	1.0	2.0	0.00.0	0.0	0.0	0.0	1.0	0.0	0.0	0.0	0.0
	3p	-	37	157.0	85.0	90.0	150.0	482.0	3.0	3.0	3.0	2.0	0.0	0.0	0.0	0.0	0.0	0.0	0.0	1.00.0	0.0	0.0	0.0	0.0	0.0	0.0	0.0	0.0
	3p	-	38	153.0	62.0	102.0	145.0	462.0	2.0	1.0	2.0	0.0	0.0	1.0	0.0	0.0	0.0	0.0	0.0	0.00.0	0.0	0.0	0.0	0.0	0.0	0.0	0.0	0.0
	3p	-	39	146.0	77.0	66.0	140.0	429.0	5.0	1.0	3.0	0.0	0.0	1.0	0.0	1.0	0.0	1.0	0.0	0.00.0	0.0	0.0	0.0	0.0	0.0	0.0	0.0	0.0
	3p	-	40	139.0	68.0	73.0	132.0	412.0	1.0	2.0	2.0	0.0	0.0	0.0	1.0	1.0	1.0	0.0	1.0	1.00.0	0.0	0.0	0.0	0.0	0.0	1.0	0.0	0.0
	3p	-	41	128.0	78.0	77.0	120.0	403.0	0.0	3.0	0.0	1.0	0.0	1.0	3.0	0.0	0.0	0.0	1.0	0.00.0	0.0	0.0	0.0	0.0	0.0	0.0	0.0	0.0
	3p	-	42	127.0	77.0	61.0	118.0	383.0	0.0	2.0	2.0	2.0	1.0	1.0	0.0	0.0	0.0	2.0	0.0	1.00.0	0.0	0.0	0.0	0.0	0.0	0.0	2.0	0.0
	3p	-	43	121.0	70.0	65.0	113.0	369.0	2.0	2.0	3.0	1.0	1.0	0.0	1.0	0.0	0.0	0.0	0.0	0.00.0	0.0	0.0	0.0	0.0	0.0	1.0	0.0	0.0
	3p	-	44	112.0	56.0	57.0	118.0	343.0	0.0	1.0	1.0	1.0	0.0	0.0	1.0	0.0	0.0	0.0	0.0	0.00.0	0.0	0.0	0.0	0.0	0.0	0.0	0.0	0.0
	3p	-	45	93.0	57.0	63.0	112.0	325.0	0.0	0.0	0.0	1.0	0.0	2.0	0.0	0.0	0.0	1.0	0.0	1.00.0	0.0	0.0	0.0	0.0	0.0	0.0	0.0	0.0
	3p	-	46	102.0	57.0	52.0	94.0	305.0	0.0	2.0	2.0	2.0	0.0	1.0	0.0	0.0	1.0	0.0	0.0	0.00.0	0.0	0.0	0.0	0.0	0.0	0.0	0.0	0.0
	3p	-	47	91.0	50.0	51.0	94.0	286.0	1.0	2.0	2.0	0.0	0.0	0.0	0.0	1.0	1.0	0.0	0.0	1.00.0	0.0	0.0	0.0	0.0	0.0	0.0	0.0	0.0
	3p	-	48	97.0	38.0	46.0	90.0	271.0	0.0	1.0	0.0	1.0	0.0	0.0	0.0	0.0	0.0	0.0	0.0	0.00.0	0.0	0.0	0.0	0.0	0.0	0.0	0.0	0.0
	3p	-	49	83.0	45.0	42.0	83.0	253.0	1.0	1.0	1.0	0.0	0.0	0.0	0.0	0.0	0.0	0.0	0.0	0.00.0	0.0	0.0	0.0	0.0	0.0	0.0	0.0	0.0
	3p	-	50	97.0	40.0	38.0	64.0	239.0	2.0	1.0	0.0	0.0	0.0	0.0	0.0	0.0	0.0	0.0	0.0	0.00.0	0.0	0.0	0.0	0.0	0.0	0.0	0.0	0.0
	3p	-	51	77.0	34.0	40.0	70.0	221.0	0.0	1.0	0.0	1.0	1.0	0.0	1.0	0.0	0.0	1.0	0.0	0.00.0	0.0	0.0	0.0	0.0	0.0	0.0	0.0	0.0
	3p	-	52	74.0	36.0	34.0	58.0	202.0	1.0	1.0	3.0	0.0	0.0	1.0	1.0	0.0	0.0	0.0	0.0	0.00.0	0.0	0.0	0.0	0.0	0.0	0.0	0.0	0.0
	3p	-	53	64.0	26.0	33.0	69.0	192.0	0.0	0.0	2.0	2.0	0.0	1.0	0.0	0.0	1.0	2.0	0.0	0.00.0	0.0	0.0	0.0	0.0	0.0	0.0	0.0	0.0
	3p	-	54	54.0	26.0	37.0	61.0	178.0	0.0	0.0	0.0	0.0	0.0	0.0	1.0	1.0	0.0	0.0	0.0	0.00.0	0.0	0.0	0.0	0.0	0.0	0.0	0.0	0.0
	3p	-	55	53.0	30.0	30.0	52.0	165.0	1.0	4.0	0.0	0.0	0.0	0.0	0.0	0.0	2.0	0.0	0.0	0.00.0	0.0	0.0	0.0	0.0	0.0	0.0	0.0	0.0
	3p	-	56	58.0	24.0	28.0	40.0	150.0	0.0	2.0	0.0	1.0	1.0	1.0	0.0	0.0	0.0	0.0	0.0	0.00.0	0.0	0.0	0.0	0.0	0.0	0.0	0.0	0.0
	3p	-	57	47.0	23.0	23.0	50.0	143.0	1.0	0.0	0.0	0.0	0.0	0.0	0.0	0.0	0.0	1.0	0.0	0.00.0	0.0	0.0	0.0	0.0	0.0	0.0	0.0	0.0
	3p	-	58	47.0	12.0	28.0	47.0	134.0	1.0	1.0	1.0	0.0	0.0	0.0	0.0	0.0	0.0	0.0	0.0	1.00.0	0.0	0.0	0.0	0.0	0.0	0.0	0.0	0.0
	3p	-	59	36.0	21.0	23.0	46.0	126.0	0.0	1.0	1.0	0.0	1.0	0.0	0.0	0.0	0.0	0.0	0.0	1.00.0	0.0	0.0	0.0	0.0	0.0	0.0	0.0	0.0
	3p	-	60	39.0	15.0	24.0	38.0	116.0	1.0	0.0	0.0	0.0	0.0	0.0	0.0	1.0	0.0	0.0	0.0	1.00.0	0.0	0.0	0.0	0.0	0.0	0.0	0.0	0.0
	3p	-	61	36.0	19.0	15.0	35.0	105.0	0.0	0.0	2.0	0.0	0.0	1.0	0.0	0.0	1.0	0.0	0.0	0.00.0	0.0	0.0	0.0	0.0	0.0	0.0	0.0	0.0
	3p	-	62	31.0	21.0	15.0	32.0	99.0	0.0	1.0	1.0	1.0	0.0	1.0	0.0	0.0	0.0	2.0	0.0	0.00.0	0.0	0.0	0.0	0.0	0.0	0.0	0.0	0.0
	3p	-	63	36.0	14.0	14.0	28.0	92.0	0.0	0.0	0.0	0.0	0.0	0.0	0.0	0.0	0.0	0.0	0.0	1.00.0	0.0	0.0	0.0	0.0	0.0	0.0	0.0	0.0
	3p	-	64	28.0	13.0	23.0	17.0	81.0	0.0	0.0	0.0	0.0	0.0	0.0	0.0	0.0	0.0	0.0	1.0	1.00.0	0.0	0.0	0.0	0.0	0.0	0.0	0.0	0.0
	3p	-	65	26.0	8.0	14.0	29.0	77.0	0.0	0.0	0.0	0.0	0.0	0.0	0.0	0.0	0.0	0.0	0.0	0.00.0	0.0	0.0	0.0	0.0	0.0	0.0	0.0	0.0
	3p	-	66	22.0	7.0	15.0	22.0	66.0	0.0	0.0	0.0	0.0	1.0	0.0	1.0	0.0	1.0	0.0	0.0	0.00.0	0.0	0.0	0.0	0.0	0.0	0.0	0.0	0.0
	3p	-	67	15.0	14.0	9.0	25.0	63.0	0.0	1.0	0.0	0.0	0.0	0.0	1.0	0.0	1.0	0.0	0.0	0.00.0	0.0	0.0	0.0	0.0	0.0	0.0	0.0	0.0
	3p	-	68	19.0	12.0	14.0	17.0	62.0	0.0	0.0	0.0	0.0	0.0	0.0	0.0	0.0	0.0	0.0	0.0	0.00.0	0.0	0.0	0.0	0.0	0.0	0.0	0.0	0.0
	3p	-	69	26.0	5.0	13.0	13.0	57.0	0.0	0.0	1.0	1.0	0.0	0.0	0.0	0.0	0.0	0.0	0.0	0.00.0	0.0	0.0	0.0	0.0	0.0	0.0	0.0	0.0
	3p	-	70	20.0	8.0	9.0	15.0	52.0	0.0	0.0	0.0	0.0	0.0	0.0	0.0	1.0	0.0	0.0	0.0	0.00.0	0.0	0.0	0.0	0.0	0.0	0.0	0.0	0.0
	3p	-	71	13.0	11.0	6.0	15.0	45.0	0.0	0.0	0.0	1.0	0.0	1.0	0.0	0.0	0.0	1.0	0.0	0.00.0	0.0	0.0	0.0	0.0	0.0	0.0	0.0	0.0
	3p	-	72	10.0	6.0	15.0	11.0	42.0	0.0	0.0	0.0	0.0	0.0	0.0	0.0	0.0	0.0	0.0	1.0	1.00.0	0.0	0.0	0.0	0.0	0.0	0.0	0.0	0.0
	3p	-	73	15.0	3.0	9.0	10.0	37.0	0.0	0.0	0.0	0.0	0.0	1.0	0.0	0.0	0.0	0.0	0.0	0.00.0	0.0	0.0	0.0	0.0	0.0	0.0	0.0	0.0
	3p	-	74	12.0	4.0	4.0	13.0	33.0	0.0	0.0	0.0	1.0	0.0	0.0	0.0	0.0	0.0	0.0	0.0	0.00.0	0.0	0.0	0.0	0.0	0.0	0.0	0.0	0.0
	3p	-	75	11.0	5.0	2.0	10.0	28.0	0.0	0.0	0.0	0.0	0.0	0.0	0.0	0.0	0.0	2.0	0.0	0.00.0	0.0	0.0	0.0	0.0	0.0	0.0	0.0	0.0
	3p	-	76	11.0	3.0	3.0	9.0	26.0	0.0	0.0	0.0	0.0	0.0	0.0	0.0	0.0	0.0	0.0	0.0	0.00.0	0.0	0.0	0.0	0.0	0.0	0.0	0.0	0.0
	3p	-	77	6.0	2.0	5.0	12.0	25.0	1.0	0.0	0.0	0.0	0.0	0.0	0.0	0.0	1.0	0.0	0.0	0.00.0	0.0	0.0	0.0	0.0	0.0	0.0	0.0	0.0
	3p	-	78	11.0	3.0	3.0	5.0	22.0	0.0	0.0	0.0	0.0	0.0	0.0	0.0	0.0	0.0	0.0	0.0	0.00.0	0.0	0.0	0.0	0.0	0.0	0.0	0.0	0.0
	3p	-	79	6.0	7.0	2.0	7.0	22.0	0.0	0.0	0.0	0.0	0.0	0.0	0.0	0.0	0.0	0.0	0.0	0.00.0	0.0	0.0	0.0	0.0	0.0	0.0	0.0	0.0
	3p	-	80	7.0	5.0	3.0	4.0	19.0	0.0	0.0	0.0	0.0	0.0	0.0	0.0	0.0	0.0	0.0	0.0	0.00.0	0.0	0.0	0.0	0.0	0.0	0.0	0.0	0.0
	3p	-	81	6.0	3.0	2.0	7.0	18.0	0.0	0.0	0.0	0.0	0.0	0.0	0.0	0.0	0.0	0.0	0.0	0.00.0	0.0	0.0	0.0	0.0	0.0	0.0	0.0	0.0
	3p	-	82	8.0	1.0	2.0	2.0	13.0	0.0	0.0	0.0	0.0	0.0	0.0	0.0	0.0	0.0	0.0	0.0	0.00.0	0.0	0.0	0.0	0.0	0.0	0.0	0.0	0.0
	3p	-	83	2.0	1.0	3.0	4.0	10.0	0.0	0.0	0.0	0.0	0.0	0.0	0.0	0.0	0.0	0.0	0.0	0.00.0	0.0	0.0	0.0	0.0	0.0	0.0	0.0	0.0
	3p	-	84	6.0	0.0	0.0	2.0	8.0	0.0	0.0	1.0	0.0	0.0	0.0	0.0	0.0	0.0	0.0	0.0	0.00.0	0.0	0.0	0.0	0.0	0.0	0.0	0.0	0.0
	3p	-	85	4.0	0.0	0.0	1.0	5.0	0.0	0.0	0.0	0.0	0.0	0.0	0.0	0.0	0.0	0.0	0.0	0.00.0	0.0	0.0	0.0	0.0	0.0	0.0	0.0	0.0
	3p	-	86	1.0	1.0	1.0	0.0	3.0	0.0	0.0	0.0	0.0	0.0	0.0	0.0	0.0	0.0	0.0	0.0	0.00.0	0.0	0.0	0.0	0.0	0.0	0.0	0.0	0.0
	3p	-	87	2.0	0.0	0.0	1.0	3.0	0.0	0.0	0.0	0.0	0.0	0.0	0.0	0.0	0.0	0.0	0.0	0.00.0	0.0	0.0	0.0	0.0	0.0	0.0	0.0	0.0
	3p	-	88	0.0	2.0	0.0	1.0	3.0	0.0	0.0	0.0	0.0	0.0	0.0	0.0	0.0	0.0	0.0	0.0	0.00.0	0.0	0.0	0.0	0.0	0.0	0.0	0.0	0.0
	3p	-	89	1.0	0.0	0.0	1.0	2.0	0.0	0.0	0.0	0.0	0.0	0.0	0.0	0.0	0.0	0.0	0.0	0.00.0	0.0	0.0	0.0	0.0	0.0	0.0	0.0	0.0
	3p	-	90	1.0	0.0	0.0	0.0	1.0	0.0	0.0	0.0	0.0	0.0	0.0	0.0	0.0	0.0	0.0	0.0	0.00.0	0.0	0.0	0.0	0.0	0.0	0.0	0.0	0.0
	3p	-	91	0.0	1.0	0.0	0.0	1.0	0.0	0.0	0.0	0.0	0.0	0.0	0.0	0.0	0.0	0.0	0.0	0.00.0	0.0	0.0	0.0	0.0	0.0	0.0	0.0	0.0
	3p	-	92	0.0	0.0	0.0	0.0	0.0	0.0	0.0	0.0	0.0	0.0	0.0	0.0	0.0	0.0	0.0	0.0	0.00.0	0.0	0.0	0.0	0.0	0.0	0.0	0.0	0.0
	3p	-	93	0.0	0.0	0.0	0.0	0.0	0.0	0.0	0.0	0.0	0.0	0.0	0.0	0.0	0.0	0.0	0.0	0.00.0	0.0	0.0	0.0	0.0	0.0	0.0	0.0	0.0
	3p	-	94	0.0	0.0	0.0	0.0	0.0	0.0	0.0	0.0	0.0	0.0	0.0	0.0	0.0	0.0	0.0	0.0	0.00.0	0.0	0.0	0.0	0.0	0.0	0.0	0.0	0.0
	3p	-	95	0.0	0.0	0.0	0.0	0.0	0.0	0.0	0.0	0.0	0.0	0.0	0.0	0.0	0.0	0.0	0.0	0.00.0	0.0	0.0	0.0	0.0	0.0	0.0	0.0	0.0
	3p	-	96	0.0	0.0	0.0	0.0	0.0	0.0	0.0	0.0	0.0	0.0	0.0	0.0	0.0	0.0	0.0	0.0	0.00.0	0.0	0.0	0.0	0.0	0.0	0.0	0.0	0.0
	3p	-	97	0.0	0.0	0.0	0.0	0.0	0.0	0.0	0.0	0.0	0.0	0.0	0.0	0.0	0.0	0.0	0.0	0.00.0	0.0	0.0	0.0	0.0	0.0	0.0	0.0	0.0
	3p	-	98	0.0	0.0	0.0	0.0	0.0	0.0	0.0	0.0	0.0	0.0	0.0	0.0	0.0	0.0	0.0	0.0	0.00.0	0.0	0.0	0.0	0.0	0.0	0.0	0.0	0.0
	3p	-	99	0.0	0.0	0.0	0.0	0.0	0.0	0.0	0.0	0.0	0.0	0.0	0.0	0.0	0.0	0.0	0.0	0.00.0	0.0	0.0	0.0	0.0	0.0	0.0	0.0	0.0
	3p	-	100	0.0	0.0	0.0	0.0	0.0	0.0	0.0	0.0	0.0	0.0	0.0	0.0	0.0	0.0	0.0	0.0	0.00.0	0.0	0.0	0.0	0.0	0.0	0.0	0.0	0.0
	5p	+	1	264.0	184.0	141.0	258.0	847.0	5.0	4.0	3.0	3.0	6.0	4.0	1.0	0.0	1.0	1.0	1.0	1.00.0	0.0	0.0	0.0	0.0	0.0	0.0	0.0	0.0
	5p	+	2	297.0	144.0	151.0	254.0	846.0	1.0	2.0	4.0	4.0	3.0	1.0	1.0	3.0	0.0	1.0	2.0	1.00.0	0.0	0.0	0.0	0.0	0.0	0.0	0.0	0.0
	5p	+	3	286.0	162.0	149.0	248.0	845.0	3.0	2.0	3.0	1.0	2.0	3.0	0.0	2.0	3.0	1.0	0.0	0.00.0	0.0	0.0	0.0	1.0	0.0	0.0	0.0	0.0
	5p	+	4	276.0	172.0	155.0	243.0	846.0	4.0	7.0	4.0	6.0	1.0	3.0	2.0	2.0	3.0	4.0	1.0	1.00.0	0.0	0.0	0.0	0.0	0.0	0.0	1.0	0.0
	5p	+	5	275.0	132.0	147.0	280.0	834.0	3.0	4.0	7.0	3.0	1.0	3.0	0.0	0.0	1.0	5.0	1.0	0.00.0	0.0	0.0	0.0	3.0	0.0	5.0	3.0	0.0
	5p	+	6	253.0	145.0	170.0	262.0	830.0	2.0	3.0	5.0	3.0	3.0	2.0	4.0	2.0	4.0	1.0	6.0	1.00.0	0.0	0.0	0.0	6.0	0.0	5.0	3.0	0.0
	5p	+	7	279.0	164.0	140.0	246.0	829.0	6.0	2.0	5.0	9.0	2.0	3.0	1.0	2.0	3.0	2.0	3.0	0.00.0	0.0	0.0	0.0	3.0	0.0	5.0	7.0	0.0
	5p	+	8	276.0	154.0	124.0	279.0	833.0	2.0	4.0	2.0	5.0	3.0	4.0	1.0	1.0	3.0	1.0	3.0	2.00.0	0.0	0.0	0.0	3.0	0.0	3.0	6.0	0.0
	5p	+	9	303.0	124.0	144.0	267.0	838.0	5.0	3.0	1.0	6.0	2.0	3.0	1.0	0.0	2.0	4.0	1.0	2.00.0	0.0	0.0	0.0	0.0	0.0	4.0	1.0	0.0
	5p	+	10	285.0	150.0	154.0	250.0	839.0	2.0	3.0	4.0	2.0	3.0	4.0	4.0	1.0	0.0	3.0	1.0	1.00.0	0.0	0.0	0.0	2.0	0.0	3.0	2.0	0.0
	5p	+	11	286.0	140.0	142.0	269.0	837.0	1.0	1.0	3.0	3.0	4.0	2.0	2.0	1.0	3.0	3.0	3.0	2.00.0	0.0	0.0	0.0	0.0	0.0	2.0	2.0	0.0
	5p	+	12	285.0	145.0	160.0	252.0	842.0	1.0	3.0	4.0	1.0	5.0	2.0	4.0	3.0	2.0	3.0	0.0	1.00.0	0.0	0.0	0.0	3.0	0.0	0.0	2.0	0.0
	5p	+	13	281.0	170.0	133.0	254.0	838.0	4.0	4.0	6.0	5.0	2.0	3.0	2.0	1.0	5.0	4.0	0.0	2.00.0	0.0	0.0	0.0	2.0	0.0	4.0	2.0	0.0
	5p	+	14	286.0	146.0	159.0	251.0	842.0	1.0	4.0	4.0	2.0	3.0	2.0	1.0	4.0	1.0	4.0	2.0	1.00.0	0.0	0.0	0.0	3.0	0.0	0.0	2.0	0.0
	5p	+	15	262.0	151.0	145.0	277.0	835.0	2.0	4.0	4.0	2.0	2.0	3.0	2.0	1.0	1.0	2.0	3.0	1.00.0	0.0	0.0	0.0	4.0	0.0	2.0	6.0	0.0
	5p	+	16	280.0	158.0	133.0	266.0	837.0	1.0	2.0	3.0	5.0	3.0	6.0	3.0	2.0	1.0	2.0	0.0	3.00.0	0.0	0.0	0.0	3.0	0.0	2.0	4.0	0.0
	5p	+	17	287.0	152.0	153.0	240.0	832.0	1.0	4.0	1.0	2.0	0.0	1.0	2.0	2.0	4.0	1.0	2.0	3.00.0	0.0	0.0	0.0	3.0	0.0	6.0	4.0	0.0
	5p	+	18	289.0	143.0	144.0	259.0	835.0	1.0	7.0	2.0	7.0	3.0	3.0	2.0	3.0	1.0	4.0	1.0	2.00.0	0.0	0.0	0.0	2.0	0.0	4.0	3.0	0.0
	5p	+	19	266.0	167.0	148.0	254.0	835.0	1.0	8.0	5.0	1.0	4.0	2.0	2.0	2.0	1.0	0.0	1.0	3.00.0	0.0	0.0	0.0	5.0	0.0	0.0	2.0	0.0
	5p	+	20	265.0	151.0	156.0	258.0	830.0	2.0	3.0	3.0	4.0	3.0	2.0	1.0	2.0	1.0	1.0	1.0	0.00.0	0.0	0.0	0.0	4.0	0.0	5.0	4.0	0.0
	5p	+	21	292.0	128.0	136.0	276.0	832.0	2.0	4.0	5.0	4.0	3.0	2.0	1.0	3.0	6.0	2.0	5.0	2.00.0	0.0	0.0	0.0	5.0	0.0	2.0	3.0	0.0
	5p	+	22	294.0	137.0	145.0	266.0	842.0	1.0	1.0	3.0	3.0	3.0	1.0	3.0	1.0	4.0	1.0	0.0	1.00.0	0.0	0.0	0.0	2.0	0.0	1.0	1.0	0.0
	5p	+	23	276.0	164.0	125.0	268.0	833.0	3.0	3.0	2.0	3.0	1.0	5.0	0.0	4.0	2.0	1.0	1.0	0.00.0	0.0	0.0	0.0	5.0	0.0	4.0	4.0	0.0
	5p	+	24	305.0	153.0	144.0	236.0	838.0	5.0	5.0	3.0	1.0	6.0	1.0	2.0	2.0	3.0	4.0	2.0	2.00.0	0.0	0.0	0.0	1.0	0.0	1.0	5.0	0.0
	5p	+	25	317.0	152.0	130.0	241.0	840.0	7.0	2.0	5.0	4.0	3.0	0.0	3.0	2.0	1.0	2.0	2.0	1.00.0	0.0	0.0	0.0	2.0	0.0	2.0	2.0	0.0
	5p	+	26	309.0	149.0	137.0	251.0	846.0	2.0	4.0	4.0	5.0	3.0	2.0	0.0	4.0	1.0	1.0	1.0	0.00.0	0.0	0.0	0.0	0.0	0.0	0.0	1.0	0.0
	5p	+	27	300.0	142.0	155.0	248.0	845.0	2.0	2.0	6.0	2.0	1.0	2.0	0.0	1.0	5.0	0.0	3.0	2.00.0	0.0	0.0	0.0	0.0	0.0	0.0	0.0	0.0
	5p	+	28	325.0	161.0	131.0	229.0	846.0	1.0	6.0	1.0	1.0	1.0	3.0	2.0	1.0	2.0	2.0	3.0	0.00.0	0.0	0.0	0.0	0.0	0.0	0.0	0.0	0.0
	5p	+	29	309.0	142.0	145.0	250.0	846.0	4.0	0.0	1.0	3.0	1.0	5.0	0.0	1.0	2.0	3.0	1.0	1.00.0	0.0	0.0	0.0	0.0	0.0	0.0	0.0	0.0
	5p	+	30	313.0	139.0	143.0	251.0	846.0	2.0	8.0	7.0	2.0	4.0	0.0	1.0	2.0	2.0	6.0	3.0	0.00.0	0.0	0.0	0.0	0.0	0.0	1.0	0.0	0.0
	5p	+	31	231.0	107.0	99.0	221.0	658.0	3.0	3.0	1.0	2.0	3.0	2.0	0.0	3.0	0.0	0.0	0.0	2.00.0	0.0	0.0	0.0	0.0	0.0	0.0	0.0	0.0
	5p	+	32	203.0	114.0	78.0	183.0	578.0	3.0	5.0	2.0	1.0	0.0	3.0	2.0	1.0	0.0	0.0	0.0	0.00.0	0.0	0.0	0.0	0.0	0.0	0.0	0.0	0.0
	5p	+	33	183.0	93.0	76.0	179.0	531.0	1.0	2.0	2.0	1.0	1.0	0.0	0.0	2.0	0.0	2.0	1.0	1.00.0	0.0	0.0	0.0	0.0	0.0	0.0	0.0	0.0
	5p	+	34	168.0	95.0	79.0	164.0	506.0	1.0	3.0	2.0	1.0	0.0	0.0	0.0	0.0	0.0	0.0	0.0	1.00.0	0.0	0.0	0.0	1.0	0.0	0.0	0.0	0.0
	5p	+	35	175.0	78.0	82.0	150.0	485.0	0.0	2.0	0.0	1.0	1.0	0.0	0.0	1.0	2.0	1.0	0.0	1.00.0	0.0	0.0	0.0	0.0	0.0	0.0	0.0	0.0
	5p	+	36	161.0	84.0	80.0	144.0	469.0	3.0	1.0	4.0	2.0	0.0	3.0	0.0	0.0	0.0	0.0	0.0	1.00.0	0.0	0.0	0.0	0.0	0.0	0.0	0.0	0.0
	5p	+	37	142.0	95.0	69.0	147.0	453.0	3.0	5.0	0.0	0.0	1.0	0.0	1.0	1.0	2.0	2.0	0.0	0.00.0	0.0	0.0	0.0	0.0	0.0	0.0	0.0	0.0
	5p	+	38	146.0	76.0	73.0	143.0	438.0	1.0	1.0	1.0	0.0	0.0	1.0	0.0	0.0	0.0	0.0	1.0	1.00.0	0.0	0.0	0.0	0.0	0.0	0.0	0.0	0.0
	5p	+	39	153.0	88.0	61.0	123.0	425.0	0.0	3.0	0.0	0.0	0.0	0.0	1.0	0.0	0.0	0.0	0.0	0.00.0	0.0	0.0	0.0	0.0	0.0	0.0	0.0	0.0
	5p	+	40	134.0	80.0	62.0	127.0	403.0	1.0	3.0	3.0	1.0	0.0	0.0	0.0	2.0	0.0	1.0	0.0	1.00.0	0.0	0.0	0.0	0.0	0.0	0.0	0.0	0.0
	5p	+	41	136.0	53.0	67.0	126.0	382.0	2.0	1.0	0.0	1.0	0.0	0.0	1.0	0.0	1.0	0.0	0.0	0.00.0	0.0	0.0	0.0	0.0	0.0	0.0	0.0	0.0
	5p	+	42	136.0	53.0	65.0	105.0	359.0	3.0	2.0	0.0	1.0	0.0	0.0	0.0	1.0	1.0	0.0	0.0	0.00.0	0.0	0.0	0.0	0.0	0.0	0.0	0.0	0.0
	5p	+	43	132.0	62.0	54.0	93.0	341.0	0.0	3.0	3.0	1.0	0.0	0.0	0.0	0.0	0.0	0.0	0.0	0.00.0	0.0	0.0	0.0	0.0	0.0	0.0	0.0	0.0
	5p	+	44	105.0	69.0	46.0	98.0	318.0	0.0	1.0	0.0	0.0	2.0	0.0	0.0	0.0	0.0	1.0	0.0	0.00.0	0.0	0.0	0.0	0.0	0.0	0.0	0.0	0.0
	5p	+	45	106.0	47.0	57.0	97.0	307.0	1.0	0.0	0.0	0.0	0.0	0.0	0.0	0.0	0.0	1.0	0.0	1.00.0	0.0	0.0	0.0	0.0	0.0	0.0	0.0	0.0
	5p	+	46	88.0	41.0	61.0	93.0	283.0	1.0	1.0	0.0	0.0	0.0	0.0	0.0	0.0	1.0	0.0	0.0	0.00.0	0.0	0.0	0.0	0.0	0.0	0.0	0.0	0.0
	5p	+	47	92.0	46.0	43.0	88.0	269.0	1.0	6.0	0.0	0.0	0.0	0.0	0.0	0.0	0.0	0.0	0.0	0.00.0	0.0	0.0	0.0	0.0	0.0	0.0	0.0	0.0
	5p	+	48	83.0	43.0	45.0	79.0	250.0	1.0	2.0	1.0	1.0	0.0	0.0	0.0	0.0	0.0	0.0	0.0	0.00.0	0.0	0.0	0.0	0.0	0.0	0.0	0.0	0.0
	5p	+	49	70.0	38.0	42.0	83.0	233.0	2.0	0.0	0.0	0.0	0.0	0.0	0.0	0.0	0.0	0.0	0.0	0.00.0	0.0	0.0	0.0	0.0	0.0	0.0	0.0	0.0
	5p	+	50	62.0	41.0	38.0	78.0	219.0	0.0	1.0	1.0	4.0	1.0	0.0	0.0	0.0	0.0	0.0	0.0	0.00.0	0.0	0.0	0.0	0.0	0.0	0.0	0.0	0.0
	5p	+	51	77.0	31.0	36.0	67.0	211.0	0.0	0.0	1.0	0.0	0.0	1.0	0.0	1.0	1.0	1.0	1.0	0.00.0	0.0	0.0	0.0	0.0	0.0	0.0	0.0	0.0
	5p	+	52	53.0	32.0	48.0	65.0	198.0	1.0	0.0	1.0	1.0	0.0	1.0	0.0	1.0	0.0	2.0	0.0	0.00.0	0.0	0.0	0.0	0.0	0.0	0.0	0.0	0.0
	5p	+	53	66.0	33.0	38.0	51.0	188.0	1.0	1.0	0.0	2.0	1.0	0.0	0.0	0.0	1.0	0.0	0.0	1.00.0	0.0	0.0	0.0	0.0	0.0	0.0	0.0	0.0
	5p	+	54	59.0	36.0	26.0	55.0	176.0	0.0	2.0	0.0	0.0	1.0	0.0	0.0	0.0	0.0	0.0	0.0	1.00.0	0.0	0.0	0.0	0.0	0.0	0.0	0.0	0.0
	5p	+	55	56.0	33.0	20.0	54.0	163.0	0.0	0.0	0.0	0.0	0.0	1.0	0.0	0.0	0.0	0.0	0.0	0.00.0	0.0	0.0	0.0	0.0	0.0	0.0	0.0	0.0
	5p	+	56	49.0	26.0	26.0	54.0	155.0	0.0	0.0	1.0	0.0	0.0	0.0	0.0	1.0	0.0	0.0	2.0	0.00.0	0.0	0.0	0.0	0.0	0.0	0.0	0.0	0.0
	5p	+	57	44.0	30.0	25.0	49.0	148.0	0.0	0.0	0.0	0.0	0.0	0.0	0.0	0.0	0.0	0.0	0.0	1.00.0	0.0	0.0	0.0	0.0	0.0	0.0	0.0	0.0
	5p	+	58	46.0	26.0	28.0	38.0	138.0	0.0	1.0	0.0	0.0	0.0	0.0	0.0	0.0	0.0	0.0	0.0	0.00.0	0.0	0.0	0.0	0.0	0.0	0.0	0.0	0.0
	5p	+	59	46.0	23.0	18.0	42.0	129.0	1.0	1.0	1.0	0.0	1.0	1.0	0.0	0.0	1.0	0.0	0.0	1.00.0	0.0	0.0	0.0	0.0	0.0	0.0	0.0	0.0
	5p	+	60	33.0	23.0	19.0	49.0	124.0	0.0	1.0	0.0	1.0	1.0	0.0	0.0	0.0	0.0	0.0	0.0	0.00.0	0.0	0.0	0.0	1.0	0.0	0.0	0.0	0.0
	5p	+	61	29.0	22.0	23.0	41.0	115.0	0.0	2.0	1.0	1.0	0.0	0.0	0.0	0.0	0.0	0.0	0.0	1.00.0	0.0	0.0	0.0	1.0	0.0	0.0	0.0	0.0
	5p	+	62	49.0	19.0	17.0	26.0	111.0	1.0	1.0	1.0	1.0	0.0	0.0	0.0	1.0	1.0	0.0	0.0	0.00.0	0.0	0.0	0.0	1.0	0.0	0.0	0.0	0.0
	5p	+	63	32.0	17.0	19.0	37.0	105.0	0.0	1.0	0.0	0.0	0.0	0.0	0.0	0.0	1.0	0.0	0.0	0.00.0	0.0	0.0	0.0	0.0	0.0	0.0	0.0	0.0
	5p	+	64	39.0	16.0	14.0	30.0	99.0	0.0	1.0	0.0	0.0	0.0	0.0	0.0	0.0	0.0	0.0	0.0	0.00.0	0.0	0.0	0.0	0.0	0.0	0.0	0.0	0.0
	5p	+	65	22.0	15.0	18.0	34.0	89.0	0.0	0.0	1.0	1.0	0.0	0.0	0.0	0.0	0.0	0.0	1.0	0.00.0	0.0	0.0	0.0	0.0	0.0	0.0	0.0	0.0
	5p	+	66	28.0	14.0	12.0	23.0	77.0	0.0	0.0	0.0	0.0	0.0	0.0	0.0	0.0	0.0	0.0	0.0	0.00.0	0.0	0.0	0.0	0.0	0.0	0.0	0.0	0.0
	5p	+	67	24.0	11.0	16.0	20.0	71.0	0.0	0.0	0.0	0.0	0.0	0.0	0.0	0.0	0.0	1.0	0.0	0.00.0	0.0	0.0	0.0	0.0	0.0	0.0	0.0	0.0
	5p	+	68	24.0	14.0	8.0	19.0	65.0	0.0	1.0	0.0	0.0	0.0	0.0	0.0	0.0	0.0	0.0	0.0	0.00.0	0.0	0.0	0.0	0.0	0.0	0.0	0.0	0.0
	5p	+	69	18.0	10.0	8.0	23.0	59.0	0.0	0.0	0.0	0.0	0.0	0.0	0.0	0.0	0.0	0.0	0.0	0.00.0	0.0	0.0	0.0	0.0	0.0	0.0	0.0	0.0
	5p	+	70	16.0	13.0	7.0	12.0	48.0	0.0	0.0	0.0	0.0	0.0	0.0	0.0	0.0	0.0	0.0	0.0	0.00.0	0.0	0.0	0.0	0.0	0.0	0.0	0.0	0.0
	5p	+	71	17.0	9.0	5.0	17.0	48.0	0.0	0.0	0.0	0.0	0.0	0.0	0.0	0.0	0.0	0.0	0.0	0.00.0	0.0	0.0	0.0	0.0	0.0	0.0	0.0	0.0
	5p	+	72	11.0	9.0	9.0	16.0	45.0	0.0	0.0	0.0	1.0	0.0	0.0	0.0	0.0	0.0	0.0	0.0	0.00.0	0.0	0.0	0.0	0.0	0.0	0.0	0.0	0.0
	5p	+	73	7.0	6.0	10.0	16.0	39.0	0.0	2.0	1.0	0.0	0.0	0.0	0.0	0.0	0.0	0.0	0.0	0.00.0	0.0	0.0	0.0	0.0	0.0	0.0	0.0	0.0
	5p	+	74	12.0	8.0	6.0	11.0	37.0	0.0	0.0	0.0	0.0	0.0	0.0	0.0	0.0	0.0	0.0	0.0	0.00.0	0.0	0.0	0.0	0.0	0.0	0.0	0.0	0.0
	5p	+	75	16.0	4.0	5.0	9.0	34.0	0.0	0.0	0.0	0.0	0.0	0.0	0.0	0.0	0.0	0.0	0.0	0.00.0	0.0	0.0	0.0	0.0	0.0	0.0	0.0	0.0
	5p	+	76	6.0	6.0	8.0	11.0	31.0	1.0	1.0	0.0	0.0	0.0	1.0	0.0	0.0	0.0	0.0	0.0	0.00.0	0.0	0.0	0.0	0.0	0.0	0.0	0.0	0.0
	5p	+	77	7.0	4.0	4.0	11.0	26.0	0.0	0.0	0.0	0.0	0.0	0.0	0.0	0.0	0.0	0.0	0.0	0.00.0	0.0	0.0	0.0	0.0	0.0	0.0	0.0	0.0
	5p	+	78	9.0	1.0	4.0	9.0	23.0	0.0	0.0	0.0	0.0	1.0	0.0	0.0	0.0	0.0	0.0	0.0	0.00.0	0.0	0.0	0.0	0.0	0.0	0.0	0.0	0.0
	5p	+	79	5.0	5.0	2.0	7.0	19.0	0.0	0.0	0.0	0.0	0.0	0.0	0.0	0.0	0.0	0.0	0.0	0.00.0	0.0	0.0	0.0	0.0	0.0	1.0	0.0	0.0
	5p	+	80	5.0	5.0	2.0	4.0	16.0	0.0	0.0	0.0	0.0	0.0	0.0	0.0	0.0	0.0	0.0	0.0	0.00.0	0.0	0.0	0.0	0.0	0.0	0.0	0.0	0.0
	5p	+	81	6.0	3.0	0.0	5.0	14.0	0.0	0.0	0.0	0.0	0.0	0.0	0.0	0.0	0.0	0.0	0.0	0.00.0	0.0	0.0	0.0	0.0	0.0	0.0	0.0	0.0
	5p	+	82	4.0	1.0	1.0	6.0	12.0	0.0	0.0	0.0	0.0	0.0	0.0	0.0	0.0	0.0	0.0	0.0	0.00.0	0.0	0.0	0.0	0.0	0.0	0.0	0.0	0.0
	5p	+	83	2.0	2.0	5.0	3.0	12.0	0.0	0.0	0.0	0.0	0.0	0.0	0.0	0.0	0.0	0.0	0.0	0.00.0	0.0	0.0	0.0	0.0	0.0	0.0	0.0	0.0
	5p	+	84	3.0	3.0	3.0	3.0	12.0	0.0	0.0	0.0	0.0	0.0	0.0	0.0	0.0	0.0	0.0	0.0	0.00.0	0.0	0.0	0.0	0.0	0.0	0.0	0.0	0.0
	5p	+	85	4.0	3.0	1.0	2.0	10.0	0.0	0.0	0.0	0.0	0.0	0.0	0.0	0.0	1.0	0.0	0.0	0.00.0	0.0	0.0	0.0	0.0	0.0	0.0	0.0	0.0
	5p	+	86	1.0	2.0	1.0	4.0	8.0	0.0	0.0	0.0	0.0	0.0	0.0	0.0	0.0	0.0	0.0	0.0	0.00.0	0.0	0.0	0.0	0.0	0.0	0.0	0.0	0.0
	5p	+	87	2.0	0.0	1.0	2.0	5.0	0.0	0.0	0.0	0.0	0.0	0.0	0.0	0.0	0.0	0.0	0.0	0.00.0	0.0	0.0	0.0	0.0	0.0	0.0	0.0	0.0
	5p	+	88	0.0	2.0	1.0	1.0	4.0	0.0	0.0	0.0	0.0	0.0	0.0	0.0	0.0	0.0	0.0	0.0	0.00.0	0.0	0.0	0.0	0.0	0.0	0.0	0.0	0.0
	5p	+	89	0.0	1.0	1.0	2.0	4.0	0.0	0.0	0.0	0.0	0.0	0.0	0.0	0.0	0.0	0.0	0.0	0.00.0	0.0	0.0	0.0	0.0	0.0	0.0	0.0	0.0
	5p	+	90	1.0	0.0	1.0	0.0	2.0	0.0	0.0	0.0	0.0	0.0	0.0	0.0	0.0	0.0	0.0	0.0	0.00.0	0.0	0.0	0.0	0.0	0.0	0.0	0.0	0.0
	5p	+	91	0.0	0.0	0.0	0.0	0.0	0.0	0.0	0.0	0.0	0.0	0.0	0.0	0.0	0.0	0.0	0.0	0.00.0	0.0	0.0	0.0	0.0	0.0	0.0	0.0	0.0
	5p	+	92	0.0	0.0	0.0	0.0	0.0	0.0	0.0	0.0	0.0	0.0	0.0	0.0	0.0	0.0	0.0	0.0	0.00.0	0.0	0.0	0.0	0.0	0.0	0.0	0.0	0.0
	5p	+	93	0.0	0.0	0.0	0.0	0.0	0.0	0.0	0.0	0.0	0.0	0.0	0.0	0.0	0.0	0.0	0.0	0.00.0	0.0	0.0	0.0	0.0	0.0	0.0	0.0	0.0
	5p	+	94	0.0	0.0	0.0	0.0	0.0	0.0	0.0	0.0	0.0	0.0	0.0	0.0	0.0	0.0	0.0	0.0	0.00.0	0.0	0.0	0.0	0.0	0.0	0.0	0.0	0.0
	5p	+	95	0.0	0.0	0.0	0.0	0.0	0.0	0.0	0.0	0.0	0.0	0.0	0.0	0.0	0.0	0.0	0.0	0.00.0	0.0	0.0	0.0	0.0	0.0	0.0	0.0	0.0
	5p	+	96	0.0	0.0	0.0	0.0	0.0	0.0	0.0	0.0	0.0	0.0	0.0	0.0	0.0	0.0	0.0	0.0	0.00.0	0.0	0.0	0.0	0.0	0.0	0.0	0.0	0.0
	5p	+	97	0.0	0.0	0.0	0.0	0.0	0.0	0.0	0.0	0.0	0.0	0.0	0.0	0.0	0.0	0.0	0.0	0.00.0	0.0	0.0	0.0	0.0	0.0	0.0	0.0	0.0
	5p	+	98	0.0	0.0	0.0	0.0	0.0	0.0	0.0	0.0	0.0	0.0	0.0	0.0	0.0	0.0	0.0	0.0	0.00.0	0.0	0.0	0.0	0.0	0.0	0.0	0.0	0.0
	5p	+	99	0.0	0.0	0.0	0.0	0.0	0.0	0.0	0.0	0.0	0.0	0.0	0.0	0.0	0.0	0.0	0.0	0.00.0	0.0	0.0	0.0	0.0	0.0	0.0	0.0	0.0
	5p	+	100	0.0	0.0	0.0	0.0	0.0	0.0	0.0	0.0	0.0	0.0	0.0	0.0	0.0	0.0	0.0	0.0	0.00.0	0.0	0.0	0.0	0.0	0.0	0.0	0.0	0.0
	5p	-	1	292.0	150.0	126.0	302.0	870.0	2.0	5.0	5.0	3.0	2.0	3.0	4.0	2.0	1.0	3.0	3.0	1.00.0	0.0	0.0	0.0	0.0	0.0	0.0	0.0	0.0
	5p	-	2	322.0	132.0	164.0	252.0	870.0	2.0	4.0	2.0	1.0	1.0	3.0	3.0	0.0	3.0	2.0	0.0	3.00.0	0.0	0.0	0.0	0.0	0.0	0.0	0.0	0.0
	5p	-	3	308.0	143.0	165.0	254.0	870.0	4.0	5.0	4.0	2.0	7.0	1.0	3.0	4.0	5.0	3.0	2.0	4.00.0	0.0	0.0	0.0	0.0	0.0	0.0	0.0	0.0
	5p	-	4	303.0	160.0	158.0	249.0	870.0	1.0	6.0	7.0	5.0	3.0	4.0	3.0	2.0	1.0	6.0	1.0	1.00.0	0.0	0.0	0.0	0.0	0.0	0.0	0.0	0.0
	5p	-	5	250.0	168.0	183.0	255.0	856.0	4.0	5.0	4.0	4.0	5.0	6.0	3.0	0.0	0.0	3.0	1.0	1.00.0	0.0	0.0	0.0	4.0	0.0	4.0	2.0	0.0
	5p	-	6	258.0	169.0	171.0	264.0	862.0	2.0	3.0	4.0	6.0	7.0	3.0	1.0	3.0	2.0	2.0	0.0	0.00.0	0.0	0.0	0.0	2.0	0.0	5.0	1.0	0.0
	5p	-	7	272.0	157.0	161.0	258.0	848.0	6.0	2.0	4.0	5.0	3.0	2.0	3.0	1.0	3.0	3.0	3.0	2.00.0	0.0	0.0	0.0	2.0	0.0	5.0	9.0	0.0
	5p	-	8	309.0	144.0	155.0	245.0	853.0	6.0	6.0	3.0	1.0	0.0	2.0	0.0	3.0	3.0	1.0	3.0	2.00.0	0.0	0.0	0.0	2.0	0.0	5.0	4.0	0.0
	5p	-	9	303.0	151.0	134.0	269.0	857.0	1.0	3.0	4.0	3.0	2.0	2.0	0.0	0.0	5.0	5.0	1.0	0.00.0	0.0	0.0	0.0	4.0	0.0	3.0	5.0	0.0
	5p	-	10	296.0	156.0	138.0	269.0	859.0	5.0	2.0	5.0	5.0	2.0	3.0	1.0	1.0	3.0	2.0	2.0	1.00.0	0.0	0.0	0.0	5.0	0.0	2.0	2.0	0.0
	5p	-	11	302.0	145.0	147.0	266.0	860.0	4.0	3.0	3.0	1.0	3.0	2.0	2.0	1.0	6.0	2.0	3.0	4.00.0	0.0	0.0	0.0	1.0	0.0	3.0	2.0	0.0
	5p	-	12	268.0	173.0	160.0	253.0	854.0	9.0	3.0	5.0	3.0	2.0	1.0	1.0	1.0	3.0	7.0	3.0	4.00.0	0.0	0.0	0.0	2.0	0.0	4.0	2.0	0.0
	5p	-	13	318.0	161.0	137.0	246.0	862.0	3.0	2.0	7.0	4.0	1.0	5.0	3.0	3.0	4.0	3.0	0.0	5.00.0	0.0	0.0	0.0	0.0	0.0	1.0	2.0	0.0
	5p	-	14	288.0	161.0	155.0	255.0	859.0	2.0	4.0	5.0	5.0	2.0	2.0	3.0	2.0	1.0	2.0	3.0	5.00.0	0.0	0.0	0.0	3.0	0.0	3.0	2.0	0.0
	5p	-	15	285.0	144.0	143.0	283.0	855.0	5.0	1.0	4.0	3.0	2.0	4.0	3.0	1.0	1.0	4.0	0.0	0.00.0	0.0	0.0	0.0	3.0	0.0	3.0	7.0	0.0
	5p	-	16	280.0	148.0	153.0	277.0	858.0	6.0	6.0	5.0	3.0	2.0	5.0	2.0	1.0	2.0	0.0	1.0	1.00.0	0.0	0.0	0.0	2.0	0.0	2.0	6.0	0.0
	5p	-	17	290.0	154.0	154.0	265.0	863.0	6.0	2.0	4.0	1.0	0.0	1.0	2.0	3.0	4.0	2.0	1.0	4.00.0	0.0	0.0	0.0	3.0	0.0	1.0	1.0	0.0
	5p	-	18	283.0	154.0	162.0	259.0	858.0	2.0	3.0	4.0	1.0	0.0	4.0	1.0	4.0	6.0	1.0	2.0	1.00.0	0.0	0.0	0.0	1.0	0.0	6.0	4.0	0.0
	5p	-	19	293.0	157.0	145.0	267.0	862.0	4.0	3.0	2.0	3.0	2.0	0.0	0.0	2.0	2.0	3.0	1.0	5.00.0	0.0	0.0	0.0	3.0	0.0	2.0	4.0	0.0
	5p	-	20	289.0	159.0	138.0	273.0	859.0	3.0	3.0	1.0	4.0	2.0	1.0	0.0	0.0	1.0	3.0	2.0	3.00.0	0.0	0.0	0.0	2.0	0.0	8.0	0.0	0.0
	5p	-	21	319.0	150.0	145.0	245.0	859.0	2.0	3.0	3.0	5.0	4.0	3.0	1.0	1.0	3.0	3.0	2.0	1.00.0	0.0	0.0	0.0	3.0	0.0	5.0	1.0	0.0
	5p	-	22	311.0	131.0	157.0	261.0	860.0	4.0	4.0	3.0	5.0	3.0	1.0	3.0	3.0	2.0	1.0	0.0	1.00.0	0.0	0.0	0.0	2.0	0.0	5.0	0.0	0.0
	5p	-	23	276.0	151.0	134.0	293.0	854.0	4.0	4.0	5.0	1.0	2.0	4.0	3.0	0.0	3.0	3.0	0.0	2.00.0	0.0	0.0	0.0	4.0	0.0	2.0	6.0	0.0
	5p	-	24	318.0	149.0	150.0	239.0	856.0	2.0	9.0	5.0	3.0	1.0	2.0	2.0	4.0	0.0	0.0	2.0	3.00.0	0.0	0.0	0.0	4.0	0.0	2.0	5.0	0.0
	5p	-	25	307.0	158.0	152.0	244.0	861.0	1.0	2.0	5.0	2.0	1.0	3.0	1.0	4.0	3.0	1.0	2.0	0.00.0	0.0	0.0	0.0	7.0	0.0	2.0	1.0	0.0
	5p	-	26	320.0	147.0	123.0	281.0	871.0	0.0	3.0	5.0	4.0	3.0	3.0	1.0	0.0	4.0	3.0	1.0	1.00.0	0.0	0.0	0.0	0.0	0.0	0.0	0.0	0.0
	5p	-	27	312.0	135.0	156.0	264.0	867.0	4.0	2.0	3.0	4.0	1.0	2.0	1.0	3.0	2.0	1.0	2.0	2.00.0	0.0	0.0	0.0	2.0	0.0	1.0	1.0	0.0
	5p	-	28	320.0	141.0	143.0	267.0	871.0	4.0	1.0	5.0	3.0	2.0	3.0	0.0	3.0	0.0	2.0	1.0	3.00.0	0.0	0.0	0.0	0.0	0.0	0.0	0.0	0.0
	5p	-	29	293.0	166.0	133.0	277.0	869.0	3.0	2.0	2.0	5.0	1.0	1.0	1.0	4.0	2.0	3.0	1.0	1.00.0	0.0	0.0	0.0	1.0	0.0	0.0	1.0	0.0
	5p	-	30	319.0	148.0	135.0	269.0	871.0	4.0	1.0	3.0	3.0	3.0	1.0	3.0	3.0	0.0	4.0	1.0	0.00.0	0.0	0.0	0.0	0.0	0.0	0.0	0.0	0.0
	5p	-	31	248.0	136.0	100.0	209.0	693.0	1.0	4.0	2.0	4.0	0.0	1.0	0.0	1.0	0.0	4.0	1.0	0.00.0	0.0	0.0	0.0	0.0	0.0	0.0	0.0	0.0
	5p	-	32	222.0	97.0	89.0	197.0	605.0	3.0	3.0	2.0	1.0	1.0	0.0	1.0	0.0	1.0	1.0	0.0	3.00.0	0.0	0.0	0.0	1.0	0.0	0.0	0.0	0.0
	5p	-	33	214.0	93.0	89.0	172.0	568.0	1.0	2.0	4.0	0.0	0.0	1.0	0.0	0.0	0.0	2.0	2.0	1.00.0	0.0	0.0	0.0	0.0	0.0	0.0	0.0	0.0
	5p	-	34	199.0	79.0	100.0	167.0	545.0	1.0	2.0	2.0	0.0	0.0	1.0	0.0	0.0	1.0	2.0	0.0	1.00.0	0.0	0.0	0.0	0.0	0.0	0.0	0.0	0.0
	5p	-	35	201.0	89.0	92.0	146.0	528.0	1.0	3.0	4.0	0.0	1.0	1.0	0.0	1.0	0.0	0.0	0.0	1.00.0	0.0	0.0	0.0	0.0	0.0	0.0	0.0	0.0
	5p	-	36	191.0	85.0	71.0	158.0	505.0	1.0	0.0	5.0	2.0	1.0	0.0	1.0	2.0	0.0	1.0	0.0	0.00.0	0.0	0.0	0.0	0.0	0.0	0.0	0.0	0.0
	5p	-	37	165.0	74.0	97.0	148.0	484.0	0.0	3.0	1.0	2.0	0.0	1.0	0.0	2.0	1.0	0.0	0.0	1.00.0	0.0	0.0	0.0	0.0	0.0	0.0	0.0	0.0
	5p	-	38	168.0	69.0	72.0	153.0	462.0	1.0	1.0	0.0	0.0	0.0	1.0	1.0	1.0	0.0	0.0	0.0	1.00.0	0.0	0.0	0.0	0.0	0.0	0.0	0.0	0.0
	5p	-	39	172.0	86.0	63.0	109.0	430.0	2.0	6.0	1.0	2.0	0.0	0.0	0.0	0.0	0.0	1.0	0.0	0.00.0	0.0	0.0	0.0	0.0	0.0	0.0	0.0	0.0
	5p	-	40	164.0	62.0	77.0	110.0	413.0	2.0	2.0	1.0	1.0	0.0	0.0	0.0	1.0	0.0	1.0	0.0	0.00.0	0.0	0.0	0.0	0.0	0.0	0.0	0.0	0.0
	5p	-	41	154.0	71.0	72.0	106.0	403.0	2.0	3.0	3.0	0.0	0.0	0.0	0.0	0.0	1.0	0.0	0.0	1.00.0	0.0	0.0	0.0	0.0	0.0	0.0	0.0	0.0
	5p	-	42	128.0	62.0	69.0	126.0	385.0	0.0	0.0	0.0	1.0	0.0	1.0	0.0	0.0	0.0	0.0	0.0	1.00.0	0.0	0.0	0.0	0.0	0.0	0.0	0.0	0.0
	5p	-	43	139.0	60.0	54.0	117.0	370.0	0.0	2.0	2.0	1.0	0.0	1.0	0.0	0.0	0.0	0.0	0.0	1.00.0	0.0	0.0	0.0	0.0	0.0	0.0	0.0	0.0
	5p	-	44	131.0	67.0	50.0	95.0	343.0	1.0	2.0	3.0	0.0	1.0	2.0	1.0	0.0	0.0	1.0	0.0	0.00.0	0.0	0.0	0.0	0.0	0.0	0.0	0.0	0.0
	5p	-	45	106.0	62.0	48.0	109.0	325.0	1.0	2.0	3.0	1.0	0.0	1.0	0.0	2.0	0.0	0.0	0.0	1.00.0	0.0	0.0	0.0	0.0	0.0	0.0	0.0	0.0
	5p	-	46	107.0	54.0	53.0	92.0	306.0	2.0	3.0	0.0	3.0	0.0	0.0	0.0	1.0	0.0	0.0	0.0	1.00.0	0.0	0.0	0.0	0.0	0.0	0.0	0.0	0.0
	5p	-	47	106.0	46.0	52.0	83.0	287.0	2.0	3.0	2.0	1.0	1.0	0.0	0.0	0.0	0.0	0.0	0.0	1.00.0	0.0	0.0	0.0	0.0	0.0	0.0	0.0	0.0
	5p	-	48	101.0	51.0	40.0	80.0	272.0	1.0	2.0	1.0	2.0	0.0	1.0	0.0	1.0	0.0	0.0	0.0	0.00.0	0.0	0.0	0.0	0.0	0.0	0.0	0.0	0.0
	5p	-	49	89.0	27.0	53.0	84.0	253.0	1.0	1.0	2.0	0.0	1.0	1.0	0.0	1.0	0.0	0.0	1.0	1.00.0	0.0	0.0	0.0	0.0	0.0	0.0	0.0	0.0
	5p	-	50	79.0	33.0	42.0	85.0	239.0	0.0	4.0	0.0	0.0	0.0	2.0	0.0	1.0	3.0	1.0	0.0	1.00.0	0.0	0.0	0.0	0.0	0.0	0.0	0.0	0.0
	5p	-	51	80.0	39.0	34.0	68.0	221.0	0.0	0.0	1.0	0.0	0.0	0.0	1.0	0.0	0.0	1.0	0.0	1.00.0	0.0	0.0	0.0	0.0	0.0	0.0	0.0	0.0
	5p	-	52	69.0	30.0	42.0	61.0	202.0	2.0	1.0	0.0	0.0	0.0	0.0	0.0	0.0	0.0	1.0	0.0	1.00.0	0.0	0.0	0.0	0.0	0.0	0.0	0.0	0.0
	5p	-	53	65.0	38.0	34.0	55.0	192.0	0.0	2.0	0.0	0.0	0.0	1.0	0.0	0.0	1.0	0.0	1.0	0.00.0	0.0	0.0	0.0	0.0	0.0	0.0	0.0	0.0
	5p	-	54	63.0	31.0	30.0	54.0	178.0	1.0	3.0	1.0	1.0	2.0	0.0	0.0	1.0	0.0	0.0	0.0	0.00.0	0.0	0.0	0.0	0.0	0.0	0.0	0.0	0.0
	5p	-	55	58.0	33.0	21.0	53.0	165.0	1.0	0.0	0.0	0.0	1.0	0.0	0.0	1.0	2.0	0.0	0.0	0.00.0	0.0	0.0	0.0	0.0	0.0	0.0	0.0	0.0
	5p	-	56	55.0	23.0	19.0	53.0	150.0	0.0	0.0	2.0	0.0	1.0	1.0	0.0	0.0	0.0	0.0	0.0	1.00.0	0.0	0.0	0.0	0.0	0.0	0.0	0.0	0.0
	5p	-	57	48.0	23.0	30.0	42.0	143.0	1.0	0.0	2.0	0.0	0.0	0.0	0.0	0.0	0.0	0.0	0.0	1.00.0	0.0	0.0	0.0	0.0	0.0	0.0	0.0	0.0
	5p	-	58	51.0	19.0	17.0	47.0	134.0	1.0	0.0	1.0	1.0	0.0	0.0	1.0	0.0	0.0	1.0	0.0	0.00.0	0.0	0.0	0.0	0.0	0.0	0.0	0.0	0.0
	5p	-	59	44.0	24.0	18.0	40.0	126.0	0.0	1.0	1.0	0.0	0.0	0.0	0.0	0.0	0.0	0.0	1.0	0.00.0	0.0	0.0	0.0	0.0	0.0	0.0	0.0	0.0
	5p	-	60	41.0	16.0	18.0	41.0	116.0	0.0	0.0	0.0	0.0	0.0	0.0	0.0	0.0	0.0	0.0	0.0	0.00.0	0.0	0.0	0.0	0.0	0.0	0.0	0.0	0.0
	5p	-	61	31.0	17.0	23.0	34.0	105.0	0.0	2.0	1.0	0.0	0.0	1.0	0.0	0.0	0.0	0.0	0.0	0.00.0	0.0	0.0	0.0	0.0	0.0	0.0	0.0	0.0
	5p	-	62	37.0	11.0	18.0	33.0	99.0	1.0	1.0	0.0	0.0	0.0	1.0	1.0	0.0	0.0	0.0	0.0	0.00.0	0.0	0.0	0.0	0.0	0.0	0.0	0.0	0.0
	5p	-	63	40.0	16.0	12.0	24.0	92.0	0.0	2.0	0.0	1.0	0.0	0.0	0.0	0.0	0.0	0.0	0.0	0.00.0	0.0	0.0	0.0	0.0	0.0	0.0	0.0	0.0
	5p	-	64	28.0	8.0	20.0	25.0	81.0	0.0	1.0	0.0	0.0	0.0	1.0	0.0	0.0	0.0	0.0	0.0	0.00.0	0.0	0.0	0.0	0.0	0.0	0.0	0.0	0.0
	5p	-	65	21.0	14.0	13.0	29.0	77.0	0.0	1.0	0.0	0.0	0.0	0.0	0.0	0.0	0.0	0.0	0.0	0.00.0	0.0	0.0	0.0	0.0	0.0	0.0	0.0	0.0
	5p	-	66	23.0	14.0	5.0	25.0	67.0	0.0	1.0	0.0	0.0	0.0	0.0	0.0	0.0	0.0	0.0	1.0	0.00.0	0.0	0.0	0.0	0.0	0.0	0.0	0.0	0.0
	5p	-	67	16.0	9.0	14.0	24.0	63.0	1.0	0.0	0.0	0.0	0.0	0.0	0.0	0.0	0.0	0.0	0.0	1.00.0	0.0	0.0	0.0	0.0	0.0	0.0	0.0	0.0
	5p	-	68	20.0	9.0	6.0	27.0	62.0	0.0	0.0	0.0	0.0	0.0	0.0	0.0	1.0	0.0	0.0	0.0	0.00.0	0.0	0.0	0.0	0.0	0.0	0.0	0.0	0.0
	5p	-	69	12.0	16.0	12.0	17.0	57.0	1.0	2.0	0.0	0.0	0.0	0.0	1.0	0.0	0.0	0.0	0.0	0.00.0	0.0	0.0	0.0	0.0	0.0	0.0	0.0	0.0
	5p	-	70	19.0	5.0	14.0	14.0	52.0	0.0	0.0	0.0	0.0	0.0	0.0	0.0	0.0	0.0	1.0	0.0	0.00.0	0.0	0.0	0.0	0.0	0.0	0.0	0.0	0.0
	5p	-	71	19.0	9.0	8.0	9.0	45.0	0.0	1.0	0.0	0.0	0.0	0.0	0.0	0.0	0.0	0.0	0.0	0.00.0	0.0	0.0	0.0	0.0	0.0	0.0	0.0	0.0
	5p	-	72	17.0	5.0	4.0	16.0	42.0	0.0	1.0	0.0	0.0	0.0	0.0	0.0	0.0	0.0	0.0	0.0	0.00.0	0.0	0.0	0.0	0.0	0.0	0.0	0.0	0.0
	5p	-	73	11.0	3.0	12.0	11.0	37.0	1.0	0.0	0.0	0.0	0.0	0.0	0.0	0.0	0.0	0.0	0.0	0.00.0	0.0	0.0	0.0	0.0	0.0	0.0	0.0	0.0
	5p	-	74	12.0	6.0	3.0	12.0	33.0	0.0	0.0	0.0	0.0	0.0	0.0	0.0	0.0	0.0	0.0	0.0	0.00.0	0.0	0.0	0.0	0.0	0.0	0.0	0.0	0.0
	5p	-	75	7.0	7.0	3.0	11.0	28.0	0.0	1.0	0.0	0.0	0.0	0.0	0.0	0.0	0.0	0.0	0.0	0.00.0	0.0	0.0	0.0	0.0	0.0	0.0	0.0	0.0
	5p	-	76	11.0	2.0	2.0	11.0	26.0	0.0	0.0	0.0	0.0	0.0	0.0	0.0	0.0	0.0	0.0	0.0	0.00.0	0.0	0.0	0.0	0.0	0.0	0.0	0.0	0.0
	5p	-	77	13.0	4.0	3.0	5.0	25.0	0.0	0.0	0.0	0.0	0.0	0.0	0.0	0.0	0.0	0.0	0.0	0.00.0	0.0	0.0	0.0	0.0	0.0	0.0	0.0	0.0
	5p	-	78	10.0	4.0	1.0	7.0	22.0	0.0	0.0	0.0	0.0	0.0	0.0	0.0	0.0	0.0	0.0	0.0	0.00.0	0.0	0.0	0.0	0.0	0.0	0.0	0.0	0.0
	5p	-	79	12.0	2.0	2.0	6.0	22.0	0.0	0.0	0.0	0.0	0.0	0.0	0.0	0.0	0.0	0.0	0.0	0.00.0	0.0	0.0	0.0	0.0	0.0	0.0	0.0	0.0
	5p	-	80	9.0	1.0	4.0	5.0	19.0	1.0	1.0	0.0	0.0	0.0	0.0	0.0	0.0	0.0	0.0	0.0	0.00.0	0.0	0.0	0.0	0.0	0.0	0.0	0.0	0.0
	5p	-	81	7.0	4.0	1.0	6.0	18.0	0.0	0.0	0.0	0.0	0.0	0.0	0.0	0.0	0.0	0.0	0.0	1.00.0	0.0	0.0	0.0	0.0	0.0	0.0	0.0	0.0
	5p	-	82	6.0	2.0	1.0	4.0	13.0	0.0	0.0	0.0	0.0	0.0	0.0	0.0	0.0	0.0	0.0	0.0	0.00.0	0.0	0.0	0.0	0.0	0.0	0.0	0.0	0.0
	5p	-	83	3.0	2.0	1.0	4.0	10.0	0.0	0.0	0.0	0.0	0.0	0.0	0.0	0.0	0.0	0.0	0.0	0.00.0	0.0	0.0	0.0	0.0	0.0	0.0	0.0	0.0
	5p	-	84	3.0	1.0	1.0	3.0	8.0	0.0	1.0	0.0	0.0	0.0	0.0	0.0	0.0	0.0	0.0	0.0	0.00.0	0.0	0.0	0.0	0.0	0.0	0.0	0.0	0.0
	5p	-	85	3.0	0.0	0.0	2.0	5.0	0.0	0.0	0.0	0.0	0.0	0.0	0.0	0.0	0.0	0.0	0.0	0.00.0	0.0	0.0	0.0	0.0	0.0	0.0	0.0	0.0
	5p	-	86	1.0	0.0	0.0	2.0	3.0	0.0	0.0	0.0	0.0	0.0	0.0	0.0	0.0	0.0	0.0	0.0	0.00.0	0.0	0.0	0.0	0.0	0.0	0.0	0.0	0.0
	5p	-	87	2.0	0.0	0.0	1.0	3.0	0.0	0.0	0.0	0.0	0.0	0.0	0.0	0.0	0.0	0.0	0.0	0.00.0	0.0	0.0	0.0	0.0	0.0	0.0	0.0	0.0
	5p	-	88	1.0	0.0	1.0	1.0	3.0	0.0	0.0	0.0	0.0	0.0	0.0	0.0	0.0	0.0	0.0	0.0	0.00.0	0.0	0.0	0.0	0.0	0.0	0.0	0.0	0.0
	5p	-	89	0.0	0.0	1.0	1.0	2.0	0.0	0.0	0.0	0.0	0.0	0.0	0.0	0.0	0.0	0.0	0.0	0.00.0	0.0	0.0	0.0	0.0	0.0	0.0	0.0	0.0
	5p	-	90	1.0	0.0	0.0	0.0	1.0	0.0	0.0	0.0	0.0	0.0	0.0	0.0	0.0	0.0	0.0	0.0	0.00.0	0.0	0.0	0.0	0.0	0.0	0.0	0.0	0.0
	5p	-	91	1.0	0.0	0.0	0.0	1.0	0.0	0.0	0.0	0.0	0.0	0.0	0.0	0.0	0.0	0.0	0.0	0.00.0	0.0	0.0	0.0	0.0	0.0	0.0	0.0	0.0
	5p	-	92	0.0	0.0	0.0	0.0	0.0	0.0	0.0	0.0	0.0	0.0	0.0	0.0	0.0	0.0	0.0	0.0	0.00.0	0.0	0.0	0.0	0.0	0.0	0.0	0.0	0.0
	5p	-	93	0.0	0.0	0.0	0.0	0.0	0.0	0.0	0.0	0.0	0.0	0.0	0.0	0.0	0.0	0.0	0.0	0.00.0	0.0	0.0	0.0	0.0	0.0	0.0	0.0	0.0
	5p	-	94	0.0	0.0	0.0	0.0	0.0	0.0	0.0	0.0	0.0	0.0	0.0	0.0	0.0	0.0	0.0	0.0	0.00.0	0.0	0.0	0.0	0.0	0.0	0.0	0.0	0.0
	5p	-	95	0.0	0.0	0.0	0.0	0.0	0.0	0.0	0.0	0.0	0.0	0.0	0.0	0.0	0.0	0.0	0.0	0.00.0	0.0	0.0	0.0	0.0	0.0	0.0	0.0	0.0
	5p	-	96	0.0	0.0	0.0	0.0	0.0	0.0	0.0	0.0	0.0	0.0	0.0	0.0	0.0	0.0	0.0	0.0	0.00.0	0.0	0.0	0.0	0.0	0.0	0.0	0.0	0.0
	5p	-	97	0.0	0.0	0.0	0.0	0.0	0.0	0.0	0.0	0.0	0.0	0.0	0.0	0.0	0.0	0.0	0.0	0.00.0	0.0	0.0	0.0	0.0	0.0	0.0	0.0	0.0
	5p	-	98	0.0	0.0	0.0	0.0	0.0	0.0	0.0	0.0	0.0	0.0	0.0	0.0	0.0	0.0	0.0	0.0	0.00.0	0.0	0.0	0.0	0.0	0.0	0.0	0.0	0.0
	5p	-	99	0.0	0.0	0.0	0.0	0.0	0.0	0.0	0.0	0.0	0.0	0.0	0.0	0.0	0.0	0.0	0.0	0.00.0	0.0	0.0	0.0	0.0	0.0	0.0	0.0	0.0
	5p	-	100	0.0	0.0	0.0	0.0	0.0	0.0	0.0	0.0	0.0	0.0	0.0	0.0	0.0	0.0	0.0	0.0	0.00.0	0.0	0.0	0.0	0.0	0.0	0.0	0.0	0.0
