# table produced by DamageProfiler
# using mapped file ToA002.ElandCommon_Human_nc.Target.rmdup.noMicro.bam
# Sample ID: ToA002.ElandCommon_Human_nc.Target.rmdup.noMicro.bam
Pos	C>T	G>A	A>C	A>G	A>T	C>A	C>G	G>C	G>T	T>A	T>C	T>G	->ACGT	ACGT>-
24	0.018605	0.015625	0.004464	0.004464	0.002232	0.009302	0.000000	0.020833	0.026042	0.011019	0.011019	0.016529	0.018062	0.000000
23	0.019417	0.020942	0.015251	0.008715	0.008715	0.009709	0.014563	0.005236	0.015707	0.000000	0.011080	0.005540	0.023007	0.000000
22	0.031088	0.015000	0.013216	0.019824	0.004405	0.010363	0.010363	0.010000	0.015000	0.020997	0.010499	0.002625	0.015472	0.000000
21	0.005051	0.009346	0.007009	0.007009	0.009346	0.015152	0.000000	0.009346	0.009346	0.010309	0.010309	0.005155	0.013029	0.000000
20	0.008969	0.013514	0.007335	0.012225	0.000000	0.008969	0.004484	0.004505	0.018018	0.008152	0.010870	0.010870	0.019640	0.000000
19	0.000000	0.018100	0.006912	0.004608	0.004608	0.015228	0.005076	0.009050	0.009050	0.008287	0.002762	0.013812	0.027183	0.000000
18	0.009132	0.019512	0.006818	0.011364	0.013636	0.018265	0.013699	0.000000	0.000000	0.005814	0.011628	0.014535	0.029801	0.000000
17	0.013761	0.004673	0.004435	0.006652	0.006652	0.013761	0.013761	0.023364	0.014019	0.027108	0.012048	0.009036	0.024691	0.000000
16	0.014151	0.018957	0.009390	0.004695	0.004695	0.004717	0.004717	0.037915	0.018957	0.002703	0.008108	0.010811	0.022970	0.000000
15	0.008547	0.000000	0.004938	0.022222	0.017284	0.012821	0.021368	0.041667	0.018519	0.008264	0.005510	0.002755	0.024631	0.000000
14	0.013514	0.014085	0.000000	0.009174	0.002294	0.000000	0.009009	0.009390	0.023474	0.017045	0.031250	0.005682	0.020442	0.000000
13	0.017699	0.010152	0.007059	0.002353	0.004706	0.013274	0.008850	0.005076	0.015228	0.010667	0.008000	0.010667	0.024530	0.000000
12	0.005155	0.012876	0.006944	0.002315	0.004630	0.005155	0.000000	0.012876	0.012876	0.008333	0.002778	0.005556	0.022970	0.000000
11	0.009569	0.005263	0.008889	0.008889	0.004444	0.009569	0.004785	0.000000	0.015789	0.005450	0.019074	0.005450	0.028783	0.000000
10	0.017316	0.023923	0.004425	0.006637	0.008850	0.008658	0.004329	0.009569	0.009569	0.014793	0.008876	0.005917	0.017073	0.000000
9	0.009901	0.014563	0.011038	0.011038	0.017660	0.004950	0.019802	0.009709	0.024272	0.010989	0.024725	0.002747	0.016327	0.000000
8	0.016216	0.009569	0.008621	0.008621	0.004310	0.016216	0.021622	0.009569	0.009569	0.016438	0.010959	0.010959	0.017171	0.000000
7	0.014151	0.014423	0.004425	0.008850	0.004425	0.009434	0.018868	0.009615	0.004808	0.002865	0.011461	0.011461	0.022113	0.000000
6	0.014286	0.009662	0.004292	0.008584	0.010730	0.009524	0.009524	0.019324	0.000000	0.017493	0.005831	0.000000	0.022838	0.000000
5	0.005556	0.013453	0.004049	0.004049	0.010121	0.022222	0.005556	0.008969	0.008969	0.008850	0.005900	0.014749	0.014563	0.000000
4	0.004484	0.000000	0.000000	0.013699	0.011742	0.022422	0.017937	0.028302	0.014151	0.016447	0.009868	0.006579	0.003200	0.000000
3	0.034146	0.018692	0.009785	0.005871	0.013699	0.000000	0.000000	0.000000	0.023364	0.009231	0.015385	0.006154	0.000797	0.000000
2	0.008850	0.016064	0.006211	0.008282	0.006211	0.013274	0.013274	0.004016	0.012048	0.020202	0.026936	0.010101	0.000797	0.000000
1	0.029046	0.028708	0.011236	0.005618	0.005618	0.012448	0.012448	0.023923	0.009569	0.018315	0.010989	0.014652	0.000000	0.000000
0	0.122642	0.024155	0.007767	0.011650	0.005825	0.018868	0.004717	0.004831	0.014493	0.027950	0.003106	0.024845	0.000000	0.000000
