# table produced by DamageProfiler
# using mapped file ToA002.ElandCommon_Human_nc.Target.rmdup.noMicro.bam
# Sample ID: ToA002.ElandCommon_Human_nc.Target.rmdup.noMicro.bam
Chr	End	Std	Pos	A	C	G	T	Total
	3p	+	1	263	100	115	130	608
	3p	+	2	264	122	96	126	608
	3p	+	3	237	121	120	130	608
	3p	+	4	240	100	97	171	608
	3p	+	5	246	118	100	144	608
	3p	+	6	244	91	114	159	608
	3p	+	7	237	110	99	162	608
	3p	+	8	244	101	110	153	608
	3p	+	9	234	91	117	166	608
	3p	+	10	225	100	105	178	608
	3p	+	11	223	113	109	163	608
	3p	+	12	224	104	106	174	608
	3p	+	13	207	114	110	177	608
	3p	+	14	208	119	94	187	608
	3p	+	15	212	125	103	168	608
	3p	+	16	209	119	101	179	608
	3p	+	17	203	120	102	183	608
	3p	+	18	220	115	103	170	608
	3p	+	19	218	117	112	161	608
	3p	+	20	222	106	112	168	608
	3p	+	21	209	121	117	161	608
	3p	+	22	200	111	103	194	608
	3p	+	23	223	97	107	181	608
	3p	+	24	237	104	104	163	608
	3p	+	25	235	107	100	166	608
	3p	+	26	192	121	115	180	608
	3p	+	27	200	130	109	169	608
	3p	+	28	211	119	97	181	608
	3p	+	29	191	115	126	176	608
	3p	+	30	184	120	124	180	608
	3p	+	31	140	78	79	109	406
	3p	+	32	113	49	61	85	308
	3p	+	33	80	55	52	64	251
	3p	+	34	78	45	36	67	226
	3p	+	35	74	49	34	53	210
	3p	+	36	53	39	35	67	194
	3p	+	37	57	33	36	54	180
	3p	+	38	54	37	38	47	176
	3p	+	39	49	31	37	50	167
	3p	+	40	43	28	46	39	156
	3p	+	41	47	30	26	46	149
	3p	+	42	42	23	36	36	137
	3p	+	43	38	25	25	39	127
	3p	+	44	32	21	15	46	114
	3p	+	45	29	21	22	30	102
	3p	+	46	25	11	23	32	91
	3p	+	47	33	13	14	24	84
	3p	+	48	23	13	13	21	70
	3p	+	49	23	12	11	19	65
	3p	+	50	17	13	14	18	62
	3p	+	51	25	11	6	18	60
	3p	+	52	18	14	10	15	57
	3p	+	53	12	10	13	19	54
	3p	+	54	17	8	8	17	50
	3p	+	55	16	8	6	16	46
	3p	+	56	7	8	7	16	38
	3p	+	57	14	6	9	5	34
	3p	+	58	10	4	5	13	32
	3p	+	59	14	1	6	10	31
	3p	+	60	15	3	3	8	29
	3p	+	61	4	8	3	14	29
	3p	+	62	8	7	3	7	25
	3p	+	63	8	3	3	7	21
	3p	+	64	4	6	5	5	20
	3p	+	65	6	4	3	5	18
	3p	+	66	3	1	2	11	17
	3p	+	67	6	3	3	3	15
	3p	+	68	4	2	5	2	13
	3p	+	69	2	5	1	4	12
	3p	+	70	4	1	1	6	12
	3p	+	71	4	1	1	6	12
	3p	+	72	2	2	0	6	10
	3p	+	73	1	1	2	4	8
	3p	+	74	2	0	2	3	7
	3p	+	75	5	0	1	1	7
	3p	+	76	2	2	0	2	6
	3p	+	77	2	1	1	1	5
	3p	+	78	2	2	0	1	5
	3p	+	79	1	0	0	3	4
	3p	+	80	1	1	1	1	4
	3p	+	81	1	0	1	2	4
	3p	+	82	1	1	1	1	4
	3p	+	83	1	0	1	2	4
	3p	+	84	0	0	2	2	4
	3p	+	85	1	1	0	1	3
	3p	+	86	1	0	0	2	3
	3p	+	87	1	0	0	2	3
	3p	+	88	0	1	0	1	2
	3p	+	89	0	0	1	0	1
	3p	+	90	1	0	0	0	1
	3p	+	91	0	0	0	1	1
	3p	+	92	0	0	0	1	1
	3p	+	93	0	0	0	1	1
	3p	+	94	1	0	0	0	1
	3p	+	95	1	0	0	0	1
	3p	+	96	0	1	0	0	1
	3p	+	97	0	0	0	1	1
	3p	+	98	0	0	1	0	1
	3p	+	99	0	0	0	1	1
	3p	+	100	0	1	0	0	1
	3p	-	1	257	89	100	207	653
	3p	-	2	274	120	112	147	653
	3p	-	3	251	110	133	159	653
	3p	-	4	266	110	113	164	653
	3p	-	5	266	106	117	164	653
	3p	-	6	257	100	113	183	653
	3p	-	7	233	114	121	185	653
	3p	-	8	216	121	113	203	653
	3p	-	9	236	102	107	208	653
	3p	-	10	223	118	112	200	653
	3p	-	11	239	125	106	183	653
	3p	-	12	235	126	96	196	653
	3p	-	13	237	100	123	193	653
	3p	-	14	233	111	118	191	653
	3p	-	15	239	117	114	183	653
	3p	-	16	194	134	125	200	653
	3p	-	17	234	106	113	200	653
	3p	-	18	247	122	118	166	653
	3p	-	19	226	112	120	195	653
	3p	-	20	230	111	115	197	653
	3p	-	21	213	114	115	211	653
	3p	-	22	236	99	116	202	653
	3p	-	23	231	112	102	208	653
	3p	-	24	228	116	97	212	653
	3p	-	25	228	118	101	206	653
	3p	-	26	234	113	116	190	653
	3p	-	27	227	112	115	199	653
	3p	-	28	215	109	133	196	653
	3p	-	29	238	128	91	196	653
	3p	-	30	214	145	122	172	653
	3p	-	31	145	64	76	143	428
	3p	-	32	107	64	61	105	337
	3p	-	33	95	58	44	86	283
	3p	-	34	88	44	40	85	257
	3p	-	35	77	40	48	74	239
	3p	-	36	68	33	55	64	220
	3p	-	37	68	38	41	56	203
	3p	-	38	61	37	33	62	193
	3p	-	39	59	34	29	60	182
	3p	-	40	44	31	38	53	166
	3p	-	41	53	26	29	43	151
	3p	-	42	48	28	30	36	142
	3p	-	43	40	17	21	46	124
	3p	-	44	38	27	19	30	114
	3p	-	45	25	18	29	31	103
	3p	-	46	34	16	13	34	97
	3p	-	47	20	17	18	31	86
	3p	-	48	25	15	13	27	80
	3p	-	49	21	19	13	25	78
	3p	-	50	17	16	10	26	69
	3p	-	51	16	12	12	22	62
	3p	-	52	12	14	9	19	54
	3p	-	53	13	12	9	16	50
	3p	-	54	12	10	13	13	48
	3p	-	55	13	5	11	18	47
	3p	-	56	13	6	11	10	40
	3p	-	57	12	6	10	8	36
	3p	-	58	12	4	7	11	34
	3p	-	59	10	7	4	9	30
	3p	-	60	7	4	6	10	27
	3p	-	61	9	3	4	8	24
	3p	-	62	8	6	3	7	24
	3p	-	63	7	4	1	8	20
	3p	-	64	5	3	6	6	20
	3p	-	65	5	2	4	7	18
	3p	-	66	6	2	2	6	16
	3p	-	67	6	2	1	7	16
	3p	-	68	4	4	6	1	15
	3p	-	69	1	0	5	8	14
	3p	-	70	4	2	4	3	13
	3p	-	71	2	1	1	9	13
	3p	-	72	0	3	4	4	11
	3p	-	73	5	3	0	2	10
	3p	-	74	1	2	3	3	9
	3p	-	75	0	2	2	4	8
	3p	-	76	3	1	0	4	8
	3p	-	77	3	2	0	3	8
	3p	-	78	1	2	1	3	7
	3p	-	79	1	2	1	3	7
	3p	-	80	2	1	1	3	7
	3p	-	81	2	1	0	3	6
	3p	-	82	0	2	1	3	6
	3p	-	83	0	2	0	4	6
	3p	-	84	1	0	2	2	5
	3p	-	85	1	2	0	2	5
	3p	-	86	0	3	1	0	4
	3p	-	87	1	1	1	1	4
	3p	-	88	0	0	3	0	3
	3p	-	89	1	1	0	1	3
	3p	-	90	0	2	1	0	3
	3p	-	91	1	1	1	0	3
	3p	-	92	1	0	1	0	2
	3p	-	93	0	0	1	1	2
	3p	-	94	0	0	0	2	2
	3p	-	95	0	0	0	2	2
	3p	-	96	0	1	0	1	2
	3p	-	97	0	0	1	1	2
	3p	-	98	0	0	1	1	2
	3p	-	99	0	1	1	0	2
	3p	-	100	1	0	0	1	2
	5p	+	1	214	102	129	163	608
	5p	+	2	195	122	100	191	608
	5p	+	3	202	129	100	177	608
	5p	+	4	208	119	120	161	608
	5p	+	5	200	112	123	173	608
	5p	+	6	203	97	126	182	608
	5p	+	7	218	112	119	159	608
	5p	+	8	206	108	121	173	608
	5p	+	9	224	102	104	178	608
	5p	+	10	214	121	98	175	608
	5p	+	11	206	110	105	187	608
	5p	+	12	218	127	106	157	608
	5p	+	13	230	111	104	163	608
	5p	+	14	202	112	100	194	608
	5p	+	15	208	122	114	164	608
	5p	+	16	208	104	108	188	608
	5p	+	17	211	112	103	182	608
	5p	+	18	213	105	113	177	608
	5p	+	19	210	121	104	173	608
	5p	+	20	226	118	96	168	608
	5p	+	21	224	110	111	163	608
	5p	+	22	215	116	119	158	608
	5p	+	23	246	109	100	153	608
	5p	+	24	225	116	107	160	608
	5p	+	25	236	113	94	165	608
	5p	+	26	239	101	112	156	608
	5p	+	27	233	106	102	167	608
	5p	+	28	219	118	114	157	608
	5p	+	29	250	112	103	143	608
	5p	+	30	226	111	124	147	608
	5p	+	31	150	93	69	94	406
	5p	+	32	113	59	55	81	308
	5p	+	33	90	45	44	72	251
	5p	+	34	83	35	44	64	226
	5p	+	35	70	40	41	59	210
	5p	+	36	70	27	37	60	194
	5p	+	37	50	34	41	55	180
	5p	+	38	58	30	33	55	176
	5p	+	39	62	30	23	52	167
	5p	+	40	66	23	18	49	156
	5p	+	41	53	24	28	44	149
	5p	+	42	52	24	28	33	137
	5p	+	43	41	26	23	37	127
	5p	+	44	40	19	23	32	114
	5p	+	45	37	23	17	25	102
	5p	+	46	25	20	21	25	91
	5p	+	47	27	20	15	22	84
	5p	+	48	27	9	12	22	70
	5p	+	49	24	12	7	22	65
	5p	+	50	20	14	14	14	62
	5p	+	51	17	11	12	20	60
	5p	+	52	15	8	14	20	57
	5p	+	53	24	10	7	13	54
	5p	+	54	19	4	13	14	50
	5p	+	55	19	10	7	10	46
	5p	+	56	10	5	7	16	38
	5p	+	57	13	8	3	10	34
	5p	+	58	13	5	5	9	32
	5p	+	59	13	5	3	10	31
	5p	+	60	14	2	2	11	29
	5p	+	61	7	6	4	12	29
	5p	+	62	11	8	0	6	25
	5p	+	63	6	5	2	8	21
	5p	+	64	8	2	6	4	20
	5p	+	65	5	4	3	6	18
	5p	+	66	8	1	5	3	17
	5p	+	67	5	1	5	4	15
	5p	+	68	7	2	1	3	13
	5p	+	69	3	5	1	3	12
	5p	+	70	5	0	3	4	12
	5p	+	71	3	3	2	4	12
	5p	+	72	4	2	1	3	10
	5p	+	73	1	1	4	2	8
	5p	+	74	2	3	1	1	7
	5p	+	75	4	0	2	1	7
	5p	+	76	3	0	2	1	6
	5p	+	77	1	1	2	1	5
	5p	+	78	3	1	0	1	5
	5p	+	79	0	0	2	2	4
	5p	+	80	3	1	0	0	4
	5p	+	81	2	1	0	1	4
	5p	+	82	0	1	0	3	4
	5p	+	83	0	0	1	3	4
	5p	+	84	0	0	2	2	4
	5p	+	85	1	2	0	0	3
	5p	+	86	1	1	0	1	3
	5p	+	87	1	0	0	2	3
	5p	+	88	0	1	0	1	2
	5p	+	89	1	0	0	0	1
	5p	+	90	1	0	0	0	1
	5p	+	91	1	0	0	0	1
	5p	+	92	1	0	0	0	1
	5p	+	93	0	0	0	1	1
	5p	+	94	1	0	0	0	1
	5p	+	95	0	0	0	1	1
	5p	+	96	0	0	0	1	1
	5p	+	97	0	0	1	0	1
	5p	+	98	0	0	0	1	1
	5p	+	99	0	0	0	1	1
	5p	+	100	0	0	0	1	1
	5p	-	1	222	110	127	194	653
	5p	-	2	217	115	123	198	653
	5p	-	3	225	103	143	182	653
	5p	-	4	226	118	112	197	653
	5p	-	5	207	128	125	193	653
	5p	-	6	209	131	113	200	653
	5p	-	7	229	144	100	180	653
	5p	-	8	239	102	116	196	653
	5p	-	9	237	106	117	193	653
	5p	-	10	212	119	99	223	653
	5p	-	11	184	125	130	214	653
	5p	-	12	220	109	130	194	653
	5p	-	13	250	106	112	185	653
	5p	-	14	235	100	112	206	653
	5p	-	15	198	130	112	213	653
	5p	-	16	237	119	100	197	653
	5p	-	17	241	100	107	205	653
	5p	-	18	239	104	112	198	653
	5p	-	19	220	124	115	194	653
	5p	-	20	237	123	114	179	653
	5p	-	21	225	105	123	200	653
	5p	-	22	221	127	98	207	653
	5p	-	23	233	105	119	196	653
	5p	-	24	225	126	113	189	653
	5p	-	25	243	108	112	190	653
	5p	-	26	251	108	118	176	653
	5p	-	27	266	116	99	172	653
	5p	-	28	269	116	121	147	653
	5p	-	29	255	125	94	179	653
	5p	-	30	259	101	109	184	653
	5p	-	31	165	75	73	115	428
	5p	-	32	124	56	53	104	337
	5p	-	33	98	35	60	90	283
	5p	-	34	80	42	55	80	257
	5p	-	35	82	47	49	61	239
	5p	-	36	83	45	29	63	220
	5p	-	37	72	41	35	55	203
	5p	-	38	67	32	39	55	193
	5p	-	39	76	25	26	55	182
	5p	-	40	50	30	27	59	166
	5p	-	41	44	27	30	50	151
	5p	-	42	49	26	25	42	142
	5p	-	43	40	22	23	39	124
	5p	-	44	37	16	24	37	114
	5p	-	45	35	22	18	28	103
	5p	-	46	34	21	19	23	97
	5p	-	47	21	18	20	27	86
	5p	-	48	22	17	16	25	80
	5p	-	49	26	11	22	19	78
	5p	-	50	22	15	10	22	69
	5p	-	51	17	7	8	30	62
	5p	-	52	15	16	5	18	54
	5p	-	53	10	6	9	25	50
	5p	-	54	12	8	14	14	48
	5p	-	55	13	10	11	13	47
	5p	-	56	15	8	5	12	40
	5p	-	57	14	2	10	10	36
	5p	-	58	9	9	8	8	34
	5p	-	59	7	6	3	14	30
	5p	-	60	12	5	5	5	27
	5p	-	61	11	3	5	5	24
	5p	-	62	7	6	5	6	24
	5p	-	63	6	3	1	10	20
	5p	-	64	5	4	5	6	20
	5p	-	65	6	2	4	6	18
	5p	-	66	6	4	5	1	16
	5p	-	67	7	3	1	5	16
	5p	-	68	5	1	3	6	15
	5p	-	69	5	0	3	6	14
	5p	-	70	4	3	1	5	13
	5p	-	71	5	1	4	3	13
	5p	-	72	5	1	2	3	11
	5p	-	73	2	3	2	3	10
	5p	-	74	2	3	1	3	9
	5p	-	75	2	0	2	4	8
	5p	-	76	2	2	2	2	8
	5p	-	77	2	0	2	4	8
	5p	-	78	3	0	2	2	7
	5p	-	79	2	1	3	1	7
	5p	-	80	2	0	1	4	7
	5p	-	81	4	1	1	0	6
	5p	-	82	3	2	0	1	6
	5p	-	83	3	1	0	2	6
	5p	-	84	1	0	0	4	5
	5p	-	85	1	0	0	4	5
	5p	-	86	2	0	1	1	4
	5p	-	87	1	1	0	2	4
	5p	-	88	0	2	0	1	3
	5p	-	89	3	0	0	0	3
	5p	-	90	0	1	1	1	3
	5p	-	91	0	1	0	2	3
	5p	-	92	0	0	0	2	2
	5p	-	93	0	1	0	1	2
	5p	-	94	1	0	0	1	2
	5p	-	95	0	0	1	1	2
	5p	-	96	0	0	0	2	2
	5p	-	97	0	2	0	0	2
	5p	-	98	0	1	1	0	2
	5p	-	99	0	0	0	2	2
	5p	-	100	0	0	1	1	2
