# table produced by DamageProfiler
# using mapped file ToA029.ElandCommon_Human_nc.Target.rmdup.noMicro.bam
# Sample ID: ToA029.ElandCommon_Human_nc.Target.rmdup.noMicro.bam
Pos	C>T	G>A	A>C	A>G	A>T	C>A	C>G	G>C	G>T	T>A	T>C	T>G	->ACGT	ACGT>-
24	0.003981	0.002163	0.001398	0.004776	0.001281	0.001592	0.000597	0.001514	0.003245	0.001196	0.002154	0.000957	0.001166	0.000000
23	0.004895	0.002589	0.000834	0.002262	0.000834	0.001566	0.000587	0.001942	0.004315	0.000710	0.002130	0.000828	0.001166	0.000000
22	0.003281	0.004310	0.000698	0.001861	0.000582	0.001231	0.000820	0.001940	0.002802	0.001296	0.002121	0.000471	0.000789	0.000000
21	0.004422	0.005525	0.001413	0.002707	0.001295	0.001005	0.000402	0.000884	0.004199	0.001162	0.002904	0.000465	0.000940	0.000000
20	0.004415	0.003274	0.001295	0.001766	0.000942	0.001405	0.001405	0.001746	0.003929	0.000703	0.001757	0.000703	0.001090	0.000000
19	0.004451	0.004314	0.001755	0.002340	0.000702	0.001416	0.000809	0.001726	0.003020	0.001062	0.001652	0.000354	0.001015	0.000000
18	0.003607	0.002556	0.001183	0.001892	0.001419	0.000601	0.001002	0.001917	0.003621	0.001301	0.001656	0.001538	0.001091	0.000000
17	0.003798	0.003918	0.001514	0.002213	0.000466	0.001599	0.001199	0.001741	0.003483	0.000713	0.002613	0.000594	0.001165	0.000000
16	0.005300	0.006736	0.000941	0.001999	0.000823	0.000589	0.000982	0.001123	0.004715	0.000819	0.002456	0.000585	0.001053	0.000000
15	0.003143	0.004390	0.001283	0.002099	0.000233	0.000786	0.000982	0.001536	0.003292	0.000835	0.001790	0.000835	0.001053	0.000000
14	0.004284	0.003325	0.000921	0.002534	0.000691	0.002532	0.001168	0.000665	0.004655	0.000726	0.002662	0.000968	0.001354	0.000000
13	0.004636	0.003244	0.001264	0.002184	0.000920	0.001008	0.001411	0.000865	0.003244	0.000962	0.002765	0.000240	0.000865	0.000000
12	0.005628	0.004218	0.001156	0.001966	0.001041	0.001608	0.001407	0.001110	0.003108	0.000709	0.002126	0.000827	0.000978	0.000000
11	0.004847	0.004223	0.000816	0.002332	0.001399	0.002221	0.002019	0.000445	0.003779	0.000583	0.002216	0.000583	0.000902	0.000000
10	0.004689	0.003291	0.001043	0.002781	0.000579	0.000612	0.002039	0.001755	0.004827	0.000352	0.002350	0.001057	0.000977	0.000000
9	0.003217	0.003332	0.000568	0.002273	0.001136	0.001407	0.001407	0.001777	0.003554	0.000721	0.002162	0.001081	0.001053	0.000000
8	0.004811	0.003483	0.000569	0.002618	0.001480	0.001604	0.002606	0.001524	0.005224	0.000971	0.001821	0.000729	0.001015	0.000000
7	0.004640	0.003554	0.000664	0.003097	0.000885	0.001687	0.001476	0.002221	0.004887	0.001203	0.002766	0.000962	0.001015	0.000000
6	0.003251	0.005064	0.001101	0.001321	0.000771	0.001219	0.000406	0.001101	0.004183	0.000871	0.001244	0.000498	0.001429	0.000000
5	0.003472	0.004119	0.001156	0.001787	0.000946	0.001429	0.000613	0.000686	0.005034	0.001150	0.002173	0.001022	0.000601	0.000000
4	0.008371	0.005731	0.001171	0.001810	0.002343	0.001837	0.000408	0.001433	0.006925	0.000983	0.002702	0.001351	0.000188	0.000000
3	0.005601	0.003810	0.001583	0.001583	0.000950	0.002704	0.000772	0.000953	0.005477	0.001547	0.001676	0.001031	0.000038	0.000000
2	0.004619	0.005757	0.000834	0.002190	0.001460	0.002410	0.001607	0.003755	0.005006	0.001865	0.002611	0.001368	0.000000	0.000000
1	0.051019	0.009429	0.001474	0.001573	0.001769	0.002884	0.000721	0.004000	0.003143	0.001628	0.002443	0.000407	0.000000	0.000000
0	0.206328	0.009972	0.001115	0.001200	0.001886	0.004786	0.001595	0.001425	0.004630	0.001798	0.001678	0.000719	0.000000	0.000000
