# table produced by DamageProfiler
# using mapped file ToA029.ElandCommon_Human_nc.Target.rmdup.noMicro.bam
# Sample ID: ToA029.ElandCommon_Human_nc.Target.rmdup.noMicro.bam
Chr	End	Std	Pos	A	C	G	T	Total	G>A	C>T	A>G	T>C	A>C	A>T	C>G	C>A	T>G	T>A	G>C	G>T	A>-	T>-	C>-	G>-	->A	->T	->C	->G	S
	3p	+	1	5997.0	1880.0	1408.0	4170.0	13455.0	16.0	371.0	11.0	8.0	6.0	10.0	4.0	12.0	3.0	10.0	1.0	4.0	0.0	0.0	0.0	0.0	0.0	0.0	0.0	0.0	0.0
	3p	+	2	5117.0	2823.0	1760.0	3760.0	13460.0	14.0	139.0	9.0	8.0	9.0	12.0	1.0	6.0	2.0	9.0	8.0	3.0	0.0	0.0	0.0	0.0	0.0	0.0	0.0	0.0	0.0
	3p	+	3	4906.0	2473.0	2051.0	4035.0	13465.0	11.0	15.0	13.0	7.0	3.0	4.0	3.0	6.0	8.0	8.0	9.0	9.0	0.0	0.0	0.0	0.0	0.0	0.0	0.0	0.0	0.0
	3p	+	4	4958.0	2575.0	2123.0	3814.0	13470.0	6.0	13.0	7.0	5.0	7.0	2.0	2.0	6.0	2.0	7.0	2.0	13.0	0.0	0.0	0.0	0.0	0.0	0.0	0.0	0.0	0.0
	3p	+	5	4790.0	2523.0	2143.0	4020.0	13476.0	17.0	19.0	6.0	13.0	5.0	13.0	1.0	4.0	5.0	4.0	2.0	12.0	0.0	0.0	0.0	0.0	0.0	0.0	0.0	0.0	0.0
	3p	+	6	4840.0	2477.0	2264.0	3889.0	13470.0	6.0	12.0	9.0	6.0	7.0	6.0	1.0	2.0	2.0	7.0	2.0	9.0	0.0	0.0	0.0	0.0	3.0	0.0	0.0	2.0	0.0
	3p	+	7	4640.0	2490.0	2332.0	3998.0	13460.0	11.0	6.0	5.0	5.0	4.0	4.0	0.0	4.0	2.0	4.0	4.0	7.0	0.0	0.0	0.0	0.0	8.0	0.0	5.0	5.0	0.0
	3p	+	8	4602.0	2420.0	2303.0	4139.0	13464.0	5.0	9.0	11.0	15.0	3.0	1.0	4.0	3.0	2.0	6.0	7.0	12.0	0.0	0.0	0.0	0.0	3.0	0.0	5.0	4.0	0.0
	3p	+	9	4434.0	2523.0	2315.0	4198.0	13470.0	6.0	13.0	11.0	7.0	3.0	9.0	3.0	5.0	2.0	4.0	3.0	11.0	0.0	0.0	0.0	0.0	3.0	0.0	2.0	8.0	0.0
	3p	+	10	4490.0	2493.0	2271.0	4213.0	13467.0	7.0	9.0	8.0	7.0	2.0	3.0	4.0	4.0	4.0	3.0	3.0	10.0	0.0	0.0	0.0	0.0	3.0	0.0	7.0	3.0	0.0
	3p	+	11	4397.0	2551.0	2355.0	4166.0	13469.0	8.0	15.0	11.0	10.0	3.0	2.0	6.0	1.0	6.0	2.0	2.0	12.0	0.0	0.0	0.0	0.0	3.0	0.0	4.0	7.0	0.0
	3p	+	12	4372.0	2520.0	2268.0	4311.0	13471.0	12.0	7.0	12.0	10.0	5.0	6.0	5.0	9.0	2.0	3.0	0.0	8.0	0.0	0.0	0.0	0.0	3.0	0.0	2.0	5.0	0.0
	3p	+	13	4423.0	2551.0	2236.0	4258.0	13468.0	7.0	17.0	9.0	13.0	2.0	6.0	3.0	4.0	4.0	4.0	4.0	3.0	0.0	0.0	0.0	0.0	4.0	0.0	4.0	2.0	0.0
	3p	+	14	4438.0	2520.0	2337.0	4177.0	13472.0	8.0	13.0	9.0	9.0	2.0	4.0	5.0	3.0	2.0	1.0	3.0	8.0	0.0	0.0	0.0	0.0	3.0	0.0	2.0	3.0	0.0
	3p	+	15	4475.0	2575.0	2299.0	4114.0	13463.0	8.0	11.0	11.0	14.0	3.0	2.0	3.0	5.0	3.0	3.0	0.0	10.0	0.0	0.0	0.0	0.0	9.0	0.0	6.0	3.0	0.0
	3p	+	16	4402.0	2584.0	2334.0	4146.0	13466.0	9.0	11.0	6.0	6.0	9.0	0.0	3.0	1.0	4.0	5.0	5.0	7.0	0.0	0.0	0.0	0.0	4.0	0.0	6.0	6.0	0.0
	3p	+	17	4258.0	2584.0	2276.0	4345.0	13463.0	14.0	14.0	7.0	14.0	3.0	3.0	1.0	1.0	0.0	2.0	3.0	12.0	0.0	0.0	0.0	0.0	5.0	0.0	12.0	3.0	0.0
	3p	+	18	4367.0	2525.0	2359.0	4217.0	13468.0	8.0	10.0	13.0	11.0	6.0	2.0	3.0	4.0	2.0	3.0	6.0	8.0	0.0	0.0	0.0	0.0	8.0	0.0	6.0	2.0	0.0
	3p	+	19	4392.0	2531.0	2413.0	4128.0	13464.0	4.0	11.0	8.0	6.0	5.0	3.0	2.0	1.0	6.0	3.0	7.0	7.0	0.0	0.0	0.0	0.0	8.0	0.0	6.0	1.0	0.0
	3p	+	20	4452.0	2437.0	2356.0	4221.0	13466.0	8.0	7.0	8.0	10.0	8.0	4.0	2.0	4.0	1.0	5.0	1.0	7.0	0.0	0.0	0.0	0.0	9.0	0.0	3.0	3.0	0.0
	3p	+	21	4356.0	2533.0	2345.0	4231.0	13465.0	11.0	13.0	7.0	9.0	6.0	3.0	4.0	4.0	2.0	4.0	4.0	8.0	0.0	0.0	0.0	0.0	7.0	0.0	2.0	5.0	0.0
	3p	+	22	4413.0	2467.0	2311.0	4280.0	13471.0	10.0	14.0	13.0	15.0	7.0	6.0	1.0	1.0	1.0	9.0	2.0	11.0	0.0	0.0	0.0	0.0	3.0	0.0	5.0	3.0	0.0
	3p	+	23	4398.0	2414.0	2402.0	4252.0	13466.0	11.0	11.0	10.0	10.0	0.0	2.0	2.0	5.0	0.0	7.0	3.0	3.0	0.0	0.0	0.0	0.0	2.0	0.0	6.0	4.0	0.0
	3p	+	24	4334.0	2563.0	2358.0	4210.0	13465.0	2.0	12.0	9.0	8.0	4.0	2.0	1.0	4.0	2.0	1.0	4.0	9.0	0.0	0.0	0.0	0.0	10.0	0.0	2.0	3.0	0.0
	3p	+	25	4411.0	2584.0	2310.0	4159.0	13464.0	6.0	9.0	22.0	7.0	6.0	6.0	0.0	4.0	3.0	4.0	6.0	7.0	0.0	0.0	0.0	0.0	7.0	0.0	4.0	3.0	0.0
	3p	+	26	4312.0	2503.0	2433.0	4220.0	13468.0	8.0	8.0	7.0	16.0	4.0	6.0	2.0	2.0	3.0	3.0	1.0	9.0	0.0	0.0	0.0	0.0	3.0	0.0	4.0	3.0	0.0
	3p	+	27	4407.0	2505.0	2397.0	4167.0	13476.0	8.0	8.0	12.0	15.0	4.0	1.0	1.0	4.0	3.0	5.0	4.0	7.0	0.0	0.0	0.0	0.0	3.0	0.0	2.0	2.0	0.0
	3p	+	28	4362.0	2594.0	2432.0	4087.0	13475.0	5.0	13.0	14.0	8.0	1.0	6.0	5.0	2.0	2.0	2.0	4.0	7.0	0.0	0.0	0.0	0.0	4.0	0.0	0.0	0.0	0.0
	3p	+	29	4382.0	2588.0	2308.0	4199.0	13477.0	12.0	11.0	6.0	12.0	2.0	5.0	2.0	4.0	4.0	5.0	3.0	11.0	0.0	0.0	0.0	0.0	4.0	0.0	3.0	1.0	0.0
	3p	+	30	4330.0	2570.0	2325.0	4254.0	13479.0	9.0	9.0	10.0	6.0	1.0	4.0	2.0	3.0	2.0	3.0	3.0	12.0	0.0	0.0	0.0	0.0	2.0	0.0	0.0	2.0	0.0
	3p	+	31	4077.0	2457.0	2182.0	4174.0	12890.0	1.0	16.0	7.0	10.0	6.0	2.0	3.0	1.0	2.0	2.0	2.0	6.0	0.0	0.0	0.0	0.0	5.0	0.0	0.0	0.0	0.0
	3p	+	32	4017.0	2356.0	2199.0	3836.0	12408.0	9.0	15.0	11.0	6.0	3.0	3.0	3.0	2.0	0.0	2.0	1.0	12.0	0.0	0.0	0.0	0.0	1.0	0.0	0.0	0.0	0.0
	3p	+	33	3906.0	2262.0	2020.0	3773.0	11961.0	5.0	13.0	9.0	8.0	1.0	3.0	2.0	2.0	0.0	5.0	2.0	14.0	0.0	0.0	0.0	0.0	1.0	0.0	0.0	0.0	0.0
	3p	+	34	3719.0	2148.0	1996.0	3628.0	11491.0	4.0	7.0	8.0	3.0	3.0	3.0	1.0	1.0	1.0	3.0	2.0	3.0	0.0	0.0	0.0	0.0	2.0	0.0	0.0	0.0	0.0
	3p	+	35	3566.0	2049.0	1953.0	3417.0	10985.0	8.0	18.0	6.0	8.0	1.0	2.0	1.0	3.0	1.0	3.0	1.0	10.0	0.0	0.0	0.0	0.0	5.0	0.0	0.0	0.0	0.0
	3p	+	36	3493.0	1972.0	1804.0	3266.0	10535.0	1.0	15.0	6.0	6.0	4.0	0.0	2.0	1.0	2.0	3.0	3.0	5.0	0.0	0.0	0.0	0.0	2.0	0.0	1.0	0.0	0.0
	3p	+	37	3325.0	1927.0	1685.0	3117.0	10054.0	7.0	11.0	11.0	4.0	4.0	1.0	2.0	4.0	1.0	2.0	1.0	14.0	0.0	0.0	0.0	0.0	4.0	0.0	0.0	1.0	0.0
	3p	+	38	3137.0	1828.0	1600.0	3058.0	9623.0	1.0	10.0	10.0	4.0	1.0	3.0	1.0	2.0	1.0	1.0	1.0	7.0	0.0	0.0	0.0	0.0	4.0	0.0	0.0	0.0	0.0
	3p	+	39	2871.0	1767.0	1622.0	2915.0	9175.0	6.0	6.0	8.0	11.0	0.0	5.0	0.0	2.0	1.0	3.0	1.0	6.0	0.0	0.0	0.0	0.0	3.0	0.0	0.0	0.0	0.0
	3p	+	40	2816.0	1621.0	1523.0	2746.0	8706.0	8.0	12.0	6.0	3.0	0.0	0.0	0.0	2.0	2.0	3.0	3.0	6.0	0.0	0.0	0.0	0.0	2.0	0.0	0.0	1.0	0.0
	3p	+	41	2658.0	1502.0	1430.0	2641.0	8231.0	4.0	11.0	6.0	6.0	0.0	1.0	1.0	2.0	5.0	3.0	3.0	4.0	0.0	0.0	0.0	0.0	1.0	0.0	1.0	0.0	0.0
	3p	+	42	2500.0	1471.0	1296.0	2515.0	7782.0	6.0	8.0	6.0	4.0	0.0	0.0	2.0	0.0	1.0	1.0	0.0	4.0	0.0	0.0	0.0	0.0	0.0	0.0	0.0	0.0	0.0
	3p	+	43	2400.0	1387.0	1229.0	2330.0	7346.0	4.0	11.0	3.0	8.0	5.0	1.0	3.0	3.0	1.0	2.0	3.0	4.0	0.0	0.0	0.0	0.0	1.0	0.0	0.0	1.0	0.0
	3p	+	44	2235.0	1285.0	1207.0	2228.0	6955.0	3.0	8.0	10.0	3.0	0.0	0.0	0.0	0.0	1.0	1.0	0.0	7.0	0.0	0.0	0.0	0.0	2.0	0.0	0.0	0.0	0.0
	3p	+	45	2154.0	1214.0	1082.0	2128.0	6578.0	6.0	7.0	7.0	2.0	0.0	0.0	1.0	1.0	2.0	2.0	1.0	5.0	0.0	0.0	0.0	0.0	1.0	0.0	0.0	0.0	0.0
	3p	+	46	2068.0	1166.0	1033.0	1964.0	6231.0	2.0	6.0	6.0	8.0	2.0	3.0	0.0	2.0	1.0	0.0	1.0	1.0	0.0	0.0	0.0	0.0	1.0	0.0	0.0	0.0	0.0
	3p	+	47	1851.0	1165.0	1015.0	1839.0	5870.0	6.0	4.0	4.0	6.0	3.0	4.0	0.0	4.0	1.0	4.0	1.0	3.0	0.0	0.0	0.0	0.0	0.0	0.0	0.0	1.0	0.0
	3p	+	48	1780.0	1017.0	912.0	1817.0	5526.0	7.0	2.0	4.0	6.0	2.0	1.0	3.0	1.0	2.0	0.0	1.0	5.0	0.0	0.0	0.0	0.0	1.0	0.0	0.0	0.0	0.0
	3p	+	49	1587.0	1028.0	862.0	1695.0	5172.0	4.0	5.0	4.0	2.0	1.0	2.0	1.0	0.0	2.0	2.0	0.0	6.0	0.0	0.0	0.0	0.0	2.0	0.0	0.0	0.0	0.0
	3p	+	50	1574.0	920.0	834.0	1563.0	4891.0	2.0	2.0	2.0	1.0	0.0	2.0	1.0	1.0	0.0	4.0	0.0	5.0	0.0	0.0	0.0	0.0	1.0	0.0	0.0	0.0	0.0
	3p	+	51	1436.0	847.0	806.0	1488.0	4577.0	3.0	5.0	2.0	2.0	0.0	0.0	0.0	2.0	0.0	1.0	0.0	0.0	0.0	0.0	0.0	0.0	0.0	0.0	0.0	0.0	0.0
	3p	+	52	1366.0	799.0	746.0	1359.0	4270.0	3.0	5.0	2.0	4.0	1.0	2.0	0.0	3.0	0.0	0.0	2.0	4.0	0.0	0.0	0.0	0.0	1.0	0.0	0.0	0.0	0.0
	3p	+	53	1296.0	715.0	707.0	1263.0	3981.0	2.0	2.0	2.0	4.0	0.0	1.0	3.0	3.0	0.0	1.0	1.0	3.0	0.0	0.0	0.0	0.0	2.0	0.0	0.0	0.0	0.0
	3p	+	54	1212.0	710.0	636.0	1173.0	3731.0	2.0	2.0	1.0	2.0	0.0	0.0	0.0	2.0	0.0	2.0	0.0	3.0	0.0	0.0	0.0	0.0	1.0	0.0	0.0	0.0	0.0
	3p	+	55	1121.0	663.0	600.0	1120.0	3504.0	0.0	3.0	1.0	1.0	0.0	4.0	1.0	3.0	0.0	3.0	1.0	2.0	0.0	0.0	0.0	0.0	0.0	0.0	0.0	0.0	0.0
	3p	+	56	1043.0	612.0	600.0	1043.0	3298.0	3.0	2.0	4.0	3.0	0.0	1.0	0.0	0.0	1.0	1.0	0.0	2.0	0.0	0.0	0.0	0.0	0.0	0.0	0.0	0.0	0.0
	3p	+	57	994.0	564.0	586.0	940.0	3084.0	2.0	4.0	2.0	1.0	0.0	0.0	1.0	2.0	2.0	2.0	0.0	4.0	0.0	0.0	0.0	0.0	1.0	0.0	0.0	0.0	0.0
	3p	+	58	915.0	544.0	492.0	940.0	2891.0	1.0	4.0	4.0	0.0	0.0	0.0	0.0	1.0	2.0	1.0	0.0	0.0	0.0	0.0	0.0	0.0	0.0	0.0	0.0	0.0	0.0
	3p	+	59	908.0	541.0	412.0	840.0	2701.0	2.0	0.0	2.0	3.0	0.0	2.0	0.0	2.0	1.0	0.0	0.0	2.0	0.0	0.0	0.0	0.0	0.0	0.0	0.0	0.0	0.0
	3p	+	60	761.0	464.0	461.0	821.0	2507.0	3.0	4.0	3.0	1.0	1.0	0.0	0.0	1.0	1.0	1.0	1.0	1.0	0.0	0.0	0.0	0.0	0.0	0.0	0.0	0.0	0.0
	3p	+	61	735.0	434.0	400.0	772.0	2341.0	0.0	3.0	1.0	2.0	1.0	1.0	0.0	2.0	0.0	0.0	0.0	3.0	0.0	0.0	0.0	0.0	0.0	0.0	0.0	0.0	0.0
	3p	+	62	695.0	404.0	383.0	715.0	2197.0	3.0	1.0	1.0	1.0	0.0	0.0	0.0	0.0	0.0	0.0	1.0	0.0	0.0	0.0	0.0	0.0	0.0	0.0	0.0	0.0	0.0
	3p	+	63	670.0	368.0	379.0	639.0	2056.0	0.0	2.0	0.0	1.0	0.0	2.0	1.0	0.0	1.0	0.0	1.0	1.0	0.0	0.0	0.0	0.0	0.0	0.0	1.0	0.0	0.0
	3p	+	64	614.0	363.0	295.0	632.0	1904.0	0.0	4.0	1.0	1.0	1.0	1.0	0.0	1.0	0.0	1.0	0.0	0.0	0.0	0.0	0.0	0.0	0.0	0.0	0.0	0.0	0.0
	3p	+	65	591.0	326.0	296.0	548.0	1761.0	1.0	5.0	1.0	3.0	0.0	0.0	0.0	0.0	0.0	0.0	0.0	0.0	0.0	0.0	0.0	0.0	0.0	0.0	0.0	0.0	0.0
	3p	+	66	534.0	298.0	269.0	542.0	1643.0	0.0	0.0	1.0	2.0	1.0	0.0	0.0	2.0	1.0	3.0	0.0	1.0	0.0	0.0	0.0	0.0	0.0	0.0	0.0	0.0	0.0
	3p	+	67	481.0	284.0	259.0	499.0	1523.0	0.0	1.0	2.0	3.0	0.0	0.0	0.0	0.0	0.0	0.0	0.0	0.0	0.0	0.0	0.0	0.0	0.0	0.0	0.0	0.0	0.0
	3p	+	68	466.0	259.0	240.0	443.0	1408.0	2.0	2.0	0.0	4.0	0.0	0.0	0.0	1.0	0.0	0.0	0.0	3.0	0.0	0.0	0.0	0.0	1.0	0.0	1.0	0.0	0.0
	3p	+	69	424.0	246.0	219.0	416.0	1305.0	0.0	4.0	1.0	0.0	0.0	0.0	1.0	0.0	0.0	0.0	0.0	1.0	0.0	0.0	0.0	0.0	0.0	0.0	0.0	0.0	0.0
	3p	+	70	424.0	205.0	204.0	379.0	1212.0	0.0	1.0	0.0	1.0	1.0	0.0	0.0	1.0	0.0	0.0	2.0	1.0	0.0	0.0	0.0	0.0	0.0	0.0	0.0	0.0	0.0
	3p	+	71	342.0	217.0	187.0	361.0	1107.0	0.0	3.0	0.0	0.0	2.0	0.0	0.0	0.0	1.0	1.0	0.0	2.0	0.0	0.0	0.0	0.0	0.0	0.0	0.0	0.0	0.0
	3p	+	72	309.0	163.0	199.0	325.0	996.0	1.0	0.0	0.0	0.0	0.0	0.0	0.0	0.0	0.0	1.0	0.0	0.0	0.0	0.0	0.0	0.0	0.0	0.0	0.0	0.0	0.0
	3p	+	73	314.0	155.0	151.0	306.0	926.0	1.0	0.0	0.0	0.0	0.0	0.0	0.0	0.0	0.0	0.0	0.0	1.0	0.0	0.0	0.0	0.0	0.0	0.0	0.0	0.0	0.0
	3p	+	74	255.0	166.0	163.0	268.0	852.0	1.0	2.0	0.0	2.0	1.0	0.0	1.0	0.0	0.0	0.0	0.0	1.0	0.0	0.0	0.0	0.0	0.0	0.0	0.0	0.0	0.0
	3p	+	75	247.0	128.0	148.0	254.0	777.0	0.0	0.0	1.0	0.0	0.0	0.0	0.0	1.0	0.0	0.0	0.0	1.0	0.0	0.0	0.0	0.0	0.0	0.0	0.0	0.0	0.0
	3p	+	76	245.0	123.0	131.0	219.0	718.0	0.0	1.0	1.0	0.0	0.0	0.0	1.0	0.0	0.0	0.0	0.0	1.0	0.0	0.0	0.0	0.0	0.0	0.0	0.0	0.0	0.0
	3p	+	77	230.0	101.0	109.0	202.0	642.0	1.0	1.0	0.0	2.0	0.0	0.0	0.0	0.0	0.0	0.0	0.0	2.0	0.0	0.0	0.0	0.0	0.0	0.0	0.0	0.0	0.0
	3p	+	78	192.0	99.0	102.0	190.0	583.0	2.0	0.0	0.0	0.0	0.0	0.0	0.0	0.0	0.0	2.0	0.0	0.0	0.0	0.0	0.0	0.0	0.0	0.0	0.0	0.0	0.0
	3p	+	79	157.0	101.0	86.0	166.0	510.0	1.0	2.0	1.0	0.0	0.0	2.0	0.0	0.0	0.0	1.0	1.0	1.0	0.0	0.0	0.0	0.0	0.0	0.0	0.0	0.0	0.0
	3p	+	80	119.0	95.0	99.0	144.0	457.0	1.0	1.0	1.0	1.0	0.0	0.0	1.0	0.0	0.0	0.0	0.0	0.0	0.0	0.0	0.0	0.0	0.0	0.0	0.0	0.0	0.0
	3p	+	81	128.0	69.0	74.0	139.0	410.0	0.0	2.0	0.0	0.0	0.0	0.0	0.0	0.0	1.0	0.0	0.0	0.0	0.0	0.0	0.0	0.0	0.0	0.0	0.0	0.0	0.0
	3p	+	82	112.0	73.0	53.0	116.0	354.0	0.0	2.0	0.0	0.0	0.0	0.0	0.0	0.0	0.0	0.0	0.0	1.0	0.0	0.0	0.0	0.0	0.0	0.0	0.0	0.0	0.0
	3p	+	83	101.0	60.0	50.0	88.0	299.0	0.0	0.0	0.0	0.0	0.0	0.0	0.0	0.0	0.0	0.0	0.0	0.0	0.0	0.0	0.0	0.0	0.0	0.0	0.0	0.0	0.0
	3p	+	84	96.0	49.0	44.0	72.0	261.0	0.0	0.0	0.0	1.0	0.0	0.0	0.0	0.0	0.0	2.0	0.0	0.0	0.0	0.0	0.0	0.0	0.0	0.0	0.0	0.0	0.0
	3p	+	85	70.0	34.0	42.0	71.0	217.0	0.0	0.0	0.0	0.0	0.0	0.0	0.0	0.0	0.0	0.0	0.0	0.0	0.0	0.0	0.0	0.0	0.0	0.0	0.0	0.0	0.0
	3p	+	86	56.0	33.0	31.0	65.0	185.0	0.0	0.0	0.0	1.0	0.0	0.0	0.0	0.0	0.0	0.0	0.0	0.0	0.0	0.0	0.0	0.0	0.0	0.0	0.0	0.0	0.0
	3p	+	87	51.0	32.0	20.0	37.0	140.0	0.0	1.0	0.0	0.0	0.0	0.0	2.0	0.0	0.0	0.0	0.0	0.0	0.0	0.0	0.0	0.0	0.0	0.0	0.0	0.0	0.0
	3p	+	88	34.0	19.0	18.0	37.0	108.0	0.0	0.0	1.0	0.0	0.0	0.0	0.0	0.0	0.0	0.0	0.0	1.0	0.0	0.0	0.0	0.0	0.0	0.0	0.0	0.0	0.0
	3p	+	89	25.0	18.0	11.0	30.0	84.0	0.0	1.0	0.0	0.0	0.0	0.0	0.0	0.0	0.0	0.0	0.0	0.0	0.0	0.0	0.0	0.0	0.0	0.0	0.0	0.0	0.0
	3p	+	90	23.0	6.0	7.0	21.0	57.0	0.0	1.0	0.0	0.0	0.0	0.0	1.0	0.0	0.0	0.0	0.0	0.0	0.0	0.0	0.0	0.0	0.0	0.0	0.0	0.0	0.0
	3p	+	91	5.0	9.0	4.0	4.0	22.0	0.0	0.0	0.0	0.0	0.0	0.0	0.0	0.0	0.0	0.0	0.0	0.0	0.0	0.0	0.0	0.0	0.0	0.0	0.0	0.0	0.0
	3p	+	92	0.0	0.0	0.0	0.0	0.0	0.0	0.0	0.0	0.0	0.0	0.0	0.0	0.0	0.0	0.0	0.0	0.0	0.0	0.0	0.0	0.0	0.0	0.0	0.0	0.0	0.0
	3p	+	93	0.0	0.0	0.0	0.0	0.0	0.0	0.0	0.0	0.0	0.0	0.0	0.0	0.0	0.0	0.0	0.0	0.0	0.0	0.0	0.0	0.0	0.0	0.0	0.0	0.0	0.0
	3p	+	94	0.0	0.0	0.0	0.0	0.0	0.0	0.0	0.0	0.0	0.0	0.0	0.0	0.0	0.0	0.0	0.0	0.0	0.0	0.0	0.0	0.0	0.0	0.0	0.0	0.0	0.0
	3p	+	95	0.0	0.0	0.0	0.0	0.0	0.0	0.0	0.0	0.0	0.0	0.0	0.0	0.0	0.0	0.0	0.0	0.0	0.0	0.0	0.0	0.0	0.0	0.0	0.0	0.0	0.0
	3p	+	96	0.0	0.0	0.0	0.0	0.0	0.0	0.0	0.0	0.0	0.0	0.0	0.0	0.0	0.0	0.0	0.0	0.0	0.0	0.0	0.0	0.0	0.0	0.0	0.0	0.0	0.0
	3p	+	97	0.0	0.0	0.0	0.0	0.0	0.0	0.0	0.0	0.0	0.0	0.0	0.0	0.0	0.0	0.0	0.0	0.0	0.0	0.0	0.0	0.0	0.0	0.0	0.0	0.0	0.0
	3p	+	98	0.0	0.0	0.0	0.0	0.0	0.0	0.0	0.0	0.0	0.0	0.0	0.0	0.0	0.0	0.0	0.0	0.0	0.0	0.0	0.0	0.0	0.0	0.0	0.0	0.0	0.0
	3p	+	99	0.0	0.0	0.0	0.0	0.0	0.0	0.0	0.0	0.0	0.0	0.0	0.0	0.0	0.0	0.0	0.0	0.0	0.0	0.0	0.0	0.0	0.0	0.0	0.0	0.0	0.0
	3p	+	100	0.0	0.0	0.0	0.0	0.0	0.0	0.0	0.0	0.0	0.0	0.0	0.0	0.0	0.0	0.0	0.0	0.0	0.0	0.0	0.0	0.0	0.0	0.0	0.0	0.0	0.0
	3p	-	1	5666.0	1881.0	1400.0	4172.0	13119.0	12.0	405.0	3.0	6.0	7.0	12.0	2.0	6.0	3.0	5.0	3.0	9.00.0	0.0	0.0	0.0	0.0	0.0	0.0	0.0	0.0
	3p	-	2	5057.0	2724.0	1740.0	3609.0	13130.0	19.0	144.0	7.0	10.0	6.0	6.0	3.0	10.0	1.0	3.0	6.0	8.00.0	0.0	0.0	0.0	0.0	0.0	0.0	0.0	0.0
	3p	-	3	4681.0	2506.0	1944.0	4008.0	13139.0	12.0	8.0	8.0	14.0	5.0	10.0	5.0	6.0	3.0	7.0	6.0	11.00.0	0.0	0.0	0.0	0.0	0.0	0.0	0.0	0.0
	3p	-	4	4519.0	2603.0	2076.0	3943.0	13141.0	10.0	16.0	8.0	8.0	8.0	7.0	2.0	8.0	6.0	5.0	2.0	10.00.0	0.0	0.0	0.0	1.0	0.0	0.0	0.0	0.0
	3p	-	5	4601.0	2375.0	2045.0	4121.0	13142.0	7.0	22.0	11.0	9.0	6.0	9.0	1.0	5.0	6.0	4.0	4.0	17.00.0	0.0	0.0	0.0	4.0	0.0	1.0	0.0	0.0
	3p	-	6	4674.0	2420.0	2106.0	3936.0	13136.0	12.0	5.0	8.0	11.0	4.0	3.0	2.0	5.0	6.0	2.0	1.0	13.00.0	0.0	0.0	0.0	3.0	0.0	6.0	2.0	0.0
	3p	-	7	4443.0	2432.0	2210.0	4041.0	13126.0	12.0	10.0	7.0	5.0	6.0	3.0	2.0	2.0	2.0	3.0	1.0	12.00.0	0.0	0.0	0.0	8.0	0.0	7.0	5.0	0.0
	3p	-	8	4438.0	2321.0	2199.0	4175.0	13133.0	11.0	13.0	17.0	8.0	3.0	7.0	3.0	5.0	6.0	4.0	3.0	10.00.0	0.0	0.0	0.0	7.0	0.0	4.0	4.0	0.0
	3p	-	9	4351.0	2466.0	2279.0	4038.0	13134.0	10.0	11.0	12.0	8.0	2.0	4.0	10.0	3.0	4.0	4.0	4.0	13.00.0	0.0	0.0	0.0	6.0	0.0	5.0	3.0	0.0
	3p	-	10	4309.0	2481.0	2231.0	4112.0	13133.0	8.0	7.0	12.0	11.0	3.0	7.0	3.0	3.0	5.0	3.0	5.0	6.00.0	0.0	0.0	0.0	6.0	0.0	4.0	5.0	0.0
	3p	-	11	4232.0	2354.0	2203.0	4346.0	13135.0	7.0	8.0	13.0	10.0	6.0	3.0	4.0	2.0	3.0	1.0	6.0	10.00.0	0.0	0.0	0.0	2.0	0.0	9.0	1.0	0.0
	3p	-	12	4206.0	2432.0	2231.0	4264.0	13133.0	7.0	17.0	8.0	9.0	2.0	6.0	5.0	2.0	3.0	2.0	2.0	9.00.0	0.0	0.0	0.0	1.0	0.0	5.0	8.0	0.0
	3p	-	13	4224.0	2424.0	2268.0	4210.0	13126.0	12.0	11.0	8.0	5.0	8.0	3.0	4.0	4.0	3.0	2.0	1.0	11.00.0	0.0	0.0	0.0	8.0	0.0	3.0	5.0	0.0
	3p	-	14	4262.0	2441.0	2287.0	4142.0	13132.0	7.0	10.0	10.0	14.0	9.0	4.0	2.0	2.0	0.0	7.0	1.0	7.00.0	0.0	0.0	0.0	5.0	0.0	4.0	6.0	0.0
	3p	-	15	4207.0	2560.0	2212.0	4150.0	13129.0	7.0	11.0	11.0	8.0	5.0	4.0	3.0	8.0	5.0	3.0	3.0	11.00.0	0.0	0.0	0.0	8.0	0.0	4.0	6.0	0.0
	3p	-	16	4172.0	2506.0	2222.0	4235.0	13135.0	11.0	5.0	12.0	9.0	2.0	2.0	2.0	3.0	3.0	2.0	2.0	8.00.0	0.0	0.0	0.0	3.0	0.0	5.0	4.0	0.0
	3p	-	17	4245.0	2510.0	2178.0	4206.0	13139.0	16.0	13.0	10.0	7.0	5.0	4.0	4.0	2.0	5.0	5.0	2.0	9.00.0	0.0	0.0	0.0	2.0	0.0	2.0	4.0	0.0
	3p	-	18	4218.0	2478.0	2235.0	4201.0	13132.0	10.0	9.0	6.0	11.0	7.0	2.0	3.0	4.0	3.0	3.0	2.0	8.00.0	0.0	0.0	0.0	6.0	0.0	5.0	4.0	0.0
	3p	-	19	4063.0	2459.0	2282.0	4325.0	13129.0	8.0	7.0	8.0	8.0	5.0	9.0	3.0	2.0	7.0	8.0	2.0	10.00.0	0.0	0.0	0.0	2.0	0.0	7.0	5.0	0.0
	3p	-	20	4094.0	2506.0	2280.0	4253.0	13133.0	12.0	15.0	12.0	4.0	7.0	2.0	2.0	3.0	2.0	4.0	7.0	7.00.0	0.0	0.0	0.0	4.0	0.0	4.0	4.0	0.0
	3p	-	21	4140.0	2450.0	2236.0	4304.0	13130.0	4.0	9.0	8.0	6.0	5.0	5.0	3.0	3.0	4.0	2.0	4.0	10.00.0	0.0	0.0	0.0	3.0	0.0	7.0	5.0	0.0
	3p	-	22	4082.0	2508.0	2214.0	4328.0	13132.0	15.0	8.0	10.0	10.0	5.0	5.0	1.0	4.0	3.0	1.0	2.0	8.00.0	0.0	0.0	0.0	8.0	0.0	3.0	3.0	0.0
	3p	-	23	4200.0	2462.0	2238.0	4235.0	13135.0	9.0	5.0	6.0	8.0	6.0	3.0	2.0	1.0	4.0	4.0	6.0	10.00.0	0.0	0.0	0.0	2.0	0.0	5.0	2.0	0.0
	3p	-	24	4064.0	2544.0	2277.0	4240.0	13125.0	10.0	13.0	10.0	10.0	3.0	5.0	2.0	4.0	5.0	5.0	5.0	11.00.0	0.0	0.0	0.0	10.0	0.0	4.0	2.0	0.0
	3p	-	25	4174.0	2440.0	2313.0	4199.0	13126.0	4.0	11.0	19.0	11.0	6.0	5.0	3.0	4.0	5.0	6.0	1.0	8.00.0	0.0	0.0	0.0	9.0	0.0	5.0	3.0	0.0
	3p	-	26	4228.0	2470.0	2243.0	4192.0	13133.0	5.0	7.0	8.0	7.0	1.0	6.0	5.0	3.0	7.0	5.0	3.0	8.00.0	0.0	0.0	0.0	2.0	0.0	7.0	2.0	0.0
	3p	-	27	4125.0	2563.0	2317.0	4136.0	13141.0	7.0	11.0	1.0	9.0	0.0	3.0	2.0	3.0	3.0	5.0	1.0	7.00.0	0.0	0.0	0.0	1.0	0.0	0.0	2.0	0.0
	3p	-	28	4265.0	2439.0	2347.0	4093.0	13144.0	8.0	17.0	11.0	10.0	3.0	2.0	2.0	2.0	4.0	3.0	1.0	8.00.0	0.0	0.0	0.0	1.0	0.0	0.0	1.0	0.0
	3p	-	29	4171.0	2497.0	2335.0	4138.0	13141.0	11.0	9.0	6.0	9.0	3.0	3.0	1.0	3.0	4.0	4.0	2.0	3.00.0	0.0	0.0	0.0	0.0	0.0	3.0	1.0	0.0
	3p	-	30	4209.0	2465.0	2279.0	4190.0	13143.0	13.0	18.0	8.0	12.0	8.0	8.0	1.0	4.0	2.0	4.0	1.0	14.00.0	0.0	0.0	0.0	0.0	0.0	1.0	0.0	0.0
	3p	-	31	3931.0	2405.0	2165.0	4093.0	12594.0	2.0	10.0	15.0	2.0	1.0	5.0	2.0	1.0	2.0	4.0	3.0	5.00.0	0.0	0.0	0.0	0.0	0.0	0.0	0.0	0.0
	3p	-	32	3790.0	2296.0	2125.0	3929.0	12140.0	7.0	14.0	7.0	6.0	2.0	3.0	3.0	3.0	1.0	1.0	0.0	7.00.0	0.0	0.0	0.0	1.0	0.0	0.0	0.0	0.0
	3p	-	33	3754.0	2206.0	2009.0	3758.0	11727.0	6.0	11.0	8.0	6.0	5.0	2.0	3.0	5.0	0.0	3.0	0.0	5.00.0	0.0	0.0	0.0	1.0	0.0	2.0	1.0	0.0
	3p	-	34	3641.0	2119.0	1978.0	3563.0	11301.0	6.0	9.0	8.0	3.0	5.0	3.0	1.0	1.0	2.0	3.0	1.0	6.00.0	0.0	0.0	0.0	0.0	0.0	1.0	0.0	0.0
	3p	-	35	3501.0	2027.0	1884.0	3445.0	10857.0	4.0	16.0	6.0	10.0	2.0	2.0	6.0	3.0	2.0	3.0	0.0	5.00.0	0.0	0.0	0.0	1.0	0.0	0.0	0.0	0.0
	3p	-	36	3305.0	1971.0	1843.0	3287.0	10406.0	7.0	14.0	14.0	10.0	1.0	2.0	2.0	3.0	3.0	3.0	3.0	6.00.0	0.0	0.0	0.0	0.0	0.0	0.0	0.0	0.0
	3p	-	37	3103.0	1888.0	1697.0	3271.0	9959.0	9.0	13.0	6.0	5.0	3.0	2.0	1.0	2.0	1.0	5.0	0.0	7.00.0	0.0	0.0	0.0	2.0	0.0	0.0	0.0	0.0
	3p	-	38	2928.0	1784.0	1671.0	3140.0	9523.0	1.0	6.0	3.0	6.0	2.0	2.0	1.0	4.0	3.0	0.0	0.0	7.00.0	0.0	0.0	0.0	1.0	0.0	0.0	1.0	0.0
	3p	-	39	2924.0	1690.0	1596.0	2864.0	9074.0	8.0	12.0	8.0	6.0	0.0	6.0	0.0	2.0	3.0	3.0	2.0	5.00.0	0.0	0.0	0.0	1.0	0.0	0.0	0.0	0.0
	3p	-	40	2722.0	1667.0	1440.0	2816.0	8645.0	4.0	15.0	10.0	5.0	1.0	1.0	1.0	0.0	2.0	3.0	3.0	4.00.0	0.0	0.0	0.0	1.0	0.0	0.0	0.0	0.0
	3p	-	41	2611.0	1475.0	1434.0	2646.0	8166.0	8.0	9.0	7.0	11.0	2.0	1.0	2.0	1.0	0.0	3.0	3.0	6.00.0	0.0	0.0	0.0	0.0	0.0	1.0	0.0	0.0
	3p	-	42	2450.0	1414.0	1379.0	2490.0	7733.0	4.0	5.0	5.0	4.0	4.0	3.0	2.0	0.0	0.0	1.0	4.0	10.00.0	0.0	0.0	0.0	0.0	0.0	0.0	0.0	0.0
	3p	-	43	2284.0	1340.0	1323.0	2377.0	7324.0	5.0	7.0	3.0	5.0	2.0	2.0	0.0	5.0	2.0	1.0	0.0	5.00.0	0.0	0.0	0.0	1.0	0.0	1.0	0.0	0.0
	3p	-	44	2150.0	1241.0	1270.0	2291.0	6952.0	5.0	5.0	3.0	3.0	0.0	1.0	1.0	1.0	1.0	1.0	3.0	6.00.0	0.0	0.0	0.0	0.0	0.0	0.0	0.0	0.0
	3p	-	45	2084.0	1185.0	1152.0	2117.0	6538.0	3.0	9.0	6.0	2.0	2.0	6.0	3.0	4.0	2.0	2.0	1.0	5.00.0	0.0	0.0	0.0	0.0	0.0	0.0	0.0	0.0
	3p	-	46	1953.0	1179.0	1064.0	1965.0	6161.0	1.0	14.0	4.0	2.0	0.0	0.0	1.0	0.0	1.0	1.0	2.0	6.00.0	0.0	0.0	0.0	0.0	0.0	0.0	0.0	0.0
	3p	-	47	1825.0	1035.0	992.0	1927.0	5779.0	1.0	5.0	5.0	3.0	0.0	3.0	0.0	0.0	2.0	1.0	3.0	2.00.0	0.0	0.0	0.0	0.0	0.0	0.0	1.0	0.0
	3p	-	48	1725.0	987.0	921.0	1783.0	5416.0	2.0	6.0	1.0	3.0	4.0	1.0	1.0	0.0	0.0	0.0	0.0	5.00.0	0.0	0.0	0.0	0.0	0.0	0.0	0.0	0.0
	3p	-	49	1565.0	918.0	907.0	1702.0	5092.0	5.0	10.0	2.0	6.0	3.0	0.0	1.0	0.0	3.0	1.0	0.0	2.00.0	0.0	0.0	0.0	0.0	0.0	0.0	0.0	0.0
	3p	-	50	1492.0	903.0	812.0	1577.0	4784.0	2.0	6.0	5.0	2.0	0.0	1.0	1.0	1.0	0.0	0.0	1.0	1.00.0	0.0	0.0	0.0	0.0	0.0	0.0	0.0	0.0
	3p	-	51	1399.0	811.0	825.0	1454.0	4489.0	0.0	7.0	5.0	1.0	0.0	1.0	1.0	0.0	0.0	3.0	0.0	2.00.0	0.0	0.0	0.0	1.0	0.0	0.0	0.0	0.0
	3p	-	52	1274.0	805.0	751.0	1414.0	4244.0	1.0	6.0	4.0	4.0	0.0	2.0	1.0	2.0	1.0	1.0	0.0	3.00.0	0.0	0.0	0.0	0.0	0.0	0.0	0.0	0.0
	3p	-	53	1222.0	749.0	678.0	1300.0	3949.0	4.0	5.0	4.0	1.0	1.0	1.0	1.0	0.0	0.0	1.0	2.0	4.00.0	0.0	0.0	0.0	1.0	0.0	0.0	0.0	0.0
	3p	-	54	1166.0	668.0	634.0	1221.0	3689.0	2.0	2.0	4.0	2.0	0.0	1.0	0.0	2.0	0.0	2.0	0.0	4.00.0	0.0	0.0	0.0	0.0	0.0	0.0	0.0	0.0
	3p	-	55	1047.0	644.0	605.0	1185.0	3481.0	4.0	7.0	0.0	2.0	0.0	1.0	0.0	4.0	2.0	1.0	1.0	2.00.0	0.0	0.0	0.0	0.0	0.0	2.0	0.0	0.0
	3p	-	56	999.0	597.0	596.0	1071.0	3263.0	2.0	4.0	0.0	3.0	0.0	0.0	1.0	1.0	0.0	2.0	2.0	4.00.0	0.0	0.0	0.0	0.0	0.0	0.0	1.0	0.0
	3p	-	57	940.0	590.0	540.0	991.0	3061.0	2.0	3.0	1.0	0.0	0.0	0.0	0.0	1.0	2.0	3.0	0.0	2.00.0	0.0	0.0	0.0	0.0	0.0	0.0	0.0	0.0
	3p	-	58	887.0	523.0	504.0	955.0	2869.0	0.0	1.0	3.0	3.0	1.0	1.0	0.0	3.0	0.0	2.0	0.0	2.00.0	0.0	0.0	0.0	0.0	0.0	0.0	0.0	0.0
	3p	-	59	816.0	537.0	504.0	823.0	2680.0	1.0	7.0	0.0	2.0	0.0	1.0	1.0	1.0	0.0	1.0	0.0	2.00.0	0.0	0.0	0.0	0.0	0.0	0.0	0.0	0.0
	3p	-	60	810.0	465.0	425.0	812.0	2512.0	1.0	2.0	3.0	3.0	0.0	0.0	0.0	0.0	0.0	1.0	0.0	1.00.0	0.0	0.0	0.0	0.0	0.0	0.0	0.0	0.0
	3p	-	61	747.0	442.0	397.0	773.0	2359.0	2.0	1.0	2.0	5.0	0.0	0.0	0.0	1.0	0.0	0.0	0.0	1.00.0	0.0	0.0	0.0	0.0	0.0	0.0	0.0	0.0
	3p	-	62	681.0	409.0	391.0	716.0	2197.0	2.0	5.0	0.0	3.0	0.0	0.0	0.0	1.0	1.0	1.0	0.0	4.00.0	0.0	0.0	0.0	0.0	0.0	0.0	0.0	0.0
	3p	-	63	600.0	405.0	326.0	714.0	2045.0	1.0	2.0	1.0	0.0	0.0	1.0	0.0	1.0	2.0	2.0	0.0	0.00.0	0.0	0.0	0.0	0.0	0.0	0.0	0.0	0.0
	3p	-	64	593.0	384.0	352.0	569.0	1898.0	2.0	4.0	3.0	1.0	1.0	0.0	0.0	1.0	0.0	2.0	0.0	2.00.0	0.0	0.0	0.0	0.0	0.0	0.0	0.0	0.0
	3p	-	65	543.0	343.0	318.0	551.0	1755.0	4.0	4.0	1.0	2.0	1.0	1.0	0.0	0.0	0.0	0.0	0.0	1.00.0	0.0	0.0	0.0	0.0	0.0	0.0	0.0	0.0
	3p	-	66	486.0	278.0	287.0	583.0	1634.0	2.0	1.0	0.0	0.0	0.0	0.0	0.0	1.0	0.0	1.0	0.0	1.00.0	0.0	0.0	0.0	0.0	0.0	0.0	0.0	0.0
	3p	-	67	463.0	278.0	250.0	522.0	1513.0	0.0	0.0	3.0	1.0	0.0	0.0	2.0	1.0	0.0	0.0	0.0	0.00.0	0.0	0.0	0.0	0.0	0.0	0.0	0.0	0.0
	3p	-	68	399.0	283.0	251.0	458.0	1391.0	2.0	2.0	0.0	0.0	0.0	0.0	0.0	0.0	1.0	0.0	0.0	0.00.0	0.0	0.0	0.0	0.0	0.0	0.0	0.0	0.0
	3p	-	69	389.0	246.0	231.0	429.0	1295.0	1.0	1.0	0.0	1.0	0.0	0.0	0.0	0.0	0.0	0.0	0.0	1.00.0	0.0	0.0	0.0	0.0	0.0	0.0	0.0	0.0
	3p	-	70	387.0	235.0	200.0	384.0	1206.0	1.0	1.0	6.0	0.0	0.0	1.0	0.0	0.0	0.0	1.0	0.0	1.00.0	0.0	0.0	0.0	0.0	0.0	0.0	0.0	0.0
	3p	-	71	340.0	240.0	185.0	353.0	1118.0	0.0	2.0	0.0	2.0	1.0	0.0	1.0	0.0	0.0	0.0	0.0	1.00.0	0.0	0.0	0.0	0.0	0.0	0.0	0.0	0.0
	3p	-	72	314.0	175.0	199.0	338.0	1026.0	0.0	3.0	1.0	0.0	0.0	0.0	0.0	0.0	0.0	1.0	0.0	1.00.0	0.0	0.0	0.0	0.0	0.0	0.0	0.0	0.0
	3p	-	73	278.0	174.0	165.0	325.0	942.0	2.0	0.0	1.0	1.0	0.0	0.0	0.0	1.0	0.0	0.0	0.0	0.00.0	0.0	0.0	0.0	0.0	0.0	0.0	0.0	0.0
	3p	-	74	245.0	179.0	137.0	299.0	860.0	2.0	0.0	1.0	0.0	0.0	0.0	0.0	0.0	0.0	0.0	1.0	0.00.0	0.0	0.0	0.0	0.0	0.0	0.0	0.0	0.0
	3p	-	75	212.0	172.0	132.0	267.0	783.0	0.0	4.0	0.0	0.0	0.0	0.0	0.0	2.0	0.0	0.0	0.0	1.00.0	0.0	0.0	0.0	0.0	0.0	0.0	0.0	0.0
	3p	-	76	226.0	131.0	115.0	231.0	703.0	1.0	1.0	0.0	1.0	0.0	0.0	0.0	0.0	0.0	0.0	0.0	1.00.0	0.0	0.0	0.0	0.0	0.0	0.0	0.0	0.0
	3p	-	77	189.0	137.0	108.0	206.0	640.0	0.0	2.0	1.0	0.0	0.0	0.0	0.0	0.0	1.0	0.0	0.0	1.00.0	0.0	0.0	0.0	0.0	0.0	0.0	0.0	0.0
	3p	-	78	204.0	109.0	104.0	169.0	586.0	0.0	0.0	0.0	2.0	0.0	0.0	1.0	0.0	0.0	0.0	0.0	1.00.0	0.0	0.0	0.0	0.0	0.0	0.0	0.0	0.0
	3p	-	79	161.0	106.0	80.0	178.0	525.0	1.0	1.0	1.0	0.0	0.0	0.0	0.0	0.0	0.0	0.0	1.0	0.00.0	0.0	0.0	0.0	0.0	0.0	0.0	0.0	0.0
	3p	-	80	153.0	94.0	97.0	132.0	476.0	0.0	0.0	0.0	0.0	0.0	0.0	0.0	0.0	0.0	1.0	0.0	1.00.0	0.0	0.0	0.0	0.0	0.0	0.0	0.0	0.0
	3p	-	81	123.0	75.0	67.0	141.0	406.0	0.0	2.0	1.0	0.0	0.0	0.0	0.0	0.0	1.0	0.0	0.0	0.00.0	0.0	0.0	0.0	0.0	0.0	0.0	0.0	0.0
	3p	-	82	116.0	84.0	59.0	115.0	374.0	0.0	1.0	0.0	0.0	0.0	0.0	0.0	0.0	1.0	0.0	0.0	0.00.0	0.0	0.0	0.0	0.0	0.0	0.0	0.0	0.0
	3p	-	83	107.0	69.0	63.0	95.0	334.0	0.0	0.0	0.0	0.0	0.0	0.0	0.0	0.0	0.0	0.0	0.0	1.00.0	0.0	0.0	0.0	0.0	0.0	0.0	0.0	0.0
	3p	-	84	80.0	55.0	46.0	104.0	285.0	0.0	1.0	0.0	0.0	0.0	0.0	0.0	0.0	0.0	1.0	0.0	0.00.0	0.0	0.0	0.0	0.0	0.0	0.0	0.0	0.0
	3p	-	85	77.0	43.0	42.0	80.0	242.0	0.0	1.0	0.0	1.0	0.0	0.0	0.0	0.0	0.0	0.0	0.0	0.00.0	0.0	0.0	0.0	0.0	0.0	0.0	0.0	0.0
	3p	-	86	57.0	36.0	33.0	72.0	198.0	0.0	0.0	0.0	0.0	0.0	0.0	0.0	0.0	0.0	0.0	0.0	0.00.0	0.0	0.0	0.0	0.0	0.0	0.0	0.0	0.0
	3p	-	87	47.0	41.0	20.0	52.0	160.0	0.0	0.0	0.0	0.0	0.0	0.0	0.0	0.0	0.0	0.0	0.0	0.00.0	0.0	0.0	0.0	0.0	0.0	0.0	0.0	0.0
	3p	-	88	52.0	17.0	19.0	39.0	127.0	0.0	1.0	0.0	0.0	0.0	0.0	0.0	0.0	0.0	0.0	0.0	0.00.0	0.0	0.0	0.0	0.0	0.0	0.0	0.0	0.0
	3p	-	89	29.0	17.0	15.0	25.0	86.0	0.0	0.0	0.0	0.0	0.0	0.0	0.0	0.0	0.0	0.0	0.0	0.00.0	0.0	0.0	0.0	0.0	0.0	0.0	0.0	0.0
	3p	-	90	15.0	8.0	11.0	14.0	48.0	1.0	0.0	0.0	0.0	0.0	0.0	0.0	0.0	0.0	0.0	0.0	0.00.0	0.0	0.0	0.0	0.0	0.0	0.0	0.0	0.0
	3p	-	91	7.0	2.0	0.0	7.0	16.0	0.0	0.0	1.0	0.0	0.0	0.0	0.0	0.0	0.0	0.0	0.0	0.00.0	0.0	0.0	0.0	0.0	0.0	0.0	0.0	0.0
	3p	-	92	0.0	0.0	0.0	0.0	0.0	0.0	0.0	0.0	0.0	0.0	0.0	0.0	0.0	0.0	0.0	0.0	0.00.0	0.0	0.0	0.0	0.0	0.0	0.0	0.0	0.0
	3p	-	93	0.0	0.0	0.0	0.0	0.0	0.0	0.0	0.0	0.0	0.0	0.0	0.0	0.0	0.0	0.0	0.0	0.00.0	0.0	0.0	0.0	0.0	0.0	0.0	0.0	0.0
	3p	-	94	0.0	0.0	0.0	0.0	0.0	0.0	0.0	0.0	0.0	0.0	0.0	0.0	0.0	0.0	0.0	0.0	0.00.0	0.0	0.0	0.0	0.0	0.0	0.0	0.0	0.0
	3p	-	95	0.0	0.0	0.0	0.0	0.0	0.0	0.0	0.0	0.0	0.0	0.0	0.0	0.0	0.0	0.0	0.0	0.00.0	0.0	0.0	0.0	0.0	0.0	0.0	0.0	0.0
	3p	-	96	0.0	0.0	0.0	0.0	0.0	0.0	0.0	0.0	0.0	0.0	0.0	0.0	0.0	0.0	0.0	0.0	0.00.0	0.0	0.0	0.0	0.0	0.0	0.0	0.0	0.0
	3p	-	97	0.0	0.0	0.0	0.0	0.0	0.0	0.0	0.0	0.0	0.0	0.0	0.0	0.0	0.0	0.0	0.0	0.00.0	0.0	0.0	0.0	0.0	0.0	0.0	0.0	0.0
	3p	-	98	0.0	0.0	0.0	0.0	0.0	0.0	0.0	0.0	0.0	0.0	0.0	0.0	0.0	0.0	0.0	0.0	0.00.0	0.0	0.0	0.0	0.0	0.0	0.0	0.0	0.0
	3p	-	99	0.0	0.0	0.0	0.0	0.0	0.0	0.0	0.0	0.0	0.0	0.0	0.0	0.0	0.0	0.0	0.0	0.00.0	0.0	0.0	0.0	0.0	0.0	0.0	0.0	0.0
	3p	-	100	0.0	0.0	0.0	0.0	0.0	0.0	0.0	0.0	0.0	0.0	0.0	0.0	0.0	0.0	0.0	0.0	0.00.0	0.0	0.0	0.0	0.0	0.0	0.0	0.0	0.0
	5p	+	1	4520.0	2806.0	1804.0	4334.0	13464.0	14.0	82.0	17.0	9.0	6.0	10.0	3.0	8.0	8.0	6.0	5.0	11.00.0	0.0	0.0	0.0	0.0	0.0	0.0	0.0	0.0
	5p	+	2	4213.0	2388.0	2404.0	4462.0	13467.0	11.0	28.0	12.0	8.0	3.0	8.0	6.0	5.0	3.0	5.0	2.0	15.00.0	0.0	0.0	0.0	1.0	0.0	0.0	0.0	0.0
	5p	+	3	4295.0	2649.0	2324.0	4203.0	13471.0	6.0	16.0	9.0	8.0	3.0	3.0	4.0	5.0	3.0	8.0	4.0	5.00.0	0.0	0.0	0.0	0.0	0.0	1.0	0.0	0.0
	5p	+	4	4238.0	2684.0	2487.0	4061.0	13470.0	13.0	9.0	8.0	8.0	4.0	2.0	3.0	6.0	3.0	7.0	3.0	5.00.0	0.0	0.0	0.0	0.0	0.0	2.0	2.0	0.0
	5p	+	5	4198.0	2612.0	2417.0	4240.0	13467.0	8.0	13.0	8.0	14.0	2.0	2.0	1.0	5.0	4.0	5.0	3.0	9.00.0	0.0	0.0	0.0	3.0	0.0	3.0	2.0	0.0
	5p	+	6	4173.0	2526.0	2567.0	4198.0	13464.0	6.0	13.0	17.0	15.0	2.0	4.0	5.0	4.0	3.0	5.0	0.0	7.00.0	0.0	0.0	0.0	3.0	0.0	6.0	3.0	0.0
	5p	+	7	4361.0	2471.0	2568.0	4059.0	13459.0	6.0	7.0	11.0	8.0	3.0	3.0	2.0	4.0	0.0	2.0	2.0	10.00.0	0.0	0.0	0.0	14.0	0.0	3.0	2.0	0.0
	5p	+	8	4578.0	2445.0	2343.0	4098.0	13464.0	9.0	7.0	8.0	7.0	1.0	4.0	1.0	5.0	2.0	4.0	5.0	8.00.0	0.0	0.0	0.0	4.0	0.0	5.0	7.0	0.0
	5p	+	9	4479.0	2424.0	2321.0	4247.0	13471.0	4.0	8.0	12.0	12.0	4.0	2.0	2.0	4.0	3.0	3.0	2.0	16.00.0	0.0	0.0	0.0	5.0	0.0	4.0	2.0	0.0
	5p	+	10	4415.0	2572.0	2288.0	4196.0	13471.0	12.0	11.0	9.0	10.0	1.0	2.0	3.0	2.0	2.0	9.0	3.0	8.00.0	0.0	0.0	0.0	4.0	0.0	2.0	3.0	0.0
	5p	+	11	4269.0	2598.0	2344.0	4257.0	13468.0	10.0	9.0	9.0	11.0	6.0	8.0	4.0	4.0	2.0	4.0	2.0	3.00.0	0.0	0.0	0.0	9.0	0.0	4.0	2.0	0.0
	5p	+	12	4348.0	2577.0	2429.0	4113.0	13467.0	8.0	10.0	10.0	11.0	3.0	3.0	4.0	0.0	2.0	3.0	5.0	9.00.0	0.0	0.0	0.0	11.0	0.0	1.0	3.0	0.0
	5p	+	13	4405.0	2543.0	2337.0	4184.0	13469.0	6.0	9.0	11.0	14.0	6.0	3.0	1.0	5.0	2.0	2.0	3.0	9.00.0	0.0	0.0	0.0	7.0	0.0	2.0	1.0	0.0
	5p	+	14	4462.0	2559.0	2332.0	4106.0	13459.0	8.0	7.0	9.0	10.0	2.0	1.0	3.0	2.0	0.0	3.0	1.0	10.00.0	0.0	0.0	0.0	10.0	0.0	10.0	2.0	0.0
	5p	+	15	4363.0	2614.0	2296.0	4189.0	13462.0	9.0	14.0	11.0	10.0	5.0	0.0	0.0	3.0	7.0	5.0	2.0	12.00.0	0.0	0.0	0.0	9.0	0.0	5.0	6.0	0.0
	5p	+	16	4383.0	2631.0	2314.0	4134.0	13462.0	7.0	10.0	14.0	8.0	4.0	2.0	5.0	2.0	3.0	2.0	2.0	14.00.0	0.0	0.0	0.0	7.0	0.0	8.0	4.0	0.0
	5p	+	17	4475.0	2508.0	2364.0	4124.0	13471.0	6.0	14.0	11.0	4.0	5.0	4.0	5.0	0.0	2.0	3.0	8.0	11.00.0	0.0	0.0	0.0	4.0	0.0	5.0	2.0	0.0
	5p	+	18	4379.0	2424.0	2366.0	4298.0	13467.0	7.0	12.0	8.0	16.0	4.0	2.0	0.0	3.0	3.0	8.0	3.0	6.00.0	0.0	0.0	0.0	4.0	0.0	2.0	4.0	0.0
	5p	+	19	4346.0	2494.0	2370.0	4254.0	13464.0	6.0	4.0	9.0	8.0	4.0	6.0	4.0	3.0	5.0	4.0	3.0	8.00.0	0.0	0.0	0.0	7.0	0.0	4.0	4.0	0.0
	5p	+	20	4246.0	2664.0	2261.0	4299.0	13470.0	10.0	6.0	7.0	6.0	4.0	3.0	2.0	2.0	4.0	6.0	5.0	9.00.0	0.0	0.0	0.0	3.0	0.0	4.0	6.0	0.0
	5p	+	21	4281.0	2544.0	2368.0	4275.0	13468.0	9.0	9.0	7.0	14.0	2.0	3.0	3.0	5.0	1.0	1.0	4.0	10.00.0	0.0	0.0	0.0	5.0	0.0	4.0	4.0	0.0
	5p	+	22	4306.0	2619.0	2264.0	4282.0	13471.0	5.0	10.0	12.0	11.0	5.0	5.0	2.0	4.0	5.0	6.0	1.0	6.00.0	0.0	0.0	0.0	6.0	0.0	2.0	4.0	0.0
	5p	+	23	4446.0	2612.0	2300.0	4106.0	13464.0	9.0	18.0	9.0	8.0	0.0	3.0	5.0	2.0	3.0	4.0	4.0	9.00.0	0.0	0.0	0.0	5.0	0.0	5.0	6.0	0.0
	5p	+	24	4343.0	2509.0	2333.0	4275.0	13460.0	11.0	11.0	8.0	10.0	2.0	3.0	3.0	5.0	2.0	6.0	5.0	7.00.0	0.0	0.0	0.0	8.0	0.0	4.0	6.0	0.0
	5p	+	25	4536.0	2525.0	2334.0	4070.0	13465.0	7.0	9.0	11.0	6.0	5.0	2.0	1.0	3.0	1.0	5.0	1.0	7.00.0	0.0	0.0	0.0	9.0	0.0	4.0	5.0	0.0
	5p	+	26	4420.0	2574.0	2315.0	4162.0	13471.0	7.0	11.0	5.0	7.0	7.0	2.0	1.0	3.0	3.0	4.0	3.0	8.00.0	0.0	0.0	0.0	4.0	0.0	2.0	0.0	0.0
	5p	+	27	4500.0	2550.0	2320.0	4106.0	13476.0	8.0	18.0	6.0	7.0	2.0	7.0	2.0	5.0	4.0	9.0	4.0	9.00.0	0.0	0.0	0.0	4.0	0.0	1.0	0.0	0.0
	5p	+	28	4564.0	2502.0	2300.0	4112.0	13478.0	9.0	12.0	10.0	9.0	5.0	2.0	2.0	4.0	4.0	4.0	1.0	7.00.0	0.0	0.0	0.0	1.0	0.0	0.0	1.0	0.0
	5p	+	29	4563.0	2484.0	2273.0	4159.0	13479.0	10.0	19.0	4.0	9.0	10.0	6.0	6.0	4.0	5.0	5.0	6.0	14.00.0	0.0	0.0	0.0	0.0	0.0	1.0	0.0	0.0
	5p	+	30	4656.0	2462.0	2207.0	4148.0	13473.0	9.0	28.0	8.0	13.0	5.0	5.0	5.0	6.0	0.0	3.0	0.0	8.00.0	0.0	0.0	0.0	2.0	0.0	2.0	0.0	0.0
	5p	+	31	4361.0	2383.0	2134.0	4014.0	12892.0	17.0	17.0	13.0	5.0	2.0	3.0	0.0	2.0	1.0	6.0	1.0	13.00.0	0.0	0.0	0.0	3.0	0.0	2.0	0.0	0.0
	5p	+	32	4202.0	2299.0	2111.0	3796.0	12408.0	11.0	27.0	5.0	11.0	3.0	3.0	1.0	3.0	1.0	2.0	3.0	11.00.0	0.0	0.0	0.0	2.0	0.0	1.0	1.0	0.0
	5p	+	33	4088.0	2224.0	1984.0	3665.0	11961.0	7.0	23.0	13.0	5.0	1.0	9.0	1.0	3.0	2.0	5.0	1.0	7.00.0	0.0	0.0	0.0	2.0	0.0	0.0	1.0	0.0
	5p	+	34	3961.0	2091.0	1896.0	3544.0	11492.0	8.0	18.0	9.0	10.0	1.0	3.0	1.0	2.0	2.0	2.0	1.0	3.00.0	0.0	0.0	0.0	1.0	0.0	0.0	0.0	0.0
	5p	+	35	3828.0	2021.0	1806.0	3337.0	10992.0	4.0	28.0	7.0	10.0	3.0	5.0	3.0	5.0	0.0	3.0	1.0	4.00.0	0.0	0.0	0.0	1.0	0.0	0.0	0.0	0.0
	5p	+	36	3685.0	1991.0	1689.0	3173.0	10538.0	6.0	22.0	8.0	5.0	4.0	0.0	3.0	0.0	1.0	3.0	4.0	3.00.0	0.0	0.0	0.0	0.0	0.0	1.0	0.0	0.0
	5p	+	37	3503.0	1833.0	1648.0	3077.0	10061.0	3.0	29.0	6.0	7.0	1.0	3.0	0.0	2.0	1.0	3.0	2.0	8.00.0	0.0	0.0	0.0	1.0	0.0	0.0	0.0	0.0
	5p	+	38	3341.0	1772.0	1569.0	2945.0	9627.0	2.0	9.0	5.0	4.0	1.0	2.0	2.0	7.0	1.0	0.0	1.0	7.00.0	0.0	0.0	0.0	0.0	0.0	0.0	0.0	0.0
	5p	+	39	3246.0	1649.0	1443.0	2839.0	9177.0	9.0	20.0	1.0	5.0	2.0	1.0	1.0	3.0	2.0	4.0	4.0	9.00.0	0.0	0.0	0.0	1.0	0.0	0.0	0.0	0.0
	5p	+	40	3110.0	1594.0	1406.0	2599.0	8709.0	6.0	21.0	7.0	7.0	2.0	1.0	2.0	2.0	0.0	0.0	2.0	9.00.0	0.0	0.0	0.0	1.0	0.0	0.0	1.0	0.0
	5p	+	41	2778.0	1516.0	1355.0	2580.0	8229.0	9.0	29.0	3.0	1.0	3.0	5.0	0.0	2.0	2.0	0.0	3.0	6.00.0	0.0	0.0	0.0	1.0	0.0	1.0	0.0	0.0
	5p	+	42	2614.0	1466.0	1254.0	2449.0	7783.0	7.0	20.0	5.0	5.0	1.0	2.0	0.0	1.0	1.0	6.0	1.0	2.00.0	0.0	0.0	0.0	1.0	0.0	0.0	0.0	0.0
	5p	+	43	2456.0	1322.0	1185.0	2381.0	7344.0	1.0	17.0	4.0	9.0	3.0	0.0	1.0	1.0	1.0	4.0	3.0	6.00.0	0.0	0.0	0.0	0.0	0.0	0.0	0.0	0.0
	5p	+	44	2465.0	1244.0	1094.0	2151.0	6954.0	4.0	27.0	10.0	3.0	4.0	0.0	1.0	1.0	0.0	0.0	2.0	3.00.0	0.0	0.0	0.0	0.0	0.0	1.0	0.0	0.0
	5p	+	45	2277.0	1253.0	1006.0	2039.0	6575.0	2.0	21.0	5.0	3.0	1.0	3.0	0.0	2.0	0.0	0.0	1.0	9.00.0	0.0	0.0	0.0	1.0	0.0	0.0	0.0	0.0
	5p	+	46	2142.0	1135.0	1012.0	1937.0	6226.0	1.0	15.0	3.0	8.0	1.0	0.0	1.0	3.0	0.0	0.0	1.0	5.00.0	0.0	0.0	0.0	0.0	0.0	0.0	0.0	0.0
	5p	+	47	2047.0	1024.0	953.0	1841.0	5865.0	6.0	16.0	5.0	5.0	0.0	2.0	0.0	0.0	1.0	2.0	0.0	1.00.0	0.0	0.0	0.0	0.0	0.0	0.0	1.0	0.0
	5p	+	48	1876.0	1011.0	880.0	1755.0	5522.0	7.0	10.0	4.0	4.0	0.0	2.0	0.0	0.0	1.0	1.0	2.0	3.00.0	0.0	0.0	0.0	0.0	0.0	0.0	1.0	0.0
	5p	+	49	1761.0	920.0	802.0	1688.0	5171.0	3.0	11.0	4.0	2.0	2.0	3.0	0.0	3.0	1.0	1.0	0.0	6.00.0	0.0	0.0	0.0	0.0	0.0	0.0	0.0	0.0
	5p	+	50	1679.0	916.0	811.0	1482.0	4888.0	2.0	26.0	2.0	4.0	1.0	2.0	0.0	2.0	1.0	1.0	2.0	2.00.0	0.0	0.0	0.0	0.0	0.0	0.0	0.0	0.0
	5p	+	51	1595.0	832.0	683.0	1463.0	4573.0	0.0	17.0	1.0	1.0	2.0	0.0	0.0	2.0	2.0	0.0	3.0	0.00.0	0.0	0.0	0.0	0.0	0.0	0.0	0.0	0.0
	5p	+	52	1459.0	777.0	701.0	1332.0	4269.0	1.0	13.0	8.0	2.0	3.0	1.0	0.0	3.0	0.0	0.0	1.0	3.00.0	0.0	0.0	0.0	0.0	0.0	0.0	0.0	0.0
	5p	+	53	1332.0	722.0	631.0	1298.0	3983.0	2.0	18.0	1.0	4.0	1.0	3.0	0.0	1.0	0.0	2.0	1.0	3.00.0	0.0	0.0	0.0	0.0	0.0	0.0	0.0	0.0
	5p	+	54	1226.0	678.0	589.0	1239.0	3732.0	3.0	13.0	3.0	3.0	2.0	4.0	0.0	2.0	1.0	2.0	2.0	2.00.0	0.0	0.0	0.0	0.0	0.0	0.0	0.0	0.0
	5p	+	55	1199.0	650.0	581.0	1073.0	3503.0	2.0	14.0	4.0	3.0	1.0	1.0	2.0	1.0	1.0	1.0	1.0	1.00.0	0.0	0.0	0.0	0.0	0.0	0.0	0.0	0.0
	5p	+	56	1083.0	622.0	541.0	1051.0	3297.0	3.0	13.0	3.0	4.0	2.0	2.0	0.0	2.0	1.0	1.0	1.0	2.00.0	0.0	0.0	0.0	0.0	0.0	0.0	0.0	0.0
	5p	+	57	1072.0	510.0	557.0	945.0	3084.0	1.0	12.0	5.0	5.0	5.0	2.0	0.0	2.0	1.0	2.0	1.0	1.00.0	0.0	0.0	0.0	0.0	0.0	0.0	0.0	0.0
	5p	+	58	986.0	489.0	481.0	935.0	2891.0	3.0	13.0	3.0	2.0	2.0	0.0	0.0	1.0	0.0	1.0	1.0	3.00.0	0.0	0.0	0.0	0.0	0.0	0.0	0.0	0.0
	5p	+	59	909.0	454.0	458.0	881.0	2702.0	1.0	12.0	1.0	1.0	2.0	1.0	1.0	0.0	0.0	0.0	0.0	2.00.0	0.0	0.0	0.0	0.0	0.0	0.0	0.0	0.0
	5p	+	60	848.0	440.0	446.0	772.0	2506.0	2.0	4.0	4.0	0.0	1.0	2.0	1.0	1.0	0.0	1.0	0.0	3.00.0	0.0	0.0	0.0	0.0	0.0	0.0	0.0	0.0
	5p	+	61	779.0	423.0	385.0	755.0	2342.0	3.0	5.0	2.0	2.0	0.0	1.0	0.0	0.0	1.0	2.0	1.0	3.00.0	0.0	0.0	0.0	0.0	0.0	0.0	0.0	0.0
	5p	+	62	719.0	406.0	351.0	721.0	2197.0	0.0	7.0	0.0	2.0	1.0	1.0	1.0	1.0	1.0	0.0	1.0	0.00.0	0.0	0.0	0.0	0.0	0.0	0.0	0.0	0.0
	5p	+	63	708.0	358.0	345.0	646.0	2057.0	0.0	9.0	0.0	1.0	0.0	0.0	3.0	0.0	0.0	0.0	0.0	0.00.0	0.0	0.0	0.0	0.0	0.0	0.0	0.0	0.0
	5p	+	64	636.0	337.0	302.0	630.0	1905.0	2.0	8.0	5.0	0.0	0.0	2.0	2.0	0.0	1.0	1.0	1.0	0.00.0	0.0	0.0	0.0	0.0	0.0	0.0	0.0	0.0
	5p	+	65	591.0	354.0	286.0	529.0	1760.0	1.0	6.0	0.0	5.0	0.0	2.0	0.0	1.0	1.0	2.0	1.0	1.00.0	0.0	0.0	0.0	1.0	0.0	0.0	0.0	0.0
	5p	+	66	524.0	321.0	265.0	531.0	1641.0	1.0	10.0	0.0	0.0	1.0	2.0	0.0	0.0	0.0	1.0	0.0	0.00.0	0.0	0.0	0.0	0.0	0.0	0.0	1.0	0.0
	5p	+	67	519.0	258.0	261.0	482.0	1520.0	1.0	12.0	0.0	1.0	0.0	0.0	0.0	1.0	0.0	1.0	0.0	4.00.0	0.0	0.0	0.0	1.0	0.0	0.0	0.0	0.0
	5p	+	68	458.0	263.0	237.0	450.0	1408.0	0.0	3.0	2.0	0.0	0.0	0.0	0.0	0.0	0.0	1.0	1.0	1.00.0	0.0	0.0	0.0	0.0	0.0	0.0	0.0	0.0
	5p	+	69	428.0	242.0	205.0	428.0	1303.0	1.0	8.0	1.0	1.0	0.0	2.0	0.0	1.0	0.0	0.0	0.0	2.00.0	0.0	0.0	0.0	0.0	0.0	0.0	0.0	0.0
	5p	+	70	433.0	192.0	200.0	388.0	1213.0	2.0	2.0	1.0	0.0	0.0	0.0	0.0	1.0	0.0	0.0	0.0	1.00.0	0.0	0.0	0.0	0.0	0.0	0.0	0.0	0.0
	5p	+	71	368.0	193.0	201.0	347.0	1109.0	0.0	2.0	1.0	1.0	0.0	0.0	1.0	0.0	1.0	2.0	0.0	0.00.0	0.0	0.0	0.0	0.0	0.0	0.0	0.0	0.0
	5p	+	72	330.0	189.0	168.0	311.0	998.0	2.0	5.0	2.0	1.0	0.0	0.0	0.0	0.0	0.0	0.0	0.0	0.00.0	0.0	0.0	0.0	0.0	0.0	0.0	0.0	0.0
	5p	+	73	342.0	152.0	134.0	298.0	926.0	0.0	2.0	0.0	0.0	0.0	2.0	0.0	0.0	1.0	0.0	0.0	0.00.0	0.0	0.0	0.0	0.0	0.0	0.0	0.0	0.0
	5p	+	74	286.0	142.0	140.0	285.0	853.0	0.0	5.0	1.0	0.0	0.0	0.0	0.0	0.0	0.0	0.0	0.0	0.00.0	0.0	0.0	0.0	0.0	0.0	0.0	0.0	0.0
	5p	+	75	248.0	150.0	130.0	249.0	777.0	0.0	5.0	2.0	1.0	1.0	1.0	0.0	0.0	1.0	0.0	0.0	0.00.0	0.0	0.0	0.0	0.0	0.0	0.0	0.0	0.0
	5p	+	76	238.0	147.0	116.0	216.0	717.0	0.0	5.0	2.0	0.0	0.0	1.0	0.0	1.0	0.0	0.0	0.0	1.00.0	0.0	0.0	0.0	0.0	0.0	0.0	0.0	0.0
	5p	+	77	199.0	122.0	92.0	229.0	642.0	0.0	3.0	0.0	0.0	0.0	0.0	0.0	1.0	0.0	0.0	0.0	1.00.0	0.0	0.0	0.0	0.0	0.0	0.0	0.0	0.0
	5p	+	78	200.0	106.0	96.0	181.0	583.0	0.0	5.0	0.0	0.0	0.0	0.0	0.0	0.0	0.0	0.0	0.0	1.00.0	0.0	0.0	0.0	0.0	0.0	0.0	0.0	0.0
	5p	+	79	159.0	95.0	81.0	176.0	511.0	0.0	3.0	0.0	0.0	0.0	0.0	0.0	0.0	0.0	0.0	0.0	0.00.0	0.0	0.0	0.0	0.0	0.0	0.0	0.0	0.0
	5p	+	80	172.0	70.0	68.0	148.0	458.0	0.0	2.0	1.0	0.0	0.0	0.0	0.0	0.0	0.0	1.0	0.0	0.00.0	0.0	0.0	0.0	0.0	0.0	0.0	0.0	0.0
	5p	+	81	155.0	66.0	68.0	122.0	411.0	0.0	2.0	0.0	0.0	0.0	0.0	0.0	0.0	0.0	0.0	0.0	2.00.0	0.0	0.0	0.0	0.0	0.0	0.0	0.0	0.0
	5p	+	82	125.0	66.0	53.0	110.0	354.0	0.0	0.0	0.0	1.0	0.0	0.0	0.0	0.0	1.0	0.0	0.0	0.00.0	0.0	0.0	0.0	0.0	0.0	0.0	0.0	0.0
	5p	+	83	94.0	62.0	42.0	100.0	298.0	0.0	3.0	0.0	0.0	0.0	0.0	0.0	0.0	0.0	0.0	0.0	0.00.0	0.0	0.0	0.0	0.0	0.0	0.0	0.0	0.0
	5p	+	84	96.0	41.0	42.0	81.0	260.0	0.0	1.0	0.0	0.0	0.0	0.0	0.0	0.0	0.0	0.0	0.0	1.00.0	0.0	0.0	0.0	0.0	0.0	0.0	0.0	0.0
	5p	+	85	72.0	42.0	27.0	76.0	217.0	0.0	2.0	0.0	0.0	0.0	0.0	0.0	0.0	0.0	0.0	0.0	0.00.0	0.0	0.0	0.0	0.0	0.0	0.0	0.0	0.0
	5p	+	86	58.0	34.0	33.0	60.0	185.0	0.0	1.0	2.0	0.0	0.0	0.0	0.0	0.0	0.0	0.0	0.0	0.00.0	0.0	0.0	0.0	0.0	0.0	0.0	0.0	0.0
	5p	+	87	49.0	25.0	16.0	50.0	140.0	0.0	1.0	0.0	0.0	0.0	0.0	0.0	0.0	0.0	0.0	0.0	0.00.0	0.0	0.0	0.0	0.0	0.0	0.0	0.0	0.0
	5p	+	88	50.0	22.0	9.0	27.0	108.0	0.0	1.0	0.0	0.0	0.0	0.0	0.0	0.0	0.0	0.0	0.0	0.00.0	0.0	0.0	0.0	0.0	0.0	0.0	0.0	0.0
	5p	+	89	32.0	18.0	10.0	24.0	84.0	0.0	0.0	0.0	0.0	0.0	0.0	0.0	0.0	0.0	0.0	0.0	0.00.0	0.0	0.0	0.0	0.0	0.0	0.0	0.0	0.0
	5p	+	90	20.0	7.0	7.0	23.0	57.0	0.0	1.0	0.0	0.0	0.0	0.0	0.0	0.0	0.0	0.0	0.0	0.00.0	0.0	0.0	0.0	0.0	0.0	0.0	0.0	0.0
	5p	+	91	8.0	3.0	1.0	10.0	22.0	0.0	0.0	0.0	0.0	0.0	0.0	0.0	0.0	0.0	0.0	0.0	0.00.0	0.0	0.0	0.0	0.0	0.0	0.0	0.0	0.0
	5p	+	92	0.0	0.0	0.0	0.0	0.0	0.0	0.0	0.0	0.0	0.0	0.0	0.0	0.0	0.0	0.0	0.0	0.00.0	0.0	0.0	0.0	0.0	0.0	0.0	0.0	0.0
	5p	+	93	0.0	0.0	0.0	0.0	0.0	0.0	0.0	0.0	0.0	0.0	0.0	0.0	0.0	0.0	0.0	0.0	0.00.0	0.0	0.0	0.0	0.0	0.0	0.0	0.0	0.0
	5p	+	94	0.0	0.0	0.0	0.0	0.0	0.0	0.0	0.0	0.0	0.0	0.0	0.0	0.0	0.0	0.0	0.0	0.00.0	0.0	0.0	0.0	0.0	0.0	0.0	0.0	0.0
	5p	+	95	0.0	0.0	0.0	0.0	0.0	0.0	0.0	0.0	0.0	0.0	0.0	0.0	0.0	0.0	0.0	0.0	0.00.0	0.0	0.0	0.0	0.0	0.0	0.0	0.0	0.0
	5p	+	96	0.0	0.0	0.0	0.0	0.0	0.0	0.0	0.0	0.0	0.0	0.0	0.0	0.0	0.0	0.0	0.0	0.00.0	0.0	0.0	0.0	0.0	0.0	0.0	0.0	0.0
	5p	+	97	0.0	0.0	0.0	0.0	0.0	0.0	0.0	0.0	0.0	0.0	0.0	0.0	0.0	0.0	0.0	0.0	0.00.0	0.0	0.0	0.0	0.0	0.0	0.0	0.0	0.0
	5p	+	98	0.0	0.0	0.0	0.0	0.0	0.0	0.0	0.0	0.0	0.0	0.0	0.0	0.0	0.0	0.0	0.0	0.00.0	0.0	0.0	0.0	0.0	0.0	0.0	0.0	0.0
	5p	+	99	0.0	0.0	0.0	0.0	0.0	0.0	0.0	0.0	0.0	0.0	0.0	0.0	0.0	0.0	0.0	0.0	0.00.0	0.0	0.0	0.0	0.0	0.0	0.0	0.0	0.0
	5p	+	100	0.0	0.0	0.0	0.0	0.0	0.0	0.0	0.0	0.0	0.0	0.0	0.0	0.0	0.0	0.0	0.0	0.00.0	0.0	0.0	0.0	0.0	0.0	0.0	0.0	0.0
	5p	-	1	4282.0	2748.0	1756.0	4332.0	13118.0	15.0	81.0	22.0	14.0	9.0	9.0	2.0	8.0	8.0	10.0	7.0	7.00.0	0.0	0.0	0.0	0.0	0.0	0.0	0.0	0.0
	5p	-	2	4051.0	2333.0	2318.0	4423.0	13125.0	18.0	27.0	11.0	9.0	3.0	3.0	5.0	7.0	4.0	8.0	2.0	17.00.0	0.0	0.0	0.0	0.0	0.0	0.0	0.0	0.0
	5p	-	3	4166.0	2565.0	2280.0	4119.0	13130.0	9.0	14.0	10.0	10.0	1.0	7.0	2.0	5.0	5.0	9.0	1.0	8.00.0	0.0	0.0	0.0	0.0	0.0	0.0	0.0	0.0
	5p	-	4	4145.0	2575.0	2422.0	3996.0	13138.0	6.0	16.0	12.0	10.0	2.0	3.0	6.0	5.0	6.0	4.0	1.0	6.00.0	0.0	0.0	0.0	0.0	0.0	0.0	0.0	0.0
	5p	-	5	3996.0	2566.0	2422.0	4147.0	13131.0	5.0	11.0	13.0	7.0	8.0	7.0	3.0	4.0	2.0	4.0	1.0	10.00.0	0.0	0.0	0.0	0.0	0.0	7.0	2.0	0.0
	5p	-	6	3909.0	2589.0	2443.0	4189.0	13130.0	3.0	10.0	9.0	9.0	2.0	3.0	2.0	6.0	2.0	5.0	5.0	7.00.0	0.0	0.0	0.0	2.0	0.0	4.0	5.0	0.0
	5p	-	7	4143.0	2467.0	2435.0	4085.0	13130.0	8.0	10.0	8.0	6.0	4.0	5.0	1.0	2.0	2.0	8.0	1.0	8.00.0	0.0	0.0	0.0	4.0	0.0	6.0	2.0	0.0
	5p	-	8	4343.0	2342.0	2283.0	4165.0	13133.0	7.0	11.0	10.0	18.0	1.0	6.0	2.0	2.0	4.0	3.0	4.0	7.00.0	0.0	0.0	0.0	3.0	0.0	3.0	4.0	0.0
	5p	-	9	4219.0	2355.0	2308.0	4250.0	13132.0	12.0	10.0	15.0	12.0	4.0	7.0	2.0	4.0	0.0	7.0	3.0	11.00.0	0.0	0.0	0.0	6.0	0.0	4.0	2.0	0.0
	5p	-	10	4164.0	2411.0	2267.0	4289.0	13131.0	5.0	10.0	10.0	9.0	4.0	5.0	3.0	5.0	2.0	4.0	5.0	8.00.0	0.0	0.0	0.0	4.0	0.0	5.0	5.0	0.0
	5p	-	11	3991.0	2571.0	2304.0	4264.0	13130.0	8.0	16.0	6.0	4.0	4.0	1.0	2.0	1.0	2.0	2.0	4.0	8.00.0	0.0	0.0	0.0	3.0	0.0	7.0	5.0	0.0
	5p	-	12	4053.0	2486.0	2322.0	4274.0	13135.0	8.0	11.0	7.0	8.0	2.0	4.0	4.0	4.0	6.0	7.0	4.0	10.00.0	0.0	0.0	0.0	1.0	0.0	5.0	5.0	0.0
	5p	-	13	4110.0	2502.0	2273.0	4246.0	13131.0	10.0	11.0	9.0	12.0	4.0	2.0	1.0	3.0	8.0	2.0	3.0	11.00.0	0.0	0.0	0.0	3.0	0.0	5.0	4.0	0.0
	5p	-	14	4083.0	2545.0	2239.0	4270.0	13137.0	12.0	17.0	9.0	10.0	5.0	2.0	3.0	2.0	6.0	2.0	3.0	15.00.0	0.0	0.0	0.0	3.0	0.0	2.0	3.0	0.0
	5p	-	15	4187.0	2429.0	2277.0	4244.0	13137.0	8.0	12.0	12.0	6.0	3.0	2.0	4.0	3.0	2.0	2.0	1.0	11.00.0	0.0	0.0	0.0	2.0	0.0	7.0	4.0	0.0
	5p	-	16	4112.0	2555.0	2338.0	4134.0	13139.0	11.0	13.0	10.0	7.0	3.0	3.0	2.0	4.0	1.0	1.0	5.0	9.00.0	0.0	0.0	0.0	4.0	0.0	3.0	6.0	0.0
	5p	-	17	4198.0	2481.0	2241.0	4213.0	13133.0	9.0	12.0	10.0	11.0	7.0	3.0	4.0	0.0	1.0	3.0	3.0	8.00.0	0.0	0.0	0.0	7.0	0.0	3.0	4.0	0.0
	5p	-	18	4184.0	2493.0	2299.0	4158.0	13134.0	10.0	10.0	7.0	6.0	7.0	2.0	4.0	4.0	0.0	4.0	2.0	11.00.0	0.0	0.0	0.0	4.0	0.0	1.0	3.0	0.0
	5p	-	19	4205.0	2456.0	2271.0	4194.0	13126.0	12.0	4.0	2.0	10.0	4.0	1.0	3.0	1.0	6.0	4.0	3.0	9.00.0	0.0	0.0	0.0	3.0	0.0	6.0	11.0	0.0
	5p	-	20	4146.0	2381.0	2315.0	4294.0	13136.0	10.0	13.0	10.0	13.0	4.0	1.0	6.0	3.0	5.0	2.0	2.0	7.00.0	0.0	0.0	0.0	3.0	0.0	6.0	2.0	0.0
	5p	-	21	4143.0	2494.0	2291.0	4212.0	13140.0	7.0	15.0	9.0	9.0	5.0	1.0	1.0	4.0	8.0	5.0	2.0	5.00.0	0.0	0.0	0.0	2.0	0.0	5.0	3.0	0.0
	5p	-	22	4131.0	2497.0	2260.0	4250.0	13138.0	13.0	12.0	13.0	11.0	2.0	6.0	5.0	2.0	3.0	2.0	1.0	7.00.0	0.0	0.0	0.0	7.0	0.0	1.0	4.0	0.0
	5p	-	23	4249.0	2461.0	2287.0	4139.0	13136.0	8.0	9.0	11.0	13.0	6.0	3.0	5.0	6.0	1.0	4.0	4.0	11.00.0	0.0	0.0	0.0	4.0	0.0	6.0	2.0	0.0
	5p	-	24	4143.0	2523.0	2285.0	4172.0	13123.0	6.0	9.0	6.0	7.0	5.0	3.0	2.0	1.0	5.0	6.0	0.0	8.00.0	0.0	0.0	0.0	5.0	0.0	12.0	7.0	0.0
	5p	-	25	4291.0	2382.0	2251.0	4210.0	13134.0	8.0	8.0	11.0	9.0	5.0	8.0	3.0	3.0	4.0	4.0	3.0	9.00.0	0.0	0.0	0.0	3.0	0.0	5.0	3.0	0.0
	5p	-	26	4176.0	2530.0	2262.0	4175.0	13143.0	10.0	10.0	10.0	3.0	6.0	3.0	6.0	6.0	3.0	6.0	7.0	10.00.0	0.0	0.0	0.0	4.0	0.0	2.0	0.0	0.0
	5p	-	27	4315.0	2451.0	2239.0	4139.0	13144.0	6.0	11.0	6.0	6.0	3.0	5.0	3.0	3.0	8.0	2.0	1.0	3.00.0	0.0	0.0	0.0	1.0	0.0	1.0	0.0	0.0
	5p	-	28	4373.0	2417.0	2219.0	4140.0	13149.0	2.0	10.0	9.0	14.0	5.0	3.0	2.0	2.0	3.0	7.0	2.0	9.00.0	0.0	0.0	0.0	0.0	0.0	1.0	0.0	0.0
	5p	-	29	4420.0	2388.0	2220.0	4117.0	13145.0	10.0	13.0	9.0	8.0	5.0	6.0	1.0	4.0	4.0	7.0	4.0	10.00.0	0.0	0.0	0.0	2.0	0.0	0.0	0.0	0.0
	5p	-	30	4339.0	2472.0	2147.0	4186.0	13144.0	8.0	24.0	7.0	8.0	2.0	4.0	5.0	4.0	3.0	4.0	1.0	13.00.0	0.0	0.0	0.0	2.0	0.0	1.0	0.0	0.0
	5p	-	31	4194.0	2361.0	2008.0	4029.0	12592.0	9.0	14.0	7.0	6.0	4.0	3.0	3.0	2.0	1.0	3.0	0.0	9.00.0	0.0	0.0	0.0	4.0	0.0	4.0	0.0	0.0
	5p	-	32	4006.0	2240.0	2015.0	3876.0	12137.0	11.0	24.0	18.0	10.0	2.0	4.0	2.0	4.0	4.0	0.0	0.0	15.00.0	0.0	0.0	0.0	4.0	0.0	0.0	1.0	0.0
	5p	-	33	3941.0	2160.0	1924.0	3701.0	11726.0	10.0	21.0	4.0	2.0	4.0	4.0	4.0	4.0	2.0	2.0	1.0	3.00.0	0.0	0.0	0.0	5.0	0.0	0.0	0.0	0.0
	5p	-	34	3835.0	2079.0	1853.0	3532.0	11299.0	5.0	13.0	7.0	5.0	2.0	2.0	1.0	2.0	1.0	1.0	4.0	4.00.0	0.0	0.0	0.0	3.0	0.0	0.0	1.0	0.0
	5p	-	35	3588.0	2003.0	1791.0	3472.0	10854.0	9.0	27.0	6.0	4.0	4.0	2.0	4.0	1.0	3.0	0.0	0.0	11.00.0	0.0	0.0	0.0	1.0	0.0	1.0	0.0	0.0
	5p	-	36	3471.0	1916.0	1704.0	3313.0	10404.0	5.0	20.0	9.0	8.0	4.0	1.0	0.0	3.0	2.0	3.0	2.0	10.00.0	0.0	0.0	0.0	1.0	0.0	0.0	1.0	0.0
	5p	-	37	3344.0	1816.0	1635.0	3165.0	9960.0	9.0	21.0	6.0	5.0	0.0	2.0	3.0	4.0	2.0	3.0	1.0	0.00.0	0.0	0.0	0.0	1.0	0.0	0.0	0.0	0.0
	5p	-	38	3177.0	1705.0	1590.0	3053.0	9525.0	5.0	24.0	5.0	2.0	1.0	0.0	3.0	3.0	0.0	1.0	1.0	9.00.0	0.0	0.0	0.0	0.0	0.0	0.0	0.0	0.0
	5p	-	39	3092.0	1661.0	1459.0	2861.0	9073.0	3.0	23.0	4.0	6.0	4.0	4.0	0.0	1.0	3.0	3.0	3.0	9.00.0	0.0	0.0	0.0	1.0	0.0	0.0	0.0	0.0
	5p	-	40	2976.0	1553.0	1384.0	2731.0	8644.0	6.0	23.0	1.0	3.0	0.0	3.0	3.0	4.0	2.0	3.0	0.0	7.00.0	0.0	0.0	0.0	0.0	0.0	0.0	0.0	0.0
	5p	-	41	2798.0	1438.0	1321.0	2608.0	8165.0	3.0	17.0	9.0	5.0	2.0	2.0	1.0	3.0	1.0	1.0	0.0	6.00.0	0.0	0.0	0.0	1.0	0.0	1.0	0.0	0.0
	5p	-	42	2609.0	1444.0	1235.0	2443.0	7731.0	5.0	15.0	4.0	1.0	2.0	4.0	0.0	0.0	1.0	2.0	3.0	3.00.0	0.0	0.0	0.0	0.0	0.0	0.0	0.0	0.0
	5p	-	43	2471.0	1344.0	1149.0	2360.0	7324.0	5.0	30.0	12.0	10.0	1.0	3.0	1.0	0.0	1.0	2.0	2.0	3.00.0	0.0	0.0	0.0	2.0	0.0	0.0	0.0	0.0
	5p	-	44	2306.0	1353.0	1140.0	2151.0	6950.0	4.0	29.0	2.0	1.0	1.0	2.0	0.0	3.0	0.0	0.0	3.0	5.00.0	0.0	0.0	0.0	0.0	0.0	0.0	0.0	0.0
	5p	-	45	2169.0	1246.0	1014.0	2105.0	6534.0	2.0	22.0	4.0	4.0	1.0	2.0	0.0	3.0	1.0	0.0	2.0	4.00.0	0.0	0.0	0.0	1.0	0.0	0.0	0.0	0.0
	5p	-	46	2083.0	1134.0	969.0	1975.0	6161.0	1.0	29.0	4.0	3.0	0.0	0.0	0.0	1.0	1.0	2.0	1.0	8.00.0	0.0	0.0	0.0	0.0	0.0	1.0	0.0	0.0
	5p	-	47	1923.0	1011.0	902.0	1944.0	5780.0	6.0	18.0	4.0	4.0	0.0	4.0	1.0	1.0	0.0	4.0	1.0	2.00.0	0.0	0.0	0.0	2.0	0.0	0.0	0.0	0.0
	5p	-	48	1856.0	975.0	884.0	1694.0	5409.0	2.0	20.0	5.0	3.0	2.0	3.0	2.0	2.0	3.0	2.0	2.0	2.00.0	0.0	0.0	0.0	2.0	0.0	1.0	0.0	0.0
	5p	-	49	1745.0	915.0	827.0	1598.0	5085.0	11.0	19.0	3.0	2.0	2.0	2.0	0.0	0.0	2.0	0.0	1.0	2.00.0	0.0	0.0	0.0	3.0	0.0	0.0	0.0	0.0
	5p	-	50	1568.0	852.0	821.0	1540.0	4781.0	0.0	12.0	3.0	2.0	2.0	1.0	0.0	1.0	0.0	1.0	0.0	2.00.0	0.0	0.0	0.0	0.0	0.0	0.0	0.0	0.0
	5p	-	51	1523.0	800.0	708.0	1459.0	4490.0	3.0	13.0	4.0	3.0	2.0	2.0	0.0	0.0	1.0	0.0	0.0	3.00.0	0.0	0.0	0.0	0.0	0.0	0.0	0.0	0.0
	5p	-	52	1402.0	774.0	695.0	1375.0	4246.0	3.0	22.0	3.0	3.0	2.0	4.0	0.0	1.0	1.0	0.0	0.0	3.00.0	0.0	0.0	0.0	0.0	0.0	0.0	0.0	0.0
	5p	-	53	1348.0	714.0	626.0	1262.0	3950.0	5.0	11.0	2.0	3.0	2.0	2.0	1.0	2.0	2.0	1.0	1.0	2.00.0	0.0	0.0	0.0	1.0	0.0	0.0	0.0	0.0
	5p	-	54	1160.0	727.0	615.0	1186.0	3688.0	2.0	11.0	3.0	1.0	1.0	3.0	1.0	0.0	1.0	0.0	1.0	5.00.0	0.0	0.0	0.0	1.0	0.0	0.0	0.0	0.0
	5p	-	55	1166.0	644.0	560.0	1113.0	3483.0	1.0	6.0	1.0	4.0	0.0	1.0	1.0	2.0	0.0	1.0	0.0	3.00.0	0.0	0.0	0.0	2.0	0.0	0.0	0.0	0.0
	5p	-	56	1047.0	646.0	519.0	1053.0	3265.0	5.0	13.0	1.0	2.0	2.0	2.0	0.0	3.0	1.0	1.0	2.0	1.00.0	0.0	0.0	0.0	1.0	0.0	1.0	0.0	0.0
	5p	-	57	1011.0	538.0	541.0	973.0	3063.0	3.0	13.0	2.0	0.0	1.0	6.0	1.0	0.0	1.0	2.0	1.0	2.00.0	0.0	0.0	0.0	1.0	0.0	0.0	0.0	0.0
	5p	-	58	953.0	536.0	473.0	910.0	2872.0	4.0	7.0	0.0	4.0	1.0	3.0	0.0	1.0	2.0	2.0	1.0	2.00.0	0.0	0.0	0.0	0.0	0.0	0.0	0.0	0.0
	5p	-	59	860.0	511.0	437.0	873.0	2681.0	2.0	11.0	2.0	3.0	1.0	3.0	0.0	4.0	1.0	0.0	0.0	4.00.0	0.0	0.0	0.0	2.0	0.0	0.0	0.0	0.0
	5p	-	60	856.0	502.0	398.0	758.0	2514.0	1.0	8.0	1.0	3.0	1.0	1.0	0.0	1.0	0.0	1.0	2.0	1.00.0	0.0	0.0	0.0	0.0	0.0	0.0	1.0	0.0
	5p	-	61	815.0	424.0	382.0	740.0	2361.0	4.0	8.0	1.0	3.0	1.0	0.0	0.0	2.0	2.0	1.0	1.0	3.00.0	0.0	0.0	0.0	0.0	0.0	0.0	0.0	0.0
	5p	-	62	709.0	414.0	343.0	732.0	2198.0	1.0	12.0	1.0	0.0	2.0	4.0	0.0	0.0	0.0	0.0	0.0	2.00.0	0.0	0.0	0.0	0.0	0.0	0.0	0.0	0.0
	5p	-	63	698.0	355.0	359.0	633.0	2045.0	1.0	15.0	1.0	1.0	0.0	2.0	0.0	0.0	1.0	0.0	0.0	2.00.0	0.0	0.0	0.0	0.0	0.0	0.0	0.0	0.0
	5p	-	64	637.0	364.0	312.0	583.0	1896.0	2.0	9.0	1.0	2.0	1.0	4.0	0.0	1.0	1.0	0.0	1.0	0.00.0	0.0	0.0	0.0	1.0	0.0	0.0	0.0	0.0
	5p	-	65	581.0	312.0	281.0	581.0	1755.0	2.0	9.0	2.0	0.0	1.0	0.0	0.0	0.0	0.0	0.0	0.0	1.00.0	0.0	0.0	0.0	0.0	0.0	0.0	0.0	0.0
	5p	-	66	558.0	310.0	271.0	494.0	1633.0	0.0	10.0	1.0	0.0	1.0	0.0	0.0	1.0	0.0	0.0	1.0	0.00.0	0.0	0.0	0.0	1.0	0.0	0.0	0.0	0.0
	5p	-	67	498.0	255.0	242.0	518.0	1513.0	0.0	7.0	0.0	1.0	1.0	0.0	0.0	0.0	0.0	0.0	0.0	1.00.0	0.0	0.0	0.0	0.0	0.0	0.0	0.0	0.0
	5p	-	68	474.0	237.0	216.0	464.0	1391.0	3.0	1.0	3.0	3.0	0.0	1.0	0.0	0.0	0.0	0.0	0.0	1.00.0	0.0	0.0	0.0	0.0	0.0	0.0	0.0	0.0
	5p	-	69	426.0	220.0	205.0	446.0	1297.0	2.0	5.0	1.0	0.0	1.0	1.0	1.0	1.0	0.0	0.0	0.0	2.00.0	0.0	0.0	0.0	0.0	0.0	0.0	0.0	0.0
	5p	-	70	384.0	248.0	206.0	370.0	1208.0	0.0	11.0	3.0	0.0	0.0	1.0	0.0	1.0	0.0	0.0	0.0	0.00.0	0.0	0.0	0.0	0.0	0.0	0.0	0.0	0.0
	5p	-	71	378.0	215.0	180.0	346.0	1119.0	2.0	4.0	1.0	2.0	0.0	0.0	0.0	0.0	0.0	0.0	0.0	1.00.0	0.0	0.0	0.0	0.0	0.0	0.0	1.0	0.0
	5p	-	72	349.0	171.0	165.0	342.0	1027.0	0.0	6.0	1.0	0.0	2.0	1.0	0.0	0.0	0.0	0.0	0.0	2.00.0	0.0	0.0	0.0	0.0	0.0	0.0	0.0	0.0
	5p	-	73	332.0	155.0	158.0	297.0	942.0	0.0	3.0	2.0	0.0	0.0	0.0	0.0	1.0	0.0	0.0	0.0	0.00.0	0.0	0.0	0.0	0.0	0.0	0.0	0.0	0.0
	5p	-	74	296.0	173.0	131.0	260.0	860.0	1.0	7.0	1.0	0.0	0.0	0.0	0.0	1.0	0.0	0.0	1.0	1.00.0	0.0	0.0	0.0	0.0	0.0	0.0	0.0	0.0
	5p	-	75	250.0	169.0	116.0	246.0	781.0	0.0	3.0	1.0	2.0	0.0	0.0	0.0	1.0	0.0	0.0	0.0	1.00.0	0.0	0.0	0.0	0.0	0.0	0.0	0.0	0.0
	5p	-	76	239.0	147.0	106.0	209.0	701.0	1.0	8.0	0.0	1.0	2.0	0.0	0.0	0.0	1.0	0.0	0.0	1.00.0	0.0	0.0	0.0	0.0	0.0	0.0	0.0	0.0
	5p	-	77	228.0	116.0	98.0	197.0	639.0	1.0	3.0	2.0	1.0	1.0	0.0	0.0	1.0	0.0	0.0	1.0	0.00.0	0.0	0.0	0.0	0.0	0.0	0.0	0.0	0.0
	5p	-	78	188.0	101.0	91.0	204.0	584.0	0.0	3.0	0.0	0.0	0.0	0.0	0.0	1.0	0.0	0.0	0.0	0.00.0	0.0	0.0	0.0	0.0	0.0	0.0	0.0	0.0
	5p	-	79	177.0	98.0	79.0	169.0	523.0	1.0	1.0	0.0	0.0	1.0	0.0	0.0	0.0	0.0	0.0	0.0	0.00.0	0.0	0.0	0.0	0.0	0.0	0.0	0.0	0.0
	5p	-	80	174.0	97.0	71.0	134.0	476.0	0.0	1.0	0.0	0.0	0.0	0.0	0.0	0.0	0.0	1.0	0.0	1.00.0	0.0	0.0	0.0	0.0	0.0	0.0	0.0	0.0
	5p	-	81	136.0	87.0	65.0	118.0	406.0	0.0	4.0	0.0	0.0	0.0	0.0	1.0	0.0	0.0	0.0	0.0	0.00.0	0.0	0.0	0.0	0.0	0.0	0.0	0.0	0.0
	5p	-	82	145.0	64.0	62.0	103.0	374.0	1.0	2.0	0.0	1.0	0.0	1.0	0.0	0.0	0.0	0.0	0.0	0.00.0	0.0	0.0	0.0	0.0	0.0	0.0	0.0	0.0
	5p	-	83	107.0	74.0	65.0	88.0	334.0	0.0	6.0	0.0	0.0	0.0	0.0	0.0	0.0	0.0	0.0	0.0	0.00.0	0.0	0.0	0.0	0.0	0.0	0.0	0.0	0.0
	5p	-	84	103.0	56.0	43.0	82.0	284.0	0.0	1.0	0.0	0.0	0.0	1.0	0.0	0.0	0.0	1.0	0.0	0.00.0	0.0	0.0	0.0	0.0	0.0	0.0	0.0	0.0
	5p	-	85	93.0	51.0	35.0	63.0	242.0	0.0	2.0	0.0	0.0	0.0	0.0	0.0	0.0	0.0	0.0	0.0	1.00.0	0.0	0.0	0.0	0.0	0.0	0.0	0.0	0.0
	5p	-	86	65.0	39.0	35.0	59.0	198.0	1.0	4.0	0.0	0.0	0.0	0.0	0.0	0.0	0.0	0.0	0.0	2.00.0	0.0	0.0	0.0	0.0	0.0	0.0	0.0	0.0
	5p	-	87	61.0	29.0	21.0	49.0	160.0	0.0	2.0	0.0	0.0	0.0	0.0	0.0	0.0	0.0	0.0	0.0	0.00.0	0.0	0.0	0.0	0.0	0.0	0.0	0.0	0.0
	5p	-	88	35.0	29.0	24.0	39.0	127.0	0.0	5.0	0.0	0.0	0.0	0.0	0.0	0.0	0.0	0.0	0.0	0.00.0	0.0	0.0	0.0	0.0	0.0	0.0	0.0	0.0
	5p	-	89	30.0	16.0	14.0	26.0	86.0	0.0	3.0	0.0	0.0	0.0	0.0	0.0	0.0	0.0	0.0	0.0	1.00.0	0.0	0.0	0.0	0.0	0.0	0.0	0.0	0.0
	5p	-	90	21.0	12.0	3.0	12.0	48.0	0.0	2.0	0.0	0.0	0.0	0.0	0.0	0.0	0.0	0.0	0.0	0.00.0	0.0	0.0	0.0	0.0	0.0	0.0	0.0	0.0
	5p	-	91	6.0	2.0	1.0	7.0	16.0	0.0	2.0	0.0	0.0	0.0	0.0	0.0	0.0	0.0	0.0	0.0	0.00.0	0.0	0.0	0.0	0.0	0.0	0.0	0.0	0.0
	5p	-	92	0.0	0.0	0.0	0.0	0.0	0.0	0.0	0.0	0.0	0.0	0.0	0.0	0.0	0.0	0.0	0.0	0.00.0	0.0	0.0	0.0	0.0	0.0	0.0	0.0	0.0
	5p	-	93	0.0	0.0	0.0	0.0	0.0	0.0	0.0	0.0	0.0	0.0	0.0	0.0	0.0	0.0	0.0	0.0	0.00.0	0.0	0.0	0.0	0.0	0.0	0.0	0.0	0.0
	5p	-	94	0.0	0.0	0.0	0.0	0.0	0.0	0.0	0.0	0.0	0.0	0.0	0.0	0.0	0.0	0.0	0.0	0.00.0	0.0	0.0	0.0	0.0	0.0	0.0	0.0	0.0
	5p	-	95	0.0	0.0	0.0	0.0	0.0	0.0	0.0	0.0	0.0	0.0	0.0	0.0	0.0	0.0	0.0	0.0	0.00.0	0.0	0.0	0.0	0.0	0.0	0.0	0.0	0.0
	5p	-	96	0.0	0.0	0.0	0.0	0.0	0.0	0.0	0.0	0.0	0.0	0.0	0.0	0.0	0.0	0.0	0.0	0.00.0	0.0	0.0	0.0	0.0	0.0	0.0	0.0	0.0
	5p	-	97	0.0	0.0	0.0	0.0	0.0	0.0	0.0	0.0	0.0	0.0	0.0	0.0	0.0	0.0	0.0	0.0	0.00.0	0.0	0.0	0.0	0.0	0.0	0.0	0.0	0.0
	5p	-	98	0.0	0.0	0.0	0.0	0.0	0.0	0.0	0.0	0.0	0.0	0.0	0.0	0.0	0.0	0.0	0.0	0.00.0	0.0	0.0	0.0	0.0	0.0	0.0	0.0	0.0
	5p	-	99	0.0	0.0	0.0	0.0	0.0	0.0	0.0	0.0	0.0	0.0	0.0	0.0	0.0	0.0	0.0	0.0	0.00.0	0.0	0.0	0.0	0.0	0.0	0.0	0.0	0.0
	5p	-	100	0.0	0.0	0.0	0.0	0.0	0.0	0.0	0.0	0.0	0.0	0.0	0.0	0.0	0.0	0.0	0.0	0.00.0	0.0	0.0	0.0	0.0	0.0	0.0	0.0	0.0
