# table produced by DamageProfiler
# using mapped file ToA001.ElandCommon_Human_nc.Target.rmdup.noMicro.bam
# Sample ID: ToA001.ElandCommon_Human_nc.Target.rmdup.noMicro.bam
Pos	C>T	G>A	A>C	A>G	A>T	C>A	C>G	G>C	G>T	T>A	T>C	T>G	->ACGT	ACGT>-
24	0.032787	0.007143	0.033613	0.004202	0.037815	0.024590	0.024590	0.021429	0.014286	0.022346	0.016760	0.005587	0.055965	0.000000
23	0.022388	0.032258	0.016327	0.020408	0.008163	0.029851	0.022388	0.032258	0.016129	0.017341	0.011561	0.034682	0.051775	0.000000
22	0.036232	0.022059	0.031746	0.027778	0.023810	0.000000	0.028986	0.007353	0.014706	0.049080	0.000000	0.024540	0.042090	0.000000
21	0.014815	0.034783	0.034749	0.007722	0.019305	0.014815	0.022222	0.034783	0.008696	0.022857	0.005714	0.011429	0.048246	0.000000
20	0.007937	0.043165	0.008264	0.004132	0.012397	0.031746	0.007937	0.007194	0.043165	0.016854	0.033708	0.005618	0.056934	0.000000
19	0.031008	0.029630	0.016129	0.016129	0.024194	0.007752	0.007752	0.007407	0.037037	0.012048	0.018072	0.030120	0.060472	0.000000
18	0.022388	0.007937	0.011628	0.027132	0.007752	0.000000	0.007463	0.039683	0.015873	0.005682	0.017045	0.028409	0.031700	0.000000
17	0.000000	0.020548	0.011765	0.023529	0.023529	0.015748	0.015748	0.034247	0.006849	0.011696	0.023392	0.023392	0.028612	0.000000
16	0.007463	0.035714	0.020747	0.020747	0.016598	0.014925	0.014925	0.007143	0.028571	0.017751	0.017751	0.029586	0.040936	0.000000
15	0.007874	0.013793	0.016878	0.004219	0.008439	0.015748	0.007874	0.027586	0.000000	0.016854	0.016854	0.016854	0.048035	0.000000
14	0.015504	0.022388	0.003922	0.035294	0.019608	0.038760	0.015504	0.014925	0.007463	0.005848	0.011696	0.023392	0.043541	0.000000
13	0.007874	0.022556	0.019608	0.023529	0.007843	0.007874	0.015748	0.030075	0.000000	0.017647	0.011765	0.005882	0.048175	0.000000
12	0.022727	0.029630	0.007634	0.011450	0.022901	0.022727	0.030303	0.029630	0.029630	0.018519	0.030864	0.024691	0.043415	0.000000
11	0.035211	0.016393	0.024691	0.016461	0.008230	0.000000	0.021127	0.032787	0.024590	0.031250	0.015625	0.015625	0.031474	0.000000
10	0.000000	0.037313	0.008403	0.016807	0.021008	0.014388	0.014388	0.037313	0.014925	0.023392	0.023392	0.005848	0.051320	0.000000
9	0.006993	0.059259	0.012712	0.004237	0.025424	0.000000	0.034965	0.029630	0.000000	0.024096	0.018072	0.036145	0.054412	0.000000
8	0.015038	0.068182	0.023622	0.027559	0.007874	0.015038	0.037594	0.030303	0.022727	0.025641	0.012821	0.019231	0.062222	0.000000
7	0.016393	0.027397	0.018587	0.007435	0.011152	0.000000	0.032787	0.054795	0.020548	0.018868	0.006289	0.037736	0.035920	0.000000
6	0.022556	0.024000	0.007874	0.015748	0.007874	0.037594	0.007519	0.032000	0.008000	0.029070	0.011628	0.029070	0.042398	0.000000
5	0.015152	0.016807	0.010453	0.017422	0.017422	0.022727	0.015152	0.042017	0.008403	0.029070	0.005814	0.034884	0.018310	0.000000
4	0.008264	0.029412	0.010239	0.010239	0.013652	0.016529	0.024793	0.007353	0.014706	0.017751	0.011834	0.005917	0.004172	0.000000
3	0.021277	0.035461	0.014545	0.010909	0.007273	0.028369	0.021277	0.021277	0.007092	0.030303	0.012121	0.042424	0.002770	0.000000
2	0.006173	0.015504	0.010417	0.010417	0.000000	0.024691	0.006173	0.023256	0.007752	0.020833	0.013889	0.006944	0.001383	0.000000
1	0.021858	0.024194	0.003937	0.003937	0.003937	0.021858	0.016393	0.040323	0.016129	0.018293	0.042683	0.012195	0.000000	0.000000
0	0.008333	0.007874	0.009677	0.012903	0.022581	0.041667	0.025000	0.007874	0.015748	0.035714	0.029762	0.005952	0.000000	0.000000
