# table produced by DamageProfiler
# using mapped file ToA001.ElandCommon_Human_nc.Target.rmdup.noMicro.bam
# Sample ID: ToA001.ElandCommon_Human_nc.Target.rmdup.noMicro.bam
Pos	C>T	G>A	A>C	A>G	A>T	C>A	C>G	G>C	G>T	T>A	T>C	T>G	->ACGT	ACGT>-
0	0.020000	0.033113	0.007634	0.019084	0.022901	0.046667	0.033333	0.019868	0.000000	0.032051	0.038462	0.025641	0.000000	0.000000
1	0.045802	0.013986	0.015810	0.023715	0.011858	0.000000	0.045802	0.020979	0.006993	0.020725	0.020725	0.015544	0.001389	0.000000
2	0.012346	0.045455	0.015810	0.011858	0.019763	0.006173	0.018519	0.022727	0.007576	0.017341	0.017341	0.023121	0.001389	0.000000
3	0.012987	0.019868	0.004292	0.025751	0.025751	0.025974	0.006494	0.026490	0.000000	0.022346	0.022346	0.005587	0.006974	0.000000
4	0.007813	0.021898	0.023810	0.023810	0.019841	0.007813	0.031250	0.021898	0.014599	0.023256	0.023256	0.005814	0.027576	0.000000
5	0.037313	0.014599	0.039301	0.004367	0.039301	0.022388	0.022388	0.014599	0.021898	0.010989	0.021978	0.016484	0.041056	0.000000
6	0.015152	0.015267	0.016598	0.020747	0.016598	0.030303	0.015152	0.038168	0.022901	0.029940	0.000000	0.029940	0.038748	0.000000
7	0.029851	0.015267	0.022901	0.026718	0.019084	0.007463	0.037313	0.015267	0.007634	0.030864	0.012346	0.024691	0.018868	0.000000
8	0.022059	0.031746	0.047244	0.011811	0.015748	0.007353	0.007353	0.031746	0.015873	0.035503	0.011834	0.023669	0.035036	0.000000
9	0.008264	0.044776	0.012048	0.008032	0.016064	0.024793	0.016529	0.007463	0.029851	0.028249	0.028249	0.005650	0.045521	0.000000
10	0.021583	0.048387	0.011811	0.015748	0.027559	0.021583	0.007194	0.000000	0.040323	0.012195	0.024390	0.018293	0.039648	0.000000
11	0.031008	0.007092	0.019763	0.023715	0.019763	0.000000	0.015504	0.028369	0.021277	0.005988	0.011976	0.029940	0.028986	0.000000
12	0.007874	0.015267	0.007813	0.023438	0.011719	0.015748	0.023622	0.053435	0.007634	0.016949	0.028249	0.022599	0.028944	0.000000
13	0.007143	0.049645	0.004425	0.017699	0.008850	0.007143	0.014286	0.014184	0.035461	0.010989	0.021978	0.038462	0.024673	0.000000
14	0.007353	0.015385	0.024896	0.012448	0.008299	0.022059	0.007353	0.007692	0.000000	0.027624	0.016575	0.016575	0.029070	0.000000
15	0.024793	0.021739	0.007937	0.031746	0.019841	0.016529	0.008264	0.021739	0.007246	0.000000	0.005714	0.022857	0.036443	0.000000
16	0.008772	0.021127	0.011070	0.025830	0.018450	0.026316	0.017544	0.042254	0.000000	0.006289	0.012579	0.012579	0.032070	0.000000
17	0.007143	0.007634	0.020492	0.008197	0.020492	0.014286	0.021429	0.007634	0.030534	0.028090	0.028090	0.022472	0.028860	0.000000
18	0.022059	0.022388	0.020492	0.020492	0.012295	0.007353	0.014706	0.029851	0.014925	0.021978	0.010989	0.005495	0.021552	0.000000
19	0.013245	0.033333	0.013158	0.017544	0.008772	0.013245	0.033113	0.033333	0.008333	0.020833	0.010417	0.015625	0.033285	0.000000
20	0.000000	0.045455	0.016461	0.004115	0.024691	0.000000	0.021127	0.045455	0.006494	0.035714	0.042857	0.035714	0.039764	0.000000
21	0.038168	0.069565	0.011905	0.019841	0.015873	0.022901	0.038168	0.008696	0.026087	0.017045	0.017045	0.011364	0.041543	0.000000
22	0.007519	0.035211	0.019305	0.015444	0.019305	0.000000	0.037594	0.049296	0.007042	0.012500	0.000000	0.025000	0.017291	0.000000
23	0.022556	0.037594	0.012146	0.012146	0.004049	0.015038	0.000000	0.052632	0.022556	0.023669	0.005917	0.041420	0.032258	0.000000
24	0.007576	0.023810	0.011029	0.011029	0.003676	0.015152	0.030303	0.031746	0.007937	0.035088	0.011696	0.046784	0.018545	0.000000
