# table produced by DamageProfiler
# using mapped file PaA026.BuffaloCape_Human_nc.Target.rmdup.noMicro.bam
# Sample ID: PaA026.BuffaloCape_Human_nc.Target.rmdup.noMicro.bam
Pos	C>T	G>A	A>C	A>G	A>T	C>A	C>G	G>C	G>T	T>A	T>C	T>G	->ACGT	ACGT>-
0	0.047297	0.032258	0.012579	0.037736	0.018868	0.006757	0.000000	0.000000	0.010753	0.000000	0.025157	0.006289	0.000000	0.000000
1	0.023077	0.010000	0.024540	0.018405	0.030675	0.015385	0.015385	0.020000	0.010000	0.036364	0.018182	0.012121	0.000000	0.000000
2	0.016949	0.025424	0.011236	0.033708	0.028090	0.008475	0.025424	0.033898	0.008475	0.027972	0.034965	0.020979	0.003591	0.000000
3	0.031250	0.008065	0.000000	0.011905	0.005952	0.015625	0.031250	0.000000	0.040323	0.014706	0.014706	0.022059	0.005396	0.000000
4	0.034188	0.047244	0.025316	0.012658	0.012658	0.008547	0.008547	0.023622	0.000000	0.027778	0.013889	0.027778	0.014652	0.000000
5	0.017391	0.022727	0.032468	0.000000	0.019481	0.017391	0.008696	0.015152	0.000000	0.028369	0.021277	0.007092	0.012915	0.000000
6	0.015504	0.033898	0.013514	0.013514	0.006757	0.007752	0.031008	0.042373	0.008475	0.025641	0.006410	0.012821	0.009074	0.000000
7	0.008000	0.032520	0.000000	0.000000	0.000000	0.008000	0.016000	0.040650	0.016260	0.013699	0.013699	0.000000	0.005484	0.000000
8	0.008333	0.000000	0.000000	0.006024	0.000000	0.000000	0.008333	0.008264	0.008264	0.000000	0.021739	0.007246	0.016514	0.000000
9	0.022727	0.037383	0.006536	0.032680	0.006536	0.007576	0.007576	0.018692	0.009346	0.006667	0.006667	0.006667	0.018450	0.000000
10	0.024590	0.021505	0.005747	0.022989	0.011494	0.000000	0.016393	0.032258	0.010753	0.019108	0.019108	0.006369	0.010989	0.000000
11	0.008475	0.000000	0.020134	0.013423	0.013423	0.008475	0.008475	0.027273	0.009091	0.000000	0.005917	0.000000	0.012821	0.000000
12	0.015267	0.018018	0.012048	0.030120	0.018072	0.022901	0.015267	0.009009	0.000000	0.007246	0.000000	0.014493	0.014652	0.000000
13	0.000000	0.028037	0.029586	0.000000	0.011834	0.015152	0.022727	0.018692	0.018692	0.007194	0.014388	0.035971	0.010969	0.000000
14	0.015038	0.020408	0.006369	0.006369	0.019108	0.015038	0.007519	0.020408	0.010204	0.000000	0.000000	0.012821	0.018382	0.000000
15	0.018018	0.018018	0.005952	0.011905	0.005952	0.009009	0.018018	0.018018	0.018018	0.013158	0.019737	0.013158	0.018450	0.000000
16	0.000000	0.043011	0.025000	0.018750	0.006250	0.007752	0.031008	0.010753	0.000000	0.018182	0.012121	0.012121	0.010969	0.000000
17	0.015038	0.008547	0.014286	0.007143	0.021429	0.022556	0.022556	0.025641	0.000000	0.019608	0.026144	0.013072	0.012891	0.000000
18	0.007299	0.010417	0.023121	0.011561	0.011561	0.007299	0.051095	0.031250	0.010417	0.014925	0.014925	0.014925	0.018519	0.000000
19	0.014706	0.018018	0.023952	0.011976	0.005988	0.014706	0.007353	0.036036	0.018018	0.000000	0.000000	0.014815	0.009107	0.000000
20	0.008403	0.000000	0.000000	0.006329	0.031646	0.008403	0.008403	0.042017	0.025210	0.026490	0.013245	0.000000	0.012797	0.000000
21	0.000000	0.019802	0.005618	0.005618	0.016854	0.007576	0.037879	0.000000	0.009901	0.000000	0.007299	0.021898	0.009124	0.000000
22	0.000000	0.010989	0.000000	0.000000	0.005848	0.024000	0.024000	0.010989	0.010989	0.012579	0.006289	0.006289	0.010989	0.000000
23	0.016260	0.008772	0.006536	0.013072	0.006536	0.000000	0.000000	0.008772	0.026316	0.013699	0.000000	0.000000	0.016791	0.000000
24	0.021127	0.010101	0.012121	0.024242	0.006061	0.021127	0.021127	0.020202	0.010101	0.013793	0.020690	0.006897	0.010889	0.000000
