# table produced by DamageProfiler
# using mapped file ScA008.BuffaloCape_Human_nc.Target.rmdup.noMicro.bam
# Sample ID: ScA008.BuffaloCape_Human_nc.Target.rmdup.noMicro.bam
Pos	C>T	G>A	A>C	A>G	A>T	C>A	C>G	G>C	G>T	T>A	T>C	T>G	->ACGT	ACGT>-
24	0.009174	0.021739	0.007246	0.021739	0.000000	0.000000	0.009174	0.010870	0.010870	0.006061	0.000000	0.000000	0.011905	0.000000
23	0.026087	0.010101	0.000000	0.000000	0.014388	0.000000	0.000000	0.020202	0.000000	0.000000	0.000000	0.006494	0.005917	0.000000
22	0.048780	0.031915	0.006711	0.020134	0.006711	0.008130	0.016260	0.000000	0.010638	0.000000	0.014388	0.000000	0.009901	0.000000
21	0.009174	0.042553	0.000000	0.013333	0.000000	0.009174	0.000000	0.000000	0.000000	0.000000	0.019737	0.013158	0.005941	0.000000
20	0.009524	0.000000	0.013889	0.006944	0.013889	0.009524	0.000000	0.000000	0.000000	0.000000	0.012658	0.000000	0.009901	0.000000
19	0.019231	0.019231	0.007194	0.007194	0.000000	0.009615	0.009615	0.019231	0.009615	0.000000	0.012579	0.000000	0.005929	0.000000
18	0.008850	0.011494	0.029197	0.007299	0.014599	0.008850	0.000000	0.000000	0.000000	0.000000	0.023810	0.000000	0.009901	0.000000
17	0.009709	0.038462	0.027778	0.006944	0.000000	0.009709	0.019417	0.000000	0.009615	0.006452	0.006452	0.000000	0.009881	0.000000
16	0.009434	0.021739	0.013793	0.013793	0.006897	0.000000	0.000000	0.010870	0.000000	0.006098	0.006098	0.006098	0.007890	0.000000
15	0.036364	0.021505	0.006024	0.024096	0.000000	0.009091	0.000000	0.000000	0.000000	0.000000	0.000000	0.000000	0.009901	0.000000
14	0.032000	0.018868	0.000000	0.007519	0.000000	0.016000	0.008000	0.009434	0.018868	0.000000	0.013889	0.000000	0.005906	0.000000
13	0.024793	0.000000	0.007143	0.007143	0.014286	0.008264	0.008264	0.000000	0.012346	0.000000	0.000000	0.006098	0.005929	0.000000
12	0.026549	0.011111	0.007092	0.007092	0.007092	0.000000	0.017699	0.000000	0.000000	0.000000	0.024845	0.000000	0.007921	0.000000
11	0.000000	0.012658	0.013245	0.013245	0.000000	0.007874	0.007874	0.037975	0.012658	0.006757	0.000000	0.000000	0.007921	0.000000
10	0.033613	0.045455	0.006536	0.000000	0.006536	0.025210	0.008403	0.011364	0.011364	0.006944	0.013889	0.000000	0.011905	0.000000
9	0.023077	0.041237	0.000000	0.015873	0.000000	0.000000	0.000000	0.000000	0.030928	0.000000	0.019868	0.000000	0.011905	0.000000
8	0.009009	0.032967	0.012739	0.012739	0.006369	0.009009	0.000000	0.010989	0.010989	0.000000	0.027586	0.006897	0.011905	0.000000
7	0.029126	0.000000	0.005882	0.005882	0.005882	0.009709	0.000000	0.020619	0.051546	0.014925	0.014925	0.007463	0.011905	0.000000
6	0.010417	0.021739	0.006211	0.012422	0.006211	0.010417	0.000000	0.021739	0.010870	0.000000	0.012821	0.006410	0.003960	0.000000
5	0.000000	0.011236	0.005952	0.017857	0.005952	0.015873	0.000000	0.000000	0.011236	0.000000	0.032258	0.000000	0.005917	0.000000
4	0.017391	0.011628	0.006369	0.025478	0.000000	0.017391	0.008696	0.011628	0.034884	0.000000	0.006579	0.013158	0.001961	0.000000
3	0.033058	0.034483	0.006289	0.006289	0.006289	0.000000	0.008264	0.011494	0.011494	0.013986	0.006993	0.006993	0.001961	0.000000
2	0.023256	0.021739	0.000000	0.006098	0.000000	0.000000	0.015504	0.010870	0.000000	0.000000	0.007937	0.000000	0.000000	0.000000
1	0.007692	0.031250	0.000000	0.016949	0.000000	0.000000	0.000000	0.000000	0.020833	0.018519	0.009259	0.018519	0.000000	0.000000
0	0.016260	0.014706	0.000000	0.016393	0.010929	0.016260	0.000000	0.014706	0.044118	0.000000	0.043796	0.014599	0.000000	0.000000
