# table produced by DamageProfiler
# using mapped file ScA008.BuffaloCape_Human_nc.Target.rmdup.noMicro.bam
# Sample ID: ScA008.BuffaloCape_Human_nc.Target.rmdup.noMicro.bam
Chr	End	Std	Pos	A	C	G	T	Total
	3p	+	1	86	68	42	63	259
	3p	+	2	91	63	50	55	259
	3p	+	3	84	63	49	63	259
	3p	+	4	80	62	49	68	259
	3p	+	5	81	53	46	79	259
	3p	+	6	91	65	37	66	259
	3p	+	7	82	52	43	82	259
	3p	+	8	95	45	55	64	259
	3p	+	9	87	64	47	61	259
	3p	+	10	63	62	53	81	259
	3p	+	11	85	63	33	78	259
	3p	+	12	77	76	35	71	259
	3p	+	13	70	62	45	82	259
	3p	+	14	72	60	44	83	259
	3p	+	15	73	55	55	76	259
	3p	+	16	81	56	49	73	259
	3p	+	17	77	56	48	78	259
	3p	+	18	75	49	57	78	259
	3p	+	19	72	58	45	84	259
	3p	+	20	76	55	49	79	259
	3p	+	21	76	49	48	86	259
	3p	+	22	81	53	48	77	259
	3p	+	23	78	66	41	74	259
	3p	+	24	77	47	54	81	259
	3p	+	25	93	53	43	70	259
	3p	+	26	81	55	55	68	259
	3p	+	27	70	72	38	79	259
	3p	+	28	74	65	51	69	259
	3p	+	29	62	61	45	91	259
	3p	+	30	73	55	43	88	259
	3p	+	31	62	46	39	77	224
	3p	+	32	66	43	36	67	212
	3p	+	33	45	45	42	73	205
	3p	+	34	46	49	38	71	204
	3p	+	35	50	44	47	61	202
	3p	+	36	57	33	41	68	199
	3p	+	37	49	50	34	65	198
	3p	+	38	51	47	35	61	194
	3p	+	39	38	52	37	64	191
	3p	+	40	50	37	35	66	188
	3p	+	41	49	37	40	58	184
	3p	+	42	52	40	38	51	181
	3p	+	43	58	40	27	52	177
	3p	+	44	48	39	30	57	174
	3p	+	45	40	29	32	68	169
	3p	+	46	43	30	33	59	165
	3p	+	47	42	36	39	43	160
	3p	+	48	45	34	28	53	160
	3p	+	49	52	36	26	45	159
	3p	+	50	34	41	29	52	156
	3p	+	51	39	31	25	57	152
	3p	+	52	44	35	24	45	148
	3p	+	53	46	27	26	44	143
	3p	+	54	35	32	21	50	138
	3p	+	55	41	34	22	35	132
	3p	+	56	34	46	13	37	130
	3p	+	57	34	27	24	42	127
	3p	+	58	34	25	26	38	123
	3p	+	59	28	26	24	42	120
	3p	+	60	35	21	22	37	115
	3p	+	61	36	24	19	32	111
	3p	+	62	36	25	12	36	109
	3p	+	63	28	32	17	28	105
	3p	+	64	28	20	17	37	102
	3p	+	65	32	17	15	33	97
	3p	+	66	28	20	15	30	93
	3p	+	67	26	21	17	26	90
	3p	+	68	18	17	24	29	88
	3p	+	69	24	8	21	29	82
	3p	+	70	26	17	13	22	78
	3p	+	71	19	16	22	17	74
	3p	+	72	27	14	11	20	72
	3p	+	73	24	14	12	18	68
	3p	+	74	19	14	11	22	66
	3p	+	75	18	14	11	20	63
	3p	+	76	20	12	8	21	61
	3p	+	77	10	12	13	23	58
	3p	+	78	11	9	16	21	57
	3p	+	79	14	15	7	21	57
	3p	+	80	13	15	10	19	57
	3p	+	81	12	14	14	17	57
	3p	+	82	20	13	8	15	56
	3p	+	83	16	14	6	17	53
	3p	+	84	12	15	8	14	49
	3p	+	85	13	10	9	16	48
	3p	+	86	10	8	8	22	48
	3p	+	87	12	8	8	19	47
	3p	+	88	15	8	9	14	46
	3p	+	89	10	8	12	16	46
	3p	+	90	13	8	8	17	46
	3p	+	91	13	10	11	11	45
	3p	+	92	12	11	8	12	43
	3p	+	93	18	9	4	11	42
	3p	+	94	11	8	8	12	39
	3p	+	95	11	4	7	14	36
	3p	+	96	7	10	6	12	35
	3p	+	97	7	11	8	7	33
	3p	+	98	6	4	7	13	30
	3p	+	99	9	8	4	8	29
	3p	+	100	9	6	6	7	28
	3p	-	1	95	58	26	73	252
	3p	-	2	88	67	46	51	252
	3p	-	3	81	63	43	65	252
	3p	-	4	82	57	36	77	252
	3p	-	5	75	60	42	75	252
	3p	-	6	77	65	53	57	252
	3p	-	7	78	48	48	78	252
	3p	-	8	76	62	39	75	252
	3p	-	9	71	53	45	83	252
	3p	-	10	66	72	40	74	252
	3p	-	11	76	55	51	70	252
	3p	-	12	74	56	43	79	252
	3p	-	13	70	53	48	81	252
	3p	-	14	65	58	41	88	252
	3p	-	15	66	66	48	72	252
	3p	-	16	85	52	47	68	252
	3p	-	17	67	55	45	85	252
	3p	-	18	70	58	47	77	252
	3p	-	19	62	64	42	84	252
	3p	-	20	66	50	53	83	252
	3p	-	21	65	60	53	74	252
	3p	-	22	73	57	48	74	252
	3p	-	23	72	54	54	72	252
	3p	-	24	61	69	44	78	252
	3p	-	25	47	57	51	97	252
	3p	-	26	62	60	42	88	252
	3p	-	27	68	64	53	67	252
	3p	-	28	72	59	47	74	252
	3p	-	29	54	59	53	86	252
	3p	-	30	71	63	39	79	252
	3p	-	31	57	64	37	73	231
	3p	-	32	52	49	44	70	215
	3p	-	33	49	46	49	69	213
	3p	-	34	55	45	37	68	205
	3p	-	35	60	41	34	69	204
	3p	-	36	54	51	37	57	199
	3p	-	37	58	33	38	68	197
	3p	-	38	56	40	35	62	193
	3p	-	39	49	50	34	56	189
	3p	-	40	51	45	35	56	187
	3p	-	41	60	31	40	52	183
	3p	-	42	62	34	34	50	180
	3p	-	43	51	39	35	48	173
	3p	-	44	42	38	27	61	168
	3p	-	45	45	38	31	48	162
	3p	-	46	45	33	40	41	159
	3p	-	47	35	27	42	53	157
	3p	-	48	35	32	34	55	156
	3p	-	49	40	28	17	65	150
	3p	-	50	42	36	30	41	149
	3p	-	51	38	29	28	53	148
	3p	-	52	49	38	22	38	147
	3p	-	53	33	44	29	39	145
	3p	-	54	31	29	27	54	141
	3p	-	55	39	30	21	46	136
	3p	-	56	39	33	29	30	131
	3p	-	57	36	23	25	42	126
	3p	-	58	38	30	18	40	126
	3p	-	59	26	37	18	39	120
	3p	-	60	29	31	15	41	116
	3p	-	61	33	24	18	37	112
	3p	-	62	24	21	22	42	109
	3p	-	63	26	21	18	40	105
	3p	-	64	29	18	18	37	102
	3p	-	65	22	25	25	23	95
	3p	-	66	23	20	15	34	92
	3p	-	67	22	22	14	28	86
	3p	-	68	20	28	7	29	84
	3p	-	69	26	24	16	17	83
	3p	-	70	25	13	21	23	82
	3p	-	71	29	15	12	24	80
	3p	-	72	16	21	12	27	76
	3p	-	73	20	16	14	24	74
	3p	-	74	22	13	11	27	73
	3p	-	75	24	16	12	19	71
	3p	-	76	25	14	13	14	66
	3p	-	77	16	12	12	22	62
	3p	-	78	17	9	12	23	61
	3p	-	79	23	9	5	23	60
	3p	-	80	12	13	12	23	60
	3p	-	81	10	13	8	26	57
	3p	-	82	12	14	6	22	54
	3p	-	83	13	8	12	19	52
	3p	-	84	20	13	7	12	52
	3p	-	85	13	14	2	22	51
	3p	-	86	10	13	4	21	48
	3p	-	87	11	13	6	17	47
	3p	-	88	12	12	6	16	46
	3p	-	89	9	11	10	15	45
	3p	-	90	15	9	9	10	43
	3p	-	91	15	8	4	16	43
	3p	-	92	8	9	9	17	43
	3p	-	93	10	7	10	15	42
	3p	-	94	13	9	10	10	42
	3p	-	95	11	8	12	10	41
	3p	-	96	10	6	9	15	40
	3p	-	97	8	6	11	13	38
	3p	-	98	13	6	6	12	37
	3p	-	99	12	12	7	4	35
	3p	-	100	12	3	7	13	35
	5p	+	1	81	64	44	70	259
	5p	+	2	87	53	35	84	259
	5p	+	3	82	58	41	78	259
	5p	+	4	54	71	45	89	259
	5p	+	5	70	55	46	88	259
	5p	+	6	74	63	42	80	259
	5p	+	7	79	59	36	85	259
	5p	+	8	77	54	46	82	259
	5p	+	9	77	64	47	71	259
	5p	+	10	68	70	47	74	259
	5p	+	11	79	56	46	78	259
	5p	+	12	67	67	46	79	259
	5p	+	13	81	53	48	77	259
	5p	+	14	77	57	46	79	259
	5p	+	15	68	53	46	92	259
	5p	+	16	73	71	40	75	259
	5p	+	17	68	65	32	94	259
	5p	+	18	75	50	62	72	259
	5p	+	19	81	67	36	75	259
	5p	+	20	75	60	42	82	259
	5p	+	21	75	57	47	80	259
	5p	+	22	80	60	53	66	259
	5p	+	23	81	64	37	77	259
	5p	+	24	70	63	55	71	259
	5p	+	25	65	69	39	86	259
	5p	+	26	78	54	50	77	259
	5p	+	27	67	64	50	78	259
	5p	+	28	86	49	44	80	259
	5p	+	29	72	54	57	76	259
	5p	+	30	75	64	44	76	259
	5p	+	31	72	46	36	70	224
	5p	+	32	56	53	47	56	212
	5p	+	33	60	45	40	60	205
	5p	+	34	73	28	35	68	204
	5p	+	35	63	38	29	72	202
	5p	+	36	68	45	33	53	199
	5p	+	37	57	40	40	61	198
	5p	+	38	52	49	39	54	194
	5p	+	39	45	47	33	66	191
	5p	+	40	56	41	34	57	188
	5p	+	41	48	43	28	65	184
	5p	+	42	52	36	35	58	181
	5p	+	43	49	48	28	52	177
	5p	+	44	50	42	30	52	174
	5p	+	45	48	38	36	47	169
	5p	+	46	45	33	32	55	165
	5p	+	47	47	33	33	47	160
	5p	+	48	44	24	33	59	160
	5p	+	49	41	32	29	57	159
	5p	+	50	41	41	32	42	156
	5p	+	51	53	42	20	37	152
	5p	+	52	44	32	22	50	148
	5p	+	53	41	26	28	48	143
	5p	+	54	38	23	29	48	138
	5p	+	55	34	27	35	36	132
	5p	+	56	46	28	26	30	130
	5p	+	57	30	26	22	49	127
	5p	+	58	34	22	36	31	123
	5p	+	59	40	30	21	29	120
	5p	+	60	34	23	25	33	115
	5p	+	61	29	27	21	34	111
	5p	+	62	35	20	32	22	109
	5p	+	63	34	20	22	29	105
	5p	+	64	33	15	24	30	102
	5p	+	65	28	27	15	27	97
	5p	+	66	26	22	16	29	93
	5p	+	67	27	23	15	25	90
	5p	+	68	24	22	21	21	88
	5p	+	69	20	22	17	23	82
	5p	+	70	21	14	19	24	78
	5p	+	71	24	17	12	21	74
	5p	+	72	17	19	19	17	72
	5p	+	73	19	20	7	22	68
	5p	+	74	12	23	8	23	66
	5p	+	75	19	9	13	22	63
	5p	+	76	13	13	10	25	61
	5p	+	77	10	16	12	20	58
	5p	+	78	13	17	10	17	57
	5p	+	79	15	12	6	24	57
	5p	+	80	14	9	9	25	57
	5p	+	81	18	12	11	16	57
	5p	+	82	17	16	7	16	56
	5p	+	83	14	11	4	24	53
	5p	+	84	11	14	11	13	49
	5p	+	85	17	8	6	17	48
	5p	+	86	10	13	6	19	48
	5p	+	87	17	11	8	11	47
	5p	+	88	16	7	12	11	46
	5p	+	89	15	9	8	14	46
	5p	+	90	14	10	9	13	46
	5p	+	91	13	10	9	13	45
	5p	+	92	11	7	10	15	43
	5p	+	93	16	5	9	12	42
	5p	+	94	10	14	3	12	39
	5p	+	95	7	9	9	11	36
	5p	+	96	12	6	8	9	35
	5p	+	97	8	3	7	15	33
	5p	+	98	6	3	9	12	30
	5p	+	99	6	6	8	9	29
	5p	+	100	9	5	3	11	28
	5p	-	1	74	52	53	73	252
	5p	-	2	72	62	39	79	252
	5p	-	3	68	64	51	69	252
	5p	-	4	60	79	40	73	252
	5p	-	5	70	65	43	74	252
	5p	-	6	58	74	46	74	252
	5p	-	7	76	70	48	58	252
	5p	-	8	69	71	30	82	252
	5p	-	9	74	56	46	76	252
	5p	-	10	70	54	57	71	252
	5p	-	11	60	53	64	75	252
	5p	-	12	68	51	54	79	252
	5p	-	13	68	53	54	77	252
	5p	-	14	67	58	48	79	252
	5p	-	15	59	59	50	84	252
	5p	-	16	75	64	36	77	252
	5p	-	17	74	59	47	72	252
	5p	-	18	61	67	46	78	252
	5p	-	19	67	43	52	90	252
	5p	-	20	52	60	56	84	252
	5p	-	21	71	47	46	88	252
	5p	-	22	66	50	50	86	252
	5p	-	23	54	60	48	90	252
	5p	-	24	57	65	49	81	252
	5p	-	25	62	57	48	85	252
	5p	-	26	75	57	33	87	252
	5p	-	27	62	64	47	79	252
	5p	-	28	70	63	47	72	252
	5p	-	29	63	62	55	72	252
	5p	-	30	62	69	49	72	252
	5p	-	31	57	60	44	70	231
	5p	-	32	53	55	40	67	215
	5p	-	33	57	59	34	63	213
	5p	-	34	72	43	34	56	205
	5p	-	35	53	38	34	79	204
	5p	-	36	61	45	41	52	199
	5p	-	37	52	50	40	55	197
	5p	-	38	61	38	37	57	193
	5p	-	39	55	45	28	61	189
	5p	-	40	44	43	35	65	187
	5p	-	41	61	37	33	52	183
	5p	-	42	57	42	23	58	180
	5p	-	43	61	22	33	57	173
	5p	-	44	48	36	29	55	168
	5p	-	45	48	34	29	51	162
	5p	-	46	47	40	31	41	159
	5p	-	47	47	36	24	50	157
	5p	-	48	46	30	29	51	156
	5p	-	49	33	37	31	49	150
	5p	-	50	39	27	24	59	149
	5p	-	51	38	36	23	51	148
	5p	-	52	47	22	27	51	147
	5p	-	53	35	35	29	46	145
	5p	-	54	30	35	28	48	141
	5p	-	55	44	24	21	47	136
	5p	-	56	31	28	30	42	131
	5p	-	57	35	26	24	41	126
	5p	-	58	35	30	24	37	126
	5p	-	59	22	33	23	42	120
	5p	-	60	33	29	16	38	116
	5p	-	61	29	27	27	29	112
	5p	-	62	42	17	17	33	109
	5p	-	63	32	23	22	28	105
	5p	-	64	33	21	17	31	102
	5p	-	65	28	26	20	21	95
	5p	-	66	27	20	13	32	92
	5p	-	67	25	14	12	35	86
	5p	-	68	21	18	15	30	84
	5p	-	69	22	18	18	25	83
	5p	-	70	23	16	11	32	82
	5p	-	71	24	18	8	30	80
	5p	-	72	24	9	15	28	76
	5p	-	73	21	14	13	26	74
	5p	-	74	24	15	10	24	73
	5p	-	75	27	15	7	22	71
	5p	-	76	21	15	12	18	66
	5p	-	77	18	10	13	21	62
	5p	-	78	21	9	15	16	61
	5p	-	79	20	14	14	12	60
	5p	-	80	25	7	12	16	60
	5p	-	81	14	12	9	22	57
	5p	-	82	17	16	12	9	54
	5p	-	83	16	8	9	19	52
	5p	-	84	12	12	14	14	52
	5p	-	85	12	10	8	21	51
	5p	-	86	15	10	12	11	48
	5p	-	87	21	8	6	12	47
	5p	-	88	14	9	5	18	46
	5p	-	89	8	10	11	16	45
	5p	-	90	18	8	8	9	43
	5p	-	91	10	8	10	15	43
	5p	-	92	12	9	5	17	43
	5p	-	93	12	10	7	13	42
	5p	-	94	10	9	9	14	42
	5p	-	95	15	8	5	13	41
	5p	-	96	9	9	7	15	40
	5p	-	97	10	11	6	11	38
	5p	-	98	15	8	3	11	37
	5p	-	99	9	10	6	10	35
	5p	-	100	13	8	6	8	35
