# table produced by DamageProfiler
# using mapped file ScA005_SCR_007.BuffaloCape_Human_nc.Target.rmdup.noMicro.bam
# Sample ID: ScA005_SCR_007.BuffaloCape_Human_nc.Target.rmdup.noMicro.bam
Pos	C>T	G>A	A>C	A>G	A>T	C>A	C>G	G>C	G>T	T>A	T>C	T>G	->ACGT	ACGT>-
24	0.008347	0.003614	0.000484	0.003224	0.000559	0.001310	0.000891	0.000836	0.001599	0.000728	0.002265	0.000742	0.000417	0.000000
23	0.009017	0.003671	0.000515	0.003021	0.000609	0.001476	0.000822	0.000825	0.001820	0.000776	0.002128	0.000813	0.000471	0.000000
22	0.009177	0.003334	0.000674	0.003060	0.000562	0.001308	0.000849	0.000726	0.001390	0.000805	0.002053	0.000758	0.000447	0.000000
21	0.008781	0.003502	0.000564	0.003099	0.000560	0.001270	0.001004	0.000791	0.001527	0.000665	0.002213	0.000717	0.000426	0.000000
20	0.008550	0.003541	0.000482	0.002965	0.000493	0.001410	0.000907	0.000716	0.001493	0.000746	0.002119	0.000647	0.000453	0.000000
19	0.008829	0.003611	0.000602	0.003208	0.000598	0.001320	0.000839	0.000800	0.001655	0.000689	0.002044	0.000750	0.000429	0.000000
18	0.008911	0.003653	0.000570	0.003020	0.000600	0.001254	0.000831	0.000810	0.001424	0.000784	0.002070	0.000732	0.000440	0.000000
17	0.009088	0.003591	0.000502	0.002959	0.000551	0.001485	0.000839	0.000780	0.001523	0.000831	0.002129	0.000770	0.000434	0.000000
16	0.008608	0.003514	0.000527	0.003152	0.000593	0.001680	0.000925	0.000781	0.001394	0.000739	0.002130	0.000744	0.000404	0.000000
15	0.008953	0.003320	0.000559	0.003020	0.000577	0.001398	0.000796	0.000696	0.001484	0.000729	0.002071	0.000635	0.000358	0.000000
14	0.008750	0.003637	0.000563	0.003276	0.000630	0.001430	0.000894	0.000829	0.001413	0.000788	0.002229	0.000854	0.000411	0.000000
13	0.009261	0.003382	0.000543	0.002950	0.000647	0.001520	0.000838	0.000716	0.001642	0.000686	0.002283	0.000686	0.000393	0.000000
12	0.009361	0.003707	0.000551	0.003068	0.000728	0.001620	0.000978	0.000812	0.001512	0.000816	0.002039	0.000722	0.000381	0.000000
11	0.009056	0.003474	0.000570	0.003263	0.000589	0.001499	0.000867	0.000686	0.001513	0.000790	0.002191	0.000823	0.000333	0.000000
10	0.009437	0.003617	0.000600	0.003100	0.000571	0.001614	0.000815	0.000677	0.001710	0.000798	0.001953	0.000732	0.000338	0.000000
9	0.009280	0.003815	0.000498	0.003262	0.000541	0.001673	0.000925	0.000742	0.001632	0.000854	0.002081	0.000840	0.000305	0.000000
8	0.009957	0.004039	0.000423	0.003027	0.000462	0.001573	0.000939	0.000708	0.001665	0.000941	0.001958	0.000715	0.000319	0.000000
7	0.010578	0.004104	0.000495	0.002825	0.000574	0.001791	0.000962	0.000892	0.001821	0.000869	0.001870	0.000721	0.000294	0.000000
6	0.010794	0.004013	0.000542	0.003080	0.000535	0.001957	0.001059	0.000811	0.001677	0.000841	0.002262	0.000901	0.000256	0.000000
5	0.011581	0.003604	0.000544	0.003099	0.000670	0.002186	0.001342	0.000664	0.001588	0.001001	0.002033	0.000753	0.000223	0.000000
4	0.012567	0.003947	0.000485	0.003193	0.000683	0.002031	0.001160	0.000644	0.001441	0.001083	0.001913	0.000959	0.000154	0.000000
3	0.012003	0.004269	0.000690	0.003239	0.000707	0.002252	0.001071	0.000624	0.001759	0.001314	0.002284	0.001007	0.000101	0.000000
2	0.010050	0.004500	0.000842	0.003344	0.000886	0.002625	0.000984	0.000763	0.001514	0.001835	0.002924	0.001296	0.000034	0.000000
1	0.048449	0.006642	0.001143	0.003309	0.001419	0.002759	0.000946	0.001109	0.001858	0.002274	0.003417	0.001476	0.000005	0.000000
0	0.121378	0.008069	0.000973	0.003475	0.001642	0.005416	0.001692	0.001104	0.001803	0.004872	0.004879	0.002340	0.000000	0.000000
