# table produced by DamageProfiler
# using mapped file PaA033.BuffaloCape_Human_nc.Target.rmdup.noMicro.bam
# Sample ID: PaA033.BuffaloCape_Human_nc.Target.rmdup.noMicro.bam
Pos	C>T	G>A	A>C	A>G	A>T	C>A	C>G	G>C	G>T	T>A	T>C	T>G	->ACGT	ACGT>-
24	0.017241	0.037736	0.021053	0.026316	0.018421	0.022989	0.005747	0.056604	0.012579	0.012579	0.022013	0.022013	0.029098	0.000000
23	0.020202	0.016949	0.022039	0.024793	0.019284	0.030303	0.025253	0.016949	0.056497	0.017544	0.028070	0.007018	0.033236	0.000000
22	0.034884	0.032432	0.024457	0.005435	0.027174	0.029070	0.034884	0.027027	0.021622	0.009967	0.023256	0.016611	0.034113	0.000000
21	0.005814	0.046512	0.030691	0.012788	0.017903	0.023256	0.011628	0.023256	0.023256	0.010135	0.020270	0.016892	0.030068	0.000000
20	0.026596	0.039548	0.017766	0.017766	0.007614	0.031915	0.037234	0.039548	0.022599	0.021978	0.036630	0.010989	0.029070	0.000000
19	0.032258	0.041916	0.025063	0.010025	0.012531	0.005376	0.010753	0.017964	0.029940	0.025362	0.010870	0.007246	0.035019	0.000000
18	0.021390	0.049689	0.015075	0.020101	0.030151	0.016043	0.016043	0.024845	0.012422	0.020619	0.034364	0.024055	0.020251	0.000000
17	0.010471	0.056250	0.012920	0.018088	0.018088	0.020942	0.036649	0.012500	0.018750	0.013937	0.027875	0.013937	0.037073	0.000000
16	0.047059	0.038217	0.008021	0.010695	0.024064	0.017647	0.035294	0.012739	0.038217	0.023952	0.026946	0.032934	0.026087	0.000000
15	0.010363	0.039474	0.019178	0.005479	0.041096	0.041451	0.031088	0.026316	0.026316	0.025316	0.022152	0.028481	0.032164	0.000000
14	0.037037	0.029762	0.023256	0.012920	0.036176	0.012346	0.000000	0.011905	0.035714	0.031250	0.031250	0.012500	0.018322	0.000000
13	0.032609	0.018987	0.010309	0.036082	0.020619	0.027174	0.032609	0.025316	0.025316	0.029605	0.009868	0.013158	0.027079	0.000000
12	0.020725	0.039735	0.017544	0.015038	0.017544	0.031088	0.025907	0.033113	0.006623	0.020478	0.023891	0.017065	0.026062	0.000000
11	0.030928	0.049080	0.013928	0.019499	0.022284	0.030928	0.010309	0.018405	0.012270	0.036066	0.016393	0.019672	0.036239	0.000000
10	0.016393	0.033708	0.013123	0.023622	0.028871	0.049180	0.027322	0.016854	0.022472	0.024823	0.014184	0.042553	0.036133	0.000000
9	0.017964	0.029586	0.010050	0.017588	0.012563	0.053892	0.011976	0.023669	0.047337	0.020202	0.020202	0.020202	0.028128	0.000000
8	0.023529	0.023392	0.014963	0.009975	0.014963	0.023529	0.011765	0.023392	0.017544	0.017422	0.024390	0.020906	0.031098	0.000000
7	0.029586	0.034483	0.018476	0.023095	0.016166	0.029586	0.011834	0.013793	0.027586	0.031359	0.020906	0.013937	0.029981	0.000000
6	0.047337	0.035294	0.017199	0.024570	0.014742	0.011834	0.023669	0.011765	0.041176	0.021053	0.017544	0.010526	0.030068	0.000000
5	0.010471	0.006623	0.014388	0.009592	0.019185	0.026178	0.026178	0.019868	0.039735	0.033898	0.003390	0.016949	0.009488	0.000000
4	0.028736	0.057325	0.013986	0.009324	0.023310	0.028736	0.017241	0.038217	0.025478	0.033113	0.029801	0.009934	0.004708	0.000000
3	0.031088	0.037267	0.012626	0.015152	0.010101	0.020725	0.010363	0.043478	0.024845	0.031646	0.015823	0.031646	0.001876	0.000000
2	0.028436	0.011299	0.018277	0.007833	0.018277	0.033175	0.014218	0.022599	0.022599	0.030201	0.016779	0.026846	0.000935	0.000000
1	0.039216	0.051282	0.012346	0.024691	0.034568	0.027451	0.007843	0.042735	0.034188	0.020548	0.013699	0.017123	0.000000	0.000000
0	0.016949	0.037736	0.012579	0.010482	0.014675	0.039548	0.011299	0.066038	0.018868	0.035484	0.022581	0.012903	0.000000	0.000000
