# table produced by DamageProfiler
# using mapped file PaA033.BuffaloCape_Human_nc.Target.rmdup.noMicro.bam
# Sample ID: PaA033.BuffaloCape_Human_nc.Target.rmdup.noMicro.bam
Pos	C>T	G>A	A>C	A>G	A>T	C>A	C>G	G>C	G>T	T>A	T>C	T>G	->ACGT	ACGT>-
0	0.014706	0.039548	0.031941	0.027027	0.014742	0.034314	0.019608	0.033898	0.005650	0.035461	0.021277	0.014184	0.000000	0.000000
1	0.022222	0.024510	0.010724	0.013405	0.037534	0.016667	0.027778	0.014706	0.014706	0.022508	0.028939	0.016077	0.000936	0.000000
2	0.010050	0.017964	0.027778	0.020202	0.012626	0.025126	0.035176	0.035928	0.011976	0.032573	0.022801	0.026059	0.000000	0.000000
3	0.011050	0.028409	0.007653	0.030612	0.007653	0.038674	0.005525	0.028409	0.028409	0.025316	0.009494	0.015823	0.003756	0.000000
4	0.032432	0.018750	0.023438	0.005208	0.020833	0.005405	0.021622	0.025000	0.025000	0.015823	0.009494	0.012658	0.013397	0.000000
5	0.016949	0.025806	0.026178	0.023560	0.023560	0.022599	0.016949	0.032258	0.025806	0.015576	0.015576	0.024922	0.016425	0.000000
6	0.021858	0.024242	0.015190	0.032911	0.017722	0.010929	0.021858	0.054545	0.036364	0.024306	0.024306	0.017361	0.019399	0.000000
7	0.036145	0.022727	0.021505	0.010753	0.029570	0.024096	0.006024	0.022727	0.028409	0.009901	0.019802	0.006601	0.026549	0.000000
8	0.016304	0.022222	0.031008	0.010336	0.025840	0.016304	0.021739	0.016667	0.027778	0.014134	0.031802	0.021201	0.017408	0.000000
9	0.016304	0.043956	0.017903	0.017903	0.005115	0.032609	0.048913	0.032967	0.032967	0.013986	0.024476	0.006993	0.015340	0.000000
10	0.027778	0.068571	0.028061	0.017857	0.007653	0.011111	0.016667	0.028571	0.017143	0.029630	0.022222	0.018519	0.032448	0.000000
11	0.016304	0.036810	0.020253	0.017722	0.027848	0.021739	0.005435	0.030675	0.024540	0.017182	0.013746	0.027491	0.020329	0.000000
12	0.011236	0.061350	0.012953	0.012953	0.025907	0.016854	0.039326	0.012270	0.012270	0.017007	0.037415	0.013605	0.025465	0.000000
13	0.033520	0.028902	0.013158	0.010526	0.010526	0.016760	0.050279	0.017341	0.028902	0.016502	0.023102	0.019802	0.014493	0.000000
14	0.027174	0.039216	0.010526	0.007895	0.036842	0.038043	0.016304	0.013072	0.013072	0.025237	0.018927	0.025237	0.017408	0.000000
15	0.031646	0.024540	0.018617	0.013298	0.021277	0.018987	0.012658	0.012270	0.036810	0.030303	0.027273	0.018182	0.017527	0.000000
16	0.011111	0.018987	0.012920	0.023256	0.028424	0.016667	0.022222	0.031646	0.018987	0.022654	0.025890	0.012945	0.015474	0.000000
17	0.024272	0.048485	0.018135	0.018135	0.020725	0.029126	0.029126	0.018182	0.030303	0.035088	0.024561	0.021053	0.014395	0.000000
18	0.033149	0.045752	0.015584	0.018182	0.033766	0.033149	0.011050	0.019608	0.032680	0.029801	0.016556	0.016556	0.025465	0.000000
19	0.037634	0.035294	0.018817	0.016129	0.024194	0.037634	0.021505	0.029412	0.005882	0.023179	0.009934	0.033113	0.021359	0.000000
20	0.005882	0.027322	0.005181	0.020725	0.018135	0.047059	0.017647	0.010929	0.038251	0.034483	0.017241	0.031034	0.020408	0.000000
21	0.022727	0.022857	0.015707	0.018325	0.010471	0.039773	0.022727	0.028571	0.022857	0.006780	0.027119	0.023729	0.023346	0.000000
22	0.035714	0.027972	0.019802	0.012376	0.012376	0.029762	0.017857	0.020979	0.034965	0.019231	0.022436	0.012821	0.020448	0.000000
23	0.034884	0.037500	0.009324	0.032634	0.025641	0.023256	0.017442	0.018750	0.050000	0.033210	0.022140	0.011070	0.020349	0.000000
24	0.016043	0.045161	0.020000	0.015000	0.012500	0.026738	0.021390	0.012903	0.025806	0.029316	0.013029	0.006515	0.008580	0.000000
