# table produced by DamageProfiler
# using mapped file PaA033.BuffaloCape_Human_nc.Target.rmdup.noMicro.bam
# Sample ID: PaA033.BuffaloCape_Human_nc.Target.rmdup.noMicro.bam
Chr	End	Std	Pos	A	C	G	T	Total
	3p	+	1	250	109	53	137	549
	3p	+	2	198	132	62	157	549
	3p	+	3	198	114	87	150	549
	3p	+	4	208	102	82	157	549
	3p	+	5	231	94	75	149	549
	3p	+	6	206	114	84	145	549
	3p	+	7	204	92	104	149	549
	3p	+	8	230	97	84	138	549
	3p	+	9	215	100	86	148	549
	3p	+	10	205	95	90	159	549
	3p	+	11	195	99	112	143	549
	3p	+	12	189	109	84	167	549
	3p	+	13	205	110	83	151	549
	3p	+	14	205	100	100	144	549
	3p	+	15	200	87	91	171	549
	3p	+	16	192	99	93	165	549
	3p	+	17	192	99	88	170	549
	3p	+	18	193	114	98	144	549
	3p	+	19	204	108	90	147	549
	3p	+	20	210	110	89	140	549
	3p	+	21	212	95	107	135	549
	3p	+	22	195	101	92	161	549
	3p	+	23	206	104	100	139	549
	3p	+	24	184	110	106	149	549
	3p	+	25	185	101	92	171	549
	3p	+	26	182	108	90	169	549
	3p	+	27	191	107	85	166	549
	3p	+	28	191	117	83	158	549
	3p	+	29	193	98	96	162	549
	3p	+	30	208	109	91	141	549
	3p	+	31	94	35	37	69	235
	3p	+	32	45	14	19	45	123
	3p	+	33	24	6	18	20	68
	3p	+	34	18	8	14	11	51
	3p	+	35	17	11	6	9	43
	3p	+	36	11	10	8	12	41
	3p	+	37	10	6	9	14	39
	3p	+	38	13	7	8	9	37
	3p	+	39	15	6	6	9	36
	3p	+	40	9	9	7	10	35
	3p	+	41	13	7	5	9	34
	3p	+	42	8	7	10	9	34
	3p	+	43	11	6	6	11	34
	3p	+	44	8	6	9	11	34
	3p	+	45	13	5	7	8	33
	3p	+	46	9	6	7	9	31
	3p	+	47	10	8	3	9	30
	3p	+	48	8	7	6	9	30
	3p	+	49	12	5	8	5	30
	3p	+	50	11	7	6	6	30
	3p	+	51	8	7	8	7	30
	3p	+	52	9	6	4	10	29
	3p	+	53	11	1	5	11	28
	3p	+	54	5	6	6	9	26
	3p	+	55	11	3	4	6	24
	3p	+	56	5	6	5	7	23
	3p	+	57	9	3	2	8	22
	3p	+	58	8	6	2	5	21
	3p	+	59	9	2	6	4	21
	3p	+	60	11	3	2	5	21
	3p	+	61	14	2	3	1	20
	3p	+	62	7	2	7	4	20
	3p	+	63	4	8	2	6	20
	3p	+	64	1	4	8	4	17
	3p	+	65	3	3	5	5	16
	3p	+	66	5	1	5	3	14
	3p	+	67	4	2	2	4	12
	3p	+	68	4	1	2	5	12
	3p	+	69	4	4	3	1	12
	3p	+	70	3	3	2	3	11
	3p	+	71	3	1	2	3	9
	3p	+	72	5	0	2	1	8
	3p	+	73	2	3	1	2	8
	3p	+	74	4	0	1	2	7
	3p	+	75	4	1	1	0	6
	3p	+	76	2	0	0	2	4
	3p	+	77	0	0	1	3	4
	3p	+	78	0	1	1	1	3
	3p	+	79	2	0	0	0	2
	3p	+	80	1	0	1	0	2
	3p	+	81	1	0	0	0	1
	3p	+	82	0	1	0	0	1
	3p	+	83	1	0	0	0	1
	3p	+	84	0	0	0	0	0
	3p	+	85	0	0	0	0	0
	3p	+	86	0	0	0	0	0
	3p	+	87	0	0	0	0	0
	3p	+	88	0	0	0	0	0
	3p	+	89	0	0	0	0	0
	3p	+	90	0	0	0	0	0
	3p	+	91	0	0	0	0	0
	3p	+	92	0	0	0	0	0
	3p	+	93	0	0	0	0	0
	3p	+	94	0	0	0	0	0
	3p	+	95	0	0	0	0	0
	3p	+	96	0	0	0	0	0
	3p	+	97	0	0	0	0	0
	3p	+	98	0	0	0	0	0
	3p	+	99	0	0	0	0	0
	3p	+	100	0	0	0	0	0
	3p	-	1	231	76	51	163	521
	3p	-	2	197	118	57	149	521
	3p	-	3	186	97	95	143	521
	3p	-	4	195	96	80	150	521
	3p	-	5	204	89	75	153	521
	3p	-	6	211	80	74	156	521
	3p	-	7	203	87	80	151	521
	3p	-	8	207	83	80	151	521
	3p	-	9	192	87	99	143	521
	3p	-	10	206	82	87	146	521
	3p	-	11	197	90	91	143	521
	3p	-	12	188	97	92	144	521
	3p	-	13	202	98	78	143	521
	3p	-	14	178	90	83	170	521
	3p	-	15	180	94	82	165	521
	3p	-	16	186	108	68	159	521
	3p	-	17	191	78	85	167	521
	3p	-	18	201	93	81	146	521
	3p	-	19	192	98	80	151	521
	3p	-	20	196	98	81	146	521
	3p	-	21	194	106	82	139	521
	3p	-	22	194	100	86	141	521
	3p	-	23	168	83	94	176	521
	3p	-	24	185	102	79	155	521
	3p	-	25	192	100	79	150	521
	3p	-	26	196	84	89	152	521
	3p	-	27	192	93	92	144	521
	3p	-	28	190	86	89	156	521
	3p	-	29	190	77	85	169	521
	3p	-	30	194	110	89	128	521
	3p	-	31	94	49	36	58	237
	3p	-	32	37	15	19	31	102
	3p	-	33	28	10	8	17	63
	3p	-	34	18	10	3	10	41
	3p	-	35	13	10	2	8	33
	3p	-	36	4	6	10	7	27
	3p	-	37	10	4	4	6	24
	3p	-	38	7	5	2	8	22
	3p	-	39	7	5	5	5	22
	3p	-	40	11	4	0	6	21
	3p	-	41	5	7	2	7	21
	3p	-	42	8	5	2	5	20
	3p	-	43	7	5	5	3	20
	3p	-	44	3	5	5	7	20
	3p	-	45	5	6	3	5	19
	3p	-	46	7	5	2	3	17
	3p	-	47	7	3	0	5	15
	3p	-	48	5	4	2	3	14
	3p	-	49	6	3	4	1	14
	3p	-	50	4	4	2	4	14
	3p	-	51	6	3	0	5	14
	3p	-	52	3	1	5	3	12
	3p	-	53	2	1	3	6	12
	3p	-	54	3	2	4	2	11
	3p	-	55	1	2	4	4	11
	3p	-	56	4	0	2	4	10
	3p	-	57	4	2	1	3	10
	3p	-	58	2	3	3	2	10
	3p	-	59	1	3	3	3	10
	3p	-	60	2	2	0	4	8
	3p	-	61	5	1	0	2	8
	3p	-	62	1	3	2	2	8
	3p	-	63	1	0	4	2	7
	3p	-	64	3	1	2	1	7
	3p	-	65	2	2	1	1	6
	3p	-	66	0	1	3	1	5
	3p	-	67	1	1	1	2	5
	3p	-	68	4	0	0	1	5
	3p	-	69	1	0	0	3	4
	3p	-	70	0	3	1	0	4
	3p	-	71	0	2	0	1	3
	3p	-	72	1	1	0	1	3
	3p	-	73	1	0	1	1	3
	3p	-	74	0	1	2	0	3
	3p	-	75	1	1	1	0	3
	3p	-	76	0	1	2	0	3
	3p	-	77	0	2	0	1	3
	3p	-	78	1	1	0	1	3
	3p	-	79	1	0	1	0	2
	3p	-	80	2	0	0	0	2
	3p	-	81	1	0	0	0	1
	3p	-	82	0	1	0	0	1
	3p	-	83	0	0	1	0	1
	3p	-	84	0	0	0	1	1
	3p	-	85	0	1	0	0	1
	3p	-	86	1	0	0	0	1
	3p	-	87	0	1	0	0	1
	3p	-	88	0	1	0	0	1
	3p	-	89	0	0	0	1	1
	3p	-	90	0	1	0	0	1
	3p	-	91	0	1	0	0	1
	3p	-	92	0	0	0	0	0
	3p	-	93	0	0	0	0	0
	3p	-	94	0	0	0	0	0
	3p	-	95	0	0	0	0	0
	3p	-	96	0	0	0	0	0
	3p	-	97	0	0	0	0	0
	3p	-	98	0	0	0	0	0
	3p	-	99	0	0	0	0	0
	3p	-	100	0	0	0	0	0
	5p	+	1	213	98	95	143	549
	5p	+	2	181	97	113	158	549
	5p	+	3	199	118	86	146	549
	5p	+	4	197	97	92	163	549
	5p	+	5	184	113	82	170	549
	5p	+	6	173	104	93	179	549
	5p	+	7	197	110	98	144	549
	5p	+	8	196	98	94	161	549
	5p	+	9	211	108	95	135	549
	5p	+	10	207	89	109	144	549
	5p	+	11	201	103	99	146	549
	5p	+	12	197	105	93	154	549
	5p	+	13	200	108	94	147	549
	5p	+	14	203	103	94	149	549
	5p	+	15	204	101	86	158	549
	5p	+	16	197	72	102	178	549
	5p	+	17	186	112	99	152	549
	5p	+	18	203	105	94	147	549
	5p	+	19	192	103	79	175	549
	5p	+	20	192	95	106	156	549
	5p	+	21	199	97	108	145	549
	5p	+	22	212	100	85	152	549
	5p	+	23	207	90	86	166	549
	5p	+	24	222	101	84	142	549
	5p	+	25	197	109	88	155	549
	5p	+	26	225	101	81	142	549
	5p	+	27	230	98	82	139	549
	5p	+	28	202	102	96	149	549
	5p	+	29	187	139	67	156	549
	5p	+	30	238	115	65	131	549
	5p	+	31	103	42	25	65	235
	5p	+	32	55	14	14	40	123
	5p	+	33	25	12	13	18	68
	5p	+	34	18	13	6	14	51
	5p	+	35	10	9	6	18	43
	5p	+	36	13	14	2	12	41
	5p	+	37	14	8	7	10	39
	5p	+	38	12	8	5	12	37
	5p	+	39	16	4	8	8	36
	5p	+	40	13	9	8	5	35
	5p	+	41	13	7	8	6	34
	5p	+	42	11	8	6	9	34
	5p	+	43	6	12	3	13	34
	5p	+	44	8	5	9	12	34
	5p	+	45	12	10	7	4	33
	5p	+	46	18	3	5	5	31
	5p	+	47	11	4	9	6	30
	5p	+	48	11	7	5	7	30
	5p	+	49	8	4	6	12	30
	5p	+	50	12	10	3	5	30
	5p	+	51	5	7	5	13	30
	5p	+	52	6	6	6	11	29
	5p	+	53	9	8	5	6	28
	5p	+	54	6	11	5	4	26
	5p	+	55	9	6	3	6	24
	5p	+	56	9	2	2	10	23
	5p	+	57	6	2	6	8	22
	5p	+	58	8	4	2	7	21
	5p	+	59	6	4	3	8	21
	5p	+	60	10	4	3	4	21
	5p	+	61	8	5	1	6	20
	5p	+	62	10	3	3	4	20
	5p	+	63	6	4	2	8	20
	5p	+	64	9	3	2	3	17
	5p	+	65	4	2	1	9	16
	5p	+	66	7	1	4	2	14
	5p	+	67	5	3	3	1	12
	5p	+	68	4	3	2	3	12
	5p	+	69	4	2	1	5	12
	5p	+	70	1	5	1	4	11
	5p	+	71	3	2	2	2	9
	5p	+	72	3	1	1	3	8
	5p	+	73	3	0	2	3	8
	5p	+	74	3	2	2	0	7
	5p	+	75	3	2	0	1	6
	5p	+	76	2	0	1	1	4
	5p	+	77	3	1	0	0	4
	5p	+	78	1	0	0	2	3
	5p	+	79	1	1	0	0	2
	5p	+	80	0	2	0	0	2
	5p	+	81	1	0	0	0	1
	5p	+	82	0	0	0	1	1
	5p	+	83	0	0	1	0	1
	5p	+	84	0	0	0	0	0
	5p	+	85	0	0	0	0	0
	5p	+	86	0	0	0	0	0
	5p	+	87	0	0	0	0	0
	5p	+	88	0	0	0	0	0
	5p	+	89	0	0	0	0	0
	5p	+	90	0	0	0	0	0
	5p	+	91	0	0	0	0	0
	5p	+	92	0	0	0	0	0
	5p	+	93	0	0	0	0	0
	5p	+	94	0	0	0	0	0
	5p	+	95	0	0	0	0	0
	5p	+	96	0	0	0	0	0
	5p	+	97	0	0	0	0	0
	5p	+	98	0	0	0	0	0
	5p	+	99	0	0	0	0	0
	5p	+	100	0	0	0	0	0
	5p	-	1	188	117	87	129	521
	5p	-	2	185	87	95	154	521
	5p	-	3	191	92	93	145	521
	5p	-	4	198	85	90	148	521
	5p	-	5	194	90	84	153	521
	5p	-	6	200	95	78	148	521
	5p	-	7	196	94	79	152	521
	5p	-	8	180	88	89	164	521
	5p	-	9	167	103	95	156	521
	5p	-	10	194	103	79	145	521
	5p	-	11	208	104	85	124	521
	5p	-	12	200	97	78	146	521
	5p	-	13	193	92	84	152	521
	5p	-	14	182	85	95	159	521
	5p	-	15	185	91	79	166	521
	5p	-	16	186	102	70	163	521
	5p	-	17	192	88	76	165	521
	5p	-	18	192	109	78	142	521
	5p	-	19	201	96	81	143	521
	5p	-	20	188	94	87	152	521
	5p	-	21	204	81	91	145	521
	5p	-	22	179	91	108	143	521
	5p	-	23	204	92	71	154	521
	5p	-	24	205	81	92	143	521
	5p	-	25	210	82	71	158	521
	5p	-	26	200	92	77	152	521
	5p	-	27	192	86	83	160	521
	5p	-	28	195	93	81	152	521
	5p	-	29	200	111	63	147	521
	5p	-	30	211	96	54	160	521
	5p	-	31	100	31	30	76	237
	5p	-	32	38	14	18	32	102
	5p	-	33	29	13	8	13	63
	5p	-	34	15	9	6	11	41
	5p	-	35	12	3	8	10	33
	5p	-	36	12	4	4	7	27
	5p	-	37	6	5	3	10	24
	5p	-	38	5	8	5	4	22
	5p	-	39	10	4	3	5	22
	5p	-	40	3	5	3	10	21
	5p	-	41	8	3	4	6	21
	5p	-	42	5	8	2	5	20
	5p	-	43	9	4	0	7	20
	5p	-	44	5	6	3	6	20
	5p	-	45	8	4	4	3	19
	5p	-	46	8	2	2	5	17
	5p	-	47	5	4	3	3	15
	5p	-	48	5	3	4	2	14
	5p	-	49	3	1	3	7	14
	5p	-	50	4	4	0	6	14
	5p	-	51	1	5	2	6	14
	5p	-	52	4	1	4	3	12
	5p	-	53	4	3	1	4	12
	5p	-	54	8	1	0	2	11
	5p	-	55	3	3	3	2	11
	5p	-	56	3	0	1	6	10
	5p	-	57	4	2	3	1	10
	5p	-	58	6	1	2	1	10
	5p	-	59	4	1	3	2	10
	5p	-	60	3	1	3	1	8
	5p	-	61	3	2	0	3	8
	5p	-	62	3	3	1	1	8
	5p	-	63	2	1	0	4	7
	5p	-	64	2	0	3	2	7
	5p	-	65	1	3	1	1	6
	5p	-	66	1	1	2	1	5
	5p	-	67	4	1	0	0	5
	5p	-	68	2	3	0	0	5
	5p	-	69	2	0	0	2	4
	5p	-	70	1	0	2	1	4
	5p	-	71	2	0	1	0	3
	5p	-	72	1	1	1	0	3
	5p	-	73	1	1	0	1	3
	5p	-	74	1	0	2	0	3
	5p	-	75	1	1	1	0	3
	5p	-	76	0	1	1	1	3
	5p	-	77	0	0	0	3	3
	5p	-	78	0	0	0	3	3
	5p	-	79	0	0	0	2	2
	5p	-	80	0	0	0	2	2
	5p	-	81	1	0	0	0	1
	5p	-	82	0	1	0	0	1
	5p	-	83	0	0	0	1	1
	5p	-	84	0	0	1	0	1
	5p	-	85	0	0	0	1	1
	5p	-	86	0	0	1	0	1
	5p	-	87	0	1	0	0	1
	5p	-	88	0	1	0	0	1
	5p	-	89	0	0	0	1	1
	5p	-	90	0	0	1	0	1
	5p	-	91	1	0	0	0	1
	5p	-	92	0	0	0	0	0
	5p	-	93	0	0	0	0	0
	5p	-	94	0	0	0	0	0
	5p	-	95	0	0	0	0	0
	5p	-	96	0	0	0	0	0
	5p	-	97	0	0	0	0	0
	5p	-	98	0	0	0	0	0
	5p	-	99	0	0	0	0	0
	5p	-	100	0	0	0	0	0
