# table produced by DamageProfiler
# using mapped file PaA033.BuffaloCape_Human_nc.Target.rmdup.noMicro.bam
# Sample ID: PaA033.BuffaloCape_Human_nc.Target.rmdup.noMicro.bam
Chr	End	Std	Pos	A	C	G	T	Total	G>A	C>T	A>G	T>C	A>C	A>T	C>G	C>A	T>G	T>A	G>C	G>T	A>-	T>-	C>-	G>-	->A	->T	->C	->G	S
	3p	+	1	251.0	102.0	55.0	141.0	549.0	1.0	2.0	1.0	3.0	5.0	3.0	0.0	3.0	2.0	4.0	4.0	0.0	0.0	0.0	0.0	0.0	0.0	0.0	0.0	0.0	0.0
	3p	+	2	205.0	133.0	57.0	154.0	549.0	1.0	4.0	4.0	4.0	2.0	8.0	2.0	3.0	4.0	3.0	2.0	2.0	0.0	0.0	0.0	0.0	0.0	0.0	0.0	0.0	0.0
	3p	+	3	203.0	107.0	86.0	153.0	549.0	1.0	1.0	2.0	3.0	6.0	4.0	1.0	1.0	3.0	5.0	1.0	3.0	0.0	0.0	0.0	0.0	0.0	0.0	0.0	0.0	0.0
	3p	+	4	200.0	100.0	83.0	165.0	548.0	4.0	3.0	1.0	3.0	1.0	1.0	0.0	3.0	9.0	4.0	4.0	3.0	0.0	0.0	0.0	0.0	0.0	0.0	0.0	0.0	0.0
	3p	+	5	225.0	94.0	83.0	144.0	546.0	5.0	2.0	1.0	3.0	2.0	5.0	2.0	3.0	0.0	4.0	2.0	4.0	0.0	0.0	0.0	0.0	2.0	0.0	0.0	0.0	0.0
	3p	+	6	203.0	115.0	82.0	142.0	542.0	1.0	1.0	1.0	1.0	1.0	4.0	3.0	3.0	2.0	4.0	1.0	2.0	0.0	0.0	0.0	0.0	1.0	0.0	3.0	0.0	0.0
	3p	+	7	209.0	86.0	91.0	143.0	529.0	2.0	4.0	8.0	3.0	4.0	4.0	2.0	1.0	3.0	3.0	0.0	2.0	0.0	0.0	0.0	0.0	5.0	0.0	6.0	4.0	0.0
	3p	+	8	230.0	91.0	72.0	139.0	532.0	4.0	1.0	7.0	0.0	6.0	3.0	1.0	1.0	3.0	7.0	1.0	0.0	0.0	0.0	0.0	0.0	4.0	0.0	2.0	6.0	0.0
	3p	+	9	213.0	89.0	77.0	143.0	522.0	2.0	1.0	3.0	2.0	4.0	4.0	1.0	2.0	3.0	3.0	2.0	2.0	0.0	0.0	0.0	0.0	6.0	0.0	7.0	8.0	0.0
	3p	+	10	200.0	91.0	83.0	155.0	529.0	1.0	2.0	4.0	2.0	3.0	3.0	1.0	4.0	3.0	3.0	3.0	2.0	0.0	0.0	0.0	0.0	7.0	0.0	3.0	5.0	0.0
	3p	+	11	191.0	99.0	98.0	138.0	526.0	3.0	2.0	5.0	0.0	2.0	5.0	2.0	4.0	4.0	4.0	0.0	1.0	0.0	0.0	0.0	0.0	5.0	0.0	6.0	7.0	0.0
	3p	+	12	174.0	99.0	82.0	169.0	524.0	7.0	4.0	2.0	5.0	2.0	2.0	2.0	1.0	4.0	7.0	3.0	2.0	0.0	0.0	0.0	0.0	6.0	0.0	7.0	6.0	0.0
	3p	+	13	195.0	110.0	73.0	148.0	526.0	1.0	3.0	1.0	2.0	3.0	2.0	2.0	5.0	4.0	3.0	1.0	1.0	0.0	0.0	0.0	0.0	7.0	0.0	4.0	6.0	0.0
	3p	+	14	203.0	97.0	84.0	140.0	524.0	0.0	2.0	6.0	2.0	0.0	5.0	4.0	3.0	3.0	6.0	3.0	2.0	0.0	0.0	0.0	0.0	4.0	0.0	7.0	8.0	0.0
	3p	+	15	205.0	80.0	85.0	162.0	532.0	2.0	4.0	2.0	7.0	4.0	9.0	0.0	2.0	4.0	4.0	1.0	2.0	0.0	0.0	0.0	0.0	2.0	0.0	1.0	5.0	0.0
	3p	+	16	182.0	95.0	86.0	164.0	527.0	4.0	1.0	1.0	3.0	2.0	11.0	4.0	4.0	6.0	7.0	4.0	1.0	0.0	0.0	0.0	0.0	9.0	0.0	4.0	5.0	0.0
	3p	+	17	188.0	92.0	79.0	167.0	526.0	2.0	2.0	4.0	5.0	1.0	3.0	3.0	2.0	2.0	3.0	0.0	2.0	0.0	0.0	0.0	0.0	5.0	0.0	8.0	4.0	0.0
	3p	+	18	190.0	104.0	86.0	141.0	521.0	3.0	1.0	4.0	3.0	3.0	5.0	3.0	2.0	3.0	3.0	2.0	1.0	0.0	0.0	0.0	0.0	7.0	0.0	8.0	8.0	0.0
	3p	+	19	203.0	96.0	89.0	144.0	532.0	6.0	2.0	3.0	6.0	2.0	6.0	1.0	0.0	4.0	2.0	2.0	1.0	0.0	0.0	0.0	0.0	4.0	0.0	5.0	2.0	0.0
	3p	+	20	203.0	99.0	87.0	135.0	524.0	4.0	4.0	1.0	1.0	6.0	2.0	1.0	0.0	1.0	3.0	2.0	2.0	0.0	0.0	0.0	0.0	9.0	0.0	7.0	7.0	0.0
	3p	+	21	201.0	93.0	98.0	135.0	527.0	5.0	2.0	3.0	4.0	2.0	2.0	3.0	3.0	1.0	5.0	1.0	1.0	0.0	0.0	0.0	0.0	5.0	0.0	3.0	9.0	0.0
	3p	+	22	190.0	91.0	92.0	158.0	531.0	6.0	0.0	2.0	2.0	2.0	3.0	1.0	2.0	2.0	1.0	0.0	3.0	0.0	0.0	0.0	0.0	3.0	0.0	9.0	4.0	0.0
	3p	+	23	202.0	97.0	94.0	140.0	533.0	4.0	2.0	2.0	4.0	5.0	4.0	3.0	2.0	3.0	2.0	2.0	1.0	0.0	0.0	0.0	0.0	7.0	0.0	3.0	5.0	0.0
	3p	+	24	186.0	102.0	95.0	141.0	524.0	1.0	2.0	7.0	5.0	7.0	4.0	4.0	4.0	1.0	2.0	1.0	4.0	0.0	0.0	0.0	0.0	9.0	0.0	5.0	5.0	0.0
	3p	+	25	189.0	87.0	81.0	170.0	527.0	3.0	3.0	8.0	4.0	4.0	3.0	1.0	1.0	2.0	2.0	4.0	1.0	0.0	0.0	0.0	0.0	5.0	0.0	7.0	8.0	0.0
	3p	+	26	182.0	97.0	91.0	166.0	536.0	3.0	2.0	3.0	1.0	4.0	4.0	1.0	0.0	1.0	5.0	5.0	1.0	0.0	0.0	0.0	0.0	3.0	0.0	4.0	3.0	0.0
	3p	+	27	196.0	101.0	79.0	166.0	542.0	1.0	0.0	5.0	1.0	4.0	3.0	2.0	2.0	2.0	4.0	3.0	3.0	0.0	0.0	0.0	0.0	0.0	0.0	2.0	4.0	0.0
	3p	+	28	199.0	106.0	73.0	167.0	545.0	0.0	1.0	7.0	3.0	8.0	3.0	1.0	3.0	5.0	5.0	4.0	0.0	0.0	0.0	0.0	0.0	2.0	0.0	1.0	1.0	0.0
	3p	+	29	196.0	97.0	92.0	164.0	549.0	1.0	2.0	5.0	2.0	2.0	2.0	2.0	1.0	2.0	4.0	2.0	2.0	0.0	0.0	0.0	0.0	0.0	0.0	0.0	0.0	0.0
	3p	+	30	206.0	111.0	84.0	148.0	549.0	3.0	3.0	3.0	2.0	5.0	4.0	3.0	5.0	6.0	6.0	2.0	0.0	0.0	0.0	0.0	0.0	0.0	0.0	0.0	0.0	0.0
	3p	+	31	93.0	34.0	38.0	69.0	234.0	3.0	1.0	2.0	1.0	0.0	2.0	1.0	0.0	2.0	2.0	2.0	1.0	0.0	0.0	0.0	0.0	0.0	0.0	0.0	0.0	0.0
	3p	+	32	44.0	15.0	18.0	46.0	123.0	1.0	1.0	2.0	1.0	0.0	0.0	0.0	1.0	0.0	1.0	0.0	0.0	0.0	0.0	0.0	0.0	0.0	0.0	0.0	0.0	0.0
	3p	+	33	24.0	6.0	17.0	21.0	68.0	0.0	0.0	1.0	0.0	0.0	0.0	0.0	0.0	0.0	1.0	0.0	0.0	0.0	0.0	0.0	0.0	0.0	0.0	0.0	0.0	0.0
	3p	+	34	19.0	8.0	13.0	11.0	51.0	0.0	0.0	1.0	0.0	0.0	0.0	0.0	0.0	0.0	0.0	0.0	0.0	0.0	0.0	0.0	0.0	0.0	0.0	0.0	0.0	0.0
	3p	+	35	18.0	11.0	6.0	8.0	43.0	0.0	0.0	0.0	0.0	0.0	1.0	0.0	0.0	0.0	0.0	0.0	0.0	0.0	0.0	0.0	0.0	0.0	0.0	0.0	0.0	0.0
	3p	+	36	11.0	10.0	8.0	12.0	41.0	0.0	0.0	0.0	0.0	0.0	0.0	0.0	0.0	0.0	0.0	0.0	0.0	0.0	0.0	0.0	0.0	0.0	0.0	0.0	0.0	0.0
	3p	+	37	11.0	6.0	8.0	14.0	39.0	0.0	0.0	1.0	0.0	0.0	0.0	0.0	0.0	0.0	0.0	0.0	0.0	0.0	0.0	0.0	0.0	0.0	0.0	0.0	0.0	0.0
	3p	+	38	13.0	7.0	8.0	9.0	37.0	0.0	0.0	0.0	0.0	0.0	0.0	0.0	0.0	0.0	0.0	0.0	0.0	0.0	0.0	0.0	0.0	0.0	0.0	0.0	0.0	0.0
	3p	+	39	14.0	6.0	6.0	10.0	36.0	0.0	0.0	0.0	0.0	0.0	0.0	0.0	0.0	0.0	1.0	0.0	0.0	0.0	0.0	0.0	0.0	0.0	0.0	0.0	0.0	0.0
	3p	+	40	8.0	9.0	8.0	10.0	35.0	1.0	0.0	0.0	0.0	0.0	0.0	0.0	0.0	0.0	0.0	0.0	0.0	0.0	0.0	0.0	0.0	0.0	0.0	0.0	0.0	0.0
	3p	+	41	14.0	6.0	5.0	9.0	34.0	0.0	0.0	0.0	0.0	1.0	0.0	0.0	0.0	0.0	0.0	0.0	0.0	0.0	0.0	0.0	0.0	0.0	0.0	0.0	0.0	0.0
	3p	+	42	8.0	7.0	10.0	9.0	34.0	0.0	0.0	0.0	0.0	0.0	0.0	0.0	0.0	0.0	0.0	0.0	0.0	0.0	0.0	0.0	0.0	0.0	0.0	0.0	0.0	0.0
	3p	+	43	10.0	6.0	7.0	11.0	34.0	1.0	0.0	0.0	0.0	0.0	0.0	0.0	0.0	0.0	0.0	0.0	0.0	0.0	0.0	0.0	0.0	0.0	0.0	0.0	0.0	0.0
	3p	+	44	7.0	6.0	10.0	11.0	34.0	1.0	0.0	0.0	0.0	0.0	0.0	0.0	0.0	0.0	0.0	0.0	0.0	0.0	0.0	0.0	0.0	0.0	0.0	0.0	0.0	0.0
	3p	+	45	13.0	5.0	7.0	8.0	33.0	0.0	0.0	0.0	0.0	0.0	0.0	0.0	0.0	0.0	0.0	0.0	0.0	0.0	0.0	0.0	0.0	0.0	0.0	0.0	0.0	0.0
	3p	+	46	9.0	6.0	6.0	10.0	31.0	0.0	0.0	0.0	0.0	0.0	0.0	0.0	0.0	1.0	0.0	0.0	0.0	0.0	0.0	0.0	0.0	0.0	0.0	0.0	0.0	0.0
	3p	+	47	9.0	8.0	4.0	9.0	30.0	1.0	0.0	0.0	0.0	0.0	0.0	0.0	0.0	0.0	0.0	0.0	0.0	0.0	0.0	0.0	0.0	0.0	0.0	0.0	0.0	0.0
	3p	+	48	8.0	6.0	6.0	10.0	30.0	0.0	0.0	0.0	1.0	0.0	0.0	0.0	0.0	0.0	0.0	0.0	0.0	0.0	0.0	0.0	0.0	0.0	0.0	0.0	0.0	0.0
	3p	+	49	11.0	5.0	9.0	5.0	30.0	1.0	0.0	0.0	0.0	0.0	0.0	0.0	0.0	0.0	0.0	0.0	0.0	0.0	0.0	0.0	0.0	0.0	0.0	0.0	0.0	0.0
	3p	+	50	11.0	6.0	6.0	7.0	30.0	0.0	0.0	0.0	1.0	0.0	0.0	0.0	0.0	0.0	0.0	0.0	0.0	0.0	0.0	0.0	0.0	0.0	0.0	0.0	0.0	0.0
	3p	+	51	8.0	8.0	8.0	6.0	30.0	0.0	1.0	0.0	0.0	0.0	0.0	0.0	0.0	0.0	0.0	0.0	0.0	0.0	0.0	0.0	0.0	0.0	0.0	0.0	0.0	0.0
	3p	+	52	10.0	5.0	4.0	10.0	29.0	0.0	0.0	0.0	0.0	1.0	0.0	0.0	0.0	0.0	0.0	0.0	0.0	0.0	0.0	0.0	0.0	0.0	0.0	0.0	0.0	0.0
	3p	+	53	11.0	0.0	5.0	12.0	28.0	0.0	0.0	0.0	1.0	0.0	0.0	0.0	0.0	0.0	0.0	0.0	0.0	0.0	0.0	0.0	0.0	0.0	0.0	0.0	0.0	0.0
	3p	+	54	5.0	7.0	5.0	9.0	26.0	0.0	0.0	0.0	0.0	0.0	0.0	1.0	0.0	0.0	0.0	0.0	0.0	0.0	0.0	0.0	0.0	0.0	0.0	0.0	0.0	0.0
	3p	+	55	11.0	3.0	4.0	6.0	24.0	0.0	0.0	0.0	0.0	0.0	0.0	0.0	0.0	0.0	0.0	0.0	0.0	0.0	0.0	0.0	0.0	0.0	0.0	0.0	0.0	0.0
	3p	+	56	5.0	6.0	5.0	7.0	23.0	0.0	0.0	0.0	0.0	0.0	0.0	0.0	0.0	0.0	0.0	0.0	0.0	0.0	0.0	0.0	0.0	0.0	0.0	0.0	0.0	0.0
	3p	+	57	10.0	3.0	1.0	8.0	22.0	0.0	0.0	1.0	0.0	0.0	0.0	0.0	0.0	0.0	0.0	0.0	0.0	0.0	0.0	0.0	0.0	0.0	0.0	0.0	0.0	0.0
	3p	+	58	8.0	6.0	2.0	5.0	21.0	0.0	0.0	0.0	0.0	0.0	0.0	0.0	0.0	0.0	0.0	0.0	0.0	0.0	0.0	0.0	0.0	0.0	0.0	0.0	0.0	0.0
	3p	+	59	9.0	2.0	7.0	3.0	21.0	0.0	0.0	0.0	0.0	0.0	0.0	0.0	0.0	0.0	0.0	0.0	1.0	0.0	0.0	0.0	0.0	0.0	0.0	0.0	0.0	0.0
	3p	+	60	11.0	3.0	2.0	5.0	21.0	0.0	0.0	0.0	0.0	0.0	0.0	0.0	0.0	0.0	0.0	0.0	0.0	0.0	0.0	0.0	0.0	0.0	0.0	0.0	0.0	0.0
	3p	+	61	14.0	2.0	3.0	1.0	20.0	0.0	0.0	0.0	0.0	0.0	0.0	0.0	0.0	0.0	0.0	0.0	0.0	0.0	0.0	0.0	0.0	0.0	0.0	0.0	0.0	0.0
	3p	+	62	7.0	2.0	7.0	4.0	20.0	0.0	0.0	0.0	0.0	0.0	0.0	0.0	0.0	0.0	0.0	0.0	0.0	0.0	0.0	0.0	0.0	0.0	0.0	0.0	0.0	0.0
	3p	+	63	4.0	7.0	3.0	6.0	20.0	0.0	0.0	0.0	0.0	0.0	0.0	0.0	0.0	0.0	0.0	1.0	0.0	0.0	0.0	0.0	0.0	0.0	0.0	0.0	0.0	0.0
	3p	+	64	2.0	4.0	7.0	4.0	17.0	0.0	0.0	1.0	0.0	0.0	0.0	0.0	0.0	0.0	0.0	0.0	0.0	0.0	0.0	0.0	0.0	0.0	0.0	0.0	0.0	0.0
	3p	+	65	3.0	3.0	5.0	5.0	16.0	0.0	0.0	0.0	0.0	0.0	0.0	0.0	0.0	0.0	0.0	0.0	0.0	0.0	0.0	0.0	0.0	0.0	0.0	0.0	0.0	0.0
	3p	+	66	5.0	1.0	5.0	3.0	14.0	0.0	0.0	0.0	0.0	0.0	0.0	0.0	0.0	0.0	0.0	0.0	0.0	0.0	0.0	0.0	0.0	0.0	0.0	0.0	0.0	0.0
	3p	+	67	4.0	2.0	2.0	4.0	12.0	0.0	0.0	0.0	0.0	0.0	0.0	0.0	0.0	0.0	0.0	0.0	0.0	0.0	0.0	0.0	0.0	0.0	0.0	0.0	0.0	0.0
	3p	+	68	4.0	1.0	2.0	5.0	12.0	0.0	0.0	0.0	0.0	0.0	0.0	0.0	0.0	0.0	0.0	0.0	0.0	0.0	0.0	0.0	0.0	0.0	0.0	0.0	0.0	0.0
	3p	+	69	4.0	4.0	3.0	1.0	12.0	0.0	0.0	0.0	0.0	0.0	0.0	0.0	0.0	0.0	0.0	0.0	0.0	0.0	0.0	0.0	0.0	0.0	0.0	0.0	0.0	0.0
	3p	+	70	3.0	3.0	2.0	3.0	11.0	0.0	0.0	0.0	0.0	0.0	0.0	0.0	0.0	0.0	0.0	0.0	0.0	0.0	0.0	0.0	0.0	0.0	0.0	0.0	0.0	0.0
	3p	+	71	3.0	1.0	2.0	3.0	9.0	0.0	0.0	0.0	0.0	0.0	0.0	0.0	0.0	0.0	0.0	0.0	0.0	0.0	0.0	0.0	0.0	0.0	0.0	0.0	0.0	0.0
	3p	+	72	5.0	0.0	2.0	1.0	8.0	0.0	0.0	0.0	0.0	0.0	0.0	0.0	0.0	0.0	0.0	0.0	0.0	0.0	0.0	0.0	0.0	0.0	0.0	0.0	0.0	0.0
	3p	+	73	2.0	3.0	1.0	2.0	8.0	0.0	0.0	0.0	0.0	0.0	0.0	0.0	0.0	0.0	0.0	0.0	0.0	0.0	0.0	0.0	0.0	0.0	0.0	0.0	0.0	0.0
	3p	+	74	4.0	0.0	1.0	2.0	7.0	0.0	0.0	0.0	0.0	0.0	0.0	0.0	0.0	0.0	0.0	0.0	0.0	0.0	0.0	0.0	0.0	0.0	0.0	0.0	0.0	0.0
	3p	+	75	4.0	1.0	1.0	0.0	6.0	0.0	0.0	0.0	0.0	0.0	0.0	0.0	0.0	0.0	0.0	0.0	0.0	0.0	0.0	0.0	0.0	0.0	0.0	0.0	0.0	0.0
	3p	+	76	1.0	0.0	0.0	2.0	3.0	0.0	0.0	0.0	0.0	0.0	0.0	0.0	0.0	0.0	0.0	0.0	0.0	0.0	0.0	0.0	0.0	1.0	0.0	0.0	0.0	0.0
	3p	+	77	0.0	0.0	1.0	3.0	4.0	0.0	0.0	0.0	0.0	0.0	0.0	0.0	0.0	0.0	0.0	0.0	0.0	0.0	0.0	0.0	0.0	0.0	0.0	0.0	0.0	0.0
	3p	+	78	0.0	1.0	1.0	1.0	3.0	0.0	0.0	0.0	0.0	0.0	0.0	0.0	0.0	0.0	0.0	0.0	0.0	0.0	0.0	0.0	0.0	0.0	0.0	0.0	0.0	0.0
	3p	+	79	2.0	0.0	0.0	0.0	2.0	0.0	0.0	0.0	0.0	0.0	0.0	0.0	0.0	0.0	0.0	0.0	0.0	0.0	0.0	0.0	0.0	0.0	0.0	0.0	0.0	0.0
	3p	+	80	1.0	0.0	1.0	0.0	2.0	0.0	0.0	0.0	0.0	0.0	0.0	0.0	0.0	0.0	0.0	0.0	0.0	0.0	0.0	0.0	0.0	0.0	0.0	0.0	0.0	0.0
	3p	+	81	1.0	0.0	0.0	0.0	1.0	0.0	0.0	0.0	0.0	0.0	0.0	0.0	0.0	0.0	0.0	0.0	0.0	0.0	0.0	0.0	0.0	0.0	0.0	0.0	0.0	0.0
	3p	+	82	0.0	1.0	0.0	0.0	1.0	0.0	0.0	0.0	0.0	0.0	0.0	0.0	0.0	0.0	0.0	0.0	0.0	0.0	0.0	0.0	0.0	0.0	0.0	0.0	0.0	0.0
	3p	+	83	1.0	0.0	0.0	0.0	1.0	0.0	0.0	0.0	0.0	0.0	0.0	0.0	0.0	0.0	0.0	0.0	0.0	0.0	0.0	0.0	0.0	0.0	0.0	0.0	0.0	0.0
	3p	+	84	0.0	0.0	0.0	0.0	0.0	0.0	0.0	0.0	0.0	0.0	0.0	0.0	0.0	0.0	0.0	0.0	0.0	0.0	0.0	0.0	0.0	0.0	0.0	0.0	0.0	0.0
	3p	+	85	0.0	0.0	0.0	0.0	0.0	0.0	0.0	0.0	0.0	0.0	0.0	0.0	0.0	0.0	0.0	0.0	0.0	0.0	0.0	0.0	0.0	0.0	0.0	0.0	0.0	0.0
	3p	+	86	0.0	0.0	0.0	0.0	0.0	0.0	0.0	0.0	0.0	0.0	0.0	0.0	0.0	0.0	0.0	0.0	0.0	0.0	0.0	0.0	0.0	0.0	0.0	0.0	0.0	0.0
	3p	+	87	0.0	0.0	0.0	0.0	0.0	0.0	0.0	0.0	0.0	0.0	0.0	0.0	0.0	0.0	0.0	0.0	0.0	0.0	0.0	0.0	0.0	0.0	0.0	0.0	0.0	0.0
	3p	+	88	0.0	0.0	0.0	0.0	0.0	0.0	0.0	0.0	0.0	0.0	0.0	0.0	0.0	0.0	0.0	0.0	0.0	0.0	0.0	0.0	0.0	0.0	0.0	0.0	0.0	0.0
	3p	+	89	0.0	0.0	0.0	0.0	0.0	0.0	0.0	0.0	0.0	0.0	0.0	0.0	0.0	0.0	0.0	0.0	0.0	0.0	0.0	0.0	0.0	0.0	0.0	0.0	0.0	0.0
	3p	+	90	0.0	0.0	0.0	0.0	0.0	0.0	0.0	0.0	0.0	0.0	0.0	0.0	0.0	0.0	0.0	0.0	0.0	0.0	0.0	0.0	0.0	0.0	0.0	0.0	0.0	0.0
	3p	+	91	0.0	0.0	0.0	0.0	0.0	0.0	0.0	0.0	0.0	0.0	0.0	0.0	0.0	0.0	0.0	0.0	0.0	0.0	0.0	0.0	0.0	0.0	0.0	0.0	0.0	0.0
	3p	+	92	0.0	0.0	0.0	0.0	0.0	0.0	0.0	0.0	0.0	0.0	0.0	0.0	0.0	0.0	0.0	0.0	0.0	0.0	0.0	0.0	0.0	0.0	0.0	0.0	0.0	0.0
	3p	+	93	0.0	0.0	0.0	0.0	0.0	0.0	0.0	0.0	0.0	0.0	0.0	0.0	0.0	0.0	0.0	0.0	0.0	0.0	0.0	0.0	0.0	0.0	0.0	0.0	0.0	0.0
	3p	+	94	0.0	0.0	0.0	0.0	0.0	0.0	0.0	0.0	0.0	0.0	0.0	0.0	0.0	0.0	0.0	0.0	0.0	0.0	0.0	0.0	0.0	0.0	0.0	0.0	0.0	0.0
	3p	+	95	0.0	0.0	0.0	0.0	0.0	0.0	0.0	0.0	0.0	0.0	0.0	0.0	0.0	0.0	0.0	0.0	0.0	0.0	0.0	0.0	0.0	0.0	0.0	0.0	0.0	0.0
	3p	+	96	0.0	0.0	0.0	0.0	0.0	0.0	0.0	0.0	0.0	0.0	0.0	0.0	0.0	0.0	0.0	0.0	0.0	0.0	0.0	0.0	0.0	0.0	0.0	0.0	0.0	0.0
	3p	+	97	0.0	0.0	0.0	0.0	0.0	0.0	0.0	0.0	0.0	0.0	0.0	0.0	0.0	0.0	0.0	0.0	0.0	0.0	0.0	0.0	0.0	0.0	0.0	0.0	0.0	0.0
	3p	+	98	0.0	0.0	0.0	0.0	0.0	0.0	0.0	0.0	0.0	0.0	0.0	0.0	0.0	0.0	0.0	0.0	0.0	0.0	0.0	0.0	0.0	0.0	0.0	0.0	0.0	0.0
	3p	+	99	0.0	0.0	0.0	0.0	0.0	0.0	0.0	0.0	0.0	0.0	0.0	0.0	0.0	0.0	0.0	0.0	0.0	0.0	0.0	0.0	0.0	0.0	0.0	0.0	0.0	0.0
	3p	+	100	0.0	0.0	0.0	0.0	0.0	0.0	0.0	0.0	0.0	0.0	0.0	0.0	0.0	0.0	0.0	0.0	0.0	0.0	0.0	0.0	0.0	0.0	0.0	0.0	0.0	0.0
	3p	-	1	226.0	75.0	51.0	169.0	521.0	3.0	1.0	4.0	4.0	1.0	4.0	2.0	4.0	2.0	7.0	3.0	2.00.0	0.0	0.0	0.0	0.0	0.0	0.0	0.0	0.0
	3p	-	2	200.0	122.0	60.0	138.0	520.0	5.0	6.0	6.0	0.0	3.0	6.0	0.0	4.0	1.0	3.0	3.0	2.00.0	0.0	0.0	0.0	0.0	0.0	0.0	0.0	0.0
	3p	-	3	180.0	104.0	91.0	145.0	520.0	1.0	5.0	1.0	2.0	1.0	3.0	2.0	6.0	5.0	4.0	3.0	1.00.0	0.0	0.0	0.0	0.0	0.0	0.0	1.0	0.0
	3p	-	4	196.0	93.0	78.0	151.0	518.0	2.0	3.0	5.0	2.0	4.0	3.0	2.0	1.0	1.0	6.0	3.0	1.00.0	0.0	0.0	0.0	2.0	0.0	0.0	0.0	0.0
	3p	-	5	204.0	80.0	74.0	158.0	516.0	4.0	3.0	3.0	6.0	4.0	5.0	1.0	2.0	3.0	6.0	4.0	0.00.0	0.0	0.0	0.0	0.0	0.0	1.0	2.0	0.0
	3p	-	6	214.0	76.0	69.0	153.0	512.0	0.0	1.0	3.0	0.0	5.0	4.0	2.0	2.0	3.0	6.0	2.0	4.00.0	0.0	0.0	0.0	1.0	0.0	2.0	3.0	0.0
	3p	-	7	198.0	83.0	79.0	142.0	502.0	4.0	4.0	2.0	2.0	3.0	2.0	2.0	1.0	0.0	3.0	2.0	5.00.0	0.0	0.0	0.0	4.0	0.0	4.0	8.0	0.0
	3p	-	8	203.0	78.0	73.0	148.0	502.0	1.0	4.0	3.0	6.0	2.0	4.0	1.0	4.0	1.0	2.0	1.0	4.00.0	0.0	0.0	0.0	6.0	0.0	5.0	8.0	0.0
	3p	-	9	188.0	81.0	94.0	144.0	507.0	2.0	3.0	1.0	5.0	2.0	2.0	1.0	2.0	3.0	2.0	2.0	1.00.0	0.0	0.0	0.0	3.0	0.0	3.0	5.0	0.0
	3p	-	10	198.0	76.0	86.0	142.0	502.0	4.0	1.0	3.0	4.0	1.0	2.0	1.0	5.0	3.0	3.0	1.0	6.00.0	0.0	0.0	0.0	2.0	0.0	7.0	5.0	0.0
	3p	-	11	190.0	84.0	80.0	144.0	498.0	3.0	1.0	4.0	4.0	3.0	6.0	3.0	5.0	8.0	3.0	3.0	3.00.0	0.0	0.0	0.0	9.0	0.0	5.0	5.0	0.0
	3p	-	12	185.0	95.0	81.0	136.0	497.0	1.0	2.0	5.0	0.0	3.0	6.0	0.0	5.0	2.0	4.0	0.0	0.00.0	0.0	0.0	0.0	7.0	0.0	6.0	5.0	0.0
	3p	-	13	204.0	83.0	78.0	145.0	510.0	5.0	1.0	5.0	5.0	4.0	5.0	3.0	1.0	1.0	3.0	4.0	0.00.0	0.0	0.0	0.0	3.0	0.0	7.0	0.0	0.0
	3p	-	14	185.0	87.0	74.0	164.0	510.0	3.0	4.0	8.0	1.0	4.0	3.0	2.0	2.0	1.0	3.0	1.0	2.00.0	0.0	0.0	0.0	0.0	0.0	5.0	4.0	0.0
	3p	-	15	182.0	82.0	83.0	158.0	505.0	3.0	2.0	3.0	3.0	5.0	5.0	0.0	0.0	0.0	6.0	1.0	4.00.0	0.0	0.0	0.0	2.0	0.0	5.0	4.0	0.0
	3p	-	16	183.0	98.0	66.0	152.0	499.0	2.0	1.0	1.0	4.0	5.0	4.0	2.0	4.0	3.0	1.0	0.0	3.00.0	0.0	0.0	0.0	6.0	0.0	8.0	1.0	0.0
	3p	-	17	186.0	78.0	78.0	167.0	509.0	4.0	6.0	0.0	4.0	2.0	6.0	3.0	1.0	9.0	5.0	2.0	4.00.0	0.0	0.0	0.0	3.0	0.0	2.0	5.0	0.0
	3p	-	18	197.0	87.0	74.0	146.0	504.0	6.0	1.0	3.0	5.0	2.0	2.0	4.0	2.0	1.0	1.0	0.0	2.00.0	0.0	0.0	0.0	2.0	0.0	6.0	7.0	0.0
	3p	-	19	195.0	91.0	72.0	147.0	505.0	2.0	2.0	5.0	4.0	4.0	6.0	2.0	3.0	3.0	4.0	2.0	1.00.0	0.0	0.0	0.0	3.0	0.0	4.0	3.0	0.0
	3p	-	20	196.0	87.0	80.0	141.0	504.0	3.0	2.0	3.0	2.0	4.0	3.0	1.0	1.0	1.0	4.0	1.0	3.00.0	0.0	0.0	0.0	2.0	0.0	8.0	3.0	0.0
	3p	-	21	193.0	95.0	79.0	138.0	505.0	2.0	3.0	4.0	6.0	5.0	1.0	4.0	3.0	2.0	1.0	6.0	3.00.0	0.0	0.0	0.0	5.0	0.0	4.0	4.0	0.0
	3p	-	22	201.0	81.0	80.0	138.0	500.0	2.0	1.0	3.0	4.0	10.0	4.0	1.0	2.0	3.0	2.0	4.0	1.00.0	0.0	0.0	0.0	4.0	0.0	5.0	6.0	0.0
	3p	-	23	166.0	75.0	91.0	161.0	493.0	2.0	4.0	0.0	3.0	4.0	6.0	3.0	3.0	2.0	1.0	3.0	3.00.0	0.0	0.0	0.0	6.0	0.0	8.0	6.0	0.0
	3p	-	24	177.0	96.0	82.0	144.0	499.0	2.0	2.0	2.0	3.0	1.0	3.0	1.0	2.0	1.0	3.0	2.0	6.00.0	0.0	0.0	0.0	7.0	0.0	5.0	3.0	0.0
	3p	-	25	191.0	87.0	78.0	148.0	504.0	3.0	0.0	2.0	3.0	4.0	4.0	0.0	3.0	5.0	2.0	5.0	1.00.0	0.0	0.0	0.0	3.0	0.0	4.0	3.0	0.0
	3p	-	26	198.0	77.0	83.0	145.0	503.0	2.0	4.0	2.0	2.0	5.0	6.0	1.0	1.0	3.0	4.0	0.0	4.00.0	0.0	0.0	0.0	4.0	0.0	6.0	6.0	0.0
	3p	-	27	190.0	88.0	89.0	149.0	516.0	3.0	0.0	2.0	2.0	1.0	2.0	2.0	0.0	4.0	4.0	1.0	2.00.0	0.0	0.0	0.0	0.0	0.0	3.0	1.0	0.0
	3p	-	28	191.0	83.0	86.0	157.0	517.0	3.0	1.0	7.0	4.0	2.0	4.0	3.0	5.0	0.0	3.0	3.0	1.00.0	0.0	0.0	0.0	1.0	0.0	3.0	0.0	0.0
	3p	-	29	193.0	79.0	84.0	164.0	520.0	5.0	2.0	2.0	3.0	2.0	7.0	5.0	1.0	1.0	2.0	0.0	2.00.0	0.0	0.0	0.0	0.0	0.0	1.0	0.0	0.0
	3p	-	30	197.0	101.0	91.0	131.0	520.0	3.0	3.0	0.0	5.0	8.0	4.0	1.0	2.0	2.0	4.0	1.0	1.00.0	0.0	0.0	0.0	0.0	0.0	1.0	0.0	0.0
	3p	-	31	98.0	42.0	36.0	61.0	237.0	0.0	0.0	0.0	2.0	4.0	2.0	0.0	1.0	2.0	1.0	2.0	0.00.0	0.0	0.0	0.0	0.0	0.0	0.0	0.0	0.0
	3p	-	32	40.0	15.0	17.0	30.0	102.0	0.0	0.0	2.0	0.0	0.0	1.0	1.0	0.0	0.0	0.0	1.0	0.00.0	0.0	0.0	0.0	0.0	0.0	0.0	0.0	0.0
	3p	-	33	27.0	10.0	7.0	19.0	63.0	0.0	0.0	0.0	1.0	0.0	1.0	0.0	1.0	1.0	1.0	0.0	0.00.0	0.0	0.0	0.0	0.0	0.0	0.0	0.0	0.0
	3p	-	34	18.0	9.0	4.0	10.0	41.0	0.0	0.0	0.0	0.0	0.0	0.0	0.0	0.0	0.0	0.0	1.0	0.00.0	0.0	0.0	0.0	0.0	0.0	0.0	0.0	0.0
	3p	-	35	14.0	9.0	1.0	9.0	33.0	0.0	0.0	0.0	0.0	1.0	0.0	0.0	0.0	1.0	0.0	0.0	0.00.0	0.0	0.0	0.0	0.0	0.0	0.0	0.0	0.0
	3p	-	36	4.0	6.0	10.0	7.0	27.0	0.0	0.0	0.0	0.0	0.0	0.0	0.0	0.0	0.0	0.0	0.0	0.00.0	0.0	0.0	0.0	0.0	0.0	0.0	0.0	0.0
	3p	-	37	10.0	4.0	4.0	6.0	24.0	0.0	0.0	0.0	0.0	0.0	0.0	0.0	0.0	0.0	0.0	0.0	0.00.0	0.0	0.0	0.0	0.0	0.0	0.0	0.0	0.0
	3p	-	38	7.0	5.0	2.0	8.0	22.0	0.0	0.0	0.0	0.0	0.0	0.0	0.0	0.0	0.0	0.0	0.0	0.00.0	0.0	0.0	0.0	0.0	0.0	0.0	0.0	0.0
	3p	-	39	7.0	5.0	5.0	5.0	22.0	0.0	0.0	0.0	0.0	0.0	0.0	0.0	0.0	0.0	0.0	0.0	0.00.0	0.0	0.0	0.0	0.0	0.0	0.0	0.0	0.0
	3p	-	40	10.0	4.0	1.0	6.0	21.0	1.0	0.0	0.0	0.0	0.0	0.0	0.0	0.0	0.0	0.0	0.0	0.00.0	0.0	0.0	0.0	0.0	0.0	0.0	0.0	0.0
	3p	-	41	6.0	5.0	2.0	8.0	21.0	0.0	0.0	0.0	1.0	1.0	0.0	0.0	0.0	0.0	0.0	0.0	0.00.0	0.0	0.0	0.0	0.0	0.0	0.0	0.0	0.0
	3p	-	42	8.0	5.0	2.0	5.0	20.0	0.0	0.0	0.0	0.0	0.0	0.0	0.0	0.0	0.0	0.0	0.0	0.00.0	0.0	0.0	0.0	0.0	0.0	0.0	0.0	0.0
	3p	-	43	7.0	5.0	5.0	3.0	20.0	0.0	0.0	0.0	0.0	0.0	0.0	0.0	0.0	0.0	0.0	0.0	0.00.0	0.0	0.0	0.0	0.0	0.0	0.0	0.0	0.0
	3p	-	44	3.0	4.0	5.0	8.0	20.0	0.0	0.0	0.0	1.0	0.0	0.0	0.0	0.0	0.0	0.0	0.0	0.00.0	0.0	0.0	0.0	0.0	0.0	0.0	0.0	0.0
	3p	-	45	5.0	6.0	3.0	5.0	19.0	0.0	0.0	0.0	0.0	0.0	0.0	0.0	0.0	0.0	0.0	0.0	0.00.0	0.0	0.0	0.0	0.0	0.0	0.0	0.0	0.0
	3p	-	46	7.0	5.0	3.0	2.0	17.0	0.0	0.0	0.0	0.0	0.0	0.0	0.0	0.0	0.0	0.0	0.0	1.00.0	0.0	0.0	0.0	0.0	0.0	0.0	0.0	0.0
	3p	-	47	6.0	3.0	1.0	5.0	15.0	1.0	0.0	0.0	0.0	0.0	0.0	0.0	0.0	0.0	0.0	0.0	0.00.0	0.0	0.0	0.0	0.0	0.0	0.0	0.0	0.0
	3p	-	48	4.0	4.0	3.0	3.0	14.0	1.0	0.0	0.0	0.0	0.0	0.0	0.0	0.0	0.0	0.0	0.0	0.00.0	0.0	0.0	0.0	0.0	0.0	0.0	0.0	0.0
	3p	-	49	6.0	3.0	4.0	1.0	14.0	0.0	0.0	0.0	0.0	0.0	0.0	0.0	0.0	0.0	0.0	0.0	0.00.0	0.0	0.0	0.0	0.0	0.0	0.0	0.0	0.0
	3p	-	50	4.0	5.0	2.0	3.0	14.0	0.0	1.0	0.0	0.0	0.0	0.0	0.0	0.0	0.0	0.0	0.0	0.00.0	0.0	0.0	0.0	0.0	0.0	0.0	0.0	0.0
	3p	-	51	6.0	3.0	0.0	5.0	14.0	0.0	0.0	0.0	0.0	0.0	0.0	0.0	0.0	0.0	0.0	0.0	0.00.0	0.0	0.0	0.0	0.0	0.0	0.0	0.0	0.0
	3p	-	52	3.0	1.0	5.0	3.0	12.0	0.0	0.0	0.0	0.0	0.0	0.0	0.0	0.0	0.0	0.0	0.0	0.00.0	0.0	0.0	0.0	0.0	0.0	0.0	0.0	0.0
	3p	-	53	2.0	1.0	3.0	6.0	12.0	0.0	0.0	0.0	0.0	0.0	0.0	0.0	0.0	0.0	0.0	0.0	0.00.0	0.0	0.0	0.0	0.0	0.0	0.0	0.0	0.0
	3p	-	54	2.0	2.0	4.0	3.0	11.0	1.0	0.0	0.0	0.0	0.0	0.0	0.0	0.0	1.0	0.0	0.0	0.00.0	0.0	0.0	0.0	0.0	0.0	0.0	0.0	0.0
	3p	-	55	1.0	2.0	4.0	4.0	11.0	0.0	0.0	0.0	0.0	0.0	0.0	0.0	0.0	0.0	0.0	0.0	0.00.0	0.0	0.0	0.0	0.0	0.0	0.0	0.0	0.0
	3p	-	56	4.0	0.0	2.0	4.0	10.0	0.0	0.0	0.0	0.0	0.0	0.0	0.0	0.0	0.0	0.0	0.0	0.00.0	0.0	0.0	0.0	0.0	0.0	0.0	0.0	0.0
	3p	-	57	4.0	2.0	1.0	3.0	10.0	0.0	0.0	0.0	0.0	0.0	0.0	0.0	0.0	0.0	0.0	0.0	0.00.0	0.0	0.0	0.0	0.0	0.0	0.0	0.0	0.0
	3p	-	58	2.0	3.0	3.0	2.0	10.0	0.0	0.0	0.0	0.0	0.0	0.0	0.0	0.0	0.0	0.0	0.0	0.00.0	0.0	0.0	0.0	0.0	0.0	0.0	0.0	0.0
	3p	-	59	2.0	3.0	2.0	3.0	10.0	0.0	0.0	1.0	0.0	0.0	0.0	0.0	0.0	0.0	0.0	0.0	0.00.0	0.0	0.0	0.0	0.0	0.0	0.0	0.0	0.0
	3p	-	60	2.0	2.0	0.0	4.0	8.0	0.0	0.0	0.0	0.0	0.0	0.0	0.0	0.0	0.0	0.0	0.0	0.00.0	0.0	0.0	0.0	0.0	0.0	0.0	0.0	0.0
	3p	-	61	5.0	1.0	0.0	2.0	8.0	0.0	0.0	0.0	0.0	0.0	0.0	0.0	0.0	0.0	0.0	0.0	0.00.0	0.0	0.0	0.0	0.0	0.0	0.0	0.0	0.0
	3p	-	62	1.0	3.0	2.0	2.0	8.0	0.0	0.0	0.0	0.0	0.0	0.0	0.0	0.0	0.0	0.0	0.0	0.00.0	0.0	0.0	0.0	0.0	0.0	0.0	0.0	0.0
	3p	-	63	1.0	0.0	4.0	2.0	7.0	0.0	0.0	0.0	0.0	0.0	0.0	0.0	0.0	0.0	0.0	0.0	0.00.0	0.0	0.0	0.0	0.0	0.0	0.0	0.0	0.0
	3p	-	64	3.0	1.0	2.0	1.0	7.0	0.0	0.0	0.0	0.0	0.0	0.0	0.0	0.0	0.0	0.0	0.0	0.00.0	0.0	0.0	0.0	0.0	0.0	0.0	0.0	0.0
	3p	-	65	2.0	2.0	1.0	1.0	6.0	0.0	0.0	0.0	0.0	0.0	0.0	0.0	0.0	0.0	0.0	0.0	0.00.0	0.0	0.0	0.0	0.0	0.0	0.0	0.0	0.0
	3p	-	66	0.0	1.0	3.0	1.0	5.0	0.0	0.0	0.0	0.0	0.0	0.0	0.0	0.0	0.0	0.0	0.0	0.00.0	0.0	0.0	0.0	0.0	0.0	0.0	0.0	0.0
	3p	-	67	1.0	1.0	1.0	2.0	5.0	0.0	0.0	0.0	0.0	0.0	0.0	0.0	0.0	0.0	0.0	0.0	0.00.0	0.0	0.0	0.0	0.0	0.0	0.0	0.0	0.0
	3p	-	68	4.0	0.0	0.0	1.0	5.0	0.0	0.0	0.0	0.0	0.0	0.0	0.0	0.0	0.0	0.0	0.0	0.00.0	0.0	0.0	0.0	0.0	0.0	0.0	0.0	0.0
	3p	-	69	1.0	0.0	0.0	3.0	4.0	0.0	0.0	0.0	0.0	0.0	0.0	0.0	0.0	0.0	0.0	0.0	0.00.0	0.0	0.0	0.0	0.0	0.0	0.0	0.0	0.0
	3p	-	70	0.0	3.0	1.0	0.0	4.0	0.0	0.0	0.0	0.0	0.0	0.0	0.0	0.0	0.0	0.0	0.0	0.00.0	0.0	0.0	0.0	0.0	0.0	0.0	0.0	0.0
	3p	-	71	0.0	2.0	0.0	1.0	3.0	0.0	0.0	0.0	0.0	0.0	0.0	0.0	0.0	0.0	0.0	0.0	0.00.0	0.0	0.0	0.0	0.0	0.0	0.0	0.0	0.0
	3p	-	72	1.0	1.0	0.0	1.0	3.0	0.0	0.0	0.0	0.0	0.0	0.0	0.0	0.0	0.0	0.0	0.0	0.00.0	0.0	0.0	0.0	0.0	0.0	0.0	0.0	0.0
	3p	-	73	1.0	0.0	1.0	1.0	3.0	0.0	0.0	0.0	0.0	0.0	0.0	0.0	0.0	0.0	0.0	0.0	0.00.0	0.0	0.0	0.0	0.0	0.0	0.0	0.0	0.0
	3p	-	74	0.0	0.0	3.0	0.0	3.0	0.0	0.0	0.0	0.0	0.0	0.0	0.0	0.0	0.0	0.0	1.0	0.00.0	0.0	0.0	0.0	0.0	0.0	0.0	0.0	0.0
	3p	-	75	1.0	1.0	1.0	0.0	3.0	0.0	0.0	0.0	0.0	0.0	0.0	0.0	0.0	0.0	0.0	0.0	0.00.0	0.0	0.0	0.0	0.0	0.0	0.0	0.0	0.0
	3p	-	76	0.0	1.0	2.0	0.0	3.0	0.0	0.0	0.0	0.0	0.0	0.0	0.0	0.0	0.0	0.0	0.0	0.00.0	0.0	0.0	0.0	0.0	0.0	0.0	0.0	0.0
	3p	-	77	0.0	3.0	0.0	0.0	3.0	0.0	1.0	0.0	0.0	0.0	0.0	0.0	0.0	0.0	0.0	0.0	0.00.0	0.0	0.0	0.0	0.0	0.0	0.0	0.0	0.0
	3p	-	78	1.0	1.0	0.0	1.0	3.0	0.0	0.0	0.0	0.0	0.0	0.0	0.0	0.0	0.0	0.0	0.0	0.00.0	0.0	0.0	0.0	0.0	0.0	0.0	0.0	0.0
	3p	-	79	1.0	0.0	1.0	0.0	2.0	0.0	0.0	0.0	0.0	0.0	0.0	0.0	0.0	0.0	0.0	0.0	0.00.0	0.0	0.0	0.0	0.0	0.0	0.0	0.0	0.0
	3p	-	80	2.0	0.0	0.0	0.0	2.0	0.0	0.0	0.0	0.0	0.0	0.0	0.0	0.0	0.0	0.0	0.0	0.00.0	0.0	0.0	0.0	0.0	0.0	0.0	0.0	0.0
	3p	-	81	1.0	0.0	0.0	0.0	1.0	0.0	0.0	0.0	0.0	0.0	0.0	0.0	0.0	0.0	0.0	0.0	0.00.0	0.0	0.0	0.0	0.0	0.0	0.0	0.0	0.0
	3p	-	82	0.0	1.0	0.0	0.0	1.0	0.0	0.0	0.0	0.0	0.0	0.0	0.0	0.0	0.0	0.0	0.0	0.00.0	0.0	0.0	0.0	0.0	0.0	0.0	0.0	0.0
	3p	-	83	0.0	0.0	1.0	0.0	1.0	0.0	0.0	0.0	0.0	0.0	0.0	0.0	0.0	0.0	0.0	0.0	0.00.0	0.0	0.0	0.0	0.0	0.0	0.0	0.0	0.0
	3p	-	84	0.0	0.0	0.0	1.0	1.0	0.0	0.0	0.0	0.0	0.0	0.0	0.0	0.0	0.0	0.0	0.0	0.00.0	0.0	0.0	0.0	0.0	0.0	0.0	0.0	0.0
	3p	-	85	0.0	1.0	0.0	0.0	1.0	0.0	0.0	0.0	0.0	0.0	0.0	0.0	0.0	0.0	0.0	0.0	0.00.0	0.0	0.0	0.0	0.0	0.0	0.0	0.0	0.0
	3p	-	86	1.0	0.0	0.0	0.0	1.0	0.0	0.0	0.0	0.0	0.0	0.0	0.0	0.0	0.0	0.0	0.0	0.00.0	0.0	0.0	0.0	0.0	0.0	0.0	0.0	0.0
	3p	-	87	0.0	1.0	0.0	0.0	1.0	0.0	0.0	0.0	0.0	0.0	0.0	0.0	0.0	0.0	0.0	0.0	0.00.0	0.0	0.0	0.0	0.0	0.0	0.0	0.0	0.0
	3p	-	88	0.0	1.0	0.0	0.0	1.0	0.0	0.0	0.0	0.0	0.0	0.0	0.0	0.0	0.0	0.0	0.0	0.00.0	0.0	0.0	0.0	0.0	0.0	0.0	0.0	0.0
	3p	-	89	0.0	0.0	0.0	1.0	1.0	0.0	0.0	0.0	0.0	0.0	0.0	0.0	0.0	0.0	0.0	0.0	0.00.0	0.0	0.0	0.0	0.0	0.0	0.0	0.0	0.0
	3p	-	90	0.0	1.0	0.0	0.0	1.0	0.0	0.0	0.0	0.0	0.0	0.0	0.0	0.0	0.0	0.0	0.0	0.00.0	0.0	0.0	0.0	0.0	0.0	0.0	0.0	0.0
	3p	-	91	0.0	1.0	0.0	0.0	1.0	0.0	0.0	0.0	0.0	0.0	0.0	0.0	0.0	0.0	0.0	0.0	0.00.0	0.0	0.0	0.0	0.0	0.0	0.0	0.0	0.0
	3p	-	92	0.0	0.0	0.0	0.0	0.0	0.0	0.0	0.0	0.0	0.0	0.0	0.0	0.0	0.0	0.0	0.0	0.00.0	0.0	0.0	0.0	0.0	0.0	0.0	0.0	0.0
	3p	-	93	0.0	0.0	0.0	0.0	0.0	0.0	0.0	0.0	0.0	0.0	0.0	0.0	0.0	0.0	0.0	0.0	0.00.0	0.0	0.0	0.0	0.0	0.0	0.0	0.0	0.0
	3p	-	94	0.0	0.0	0.0	0.0	0.0	0.0	0.0	0.0	0.0	0.0	0.0	0.0	0.0	0.0	0.0	0.0	0.00.0	0.0	0.0	0.0	0.0	0.0	0.0	0.0	0.0
	3p	-	95	0.0	0.0	0.0	0.0	0.0	0.0	0.0	0.0	0.0	0.0	0.0	0.0	0.0	0.0	0.0	0.0	0.00.0	0.0	0.0	0.0	0.0	0.0	0.0	0.0	0.0
	3p	-	96	0.0	0.0	0.0	0.0	0.0	0.0	0.0	0.0	0.0	0.0	0.0	0.0	0.0	0.0	0.0	0.0	0.00.0	0.0	0.0	0.0	0.0	0.0	0.0	0.0	0.0
	3p	-	97	0.0	0.0	0.0	0.0	0.0	0.0	0.0	0.0	0.0	0.0	0.0	0.0	0.0	0.0	0.0	0.0	0.00.0	0.0	0.0	0.0	0.0	0.0	0.0	0.0	0.0
	3p	-	98	0.0	0.0	0.0	0.0	0.0	0.0	0.0	0.0	0.0	0.0	0.0	0.0	0.0	0.0	0.0	0.0	0.00.0	0.0	0.0	0.0	0.0	0.0	0.0	0.0	0.0
	3p	-	99	0.0	0.0	0.0	0.0	0.0	0.0	0.0	0.0	0.0	0.0	0.0	0.0	0.0	0.0	0.0	0.0	0.00.0	0.0	0.0	0.0	0.0	0.0	0.0	0.0	0.0
	3p	-	100	0.0	0.0	0.0	0.0	0.0	0.0	0.0	0.0	0.0	0.0	0.0	0.0	0.0	0.0	0.0	0.0	0.00.0	0.0	0.0	0.0	0.0	0.0	0.0	0.0	0.0
	5p	+	1	212.0	100.0	91.0	146.0	549.0	6.0	2.0	8.0	2.0	4.0	3.0	3.0	5.0	2.0	5.0	2.0	1.00.0	0.0	0.0	0.0	0.0	0.0	0.0	0.0	0.0
	5p	+	2	182.0	96.0	109.0	160.0	547.0	0.0	2.0	3.0	3.0	1.0	4.0	2.0	2.0	4.0	4.0	3.0	2.00.0	0.0	0.0	0.0	1.0	0.0	0.0	0.0	0.0
	5p	+	3	205.0	108.0	78.0	158.0	549.0	1.0	1.0	5.0	4.0	8.0	3.0	2.0	2.0	5.0	7.0	3.0	0.00.0	0.0	0.0	0.0	0.0	0.0	0.0	0.0	0.0
	5p	+	4	199.0	98.0	83.0	164.0	544.0	1.0	1.0	9.0	0.0	1.0	1.0	1.0	3.0	2.0	4.0	3.0	2.00.0	0.0	0.0	0.0	1.0	0.0	0.0	3.0	0.0
	5p	+	5	190.0	101.0	77.0	170.0	538.0	0.0	1.0	1.0	0.0	6.0	3.0	2.0	0.0	3.0	3.0	3.0	2.00.0	0.0	0.0	0.0	1.0	0.0	6.0	4.0	0.0
	5p	+	6	179.0	91.0	84.0	177.0	531.0	2.0	3.0	7.0	4.0	5.0	4.0	1.0	1.0	2.0	4.0	3.0	1.00.0	0.0	0.0	0.0	3.0	0.0	6.0	5.0	0.0
	5p	+	7	205.0	99.0	87.0	140.0	531.0	2.0	2.0	11.0	4.0	5.0	5.0	3.0	2.0	2.0	3.0	4.0	3.00.0	0.0	0.0	0.0	6.0	0.0	5.0	4.0	0.0
	5p	+	8	194.0	87.0	91.0	155.0	527.0	3.0	3.0	3.0	4.0	5.0	5.0	1.0	1.0	1.0	2.0	3.0	3.00.0	0.0	0.0	0.0	9.0	0.0	4.0	7.0	0.0
	5p	+	9	210.0	95.0	89.0	138.0	532.0	3.0	1.0	1.0	5.0	4.0	4.0	1.0	1.0	4.0	2.0	0.0	2.00.0	0.0	0.0	0.0	4.0	0.0	7.0	5.0	0.0
	5p	+	10	197.0	92.0	99.0	145.0	533.0	4.0	1.0	3.0	4.0	2.0	1.0	7.0	5.0	1.0	3.0	1.0	1.00.0	0.0	0.0	0.0	4.0	0.0	3.0	5.0	0.0
	5p	+	11	188.0	92.0	97.0	142.0	519.0	9.0	3.0	2.0	0.0	5.0	3.0	1.0	0.0	2.0	4.0	1.0	1.00.0	0.0	0.0	0.0	10.0	0.0	9.0	8.0	0.0
	5p	+	12	189.0	98.0	92.0	148.0	527.0	5.0	2.0	2.0	2.0	2.0	3.0	0.0	0.0	4.0	1.0	2.0	3.00.0	0.0	0.0	0.0	9.0	0.0	3.0	5.0	0.0
	5p	+	13	199.0	94.0	83.0	144.0	520.0	3.0	2.0	3.0	6.0	2.0	6.0	2.0	1.0	3.0	2.0	2.0	0.00.0	0.0	0.0	0.0	6.0	0.0	9.0	8.0	0.0
	5p	+	14	201.0	98.0	85.0	145.0	529.0	1.0	2.0	4.0	5.0	2.0	3.0	5.0	3.0	0.0	3.0	1.0	1.00.0	0.0	0.0	0.0	4.0	0.0	7.0	3.0	0.0
	5p	+	15	195.0	97.0	80.0	158.0	530.0	4.0	1.0	1.0	3.0	2.0	5.0	3.0	3.0	4.0	5.0	2.0	1.00.0	0.0	0.0	0.0	5.0	0.0	4.0	5.0	0.0
	5p	+	16	194.0	66.0	92.0	175.0	527.0	1.0	3.0	3.0	6.0	1.0	7.0	1.0	2.0	5.0	5.0	2.0	1.00.0	0.0	0.0	0.0	6.0	0.0	3.0	5.0	0.0
	5p	+	17	187.0	104.0	87.0	150.0	528.0	1.0	0.0	4.0	4.0	0.0	6.0	2.0	3.0	3.0	4.0	3.0	0.00.0	0.0	0.0	0.0	1.0	0.0	6.0	7.0	0.0
	5p	+	18	193.0	106.0	86.0	141.0	526.0	2.0	4.0	3.0	2.0	3.0	4.0	3.0	4.0	5.0	7.0	1.0	4.00.0	0.0	0.0	0.0	7.0	0.0	4.0	4.0	0.0
	5p	+	19	183.0	91.0	78.0	171.0	523.0	5.0	2.0	2.0	4.0	3.0	4.0	1.0	2.0	3.0	6.0	1.0	4.00.0	0.0	0.0	0.0	5.0	0.0	9.0	5.0	0.0
	5p	+	20	190.0	92.0	98.0	149.0	529.0	4.0	5.0	4.0	1.0	3.0	4.0	0.0	2.0	3.0	3.0	3.0	1.00.0	0.0	0.0	0.0	4.0	0.0	3.0	9.0	0.0
	5p	+	21	192.0	97.0	92.0	147.0	528.0	1.0	1.0	5.0	1.0	2.0	4.0	2.0	5.0	5.0	5.0	1.0	0.00.0	0.0	0.0	0.0	7.0	0.0	4.0	6.0	0.0
	5p	+	22	209.0	90.0	77.0	150.0	526.0	1.0	2.0	3.0	4.0	4.0	4.0	3.0	2.0	3.0	2.0	3.0	2.00.0	0.0	0.0	0.0	9.0	0.0	6.0	5.0	0.0
	5p	+	23	205.0	82.0	76.0	163.0	526.0	3.0	1.0	5.0	1.0	6.0	1.0	2.0	2.0	3.0	5.0	2.0	2.00.0	0.0	0.0	0.0	4.0	0.0	4.0	7.0	0.0
	5p	+	24	223.0	97.0	72.0	133.0	525.0	3.0	4.0	8.0	1.0	2.0	8.0	1.0	1.0	2.0	6.0	0.0	2.00.0	0.0	0.0	0.0	7.0	0.0	7.0	6.0	0.0
	5p	+	25	195.0	109.0	83.0	151.0	538.0	3.0	1.0	3.0	1.0	3.0	3.0	3.0	2.0	1.0	5.0	1.0	1.00.0	0.0	0.0	0.0	1.0	0.0	1.0	3.0	0.0
	5p	+	26	217.0	102.0	87.0	140.0	546.0	6.0	4.0	2.0	3.0	1.0	3.0	1.0	2.0	1.0	4.0	1.0	3.00.0	0.0	0.0	0.0	2.0	0.0	1.0	0.0	0.0
	5p	+	27	223.0	98.0	84.0	142.0	547.0	5.0	3.0	1.0	1.0	3.0	2.0	0.0	3.0	8.0	5.0	2.0	4.00.0	0.0	0.0	0.0	0.0	0.0	0.0	0.0	0.0
	5p	+	28	201.0	98.0	95.0	154.0	548.0	2.0	1.0	2.0	3.0	3.0	4.0	1.0	3.0	5.0	4.0	3.0	2.00.0	0.0	0.0	0.0	1.0	0.0	0.0	0.0	0.0
	5p	+	29	197.0	133.0	65.0	153.0	548.0	2.0	4.0	4.0	4.0	6.0	6.0	1.0	2.0	3.0	2.0	2.0	2.00.0	0.0	0.0	0.0	0.0	0.0	1.0	0.0	0.0
	5p	+	30	237.0	107.0	66.0	139.0	549.0	1.0	2.0	1.0	5.0	6.0	2.0	1.0	4.0	3.0	5.0	4.0	1.00.0	0.0	0.0	0.0	0.0	0.0	0.0	0.0	0.0
	5p	+	31	104.0	41.0	24.0	65.0	234.0	1.0	0.0	1.0	1.0	2.0	3.0	1.0	2.0	1.0	1.0	1.0	0.00.0	0.0	0.0	0.0	1.0	0.0	0.0	0.0	0.0
	5p	+	32	56.0	16.0	12.0	38.0	122.0	0.0	1.0	0.0	0.0	0.0	1.0	1.0	0.0	0.0	0.0	0.0	0.00.0	0.0	0.0	0.0	0.0	0.0	0.0	1.0	0.0
	5p	+	33	25.0	10.0	14.0	19.0	68.0	0.0	0.0	0.0	1.0	0.0	0.0	0.0	0.0	0.0	0.0	1.0	0.00.0	0.0	0.0	0.0	0.0	0.0	0.0	0.0	0.0
	5p	+	34	17.0	13.0	6.0	15.0	51.0	0.0	0.0	0.0	0.0	0.0	0.0	0.0	0.0	0.0	1.0	0.0	0.00.0	0.0	0.0	0.0	0.0	0.0	0.0	0.0	0.0
	5p	+	35	10.0	9.0	6.0	18.0	43.0	0.0	0.0	0.0	0.0	0.0	0.0	0.0	0.0	0.0	0.0	0.0	0.00.0	0.0	0.0	0.0	0.0	0.0	0.0	0.0	0.0
	5p	+	36	13.0	14.0	2.0	12.0	41.0	0.0	0.0	0.0	0.0	0.0	0.0	0.0	0.0	0.0	0.0	0.0	0.00.0	0.0	0.0	0.0	0.0	0.0	0.0	0.0	0.0
	5p	+	37	14.0	7.0	7.0	11.0	39.0	0.0	0.0	0.0	0.0	1.0	0.0	0.0	0.0	0.0	1.0	0.0	0.00.0	0.0	0.0	0.0	0.0	0.0	0.0	0.0	0.0
	5p	+	38	14.0	7.0	5.0	11.0	37.0	0.0	0.0	0.0	0.0	1.0	1.0	0.0	0.0	0.0	0.0	0.0	0.00.0	0.0	0.0	0.0	0.0	0.0	0.0	0.0	0.0
	5p	+	39	16.0	4.0	7.0	9.0	36.0	1.0	0.0	1.0	0.0	0.0	0.0	0.0	0.0	1.0	0.0	0.0	0.00.0	0.0	0.0	0.0	0.0	0.0	0.0	0.0	0.0
	5p	+	40	13.0	9.0	8.0	5.0	35.0	0.0	0.0	0.0	0.0	0.0	0.0	0.0	0.0	0.0	0.0	0.0	0.00.0	0.0	0.0	0.0	0.0	0.0	0.0	0.0	0.0
	5p	+	41	13.0	7.0	8.0	6.0	34.0	0.0	0.0	0.0	0.0	0.0	0.0	0.0	0.0	0.0	0.0	0.0	0.00.0	0.0	0.0	0.0	0.0	0.0	0.0	0.0	0.0
	5p	+	42	11.0	8.0	5.0	10.0	34.0	0.0	0.0	0.0	0.0	0.0	0.0	0.0	0.0	1.0	0.0	0.0	0.00.0	0.0	0.0	0.0	0.0	0.0	0.0	0.0	0.0
	5p	+	43	7.0	12.0	3.0	12.0	34.0	0.0	0.0	0.0	0.0	0.0	1.0	0.0	0.0	0.0	0.0	0.0	0.00.0	0.0	0.0	0.0	0.0	0.0	0.0	0.0	0.0
	5p	+	44	7.0	5.0	10.0	12.0	34.0	1.0	0.0	0.0	0.0	0.0	0.0	0.0	0.0	0.0	0.0	0.0	0.00.0	0.0	0.0	0.0	0.0	0.0	0.0	0.0	0.0
	5p	+	45	13.0	10.0	7.0	3.0	33.0	0.0	0.0	0.0	0.0	0.0	1.0	0.0	0.0	0.0	0.0	0.0	0.00.0	0.0	0.0	0.0	0.0	0.0	0.0	0.0	0.0
	5p	+	46	18.0	3.0	5.0	5.0	31.0	0.0	0.0	0.0	0.0	0.0	0.0	0.0	0.0	0.0	0.0	0.0	0.00.0	0.0	0.0	0.0	0.0	0.0	0.0	0.0	0.0
	5p	+	47	10.0	4.0	10.0	6.0	30.0	1.0	0.0	0.0	0.0	0.0	0.0	0.0	0.0	0.0	0.0	0.0	0.00.0	0.0	0.0	0.0	0.0	0.0	0.0	0.0	0.0
	5p	+	48	11.0	7.0	5.0	7.0	30.0	0.0	0.0	0.0	0.0	0.0	0.0	0.0	0.0	0.0	0.0	0.0	0.00.0	0.0	0.0	0.0	0.0	0.0	0.0	0.0	0.0
	5p	+	49	7.0	4.0	7.0	12.0	30.0	1.0	0.0	0.0	0.0	0.0	0.0	0.0	0.0	0.0	0.0	0.0	0.00.0	0.0	0.0	0.0	0.0	0.0	0.0	0.0	0.0
	5p	+	50	12.0	9.0	3.0	6.0	30.0	0.0	0.0	0.0	1.0	0.0	0.0	0.0	0.0	0.0	0.0	0.0	0.00.0	0.0	0.0	0.0	0.0	0.0	0.0	0.0	0.0
	5p	+	51	5.0	7.0	5.0	13.0	30.0	0.0	0.0	0.0	0.0	0.0	0.0	0.0	0.0	0.0	0.0	0.0	0.00.0	0.0	0.0	0.0	0.0	0.0	0.0	0.0	0.0
	5p	+	52	6.0	6.0	6.0	11.0	29.0	0.0	0.0	0.0	0.0	0.0	0.0	0.0	0.0	0.0	0.0	0.0	0.00.0	0.0	0.0	0.0	0.0	0.0	0.0	0.0	0.0
	5p	+	53	9.0	8.0	5.0	6.0	28.0	0.0	0.0	0.0	0.0	0.0	0.0	0.0	0.0	0.0	0.0	0.0	0.00.0	0.0	0.0	0.0	0.0	0.0	0.0	0.0	0.0
	5p	+	54	5.0	12.0	5.0	4.0	26.0	0.0	0.0	0.0	0.0	0.0	0.0	0.0	1.0	0.0	0.0	0.0	0.00.0	0.0	0.0	0.0	0.0	0.0	0.0	0.0	0.0
	5p	+	55	9.0	6.0	3.0	6.0	24.0	0.0	0.0	0.0	0.0	0.0	0.0	0.0	0.0	0.0	0.0	0.0	0.00.0	0.0	0.0	0.0	0.0	0.0	0.0	0.0	0.0
	5p	+	56	9.0	2.0	2.0	10.0	23.0	0.0	0.0	0.0	0.0	0.0	0.0	0.0	0.0	0.0	0.0	0.0	0.00.0	0.0	0.0	0.0	0.0	0.0	0.0	0.0	0.0
	5p	+	57	6.0	2.0	6.0	8.0	22.0	0.0	0.0	0.0	0.0	0.0	0.0	0.0	0.0	0.0	0.0	0.0	0.00.0	0.0	0.0	0.0	0.0	0.0	0.0	0.0	0.0
	5p	+	58	8.0	5.0	2.0	6.0	21.0	0.0	1.0	0.0	0.0	0.0	0.0	0.0	0.0	0.0	0.0	0.0	0.00.0	0.0	0.0	0.0	0.0	0.0	0.0	0.0	0.0
	5p	+	59	6.0	4.0	3.0	8.0	21.0	0.0	0.0	0.0	0.0	0.0	0.0	0.0	0.0	0.0	0.0	0.0	0.00.0	0.0	0.0	0.0	0.0	0.0	0.0	0.0	0.0
	5p	+	60	10.0	3.0	5.0	3.0	21.0	1.0	0.0	0.0	0.0	0.0	1.0	0.0	0.0	0.0	0.0	1.0	0.00.0	0.0	0.0	0.0	0.0	0.0	0.0	0.0	0.0
	5p	+	61	8.0	5.0	1.0	6.0	20.0	0.0	0.0	0.0	0.0	0.0	0.0	0.0	0.0	0.0	0.0	0.0	0.00.0	0.0	0.0	0.0	0.0	0.0	0.0	0.0	0.0
	5p	+	62	10.0	3.0	3.0	4.0	20.0	0.0	0.0	0.0	0.0	0.0	0.0	0.0	0.0	0.0	0.0	0.0	0.00.0	0.0	0.0	0.0	0.0	0.0	0.0	0.0	0.0
	5p	+	63	6.0	4.0	2.0	8.0	20.0	0.0	0.0	0.0	0.0	0.0	0.0	0.0	0.0	0.0	0.0	0.0	0.00.0	0.0	0.0	0.0	0.0	0.0	0.0	0.0	0.0
	5p	+	64	9.0	3.0	2.0	3.0	17.0	0.0	0.0	0.0	0.0	0.0	0.0	0.0	0.0	0.0	0.0	0.0	0.00.0	0.0	0.0	0.0	0.0	0.0	0.0	0.0	0.0
	5p	+	65	4.0	2.0	2.0	8.0	16.0	0.0	0.0	0.0	0.0	0.0	0.0	0.0	0.0	0.0	0.0	0.0	1.00.0	0.0	0.0	0.0	0.0	0.0	0.0	0.0	0.0
	5p	+	66	7.0	1.0	4.0	2.0	14.0	0.0	0.0	0.0	0.0	0.0	0.0	0.0	0.0	0.0	0.0	0.0	0.00.0	0.0	0.0	0.0	0.0	0.0	0.0	0.0	0.0
	5p	+	67	5.0	3.0	3.0	1.0	12.0	0.0	0.0	0.0	0.0	0.0	0.0	0.0	0.0	0.0	0.0	0.0	0.00.0	0.0	0.0	0.0	0.0	0.0	0.0	0.0	0.0
	5p	+	68	4.0	3.0	2.0	3.0	12.0	0.0	0.0	0.0	0.0	0.0	0.0	0.0	0.0	0.0	0.0	0.0	0.00.0	0.0	0.0	0.0	0.0	0.0	0.0	0.0	0.0
	5p	+	69	4.0	2.0	1.0	5.0	12.0	0.0	0.0	0.0	0.0	0.0	0.0	0.0	0.0	0.0	0.0	0.0	0.00.0	0.0	0.0	0.0	0.0	0.0	0.0	0.0	0.0
	5p	+	70	1.0	5.0	1.0	4.0	11.0	0.0	0.0	0.0	0.0	0.0	0.0	0.0	0.0	0.0	0.0	0.0	0.00.0	0.0	0.0	0.0	0.0	0.0	0.0	0.0	0.0
	5p	+	71	4.0	1.0	2.0	2.0	9.0	0.0	0.0	0.0	1.0	0.0	1.0	0.0	0.0	0.0	0.0	0.0	0.00.0	0.0	0.0	0.0	0.0	0.0	0.0	0.0	0.0
	5p	+	72	3.0	1.0	1.0	3.0	8.0	0.0	0.0	0.0	0.0	0.0	0.0	0.0	0.0	0.0	0.0	0.0	0.00.0	0.0	0.0	0.0	0.0	0.0	0.0	0.0	0.0
	5p	+	73	3.0	0.0	2.0	3.0	8.0	0.0	0.0	0.0	0.0	0.0	0.0	0.0	0.0	0.0	0.0	0.0	0.00.0	0.0	0.0	0.0	0.0	0.0	0.0	0.0	0.0
	5p	+	74	3.0	2.0	2.0	0.0	7.0	0.0	0.0	0.0	0.0	0.0	0.0	0.0	0.0	0.0	0.0	0.0	0.00.0	0.0	0.0	0.0	0.0	0.0	0.0	0.0	0.0
	5p	+	75	3.0	2.0	0.0	1.0	6.0	0.0	0.0	0.0	0.0	0.0	0.0	0.0	0.0	0.0	0.0	0.0	0.00.0	0.0	0.0	0.0	0.0	0.0	0.0	0.0	0.0
	5p	+	76	2.0	0.0	1.0	1.0	4.0	0.0	0.0	0.0	0.0	0.0	0.0	0.0	0.0	0.0	0.0	0.0	0.00.0	0.0	0.0	0.0	0.0	0.0	0.0	0.0	0.0
	5p	+	77	3.0	1.0	0.0	0.0	4.0	0.0	0.0	0.0	0.0	0.0	0.0	0.0	0.0	0.0	0.0	0.0	0.00.0	0.0	0.0	0.0	0.0	0.0	0.0	0.0	0.0
	5p	+	78	1.0	0.0	0.0	2.0	3.0	0.0	0.0	0.0	0.0	0.0	0.0	0.0	0.0	0.0	0.0	0.0	0.00.0	0.0	0.0	0.0	0.0	0.0	0.0	0.0	0.0
	5p	+	79	1.0	1.0	0.0	0.0	2.0	0.0	0.0	0.0	0.0	0.0	0.0	0.0	0.0	0.0	0.0	0.0	0.00.0	0.0	0.0	0.0	0.0	0.0	0.0	0.0	0.0
	5p	+	80	0.0	2.0	0.0	0.0	2.0	0.0	0.0	0.0	0.0	0.0	0.0	0.0	0.0	0.0	0.0	0.0	0.00.0	0.0	0.0	0.0	0.0	0.0	0.0	0.0	0.0
	5p	+	81	1.0	0.0	0.0	0.0	1.0	0.0	0.0	0.0	0.0	0.0	0.0	0.0	0.0	0.0	0.0	0.0	0.00.0	0.0	0.0	0.0	0.0	0.0	0.0	0.0	0.0
	5p	+	82	0.0	0.0	0.0	1.0	1.0	0.0	0.0	0.0	0.0	0.0	0.0	0.0	0.0	0.0	0.0	0.0	0.00.0	0.0	0.0	0.0	0.0	0.0	0.0	0.0	0.0
	5p	+	83	0.0	0.0	1.0	0.0	1.0	0.0	0.0	0.0	0.0	0.0	0.0	0.0	0.0	0.0	0.0	0.0	0.00.0	0.0	0.0	0.0	0.0	0.0	0.0	0.0	0.0
	5p	+	84	0.0	0.0	0.0	0.0	0.0	0.0	0.0	0.0	0.0	0.0	0.0	0.0	0.0	0.0	0.0	0.0	0.00.0	0.0	0.0	0.0	0.0	0.0	0.0	0.0	0.0
	5p	+	85	0.0	0.0	0.0	0.0	0.0	0.0	0.0	0.0	0.0	0.0	0.0	0.0	0.0	0.0	0.0	0.0	0.00.0	0.0	0.0	0.0	0.0	0.0	0.0	0.0	0.0
	5p	+	86	0.0	0.0	0.0	0.0	0.0	0.0	0.0	0.0	0.0	0.0	0.0	0.0	0.0	0.0	0.0	0.0	0.00.0	0.0	0.0	0.0	0.0	0.0	0.0	0.0	0.0
	5p	+	87	0.0	0.0	0.0	0.0	0.0	0.0	0.0	0.0	0.0	0.0	0.0	0.0	0.0	0.0	0.0	0.0	0.00.0	0.0	0.0	0.0	0.0	0.0	0.0	0.0	0.0
	5p	+	88	0.0	0.0	0.0	0.0	0.0	0.0	0.0	0.0	0.0	0.0	0.0	0.0	0.0	0.0	0.0	0.0	0.00.0	0.0	0.0	0.0	0.0	0.0	0.0	0.0	0.0
	5p	+	89	0.0	0.0	0.0	0.0	0.0	0.0	0.0	0.0	0.0	0.0	0.0	0.0	0.0	0.0	0.0	0.0	0.00.0	0.0	0.0	0.0	0.0	0.0	0.0	0.0	0.0
	5p	+	90	0.0	0.0	0.0	0.0	0.0	0.0	0.0	0.0	0.0	0.0	0.0	0.0	0.0	0.0	0.0	0.0	0.00.0	0.0	0.0	0.0	0.0	0.0	0.0	0.0	0.0
	5p	+	91	0.0	0.0	0.0	0.0	0.0	0.0	0.0	0.0	0.0	0.0	0.0	0.0	0.0	0.0	0.0	0.0	0.00.0	0.0	0.0	0.0	0.0	0.0	0.0	0.0	0.0
	5p	+	92	0.0	0.0	0.0	0.0	0.0	0.0	0.0	0.0	0.0	0.0	0.0	0.0	0.0	0.0	0.0	0.0	0.00.0	0.0	0.0	0.0	0.0	0.0	0.0	0.0	0.0
	5p	+	93	0.0	0.0	0.0	0.0	0.0	0.0	0.0	0.0	0.0	0.0	0.0	0.0	0.0	0.0	0.0	0.0	0.00.0	0.0	0.0	0.0	0.0	0.0	0.0	0.0	0.0
	5p	+	94	0.0	0.0	0.0	0.0	0.0	0.0	0.0	0.0	0.0	0.0	0.0	0.0	0.0	0.0	0.0	0.0	0.00.0	0.0	0.0	0.0	0.0	0.0	0.0	0.0	0.0
	5p	+	95	0.0	0.0	0.0	0.0	0.0	0.0	0.0	0.0	0.0	0.0	0.0	0.0	0.0	0.0	0.0	0.0	0.00.0	0.0	0.0	0.0	0.0	0.0	0.0	0.0	0.0
	5p	+	96	0.0	0.0	0.0	0.0	0.0	0.0	0.0	0.0	0.0	0.0	0.0	0.0	0.0	0.0	0.0	0.0	0.00.0	0.0	0.0	0.0	0.0	0.0	0.0	0.0	0.0
	5p	+	97	0.0	0.0	0.0	0.0	0.0	0.0	0.0	0.0	0.0	0.0	0.0	0.0	0.0	0.0	0.0	0.0	0.00.0	0.0	0.0	0.0	0.0	0.0	0.0	0.0	0.0
	5p	+	98	0.0	0.0	0.0	0.0	0.0	0.0	0.0	0.0	0.0	0.0	0.0	0.0	0.0	0.0	0.0	0.0	0.00.0	0.0	0.0	0.0	0.0	0.0	0.0	0.0	0.0
	5p	+	99	0.0	0.0	0.0	0.0	0.0	0.0	0.0	0.0	0.0	0.0	0.0	0.0	0.0	0.0	0.0	0.0	0.00.0	0.0	0.0	0.0	0.0	0.0	0.0	0.0	0.0
	5p	+	100	0.0	0.0	0.0	0.0	0.0	0.0	0.0	0.0	0.0	0.0	0.0	0.0	0.0	0.0	0.0	0.0	0.00.0	0.0	0.0	0.0	0.0	0.0	0.0	0.0	0.0
	5p	-	1	195.0	104.0	86.0	136.0	521.0	1.0	1.0	3.0	4.0	9.0	3.0	1.0	2.0	2.0	5.0	4.0	0.00.0	0.0	0.0	0.0	0.0	0.0	0.0	0.0	0.0
	5p	-	2	191.0	84.0	95.0	151.0	521.0	5.0	2.0	2.0	6.0	3.0	10.0	3.0	1.0	1.0	3.0	0.0	1.00.0	0.0	0.0	0.0	0.0	0.0	0.0	0.0	0.0
	5p	-	3	191.0	91.0	89.0	149.0	520.0	2.0	1.0	3.0	3.0	3.0	2.0	5.0	3.0	3.0	3.0	3.0	2.00.0	0.0	0.0	0.0	0.0	0.0	1.0	0.0	0.0
	5p	-	4	193.0	83.0	93.0	152.0	521.0	4.0	1.0	3.0	3.0	2.0	2.0	0.0	4.0	3.0	4.0	2.0	3.00.0	0.0	0.0	0.0	0.0	0.0	0.0	0.0	0.0
	5p	-	5	194.0	84.0	83.0	146.0	507.0	3.0	5.0	1.0	3.0	3.0	5.0	2.0	1.0	1.0	2.0	1.0	2.00.0	0.0	0.0	0.0	3.0	0.0	7.0	3.0	0.0
	5p	-	6	203.0	86.0	71.0	144.0	504.0	2.0	0.0	2.0	1.0	5.0	5.0	2.0	3.0	6.0	1.0	2.0	3.00.0	0.0	0.0	0.0	3.0	0.0	6.0	4.0	0.0
	5p	-	7	190.0	84.0	78.0	148.0	500.0	2.0	2.0	2.0	3.0	1.0	2.0	1.0	0.0	3.0	4.0	5.0	3.00.0	0.0	0.0	0.0	5.0	0.0	4.0	5.0	0.0
	5p	-	8	178.0	79.0	85.0	148.0	490.0	1.0	3.0	1.0	2.0	3.0	6.0	0.0	3.0	1.0	1.0	1.0	2.00.0	0.0	0.0	0.0	7.0	0.0	9.0	6.0	0.0
	5p	-	9	177.0	89.0	91.0	145.0	502.0	1.0	2.0	3.0	4.0	8.0	6.0	3.0	2.0	2.0	2.0	3.0	3.00.0	0.0	0.0	0.0	2.0	0.0	6.0	3.0	0.0
	5p	-	10	194.0	92.0	83.0	141.0	510.0	4.0	2.0	4.0	3.0	5.0	1.0	2.0	1.0	1.0	1.0	5.0	5.00.0	0.0	0.0	0.0	4.0	0.0	3.0	3.0	0.0
	5p	-	11	204.0	88.0	78.0	128.0	498.0	3.0	2.0	5.0	6.0	6.0	0.0	2.0	2.0	3.0	4.0	4.0	2.00.0	0.0	0.0	0.0	6.0	0.0	6.0	6.0	0.0
	5p	-	12	206.0	86.0	71.0	143.0	506.0	1.0	1.0	5.0	2.0	6.0	8.0	1.0	4.0	4.0	4.0	3.0	1.00.0	0.0	0.0	0.0	4.0	0.0	6.0	2.0	0.0
	5p	-	13	187.0	84.0	80.0	150.0	501.0	7.0	0.0	2.0	5.0	3.0	4.0	5.0	2.0	1.0	3.0	0.0	2.00.0	0.0	0.0	0.0	3.0	0.0	7.0	5.0	0.0
	5p	-	14	179.0	81.0	88.0	158.0	506.0	4.0	4.0	0.0	2.0	3.0	1.0	4.0	0.0	6.0	2.0	2.0	4.00.0	0.0	0.0	0.0	1.0	0.0	5.0	7.0	0.0
	5p	-	15	185.0	87.0	73.0	159.0	504.0	2.0	4.0	2.0	3.0	2.0	9.0	0.0	4.0	4.0	3.0	0.0	1.00.0	0.0	0.0	0.0	4.0	0.0	7.0	3.0	0.0
	5p	-	16	182.0	92.0	71.0	155.0	500.0	3.0	2.0	2.0	3.0	6.0	1.0	1.0	1.0	1.0	5.0	0.0	5.00.0	0.0	0.0	0.0	4.0	0.0	5.0	3.0	0.0
	5p	-	17	200.0	76.0	71.0	159.0	506.0	2.0	2.0	5.0	4.0	5.0	5.0	2.0	0.0	1.0	3.0	2.0	3.00.0	0.0	0.0	0.0	2.0	0.0	5.0	4.0	0.0
	5p	-	18	193.0	100.0	79.0	144.0	516.0	6.0	1.0	4.0	5.0	4.0	4.0	3.0	2.0	1.0	3.0	2.0	1.00.0	0.0	0.0	0.0	0.0	0.0	4.0	0.0	0.0
	5p	-	19	202.0	90.0	75.0	131.0	498.0	2.0	4.0	5.0	1.0	3.0	9.0	1.0	4.0	2.0	3.0	2.0	1.00.0	0.0	0.0	0.0	7.0	0.0	9.0	3.0	0.0
	5p	-	20	182.0	94.0	72.0	153.0	501.0	2.0	2.0	2.0	2.0	4.0	5.0	4.0	5.0	7.0	4.0	2.0	0.00.0	0.0	0.0	0.0	6.0	0.0	3.0	6.0	0.0
	5p	-	21	194.0	73.0	91.0	143.0	501.0	4.0	0.0	3.0	4.0	0.0	3.0	1.0	3.0	4.0	5.0	1.0	7.00.0	0.0	0.0	0.0	4.0	0.0	7.0	4.0	0.0
	5p	-	22	173.0	86.0	98.0	145.0	502.0	3.0	2.0	4.0	4.0	2.0	0.0	1.0	5.0	4.0	0.0	2.0	2.00.0	0.0	0.0	0.0	4.0	0.0	5.0	8.0	0.0
	5p	-	23	199.0	86.0	67.0	149.0	501.0	1.0	5.0	0.0	6.0	2.0	4.0	1.0	3.0	1.0	1.0	1.0	3.00.0	0.0	0.0	0.0	6.0	0.0	6.0	7.0	0.0
	5p	-	24	206.0	75.0	88.0	138.0	507.0	3.0	2.0	6.0	5.0	2.0	3.0	2.0	3.0	1.0	3.0	3.0	6.00.0	0.0	0.0	0.0	1.0	0.0	3.0	7.0	0.0
	5p	-	25	205.0	78.0	72.0	156.0	511.0	4.0	2.0	3.0	3.0	5.0	2.0	1.0	3.0	1.0	4.0	1.0	3.00.0	0.0	0.0	0.0	4.0	0.0	1.0	2.0	0.0
	5p	-	26	204.0	80.0	73.0	155.0	512.0	2.0	1.0	2.0	2.0	6.0	5.0	0.0	1.0	4.0	5.0	4.0	0.00.0	0.0	0.0	0.0	1.0	0.0	2.0	4.0	0.0
	5p	-	27	189.0	87.0	81.0	157.0	514.0	2.0	5.0	5.0	1.0	2.0	3.0	3.0	0.0	0.0	8.0	3.0	3.00.0	0.0	0.0	0.0	3.0	0.0	1.0	2.0	0.0
	5p	-	28	186.0	99.0	81.0	153.0	519.0	2.0	5.0	0.0	2.0	1.0	2.0	1.0	5.0	3.0	4.0	2.0	0.00.0	0.0	0.0	0.0	1.0	0.0	0.0	0.0	0.0
	5p	-	29	201.0	114.0	66.0	138.0	519.0	4.0	6.0	4.0	0.0	3.0	5.0	0.0	3.0	3.0	4.0	3.0	3.00.0	0.0	0.0	0.0	0.0	0.0	0.0	0.0	0.0
	5p	-	30	208.0	100.0	52.0	161.0	521.0	2.0	4.0	6.0	4.0	1.0	5.0	2.0	6.0	1.0	7.0	3.0	2.00.0	0.0	0.0	0.0	0.0	0.0	0.0	0.0	0.0
	5p	-	31	99.0	32.0	28.0	77.0	236.0	3.0	0.0	3.0	1.0	0.0	1.0	2.0	1.0	0.0	1.0	1.0	0.00.0	0.0	0.0	0.0	0.0	0.0	0.0	1.0	0.0
	5p	-	32	38.0	11.0	18.0	35.0	102.0	1.0	0.0	0.0	3.0	0.0	1.0	0.0	0.0	1.0	0.0	0.0	0.00.0	0.0	0.0	0.0	0.0	0.0	0.0	0.0	0.0
	5p	-	33	28.0	14.0	6.0	15.0	63.0	0.0	0.0	0.0	0.0	0.0	0.0	0.0	1.0	2.0	0.0	0.0	0.00.0	0.0	0.0	0.0	0.0	0.0	0.0	0.0	0.0
	5p	-	34	15.0	8.0	7.0	11.0	41.0	0.0	0.0	0.0	0.0	0.0	0.0	0.0	0.0	0.0	0.0	1.0	0.00.0	0.0	0.0	0.0	0.0	0.0	0.0	0.0	0.0
	5p	-	35	13.0	3.0	7.0	10.0	33.0	0.0	0.0	1.0	0.0	0.0	0.0	0.0	0.0	0.0	0.0	0.0	0.00.0	0.0	0.0	0.0	0.0	0.0	0.0	0.0	0.0
	5p	-	36	12.0	4.0	4.0	7.0	27.0	0.0	0.0	0.0	0.0	0.0	0.0	0.0	0.0	0.0	0.0	0.0	0.00.0	0.0	0.0	0.0	0.0	0.0	0.0	0.0	0.0
	5p	-	37	6.0	4.0	3.0	11.0	24.0	0.0	0.0	0.0	1.0	0.0	0.0	0.0	0.0	0.0	0.0	0.0	0.00.0	0.0	0.0	0.0	0.0	0.0	0.0	0.0	0.0
	5p	-	38	5.0	8.0	4.0	5.0	22.0	0.0	0.0	0.0	0.0	0.0	0.0	0.0	0.0	1.0	0.0	0.0	0.00.0	0.0	0.0	0.0	0.0	0.0	0.0	0.0	0.0
	5p	-	39	10.0	4.0	3.0	5.0	22.0	0.0	0.0	0.0	0.0	0.0	0.0	0.0	0.0	0.0	0.0	0.0	0.00.0	0.0	0.0	0.0	0.0	0.0	0.0	0.0	0.0
	5p	-	40	3.0	5.0	3.0	10.0	21.0	0.0	0.0	0.0	0.0	0.0	0.0	0.0	0.0	0.0	0.0	0.0	0.00.0	0.0	0.0	0.0	0.0	0.0	0.0	0.0	0.0
	5p	-	41	7.0	3.0	4.0	7.0	21.0	0.0	0.0	0.0	0.0	0.0	0.0	0.0	0.0	0.0	1.0	0.0	0.00.0	0.0	0.0	0.0	0.0	0.0	0.0	0.0	0.0
	5p	-	42	5.0	9.0	2.0	4.0	20.0	0.0	1.0	0.0	0.0	0.0	0.0	0.0	0.0	0.0	0.0	0.0	0.00.0	0.0	0.0	0.0	0.0	0.0	0.0	0.0	0.0
	5p	-	43	9.0	4.0	0.0	7.0	20.0	0.0	0.0	0.0	0.0	0.0	0.0	0.0	0.0	0.0	0.0	0.0	0.00.0	0.0	0.0	0.0	0.0	0.0	0.0	0.0	0.0
	5p	-	44	4.0	6.0	4.0	6.0	20.0	1.0	0.0	0.0	0.0	0.0	0.0	0.0	0.0	0.0	0.0	0.0	0.00.0	0.0	0.0	0.0	0.0	0.0	0.0	0.0	0.0
	5p	-	45	8.0	4.0	4.0	3.0	19.0	0.0	0.0	0.0	0.0	0.0	0.0	0.0	0.0	0.0	0.0	0.0	0.00.0	0.0	0.0	0.0	0.0	0.0	0.0	0.0	0.0
	5p	-	46	8.0	2.0	2.0	5.0	17.0	0.0	0.0	0.0	0.0	0.0	0.0	0.0	0.0	0.0	0.0	0.0	0.00.0	0.0	0.0	0.0	0.0	0.0	0.0	0.0	0.0
	5p	-	47	5.0	4.0	3.0	3.0	15.0	0.0	0.0	0.0	0.0	0.0	0.0	0.0	0.0	0.0	0.0	0.0	0.00.0	0.0	0.0	0.0	0.0	0.0	0.0	0.0	0.0
	5p	-	48	5.0	3.0	4.0	2.0	14.0	0.0	0.0	0.0	0.0	0.0	0.0	0.0	0.0	0.0	0.0	0.0	0.00.0	0.0	0.0	0.0	0.0	0.0	0.0	0.0	0.0
	5p	-	49	2.0	2.0	3.0	7.0	14.0	0.0	0.0	0.0	0.0	0.0	0.0	0.0	1.0	0.0	0.0	0.0	0.00.0	0.0	0.0	0.0	0.0	0.0	0.0	0.0	0.0
	5p	-	50	4.0	4.0	0.0	6.0	14.0	0.0	0.0	0.0	0.0	0.0	0.0	0.0	0.0	0.0	0.0	0.0	0.00.0	0.0	0.0	0.0	0.0	0.0	0.0	0.0	0.0
	5p	-	51	2.0	6.0	1.0	5.0	14.0	0.0	1.0	1.0	0.0	0.0	0.0	0.0	0.0	0.0	0.0	0.0	0.00.0	0.0	0.0	0.0	0.0	0.0	0.0	0.0	0.0
	5p	-	52	4.0	1.0	4.0	3.0	12.0	0.0	0.0	0.0	0.0	0.0	0.0	0.0	0.0	0.0	0.0	0.0	0.00.0	0.0	0.0	0.0	0.0	0.0	0.0	0.0	0.0
	5p	-	53	4.0	3.0	1.0	4.0	12.0	0.0	0.0	0.0	0.0	0.0	0.0	0.0	0.0	0.0	0.0	0.0	0.00.0	0.0	0.0	0.0	0.0	0.0	0.0	0.0	0.0
	5p	-	54	8.0	1.0	0.0	2.0	11.0	0.0	0.0	0.0	0.0	0.0	0.0	0.0	0.0	0.0	0.0	0.0	0.00.0	0.0	0.0	0.0	0.0	0.0	0.0	0.0	0.0
	5p	-	55	3.0	3.0	3.0	2.0	11.0	0.0	0.0	0.0	0.0	0.0	0.0	0.0	0.0	0.0	0.0	0.0	0.00.0	0.0	0.0	0.0	0.0	0.0	0.0	0.0	0.0
	5p	-	56	5.0	0.0	1.0	4.0	10.0	0.0	0.0	0.0	0.0	0.0	2.0	0.0	0.0	0.0	0.0	0.0	0.00.0	0.0	0.0	0.0	0.0	0.0	0.0	0.0	0.0
	5p	-	57	3.0	2.0	3.0	2.0	10.0	0.0	0.0	0.0	0.0	0.0	0.0	0.0	0.0	0.0	1.0	0.0	0.00.0	0.0	0.0	0.0	0.0	0.0	0.0	0.0	0.0
	5p	-	58	7.0	0.0	2.0	1.0	10.0	0.0	0.0	0.0	0.0	1.0	0.0	0.0	0.0	0.0	0.0	0.0	0.00.0	0.0	0.0	0.0	0.0	0.0	0.0	0.0	0.0
	5p	-	59	4.0	1.0	3.0	2.0	10.0	0.0	0.0	0.0	0.0	0.0	0.0	0.0	0.0	0.0	0.0	0.0	0.00.0	0.0	0.0	0.0	0.0	0.0	0.0	0.0	0.0
	5p	-	60	3.0	1.0	3.0	1.0	8.0	0.0	0.0	0.0	0.0	0.0	0.0	0.0	0.0	0.0	0.0	0.0	0.00.0	0.0	0.0	0.0	0.0	0.0	0.0	0.0	0.0
	5p	-	61	3.0	1.0	0.0	4.0	8.0	0.0	0.0	0.0	1.0	0.0	0.0	0.0	0.0	0.0	0.0	0.0	0.00.0	0.0	0.0	0.0	0.0	0.0	0.0	0.0	0.0
	5p	-	62	3.0	3.0	1.0	1.0	8.0	0.0	0.0	0.0	0.0	0.0	0.0	0.0	0.0	0.0	0.0	0.0	0.00.0	0.0	0.0	0.0	0.0	0.0	0.0	0.0	0.0
	5p	-	63	2.0	1.0	0.0	4.0	7.0	0.0	0.0	0.0	0.0	0.0	0.0	0.0	0.0	0.0	0.0	0.0	0.00.0	0.0	0.0	0.0	0.0	0.0	0.0	0.0	0.0
	5p	-	64	3.0	0.0	3.0	1.0	7.0	0.0	0.0	0.0	0.0	0.0	1.0	0.0	0.0	0.0	0.0	0.0	0.00.0	0.0	0.0	0.0	0.0	0.0	0.0	0.0	0.0
	5p	-	65	2.0	2.0	1.0	1.0	6.0	0.0	0.0	0.0	0.0	1.0	0.0	0.0	0.0	0.0	0.0	0.0	0.00.0	0.0	0.0	0.0	0.0	0.0	0.0	0.0	0.0
	5p	-	66	2.0	1.0	1.0	1.0	5.0	0.0	0.0	1.0	0.0	0.0	0.0	0.0	0.0	0.0	0.0	0.0	0.00.0	0.0	0.0	0.0	0.0	0.0	0.0	0.0	0.0
	5p	-	67	4.0	1.0	0.0	0.0	5.0	0.0	0.0	0.0	0.0	0.0	0.0	0.0	0.0	0.0	0.0	0.0	0.00.0	0.0	0.0	0.0	0.0	0.0	0.0	0.0	0.0
	5p	-	68	2.0	3.0	0.0	0.0	5.0	0.0	0.0	0.0	0.0	0.0	0.0	0.0	0.0	0.0	0.0	0.0	0.00.0	0.0	0.0	0.0	0.0	0.0	0.0	0.0	0.0
	5p	-	69	2.0	0.0	0.0	2.0	4.0	0.0	0.0	0.0	0.0	0.0	0.0	0.0	0.0	0.0	0.0	0.0	0.00.0	0.0	0.0	0.0	0.0	0.0	0.0	0.0	0.0
	5p	-	70	1.0	0.0	2.0	1.0	4.0	0.0	0.0	0.0	0.0	0.0	0.0	0.0	0.0	0.0	0.0	0.0	0.00.0	0.0	0.0	0.0	0.0	0.0	0.0	0.0	0.0
	5p	-	71	2.0	0.0	1.0	0.0	3.0	0.0	0.0	0.0	0.0	0.0	0.0	0.0	0.0	0.0	0.0	0.0	0.00.0	0.0	0.0	0.0	0.0	0.0	0.0	0.0	0.0
	5p	-	72	1.0	0.0	1.0	1.0	3.0	0.0	0.0	0.0	1.0	0.0	0.0	0.0	0.0	0.0	0.0	0.0	0.00.0	0.0	0.0	0.0	0.0	0.0	0.0	0.0	0.0
	5p	-	73	1.0	1.0	0.0	1.0	3.0	0.0	0.0	0.0	0.0	0.0	0.0	0.0	0.0	0.0	0.0	0.0	0.00.0	0.0	0.0	0.0	0.0	0.0	0.0	0.0	0.0
	5p	-	74	1.0	0.0	2.0	0.0	3.0	0.0	0.0	0.0	0.0	0.0	0.0	0.0	0.0	0.0	0.0	0.0	0.00.0	0.0	0.0	0.0	0.0	0.0	0.0	0.0	0.0
	5p	-	75	1.0	1.0	1.0	0.0	3.0	0.0	0.0	0.0	0.0	0.0	0.0	0.0	0.0	0.0	0.0	0.0	0.00.0	0.0	0.0	0.0	0.0	0.0	0.0	0.0	0.0
	5p	-	76	0.0	1.0	1.0	1.0	3.0	0.0	0.0	0.0	0.0	0.0	0.0	0.0	0.0	0.0	0.0	0.0	0.00.0	0.0	0.0	0.0	0.0	0.0	0.0	0.0	0.0
	5p	-	77	1.0	0.0	0.0	2.0	3.0	0.0	0.0	0.0	0.0	0.0	1.0	0.0	0.0	0.0	0.0	0.0	0.00.0	0.0	0.0	0.0	0.0	0.0	0.0	0.0	0.0
	5p	-	78	0.0	0.0	0.0	3.0	3.0	0.0	0.0	0.0	0.0	0.0	0.0	0.0	0.0	0.0	0.0	0.0	0.00.0	0.0	0.0	0.0	0.0	0.0	0.0	0.0	0.0
	5p	-	79	0.0	0.0	0.0	2.0	2.0	0.0	0.0	0.0	0.0	0.0	0.0	0.0	0.0	0.0	0.0	0.0	0.00.0	0.0	0.0	0.0	0.0	0.0	0.0	0.0	0.0
	5p	-	80	0.0	0.0	0.0	2.0	2.0	0.0	0.0	0.0	0.0	0.0	0.0	0.0	0.0	0.0	0.0	0.0	0.00.0	0.0	0.0	0.0	0.0	0.0	0.0	0.0	0.0
	5p	-	81	1.0	0.0	0.0	0.0	1.0	0.0	0.0	0.0	0.0	0.0	0.0	0.0	0.0	0.0	0.0	0.0	0.00.0	0.0	0.0	0.0	0.0	0.0	0.0	0.0	0.0
	5p	-	82	0.0	1.0	0.0	0.0	1.0	0.0	0.0	0.0	0.0	0.0	0.0	0.0	0.0	0.0	0.0	0.0	0.00.0	0.0	0.0	0.0	0.0	0.0	0.0	0.0	0.0
	5p	-	83	0.0	0.0	0.0	1.0	1.0	0.0	0.0	0.0	0.0	0.0	0.0	0.0	0.0	0.0	0.0	0.0	0.00.0	0.0	0.0	0.0	0.0	0.0	0.0	0.0	0.0
	5p	-	84	0.0	0.0	1.0	0.0	1.0	0.0	0.0	0.0	0.0	0.0	0.0	0.0	0.0	0.0	0.0	0.0	0.00.0	0.0	0.0	0.0	0.0	0.0	0.0	0.0	0.0
	5p	-	85	0.0	0.0	0.0	1.0	1.0	0.0	0.0	0.0	0.0	0.0	0.0	0.0	0.0	0.0	0.0	0.0	0.00.0	0.0	0.0	0.0	0.0	0.0	0.0	0.0	0.0
	5p	-	86	0.0	0.0	1.0	0.0	1.0	0.0	0.0	0.0	0.0	0.0	0.0	0.0	0.0	0.0	0.0	0.0	0.00.0	0.0	0.0	0.0	0.0	0.0	0.0	0.0	0.0
	5p	-	87	0.0	1.0	0.0	0.0	1.0	0.0	0.0	0.0	0.0	0.0	0.0	0.0	0.0	0.0	0.0	0.0	0.00.0	0.0	0.0	0.0	0.0	0.0	0.0	0.0	0.0
	5p	-	88	0.0	1.0	0.0	0.0	1.0	0.0	0.0	0.0	0.0	0.0	0.0	0.0	0.0	0.0	0.0	0.0	0.00.0	0.0	0.0	0.0	0.0	0.0	0.0	0.0	0.0
	5p	-	89	0.0	0.0	0.0	1.0	1.0	0.0	0.0	0.0	0.0	0.0	0.0	0.0	0.0	0.0	0.0	0.0	0.00.0	0.0	0.0	0.0	0.0	0.0	0.0	0.0	0.0
	5p	-	90	0.0	0.0	1.0	0.0	1.0	0.0	0.0	0.0	0.0	0.0	0.0	0.0	0.0	0.0	0.0	0.0	0.00.0	0.0	0.0	0.0	0.0	0.0	0.0	0.0	0.0
	5p	-	91	1.0	0.0	0.0	0.0	1.0	0.0	0.0	0.0	0.0	0.0	0.0	0.0	0.0	0.0	0.0	0.0	0.00.0	0.0	0.0	0.0	0.0	0.0	0.0	0.0	0.0
	5p	-	92	0.0	0.0	0.0	0.0	0.0	0.0	0.0	0.0	0.0	0.0	0.0	0.0	0.0	0.0	0.0	0.0	0.00.0	0.0	0.0	0.0	0.0	0.0	0.0	0.0	0.0
	5p	-	93	0.0	0.0	0.0	0.0	0.0	0.0	0.0	0.0	0.0	0.0	0.0	0.0	0.0	0.0	0.0	0.0	0.00.0	0.0	0.0	0.0	0.0	0.0	0.0	0.0	0.0
	5p	-	94	0.0	0.0	0.0	0.0	0.0	0.0	0.0	0.0	0.0	0.0	0.0	0.0	0.0	0.0	0.0	0.0	0.00.0	0.0	0.0	0.0	0.0	0.0	0.0	0.0	0.0
	5p	-	95	0.0	0.0	0.0	0.0	0.0	0.0	0.0	0.0	0.0	0.0	0.0	0.0	0.0	0.0	0.0	0.0	0.00.0	0.0	0.0	0.0	0.0	0.0	0.0	0.0	0.0
	5p	-	96	0.0	0.0	0.0	0.0	0.0	0.0	0.0	0.0	0.0	0.0	0.0	0.0	0.0	0.0	0.0	0.0	0.00.0	0.0	0.0	0.0	0.0	0.0	0.0	0.0	0.0
	5p	-	97	0.0	0.0	0.0	0.0	0.0	0.0	0.0	0.0	0.0	0.0	0.0	0.0	0.0	0.0	0.0	0.0	0.00.0	0.0	0.0	0.0	0.0	0.0	0.0	0.0	0.0
	5p	-	98	0.0	0.0	0.0	0.0	0.0	0.0	0.0	0.0	0.0	0.0	0.0	0.0	0.0	0.0	0.0	0.0	0.00.0	0.0	0.0	0.0	0.0	0.0	0.0	0.0	0.0
	5p	-	99	0.0	0.0	0.0	0.0	0.0	0.0	0.0	0.0	0.0	0.0	0.0	0.0	0.0	0.0	0.0	0.0	0.00.0	0.0	0.0	0.0	0.0	0.0	0.0	0.0	0.0
	5p	-	100	0.0	0.0	0.0	0.0	0.0	0.0	0.0	0.0	0.0	0.0	0.0	0.0	0.0	0.0	0.0	0.0	0.00.0	0.0	0.0	0.0	0.0	0.0	0.0	0.0	0.0
