# table produced by DamageProfiler
# using mapped file PcA015.ReedbuckBh_Human_nc.Target.rmdup.noMicro.bam
# Sample ID: PcA015.ReedbuckBh_Human_nc.Target.rmdup.noMicro.bam
Pos	C>T	G>A	A>C	A>G	A>T	C>A	C>G	G>C	G>T	T>A	T>C	T>G	->ACGT	ACGT>-
0	0.045433	0.026293	0.004129	0.010643	0.004827	0.007810	0.003905	0.005406	0.011242	0.005986	0.012288	0.003956	0.000000	0.000000
1	0.025727	0.019639	0.004131	0.011971	0.004749	0.006579	0.005295	0.004380	0.008712	0.004097	0.010093	0.004297	0.000000	0.000000
2	0.020703	0.017170	0.003925	0.010618	0.002896	0.005696	0.004507	0.003920	0.008089	0.004235	0.010970	0.003888	0.000040	0.000000
3	0.018880	0.017299	0.003286	0.010630	0.002448	0.004559	0.003419	0.003325	0.006698	0.003967	0.011086	0.004038	0.000160	0.000000
4	0.017740	0.016714	0.003531	0.011771	0.002452	0.004780	0.003400	0.003930	0.007113	0.003288	0.011439	0.003596	0.000339	0.000000
5	0.017145	0.014923	0.003272	0.011252	0.002304	0.004101	0.003755	0.003451	0.007486	0.002789	0.011293	0.003265	0.000489	0.000000
6	0.017817	0.017236	0.002606	0.010713	0.002284	0.004596	0.003099	0.004174	0.006924	0.003101	0.010256	0.003305	0.000419	0.000000
7	0.018328	0.019255	0.002608	0.009426	0.001917	0.004478	0.003645	0.003371	0.008836	0.002744	0.011042	0.003184	0.000669	0.000000
8	0.019534	0.016314	0.002874	0.009823	0.002432	0.005337	0.003161	0.003642	0.005848	0.002424	0.009361	0.002458	0.000509	0.000000
9	0.018637	0.016977	0.003183	0.010610	0.001929	0.005237	0.003235	0.003082	0.007377	0.002349	0.010941	0.002349	0.000499	0.000000
10	0.017195	0.014766	0.002569	0.011400	0.002505	0.003196	0.002993	0.004116	0.007254	0.002512	0.010884	0.002947	0.000529	0.000000
11	0.018517	0.016289	0.002740	0.009304	0.002262	0.004743	0.002926	0.003676	0.008272	0.002520	0.009263	0.003303	0.000539	0.000000
12	0.017607	0.016733	0.003299	0.010152	0.002189	0.003806	0.003197	0.003224	0.006550	0.002418	0.009977	0.003269	0.000539	0.000000
13	0.017530	0.017603	0.002181	0.009877	0.002181	0.004675	0.003709	0.003348	0.007203	0.002266	0.011060	0.002943	0.000439	0.000000
14	0.018823	0.015840	0.003113	0.010013	0.002279	0.004593	0.002896	0.003394	0.007149	0.002749	0.009877	0.002410	0.000899	0.000000
15	0.014589	0.016571	0.003170	0.009669	0.002187	0.004117	0.002999	0.003963	0.006844	0.002035	0.010754	0.002816	0.000649	0.000000
16	0.019230	0.016362	0.002397	0.009910	0.001822	0.005516	0.002935	0.003760	0.007571	0.003060	0.011323	0.003196	0.000639	0.000000
17	0.019240	0.015148	0.002670	0.009630	0.002606	0.003958	0.003758	0.002698	0.006952	0.002615	0.009610	0.002852	0.000479	0.000000
18	0.018850	0.017559	0.002635	0.009865	0.002442	0.004462	0.003158	0.003689	0.006857	0.002181	0.010098	0.003120	0.000679	0.000000
19	0.017545	0.017699	0.002774	0.011450	0.002161	0.004564	0.003752	0.003416	0.007970	0.002328	0.010707	0.002993	0.000639	0.000000
20	0.016811	0.017015	0.002866	0.010337	0.002802	0.004215	0.002946	0.004203	0.008251	0.002577	0.009673	0.002912	0.000599	0.000000
21	0.016885	0.014399	0.002687	0.011007	0.002104	0.005121	0.003144	0.003433	0.008199	0.002000	0.010700	0.003333	0.000569	0.000000
22	0.017865	0.017214	0.003111	0.009689	0.002560	0.004198	0.002969	0.002954	0.007843	0.002359	0.010764	0.002658	0.000649	0.000000
23	0.017076	0.017995	0.002573	0.009135	0.002155	0.005088	0.004382	0.003342	0.007404	0.002658	0.011070	0.002524	0.000649	0.000000
24	0.015816	0.017469	0.003041	0.009028	0.002756	0.004847	0.003724	0.003256	0.008321	0.002432	0.009659	0.002702	0.000569	0.000000
