# table produced by DamageProfiler
# using mapped file PcA015.ReedbuckBh_Human_nc.Target.rmdup.noMicro.bam
# Sample ID: PcA015.ReedbuckBh_Human_nc.Target.rmdup.noMicro.bam
Chr	End	Std	Pos	A	C	G	T	Total
	3p	+	1	20410	6681	6828	16439	50358
	3p	+	2	17602	11033	7875	13848	50358
	3p	+	3	17218	9989	8757	14394	50358
	3p	+	4	17115	10006	8891	14346	50358
	3p	+	5	17064	9617	9166	14511	50358
	3p	+	6	16991	9687	9330	14350	50358
	3p	+	7	16249	9695	9595	14819	50358
	3p	+	8	16371	9560	9574	14853	50358
	3p	+	9	16265	9654	9688	14751	50358
	3p	+	10	16014	9768	9548	15028	50358
	3p	+	11	15851	9908	9523	15076	50358
	3p	+	12	15844	9923	9501	15090	50358
	3p	+	13	15767	9945	9579	15067	50358
	3p	+	14	16033	9701	9662	14962	50358
	3p	+	15	15781	9838	9680	15059	50358
	3p	+	16	15732	9934	9545	15147	50358
	3p	+	17	15767	9942	9676	14973	50358
	3p	+	18	15930	9855	9670	14903	50358
	3p	+	19	15614	9966	9788	14990	50358
	3p	+	20	15777	9859	9598	15124	50358
	3p	+	21	15617	10069	9533	15139	50358
	3p	+	22	15672	9899	9607	15180	50358
	3p	+	23	15780	9784	9802	14992	50358
	3p	+	24	15903	9688	9685	15082	50358
	3p	+	25	15827	9874	9706	14951	50358
	3p	+	26	15753	9819	9743	15043	50358
	3p	+	27	15811	9811	9816	14920	50358
	3p	+	28	15622	9989	9755	14992	50358
	3p	+	29	15774	9795	9733	15056	50358
	3p	+	30	15808	9990	9643	14917	50358
	3p	+	31	15457	9824	9435	14597	49313
	3p	+	32	15134	9455	9527	14200	48316
	3p	+	33	14798	9170	9017	14241	47226
	3p	+	34	14446	8915	9037	13753	46151
	3p	+	35	14283	8793	8699	13236	45011
	3p	+	36	13942	8520	8521	12809	43792
	3p	+	37	13354	8447	8190	12606	42597
	3p	+	38	12888	8057	8051	12324	41320
	3p	+	39	12481	7937	7804	11793	40015
	3p	+	40	12105	7591	7409	11539	38644
	3p	+	41	11527	7310	7286	11139	37262
	3p	+	42	11309	6885	6881	10749	35824
	3p	+	43	10761	6733	6548	10414	34456
	3p	+	44	10376	6409	6282	10036	33103
	3p	+	45	9980	6160	6184	9400	31724
	3p	+	46	9417	6071	5861	9046	30395
	3p	+	47	9076	5793	5638	8607	29114
	3p	+	48	8605	5526	5444	8239	27814
	3p	+	49	8286	5251	5202	7848	26587
	3p	+	50	7930	4854	4900	7642	25326
	3p	+	51	7400	4707	4683	7233	24023
	3p	+	52	7133	4465	4469	6756	22823
	3p	+	53	6810	4253	4042	6548	21653
	3p	+	54	6383	4093	3927	6153	20556
	3p	+	55	6150	3771	3776	5766	19463
	3p	+	56	5839	3573	3503	5486	18401
	3p	+	57	5365	3421	3376	5185	17347
	3p	+	58	5064	3198	3242	4918	16422
	3p	+	59	4831	3004	2991	4641	15467
	3p	+	60	4634	2834	2790	4343	14601
	3p	+	61	4215	2661	2679	4181	13736
	3p	+	62	3993	2612	2471	3818	12894
	3p	+	63	3787	2383	2313	3618	12101
	3p	+	64	3560	2224	2200	3409	11393
	3p	+	65	3335	2035	2095	3213	10678
	3p	+	66	3088	1941	1926	3031	9986
	3p	+	67	2875	1788	1806	2852	9321
	3p	+	68	2696	1699	1632	2677	8704
	3p	+	69	2469	1600	1615	2455	8139
	3p	+	70	2308	1472	1430	2365	7575
	3p	+	71	2177	1342	1381	2117	7017
	3p	+	72	1995	1248	1249	1964	6456
	3p	+	73	1866	1197	1171	1706	5940
	3p	+	74	1673	1045	1082	1694	5494
	3p	+	75	1614	1006	967	1475	5062
	3p	+	76	1429	892	926	1385	4632
	3p	+	77	1296	811	849	1256	4212
	3p	+	78	1142	762	722	1206	3832
	3p	+	79	1080	685	672	1031	3468
	3p	+	80	966	616	614	907	3103
	3p	+	81	830	540	523	884	2777
	3p	+	82	754	503	492	724	2473
	3p	+	83	634	471	377	712	2194
	3p	+	84	574	391	345	596	1906
	3p	+	85	514	318	327	469	1628
	3p	+	86	406	254	257	398	1315
	3p	+	87	329	207	201	320	1057
	3p	+	88	268	151	134	265	818
	3p	+	89	177	124	122	158	581
	3p	+	90	119	69	66	124	378
	3p	+	91	70	42	24	58	194
	3p	+	92	0	0	0	0	0
	3p	+	93	0	0	0	0	0
	3p	+	94	0	0	0	0	0
	3p	+	95	0	0	0	0	0
	3p	+	96	0	0	0	0	0
	3p	+	97	0	0	0	0	0
	3p	+	98	0	0	0	0	0
	3p	+	99	0	0	0	0	0
	3p	+	100	0	0	0	0	0
	3p	-	1	20172	6758	6698	16264	49892
	3p	-	2	17468	10801	7819	13804	49892
	3p	-	3	16872	9951	8661	14408	49892
	3p	-	4	16733	9974	8781	14404	49892
	3p	-	5	16676	9614	8936	14666	49892
	3p	-	6	16658	9494	9348	14392	49892
	3p	-	7	16188	9558	9348	14798	49892
	3p	-	8	16217	9349	9521	14805	49892
	3p	-	9	15821	9571	9506	14994	49892
	3p	-	10	15639	9710	9709	14834	49892
	3p	-	11	15448	9726	9598	15120	49892
	3p	-	12	15464	9813	9638	14977	49892
	3p	-	13	15711	9690	9425	15066	49892
	3p	-	14	15722	9833	9509	14828	49892
	3p	-	15	15645	9900	9576	14771	49892
	3p	-	16	15550	9901	9522	14919	49892
	3p	-	17	15485	9872	9720	14815	49892
	3p	-	18	15343	9758	9694	15097	49892
	3p	-	19	15483	9712	9594	15103	49892
	3p	-	20	15417	9793	9683	14999	49892
	3p	-	21	15382	9916	9414	15180	49892
	3p	-	22	15405	9698	9609	15180	49892
	3p	-	23	15504	9838	9729	14821	49892
	3p	-	24	15607	9741	9619	14925	49892
	3p	-	25	15515	9795	9793	14789	49892
	3p	-	26	15425	9848	9629	14990	49892
	3p	-	27	15594	9764	9838	14696	49892
	3p	-	28	15472	9751	9743	14926	49892
	3p	-	29	15558	9744	9621	14969	49892
	3p	-	30	15518	9857	9595	14922	49892
	3p	-	31	15331	9582	9410	14500	48823
	3p	-	32	14789	9545	9187	14283	47804
	3p	-	33	14573	9212	9125	13865	46775
	3p	-	34	14407	8866	8861	13604	45738
	3p	-	35	14056	8771	8584	13176	44587
	3p	-	36	13493	8568	8442	12960	43463
	3p	-	37	13294	8403	7990	12545	42232
	3p	-	38	12749	8014	7749	12422	40934
	3p	-	39	12170	7749	7616	12131	39666
	3p	-	40	11892	7455	7361	11606	38314
	3p	-	41	11442	7297	7103	11077	36919
	3p	-	42	11036	6987	6870	10681	35574
	3p	-	43	10624	6623	6570	10320	34137
	3p	-	44	10131	6234	6408	9985	32758
	3p	-	45	9821	6173	5992	9448	31434
	3p	-	46	9373	5847	5807	9094	30121
	3p	-	47	8791	5756	5533	8796	28876
	3p	-	48	8493	5411	5346	8356	27606
	3p	-	49	8132	5162	5103	7929	26326
	3p	-	50	7762	4891	4830	7586	25069
	3p	-	51	7434	4614	4580	7241	23869
	3p	-	52	6949	4412	4344	6942	22647
	3p	-	53	6688	4161	4121	6512	21482
	3p	-	54	6331	4000	3917	6192	20440
	3p	-	55	6010	3819	3767	5781	19377
	3p	-	56	5743	3648	3530	5474	18395
	3p	-	57	5452	3433	3345	5230	17460
	3p	-	58	5125	3204	3191	4994	16514
	3p	-	59	4754	2956	3009	4860	15579
	3p	-	60	4480	3030	2840	4411	14761
	3p	-	61	4301	2739	2773	4118	13931
	3p	-	62	3936	2573	2598	3986	13093
	3p	-	63	3889	2445	2335	3657	12326
	3p	-	64	3534	2224	2223	3533	11514
	3p	-	65	3342	2115	2035	3295	10787
	3p	-	66	3113	1993	1920	3098	10124
	3p	-	67	2877	1913	1854	2853	9497
	3p	-	68	2694	1750	1674	2726	8844
	3p	-	69	2542	1569	1616	2484	8211
	3p	-	70	2333	1489	1496	2321	7639
	3p	-	71	2234	1386	1378	2101	7099
	3p	-	72	2025	1328	1259	2011	6623
	3p	-	73	1942	1212	1186	1788	6128
	3p	-	74	1765	1094	1092	1677	5628
	3p	-	75	1648	976	945	1565	5134
	3p	-	76	1455	923	897	1428	4703
	3p	-	77	1330	760	854	1297	4241
	3p	-	78	1170	753	756	1162	3841
	3p	-	79	1083	689	627	1065	3464
	3p	-	80	882	659	634	960	3135
	3p	-	81	865	573	512	839	2789
	3p	-	82	788	507	465	721	2481
	3p	-	83	656	449	425	663	2193
	3p	-	84	582	410	372	538	1902
	3p	-	85	513	304	319	479	1615
	3p	-	86	436	267	231	422	1356
	3p	-	87	319	218	225	352	1114
	3p	-	88	280	155	166	282	883
	3p	-	89	185	131	110	218	644
	3p	-	90	127	83	83	126	419
	3p	-	91	66	46	29	66	207
	3p	-	92	0	0	0	0	0
	3p	-	93	0	0	0	0	0
	3p	-	94	0	0	0	0	0
	3p	-	95	0	0	0	0	0
	3p	-	96	0	0	0	0	0
	3p	-	97	0	0	0	0	0
	3p	-	98	0	0	0	0	0
	3p	-	99	0	0	0	0	0
	3p	-	100	0	0	0	0	0
	5p	+	1	17292	10201	8208	14657	50358
	5p	+	2	15542	9219	10451	15135	50347
	5p	+	3	15851	9998	10054	14455	50358
	5p	+	4	15731	10137	10408	14082	50358
	5p	+	5	15352	10219	10138	14649	50358
	5p	+	6	15193	10160	10297	14708	50358
	5p	+	7	15729	9674	10206	14749	50358
	5p	+	8	16090	9604	9796	14868	50358
	5p	+	9	15932	9632	9912	14882	50358
	5p	+	10	15856	9622	9846	15034	50358
	5p	+	11	15596	9883	9894	14985	50358
	5p	+	12	15798	9829	9897	14834	50358
	5p	+	13	15883	9858	9807	14810	50358
	5p	+	14	15602	9913	9939	14904	50358
	5p	+	15	15793	10106	9579	14880	50358
	5p	+	16	15935	9818	9693	14912	50358
	5p	+	17	15846	9885	9883	14744	50358
	5p	+	18	15896	9970	9645	14847	50358
	5p	+	19	15725	9986	9696	14951	50358
	5p	+	20	15765	9928	9633	15032	50358
	5p	+	21	15611	9927	9823	14997	50358
	5p	+	22	15617	9857	9683	15201	50358
	5p	+	23	15542	9874	9769	15173	50358
	5p	+	24	15511	9989	9763	15095	50358
	5p	+	25	15981	9870	9567	14940	50358
	5p	+	26	16014	9878	9677	14789	50358
	5p	+	27	16037	9829	9645	14847	50358
	5p	+	28	16019	9906	9644	14789	50358
	5p	+	29	16207	9697	9582	14872	50358
	5p	+	30	16013	9747	9474	15124	50358
	5p	+	31	15758	9667	9188	14700	49313
	5p	+	32	15554	9342	8976	14444	48316
	5p	+	33	15167	9157	8878	14024	47226
	5p	+	34	14826	9133	8675	13517	46151
	5p	+	35	14597	8682	8420	13312	45011
	5p	+	36	14075	8495	8233	12989	43792
	5p	+	37	13857	8189	7909	12642	42597
	5p	+	38	13608	7810	7542	12360	41320
	5p	+	39	12918	7673	7503	11921	40015
	5p	+	40	12495	7504	7093	11552	38644
	5p	+	41	12052	7184	6825	11201	37262
	5p	+	42	11623	6955	6606	10640	35824
	5p	+	43	11221	6718	6288	10229	34456
	5p	+	44	10728	6443	6006	9926	33103
	5p	+	45	10287	6111	5786	9540	31724
	5p	+	46	9837	5894	5407	9257	30395
	5p	+	47	9426	5670	5256	8762	29114
	5p	+	48	9099	5331	5033	8351	27814
	5p	+	49	8743	5091	4748	8005	26587
	5p	+	50	8235	4948	4537	7606	25326
	5p	+	51	7854	4510	4452	7207	24023
	5p	+	52	7263	4508	4210	6842	22823
	5p	+	53	6922	4179	3917	6635	21653
	5p	+	54	6566	3902	3825	6266	20559
	5p	+	55	6327	3746	3562	5828	19463
	5p	+	56	5918	3518	3366	5599	18401
	5p	+	57	5600	3383	3184	5181	17348
	5p	+	58	5276	3099	2964	5083	16422
	5p	+	59	4928	3024	2863	4652	15467
	5p	+	60	4698	2840	2605	4458	14601
	5p	+	61	4426	2659	2404	4247	13736
	5p	+	62	4208	2484	2341	3861	12894
	5p	+	63	3893	2344	2186	3678	12101
	5p	+	64	3639	2245	2087	3422	11393
	5p	+	65	3477	2082	1980	3140	10679
	5p	+	66	3175	1967	1777	3068	9987
	5p	+	67	2961	1761	1687	2913	9322
	5p	+	68	2765	1651	1646	2642	8704
	5p	+	69	2625	1566	1545	2403	8139
	5p	+	70	2389	1433	1423	2330	7575
	5p	+	71	2249	1311	1307	2151	7018
	5p	+	72	2073	1220	1174	1989	6456
	5p	+	73	1889	1164	1071	1817	5941
	5p	+	74	1832	1051	960	1651	5494
	5p	+	75	1643	1000	868	1551	5062
	5p	+	76	1484	895	826	1427	4632
	5p	+	77	1355	795	751	1311	4212
	5p	+	78	1245	788	653	1147	3833
	5p	+	79	1164	668	577	1059	3468
	5p	+	80	1023	592	529	959	3103
	5p	+	81	901	521	474	881	2777
	5p	+	82	818	456	418	781	2473
	5p	+	83	702	394	401	697	2194
	5p	+	84	641	348	306	611	1906
	5p	+	85	515	291	315	507	1628
	5p	+	86	426	240	219	430	1315
	5p	+	87	350	190	179	338	1057
	5p	+	88	264	147	143	264	818
	5p	+	89	208	105	82	187	582
	5p	+	90	135	71	55	117	378
	5p	+	91	73	27	30	64	194
	5p	+	92	0	0	0	0	0
	5p	+	93	0	0	0	0	0
	5p	+	94	0	0	0	0	0
	5p	+	95	0	0	0	0	0
	5p	+	96	0	0	0	0	0
	5p	+	97	0	0	0	0	0
	5p	+	98	0	0	0	0	0
	5p	+	99	0	0	0	0	0
	5p	+	100	0	0	0	0	0
	5p	-	1	17193	10180	7936	14583	49892
	5p	-	2	15218	9290	10243	15135	49886
	5p	-	3	15277	10089	10045	14481	49892
	5p	-	4	15381	9990	10304	14217	49892
	5p	-	5	15237	10081	9964	14610	49892
	5p	-	6	14754	10093	10276	14769	49892
	5p	-	7	15430	9687	10083	14692	49892
	5p	-	8	15877	9592	9659	14764	49892
	5p	-	9	15783	9581	9536	14992	49892
	5p	-	10	15299	9822	9886	14885	49892
	5p	-	11	15488	9876	9553	14975	49892
	5p	-	12	15661	9919	9598	14714	49892
	5p	-	13	15656	9847	9713	14676	49892
	5p	-	14	15666	9736	9709	14781	49892
	5p	-	15	15435	9872	9812	14773	49892
	5p	-	16	15643	9942	9677	14630	49892
	5p	-	17	15559	9835	9737	14761	49892
	5p	-	18	15584	9881	9631	14796	49892
	5p	-	19	15459	9913	9505	15015	49892
	5p	-	20	15280	9777	9663	15172	49892
	5p	-	21	15475	9776	9598	15043	49892
	5p	-	22	15264	9861	9844	14923	49892
	5p	-	23	15383	9672	9769	15068	49892
	5p	-	24	15726	9826	9595	14745	49892
	5p	-	25	15659	9723	9673	14837	49892
	5p	-	26	15536	9781	9579	14996	49892
	5p	-	27	15745	9793	9653	14701	49892
	5p	-	28	15970	9564	9467	14891	49892
	5p	-	29	15594	9845	9445	15008	49892
	5p	-	30	16129	9773	9201	14789	49892
	5p	-	31	15485	9498	9158	14682	48823
	5p	-	32	15224	9227	8984	14369	47804
	5p	-	33	14892	8991	8788	14104	46775
	5p	-	34	14753	8861	8613	13511	45738
	5p	-	35	14171	8567	8306	13543	44587
	5p	-	36	14179	8406	8061	12817	43463
	5p	-	37	13606	8064	7813	12749	42232
	5p	-	38	13098	7992	7542	12302	40934
	5p	-	39	12760	7635	7310	11961	39666
	5p	-	40	12314	7168	7124	11708	38314
	5p	-	41	11628	7164	6926	11201	36919
	5p	-	42	11315	7006	6476	10777	35574
	5p	-	43	10947	6685	6209	10296	34137
	5p	-	44	10358	6441	6127	9832	32758
	5p	-	45	10157	6020	5717	9540	31434
	5p	-	46	9601	5889	5524	9107	30121
	5p	-	47	9330	5551	5320	8675	28876
	5p	-	48	8934	5198	5049	8425	27606
	5p	-	49	8373	5147	4838	7968	26326
	5p	-	50	8136	4748	4547	7638	25069
	5p	-	51	7635	4532	4268	7434	23869
	5p	-	52	7186	4329	4235	6897	22647
	5p	-	53	6914	4025	4025	6518	21482
	5p	-	54	6556	3946	3704	6234	20440
	5p	-	55	6204	3707	3573	5893	19377
	5p	-	56	5882	3589	3362	5562	18395
	5p	-	57	5578	3373	3153	5358	17462
	5p	-	58	5294	3220	3038	4962	16514
	5p	-	59	5025	2933	2867	4755	15580
	5p	-	60	4661	2871	2754	4476	14762
	5p	-	61	4426	2740	2532	4233	13931
	5p	-	62	4232	2497	2361	4003	13093
	5p	-	63	3882	2379	2302	3763	12326
	5p	-	64	3748	2245	2102	3419	11514
	5p	-	65	3496	2023	1978	3290	10787
	5p	-	66	3231	1963	1872	3058	10124
	5p	-	67	3102	1849	1685	2861	9497
	5p	-	68	2866	1682	1555	2741	8844
	5p	-	69	2554	1626	1495	2536	8211
	5p	-	70	2494	1432	1305	2409	7640
	5p	-	71	2222	1358	1280	2239	7099
	5p	-	72	2087	1286	1218	2033	6624
	5p	-	73	1995	1141	1105	1887	6128
	5p	-	74	1839	1046	997	1746	5628
	5p	-	75	1588	995	931	1620	5134
	5p	-	76	1555	898	808	1442	4703
	5p	-	77	1393	821	707	1320	4241
	5p	-	78	1289	746	668	1138	3841
	5p	-	79	1139	679	599	1047	3464
	5p	-	80	1026	584	573	952	3135
	5p	-	81	889	530	508	862	2789
	5p	-	82	813	476	421	771	2481
	5p	-	83	725	386	378	704	2193
	5p	-	84	662	354	306	580	1902
	5p	-	85	549	290	285	491	1615
	5p	-	86	454	269	239	394	1356
	5p	-	87	363	201	189	361	1114
	5p	-	88	313	171	146	253	883
	5p	-	89	211	121	99	213	644
	5p	-	90	144	71	62	142	419
	5p	-	91	85	27	25	70	207
	5p	-	92	0	0	0	0	0
	5p	-	93	0	0	0	0	0
	5p	-	94	0	0	0	0	0
	5p	-	95	0	0	0	0	0
	5p	-	96	0	0	0	0	0
	5p	-	97	0	0	0	0	0
	5p	-	98	0	0	0	0	0
	5p	-	99	0	0	0	0	0
	5p	-	100	0	0	0	0	0
