# table produced by DamageProfiler
# using mapped file PcA015.ReedbuckBh_Human_nc.Target.rmdup.noMicro.bam
# Sample ID: PcA015.ReedbuckBh_Human_nc.Target.rmdup.noMicro.bam
Chr	End	Std	Pos	A	C	G	T	Total	G>A	C>T	A>G	T>C	A>C	A>T	C>G	C>A	T>G	T>A	G>C	G>T	A>-	T>-	C>-	G>-	->A	->T	->C	->G	S
	3p	+	1	20248.0	7740.0	6970.0	15396.0	50354.0	248.0	1172.0	142.0	158.0	60.0	83.0	33.0	108.0	52.0	90.0	34.0	87.0	0.0	0.0	0.0	0.0	0.0	0.0	0.0	0.0	0.0
	3p	+	2	17531.0	11302.0	7994.0	13529.0	50356.0	231.0	491.0	135.0	179.0	84.0	73.0	39.0	65.0	56.0	67.0	61.0	57.0	0.0	0.0	0.0	0.0	0.0	0.0	0.0	0.0	0.0
	3p	+	3	17213.0	10024.0	8800.0	14319.0	50356.0	185.0	190.0	173.0	142.0	75.0	62.0	44.0	65.0	55.0	65.0	46.0	85.0	0.0	0.0	0.0	0.0	0.0	0.0	0.0	0.0	0.0
	3p	+	4	17049.0	10036.0	8991.0	14280.0	50356.0	208.0	168.0	147.0	147.0	51.0	63.0	34.0	70.0	45.0	49.0	44.0	75.0	0.0	0.0	0.0	0.0	0.0	0.0	0.0	0.0	0.0
	3p	+	5	16967.0	9665.0	9260.0	14459.0	50351.0	211.0	150.0	144.0	130.0	49.0	49.0	39.0	62.0	44.0	61.0	23.0	88.0	0.0	0.0	0.0	0.0	4.0	0.0	0.0	0.0	0.0
	3p	+	6	16993.0	9708.0	9351.0	14280.0	50332.0	171.0	171.0	171.0	144.0	59.0	52.0	47.0	54.0	48.0	46.0	43.0	80.0	0.0	0.0	0.0	0.0	9.0	0.0	5.0	7.0	0.0
	3p	+	7	16209.0	9739.0	9659.0	14722.0	50329.0	177.0	186.0	142.0	146.0	46.0	54.0	36.0	53.0	38.0	41.0	35.0	74.0	0.0	0.0	0.0	0.0	10.0	0.0	4.0	6.0	0.0
	3p	+	8	16343.0	9570.0	9613.0	14800.0	50326.0	163.0	154.0	153.0	156.0	46.0	48.0	36.0	60.0	52.0	42.0	33.0	90.0	0.0	0.0	0.0	0.0	10.0	0.0	5.0	5.0	0.0
	3p	+	9	16256.0	9678.0	9703.0	14677.0	50314.0	168.0	166.0	169.0	147.0	39.0	43.0	42.0	46.0	38.0	33.0	36.0	67.0	0.0	0.0	0.0	0.0	13.0	0.0	8.0	7.0	0.0
	3p	+	10	16033.0	9818.0	9557.0	14903.0	50311.0	142.0	198.0	167.0	129.0	48.0	50.0	27.0	46.0	37.0	42.0	34.0	74.0	0.0	0.0	0.0	0.0	16.0	0.0	10.0	10.0	0.0
	3p	+	11	15841.0	9895.0	9549.0	15027.0	50312.0	163.0	150.0	159.0	149.0	41.0	41.0	37.0	37.0	45.0	32.0	36.0	75.0	0.0	0.0	0.0	0.0	18.0	0.0	11.0	7.0	0.0
	3p	+	12	15820.0	9926.0	9534.0	15034.0	50314.0	163.0	178.0	165.0	159.0	41.0	37.0	32.0	49.0	46.0	41.0	47.0	75.0	0.0	0.0	0.0	0.0	14.0	0.0	9.0	9.0	0.0
	3p	+	13	15727.0	9923.0	9664.0	14987.0	50301.0	177.0	167.0	139.0	162.0	51.0	44.0	27.0	46.0	38.0	33.0	34.0	87.0	0.0	0.0	0.0	0.0	18.0	0.0	14.0	9.0	0.0
	3p	+	14	16003.0	9710.0	9686.0	14894.0	50293.0	172.0	172.0	161.0	160.0	51.0	51.0	35.0	55.0	49.0	48.0	33.0	77.0	0.0	0.0	0.0	0.0	18.0	0.0	9.0	13.0	0.0
	3p	+	15	15775.0	9852.0	9690.0	14974.0	50291.0	155.0	170.0	158.0	145.0	52.0	43.0	38.0	45.0	38.0	42.0	27.0	76.0	0.0	0.0	0.0	0.0	17.0	0.0	14.0	14.0	0.0
	3p	+	16	15709.0	9929.0	9610.0	15041.0	50289.0	150.0	182.0	140.0	158.0	43.0	43.0	23.0	35.0	37.0	38.0	31.0	91.0	0.0	0.0	0.0	0.0	26.0	0.0	13.0	6.0	0.0
	3p	+	17	15751.0	9965.0	9685.0	14893.0	50294.0	155.0	188.0	164.0	161.0	43.0	34.0	32.0	51.0	43.0	30.0	33.0	73.0	0.0	0.0	0.0	0.0	20.0	0.0	11.0	13.0	0.0
	3p	+	18	15929.0	9881.0	9652.0	14827.0	50289.0	133.0	197.0	150.0	153.0	58.0	32.0	43.0	35.0	47.0	44.0	27.0	75.0	0.0	0.0	0.0	0.0	29.0	0.0	11.0	12.0	0.0
	3p	+	19	15556.0	9938.0	9849.0	14953.0	50296.0	167.0	152.0	146.0	150.0	51.0	27.0	27.0	46.0	33.0	49.0	39.0	69.0	0.0	0.0	0.0	0.0	19.0	0.0	13.0	8.0	0.0
	3p	+	20	15763.0	9835.0	9626.0	15075.0	50299.0	159.0	185.0	166.0	183.0	52.0	37.0	32.0	49.0	37.0	41.0	44.0	69.0	0.0	0.0	0.0	0.0	20.0	0.0	11.0	9.0	0.0
	3p	+	21	15605.0	10059.0	9574.0	15063.0	50301.0	172.0	169.0	169.0	166.0	37.0	47.0	30.0	39.0	42.0	30.0	34.0	85.0	0.0	0.0	0.0	0.0	24.0	0.0	11.0	8.0	0.0
	3p	+	22	15679.0	9924.0	9597.0	15086.0	50286.0	157.0	159.0	178.0	139.0	48.0	41.0	45.0	46.0	36.0	36.0	26.0	84.0	0.0	0.0	0.0	0.0	21.0	0.0	11.0	18.0	0.0
	3p	+	23	15754.0	9810.0	9831.0	14908.0	50303.0	157.0	165.0	154.0	130.0	38.0	31.0	31.0	37.0	45.0	38.0	31.0	81.0	0.0	0.0	0.0	0.0	16.0	0.0	8.0	10.0	0.0
	3p	+	24	15893.0	9713.0	9718.0	14974.0	50298.0	155.0	175.0	164.0	149.0	34.0	35.0	34.0	51.0	43.0	24.0	41.0	87.0	0.0	0.0	0.0	0.0	13.0	0.0	10.0	9.0	0.0
	3p	+	25	15785.0	9875.0	9724.0	14911.0	50295.0	170.0	164.0	146.0	161.0	39.0	38.0	37.0	48.0	59.0	30.0	34.0	67.0	0.0	0.0	0.0	0.0	17.0	0.0	13.0	11.0	0.0
	3p	+	26	15747.0	9827.0	9742.0	14980.0	50296.0	145.0	178.0	169.0	151.0	45.0	26.0	30.0	33.0	41.0	44.0	29.0	76.0	0.0	0.0	0.0	0.0	22.0	0.0	8.0	11.0	0.0
	3p	+	27	15780.0	9817.0	9875.0	14829.0	50301.0	165.0	177.0	146.0	154.0	45.0	42.0	31.0	46.0	34.0	31.0	41.0	70.0	0.0	0.0	0.0	0.0	21.0	0.0	7.0	6.0	0.0
	3p	+	28	15601.0	10020.0	9794.0	14885.0	50300.0	171.0	181.0	151.0	155.0	39.0	42.0	39.0	41.0	47.0	24.0	30.0	82.0	0.0	0.0	0.0	0.0	17.0	0.0	6.0	7.0	0.0
	3p	+	29	15699.0	9824.0	9789.0	14982.0	50294.0	193.0	161.0	166.0	135.0	48.0	36.0	38.0	62.0	50.0	49.0	37.0	90.0	0.0	0.0	0.0	0.0	19.0	0.0	12.0	10.0	0.0
	3p	+	30	15740.0	10006.0	9738.0	14829.0	50313.0	197.0	187.0	135.0	165.0	47.0	51.0	37.0	44.0	40.0	40.0	38.0	77.0	0.0	0.0	0.0	0.0	20.0	0.0	2.0	3.0	0.0
	3p	+	31	15380.0	9843.0	9469.0	14561.0	49253.0	164.0	180.0	133.0	166.0	37.0	27.0	30.0	44.0	46.0	41.0	23.0	67.0	0.0	0.0	0.0	0.0	25.0	0.0	9.0	11.0	0.0
	3p	+	32	15100.0	9465.0	9557.0	14148.0	48270.0	175.0	155.0	149.0	148.0	47.0	34.0	41.0	38.0	39.0	35.0	24.0	68.0	0.0	0.0	0.0	0.0	15.0	0.0	5.0	7.0	0.0
	3p	+	33	14741.0	9196.0	9072.0	14156.0	47165.0	160.0	169.0	137.0	136.0	43.0	29.0	30.0	51.0	43.0	36.0	31.0	80.0	0.0	0.0	0.0	0.0	19.0	0.0	13.0	5.0	0.0
	3p	+	34	14473.0	8905.0	9035.0	13686.0	46099.0	126.0	162.0	160.0	155.0	39.0	26.0	22.0	28.0	38.0	25.0	22.0	80.0	0.0	0.0	0.0	0.0	19.0	0.0	6.0	10.0	0.0
	3p	+	35	14239.0	8807.0	8755.0	13163.0	44964.0	157.0	149.0	128.0	128.0	43.0	39.0	34.0	53.0	40.0	31.0	39.0	71.0	0.0	0.0	0.0	0.0	13.0	0.0	11.0	9.0	0.0
	3p	+	36	13922.0	8508.0	8551.0	12770.0	43751.0	147.0	151.0	143.0	141.0	47.0	37.0	25.0	45.0	37.0	41.0	34.0	57.0	0.0	0.0	0.0	0.0	14.0	0.0	10.0	3.0	0.0
	3p	+	37	13318.0	8512.0	8218.0	12509.0	42557.0	128.0	175.0	124.0	120.0	28.0	29.0	26.0	43.0	38.0	32.0	26.0	64.0	0.0	0.0	0.0	0.0	14.0	0.0	5.0	2.0	0.0
	3p	+	38	12839.0	8067.0	8091.0	12270.0	41267.0	144.0	151.0	114.0	131.0	44.0	29.0	28.0	39.0	36.0	31.0	25.0	57.0	0.0	0.0	0.0	0.0	21.0	0.0	8.0	8.0	0.0
	3p	+	39	12455.0	7916.0	7841.0	11759.0	39971.0	141.0	147.0	117.0	142.0	45.0	29.0	32.0	31.0	39.0	26.0	41.0	48.0	0.0	0.0	0.0	0.0	18.0	0.0	3.0	5.0	0.0
	3p	+	40	12062.0	7628.0	7474.0	11447.0	38611.0	132.0	138.0	104.0	109.0	29.0	33.0	20.0	43.0	32.0	18.0	21.0	72.0	0.0	0.0	0.0	0.0	16.0	0.0	5.0	4.0	0.0
	3p	+	41	11484.0	7345.0	7341.0	11054.0	37224.0	128.0	144.0	114.0	101.0	32.0	31.0	19.0	34.0	22.0	40.0	26.0	61.0	0.0	0.0	0.0	0.0	18.0	0.0	2.0	5.0	0.0
	3p	+	42	11290.0	6920.0	6890.0	10693.0	35793.0	125.0	125.0	116.0	88.0	34.0	26.0	26.0	32.0	41.0	28.0	20.0	51.0	0.0	0.0	0.0	0.0	10.0	0.0	6.0	4.0	0.0
	3p	+	43	10731.0	6740.0	6560.0	10389.0	34420.0	111.0	121.0	98.0	110.0	33.0	21.0	26.0	32.0	45.0	28.0	22.0	53.0	0.0	0.0	0.0	0.0	11.0	0.0	7.0	4.0	0.0
	3p	+	44	10365.0	6448.0	6300.0	9959.0	33072.0	109.0	146.0	106.0	96.0	40.0	31.0	16.0	29.0	25.0	35.0	14.0	48.0	0.0	0.0	0.0	0.0	15.0	0.0	2.0	6.0	0.0
	3p	+	45	9935.0	6184.0	6240.0	9340.0	31699.0	128.0	114.0	110.0	87.0	21.0	21.0	16.0	28.0	32.0	34.0	21.0	69.0	0.0	0.0	0.0	0.0	7.0	0.0	5.0	4.0	0.0
	3p	+	46	9393.0	6138.0	5891.0	8960.0	30382.0	115.0	142.0	92.0	79.0	30.0	31.0	17.0	33.0	37.0	24.0	15.0	47.0	0.0	0.0	0.0	0.0	5.0	0.0	1.0	0.0	0.0
	3p	+	47	9081.0	5814.0	5661.0	8537.0	29093.0	96.0	110.0	94.0	79.0	32.0	27.0	15.0	30.0	26.0	13.0	20.0	43.0	0.0	0.0	0.0	0.0	8.0	0.0	3.0	1.0	0.0
	3p	+	48	8621.0	5546.0	5436.0	8187.0	27790.0	86.0	118.0	96.0	89.0	30.0	20.0	14.0	23.0	27.0	13.0	10.0	37.0	0.0	0.0	0.0	0.0	8.0	0.0	6.0	2.0	0.0
	3p	+	49	8255.0	5265.0	5243.0	7804.0	26567.0	100.0	91.0	82.0	72.0	28.0	18.0	18.0	29.0	18.0	24.0	20.0	46.0	0.0	0.0	0.0	0.0	6.0	0.0	4.0	6.0	0.0
	3p	+	50	7928.0	4853.0	4918.0	7611.0	25310.0	82.0	91.0	74.0	80.0	31.0	17.0	18.0	21.0	25.0	14.0	18.0	35.0	0.0	0.0	0.0	0.0	7.0	0.0	2.0	0.0	0.0
	3p	+	51	7397.0	4719.0	4698.0	7193.0	24007.0	88.0	91.0	94.0	78.0	20.0	17.0	16.0	25.0	18.0	16.0	21.0	35.0	0.0	0.0	0.0	0.0	4.0	0.0	1.0	1.0	0.0
	3p	+	52	7131.0	4469.0	4474.0	6735.0	22809.0	75.0	97.0	73.0	84.0	29.0	23.0	17.0	20.0	30.0	27.0	15.0	38.0	0.0	0.0	0.0	0.0	5.0	0.0	2.0	3.0	0.0
	3p	+	53	6805.0	4276.0	4037.0	6517.0	21635.0	58.0	89.0	66.0	76.0	19.0	20.0	19.0	22.0	16.0	21.0	11.0	30.0	0.0	0.0	0.0	0.0	9.0	0.0	1.0	3.0	0.0
	3p	+	54	6349.0	4110.0	3952.0	6133.0	20544.0	75.0	85.0	67.0	71.0	11.0	10.0	12.0	19.0	21.0	22.0	17.0	36.0	0.0	0.0	0.0	0.0	7.0	0.0	2.0	3.0	0.0
	3p	+	55	6114.0	3807.0	3786.0	5739.0	19446.0	64.0	79.0	67.0	56.0	11.0	11.0	15.0	25.0	16.0	25.0	16.0	29.0	0.0	0.0	0.0	0.0	11.0	0.0	0.0	1.0	0.0
	3p	+	56	5813.0	3582.0	3541.0	5453.0	18389.0	68.0	78.0	50.0	55.0	17.0	13.0	7.0	15.0	17.0	16.0	18.0	27.0	0.0	0.0	0.0	0.0	7.0	0.0	1.0	1.0	0.0
	3p	+	57	5358.0	3448.0	3376.0	5159.0	17341.0	57.0	77.0	60.0	49.0	18.0	14.0	12.0	17.0	18.0	23.0	11.0	23.0	0.0	0.0	0.0	0.0	2.0	0.0	2.0	1.0	0.0
	3p	+	58	5058.0	3206.0	3256.0	4894.0	16414.0	56.0	69.0	55.0	58.0	13.0	11.0	9.0	13.0	11.0	14.0	11.0	25.0	0.0	0.0	0.0	0.0	2.0	0.0	1.0	2.0	0.0
	3p	+	59	4790.0	3017.0	3022.0	4627.0	15456.0	64.0	68.0	37.0	46.0	16.0	3.0	9.0	12.0	23.0	16.0	13.0	23.0	0.0	0.0	0.0	0.0	4.0	0.0	1.0	0.0	0.0
	3p	+	60	4636.0	2815.0	2799.0	4342.0	14592.0	52.0	45.0	53.0	54.0	16.0	15.0	7.0	13.0	9.0	15.0	10.0	16.0	0.0	0.0	0.0	0.0	1.0	0.0	3.0	0.0	0.0
	3p	+	61	4198.0	2667.0	2697.0	4167.0	13729.0	44.0	52.0	38.0	44.0	5.0	11.0	6.0	8.0	13.0	14.0	10.0	22.0	0.0	0.0	0.0	0.0	4.0	0.0	0.0	1.0	0.0
	3p	+	62	3987.0	2615.0	2487.0	3800.0	12889.0	38.0	48.0	30.0	36.0	18.0	9.0	10.0	14.0	14.0	8.0	15.0	18.0	0.0	0.0	0.0	0.0	3.0	0.0	0.0	1.0	0.0
	3p	+	63	3756.0	2375.0	2339.0	3621.0	12091.0	52.0	37.0	28.0	43.0	13.0	12.0	11.0	14.0	17.0	13.0	14.0	16.0	0.0	0.0	0.0	0.0	5.0	0.0	0.0	0.0	0.0
	3p	+	64	3552.0	2233.0	2199.0	3402.0	11386.0	32.0	47.0	34.0	41.0	8.0	12.0	7.0	9.0	7.0	17.0	5.0	12.0	0.0	0.0	0.0	0.0	4.0	0.0	0.0	2.0	0.0
	3p	+	65	3313.0	2045.0	2104.0	3207.0	10669.0	39.0	42.0	33.0	35.0	11.0	7.0	7.0	14.0	10.0	14.0	8.0	13.0	0.0	0.0	0.0	0.0	6.0	0.0	0.0	1.0	0.0
	3p	+	66	3090.0	1965.0	1929.0	2997.0	9981.0	26.0	53.0	30.0	22.0	9.0	7.0	3.0	7.0	13.0	9.0	8.0	16.0	0.0	0.0	0.0	0.0	3.0	0.0	0.0	1.0	0.0
	3p	+	67	2868.0	1789.0	1823.0	2834.0	9314.0	38.0	34.0	29.0	27.0	11.0	8.0	3.0	9.0	7.0	6.0	6.0	13.0	0.0	0.0	0.0	0.0	2.0	0.0	2.0	1.0	0.0
	3p	+	68	2692.0	1705.0	1623.0	2677.0	8697.0	29.0	31.0	30.0	29.0	8.0	13.0	10.0	11.0	12.0	11.0	9.0	7.0	0.0	0.0	0.0	0.0	4.0	0.0	0.0	2.0	0.0
	3p	+	69	2454.0	1616.0	1621.0	2440.0	8131.0	36.0	31.0	27.0	24.0	8.0	7.0	8.0	12.0	8.0	8.0	3.0	12.0	0.0	0.0	0.0	0.0	1.0	0.0	0.0	2.0	0.0
	3p	+	70	2301.0	1489.0	1437.0	2344.0	7571.0	24.0	37.0	26.0	22.0	6.0	4.0	3.0	9.0	6.0	7.0	4.0	14.0	0.0	0.0	0.0	0.0	3.0	0.0	0.0	0.0	0.0
	3p	+	71	2177.0	1347.0	1395.0	2097.0	7016.0	31.0	26.0	28.0	15.0	9.0	7.0	3.0	5.0	6.0	7.0	5.0	15.0	0.0	0.0	0.0	0.0	1.0	0.0	0.0	0.0	0.0
	3p	+	72	1991.0	1257.0	1254.0	1950.0	6452.0	16.0	28.0	16.0	21.0	8.0	4.0	9.0	7.0	4.0	8.0	4.0	14.0	0.0	0.0	0.0	0.0	1.0	0.0	2.0	0.0	0.0
	3p	+	73	1865.0	1201.0	1173.0	1699.0	5938.0	22.0	20.0	23.0	11.0	4.0	3.0	1.0	4.0	6.0	5.0	6.0	6.0	0.0	0.0	0.0	0.0	0.0	0.0	0.0	2.0	0.0
	3p	+	74	1673.0	1054.0	1075.0	1691.0	5493.0	14.0	21.0	20.0	17.0	4.0	3.0	4.0	10.0	11.0	3.0	5.0	10.0	0.0	0.0	0.0	0.0	0.0	0.0	0.0	1.0	0.0
	3p	+	75	1603.0	1001.0	971.0	1483.0	5058.0	13.0	18.0	10.0	19.0	4.0	2.0	1.0	4.0	5.0	7.0	4.0	3.0	0.0	0.0	0.0	0.0	3.0	0.0	1.0	0.0	0.0
	3p	+	76	1417.0	893.0	927.0	1392.0	4629.0	20.0	15.0	15.0	17.0	2.0	2.0	4.0	4.0	9.0	5.0	2.0	7.0	0.0	0.0	0.0	0.0	2.0	0.0	1.0	0.0	0.0
	3p	+	77	1298.0	818.0	847.0	1247.0	4210.0	14.0	18.0	17.0	16.0	5.0	3.0	5.0	7.0	1.0	2.0	2.0	6.0	0.0	0.0	0.0	0.0	0.0	0.0	0.0	1.0	0.0
	3p	+	78	1146.0	773.0	714.0	1198.0	3831.0	8.0	17.0	13.0	7.0	4.0	2.0	3.0	2.0	4.0	3.0	0.0	4.0	0.0	0.0	0.0	0.0	2.0	0.0	0.0	0.0	0.0
	3p	+	79	1080.0	692.0	680.0	1016.0	3468.0	14.0	18.0	10.0	8.0	4.0	5.0	2.0	2.0	3.0	3.0	3.0	6.0	0.0	0.0	0.0	0.0	0.0	0.0	0.0	0.0	0.0
	3p	+	80	961.0	625.0	621.0	896.0	3103.0	13.0	13.0	7.0	3.0	1.0	4.0	1.0	2.0	4.0	2.0	3.0	3.0	0.0	0.0	0.0	0.0	0.0	0.0	0.0	0.0	0.0
	3p	+	81	828.0	539.0	532.0	878.0	2777.0	9.0	11.0	6.0	10.0	4.0	2.0	1.0	3.0	2.0	2.0	2.0	7.0	0.0	0.0	0.0	0.0	0.0	0.0	0.0	0.0	0.0
	3p	+	82	752.0	512.0	489.0	720.0	2473.0	6.0	10.0	7.0	8.0	1.0	2.0	3.0	6.0	3.0	0.0	1.0	3.0	0.0	0.0	0.0	0.0	0.0	0.0	0.0	0.0	0.0
	3p	+	83	635.0	475.0	367.0	716.0	2193.0	3.0	13.0	6.0	10.0	3.0	2.0	2.0	4.0	6.0	3.0	1.0	0.0	0.0	0.0	0.0	0.0	0.0	0.0	1.0	0.0	0.0
	3p	+	84	572.0	391.0	347.0	595.0	1905.0	6.0	7.0	4.0	9.0	0.0	1.0	2.0	1.0	2.0	0.0	1.0	4.0	0.0	0.0	0.0	0.0	0.0	0.0	0.0	1.0	0.0
	3p	+	85	515.0	327.0	331.0	455.0	1628.0	5.0	9.0	8.0	2.0	1.0	1.0	2.0	3.0	0.0	1.0	2.0	7.0	0.0	0.0	0.0	0.0	0.0	0.0	0.0	0.0	0.0
	3p	+	86	402.0	250.0	261.0	402.0	1315.0	11.0	5.0	7.0	10.0	5.0	1.0	2.0	4.0	1.0	2.0	0.0	3.0	0.0	0.0	0.0	0.0	0.0	0.0	0.0	0.0	0.0
	3p	+	87	336.0	214.0	196.0	311.0	1057.0	3.0	7.0	8.0	0.0	1.0	2.0	0.0	1.0	1.0	0.0	0.0	1.0	0.0	0.0	0.0	0.0	0.0	0.0	0.0	0.0	0.0
	3p	+	88	268.0	155.0	138.0	257.0	818.0	2.0	5.0	2.0	1.0	0.0	2.0	0.0	0.0	0.0	2.0	0.0	4.0	0.0	0.0	0.0	0.0	0.0	0.0	0.0	0.0	0.0
	3p	+	89	179.0	122.0	121.0	160.0	582.0	1.0	2.0	2.0	3.0	0.0	2.0	1.0	0.0	1.0	1.0	2.0	0.0	0.0	0.0	0.0	0.0	0.0	0.0	0.0	0.0	0.0
	3p	+	90	116.0	71.0	67.0	124.0	378.0	2.0	3.0	0.0	2.0	0.0	0.0	0.0	1.0	1.0	0.0	0.0	0.0	0.0	0.0	0.0	0.0	0.0	0.0	0.0	0.0	0.0
	3p	+	91	70.0	43.0	25.0	56.0	194.0	0.0	2.0	0.0	1.0	0.0	1.0	0.0	0.0	0.0	1.0	0.0	1.0	0.0	0.0	0.0	0.0	0.0	0.0	0.0	0.0	0.0
	3p	+	92	0.0	0.0	0.0	0.0	0.0	0.0	0.0	0.0	0.0	0.0	0.0	0.0	0.0	0.0	0.0	0.0	0.0	0.0	0.0	0.0	0.0	0.0	0.0	0.0	0.0	0.0
	3p	+	93	0.0	0.0	0.0	0.0	0.0	0.0	0.0	0.0	0.0	0.0	0.0	0.0	0.0	0.0	0.0	0.0	0.0	0.0	0.0	0.0	0.0	0.0	0.0	0.0	0.0	0.0
	3p	+	94	0.0	0.0	0.0	0.0	0.0	0.0	0.0	0.0	0.0	0.0	0.0	0.0	0.0	0.0	0.0	0.0	0.0	0.0	0.0	0.0	0.0	0.0	0.0	0.0	0.0	0.0
	3p	+	95	0.0	0.0	0.0	0.0	0.0	0.0	0.0	0.0	0.0	0.0	0.0	0.0	0.0	0.0	0.0	0.0	0.0	0.0	0.0	0.0	0.0	0.0	0.0	0.0	0.0	0.0
	3p	+	96	0.0	0.0	0.0	0.0	0.0	0.0	0.0	0.0	0.0	0.0	0.0	0.0	0.0	0.0	0.0	0.0	0.0	0.0	0.0	0.0	0.0	0.0	0.0	0.0	0.0	0.0
	3p	+	97	0.0	0.0	0.0	0.0	0.0	0.0	0.0	0.0	0.0	0.0	0.0	0.0	0.0	0.0	0.0	0.0	0.0	0.0	0.0	0.0	0.0	0.0	0.0	0.0	0.0	0.0
	3p	+	98	0.0	0.0	0.0	0.0	0.0	0.0	0.0	0.0	0.0	0.0	0.0	0.0	0.0	0.0	0.0	0.0	0.0	0.0	0.0	0.0	0.0	0.0	0.0	0.0	0.0	0.0
	3p	+	99	0.0	0.0	0.0	0.0	0.0	0.0	0.0	0.0	0.0	0.0	0.0	0.0	0.0	0.0	0.0	0.0	0.0	0.0	0.0	0.0	0.0	0.0	0.0	0.0	0.0	0.0
	3p	+	100	0.0	0.0	0.0	0.0	0.0	0.0	0.0	0.0	0.0	0.0	0.0	0.0	0.0	0.0	0.0	0.0	0.0	0.0	0.0	0.0	0.0	0.0	0.0	0.0	0.0	0.0
	3p	-	1	19993.0	7841.0	6857.0	15187.0	49878.0	230.0	1202.0	115.0	158.0	63.0	103.0	29.0	106.0	49.0	119.0	31.0	93.00.0	0.0	0.0	0.0	0.0	0.0	0.0	0.0	0.0
	3p	-	2	17352.0	11086.0	7963.0	13480.0	49881.0	227.0	490.0	141.0	186.0	68.0	66.0	32.0	72.0	40.0	89.0	54.0	79.00.0	0.0	0.0	0.0	0.0	0.0	1.0	1.0	0.0
	3p	-	3	16821.0	9953.0	8732.0	14368.0	49874.0	196.0	183.0	164.0	165.0	57.0	73.0	33.0	57.0	46.0	86.0	45.0	78.00.0	0.0	0.0	0.0	5.0	0.0	1.0	2.0	0.0
	3p	-	4	16676.0	9973.0	8876.0	14339.0	49864.0	196.0	166.0	138.0	151.0	75.0	45.0	39.0	59.0	34.0	46.0	35.0	77.00.0	0.0	0.0	0.0	9.0	0.0	4.0	1.0	0.0
	3p	-	5	16649.0	9619.0	9009.0	14583.0	49860.0	183.0	164.0	164.0	150.0	56.0	56.0	33.0	62.0	50.0	43.0	39.0	101.00.0	0.0	0.0	0.0	14.0	0.0	5.0	3.0	0.0
	3p	-	6	16599.0	9545.0	9424.0	14273.0	49841.0	187.0	170.0	145.0	131.0	51.0	48.0	38.0	54.0	35.0	38.0	26.0	88.00.0	0.0	0.0	0.0	21.0	0.0	3.0	7.0	0.0
	3p	-	7	16118.0	9549.0	9458.0	14715.0	49840.0	197.0	136.0	127.0	132.0	46.0	61.0	26.0	58.0	38.0	33.0	38.0	75.00.0	0.0	0.0	0.0	15.0	0.0	12.0	9.0	0.0
	3p	-	8	16124.0	9375.0	9619.0	14716.0	49834.0	190.0	168.0	121.0	138.0	39.0	43.0	34.0	49.0	38.0	36.0	31.0	79.00.0	0.0	0.0	0.0	21.0	0.0	15.0	9.0	0.0
	3p	-	9	15784.0	9571.0	9549.0	14928.0	49832.0	162.0	162.0	140.0	152.0	51.0	40.0	37.0	43.0	49.0	43.0	30.0	85.00.0	0.0	0.0	0.0	19.0	0.0	9.0	8.0	0.0
	3p	-	10	15592.0	9737.0	9758.0	14743.0	49830.0	187.0	162.0	145.0	144.0	40.0	58.0	40.0	51.0	51.0	30.0	32.0	76.00.0	0.0	0.0	0.0	22.0	0.0	10.0	9.0	0.0
	3p	-	11	15396.0	9764.0	9650.0	15020.0	49830.0	170.0	172.0	146.0	139.0	36.0	46.0	37.0	54.0	40.0	30.0	44.0	71.00.0	0.0	0.0	0.0	26.0	0.0	6.0	10.0	0.0
	3p	-	12	15436.0	9807.0	9699.0	14888.0	49830.0	184.0	177.0	160.0	158.0	51.0	37.0	34.0	37.0	38.0	37.0	35.0	84.00.0	0.0	0.0	0.0	18.0	0.0	10.0	10.0	0.0
	3p	-	13	15652.0	9715.0	9484.0	14981.0	49832.0	149.0	177.0	123.0	153.0	36.0	43.0	27.0	52.0	45.0	38.0	31.0	85.00.0	0.0	0.0	0.0	22.0	0.0	11.0	11.0	0.0
	3p	-	14	15689.0	9855.0	9563.0	14723.0	49830.0	170.0	188.0	129.0	159.0	47.0	52.0	41.0	43.0	41.0	28.0	28.0	75.00.0	0.0	0.0	0.0	20.0	0.0	16.0	8.0	0.0
	3p	-	15	15589.0	9911.0	9628.0	14700.0	49828.0	165.0	169.0	154.0	145.0	40.0	24.0	29.0	46.0	37.0	39.0	37.0	76.00.0	0.0	0.0	0.0	24.0	0.0	11.0	6.0	0.0
	3p	-	16	15529.0	9903.0	9535.0	14863.0	49830.0	150.0	159.0	146.0	154.0	37.0	41.0	36.0	39.0	40.0	36.0	31.0	64.00.0	0.0	0.0	0.0	20.0	0.0	10.0	10.0	0.0
	3p	-	17	15460.0	9906.0	9726.0	14732.0	49824.0	160.0	174.0	162.0	138.0	44.0	41.0	36.0	46.0	53.0	36.0	30.0	72.00.0	0.0	0.0	0.0	30.0	0.0	10.0	5.0	0.0
	3p	-	18	15337.0	9737.0	9726.0	15030.0	49830.0	170.0	172.0	158.0	165.0	56.0	42.0	40.0	30.0	45.0	43.0	34.0	84.00.0	0.0	0.0	0.0	19.0	0.0	8.0	13.0	0.0
	3p	-	19	15463.0	9718.0	9620.0	15034.0	49835.0	160.0	182.0	143.0	155.0	44.0	35.0	41.0	35.0	49.0	30.0	46.0	59.00.0	0.0	0.0	0.0	17.0	0.0	7.0	6.0	0.0
	3p	-	20	15388.0	9851.0	9705.0	14889.0	49833.0	162.0	186.0	158.0	129.0	36.0	41.0	40.0	50.0	51.0	30.0	44.0	70.00.0	0.0	0.0	0.0	22.0	0.0	9.0	5.0	0.0
	3p	-	21	15380.0	9890.0	9442.0	15127.0	49839.0	145.0	165.0	156.0	164.0	47.0	37.0	25.0	41.0	39.0	34.0	40.0	70.00.0	0.0	0.0	0.0	22.0	0.0	6.0	7.0	0.0
	3p	-	22	15361.0	9704.0	9624.0	15130.0	49819.0	153.0	162.0	144.0	142.0	51.0	24.0	35.0	48.0	39.0	42.0	32.0	56.00.0	0.0	0.0	0.0	20.0	0.0	13.0	8.0	0.0
	3p	-	23	15456.0	9827.0	9778.0	14758.0	49819.0	182.0	151.0	151.0	142.0	45.0	32.0	31.0	38.0	41.0	36.0	34.0	77.00.0	0.0	0.0	0.0	20.0	0.0	10.0	21.0	0.0
	3p	-	24	15594.0	9737.0	9615.0	14885.0	49831.0	145.0	153.0	143.0	155.0	51.0	37.0	43.0	51.0	49.0	27.0	35.0	63.00.0	0.0	0.0	0.0	21.0	0.0	10.0	11.0	0.0
	3p	-	25	15501.0	9762.0	9830.0	14730.0	49823.0	174.0	150.0	157.0	144.0	56.0	46.0	33.0	42.0	36.0	40.0	41.0	65.00.0	0.0	0.0	0.0	17.0	0.0	17.0	17.0	0.0
	3p	-	26	15410.0	9874.0	9649.0	14893.0	49826.0	142.0	182.0	147.0	151.0	41.0	48.0	33.0	48.0	44.0	36.0	32.0	80.00.0	0.0	0.0	0.0	25.0	0.0	13.0	10.0	0.0
	3p	-	27	15593.0	9782.0	9832.0	14625.0	49832.0	171.0	171.0	179.0	134.0	49.0	33.0	37.0	37.0	46.0	40.0	29.0	64.00.0	0.0	0.0	0.0	14.0	0.0	15.0	8.0	0.0
	3p	-	28	15438.0	9779.0	9779.0	14836.0	49832.0	164.0	180.0	150.0	144.0	46.0	37.0	34.0	42.0	41.0	42.0	32.0	74.00.0	0.0	0.0	0.0	19.0	0.0	6.0	9.0	0.0
	3p	-	29	15541.0	9811.0	9622.0	14868.0	49842.0	142.0	183.0	139.0	124.0	46.0	39.0	38.0	48.0	54.0	33.0	26.0	73.00.0	0.0	0.0	0.0	18.0	0.0	6.0	9.0	0.0
	3p	-	30	15530.0	9868.0	9633.0	14817.0	49848.0	159.0	182.0	155.0	139.0	52.0	52.0	26.0	41.0	44.0	31.0	39.0	73.00.0	0.0	0.0	0.0	16.0	0.0	8.0	8.0	0.0
	3p	-	31	15316.0	9561.0	9446.0	14439.0	48762.0	156.0	159.0	153.0	155.0	52.0	29.0	18.0	46.0	49.0	24.0	28.0	81.00.0	0.0	0.0	0.0	23.0	0.0	9.0	9.0	0.0
	3p	-	32	14771.0	9600.0	9204.0	14185.0	47760.0	143.0	181.0	140.0	124.0	31.0	30.0	41.0	37.0	36.0	27.0	36.0	64.00.0	0.0	0.0	0.0	12.0	0.0	13.0	9.0	0.0
	3p	-	33	14540.0	9242.0	9154.0	13804.0	46740.0	162.0	172.0	132.0	143.0	42.0	47.0	33.0	44.0	47.0	36.0	30.0	57.00.0	0.0	0.0	0.0	11.0	0.0	3.0	8.0	0.0
	3p	-	34	14387.0	8862.0	8873.0	13576.0	45698.0	135.0	151.0	145.0	159.0	32.0	28.0	32.0	43.0	40.0	28.0	36.0	62.00.0	0.0	0.0	0.0	19.0	0.0	3.0	4.0	0.0
	3p	-	35	14064.0	8819.0	8560.0	13094.0	44537.0	127.0	184.0	151.0	120.0	40.0	41.0	24.0	43.0	53.0	36.0	33.0	50.00.0	0.0	0.0	0.0	18.0	0.0	10.0	6.0	0.0
	3p	-	36	13498.0	8553.0	8432.0	12941.0	43424.0	131.0	149.0	151.0	145.0	35.0	33.0	23.0	31.0	40.0	39.0	31.0	50.00.0	0.0	0.0	0.0	13.0	0.0	7.0	8.0	0.0
	3p	-	37	13267.0	8415.0	8020.0	12486.0	42188.0	137.0	155.0	131.0	136.0	33.0	31.0	32.0	33.0	40.0	33.0	32.0	71.00.0	0.0	0.0	0.0	18.0	0.0	7.0	7.0	0.0
	3p	-	38	12727.0	8039.0	7775.0	12353.0	40894.0	165.0	149.0	135.0	116.0	44.0	33.0	29.0	28.0	38.0	30.0	14.0	53.00.0	0.0	0.0	0.0	10.0	0.0	7.0	4.0	0.0
	3p	-	39	12183.0	7785.0	7637.0	12025.0	39630.0	117.0	157.0	128.0	116.0	30.0	36.0	25.0	33.0	36.0	23.0	30.0	70.00.0	0.0	0.0	0.0	8.0	0.0	3.0	6.0	0.0
	3p	-	40	11877.0	7475.0	7372.0	11558.0	38282.0	133.0	152.0	134.0	132.0	42.0	29.0	22.0	43.0	44.0	30.0	20.0	62.00.0	0.0	0.0	0.0	14.0	0.0	3.0	4.0	0.0
	3p	-	41	11425.0	7333.0	7109.0	11020.0	36887.0	123.0	147.0	120.0	108.0	31.0	28.0	27.0	36.0	44.0	27.0	32.0	47.00.0	0.0	0.0	0.0	10.0	0.0	2.0	5.0	0.0
	3p	-	42	11028.0	7027.0	6895.0	10591.0	35541.0	136.0	152.0	134.0	95.0	40.0	28.0	18.0	29.0	33.0	33.0	19.0	60.00.0	0.0	0.0	0.0	11.0	0.0	4.0	4.0	0.0
	3p	-	43	10588.0	6645.0	6605.0	10268.0	34106.0	120.0	147.0	103.0	121.0	26.0	18.0	17.0	29.0	21.0	26.0	21.0	44.00.0	0.0	0.0	0.0	8.0	0.0	3.0	7.0	0.0
	3p	-	44	10125.0	6242.0	6401.0	9958.0	32726.0	92.0	133.0	103.0	110.0	31.0	26.0	21.0	24.0	30.0	38.0	21.0	37.00.0	0.0	0.0	0.0	10.0	0.0	7.0	2.0	0.0
	3p	-	45	9808.0	6199.0	6029.0	9368.0	31404.0	116.0	131.0	92.0	98.0	29.0	31.0	25.0	24.0	25.0	19.0	20.0	47.00.0	0.0	0.0	0.0	6.0	0.0	6.0	3.0	0.0
	3p	-	46	9369.0	5855.0	5832.0	9035.0	30091.0	96.0	111.0	93.0	93.0	31.0	22.0	17.0	31.0	29.0	16.0	21.0	52.00.0	0.0	0.0	0.0	4.0	0.0	6.0	5.0	0.0
	3p	-	47	8770.0	5804.0	5573.0	8706.0	28853.0	105.0	125.0	90.0	72.0	19.0	37.0	18.0	27.0	20.0	26.0	25.0	40.00.0	0.0	0.0	0.0	6.0	0.0	6.0	2.0	0.0
	3p	-	48	8504.0	5412.0	5368.0	8300.0	27584.0	92.0	109.0	91.0	91.0	31.0	25.0	19.0	26.0	23.0	12.0	28.0	43.00.0	0.0	0.0	0.0	6.0	0.0	3.0	5.0	0.0
	3p	-	49	8117.0	5178.0	5141.0	7864.0	26300.0	93.0	100.0	80.0	75.0	24.0	20.0	14.0	22.0	15.0	12.0	20.0	37.00.0	0.0	0.0	0.0	11.0	0.0	1.0	2.0	0.0
	3p	-	50	7764.0	4903.0	4853.0	7528.0	25048.0	88.0	112.0	81.0	80.0	24.0	19.0	16.0	15.0	22.0	12.0	24.0	33.00.0	0.0	0.0	0.0	5.0	0.0	3.0	2.0	0.0
	3p	-	51	7414.0	4640.0	4618.0	7177.0	23849.0	83.0	113.0	65.0	82.0	22.0	20.0	14.0	21.0	22.0	17.0	18.0	42.00.0	0.0	0.0	0.0	6.0	0.0	0.0	3.0	0.0
	3p	-	52	6960.0	4384.0	4364.0	6923.0	22631.0	69.0	92.0	76.0	82.0	36.0	17.0	8.0	19.0	16.0	24.0	25.0	29.00.0	0.0	0.0	0.0	4.0	0.0	3.0	3.0	0.0
	3p	-	53	6675.0	4185.0	4129.0	6482.0	21471.0	65.0	86.0	60.0	59.0	22.0	15.0	17.0	19.0	28.0	24.0	15.0	37.00.0	0.0	0.0	0.0	2.0	0.0	2.0	4.0	0.0
	3p	-	54	6331.0	4023.0	3908.0	6160.0	20422.0	67.0	88.0	73.0	61.0	18.0	23.0	18.0	15.0	21.0	25.0	17.0	21.00.0	0.0	0.0	0.0	7.0	0.0	2.0	2.0	0.0
	3p	-	55	5991.0	3808.0	3769.0	5794.0	19362.0	71.0	73.0	68.0	90.0	12.0	15.0	17.0	15.0	25.0	25.0	11.0	30.00.0	0.0	0.0	0.0	3.0	0.0	3.0	0.0	0.0
	3p	-	56	5726.0	3669.0	3554.0	5436.0	18385.0	66.0	81.0	54.0	60.0	20.0	14.0	18.0	18.0	14.0	20.0	14.0	32.00.0	0.0	0.0	0.0	1.0	0.0	2.0	2.0	0.0
	3p	-	57	5446.0	3453.0	3357.0	5198.0	17454.0	59.0	73.0	60.0	44.0	22.0	12.0	12.0	20.0	15.0	18.0	17.0	24.00.0	0.0	0.0	0.0	3.0	0.0	2.0	1.0	0.0
	3p	-	58	5118.0	3212.0	3204.0	4972.0	16506.0	60.0	59.0	57.0	46.0	13.0	11.0	10.0	9.0	13.0	18.0	11.0	23.00.0	0.0	0.0	0.0	1.0	0.0	0.0	1.0	0.0
	3p	-	59	4740.0	2979.0	3012.0	4842.0	15573.0	47.0	69.0	54.0	49.0	10.0	8.0	14.0	18.0	17.0	18.0	18.0	23.00.0	0.0	0.0	0.0	3.0	0.0	2.0	0.0	0.0
	3p	-	60	4457.0	3042.0	2854.0	4401.0	14754.0	49.0	58.0	45.0	52.0	14.0	7.0	10.0	20.0	14.0	18.0	9.0	25.00.0	0.0	0.0	0.0	2.0	0.0	1.0	1.0	0.0
	3p	-	61	4320.0	2728.0	2777.0	4101.0	13926.0	47.0	44.0	59.0	48.0	16.0	14.0	7.0	11.0	10.0	9.0	9.0	24.00.0	0.0	0.0	0.0	3.0	0.0	0.0	0.0	0.0
	3p	-	62	3920.0	2577.0	2612.0	3980.0	13089.0	49.0	50.0	42.0	44.0	10.0	9.0	9.0	11.0	12.0	15.0	11.0	17.00.0	0.0	0.0	0.0	2.0	0.0	1.0	0.0	0.0
	3p	-	63	3902.0	2465.0	2331.0	3621.0	12319.0	40.0	58.0	47.0	40.0	14.0	11.0	13.0	10.0	10.0	9.0	6.0	21.00.0	0.0	0.0	0.0	0.0	0.0	1.0	1.0	0.0
	3p	-	64	3529.0	2228.0	2242.0	3510.0	11509.0	44.0	51.0	39.0	44.0	13.0	13.0	7.0	14.0	11.0	10.0	10.0	22.00.0	0.0	0.0	0.0	2.0	0.0	0.0	0.0	0.0
	3p	-	65	3345.0	2139.0	2028.0	3268.0	10780.0	25.0	51.0	27.0	29.0	14.0	10.0	8.0	12.0	12.0	10.0	3.0	12.00.0	0.0	0.0	0.0	1.0	0.0	0.0	0.0	0.0
	3p	-	66	3115.0	1997.0	1924.0	3086.0	10122.0	33.0	28.0	33.0	29.0	10.0	9.0	9.0	10.0	9.0	6.0	4.0	18.00.0	0.0	0.0	0.0	1.0	0.0	0.0	0.0	0.0
	3p	-	67	2879.0	1916.0	1855.0	2846.0	9496.0	31.0	39.0	31.0	37.0	9.0	11.0	8.0	8.0	11.0	10.0	6.0	14.00.0	0.0	0.0	0.0	0.0	0.0	0.0	0.0	0.0
	3p	-	68	2687.0	1771.0	1679.0	2702.0	8839.0	36.0	40.0	31.0	21.0	10.0	9.0	2.0	12.0	10.0	7.0	2.0	11.00.0	0.0	0.0	0.0	2.0	0.0	0.0	1.0	0.0
	3p	-	69	2531.0	1576.0	1623.0	2479.0	8209.0	29.0	38.0	30.0	23.0	10.0	6.0	0.0	10.0	8.0	17.0	7.0	9.00.0	0.0	0.0	0.0	1.0	0.0	1.0	0.0	0.0
	3p	-	70	2345.0	1486.0	1501.0	2305.0	7637.0	25.0	34.0	29.0	28.0	11.0	9.0	3.0	6.0	4.0	6.0	7.0	10.00.0	0.0	0.0	0.0	0.0	0.0	0.0	1.0	0.0
	3p	-	71	2223.0	1393.0	1383.0	2095.0	7094.0	30.0	28.0	27.0	21.0	6.0	6.0	3.0	8.0	6.0	9.0	3.0	8.00.0	0.0	0.0	0.0	3.0	0.0	2.0	0.0	0.0
	3p	-	72	2024.0	1358.0	1250.0	1991.0	6623.0	20.0	35.0	27.0	16.0	4.0	5.0	8.0	9.0	4.0	7.0	2.0	8.00.0	0.0	0.0	0.0	1.0	0.0	0.0	0.0	0.0
	3p	-	73	1942.0	1209.0	1186.0	1788.0	6125.0	29.0	20.0	28.0	20.0	10.0	8.0	9.0	6.0	5.0	10.0	7.0	7.00.0	0.0	0.0	0.0	1.0	0.0	1.0	1.0	0.0
	3p	-	74	1766.0	1091.0	1091.0	1678.0	5626.0	13.0	20.0	15.0	22.0	5.0	4.0	2.0	4.0	9.0	6.0	1.0	11.00.0	0.0	0.0	0.0	0.0	0.0	1.0	0.0	0.0
	3p	-	75	1639.0	989.0	948.0	1555.0	5131.0	19.0	27.0	16.0	19.0	6.0	4.0	10.0	6.0	3.0	9.0	5.0	8.00.0	0.0	0.0	0.0	1.0	0.0	0.0	0.0	0.0
	3p	-	76	1459.0	925.0	895.0	1423.0	4702.0	11.0	18.0	17.0	13.0	6.0	6.0	1.0	7.0	4.0	7.0	5.0	4.00.0	0.0	0.0	0.0	0.0	0.0	0.0	0.0	0.0
	3p	-	77	1333.0	773.0	855.0	1280.0	4241.0	10.0	24.0	11.0	8.0	4.0	3.0	2.0	2.0	2.0	3.0	3.0	3.00.0	0.0	0.0	0.0	0.0	0.0	0.0	0.0	0.0
	3p	-	78	1178.0	756.0	760.0	1147.0	3841.0	11.0	18.0	13.0	10.0	5.0	7.0	1.0	2.0	2.0	4.0	3.0	6.00.0	0.0	0.0	0.0	0.0	0.0	0.0	0.0	0.0
	3p	-	79	1082.0	696.0	636.0	1049.0	3463.0	16.0	23.0	14.0	13.0	4.0	2.0	2.0	4.0	5.0	1.0	5.0	9.00.0	0.0	0.0	0.0	0.0	0.0	0.0	0.0	0.0
	3p	-	80	880.0	665.0	637.0	952.0	3134.0	10.0	15.0	11.0	9.0	3.0	0.0	3.0	4.0	1.0	2.0	4.0	5.00.0	0.0	0.0	0.0	0.0	0.0	0.0	0.0	0.0
	3p	-	81	850.0	579.0	528.0	831.0	2788.0	18.0	14.0	5.0	7.0	3.0	1.0	2.0	2.0	1.0	4.0	2.0	4.00.0	0.0	0.0	0.0	0.0	0.0	0.0	0.0	0.0
	3p	-	82	792.0	509.0	461.0	719.0	2481.0	1.0	14.0	8.0	12.0	0.0	0.0	0.0	2.0	4.0	1.0	2.0	5.00.0	0.0	0.0	0.0	0.0	0.0	0.0	0.0	0.0
	3p	-	83	653.0	447.0	429.0	663.0	2192.0	8.0	9.0	6.0	10.0	2.0	1.0	2.0	3.0	1.0	1.0	4.0	1.00.0	0.0	0.0	0.0	0.0	0.0	0.0	0.0	0.0
	3p	-	84	575.0	410.0	373.0	543.0	1901.0	8.0	9.0	6.0	8.0	2.0	2.0	1.0	3.0	3.0	6.0	3.0	1.00.0	0.0	0.0	0.0	0.0	0.0	0.0	1.0	0.0
	3p	-	85	514.0	310.0	318.0	472.0	1614.0	6.0	9.0	7.0	5.0	0.0	3.0	3.0	1.0	0.0	2.0	2.0	2.00.0	0.0	0.0	0.0	0.0	0.0	0.0	1.0	0.0
	3p	-	86	435.0	278.0	234.0	409.0	1356.0	4.0	11.0	4.0	2.0	1.0	2.0	1.0	2.0	0.0	2.0	0.0	4.00.0	0.0	0.0	0.0	0.0	0.0	0.0	0.0	0.0
	3p	-	87	324.0	208.0	226.0	356.0	1114.0	3.0	5.0	5.0	9.0	4.0	1.0	0.0	0.0	1.0	2.0	2.0	2.00.0	0.0	0.0	0.0	0.0	0.0	0.0	0.0	0.0
	3p	-	88	279.0	159.0	165.0	280.0	883.0	4.0	6.0	1.0	4.0	2.0	2.0	3.0	1.0	1.0	1.0	0.0	0.00.0	0.0	0.0	0.0	0.0	0.0	0.0	0.0	0.0
	3p	-	89	183.0	135.0	111.0	215.0	644.0	2.0	5.0	2.0	2.0	0.0	1.0	0.0	1.0	0.0	2.0	0.0	1.00.0	0.0	0.0	0.0	0.0	0.0	0.0	0.0	0.0
	3p	-	90	127.0	88.0	84.0	120.0	419.0	1.0	5.0	1.0	0.0	0.0	0.0	0.0	0.0	0.0	0.0	0.0	1.00.0	0.0	0.0	0.0	0.0	0.0	0.0	0.0	0.0
	3p	-	91	68.0	50.0	28.0	61.0	207.0	1.0	5.0	2.0	1.0	0.0	1.0	0.0	0.0	1.0	0.0	0.0	1.00.0	0.0	0.0	0.0	0.0	0.0	0.0	0.0	0.0
	3p	-	92	0.0	0.0	0.0	0.0	0.0	0.0	0.0	0.0	0.0	0.0	0.0	0.0	0.0	0.0	0.0	0.0	0.00.0	0.0	0.0	0.0	0.0	0.0	0.0	0.0	0.0
	3p	-	93	0.0	0.0	0.0	0.0	0.0	0.0	0.0	0.0	0.0	0.0	0.0	0.0	0.0	0.0	0.0	0.0	0.00.0	0.0	0.0	0.0	0.0	0.0	0.0	0.0	0.0
	3p	-	94	0.0	0.0	0.0	0.0	0.0	0.0	0.0	0.0	0.0	0.0	0.0	0.0	0.0	0.0	0.0	0.0	0.00.0	0.0	0.0	0.0	0.0	0.0	0.0	0.0	0.0
	3p	-	95	0.0	0.0	0.0	0.0	0.0	0.0	0.0	0.0	0.0	0.0	0.0	0.0	0.0	0.0	0.0	0.0	0.00.0	0.0	0.0	0.0	0.0	0.0	0.0	0.0	0.0
	3p	-	96	0.0	0.0	0.0	0.0	0.0	0.0	0.0	0.0	0.0	0.0	0.0	0.0	0.0	0.0	0.0	0.0	0.00.0	0.0	0.0	0.0	0.0	0.0	0.0	0.0	0.0
	3p	-	97	0.0	0.0	0.0	0.0	0.0	0.0	0.0	0.0	0.0	0.0	0.0	0.0	0.0	0.0	0.0	0.0	0.00.0	0.0	0.0	0.0	0.0	0.0	0.0	0.0	0.0
	3p	-	98	0.0	0.0	0.0	0.0	0.0	0.0	0.0	0.0	0.0	0.0	0.0	0.0	0.0	0.0	0.0	0.0	0.00.0	0.0	0.0	0.0	0.0	0.0	0.0	0.0	0.0
	3p	-	99	0.0	0.0	0.0	0.0	0.0	0.0	0.0	0.0	0.0	0.0	0.0	0.0	0.0	0.0	0.0	0.0	0.00.0	0.0	0.0	0.0	0.0	0.0	0.0	0.0	0.0
	3p	-	100	0.0	0.0	0.0	0.0	0.0	0.0	0.0	0.0	0.0	0.0	0.0	0.0	0.0	0.0	0.0	0.0	0.00.0	0.0	0.0	0.0	0.0	0.0	0.0	0.0	0.0
	5p	+	1	17228.0	10491.0	8273.0	14358.0	50350.0	205.0	455.0	176.0	168.0	72.0	71.0	37.0	83.0	62.0	92.0	44.0	94.00.0	0.0	0.0	0.0	0.0	0.0	0.0	0.0	0.0
	5p	+	2	15516.0	9323.0	10520.0	14992.0	50351.0	197.0	233.0	170.0	145.0	65.0	72.0	47.0	74.0	55.0	60.0	44.0	101.00.0	0.0	0.0	0.0	0.0	0.0	0.0	0.0	0.0
	5p	+	3	15791.0	10062.0	10090.0	14401.0	50344.0	190.0	198.0	162.0	155.0	58.0	46.0	42.0	71.0	66.0	62.0	33.0	85.00.0	0.0	0.0	0.0	2.0	0.0	0.0	1.0	0.0
	5p	+	4	15676.0	10170.0	10422.0	14063.0	50331.0	187.0	188.0	170.0	161.0	41.0	35.0	36.0	47.0	59.0	57.0	33.0	66.00.0	0.0	0.0	0.0	9.0	0.0	2.0	5.0	0.0
	5p	+	5	15332.0	10215.0	10167.0	14604.0	50318.0	171.0	193.0	156.0	168.0	64.0	37.0	32.0	50.0	51.0	45.0	42.0	68.00.0	0.0	0.0	0.0	10.0	0.0	4.0	13.0	0.0
	5p	+	6	15217.0	10150.0	10263.0	14676.0	50306.0	141.0	162.0	180.0	158.0	55.0	32.0	42.0	41.0	56.0	43.0	32.0	83.00.0	0.0	0.0	0.0	18.0	0.0	9.0	12.0	0.0
	5p	+	7	15645.0	9676.0	10275.0	14709.0	50305.0	197.0	174.0	146.0	159.0	44.0	38.0	28.0	51.0	53.0	43.0	39.0	67.00.0	0.0	0.0	0.0	21.0	0.0	8.0	6.0	0.0
	5p	+	8	16010.0	9612.0	9853.0	14815.0	50290.0	192.0	173.0	145.0	159.0	39.0	32.0	39.0	40.0	55.0	38.0	37.0	88.00.0	0.0	0.0	0.0	25.0	0.0	9.0	20.0	0.0
	5p	+	9	15912.0	9659.0	9923.0	14814.0	50308.0	160.0	183.0	161.0	146.0	55.0	32.0	36.0	51.0	39.0	34.0	34.0	59.00.0	0.0	0.0	0.0	23.0	0.0	7.0	6.0	0.0
	5p	+	10	15815.0	9644.0	9880.0	14968.0	50307.0	175.0	172.0	175.0	151.0	40.0	24.0	29.0	48.0	33.0	34.0	30.0	79.00.0	0.0	0.0	0.0	23.0	0.0	6.0	12.0	0.0
	5p	+	11	15605.0	9872.0	9904.0	14920.0	50301.0	149.0	168.0	175.0	145.0	40.0	40.0	31.0	31.0	45.0	44.0	41.0	76.00.0	0.0	0.0	0.0	22.0	0.0	15.0	5.0	0.0
	5p	+	12	15783.0	9867.0	9916.0	14734.0	50300.0	144.0	179.0	160.0	137.0	37.0	41.0	35.0	44.0	47.0	42.0	37.0	90.00.0	0.0	0.0	0.0	22.0	0.0	9.0	10.0	0.0
	5p	+	13	15856.0	9860.0	9841.0	14742.0	50299.0	170.0	167.0	154.0	144.0	49.0	32.0	33.0	39.0	48.0	28.0	37.0	72.00.0	0.0	0.0	0.0	25.0	0.0	7.0	9.0	0.0
	5p	+	14	15545.0	9934.0	9969.0	14850.0	50298.0	180.0	177.0	153.0	172.0	31.0	31.0	36.0	50.0	52.0	31.0	28.0	75.00.0	0.0	0.0	0.0	10.0	0.0	11.0	12.0	0.0
	5p	+	15	15749.0	10129.0	9615.0	14776.0	50269.0	160.0	186.0	156.0	144.0	52.0	34.0	29.0	48.0	31.0	44.0	30.0	72.00.0	0.0	0.0	0.0	34.0	0.0	13.0	9.0	0.0
	5p	+	16	15941.0	9753.0	9734.0	14869.0	50297.0	165.0	136.0	167.0	156.0	54.0	36.0	25.0	38.0	40.0	27.0	43.0	77.00.0	0.0	0.0	0.0	20.0	0.0	10.0	12.0	0.0
	5p	+	17	15782.0	9890.0	9898.0	14730.0	50300.0	155.0	179.0	153.0	185.0	36.0	31.0	28.0	58.0	46.0	49.0	29.0	69.00.0	0.0	0.0	0.0	22.0	0.0	10.0	11.0	0.0
	5p	+	18	15859.0	10025.0	9679.0	14751.0	50314.0	154.0	188.0	127.0	139.0	36.0	38.0	41.0	34.0	34.0	36.0	28.0	62.00.0	0.0	0.0	0.0	14.0	0.0	5.0	7.0	0.0
	5p	+	19	15704.0	10023.0	9697.0	14872.0	50296.0	155.0	198.0	158.0	158.0	40.0	46.0	28.0	54.0	48.0	40.0	29.0	66.00.0	0.0	0.0	0.0	15.0	0.0	16.0	15.0	0.0
	5p	+	20	15737.0	9928.0	9662.0	14964.0	50291.0	174.0	170.0	188.0	161.0	37.0	30.0	31.0	42.0	35.0	41.0	36.0	81.00.0	0.0	0.0	0.0	26.0	0.0	9.0	8.0	0.0
	5p	+	21	15572.0	9895.0	9881.0	14946.0	50294.0	186.0	160.0	161.0	160.0	44.0	44.0	32.0	39.0	47.0	37.0	46.0	77.00.0	0.0	0.0	0.0	25.0	0.0	12.0	11.0	0.0
	5p	+	22	15611.0	9851.0	9705.0	15122.0	50289.0	152.0	162.0	175.0	153.0	39.0	33.0	28.0	43.0	44.0	36.0	36.0	90.00.0	0.0	0.0	0.0	21.0	0.0	11.0	9.0	0.0
	5p	+	23	15517.0	9835.0	9854.0	15101.0	50307.0	168.0	168.0	135.0	169.0	59.0	40.0	28.0	36.0	35.0	37.0	30.0	89.00.0	0.0	0.0	0.0	18.0	0.0	13.0	4.0	0.0
	5p	+	24	15426.0	10035.0	9817.0	15009.0	50287.0	172.0	186.0	141.0	156.0	37.0	30.0	38.0	56.0	37.0	40.0	33.0	73.00.0	0.0	0.0	0.0	25.0	0.0	8.0	8.0	0.0
	5p	+	25	15960.0	9863.0	9617.0	14860.0	50300.0	169.0	160.0	156.0	148.0	47.0	41.0	39.0	40.0	32.0	39.0	37.0	81.00.0	0.0	0.0	0.0	17.0	0.0	14.0	10.0	0.0
	5p	+	26	15972.0	9894.0	9674.0	14772.0	50312.0	174.0	160.0	165.0	154.0	43.0	35.0	45.0	48.0	52.0	49.0	30.0	65.00.0	0.0	0.0	0.0	14.0	0.0	10.0	10.0	0.0
	5p	+	27	16053.0	9828.0	9648.0	14778.0	50307.0	157.0	173.0	164.0	144.0	44.0	45.0	28.0	37.0	58.0	28.0	39.0	62.00.0	0.0	0.0	0.0	15.0	0.0	12.0	5.0	0.0
	5p	+	28	15973.0	9935.0	9682.0	14722.0	50312.0	152.0	157.0	138.0	138.0	40.0	29.0	34.0	44.0	41.0	38.0	22.0	81.00.0	0.0	0.0	0.0	19.0	0.0	5.0	4.0	0.0
	5p	+	29	16140.0	9718.0	9665.0	14798.0	50321.0	191.0	174.0	137.0	152.0	48.0	47.0	37.0	54.0	39.0	39.0	38.0	74.00.0	0.0	0.0	0.0	15.0	0.0	6.0	7.0	0.0
	5p	+	30	16005.0	9764.0	9507.0	15044.0	50320.0	161.0	196.0	151.0	160.0	49.0	36.0	27.0	37.0	42.0	29.0	30.0	64.00.0	0.0	0.0	0.0	17.0	0.0	4.0	2.0	0.0
	5p	+	31	15713.0	9722.0	9252.0	14575.0	49262.0	155.0	195.0	143.0	139.0	38.0	37.0	32.0	52.0	36.0	38.0	35.0	94.00.0	0.0	0.0	0.0	18.0	0.0	12.0	9.0	0.0
	5p	+	32	15524.0	9373.0	9012.0	14369.0	48278.0	153.0	170.0	143.0	144.0	42.0	27.0	33.0	49.0	32.0	33.0	27.0	70.00.0	0.0	0.0	0.0	7.0	0.0	8.0	6.0	0.0
	5p	+	33	15100.0	9249.0	8923.0	13912.0	47184.0	164.0	223.0	140.0	136.0	42.0	26.0	35.0	57.0	42.0	36.0	36.0	64.00.0	0.0	0.0	0.0	18.0	0.0	9.0	2.0	0.0
	5p	+	34	14782.0	9224.0	8712.0	13390.0	46108.0	168.0	207.0	154.0	133.0	46.0	33.0	33.0	57.0	38.0	32.0	24.0	76.00.0	0.0	0.0	0.0	20.0	0.0	3.0	6.0	0.0
	5p	+	35	14574.0	8693.0	8480.0	13221.0	44968.0	143.0	164.0	128.0	136.0	42.0	39.0	30.0	47.0	35.0	26.0	45.0	68.00.0	0.0	0.0	0.0	16.0	0.0	7.0	3.0	0.0
	5p	+	36	14048.0	8549.0	8286.0	12872.0	43755.0	147.0	189.0	125.0	120.0	51.0	42.0	28.0	44.0	31.0	43.0	33.0	60.00.0	0.0	0.0	0.0	10.0	0.0	3.0	3.0	0.0
	5p	+	37	13838.0	8265.0	7943.0	12523.0	42569.0	136.0	201.0	134.0	133.0	33.0	42.0	31.0	47.0	27.0	34.0	33.0	59.00.0	0.0	0.0	0.0	11.0	0.0	4.0	2.0	0.0
	5p	+	38	13580.0	7878.0	7583.0	12242.0	41283.0	137.0	204.0	135.0	130.0	42.0	30.0	28.0	41.0	32.0	40.0	28.0	76.00.0	0.0	0.0	0.0	17.0	0.0	5.0	5.0	0.0
	5p	+	39	12855.0	7697.0	7566.0	11861.0	39979.0	167.0	171.0	118.0	118.0	51.0	21.0	24.0	35.0	37.0	37.0	33.0	48.00.0	0.0	0.0	0.0	14.0	0.0	4.0	6.0	0.0
	5p	+	40	12447.0	7577.0	7154.0	11431.0	38609.0	151.0	182.0	108.0	114.0	35.0	41.0	27.0	37.0	34.0	28.0	19.0	63.00.0	0.0	0.0	0.0	16.0	0.0	5.0	3.0	0.0
	5p	+	41	11988.0	7230.0	6876.0	11135.0	37229.0	142.0	153.0	116.0	126.0	21.0	26.0	22.0	44.0	28.0	30.0	21.0	58.00.0	0.0	0.0	0.0	11.0	0.0	5.0	4.0	0.0
	5p	+	42	11608.0	7004.0	6647.0	10540.0	35799.0	135.0	151.0	116.0	102.0	30.0	40.0	29.0	33.0	26.0	26.0	25.0	56.00.0	0.0	0.0	0.0	7.0	0.0	7.0	4.0	0.0
	5p	+	43	11198.0	6740.0	6319.0	10172.0	34429.0	117.0	152.0	106.0	112.0	33.0	22.0	15.0	31.0	29.0	27.0	27.0	41.00.0	0.0	0.0	0.0	9.0	0.0	4.0	3.0	0.0
	5p	+	44	10704.0	6495.0	6043.0	9830.0	33072.0	107.0	150.0	82.0	85.0	35.0	21.0	19.0	21.0	28.0	24.0	13.0	52.00.0	0.0	0.0	0.0	10.0	0.0	4.0	6.0	0.0
	5p	+	45	10237.0	6169.0	5848.0	9447.0	31701.0	110.0	145.0	79.0	85.0	22.0	25.0	17.0	35.0	28.0	24.0	27.0	54.00.0	0.0	0.0	0.0	6.0	0.0	5.0	5.0	0.0
	5p	+	46	9789.0	5947.0	5454.0	9179.0	30369.0	125.0	137.0	87.0	85.0	26.0	29.0	19.0	30.0	25.0	29.0	18.0	40.00.0	0.0	0.0	0.0	6.0	0.0	4.0	5.0	0.0
	5p	+	47	9421.0	5707.0	5274.0	8685.0	29087.0	87.0	120.0	87.0	81.0	22.0	24.0	26.0	13.0	20.0	22.0	18.0	51.00.0	0.0	0.0	0.0	16.0	0.0	1.0	5.0	0.0
	5p	+	48	9092.0	5377.0	5039.0	8285.0	27793.0	93.0	130.0	95.0	82.0	30.0	22.0	12.0	33.0	32.0	21.0	15.0	42.00.0	0.0	0.0	0.0	7.0	0.0	2.0	4.0	0.0
	5p	+	49	8715.0	5139.0	4757.0	7951.0	26562.0	86.0	129.0	82.0	79.0	19.0	15.0	15.0	24.0	29.0	23.0	19.0	33.00.0	0.0	0.0	0.0	10.0	0.0	3.0	3.0	0.0
	5p	+	50	8204.0	5000.0	4573.0	7526.0	25303.0	86.0	119.0	63.0	81.0	16.0	30.0	24.0	23.0	19.0	25.0	12.0	46.00.0	0.0	0.0	0.0	6.0	0.0	5.0	2.0	0.0
	5p	+	51	7868.0	4573.0	4438.0	7132.0	24011.0	75.0	125.0	98.0	62.0	28.0	15.0	15.0	26.0	27.0	22.0	13.0	40.00.0	0.0	0.0	0.0	4.0	0.0	0.0	2.0	0.0
	5p	+	52	7250.0	4535.0	4230.0	6793.0	22808.0	83.0	114.0	66.0	78.0	25.0	25.0	20.0	20.0	27.0	23.0	20.0	31.00.0	0.0	0.0	0.0	3.0	0.0	4.0	1.0	0.0
	5p	+	53	6941.0	4168.0	3948.0	6584.0	21641.0	67.0	78.0	66.0	66.0	32.0	29.0	11.0	26.0	23.0	15.0	23.0	42.00.0	0.0	0.0	0.0	0.0	0.0	5.0	1.0	0.0
	5p	+	54	6579.0	3941.0	3823.0	6208.0	20551.0	66.0	98.0	66.0	59.0	21.0	26.0	16.0	17.0	25.0	14.0	11.0	29.00.0	0.0	0.0	0.0	3.0	0.0	1.0	1.0	0.0
	5p	+	55	6322.0	3778.0	3591.0	5763.0	19454.0	72.0	89.0	55.0	63.0	21.0	32.0	14.0	25.0	15.0	13.0	12.0	33.00.0	0.0	0.0	0.0	3.0	0.0	0.0	4.0	0.0
	5p	+	56	5898.0	3577.0	3380.0	5541.0	18396.0	59.0	100.0	47.0	58.0	22.0	17.0	15.0	31.0	18.0	15.0	6.0	29.00.0	0.0	0.0	0.0	1.0	0.0	0.0	0.0	0.0
	5p	+	57	5592.0	3418.0	3208.0	5120.0	17338.0	58.0	88.0	53.0	58.0	15.0	21.0	11.0	24.0	15.0	12.0	13.0	34.00.0	0.0	0.0	0.0	3.0	0.0	2.0	2.0	0.0
	5p	+	58	5270.0	3148.0	2982.0	5013.0	16413.0	61.0	92.0	56.0	43.0	20.0	23.0	10.0	25.0	18.0	16.0	13.0	29.00.0	0.0	0.0	0.0	3.0	0.0	2.0	1.0	0.0
	5p	+	59	4927.0	3022.0	2865.0	4641.0	15455.0	47.0	72.0	59.0	71.0	14.0	15.0	6.0	16.0	15.0	20.0	10.0	27.00.0	0.0	0.0	0.0	6.0	0.0	1.0	2.0	0.0
	5p	+	60	4670.0	2859.0	2646.0	4417.0	14592.0	59.0	77.0	35.0	57.0	13.0	22.0	5.0	24.0	15.0	11.0	17.0	22.00.0	0.0	0.0	0.0	4.0	0.0	0.0	2.0	0.0
	5p	+	61	4416.0	2702.0	2436.0	4173.0	13727.0	45.0	80.0	29.0	39.0	22.0	20.0	11.0	22.0	7.0	11.0	9.0	27.00.0	0.0	0.0	0.0	3.0	0.0	0.0	2.0	0.0
	5p	+	62	4204.0	2504.0	2348.0	3828.0	12884.0	44.0	71.0	43.0	47.0	20.0	11.0	10.0	19.0	7.0	13.0	11.0	15.00.0	0.0	0.0	0.0	2.0	0.0	2.0	3.0	0.0
	5p	+	63	3880.0	2374.0	2209.0	3631.0	12094.0	39.0	53.0	28.0	24.0	14.0	13.0	10.0	14.0	11.0	11.0	8.0	25.00.0	0.0	0.0	0.0	4.0	0.0	1.0	0.0	0.0
	5p	+	64	3632.0	2257.0	2099.0	3398.0	11386.0	40.0	53.0	29.0	28.0	17.0	16.0	5.0	11.0	18.0	16.0	11.0	13.00.0	0.0	0.0	0.0	2.0	0.0	1.0	0.0	0.0
	5p	+	65	3492.0	2101.0	1980.0	3099.0	10672.0	27.0	53.0	28.0	24.0	20.0	15.0	10.0	12.0	18.0	7.0	12.0	18.00.0	0.0	0.0	0.0	2.0	0.0	0.0	1.0	0.0
	5p	+	66	3177.0	1965.0	1800.0	3038.0	9980.0	42.0	49.0	36.0	29.0	14.0	11.0	1.0	8.0	11.0	8.0	15.0	15.00.0	0.0	0.0	0.0	1.0	0.0	2.0	1.0	0.0
	5p	+	67	2976.0	1793.0	1683.0	2867.0	9319.0	24.0	62.0	40.0	31.0	7.0	15.0	2.0	8.0	9.0	13.0	2.0	21.00.0	0.0	0.0	0.0	2.0	0.0	0.0	0.0	0.0
	5p	+	68	2762.0	1666.0	1643.0	2630.0	8701.0	38.0	40.0	34.0	29.0	8.0	14.0	8.0	8.0	13.0	12.0	4.0	12.00.0	0.0	0.0	0.0	1.0	0.0	0.0	2.0	0.0
	5p	+	69	2630.0	1573.0	1565.0	2368.0	8136.0	27.0	32.0	24.0	20.0	12.0	16.0	6.0	7.0	4.0	11.0	6.0	21.00.0	0.0	0.0	0.0	2.0	0.0	0.0	0.0	0.0
	5p	+	70	2393.0	1463.0	1418.0	2297.0	7571.0	27.0	41.0	27.0	16.0	10.0	8.0	10.0	11.0	9.0	3.0	6.0	10.00.0	0.0	0.0	0.0	0.0	0.0	0.0	1.0	0.0
	5p	+	71	2235.0	1336.0	1325.0	2120.0	7016.0	26.0	50.0	17.0	23.0	6.0	5.0	5.0	3.0	4.0	13.0	4.0	15.00.0	0.0	0.0	0.0	0.0	0.0	0.0	0.0	0.0
	5p	+	72	2081.0	1229.0	1172.0	1972.0	6454.0	23.0	40.0	21.0	22.0	14.0	9.0	5.0	4.0	10.0	8.0	3.0	8.00.0	0.0	0.0	0.0	1.0	0.0	0.0	0.0	0.0
	5p	+	73	1878.0	1165.0	1085.0	1808.0	5936.0	27.0	27.0	15.0	18.0	9.0	5.0	6.0	4.0	7.0	7.0	6.0	9.00.0	0.0	0.0	0.0	2.0	0.0	2.0	0.0	0.0
	5p	+	74	1827.0	1062.0	966.0	1636.0	5491.0	18.0	22.0	15.0	14.0	2.0	4.0	5.0	5.0	3.0	2.0	3.0	8.00.0	0.0	0.0	0.0	1.0	0.0	0.0	0.0	0.0
	5p	+	75	1628.0	1009.0	883.0	1541.0	5061.0	21.0	26.0	14.0	19.0	2.0	4.0	3.0	6.0	3.0	7.0	5.0	9.00.0	0.0	0.0	0.0	1.0	0.0	0.0	0.0	0.0
	5p	+	76	1493.0	904.0	816.0	1418.0	4631.0	11.0	20.0	17.0	9.0	3.0	9.0	2.0	2.0	7.0	7.0	2.0	3.00.0	0.0	0.0	0.0	0.0	0.0	1.0	0.0	0.0
	5p	+	77	1361.0	816.0	750.0	1284.0	4211.0	10.0	28.0	14.0	7.0	2.0	4.0	2.0	2.0	4.0	2.0	2.0	7.00.0	0.0	0.0	0.0	0.0	0.0	0.0	0.0	0.0
	5p	+	78	1245.0	807.0	656.0	1125.0	3833.0	17.0	24.0	15.0	6.0	6.0	4.0	3.0	4.0	3.0	4.0	0.0	7.00.0	0.0	0.0	0.0	0.0	0.0	0.0	0.0	0.0
	5p	+	79	1155.0	676.0	590.0	1047.0	3468.0	21.0	27.0	8.0	15.0	6.0	3.0	3.0	1.0	3.0	4.0	2.0	4.00.0	0.0	0.0	0.0	0.0	0.0	0.0	0.0	0.0
	5p	+	80	1012.0	597.0	542.0	952.0	3103.0	13.0	17.0	5.0	9.0	5.0	2.0	1.0	4.0	4.0	6.0	3.0	7.00.0	0.0	0.0	0.0	0.0	0.0	0.0	0.0	0.0
	5p	+	81	893.0	529.0	484.0	871.0	2777.0	12.0	19.0	2.0	9.0	6.0	6.0	1.0	5.0	4.0	5.0	2.0	3.00.0	0.0	0.0	0.0	0.0	0.0	0.0	0.0	0.0
	5p	+	82	819.0	457.0	421.0	776.0	2473.0	10.0	16.0	5.0	12.0	5.0	5.0	3.0	2.0	3.0	2.0	3.0	1.00.0	0.0	0.0	0.0	0.0	0.0	0.0	0.0	0.0
	5p	+	83	701.0	398.0	411.0	684.0	2194.0	12.0	10.0	5.0	3.0	3.0	5.0	1.0	1.0	2.0	1.0	2.0	4.00.0	0.0	0.0	0.0	0.0	0.0	0.0	0.0	0.0
	5p	+	84	643.0	357.0	307.0	599.0	1906.0	1.0	16.0	6.0	5.0	2.0	1.0	1.0	1.0	1.0	5.0	2.0	6.00.0	0.0	0.0	0.0	0.0	0.0	0.0	0.0	0.0
	5p	+	85	514.0	305.0	312.0	496.0	1627.0	8.0	20.0	9.0	7.0	1.0	2.0	2.0	1.0	0.0	4.0	0.0	0.00.0	0.0	0.0	0.0	0.0	0.0	1.0	0.0	0.0
	5p	+	86	423.0	242.0	222.0	428.0	1315.0	5.0	7.0	3.0	6.0	0.0	2.0	0.0	2.0	1.0	1.0	1.0	1.00.0	0.0	0.0	0.0	0.0	0.0	0.0	0.0	0.0
	5p	+	87	341.0	199.0	183.0	334.0	1057.0	10.0	8.0	5.0	3.0	0.0	1.0	2.0	2.0	1.0	3.0	0.0	2.00.0	0.0	0.0	0.0	0.0	0.0	0.0	0.0	0.0
	5p	+	88	267.0	156.0	137.0	258.0	818.0	1.0	11.0	3.0	3.0	1.0	1.0	2.0	0.0	2.0	1.0	0.0	0.00.0	0.0	0.0	0.0	0.0	0.0	0.0	0.0	0.0
	5p	+	89	208.0	108.0	83.0	183.0	582.0	0.0	5.0	1.0	2.0	0.0	1.0	0.0	2.0	0.0	0.0	2.0	0.00.0	0.0	0.0	0.0	0.0	0.0	0.0	0.0	0.0
	5p	+	90	134.0	79.0	58.0	107.0	378.0	2.0	8.0	1.0	0.0	0.0	1.0	1.0	1.0	0.0	0.0	2.0	1.00.0	0.0	0.0	0.0	0.0	0.0	0.0	0.0	0.0
	5p	+	91	71.0	33.0	32.0	58.0	194.0	2.0	5.0	0.0	0.0	1.0	0.0	1.0	1.0	0.0	0.0	0.0	1.00.0	0.0	0.0	0.0	0.0	0.0	0.0	0.0	0.0
	5p	+	92	0.0	0.0	0.0	0.0	0.0	0.0	0.0	0.0	0.0	0.0	0.0	0.0	0.0	0.0	0.0	0.0	0.00.0	0.0	0.0	0.0	0.0	0.0	0.0	0.0	0.0
	5p	+	93	0.0	0.0	0.0	0.0	0.0	0.0	0.0	0.0	0.0	0.0	0.0	0.0	0.0	0.0	0.0	0.0	0.00.0	0.0	0.0	0.0	0.0	0.0	0.0	0.0	0.0
	5p	+	94	0.0	0.0	0.0	0.0	0.0	0.0	0.0	0.0	0.0	0.0	0.0	0.0	0.0	0.0	0.0	0.0	0.00.0	0.0	0.0	0.0	0.0	0.0	0.0	0.0	0.0
	5p	+	95	0.0	0.0	0.0	0.0	0.0	0.0	0.0	0.0	0.0	0.0	0.0	0.0	0.0	0.0	0.0	0.0	0.00.0	0.0	0.0	0.0	0.0	0.0	0.0	0.0	0.0
	5p	+	96	0.0	0.0	0.0	0.0	0.0	0.0	0.0	0.0	0.0	0.0	0.0	0.0	0.0	0.0	0.0	0.0	0.00.0	0.0	0.0	0.0	0.0	0.0	0.0	0.0	0.0
	5p	+	97	0.0	0.0	0.0	0.0	0.0	0.0	0.0	0.0	0.0	0.0	0.0	0.0	0.0	0.0	0.0	0.0	0.00.0	0.0	0.0	0.0	0.0	0.0	0.0	0.0	0.0
	5p	+	98	0.0	0.0	0.0	0.0	0.0	0.0	0.0	0.0	0.0	0.0	0.0	0.0	0.0	0.0	0.0	0.0	0.00.0	0.0	0.0	0.0	0.0	0.0	0.0	0.0	0.0
	5p	+	99	0.0	0.0	0.0	0.0	0.0	0.0	0.0	0.0	0.0	0.0	0.0	0.0	0.0	0.0	0.0	0.0	0.00.0	0.0	0.0	0.0	0.0	0.0	0.0	0.0	0.0
	5p	+	100	0.0	0.0	0.0	0.0	0.0	0.0	0.0	0.0	0.0	0.0	0.0	0.0	0.0	0.0	0.0	0.0	0.00.0	0.0	0.0	0.0	0.0	0.0	0.0	0.0	0.0
	5p	-	1	17161.0	10507.0	8005.0	14207.0	49880.0	223.0	499.0	190.0	183.0	70.0	95.0	45.0	81.0	51.0	79.0	44.0	89.00.0	0.0	0.0	0.0	0.0	0.0	0.0	0.0	0.0
	5p	-	2	15225.0	9373.0	10255.0	15028.0	49881.0	211.0	248.0	198.0	158.0	62.0	74.0	52.0	49.0	74.0	63.0	47.0	80.00.0	0.0	0.0	0.0	0.0	0.0	0.0	0.0	0.0
	5p	-	3	15289.0	10128.0	10061.0	14404.0	49882.0	156.0	220.0	168.0	161.0	64.0	44.0	49.0	44.0	46.0	60.0	46.0	78.00.0	0.0	0.0	0.0	1.0	0.0	0.0	0.0	0.0
	5p	-	4	15369.0	10010.0	10331.0	14172.0	49882.0	172.0	193.0	160.0	152.0	61.0	41.0	33.0	45.0	55.0	55.0	36.0	73.00.0	0.0	0.0	0.0	0.0	0.0	1.0	4.0	0.0
	5p	-	5	15252.0	10078.0	9936.0	14595.0	49861.0	165.0	167.0	204.0	166.0	44.0	38.0	37.0	47.0	54.0	51.0	37.0	75.00.0	0.0	0.0	0.0	7.0	0.0	6.0	8.0	0.0
	5p	-	6	14733.0	10089.0	10309.0	14724.0	49855.0	166.0	185.0	157.0	174.0	43.0	37.0	34.0	42.0	40.0	39.0	39.0	71.00.0	0.0	0.0	0.0	10.0	0.0	8.0	11.0	0.0
	5p	-	7	15440.0	9688.0	10089.0	14641.0	49858.0	154.0	171.0	187.0	142.0	37.0	33.0	32.0	38.0	44.0	48.0	46.0	74.00.0	0.0	0.0	0.0	7.0	0.0	15.0	4.0	0.0
	5p	-	8	15818.0	9594.0	9726.0	14709.0	49847.0	185.0	179.0	155.0	167.0	44.0	29.0	31.0	46.0	39.0	43.0	29.0	85.00.0	0.0	0.0	0.0	13.0	0.0	14.0	6.0	0.0
	5p	-	9	15750.0	9641.0	9570.0	14883.0	49844.0	158.0	194.0	150.0	132.0	36.0	45.0	25.0	52.0	34.0	38.0	37.0	55.00.0	0.0	0.0	0.0	15.0	0.0	5.0	7.0	0.0
	5p	-	10	15289.0	9833.0	9911.0	14827.0	49860.0	161.0	191.0	155.0	175.0	59.0	36.0	34.0	54.0	37.0	36.0	31.0	67.00.0	0.0	0.0	0.0	9.0	0.0	3.0	8.0	0.0
	5p	-	11	15534.0	9843.0	9533.0	14939.0	49849.0	138.0	171.0	180.0	180.0	40.0	38.0	28.0	32.0	43.0	31.0	39.0	65.00.0	0.0	0.0	0.0	11.0	0.0	5.0	11.0	0.0
	5p	-	12	15601.0	9953.0	9668.0	14631.0	49853.0	175.0	188.0	132.0	135.0	49.0	30.0	23.0	50.0	50.0	32.0	35.0	72.00.0	0.0	0.0	0.0	13.0	0.0	8.0	7.0	0.0
	5p	-	13	15665.0	9848.0	9701.0	14627.0	49841.0	157.0	180.0	166.0	149.0	55.0	37.0	30.0	36.0	48.0	43.0	26.0	56.00.0	0.0	0.0	0.0	13.0	0.0	15.0	7.0	0.0
	5p	-	14	15639.0	9746.0	9744.0	14715.0	49844.0	167.0	168.0	155.0	155.0	37.0	37.0	37.0	42.0	35.0	36.0	38.0	67.00.0	0.0	0.0	0.0	11.0	0.0	7.0	10.0	0.0
	5p	-	15	15410.0	9900.0	9829.0	14686.0	49825.0	148.0	191.0	156.0	147.0	45.0	37.0	29.0	44.0	40.0	37.0	36.0	67.00.0	0.0	0.0	0.0	34.0	0.0	8.0	9.0	0.0
	5p	-	16	15604.0	9920.0	9698.0	14608.0	49830.0	157.0	151.0	138.0	161.0	46.0	33.0	34.0	43.0	43.0	33.0	34.0	56.00.0	0.0	0.0	0.0	23.0	0.0	9.0	11.0	0.0
	5p	-	17	15501.0	9871.0	9782.0	14678.0	49832.0	167.0	201.0	157.0	148.0	39.0	26.0	30.0	51.0	48.0	41.0	45.0	80.00.0	0.0	0.0	0.0	21.0	0.0	13.0	12.0	0.0
	5p	-	18	15606.0	9933.0	9597.0	14697.0	49833.0	138.0	196.0	176.0	144.0	48.0	44.0	34.0	45.0	50.0	41.0	24.0	72.00.0	0.0	0.0	0.0	22.0	0.0	7.0	8.0	0.0
	5p	-	19	15415.0	9924.0	9552.0	14936.0	49827.0	183.0	178.0	149.0	143.0	42.0	30.0	35.0	35.0	45.0	25.0	42.0	66.00.0	0.0	0.0	0.0	22.0	0.0	10.0	15.0	0.0
	5p	-	20	15267.0	9793.0	9661.0	15110.0	49831.0	168.0	176.0	167.0	161.0	49.0	37.0	43.0	48.0	55.0	29.0	30.0	73.00.0	0.0	0.0	0.0	21.0	0.0	11.0	8.0	0.0
	5p	-	21	15481.0	9795.0	9631.0	14930.0	49837.0	146.0	171.0	160.0	129.0	45.0	43.0	26.0	44.0	40.0	40.0	36.0	84.00.0	0.0	0.0	0.0	12.0	0.0	12.0	7.0	0.0
	5p	-	22	15278.0	9871.0	9810.0	14877.0	49836.0	129.0	171.0	165.0	168.0	44.0	32.0	34.0	58.0	56.0	24.0	31.0	70.00.0	0.0	0.0	0.0	16.0	0.0	10.0	8.0	0.0
	5p	-	23	15343.0	9700.0	9781.0	15000.0	49824.0	170.0	181.0	164.0	155.0	37.0	39.0	30.0	46.0	45.0	34.0	28.0	65.00.0	0.0	0.0	0.0	30.0	0.0	9.0	12.0	0.0
	5p	-	24	15663.0	9817.0	9633.0	14711.0	49824.0	178.0	153.0	143.0	173.0	43.0	37.0	49.0	45.0	38.0	39.0	32.0	71.00.0	0.0	0.0	0.0	24.0	0.0	8.0	13.0	0.0
	5p	-	25	15610.0	9738.0	9732.0	14749.0	49829.0	169.0	150.0	129.0	138.0	49.0	46.0	34.0	55.0	48.0	33.0	26.0	80.00.0	0.0	0.0	0.0	16.0	0.0	11.0	5.0	0.0
	5p	-	26	15489.0	9794.0	9636.0	14920.0	49839.0	181.0	163.0	156.0	139.0	47.0	29.0	40.0	45.0	42.0	39.0	38.0	85.00.0	0.0	0.0	0.0	14.0	0.0	11.0	9.0	0.0
	5p	-	27	15704.0	9828.0	9684.0	14612.0	49828.0	163.0	188.0	139.0	149.0	46.0	42.0	39.0	42.0	47.0	45.0	32.0	71.00.0	0.0	0.0	0.0	18.0	0.0	7.0	10.0	0.0
	5p	-	28	15899.0	9572.0	9531.0	14832.0	49834.0	178.0	165.0	135.0	153.0	34.0	29.0	31.0	31.0	47.0	41.0	22.0	86.00.0	0.0	0.0	0.0	19.0	0.0	10.0	9.0	0.0
	5p	-	29	15577.0	9877.0	9476.0	14919.0	49849.0	160.0	169.0	161.0	122.0	50.0	41.0	28.0	53.0	36.0	44.0	38.0	66.00.0	0.0	0.0	0.0	12.0	0.0	8.0	8.0	0.0
	5p	-	30	16107.0	9827.0	9248.0	14669.0	49851.0	155.0	204.0	153.0	146.0	34.0	40.0	36.0	43.0	38.0	39.0	36.0	88.00.0	0.0	0.0	0.0	11.0	0.0	13.0	5.0	0.0
	5p	-	31	15501.0	9512.0	9169.0	14604.0	48786.0	167.0	196.0	172.0	162.0	54.0	39.0	28.0	46.0	46.0	25.0	32.0	65.00.0	0.0	0.0	0.0	10.0	0.0	8.0	7.0	0.0
	5p	-	32	15191.0	9257.0	9049.0	14260.0	47757.0	167.0	192.0	135.0	139.0	47.0	34.0	29.0	41.0	39.0	29.0	36.0	71.00.0	0.0	0.0	0.0	12.0	0.0	9.0	6.0	0.0
	5p	-	33	14872.0	9056.0	8829.0	13981.0	46738.0	155.0	192.0	130.0	131.0	33.0	55.0	28.0	39.0	46.0	27.0	27.0	68.00.0	0.0	0.0	0.0	17.0	0.0	3.0	4.0	0.0
	5p	-	34	14686.0	8907.0	8661.0	13427.0	45681.0	157.0	180.0	126.0	126.0	32.0	35.0	25.0	47.0	37.0	33.0	40.0	50.00.0	0.0	0.0	0.0	23.0	0.0	6.0	11.0	0.0
	5p	-	35	14151.0	8593.0	8340.0	13461.0	44545.0	140.0	177.0	129.0	131.0	39.0	29.0	26.0	30.0	49.0	34.0	30.0	73.00.0	0.0	0.0	0.0	13.0	0.0	7.0	5.0	0.0
	5p	-	36	14125.0	8435.0	8106.0	12745.0	43411.0	164.0	157.0	135.0	122.0	43.0	38.0	29.0	43.0	41.0	47.0	29.0	62.00.0	0.0	0.0	0.0	16.0	0.0	6.0	5.0	0.0
	5p	-	37	13564.0	8153.0	7861.0	12611.0	42189.0	148.0	189.0	112.0	114.0	50.0	37.0	33.0	46.0	31.0	29.0	14.0	68.00.0	0.0	0.0	0.0	18.0	0.0	1.0	6.0	0.0
	5p	-	38	13055.0	8050.0	7586.0	12198.0	40889.0	125.0	174.0	114.0	119.0	21.0	37.0	21.0	39.0	34.0	30.0	32.0	62.00.0	0.0	0.0	0.0	21.0	0.0	4.0	6.0	0.0
	5p	-	39	12713.0	7646.0	7351.0	11918.0	39628.0	133.0	145.0	106.0	123.0	40.0	27.0	23.0	29.0	23.0	41.0	18.0	49.00.0	0.0	0.0	0.0	17.0	0.0	5.0	7.0	0.0
	5p	-	40	12282.0	7196.0	7156.0	11645.0	38279.0	127.0	150.0	122.0	124.0	29.0	31.0	28.0	35.0	30.0	36.0	29.0	61.00.0	0.0	0.0	0.0	16.0	0.0	3.0	5.0	0.0
	5p	-	41	11606.0	7201.0	6973.0	11106.0	36886.0	132.0	148.0	115.0	99.0	35.0	31.0	15.0	35.0	31.0	25.0	25.0	53.00.0	0.0	0.0	0.0	10.0	0.0	2.0	2.0	0.0
	5p	-	42	11291.0	7039.0	6523.0	10686.0	35539.0	120.0	158.0	95.0	95.0	44.0	25.0	21.0	28.0	25.0	25.0	30.0	43.00.0	0.0	0.0	0.0	15.0	0.0	5.0	5.0	0.0
	5p	-	43	10899.0	6739.0	6254.0	10205.0	34097.0	117.0	155.0	98.0	95.0	35.0	26.0	16.0	41.0	27.0	32.0	26.0	46.00.0	0.0	0.0	0.0	17.0	0.0	2.0	3.0	0.0
	5p	-	44	10304.0	6498.0	6168.0	9747.0	32717.0	121.0	152.0	91.0	97.0	24.0	28.0	20.0	29.0	24.0	37.0	17.0	44.00.0	0.0	0.0	0.0	10.0	0.0	6.0	5.0	0.0
	5p	-	45	10123.0	6066.0	5745.0	9469.0	31403.0	117.0	150.0	97.0	96.0	30.0	31.0	23.0	30.0	30.0	34.0	23.0	42.00.0	0.0	0.0	0.0	11.0	0.0	8.0	4.0	0.0
	5p	-	46	9568.0	5914.0	5578.0	9031.0	30091.0	116.0	142.0	90.0	113.0	27.0	26.0	22.0	28.0	22.0	20.0	21.0	54.00.0	0.0	0.0	0.0	12.0	0.0	6.0	3.0	0.0
	5p	-	47	9292.0	5577.0	5374.0	8603.0	28846.0	102.0	126.0	71.0	95.0	29.0	29.0	20.0	30.0	23.0	22.0	21.0	49.00.0	0.0	0.0	0.0	13.0	0.0	5.0	3.0	0.0
	5p	-	48	8894.0	5254.0	5078.0	8348.0	27574.0	91.0	143.0	79.0	83.0	23.0	13.0	14.0	28.0	27.0	23.0	17.0	47.00.0	0.0	0.0	0.0	13.0	0.0	5.0	6.0	0.0
	5p	-	49	8394.0	5185.0	4856.0	7861.0	26296.0	87.0	135.0	95.0	83.0	30.0	37.0	19.0	25.0	14.0	19.0	22.0	40.00.0	0.0	0.0	0.0	8.0	0.0	6.0	3.0	0.0
	5p	-	50	8124.0	4793.0	4560.0	7555.0	25032.0	85.0	124.0	72.0	72.0	27.0	31.0	17.0	23.0	24.0	17.0	15.0	31.00.0	0.0	0.0	0.0	16.0	0.0	4.0	4.0	0.0
	5p	-	51	7588.0	4576.0	4321.0	7354.0	23839.0	95.0	125.0	55.0	71.0	25.0	20.0	18.0	21.0	18.0	23.0	17.0	34.00.0	0.0	0.0	0.0	8.0	0.0	6.0	2.0	0.0
	5p	-	52	7187.0	4369.0	4259.0	6802.0	22617.0	75.0	106.0	66.0	58.0	27.0	30.0	12.0	22.0	19.0	14.0	12.0	38.00.0	0.0	0.0	0.0	10.0	0.0	3.0	3.0	0.0
	5p	-	53	6871.0	4062.0	4087.0	6442.0	21462.0	95.0	102.0	49.0	57.0	32.0	20.0	15.0	25.0	19.0	17.0	13.0	39.00.0	0.0	0.0	0.0	7.0	0.0	3.0	2.0	0.0
	5p	-	54	6526.0	3974.0	3716.0	6201.0	20417.0	76.0	97.0	64.0	76.0	11.0	22.0	20.0	27.0	23.0	18.0	23.0	23.00.0	0.0	0.0	0.0	5.0	0.0	6.0	3.0	0.0
	5p	-	55	6172.0	3739.0	3587.0	5856.0	19354.0	72.0	97.0	63.0	70.0	17.0	23.0	15.0	24.0	22.0	29.0	14.0	29.00.0	0.0	0.0	0.0	10.0	0.0	3.0	1.0	0.0
	5p	-	56	5873.0	3628.0	3359.0	5514.0	18374.0	63.0	80.0	62.0	39.0	18.0	16.0	16.0	21.0	19.0	17.0	16.0	20.00.0	0.0	0.0	0.0	4.0	0.0	5.0	4.0	0.0
	5p	-	57	5577.0	3401.0	3154.0	5313.0	17445.0	51.0	90.0	51.0	55.0	21.0	21.0	13.0	16.0	22.0	20.0	13.0	25.00.0	0.0	0.0	0.0	6.0	0.0	2.0	2.0	0.0
	5p	-	58	5280.0	3253.0	3061.0	4904.0	16498.0	59.0	83.0	50.0	43.0	15.0	13.0	10.0	12.0	12.0	15.0	13.0	27.00.0	0.0	0.0	0.0	6.0	0.0	1.0	4.0	0.0
	5p	-	59	5023.0	2969.0	2897.0	4679.0	15568.0	60.0	72.0	42.0	28.0	20.0	20.0	14.0	10.0	8.0	10.0	11.0	24.00.0	0.0	0.0	0.0	4.0	0.0	0.0	1.0	0.0
	5p	-	60	4662.0	2886.0	2773.0	4424.0	14745.0	43.0	82.0	42.0	52.0	18.0	15.0	5.0	11.0	9.0	15.0	12.0	23.00.0	0.0	0.0	0.0	5.0	0.0	1.0	2.0	0.0
	5p	-	61	4425.0	2755.0	2560.0	4182.0	13922.0	54.0	71.0	43.0	50.0	13.0	15.0	11.0	10.0	12.0	7.0	11.0	31.00.0	0.0	0.0	0.0	1.0	0.0	3.0	2.0	0.0
	5p	-	62	4218.0	2516.0	2389.0	3962.0	13085.0	48.0	77.0	30.0	46.0	15.0	16.0	12.0	8.0	12.0	17.0	14.0	20.00.0	0.0	0.0	0.0	2.0	0.0	1.0	0.0	0.0
	5p	-	63	3868.0	2421.0	2310.0	3723.0	12322.0	35.0	72.0	27.0	40.0	10.0	21.0	10.0	18.0	13.0	17.0	8.0	16.00.0	0.0	0.0	0.0	2.0	0.0	0.0	0.0	0.0
	5p	-	64	3740.0	2253.0	2137.0	3380.0	11510.0	43.0	54.0	31.0	30.0	20.0	14.0	8.0	11.0	12.0	16.0	15.0	28.00.0	0.0	0.0	0.0	2.0	0.0	0.0	0.0	0.0
	5p	-	65	3476.0	2044.0	2008.0	3250.0	10778.0	46.0	58.0	28.0	37.0	8.0	12.0	10.0	9.0	6.0	10.0	9.0	19.00.0	0.0	0.0	0.0	3.0	0.0	1.0	0.0	0.0
	5p	-	66	3232.0	1974.0	1887.0	3024.0	10117.0	31.0	57.0	29.0	42.0	15.0	12.0	8.0	12.0	7.0	8.0	9.0	19.00.0	0.0	0.0	0.0	4.0	0.0	0.0	0.0	0.0
	5p	-	67	3103.0	1873.0	1687.0	2827.0	9490.0	32.0	51.0	31.0	29.0	11.0	17.0	7.0	12.0	11.0	12.0	5.0	15.00.0	0.0	0.0	0.0	2.0	0.0	1.0	1.0	0.0
	5p	-	68	2858.0	1711.0	1567.0	2700.0	8836.0	22.0	54.0	18.0	25.0	11.0	10.0	11.0	14.0	5.0	8.0	10.0	15.00.0	0.0	0.0	0.0	3.0	0.0	3.0	1.0	0.0
	5p	-	69	2541.0	1650.0	1518.0	2493.0	8202.0	31.0	49.0	22.0	27.0	9.0	9.0	2.0	14.0	8.0	5.0	5.0	20.00.0	0.0	0.0	0.0	2.0	0.0	0.0	1.0	0.0
	5p	-	70	2479.0	1456.0	1324.0	2373.0	7632.0	31.0	50.0	21.0	25.0	9.0	11.0	8.0	13.0	7.0	11.0	10.0	14.00.0	0.0	0.0	0.0	1.0	0.0	2.0	0.0	0.0
	5p	-	71	2225.0	1356.0	1289.0	2218.0	7088.0	27.0	41.0	23.0	31.0	13.0	11.0	3.0	6.0	4.0	7.0	6.0	8.00.0	0.0	0.0	0.0	3.0	0.0	2.0	1.0	0.0
	5p	-	72	2068.0	1308.0	1237.0	2004.0	6617.0	31.0	39.0	20.0	14.0	10.0	1.0	4.0	7.0	9.0	11.0	4.0	18.00.0	0.0	0.0	0.0	1.0	0.0	0.0	0.0	0.0
	5p	-	73	1994.0	1154.0	1107.0	1870.0	6125.0	24.0	25.0	20.0	18.0	4.0	14.0	7.0	7.0	7.0	7.0	4.0	9.00.0	0.0	0.0	0.0	0.0	0.0	0.0	1.0	0.0
	5p	-	74	1821.0	1098.0	1004.0	1702.0	5625.0	22.0	47.0	15.0	9.0	1.0	7.0	8.0	9.0	7.0	8.0	2.0	14.00.0	0.0	0.0	0.0	0.0	0.0	0.0	1.0	0.0
	5p	-	75	1590.0	1014.0	927.0	1595.0	5126.0	8.0	25.0	15.0	10.0	5.0	5.0	4.0	8.0	5.0	4.0	2.0	11.00.0	0.0	0.0	0.0	2.0	0.0	1.0	1.0	0.0
	5p	-	76	1545.0	897.0	825.0	1431.0	4698.0	18.0	19.0	8.0	17.0	2.0	7.0	2.0	4.0	2.0	3.0	7.0	5.00.0	0.0	0.0	0.0	1.0	0.0	0.0	1.0	0.0
	5p	-	77	1385.0	832.0	720.0	1302.0	4239.0	18.0	22.0	9.0	12.0	5.0	11.0	3.0	6.0	2.0	7.0	3.0	6.00.0	0.0	0.0	0.0	1.0	0.0	0.0	0.0	0.0
	5p	-	78	1280.0	747.0	680.0	1133.0	3840.0	21.0	17.0	11.0	14.0	6.0	5.0	0.0	6.0	3.0	3.0	2.0	3.00.0	0.0	0.0	0.0	0.0	0.0	0.0	0.0	0.0
	5p	-	79	1144.0	690.0	593.0	1035.0	3462.0	9.0	18.0	11.0	7.0	5.0	6.0	2.0	5.0	7.0	2.0	2.0	3.00.0	0.0	0.0	0.0	0.0	0.0	0.0	0.0	0.0
	5p	-	80	1035.0	579.0	581.0	939.0	3134.0	8.0	15.0	10.0	13.0	4.0	6.0	1.0	1.0	2.0	2.0	5.0	8.00.0	0.0	0.0	0.0	0.0	0.0	0.0	0.0	0.0
	5p	-	81	885.0	537.0	516.0	851.0	2789.0	11.0	15.0	6.0	6.0	3.0	4.0	0.0	2.0	3.0	4.0	1.0	5.00.0	0.0	0.0	0.0	0.0	0.0	0.0	0.0	0.0
	5p	-	82	808.0	487.0	423.0	761.0	2479.0	5.0	12.0	4.0	4.0	3.0	2.0	2.0	6.0	1.0	2.0	1.0	3.00.0	0.0	0.0	0.0	1.0	0.0	1.0	0.0	0.0
	5p	-	83	726.0	393.0	384.0	687.0	2190.0	10.0	15.0	6.0	5.0	3.0	6.0	0.0	2.0	1.0	2.0	1.0	2.00.0	0.0	0.0	0.0	0.0	0.0	1.0	0.0	0.0
	5p	-	84	654.0	360.0	323.0	564.0	1901.0	17.0	13.0	5.0	3.0	4.0	4.0	1.0	3.0	2.0	1.0	3.0	5.00.0	0.0	0.0	0.0	0.0	0.0	1.0	0.0	0.0
	5p	-	85	549.0	302.0	286.0	478.0	1615.0	4.0	12.0	4.0	1.0	1.0	3.0	0.0	4.0	4.0	0.0	2.0	3.00.0	0.0	0.0	0.0	0.0	0.0	0.0	0.0	0.0
	5p	-	86	454.0	269.0	238.0	395.0	1356.0	3.0	10.0	4.0	10.0	1.0	3.0	1.0	1.0	3.0	4.0	1.0	3.00.0	0.0	0.0	0.0	0.0	0.0	0.0	0.0	0.0
	5p	-	87	361.0	206.0	195.0	352.0	1114.0	5.0	9.0	1.0	3.0	3.0	0.0	2.0	1.0	2.0	0.0	1.0	5.00.0	0.0	0.0	0.0	0.0	0.0	0.0	0.0	0.0
	5p	-	88	313.0	176.0	145.0	249.0	883.0	4.0	7.0	4.0	0.0	3.0	0.0	1.0	2.0	3.0	1.0	2.0	1.00.0	0.0	0.0	0.0	0.0	0.0	0.0	0.0	0.0
	5p	-	89	216.0	126.0	99.0	203.0	644.0	1.0	11.0	3.0	4.0	2.0	2.0	0.0	0.0	0.0	1.0	0.0	2.00.0	0.0	0.0	0.0	0.0	0.0	0.0	0.0	0.0
	5p	-	90	146.0	70.0	67.0	136.0	419.0	1.0	5.0	1.0	2.0	2.0	0.0	0.0	0.0	0.0	0.0	2.0	3.00.0	0.0	0.0	0.0	0.0	0.0	0.0	0.0	0.0
	5p	-	91	84.0	32.0	26.0	65.0	207.0	1.0	8.0	0.0	2.0	1.0	1.0	0.0	0.0	0.0	2.0	0.0	0.00.0	0.0	0.0	0.0	0.0	0.0	0.0	0.0	0.0
	5p	-	92	0.0	0.0	0.0	0.0	0.0	0.0	0.0	0.0	0.0	0.0	0.0	0.0	0.0	0.0	0.0	0.0	0.00.0	0.0	0.0	0.0	0.0	0.0	0.0	0.0	0.0
	5p	-	93	0.0	0.0	0.0	0.0	0.0	0.0	0.0	0.0	0.0	0.0	0.0	0.0	0.0	0.0	0.0	0.0	0.00.0	0.0	0.0	0.0	0.0	0.0	0.0	0.0	0.0
	5p	-	94	0.0	0.0	0.0	0.0	0.0	0.0	0.0	0.0	0.0	0.0	0.0	0.0	0.0	0.0	0.0	0.0	0.00.0	0.0	0.0	0.0	0.0	0.0	0.0	0.0	0.0
	5p	-	95	0.0	0.0	0.0	0.0	0.0	0.0	0.0	0.0	0.0	0.0	0.0	0.0	0.0	0.0	0.0	0.0	0.00.0	0.0	0.0	0.0	0.0	0.0	0.0	0.0	0.0
	5p	-	96	0.0	0.0	0.0	0.0	0.0	0.0	0.0	0.0	0.0	0.0	0.0	0.0	0.0	0.0	0.0	0.0	0.00.0	0.0	0.0	0.0	0.0	0.0	0.0	0.0	0.0
	5p	-	97	0.0	0.0	0.0	0.0	0.0	0.0	0.0	0.0	0.0	0.0	0.0	0.0	0.0	0.0	0.0	0.0	0.00.0	0.0	0.0	0.0	0.0	0.0	0.0	0.0	0.0
	5p	-	98	0.0	0.0	0.0	0.0	0.0	0.0	0.0	0.0	0.0	0.0	0.0	0.0	0.0	0.0	0.0	0.0	0.00.0	0.0	0.0	0.0	0.0	0.0	0.0	0.0	0.0
	5p	-	99	0.0	0.0	0.0	0.0	0.0	0.0	0.0	0.0	0.0	0.0	0.0	0.0	0.0	0.0	0.0	0.0	0.00.0	0.0	0.0	0.0	0.0	0.0	0.0	0.0	0.0
	5p	-	100	0.0	0.0	0.0	0.0	0.0	0.0	0.0	0.0	0.0	0.0	0.0	0.0	0.0	0.0	0.0	0.0	0.00.0	0.0	0.0	0.0	0.0	0.0	0.0	0.0	0.0
