# table produced by DamageProfiler
# using mapped file ScA005.BuffaloCape_Human_nc.Target.rmdup.noMicro_SCR_007.bam
# Sample ID: ScA005.BuffaloCape_Human_nc.Target.rmdup.noMicro_SCR_007.bam
Pos	C>T	G>A	A>C	A>G	A>T	C>A	C>G	G>C	G>T	T>A	T>C	T>G	->ACGT	ACGT>-
24	0.008330	0.003620	0.000504	0.003194	0.000557	0.001284	0.000858	0.000860	0.001576	0.000734	0.002246	0.000765	0.000412	0.000000
23	0.008939	0.003713	0.000502	0.003023	0.000607	0.001484	0.000778	0.000786	0.001787	0.000778	0.002121	0.000783	0.000470	0.000000
22	0.009226	0.003360	0.000676	0.003064	0.000553	0.001309	0.000860	0.000734	0.001444	0.000802	0.002054	0.000762	0.000448	0.000000
21	0.008701	0.003497	0.000565	0.003139	0.000537	0.001251	0.000992	0.000802	0.001510	0.000687	0.002250	0.000705	0.000426	0.000000
20	0.008542	0.003584	0.000488	0.002985	0.000523	0.001420	0.000887	0.000718	0.001477	0.000741	0.002095	0.000652	0.000450	0.000000
19	0.008850	0.003558	0.000580	0.003227	0.000602	0.001329	0.000816	0.000779	0.001645	0.000714	0.002063	0.000754	0.000431	0.000000
18	0.008895	0.003620	0.000589	0.002981	0.000599	0.001325	0.000815	0.000808	0.001418	0.000790	0.002083	0.000724	0.000436	0.000000
17	0.009138	0.003554	0.000500	0.002963	0.000538	0.001494	0.000867	0.000749	0.001516	0.000813	0.002143	0.000760	0.000437	0.000000
16	0.008760	0.003495	0.000530	0.003153	0.000579	0.001692	0.000956	0.000762	0.001384	0.000757	0.002146	0.000739	0.000401	0.000000
15	0.008998	0.003382	0.000588	0.003014	0.000578	0.001380	0.000796	0.000729	0.001510	0.000731	0.002062	0.000650	0.000365	0.000000
14	0.008725	0.003624	0.000554	0.003253	0.000649	0.001441	0.000845	0.000820	0.001420	0.000772	0.002233	0.000839	0.000409	0.000000
13	0.009265	0.003411	0.000549	0.002943	0.000658	0.001542	0.000844	0.000723	0.001679	0.000720	0.002240	0.000689	0.000391	0.000000
12	0.009338	0.003711	0.000546	0.003067	0.000730	0.001668	0.000949	0.000791	0.001582	0.000812	0.002061	0.000745	0.000378	0.000000
11	0.009004	0.003604	0.000557	0.003256	0.000585	0.001463	0.000849	0.000666	0.001524	0.000743	0.002144	0.000792	0.000334	0.000000
10	0.009535	0.003612	0.000605	0.003148	0.000567	0.001582	0.000847	0.000681	0.001675	0.000801	0.001947	0.000733	0.000333	0.000000
9	0.009338	0.003760	0.000513	0.003310	0.000530	0.001658	0.000912	0.000725	0.001643	0.000817	0.002068	0.000826	0.000305	0.000000
8	0.009936	0.004037	0.000427	0.003022	0.000447	0.001605	0.000935	0.000723	0.001663	0.000890	0.001979	0.000717	0.000310	0.000000
7	0.010575	0.004067	0.000481	0.002823	0.000563	0.001774	0.000966	0.000874	0.001806	0.000872	0.001856	0.000701	0.000288	0.000000
6	0.010834	0.004014	0.000548	0.003054	0.000558	0.001925	0.001075	0.000819	0.001655	0.000838	0.002235	0.000890	0.000257	0.000000
5	0.011592	0.003611	0.000537	0.003133	0.000662	0.002155	0.001322	0.000677	0.001595	0.001022	0.001998	0.000822	0.000220	0.000000
4	0.012537	0.003993	0.000472	0.003173	0.000637	0.002068	0.001192	0.000642	0.001401	0.001088	0.001883	0.000976	0.000156	0.000000
3	0.011995	0.004312	0.000666	0.003246	0.000723	0.002242	0.001078	0.000625	0.001733	0.001332	0.002245	0.000997	0.000101	0.000000
2	0.010049	0.004430	0.000845	0.003385	0.000886	0.002589	0.001022	0.000771	0.001515	0.001839	0.002903	0.001270	0.000034	0.000000
1	0.048625	0.006637	0.001163	0.003269	0.001436	0.002762	0.000958	0.001125	0.001821	0.002266	0.003467	0.001467	0.000005	0.000000
0	0.121322	0.008086	0.000969	0.003510	0.001628	0.005378	0.001736	0.001081	0.001760	0.004907	0.004820	0.002330	0.000000	0.000000
