# table produced by DamageProfiler
# using mapped file RmA037.GrysbokCape_Human_nc.Target.rmdup.noMicro.bam
# Sample ID: RmA037.GrysbokCape_Human_nc.Target.rmdup.noMicro.bam
Pos	C>T	G>A	A>C	A>G	A>T	C>A	C>G	G>C	G>T	T>A	T>C	T>G	->ACGT	ACGT>-
0	0.023984	0.010221	0.002680	0.003654	0.004324	0.005485	0.002043	0.003080	0.011481	0.004176	0.003570	0.002829	0.000000	0.000000
1	0.013808	0.005244	0.002396	0.003355	0.004039	0.004642	0.002619	0.001337	0.005347	0.003260	0.002196	0.002795	0.000063	0.000000
2	0.008441	0.003154	0.001487	0.003109	0.001622	0.002244	0.001175	0.001367	0.004205	0.003104	0.001552	0.002117	0.000251	0.000000
3	0.004999	0.003078	0.000739	0.002955	0.001411	0.001808	0.000957	0.000513	0.003590	0.002095	0.001517	0.000795	0.000397	0.000000
4	0.004569	0.001868	0.000630	0.002662	0.001471	0.001806	0.000637	0.001038	0.004150	0.000825	0.001031	0.000894	0.001421	0.000000
5	0.003970	0.001733	0.000776	0.001904	0.001199	0.001395	0.000751	0.000918	0.003874	0.001027	0.001233	0.000753	0.001085	0.000000
6	0.004382	0.001960	0.000750	0.002249	0.000818	0.001924	0.000534	0.000619	0.003405	0.000773	0.001336	0.000281	0.001105	0.000000
7	0.003300	0.001095	0.000977	0.001238	0.000586	0.001100	0.000880	0.000000	0.003943	0.000903	0.001668	0.000834	0.001209	0.000000
8	0.004197	0.001756	0.000325	0.001236	0.000845	0.000773	0.000552	0.000110	0.003401	0.000347	0.000972	0.000556	0.001272	0.000000
9	0.004571	0.002327	0.000655	0.001376	0.000852	0.000653	0.001088	0.000665	0.003436	0.000621	0.001104	0.000276	0.000959	0.000000
10	0.003423	0.002067	0.000536	0.001340	0.000335	0.000749	0.000963	0.000435	0.003916	0.001036	0.001795	0.000759	0.001418	0.000000
11	0.003645	0.001317	0.000340	0.001222	0.000679	0.000521	0.000729	0.000768	0.002414	0.000690	0.000621	0.000414	0.001335	0.000000
12	0.003093	0.002095	0.000267	0.000734	0.000734	0.000533	0.000320	0.000772	0.005293	0.000552	0.000759	0.000690	0.001398	0.000000
13	0.003196	0.001895	0.000401	0.001335	0.000668	0.000639	0.000213	0.000223	0.004348	0.000889	0.000889	0.000274	0.001210	0.000000
14	0.003369	0.000989	0.000336	0.001076	0.000403	0.000632	0.001053	0.000550	0.003297	0.000968	0.001521	0.000691	0.001293	0.000000
15	0.003906	0.002553	0.000805	0.001073	0.000470	0.000542	0.000434	0.000333	0.003330	0.000675	0.001620	0.000270	0.001272	0.000000
16	0.004210	0.001995	0.000399	0.001463	0.000798	0.001188	0.000324	0.000443	0.004101	0.000547	0.001435	0.000273	0.001230	0.000000
17	0.003976	0.002082	0.000671	0.001744	0.000671	0.000860	0.000537	0.000438	0.003397	0.000342	0.000958	0.000342	0.001397	0.000000
18	0.003328	0.001988	0.000404	0.000944	0.000674	0.000966	0.000322	0.000552	0.003865	0.000543	0.001698	0.000951	0.001565	0.000000
19	0.003310	0.001544	0.000868	0.000868	0.000467	0.000961	0.000320	0.000110	0.002977	0.000827	0.000689	0.000551	0.001690	0.000000
20	0.004118	0.001413	0.000402	0.001606	0.000803	0.001084	0.000325	0.000435	0.004455	0.000481	0.000893	0.000343	0.001314	0.000000
21	0.003585	0.001195	0.000469	0.000938	0.001072	0.001304	0.000652	0.000326	0.003149	0.000274	0.001164	0.000342	0.001376	0.000000
22	0.003472	0.002206	0.000397	0.001722	0.000530	0.001302	0.000868	0.000221	0.003529	0.000619	0.000550	0.000413	0.001460	0.000000
23	0.003358	0.001316	0.000398	0.001460	0.000332	0.000542	0.000542	0.000439	0.003837	0.000413	0.000896	0.000551	0.001314	0.000000
24	0.003760	0.000557	0.000859	0.001784	0.000595	0.000859	0.000430	0.000557	0.005129	0.000619	0.001377	0.000688	0.001460	0.000000
