# table produced by DamageProfiler
# using mapped file RmA037.GrysbokCape_Human_nc.Target.rmdup.noMicro.bam
# Sample ID: RmA037.GrysbokCape_Human_nc.Target.rmdup.noMicro.bam
Chr	End	Std	Pos	A	C	G	T	Total
	3p	+	1	9547	3098	3277	8131	24053
	3p	+	2	8578	5009	3721	6745	24053
	3p	+	3	8031	4746	4230	7046	24053
	3p	+	4	8016	4831	4255	6951	24053
	3p	+	5	8186	4597	4345	6925	24053
	3p	+	6	8172	4466	4441	6974	24053
	3p	+	7	7766	4581	4537	7169	24053
	3p	+	8	7821	4310	4568	7354	24053
	3p	+	9	7658	4528	4557	7310	24053
	3p	+	10	7683	4502	4578	7290	24053
	3p	+	11	7482	4718	4503	7350	24053
	3p	+	12	7570	4694	4513	7276	24053
	3p	+	13	7426	4663	4504	7460	24053
	3p	+	14	7474	4664	4651	7264	24053
	3p	+	15	7518	4637	4515	7383	24053
	3p	+	16	7536	4616	4538	7363	24053
	3p	+	17	7467	4631	4571	7384	24053
	3p	+	18	7574	4741	4583	7155	24053
	3p	+	19	7402	4682	4530	7439	24053
	3p	+	20	7418	4654	4571	7410	24053
	3p	+	21	7457	4669	4496	7431	24053
	3p	+	22	7518	4662	4459	7414	24053
	3p	+	23	7446	4630	4564	7413	24053
	3p	+	24	7601	4585	4538	7329	24053
	3p	+	25	7588	4646	4504	7315	24053
	3p	+	26	7556	4674	4537	7286	24053
	3p	+	27	7529	4723	4525	7276	24053
	3p	+	28	7474	4664	4647	7268	24053
	3p	+	29	7485	4559	4559	7450	24053
	3p	+	30	7463	4614	4567	7409	24053
	3p	+	31	7200	4480	4492	7067	23239
	3p	+	32	6889	4293	4309	6941	22432
	3p	+	33	6725	4170	4145	6580	21620
	3p	+	34	6611	3998	3826	6463	20898
	3p	+	35	6254	3948	3894	6059	20155
	3p	+	36	6157	3643	3661	5938	19399
	3p	+	37	5911	3590	3610	5561	18672
	3p	+	38	5669	3410	3407	5428	17914
	3p	+	39	5229	3304	3262	5409	17204
	3p	+	40	5112	3252	3124	4963	16451
	3p	+	41	4906	3012	2951	4890	15759
	3p	+	42	4718	2925	2918	4540	15101
	3p	+	43	4490	2767	2751	4441	14449
	3p	+	44	4314	2686	2483	4281	13764
	3p	+	45	4158	2561	2465	3978	13162
	3p	+	46	3950	2414	2381	3765	12510
	3p	+	47	3647	2305	2257	3668	11877
	3p	+	48	3491	2158	2164	3489	11302
	3p	+	49	3267	2113	2077	3303	10760
	3p	+	50	3180	1853	2066	3160	10259
	3p	+	51	2970	1841	1844	3112	9767
	3p	+	52	2873	1766	1795	2844	9278
	3p	+	53	2703	1737	1724	2631	8795
	3p	+	54	2606	1602	1589	2579	8376
	3p	+	55	2372	1602	1549	2375	7898
	3p	+	56	2209	1512	1450	2311	7482
	3p	+	57	2170	1394	1367	2175	7106
	3p	+	58	2054	1333	1282	2059	6728
	3p	+	59	1932	1221	1214	1978	6345
	3p	+	60	1801	1180	1195	1822	5998
	3p	+	61	1713	1128	1082	1728	5651
	3p	+	62	1582	1055	975	1675	5287
	3p	+	63	1540	990	908	1523	4961
	3p	+	64	1430	943	936	1351	4660
	3p	+	65	1288	854	878	1361	4381
	3p	+	66	1318	791	818	1180	4107
	3p	+	67	1167	768	736	1182	3853
	3p	+	68	1085	771	651	1099	3606
	3p	+	69	1041	679	627	1036	3383
	3p	+	70	939	614	635	965	3153
	3p	+	71	866	559	575	925	2925
	3p	+	72	834	540	523	817	2714
	3p	+	73	782	501	460	774	2517
	3p	+	74	696	478	450	713	2337
	3p	+	75	605	470	432	639	2146
	3p	+	76	566	393	401	611	1971
	3p	+	77	549	362	349	552	1812
	3p	+	78	477	331	313	530	1651
	3p	+	79	441	292	290	476	1499
	3p	+	80	406	259	286	401	1352
	3p	+	81	370	257	244	334	1205
	3p	+	82	339	233	198	315	1085
	3p	+	83	289	177	177	297	940
	3p	+	84	227	171	161	243	802
	3p	+	85	200	135	141	187	663
	3p	+	86	171	106	93	180	550
	3p	+	87	107	104	97	134	442
	3p	+	88	106	82	69	98	355
	3p	+	89	77	50	60	86	273
	3p	+	90	39	29	29	64	161
	3p	+	91	27	17	10	21	75
	3p	+	92	0	0	0	0	0
	3p	+	93	0	0	0	0	0
	3p	+	94	0	0	0	0	0
	3p	+	95	0	0	0	0	0
	3p	+	96	0	0	0	0	0
	3p	+	97	0	0	0	0	0
	3p	+	98	0	0	0	0	0
	3p	+	99	0	0	0	0	0
	3p	+	100	0	0	0	0	0
	3p	-	1	9593	3077	3294	8088	24052
	3p	-	2	8621	5011	3718	6702	24052
	3p	-	3	8141	4756	4048	7107	24052
	3p	-	4	8093	4853	4131	6975	24052
	3p	-	5	8191	4579	4304	6978	24052
	3p	-	6	8263	4470	4401	6918	24052
	3p	-	7	8028	4657	4426	6941	24052
	3p	-	8	7943	4396	4585	7128	24052
	3p	-	9	7860	4434	4558	7200	24052
	3p	-	10	7692	4524	4466	7370	24052
	3p	-	11	7552	4611	4413	7476	24052
	3p	-	12	7562	4688	4480	7322	24052
	3p	-	13	7539	4775	4435	7303	24052
	3p	-	14	7611	4542	4517	7382	24052
	3p	-	15	7658	4723	4565	7106	24052
	3p	-	16	7516	4658	4579	7299	24052
	3p	-	17	7523	4694	4466	7369	24052
	3p	-	18	7580	4605	4524	7343	24052
	3p	-	19	7637	4714	4435	7266	24052
	3p	-	20	7523	4612	4578	7339	24052
	3p	-	21	7645	4540	4614	7253	24052
	3p	-	22	7598	4541	4491	7422	24052
	3p	-	23	7646	4554	4574	7278	24052
	3p	-	24	7491	4583	4507	7471	24052
	3p	-	25	7498	4679	4604	7271	24052
	3p	-	26	7500	4617	4561	7374	24052
	3p	-	27	7505	4685	4539	7323	24052
	3p	-	28	7386	4700	4623	7343	24052
	3p	-	29	7317	4809	4514	7412	24052
	3p	-	30	7499	4658	4566	7329	24052
	3p	-	31	7151	4447	4412	7247	23257
	3p	-	32	7050	4429	4172	6846	22497
	3p	-	33	6793	4196	4222	6553	21764
	3p	-	34	6573	4029	3979	6422	21003
	3p	-	35	6402	3963	3720	6146	20231
	3p	-	36	6050	3778	3766	5882	19476
	3p	-	37	5829	3523	3593	5769	18714
	3p	-	38	5499	3550	3406	5523	17978
	3p	-	39	5507	3301	3207	5226	17241
	3p	-	40	5154	3158	3128	5118	16558
	3p	-	41	4955	3154	2887	4844	15840
	3p	-	42	4680	2974	2888	4597	15139
	3p	-	43	4471	2788	2890	4297	14446
	3p	-	44	4153	2632	2662	4319	13766
	3p	-	45	4117	2503	2599	3946	13165
	3p	-	46	3901	2292	2381	3961	12535
	3p	-	47	3659	2306	2318	3707	11990
	3p	-	48	3539	2255	2110	3491	11395
	3p	-	49	3354	2136	2061	3298	10849
	3p	-	50	3190	1911	1917	3279	10297
	3p	-	51	3046	1900	1892	2945	9783
	3p	-	52	2779	1835	1857	2804	9275
	3p	-	53	2723	1753	1657	2655	8788
	3p	-	54	2633	1590	1607	2528	8358
	3p	-	55	2533	1571	1513	2331	7948
	3p	-	56	2365	1473	1450	2239	7527
	3p	-	57	2207	1433	1362	2141	7143
	3p	-	58	2052	1343	1312	2062	6769
	3p	-	59	1948	1318	1206	1969	6441
	3p	-	60	1874	1194	1180	1839	6087
	3p	-	61	1756	1181	1073	1736	5746
	3p	-	62	1544	1088	1088	1688	5408
	3p	-	63	1520	1007	1001	1582	5110
	3p	-	64	1462	943	973	1424	4802
	3p	-	65	1375	850	897	1385	4507
	3p	-	66	1333	801	836	1268	4238
	3p	-	67	1182	771	781	1238	3972
	3p	-	68	1114	691	777	1123	3705
	3p	-	69	1082	690	669	1029	3470
	3p	-	70	1012	617	594	998	3221
	3p	-	71	915	588	593	874	2970
	3p	-	72	863	527	555	799	2744
	3p	-	73	833	510	484	722	2549
	3p	-	74	732	464	456	692	2344
	3p	-	75	664	425	419	654	2162
	3p	-	76	616	397	388	586	1987
	3p	-	77	553	352	385	544	1834
	3p	-	78	507	319	314	520	1660
	3p	-	79	451	317	303	425	1496
	3p	-	80	420	248	291	408	1367
	3p	-	81	376	242	237	365	1220
	3p	-	82	310	212	207	344	1073
	3p	-	83	263	191	171	300	925
	3p	-	84	248	186	147	234	815
	3p	-	85	214	136	134	203	687
	3p	-	86	186	118	106	171	581
	3p	-	87	144	89	86	152	471
	3p	-	88	120	83	57	105	365
	3p	-	89	69	58	56	78	261
	3p	-	90	63	28	26	41	158
	3p	-	91	29	20	16	21	86
	3p	-	92	0	0	0	0	0
	3p	-	93	0	0	0	0	0
	3p	-	94	0	0	0	0	0
	3p	-	95	0	0	0	0	0
	3p	-	96	0	0	0	0	0
	3p	-	97	0	0	0	0	0
	3p	-	98	0	0	0	0	0
	3p	-	99	0	0	0	0	0
	3p	-	100	0	0	0	0	0
	5p	+	1	8324	4614	3535	7580	24053
	5p	+	2	7373	4176	4876	7625	24050
	5p	+	3	7436	4669	4799	7149	24053
	5p	+	4	7423	4738	4945	6947	24053
	5p	+	5	7109	4697	4878	7369	24053
	5p	+	6	7108	4679	4967	7299	24053
	5p	+	7	7329	4656	4937	7131	24053
	5p	+	8	7651	4555	4545	7302	24053
	5p	+	9	7760	4519	4522	7252	24053
	5p	+	10	7740	4544	4502	7267	24053
	5p	+	11	7514	4626	4635	7278	24053
	5p	+	12	7340	4689	4641	7383	24053
	5p	+	13	7526	4653	4523	7351	24053
	5p	+	14	7573	4640	4465	7375	24053
	5p	+	15	7476	4792	4564	7221	24053
	5p	+	16	7471	4525	4531	7526	24053
	5p	+	17	7462	4675	4494	7422	24053
	5p	+	18	7473	4729	4500	7351	24053
	5p	+	19	7412	4588	4527	7526	24053
	5p	+	20	7472	4683	4561	7337	24053
	5p	+	21	7352	4648	4696	7357	24053
	5p	+	22	7464	4609	4557	7423	24053
	5p	+	23	7622	4655	4543	7233	24053
	5p	+	24	7574	4568	4532	7379	24053
	5p	+	25	7584	4657	4517	7295	24053
	5p	+	26	7685	4666	4524	7178	24053
	5p	+	27	7505	4672	4567	7309	24053
	5p	+	28	7532	4739	4441	7341	24053
	5p	+	29	7736	4753	4337	7227	24053
	5p	+	30	7754	4582	4480	7237	24053
	5p	+	31	7543	4438	4285	6973	23239
	5p	+	32	7150	4286	4164	6832	22432
	5p	+	33	6967	4103	4050	6500	21620
	5p	+	34	6749	3912	3804	6433	20898
	5p	+	35	6515	3942	3578	6120	20155
	5p	+	36	6339	3768	3512	5780	19399
	5p	+	37	6004	3540	3384	5744	18672
	5p	+	38	5772	3480	3224	5438	17914
	5p	+	39	5482	3257	3135	5330	17204
	5p	+	40	5306	3137	2970	5038	16451
	5p	+	41	4988	3057	2854	4860	15759
	5p	+	42	4856	2833	2765	4647	15101
	5p	+	43	4627	2761	2646	4415	14449
	5p	+	44	4452	2617	2506	4189	13764
	5p	+	45	4284	2518	2384	3976	13162
	5p	+	46	4050	2390	2232	3838	12510
	5p	+	47	3845	2284	2132	3616	11877
	5p	+	48	3626	2173	2071	3432	11302
	5p	+	49	3420	2017	2029	3294	10760
	5p	+	50	3255	1923	1940	3141	10259
	5p	+	51	3153	1898	1747	2969	9767
	5p	+	52	2996	1863	1673	2746	9278
	5p	+	53	2807	1684	1596	2708	8795
	5p	+	54	2655	1613	1567	2541	8376
	5p	+	55	2509	1484	1473	2433	7899
	5p	+	56	2320	1452	1417	2293	7482
	5p	+	57	2197	1374	1344	2191	7106
	5p	+	58	2147	1321	1220	2040	6728
	5p	+	59	2008	1269	1155	1913	6345
	5p	+	60	1900	1204	1108	1786	5998
	5p	+	61	1752	1084	1054	1761	5651
	5p	+	62	1711	1022	994	1561	5288
	5p	+	63	1606	912	926	1517	4961
	5p	+	64	1527	867	844	1422	4660
	5p	+	65	1421	846	815	1299	4381
	5p	+	66	1313	778	756	1260	4107
	5p	+	67	1211	742	729	1171	3853
	5p	+	68	1120	674	674	1138	3606
	5p	+	69	1078	670	645	991	3384
	5p	+	70	996	615	570	972	3153
	5p	+	71	957	559	544	865	2925
	5p	+	72	879	507	537	791	2714
	5p	+	73	821	506	457	733	2517
	5p	+	74	709	446	437	745	2337
	5p	+	75	668	423	403	652	2146
	5p	+	76	618	366	363	624	1971
	5p	+	77	555	348	362	547	1812
	5p	+	78	509	330	297	515	1651
	5p	+	79	500	274	296	429	1499
	5p	+	80	449	235	238	430	1352
	5p	+	81	383	216	245	361	1205
	5p	+	82	364	213	199	309	1085
	5p	+	83	332	165	169	274	940
	5p	+	84	237	161	143	261	802
	5p	+	85	222	123	116	202	663
	5p	+	86	195	99	104	152	550
	5p	+	87	171	82	63	126	442
	5p	+	88	121	65	69	100	355
	5p	+	89	88	41	52	92	273
	5p	+	90	51	26	24	60	161
	5p	+	91	21	14	9	31	75
	5p	+	92	0	0	0	0	0
	5p	+	93	0	0	0	0	0
	5p	+	94	0	0	0	0	0
	5p	+	95	0	0	0	0	0
	5p	+	96	0	0	0	0	0
	5p	+	97	0	0	0	0	0
	5p	+	98	0	0	0	0	0
	5p	+	99	0	0	0	0	0
	5p	+	100	0	0	0	0	0
	5p	-	1	8230	4592	3621	7609	24052
	5p	-	2	7336	4193	4907	7613	24049
	5p	-	3	7441	4687	4758	7166	24052
	5p	-	4	7534	4672	4840	7006	24052
	5p	-	5	7213	4736	4801	7302	24052
	5p	-	6	7119	4656	4856	7421	24052
	5p	-	7	7389	4703	4771	7189	24052
	5p	-	8	7747	4566	4593	7146	24052
	5p	-	9	7670	4540	4607	7235	24052
	5p	-	10	7556	4650	4513	7333	24052
	5p	-	11	7469	4738	4577	7268	24052
	5p	-	12	7438	4911	4490	7213	24052
	5p	-	13	7530	4750	4527	7245	24052
	5p	-	14	7453	4757	4492	7350	24052
	5p	-	15	7452	4721	4562	7317	24052
	5p	-	16	7489	4711	4476	7376	24052
	5p	-	17	7613	4592	4526	7321	24052
	5p	-	18	7468	4587	4635	7362	24052
	5p	-	19	7484	4748	4544	7276	24052
	5p	-	20	7566	4692	4529	7265	24052
	5p	-	21	7638	4579	4512	7323	24052
	5p	-	22	7519	4593	4657	7282	24051
	5p	-	23	7546	4556	4543	7407	24052
	5p	-	24	7534	4674	4609	7235	24052
	5p	-	25	7575	4681	4468	7328	24052
	5p	-	26	7599	4544	4576	7332	24051
	5p	-	27	7589	4716	4553	7194	24052
	5p	-	28	7683	4617	4482	7270	24052
	5p	-	29	7722	4631	4446	7253	24052
	5p	-	30	7707	4661	4343	7341	24052
	5p	-	31	7527	4422	4235	7073	23257
	5p	-	32	7125	4276	4283	6813	22497
	5p	-	33	7153	4175	3943	6493	21764
	5p	-	34	6818	3900	3893	6392	21003
	5p	-	35	6561	3909	3726	6035	20231
	5p	-	36	6297	3715	3556	5908	19476
	5p	-	37	6153	3489	3438	5634	18714
	5p	-	38	5871	3466	3095	5546	17978
	5p	-	39	5588	3271	3172	5210	17241
	5p	-	40	5255	3110	3075	5118	16558
	5p	-	41	5092	2988	2885	4875	15840
	5p	-	42	4879	2902	2790	4568	15139
	5p	-	43	4669	2785	2597	4395	14446
	5p	-	44	4454	2609	2532	4171	13766
	5p	-	45	4170	2532	2415	4048	13165
	5p	-	46	4062	2387	2303	3783	12535
	5p	-	47	3909	2314	2216	3551	11990
	5p	-	48	3783	2167	2074	3371	11395
	5p	-	49	3503	2079	1987	3280	10849
	5p	-	50	3357	1967	1903	3070	10297
	5p	-	51	3190	1881	1790	2922	9783
	5p	-	52	3057	1741	1712	2765	9275
	5p	-	53	2999	1602	1568	2619	8788
	5p	-	54	2742	1594	1517	2505	8358
	5p	-	55	2584	1575	1390	2399	7948
	5p	-	56	2410	1470	1332	2316	7528
	5p	-	57	2353	1326	1321	2143	7143
	5p	-	58	2172	1301	1196	2100	6769
	5p	-	59	2087	1268	1116	1971	6442
	5p	-	60	1953	1130	1136	1868	6087
	5p	-	61	1829	1074	1058	1785	5746
	5p	-	62	1721	1033	991	1663	5408
	5p	-	63	1676	944	926	1564	5110
	5p	-	64	1546	947	837	1473	4803
	5p	-	65	1448	920	824	1315	4507
	5p	-	66	1374	770	760	1334	4238
	5p	-	67	1281	762	762	1167	3972
	5p	-	68	1207	722	681	1095	3705
	5p	-	69	1101	701	621	1047	3470
	5p	-	70	1037	630	581	973	3221
	5p	-	71	946	597	589	838	2970
	5p	-	72	887	585	451	821	2744
	5p	-	73	819	468	459	803	2549
	5p	-	74	753	480	414	697	2344
	5p	-	75	710	426	352	674	2162
	5p	-	76	623	370	375	619	1987
	5p	-	77	606	337	349	542	1834
	5p	-	78	545	291	286	538	1660
	5p	-	79	480	294	270	452	1496
	5p	-	80	459	255	245	408	1367
	5p	-	81	395	225	219	382	1221
	5p	-	82	358	221	180	314	1073
	5p	-	83	316	164	166	280	926
	5p	-	84	275	158	136	246	815
	5p	-	85	217	133	108	229	687
	5p	-	86	188	97	110	186	581
	5p	-	87	171	75	74	151	471
	5p	-	88	119	68	66	112	365
	5p	-	89	86	35	58	82	261
	5p	-	90	62	27	24	45	158
	5p	-	91	37	15	8	26	86
	5p	-	92	0	0	0	0	0
	5p	-	93	0	0	0	0	0
	5p	-	94	0	0	0	0	0
	5p	-	95	0	0	0	0	0
	5p	-	96	0	0	0	0	0
	5p	-	97	0	0	0	0	0
	5p	-	98	0	0	0	0	0
	5p	-	99	0	0	0	0	0
	5p	-	100	0	0	0	0	0
