# table produced by DamageProfiler
# using mapped file PcA005.ReedbuckBh_Human_nc.Target.rmdup.noMicro.bam
# Sample ID: PcA005.ReedbuckBh_Human_nc.Target.rmdup.noMicro.bam
Pos	C>T	G>A	A>C	A>G	A>T	C>A	C>G	G>C	G>T	T>A	T>C	T>G	->ACGT	ACGT>-
24	0.022556	0.015267	0.045198	0.039548	0.005650	0.018797	0.030075	0.019084	0.019084	0.030303	0.045455	0.007576	0.028674	0.000000
23	0.003497	0.038627	0.036082	0.036082	0.025773	0.010490	0.027972	0.047210	0.004292	0.000000	0.033058	0.016529	0.032374	0.000000
22	0.015038	0.033613	0.000000	0.010638	0.010638	0.022556	0.030075	0.025210	0.016807	0.014184	0.035461	0.021277	0.031212	0.000000
21	0.021583	0.012295	0.015464	0.041237	0.010309	0.025180	0.028777	0.024590	0.012295	0.016393	0.057377	0.000000	0.029833	0.000000
20	0.000000	0.007968	0.009901	0.029703	0.004950	0.007663	0.015326	0.015936	0.027888	0.023438	0.039063	0.023438	0.022565	0.000000
19	0.011765	0.015748	0.023474	0.032864	0.018779	0.023529	0.031373	0.035433	0.011811	0.034188	0.025641	0.008547	0.030989	0.000000
18	0.018519	0.007905	0.020513	0.025641	0.020513	0.014815	0.029630	0.039526	0.007905	0.016260	0.032520	0.024390	0.024970	0.000000
17	0.014134	0.019305	0.032086	0.026738	0.032086	0.017668	0.035336	0.015444	0.023166	0.018519	0.046296	0.009259	0.029869	0.000000
16	0.017422	0.025926	0.000000	0.035503	0.035503	0.017422	0.013937	0.040741	0.011111	0.025210	0.008403	0.025210	0.022485	0.000000
15	0.003846	0.021097	0.045918	0.005102	0.010204	0.011538	0.034615	0.029536	0.012658	0.021127	0.049296	0.035211	0.033533	0.000000
14	0.014870	0.033333	0.048649	0.032432	0.005405	0.029740	0.029740	0.040741	0.007407	0.018018	0.018018	0.027027	0.038323	0.000000
13	0.007273	0.007874	0.027624	0.027624	0.016575	0.007273	0.021818	0.051181	0.007874	0.022222	0.022222	0.022222	0.022485	0.000000
12	0.007905	0.011236	0.015075	0.045226	0.010050	0.027668	0.015810	0.022472	0.011236	0.043860	0.043860	0.052632	0.033613	0.000000
11	0.007220	0.024490	0.020000	0.025000	0.010000	0.018051	0.025271	0.012245	0.012245	0.043103	0.025862	0.017241	0.033413	0.000000
10	0.011583	0.004082	0.014286	0.023810	0.009524	0.007722	0.007722	0.036735	0.008163	0.016129	0.088710	0.024194	0.032220	0.000000
9	0.014545	0.012931	0.024155	0.019324	0.028986	0.032727	0.032727	0.025862	0.004310	0.031746	0.023810	0.015873	0.029762	0.000000
8	0.008032	0.015444	0.010638	0.026596	0.005319	0.028112	0.036145	0.027027	0.007722	0.021429	0.028571	0.028571	0.038278	0.000000
7	0.023166	0.007813	0.009709	0.019417	0.014563	0.015444	0.027027	0.031250	0.007813	0.041322	0.024793	0.024793	0.026128	0.000000
6	0.007435	0.015564	0.014778	0.014778	0.019704	0.022305	0.018587	0.019455	0.011673	0.017699	0.035398	0.026549	0.023753	0.000000
5	0.007605	0.019305	0.004525	0.018100	0.004525	0.015209	0.026616	0.023166	0.000000	0.033613	0.067227	0.008403	0.009281	0.000000
4	0.016461	0.014286	0.017544	0.035088	0.030702	0.024691	0.028807	0.017857	0.014286	0.042373	0.059322	0.025424	0.001151	0.000000
3	0.003861	0.032847	0.023923	0.019139	0.019139	0.019305	0.011583	0.018248	0.014599	0.023622	0.055118	0.031496	0.001151	0.000000
2	0.017986	0.011364	0.009615	0.024038	0.009615	0.014388	0.010791	0.022727	0.011364	0.058333	0.016667	0.041667	0.000000	0.000000
1	0.012658	0.012876	0.019802	0.024752	0.000000	0.015823	0.015823	0.042918	0.021459	0.025424	0.016949	0.042373	0.000000	0.000000
0	0.014925	0.027559	0.011673	0.015564	0.003891	0.026119	0.026119	0.031496	0.007874	0.109890	0.076923	0.043956	0.000000	0.000000
