# table produced by DamageProfiler
# using mapped file PcA005.ReedbuckBh_Human_nc.Target.rmdup.noMicro.bam
# Sample ID: PcA005.ReedbuckBh_Human_nc.Target.rmdup.noMicro.bam
Chr	End	Std	Pos	A	C	G	T	Total
	3p	+	1	134	117	129	38	418
	3p	+	2	104	151	109	54	418
	3p	+	3	107	138	120	53	418
	3p	+	4	96	129	133	60	418
	3p	+	5	113	110	136	59	418
	3p	+	6	107	129	125	57	418
	3p	+	7	99	128	132	59	418
	3p	+	8	117	126	119	56	418
	3p	+	9	101	121	131	65	418
	3p	+	10	89	138	121	70	418
	3p	+	11	101	132	127	58	418
	3p	+	12	103	138	121	56	418
	3p	+	13	100	125	141	52	418
	3p	+	14	91	128	120	79	418
	3p	+	15	94	134	130	60	418
	3p	+	16	97	133	126	62	418
	3p	+	17	85	128	140	65	418
	3p	+	18	94	136	129	59	418
	3p	+	19	99	134	133	52	418
	3p	+	20	108	126	128	56	418
	3p	+	21	96	118	138	66	418
	3p	+	22	95	129	133	61	418
	3p	+	23	107	132	104	75	418
	3p	+	24	96	148	105	69	418
	3p	+	25	88	134	128	68	418
	3p	+	26	97	124	125	72	418
	3p	+	27	96	139	121	62	418
	3p	+	28	108	138	117	55	418
	3p	+	29	96	134	120	68	418
	3p	+	30	102	142	118	56	418
	3p	+	31	46	66	63	30	205
	3p	+	32	27	26	30	28	111
	3p	+	33	18	24	17	19	78
	3p	+	34	17	12	17	11	57
	3p	+	35	13	13	12	10	48
	3p	+	36	15	12	9	5	41
	3p	+	37	15	10	6	7	38
	3p	+	38	11	12	7	7	37
	3p	+	39	13	9	6	6	34
	3p	+	40	13	6	4	9	32
	3p	+	41	8	10	4	10	32
	3p	+	42	5	9	5	11	30
	3p	+	43	14	6	3	7	30
	3p	+	44	8	8	2	9	27
	3p	+	45	10	7	4	6	27
	3p	+	46	6	9	5	5	25
	3p	+	47	7	3	6	8	24
	3p	+	48	6	7	4	5	22
	3p	+	49	4	6	6	6	22
	3p	+	50	6	4	0	12	22
	3p	+	51	5	10	2	3	20
	3p	+	52	4	6	2	8	20
	3p	+	53	6	6	6	2	20
	3p	+	54	8	5	2	4	19
	3p	+	55	10	2	3	4	19
	3p	+	56	8	2	3	5	18
	3p	+	57	7	3	4	3	17
	3p	+	58	5	2	4	6	17
	3p	+	59	7	2	6	2	17
	3p	+	60	4	4	3	6	17
	3p	+	61	10	1	2	3	16
	3p	+	62	4	4	3	5	16
	3p	+	63	5	3	1	7	16
	3p	+	64	5	0	5	5	15
	3p	+	65	7	1	2	5	15
	3p	+	66	5	1	3	6	15
	3p	+	67	4	5	1	5	15
	3p	+	68	8	0	2	4	14
	3p	+	69	3	3	4	4	14
	3p	+	70	7	2	4	0	13
	3p	+	71	5	2	2	4	13
	3p	+	72	3	5	3	2	13
	3p	+	73	6	0	0	7	13
	3p	+	74	5	2	4	2	13
	3p	+	75	6	2	0	5	13
	3p	+	76	4	5	2	2	13
	3p	+	77	4	3	3	3	13
	3p	+	78	4	3	0	5	12
	3p	+	79	4	1	1	6	12
	3p	+	80	3	2	3	4	12
	3p	+	81	4	0	3	5	12
	3p	+	82	6	3	0	3	12
	3p	+	83	1	4	5	2	12
	3p	+	84	3	2	1	5	11
	3p	+	85	5	1	1	4	11
	3p	+	86	3	2	4	2	11
	3p	+	87	6	0	3	2	11
	3p	+	88	4	1	4	2	11
	3p	+	89	6	1	0	4	11
	3p	+	90	1	2	3	4	10
	3p	+	91	1	2	1	5	9
	3p	+	92	1	6	0	2	9
	3p	+	93	1	3	0	5	9
	3p	+	94	2	4	1	2	9
	3p	+	95	2	3	3	1	9
	3p	+	96	4	0	2	3	9
	3p	+	97	1	4	2	2	9
	3p	+	98	2	2	2	3	9
	3p	+	99	2	1	3	3	9
	3p	+	100	5	2	1	1	9
	3p	-	1	139	151	123	39	452
	3p	-	2	100	167	121	64	452
	3p	-	3	106	138	145	63	452
	3p	-	4	117	138	135	62	452
	3p	-	5	112	132	149	59	452
	3p	-	6	123	140	137	52	452
	3p	-	7	109	148	133	62	452
	3p	-	8	97	136	149	70	452
	3p	-	9	99	137	145	71	452
	3p	-	10	123	137	129	63	452
	3p	-	11	108	155	127	62	452
	3p	-	12	110	142	139	61	452
	3p	-	13	105	138	147	62	452
	3p	-	14	90	164	138	60	452
	3p	-	15	101	148	149	54	452
	3p	-	16	103	150	121	78	452
	3p	-	17	89	166	130	67	452
	3p	-	18	93	153	141	65	452
	3p	-	19	96	144	131	81	452
	3p	-	20	108	140	137	67	452
	3p	-	21	110	153	123	66	452
	3p	-	22	107	150	126	69	452
	3p	-	23	104	135	138	75	452
	3p	-	24	100	158	132	62	452
	3p	-	25	93	143	143	73	452
	3p	-	26	120	124	131	77	452
	3p	-	27	94	146	139	73	452
	3p	-	28	96	147	130	79	452
	3p	-	29	106	161	116	69	452
	3p	-	30	78	170	139	65	452
	3p	-	31	52	70	62	32	216
	3p	-	32	31	43	37	21	132
	3p	-	33	32	25	21	17	95
	3p	-	34	24	21	15	16	76
	3p	-	35	18	17	17	20	72
	3p	-	36	23	18	16	13	70
	3p	-	37	20	15	11	20	66
	3p	-	38	22	11	15	15	63
	3p	-	39	22	10	11	16	59
	3p	-	40	21	15	12	8	56
	3p	-	41	18	12	10	16	56
	3p	-	42	21	12	11	12	56
	3p	-	43	18	13	9	14	54
	3p	-	44	14	12	10	14	50
	3p	-	45	14	10	5	18	47
	3p	-	46	12	9	11	13	45
	3p	-	47	15	9	8	11	43
	3p	-	48	20	4	5	13	42
	3p	-	49	13	11	11	7	42
	3p	-	50	14	11	6	10	41
	3p	-	51	10	11	4	14	39
	3p	-	52	8	11	13	6	38
	3p	-	53	9	3	9	14	35
	3p	-	54	15	10	2	8	35
	3p	-	55	15	9	4	7	35
	3p	-	56	12	9	5	8	34
	3p	-	57	9	13	6	6	34
	3p	-	58	10	9	9	5	33
	3p	-	59	12	6	9	6	33
	3p	-	60	11	10	3	9	33
	3p	-	61	8	3	11	9	31
	3p	-	62	10	3	10	8	31
	3p	-	63	12	7	6	6	31
	3p	-	64	7	7	4	9	27
	3p	-	65	7	7	5	6	25
	3p	-	66	6	6	2	11	25
	3p	-	67	10	3	6	6	25
	3p	-	68	10	5	3	6	24
	3p	-	69	8	5	8	2	23
	3p	-	70	3	5	5	10	23
	3p	-	71	9	5	6	3	23
	3p	-	72	6	7	5	5	23
	3p	-	73	9	0	7	7	23
	3p	-	74	7	4	4	8	23
	3p	-	75	10	4	5	4	23
	3p	-	76	5	5	3	10	23
	3p	-	77	5	5	6	7	23
	3p	-	78	5	3	5	9	22
	3p	-	79	6	7	2	6	21
	3p	-	80	4	7	3	7	21
	3p	-	81	3	6	6	5	20
	3p	-	82	7	3	3	6	19
	3p	-	83	4	4	4	7	19
	3p	-	84	7	2	6	3	18
	3p	-	85	5	6	1	5	17
	3p	-	86	5	3	2	7	17
	3p	-	87	5	2	4	5	16
	3p	-	88	4	6	2	2	14
	3p	-	89	3	4	3	4	14
	3p	-	90	4	5	3	2	14
	3p	-	91	4	4	3	3	14
	3p	-	92	4	2	3	5	14
	3p	-	93	6	2	2	3	13
	3p	-	94	1	4	4	4	13
	3p	-	95	2	2	2	7	13
	3p	-	96	3	3	0	7	13
	3p	-	97	5	1	2	4	12
	3p	-	98	3	2	2	4	11
	3p	-	99	0	2	2	6	10
	3p	-	100	3	1	3	3	10
	5p	+	1	99	136	128	55	418
	5p	+	2	83	128	130	77	418
	5p	+	3	103	144	111	60	418
	5p	+	4	86	156	105	71	418
	5p	+	5	95	128	125	70	418
	5p	+	6	83	130	141	64	418
	5p	+	7	95	136	119	68	418
	5p	+	8	104	145	104	65	418
	5p	+	9	110	129	123	56	418
	5p	+	10	102	129	120	67	418
	5p	+	11	105	120	129	64	418
	5p	+	12	84	144	130	60	418
	5p	+	13	97	134	122	65	418
	5p	+	14	102	124	138	54	418
	5p	+	15	101	122	128	67	418
	5p	+	16	89	129	142	58	418
	5p	+	17	91	135	114	78	418
	5p	+	18	91	129	135	63	418
	5p	+	19	99	134	123	62	418
	5p	+	20	91	134	129	64	418
	5p	+	21	99	148	120	51	418
	5p	+	22	91	124	140	63	418
	5p	+	23	109	137	118	54	418
	5p	+	24	98	127	126	67	418
	5p	+	25	113	123	125	57	418
	5p	+	26	111	129	121	57	418
	5p	+	27	99	121	145	53	418
	5p	+	28	96	128	132	62	418
	5p	+	29	108	142	104	64	418
	5p	+	30	129	123	122	44	418
	5p	+	31	63	55	49	38	205
	5p	+	32	37	26	34	14	111
	5p	+	33	29	20	17	12	78
	5p	+	34	18	11	15	13	57
	5p	+	35	20	9	9	10	48
	5p	+	36	17	5	6	13	41
	5p	+	37	15	11	8	4	38
	5p	+	38	19	4	2	12	37
	5p	+	39	10	7	6	11	34
	5p	+	40	9	8	8	7	32
	5p	+	41	11	7	2	12	32
	5p	+	42	8	7	5	10	30
	5p	+	43	9	3	9	9	30
	5p	+	44	10	10	5	2	27
	5p	+	45	12	6	4	5	27
	5p	+	46	10	5	4	6	25
	5p	+	47	10	8	3	3	24
	5p	+	48	6	5	2	9	22
	5p	+	49	8	5	3	6	22
	5p	+	50	6	6	3	7	22
	5p	+	51	8	2	6	4	20
	5p	+	52	8	3	4	5	20
	5p	+	53	6	4	7	3	20
	5p	+	54	8	5	2	4	19
	5p	+	55	10	1	3	5	19
	5p	+	56	5	6	5	2	18
	5p	+	57	4	4	4	5	17
	5p	+	58	5	5	4	3	17
	5p	+	59	5	3	4	5	17
	5p	+	60	7	3	1	6	17
	5p	+	61	4	4	2	6	16
	5p	+	62	8	3	3	2	16
	5p	+	63	5	4	4	3	16
	5p	+	64	4	1	7	3	15
	5p	+	65	4	3	3	5	15
	5p	+	66	5	3	3	4	15
	5p	+	67	2	0	6	7	15
	5p	+	68	6	4	2	2	14
	5p	+	69	8	2	2	2	14
	5p	+	70	4	7	1	1	13
	5p	+	71	4	2	2	5	13
	5p	+	72	4	3	2	4	13
	5p	+	73	4	2	3	4	13
	5p	+	74	7	3	1	2	13
	5p	+	75	4	0	2	7	13
	5p	+	76	6	2	2	3	13
	5p	+	77	4	5	4	0	13
	5p	+	78	3	2	5	2	12
	5p	+	79	3	4	2	3	12
	5p	+	80	4	3	3	2	12
	5p	+	81	5	0	1	6	12
	5p	+	82	5	3	4	0	12
	5p	+	83	4	1	3	4	12
	5p	+	84	3	1	2	5	11
	5p	+	85	3	4	2	2	11
	5p	+	86	4	3	1	3	11
	5p	+	87	3	3	1	4	11
	5p	+	88	1	7	1	2	11
	5p	+	89	4	4	1	2	11
	5p	+	90	5	1	2	2	10
	5p	+	91	1	1	5	2	9
	5p	+	92	3	1	2	3	9
	5p	+	93	4	1	1	3	9
	5p	+	94	2	0	1	6	9
	5p	+	95	3	1	3	2	9
	5p	+	96	4	1	2	2	9
	5p	+	97	4	0	3	2	9
	5p	+	98	4	3	1	1	9
	5p	+	99	2	2	2	3	9
	5p	+	100	2	1	3	3	9
	5p	-	1	89	172	139	52	452
	5p	-	2	91	158	140	63	452
	5p	-	3	90	146	130	86	452
	5p	-	4	114	159	118	61	452
	5p	-	5	107	122	141	82	452
	5p	-	6	100	136	150	66	452
	5p	-	7	90	159	136	67	452
	5p	-	8	106	147	129	70	452
	5p	-	9	89	161	125	77	452
	5p	-	10	105	134	141	72	452
	5p	-	11	113	145	131	63	452
	5p	-	12	104	138	138	72	452
	5p	-	13	84	148	141	79	452
	5p	-	14	96	165	120	71	452
	5p	-	15	89	150	129	84	452
	5p	-	16	103	153	141	55	452
	5p	-	17	79	152	150	71	452
	5p	-	18	110	155	130	57	452
	5p	-	19	107	135	149	61	452
	5p	-	20	110	139	142	61	452
	5p	-	21	126	144	121	61	452
	5p	-	22	105	144	145	58	452
	5p	-	23	104	131	138	79	452
	5p	-	24	108	135	140	69	452
	5p	-	25	116	150	130	56	452
	5p	-	26	114	122	151	65	452
	5p	-	27	117	143	137	55	452
	5p	-	28	120	141	135	56	452
	5p	-	29	104	151	130	67	452
	5p	-	30	135	143	130	44	452
	5p	-	31	44	91	50	31	216
	5p	-	32	39	44	34	15	132
	5p	-	33	31	27	20	17	95
	5p	-	34	29	17	18	12	76
	5p	-	35	24	17	17	14	72
	5p	-	36	27	19	13	11	70
	5p	-	37	22	18	13	13	66
	5p	-	38	18	12	14	19	63
	5p	-	39	16	16	9	18	59
	5p	-	40	24	14	9	9	56
	5p	-	41	20	17	7	12	56
	5p	-	42	21	13	9	13	56
	5p	-	43	18	17	7	12	54
	5p	-	44	20	9	11	10	50
	5p	-	45	13	9	10	15	47
	5p	-	46	15	10	6	14	45
	5p	-	47	16	11	7	9	43
	5p	-	48	14	12	5	11	42
	5p	-	49	21	9	3	9	42
	5p	-	50	10	13	6	12	41
	5p	-	51	13	12	7	7	39
	5p	-	52	14	9	4	11	38
	5p	-	53	10	5	7	13	35
	5p	-	54	10	9	3	13	35
	5p	-	55	12	6	7	10	35
	5p	-	56	12	13	7	2	34
	5p	-	57	11	7	7	9	34
	5p	-	58	10	6	5	12	33
	5p	-	59	8	5	10	10	33
	5p	-	60	12	4	6	11	33
	5p	-	61	9	6	5	11	31
	5p	-	62	9	6	7	9	31
	5p	-	63	7	6	6	12	31
	5p	-	64	12	4	7	4	27
	5p	-	65	7	4	3	11	25
	5p	-	66	5	7	6	7	25
	5p	-	67	13	6	2	4	25
	5p	-	68	8	1	5	10	24
	5p	-	69	6	8	2	7	23
	5p	-	70	9	5	3	6	23
	5p	-	71	5	5	3	10	23
	5p	-	72	5	4	4	10	23
	5p	-	73	6	5	6	6	23
	5p	-	74	10	4	4	5	23
	5p	-	75	6	7	6	4	23
	5p	-	76	9	5	3	6	23
	5p	-	77	9	4	4	6	23
	5p	-	78	11	1	5	5	22
	5p	-	79	5	3	6	7	21
	5p	-	80	8	6	4	3	21
	5p	-	81	10	3	3	4	20
	5p	-	82	5	3	6	5	19
	5p	-	83	5	2	3	9	19
	5p	-	84	4	3	4	7	18
	5p	-	85	5	7	4	1	17
	5p	-	86	4	4	4	5	17
	5p	-	87	3	3	5	5	16
	5p	-	88	2	5	1	6	14
	5p	-	89	4	2	3	5	14
	5p	-	90	3	4	4	3	14
	5p	-	91	3	4	3	4	14
	5p	-	92	6	5	1	2	14
	5p	-	93	3	4	3	3	13
	5p	-	94	2	2	4	5	13
	5p	-	95	4	2	5	2	13
	5p	-	96	7	1	4	1	13
	5p	-	97	5	1	4	2	12
	5p	-	98	6	3	0	2	11
	5p	-	99	0	2	2	6	10
	5p	-	100	2	1	2	5	10
