# table produced by DamageProfiler
# using mapped file ScA034.BuffaloCape_Human_nc.Target.rmdup.noMicro.bam
# Sample ID: ScA034.BuffaloCape_Human_nc.Target.rmdup.noMicro.bam
Pos	C>T	G>A	A>C	A>G	A>T	C>A	C>G	G>C	G>T	T>A	T>C	T>G	->ACGT	ACGT>-
0	0.051087	0.008004	0.002252	0.003685	0.001433	0.005435	0.002174	0.002825	0.007062	0.001767	0.003313	0.002208	0.000000	0.000000
1	0.015638	0.005637	0.001708	0.004271	0.001495	0.002959	0.002959	0.002255	0.004885	0.002398	0.002834	0.001308	0.000000	0.000000
2	0.009040	0.003563	0.001507	0.001938	0.001292	0.003390	0.002260	0.001188	0.005542	0.001119	0.002013	0.000895	0.000070	0.000000
3	0.005843	0.005774	0.000883	0.003091	0.001546	0.002337	0.001558	0.000722	0.004331	0.001355	0.004065	0.000452	0.000140	0.000000
4	0.006993	0.002155	0.001106	0.003097	0.001327	0.001554	0.000389	0.000359	0.003592	0.001365	0.002048	0.001365	0.000841	0.000000
5	0.007883	0.003243	0.000904	0.002937	0.002711	0.001502	0.000375	0.000721	0.002162	0.001587	0.003400	0.001133	0.000770	0.000000
6	0.005959	0.002110	0.000438	0.002191	0.001534	0.001986	0.000397	0.001055	0.004923	0.002070	0.003451	0.001150	0.000771	0.000000
7	0.006717	0.005385	0.002310	0.002941	0.001050	0.002371	0.000395	0.002308	0.005000	0.001371	0.001599	0.001599	0.001051	0.000000
8	0.004183	0.003976	0.001274	0.001274	0.001487	0.001901	0.000000	0.002783	0.005169	0.001588	0.003631	0.001815	0.001613	0.000000
9	0.006107	0.005385	0.000859	0.003437	0.001504	0.001908	0.001527	0.001538	0.006923	0.002051	0.002734	0.001823	0.001192	0.000000
10	0.004192	0.004601	0.000647	0.001941	0.002157	0.001524	0.001524	0.000767	0.003834	0.001362	0.002043	0.000681	0.001051	0.000000
11	0.007050	0.003791	0.000434	0.002819	0.000867	0.001113	0.000742	0.002654	0.006444	0.002083	0.003241	0.000926	0.001332	0.000000
12	0.007973	0.003755	0.001073	0.002575	0.001073	0.001898	0.000759	0.001878	0.001878	0.001391	0.003013	0.000927	0.001121	0.000000
13	0.006503	0.003036	0.001964	0.003273	0.001527	0.001913	0.001148	0.002657	0.004934	0.001803	0.001578	0.001353	0.000981	0.000000
14	0.005580	0.006479	0.001766	0.002870	0.001104	0.002232	0.000372	0.001524	0.003430	0.000678	0.003390	0.000000	0.001262	0.000000
15	0.006013	0.004207	0.000437	0.001967	0.000437	0.001503	0.001127	0.001147	0.004589	0.001811	0.003622	0.001585	0.000911	0.000000
16	0.004887	0.003888	0.000636	0.002757	0.000424	0.000000	0.001128	0.002333	0.003499	0.002080	0.002080	0.001387	0.000701	0.000000
17	0.006623	0.003978	0.001964	0.001964	0.000655	0.002337	0.000390	0.001447	0.003617	0.002071	0.001611	0.000920	0.001473	0.000000
18	0.005639	0.003860	0.001739	0.002609	0.001957	0.000376	0.000000	0.002702	0.004245	0.001135	0.002725	0.000908	0.001403	0.000000
19	0.006273	0.002776	0.000877	0.002632	0.002412	0.003321	0.001107	0.001586	0.003965	0.001564	0.001788	0.000894	0.000911	0.000000
20	0.008627	0.004249	0.001095	0.002190	0.000876	0.003001	0.001125	0.001545	0.002317	0.001351	0.002928	0.000450	0.000912	0.000000
21	0.008299	0.003538	0.001528	0.002183	0.000873	0.002641	0.001132	0.001572	0.005503	0.002003	0.003115	0.002003	0.001121	0.000000
22	0.008894	0.001582	0.001276	0.001489	0.001064	0.002707	0.001933	0.001977	0.004745	0.001801	0.002476	0.001801	0.001613	0.000000
23	0.007112	0.006931	0.001074	0.002577	0.000859	0.000790	0.003556	0.002695	0.005006	0.001115	0.001561	0.001115	0.000631	0.000000
24	0.008155	0.004108	0.001502	0.001931	0.001717	0.001165	0.000000	0.001867	0.005228	0.001147	0.003440	0.001605	0.000911	0.000000
