# table produced by DamageProfiler
# using mapped file ScA034.BuffaloCape_Human_nc.Target.rmdup.noMicro.bam
# Sample ID: ScA034.BuffaloCape_Human_nc.Target.rmdup.noMicro.bam
Chr	End	Std	Pos	A	C	G	T	Total	G>A	C>T	A>G	T>C	A>C	A>T	C>G	C>A	T>G	T>A	G>C	G>T	A>-	T>-	C>-	G>-	->A	->T	->C	->G	S
	3p	+	1	2889.0	1061.0	845.0	2429.0	7224.0	3.0	245.0	6.0	6.0	3.0	14.0	0.0	15.0	1.0	5.0	0.0	5.0	0.0	0.0	0.0	0.0	0.0	0.0	0.0	0.0	0.0
	3p	+	2	2580.0	1502.0	992.0	2150.0	7224.0	6.0	111.0	2.0	4.0	8.0	3.0	5.0	4.0	4.0	6.0	0.0	7.0	0.0	0.0	0.0	0.0	0.0	0.0	0.0	0.0	0.0
	3p	+	3	2533.0	1316.0	1195.0	2180.0	7224.0	4.0	9.0	7.0	4.0	4.0	7.0	2.0	7.0	6.0	8.0	5.0	5.0	0.0	0.0	0.0	0.0	0.0	0.0	0.0	0.0	0.0
	3p	+	4	2537.0	1331.0	1194.0	2162.0	7224.0	6.0	9.0	3.0	3.0	8.0	6.0	1.0	2.0	1.0	10.0	2.0	3.0	0.0	0.0	0.0	0.0	0.0	0.0	0.0	0.0	0.0
	3p	+	5	2531.0	1263.0	1232.0	2198.0	7224.0	7.0	11.0	8.0	4.0	0.0	2.0	1.0	4.0	7.0	5.0	2.0	9.0	0.0	0.0	0.0	0.0	0.0	0.0	0.0	0.0	0.0
	3p	+	6	2618.0	1273.0	1206.0	2124.0	7221.0	6.0	7.0	7.0	2.0	3.0	2.0	0.0	6.0	2.0	1.0	3.0	4.0	0.0	0.0	0.0	0.0	1.0	0.0	1.0	1.0	0.0
	3p	+	7	2572.0	1184.0	1230.0	2223.0	7209.0	6.0	11.0	8.0	8.0	4.0	2.0	3.0	1.0	3.0	1.0	2.0	7.0	0.0	0.0	0.0	0.0	3.0	0.0	5.0	4.0	0.0
	3p	+	8	2571.0	1244.0	1230.0	2165.0	7210.0	7.0	1.0	9.0	9.0	3.0	5.0	3.0	5.0	4.0	3.0	3.0	9.0	0.0	0.0	0.0	0.0	3.0	0.0	5.0	3.0	0.0
	3p	+	9	2490.0	1157.0	1309.0	2252.0	7208.0	4.0	7.0	8.0	3.0	2.0	2.0	0.0	3.0	3.0	3.0	3.0	5.0	0.0	0.0	0.0	0.0	4.0	0.0	5.0	4.0	0.0
	3p	+	10	2469.0	1237.0	1294.0	2217.0	7217.0	9.0	3.0	9.0	5.0	2.0	4.0	0.0	3.0	2.0	6.0	3.0	4.0	0.0	0.0	0.0	0.0	1.0	0.0	3.0	1.0	0.0
	3p	+	11	2374.0	1367.0	1251.0	2218.0	7210.0	7.0	12.0	7.0	2.0	5.0	5.0	0.0	4.0	2.0	5.0	3.0	4.0	0.0	0.0	0.0	0.0	3.0	0.0	4.0	1.0	0.0
	3p	+	12	2387.0	1341.0	1356.0	2120.0	7204.0	5.0	4.0	9.0	6.0	9.0	2.0	2.0	1.0	3.0	3.0	1.0	3.0	0.0	0.0	0.0	0.0	3.0	0.0	7.0	4.0	0.0
	3p	+	13	2417.0	1298.0	1311.0	2181.0	7207.0	2.0	7.0	5.0	4.0	6.0	6.0	0.0	3.0	3.0	2.0	5.0	4.0	0.0	0.0	0.0	0.0	2.0	0.0	5.0	5.0	0.0
	3p	+	14	2399.0	1299.0	1346.0	2164.0	7208.0	6.0	9.0	8.0	2.0	3.0	4.0	0.0	3.0	3.0	7.0	5.0	5.0	0.0	0.0	0.0	0.0	3.0	0.0	5.0	4.0	0.0
	3p	+	15	2457.0	1253.0	1316.0	2180.0	7206.0	3.0	8.0	9.0	7.0	1.0	1.0	3.0	2.0	1.0	4.0	6.0	10.0	0.0	0.0	0.0	0.0	6.0	0.0	4.0	3.0	0.0
	3p	+	16	2303.0	1307.0	1346.0	2248.0	7204.0	8.0	10.0	2.0	13.0	1.0	2.0	2.0	4.0	4.0	4.0	3.0	8.0	0.0	0.0	0.0	0.0	7.0	0.0	3.0	5.0	0.0
	3p	+	17	2345.0	1344.0	1285.0	2233.0	7207.0	9.0	6.0	10.0	3.0	3.0	1.0	1.0	3.0	2.0	3.0	0.0	7.0	0.0	0.0	0.0	0.0	6.0	0.0	3.0	5.0	0.0
	3p	+	18	2344.0	1305.0	1315.0	2245.0	7209.0	2.0	12.0	6.0	8.0	1.0	4.0	1.0	3.0	2.0	0.0	1.0	5.0	0.0	0.0	0.0	0.0	3.0	0.0	4.0	5.0	0.0
	3p	+	19	2349.0	1305.0	1322.0	2238.0	7214.0	8.0	5.0	7.0	5.0	4.0	4.0	3.0	3.0	1.0	4.0	3.0	6.0	0.0	0.0	0.0	0.0	4.0	0.0	3.0	2.0	0.0
	3p	+	20	2329.0	1263.0	1335.0	2281.0	7208.0	10.0	7.0	4.0	5.0	0.0	2.0	2.0	1.0	3.0	3.0	3.0	6.0	0.0	0.0	0.0	0.0	7.0	0.0	2.0	3.0	0.0
	3p	+	21	2374.0	1312.0	1263.0	2259.0	7208.0	2.0	6.0	12.0	4.0	5.0	3.0	1.0	1.0	3.0	5.0	2.0	9.0	0.0	0.0	0.0	0.0	3.0	0.0	5.0	5.0	0.0
	3p	+	22	2250.0	1381.0	1268.0	2305.0	7204.0	2.0	4.0	5.0	10.0	2.0	2.0	1.0	7.0	3.0	3.0	2.0	6.0	0.0	0.0	0.0	0.0	6.0	0.0	6.0	3.0	0.0
	3p	+	23	2289.0	1261.0	1352.0	2305.0	7207.0	7.0	3.0	5.0	5.0	1.0	1.0	1.0	2.0	1.0	3.0	2.0	4.0	0.0	0.0	0.0	0.0	4.0	0.0	6.0	5.0	0.0
	3p	+	24	2363.0	1299.0	1294.0	2255.0	7211.0	3.0	10.0	5.0	7.0	3.0	2.0	1.0	2.0	6.0	6.0	3.0	6.0	0.0	0.0	0.0	0.0	6.0	0.0	2.0	1.0	0.0
	3p	+	25	2372.0	1313.0	1289.0	2241.0	7215.0	5.0	11.0	10.0	4.0	4.0	5.0	1.0	2.0	2.0	3.0	1.0	11.0	0.0	0.0	0.0	0.0	0.0	0.0	3.0	3.0	0.0
	3p	+	26	2375.0	1293.0	1307.0	2234.0	7209.0	3.0	7.0	1.0	9.0	2.0	7.0	1.0	2.0	3.0	2.0	1.0	3.0	0.0	0.0	0.0	0.0	6.0	0.0	5.0	2.0	0.0
	3p	+	27	2435.0	1257.0	1288.0	2236.0	7216.0	5.0	6.0	5.0	10.0	3.0	1.0	4.0	1.0	1.0	4.0	3.0	5.0	0.0	0.0	0.0	0.0	1.0	0.0	0.0	5.0	0.0
	3p	+	28	2424.0	1297.0	1357.0	2143.0	7221.0	6.0	5.0	4.0	1.0	1.0	2.0	1.0	0.0	5.0	1.0	2.0	5.0	0.0	0.0	0.0	0.0	0.0	0.0	1.0	0.0	0.0
	3p	+	29	2317.0	1362.0	1311.0	2229.0	7219.0	5.0	5.0	2.0	4.0	0.0	3.0	2.0	2.0	1.0	4.0	2.0	5.0	0.0	0.0	0.0	0.0	2.0	0.0	0.0	1.0	0.0
	3p	+	30	2277.0	1313.0	1351.0	2280.0	7221.0	13.0	12.0	3.0	6.0	3.0	0.0	2.0	1.0	4.0	0.0	5.0	5.0	0.0	0.0	0.0	0.0	2.0	0.0	0.0	0.0	0.0
	3p	+	31	2238.0	1327.0	1229.0	2121.0	6915.0	5.0	8.0	4.0	7.0	3.0	1.0	2.0	3.0	2.0	0.0	3.0	10.0	0.0	0.0	0.0	0.0	1.0	0.0	0.0	0.0	0.0
	3p	+	32	2083.0	1272.0	1223.0	2102.0	6680.0	3.0	9.0	9.0	2.0	7.0	0.0	0.0	2.0	1.0	1.0	0.0	6.0	0.0	0.0	0.0	0.0	1.0	0.0	0.0	1.0	0.0
	3p	+	33	2165.0	1159.0	1185.0	1963.0	6472.0	7.0	7.0	4.0	8.0	2.0	3.0	2.0	1.0	2.0	2.0	0.0	5.0	0.0	0.0	0.0	0.0	0.0	0.0	0.0	0.0	0.0
	3p	+	34	2041.0	1104.0	1153.0	1979.0	6277.0	8.0	12.0	6.0	7.0	2.0	1.0	1.0	3.0	4.0	2.0	1.0	3.0	0.0	0.0	0.0	0.0	1.0	0.0	0.0	0.0	0.0
	3p	+	35	2006.0	1115.0	1083.0	1872.0	6076.0	4.0	11.0	3.0	7.0	1.0	1.0	1.0	2.0	1.0	2.0	1.0	3.0	0.0	0.0	0.0	0.0	0.0	0.0	0.0	0.0	0.0
	3p	+	36	1977.0	1029.0	1039.0	1834.0	5879.0	5.0	12.0	3.0	3.0	1.0	2.0	0.0	0.0	0.0	2.0	1.0	4.0	0.0	0.0	0.0	0.0	1.0	0.0	0.0	1.0	0.0
	3p	+	37	1851.0	1039.0	1038.0	1763.0	5691.0	6.0	11.0	3.0	4.0	0.0	3.0	0.0	1.0	0.0	3.0	0.0	6.0	0.0	0.0	0.0	0.0	0.0	0.0	0.0	0.0	0.0
	3p	+	38	1851.0	994.0	971.0	1675.0	5491.0	3.0	6.0	1.0	2.0	2.0	0.0	0.0	3.0	1.0	1.0	2.0	2.0	0.0	0.0	0.0	0.0	0.0	0.0	0.0	0.0	0.0
	3p	+	39	1666.0	982.0	976.0	1673.0	5297.0	7.0	8.0	5.0	3.0	1.0	0.0	0.0	1.0	0.0	0.0	0.0	5.0	0.0	0.0	0.0	0.0	0.0	0.0	0.0	0.0	0.0
	3p	+	40	1685.0	932.0	922.0	1558.0	5097.0	4.0	5.0	5.0	2.0	2.0	4.0	1.0	3.0	0.0	0.0	1.0	1.0	0.0	0.0	0.0	0.0	3.0	0.0	0.0	0.0	0.0
	3p	+	41	1523.0	922.0	903.0	1522.0	4870.0	3.0	9.0	4.0	1.0	1.0	0.0	2.0	0.0	0.0	1.0	2.0	3.0	0.0	0.0	0.0	0.0	0.0	0.0	0.0	0.0	0.0
	3p	+	42	1501.0	839.0	826.0	1500.0	4666.0	3.0	8.0	2.0	5.0	2.0	1.0	0.0	3.0	0.0	2.0	0.0	8.0	0.0	0.0	0.0	0.0	1.0	0.0	0.0	0.0	0.0
	3p	+	43	1467.0	781.0	821.0	1397.0	4466.0	2.0	8.0	2.0	2.0	0.0	1.0	0.0	1.0	1.0	0.0	1.0	4.0	0.0	0.0	0.0	0.0	2.0	0.0	0.0	0.0	0.0
	3p	+	44	1366.0	794.0	764.0	1361.0	4285.0	1.0	8.0	3.0	4.0	0.0	3.0	1.0	1.0	1.0	0.0	1.0	2.0	0.0	0.0	0.0	0.0	1.0	0.0	0.0	1.0	0.0
	3p	+	45	1375.0	738.0	755.0	1225.0	4093.0	5.0	9.0	3.0	1.0	0.0	1.0	0.0	1.0	0.0	0.0	0.0	0.0	0.0	0.0	0.0	0.0	1.0	0.0	1.0	1.0	0.0
	3p	+	46	1369.0	680.0	708.0	1174.0	3931.0	1.0	3.0	3.0	0.0	1.0	1.0	1.0	2.0	1.0	2.0	0.0	3.0	0.0	0.0	0.0	0.0	0.0	0.0	1.0	0.0	0.0
	3p	+	47	1220.0	682.0	692.0	1143.0	3737.0	3.0	4.0	0.0	0.0	1.0	1.0	1.0	1.0	2.0	1.0	0.0	3.0	0.0	0.0	0.0	0.0	2.0	0.0	0.0	0.0	0.0
	3p	+	48	1141.0	624.0	635.0	1139.0	3539.0	2.0	7.0	1.0	3.0	2.0	2.0	0.0	1.0	0.0	3.0	1.0	3.0	0.0	0.0	0.0	0.0	1.0	0.0	0.0	0.0	0.0
	3p	+	49	1117.0	601.0	586.0	1068.0	3372.0	0.0	5.0	5.0	0.0	1.0	2.0	0.0	0.0	2.0	1.0	2.0	1.0	0.0	0.0	0.0	0.0	0.0	0.0	0.0	0.0	0.0
	3p	+	50	1038.0	571.0	576.0	1009.0	3194.0	3.0	3.0	3.0	2.0	2.0	0.0	0.0	4.0	0.0	0.0	1.0	4.0	0.0	0.0	0.0	0.0	0.0	0.0	0.0	0.0	0.0
	3p	+	51	1003.0	547.0	528.0	957.0	3035.0	3.0	6.0	1.0	3.0	1.0	2.0	0.0	1.0	1.0	1.0	1.0	4.0	0.0	0.0	0.0	0.0	0.0	0.0	0.0	0.0	0.0
	3p	+	52	952.0	480.0	520.0	897.0	2849.0	0.0	4.0	2.0	2.0	2.0	1.0	0.0	1.0	1.0	0.0	2.0	1.0	0.0	0.0	0.0	0.0	0.0	0.0	0.0	0.0	0.0
	3p	+	53	810.0	508.0	500.0	866.0	2684.0	0.0	6.0	0.0	4.0	1.0	0.0	0.0	3.0	0.0	0.0	0.0	1.0	0.0	0.0	0.0	0.0	0.0	0.0	1.0	0.0	0.0
	3p	+	54	835.0	461.0	461.0	789.0	2546.0	1.0	4.0	4.0	1.0	1.0	1.0	0.0	2.0	2.0	2.0	1.0	3.0	0.0	0.0	0.0	0.0	1.0	0.0	0.0	0.0	0.0
	3p	+	55	775.0	436.0	445.0	735.0	2391.0	2.0	5.0	1.0	1.0	1.0	0.0	1.0	0.0	1.0	1.0	1.0	0.0	0.0	0.0	0.0	0.0	1.0	0.0	0.0	0.0	0.0
	3p	+	56	751.0	408.0	379.0	715.0	2253.0	3.0	5.0	1.0	2.0	1.0	1.0	0.0	3.0	0.0	0.0	1.0	1.0	0.0	0.0	0.0	0.0	0.0	0.0	0.0	0.0	0.0
	3p	+	57	661.0	388.0	392.0	670.0	2111.0	2.0	5.0	3.0	1.0	1.0	1.0	0.0	1.0	0.0	1.0	2.0	0.0	0.0	0.0	0.0	0.0	0.0	0.0	0.0	0.0	0.0
	3p	+	58	667.0	360.0	350.0	627.0	2004.0	0.0	3.0	1.0	2.0	0.0	0.0	1.0	2.0	0.0	1.0	1.0	1.0	0.0	0.0	0.0	0.0	0.0	0.0	0.0	0.0	0.0
	3p	+	59	583.0	334.0	366.0	583.0	1866.0	1.0	4.0	2.0	2.0	0.0	0.0	0.0	0.0	0.0	1.0	0.0	2.0	0.0	0.0	0.0	0.0	0.0	0.0	0.0	0.0	0.0
	3p	+	60	541.0	328.0	308.0	593.0	1770.0	0.0	4.0	1.0	0.0	0.0	1.0	1.0	1.0	0.0	0.0	0.0	2.0	0.0	0.0	0.0	0.0	0.0	0.0	0.0	0.0	0.0
	3p	+	61	544.0	287.0	291.0	548.0	1670.0	1.0	1.0	3.0	2.0	1.0	2.0	0.0	2.0	0.0	1.0	0.0	1.0	0.0	0.0	0.0	0.0	1.0	0.0	0.0	0.0	0.0
	3p	+	62	489.0	282.0	291.0	494.0	1556.0	0.0	2.0	1.0	0.0	0.0	1.0	2.0	0.0	1.0	0.0	0.0	3.0	0.0	0.0	0.0	0.0	0.0	0.0	0.0	0.0	0.0
	3p	+	63	467.0	262.0	249.0	465.0	1443.0	2.0	1.0	4.0	0.0	0.0	1.0	0.0	0.0	2.0	0.0	0.0	1.0	0.0	0.0	0.0	0.0	0.0	0.0	0.0	0.0	0.0
	3p	+	64	442.0	245.0	255.0	399.0	1341.0	0.0	2.0	1.0	0.0	0.0	0.0	1.0	0.0	2.0	2.0	0.0	0.0	0.0	0.0	0.0	0.0	0.0	0.0	0.0	0.0	0.0
	3p	+	65	379.0	224.0	253.0	391.0	1247.0	0.0	2.0	1.0	0.0	0.0	0.0	0.0	2.0	0.0	0.0	0.0	0.0	0.0	0.0	0.0	0.0	0.0	0.0	0.0	0.0	0.0
	3p	+	66	405.0	185.0	215.0	359.0	1164.0	1.0	1.0	0.0	0.0	0.0	1.0	0.0	2.0	0.0	2.0	0.0	0.0	0.0	0.0	0.0	0.0	0.0	0.0	0.0	0.0	0.0
	3p	+	67	363.0	207.0	167.0	338.0	1075.0	1.0	2.0	0.0	1.0	0.0	1.0	0.0	0.0	0.0	0.0	0.0	2.0	0.0	0.0	0.0	0.0	0.0	0.0	0.0	0.0	0.0
	3p	+	68	318.0	199.0	171.0	305.0	993.0	0.0	1.0	1.0	1.0	1.0	0.0	0.0	1.0	0.0	1.0	0.0	0.0	0.0	0.0	0.0	0.0	0.0	0.0	0.0	0.0	0.0
	3p	+	69	301.0	189.0	154.0	280.0	924.0	0.0	4.0	1.0	0.0	0.0	0.0	0.0	0.0	0.0	2.0	0.0	0.0	0.0	0.0	0.0	0.0	0.0	0.0	0.0	0.0	0.0
	3p	+	70	266.0	156.0	171.0	275.0	868.0	0.0	3.0	0.0	1.0	0.0	1.0	0.0	0.0	1.0	1.0	0.0	1.0	0.0	0.0	0.0	0.0	0.0	0.0	0.0	0.0	0.0
	3p	+	71	259.0	142.0	136.0	270.0	807.0	1.0	2.0	1.0	0.0	0.0	0.0	0.0	0.0	0.0	0.0	0.0	1.0	0.0	0.0	0.0	0.0	0.0	0.0	0.0	0.0	0.0
	3p	+	72	224.0	153.0	142.0	233.0	752.0	1.0	3.0	1.0	1.0	0.0	0.0	0.0	1.0	0.0	0.0	0.0	1.0	0.0	0.0	0.0	0.0	0.0	0.0	0.0	0.0	0.0
	3p	+	73	210.0	129.0	138.0	214.0	691.0	0.0	1.0	0.0	1.0	0.0	0.0	0.0	0.0	1.0	0.0	1.0	0.0	0.0	0.0	0.0	0.0	0.0	0.0	0.0	0.0	0.0
	3p	+	74	218.0	108.0	120.0	186.0	632.0	0.0	1.0	0.0	0.0	0.0	1.0	0.0	0.0	0.0	0.0	0.0	0.0	0.0	0.0	0.0	0.0	0.0	0.0	0.0	0.0	0.0
	3p	+	75	184.0	129.0	89.0	178.0	580.0	0.0	1.0	0.0	0.0	0.0	0.0	0.0	0.0	1.0	0.0	0.0	2.0	0.0	0.0	0.0	0.0	1.0	0.0	0.0	0.0	0.0
	3p	+	76	178.0	96.0	97.0	166.0	537.0	0.0	3.0	2.0	1.0	0.0	0.0	0.0	0.0	0.0	0.0	0.0	2.0	0.0	0.0	0.0	0.0	0.0	0.0	0.0	0.0	0.0
	3p	+	77	158.0	83.0	100.0	153.0	494.0	1.0	1.0	1.0	0.0	1.0	0.0	0.0	0.0	0.0	0.0	0.0	1.0	0.0	0.0	0.0	0.0	0.0	0.0	0.0	0.0	0.0
	3p	+	78	145.0	76.0	81.0	152.0	454.0	1.0	1.0	0.0	1.0	0.0	0.0	0.0	0.0	0.0	0.0	0.0	1.0	0.0	0.0	0.0	0.0	0.0	0.0	0.0	0.0	0.0
	3p	+	79	127.0	66.0	81.0	131.0	405.0	0.0	0.0	1.0	0.0	0.0	0.0	0.0	0.0	0.0	0.0	0.0	0.0	0.0	0.0	0.0	0.0	0.0	0.0	0.0	0.0	0.0
	3p	+	80	128.0	59.0	48.0	130.0	365.0	0.0	1.0	0.0	0.0	0.0	0.0	0.0	0.0	0.0	0.0	0.0	0.0	0.0	0.0	0.0	0.0	0.0	0.0	0.0	0.0	0.0
	3p	+	81	111.0	48.0	64.0	102.0	325.0	0.0	1.0	0.0	0.0	0.0	0.0	0.0	0.0	0.0	0.0	0.0	0.0	0.0	0.0	0.0	0.0	0.0	0.0	0.0	0.0	0.0
	3p	+	82	106.0	49.0	51.0	82.0	288.0	0.0	1.0	0.0	0.0	0.0	1.0	0.0	0.0	0.0	1.0	0.0	0.0	0.0	0.0	0.0	0.0	0.0	0.0	0.0	0.0	0.0
	3p	+	83	82.0	40.0	46.0	83.0	251.0	0.0	0.0	1.0	1.0	0.0	0.0	0.0	0.0	0.0	0.0	0.0	0.0	0.0	0.0	0.0	0.0	0.0	0.0	0.0	0.0	0.0
	3p	+	84	81.0	36.0	35.0	62.0	214.0	0.0	0.0	0.0	0.0	0.0	0.0	0.0	0.0	0.0	0.0	0.0	0.0	0.0	0.0	0.0	0.0	0.0	0.0	0.0	0.0	0.0
	3p	+	85	65.0	32.0	26.0	58.0	181.0	0.0	0.0	0.0	1.0	0.0	0.0	0.0	0.0	0.0	0.0	0.0	0.0	0.0	0.0	0.0	0.0	0.0	0.0	0.0	0.0	0.0
	3p	+	86	38.0	24.0	33.0	47.0	142.0	0.0	1.0	0.0	0.0	0.0	0.0	0.0	0.0	0.0	0.0	0.0	0.0	0.0	0.0	0.0	0.0	0.0	0.0	0.0	0.0	0.0
	3p	+	87	40.0	23.0	14.0	39.0	116.0	0.0	1.0	1.0	0.0	0.0	0.0	0.0	0.0	0.0	0.0	0.0	0.0	0.0	0.0	0.0	0.0	0.0	0.0	0.0	0.0	0.0
	3p	+	88	20.0	16.0	14.0	36.0	86.0	0.0	0.0	0.0	0.0	0.0	0.0	0.0	0.0	0.0	0.0	0.0	0.0	0.0	0.0	0.0	0.0	0.0	0.0	0.0	0.0	0.0
	3p	+	89	15.0	9.0	11.0	19.0	54.0	0.0	0.0	0.0	0.0	0.0	0.0	0.0	0.0	0.0	0.0	0.0	0.0	0.0	0.0	0.0	0.0	0.0	0.0	0.0	0.0	0.0
	3p	+	90	8.0	6.0	5.0	13.0	32.0	0.0	0.0	0.0	0.0	0.0	0.0	0.0	0.0	0.0	0.0	0.0	0.0	0.0	0.0	0.0	0.0	0.0	0.0	0.0	0.0	0.0
	3p	+	91	3.0	1.0	2.0	8.0	14.0	0.0	0.0	0.0	0.0	0.0	0.0	0.0	0.0	0.0	0.0	0.0	0.0	0.0	0.0	0.0	0.0	0.0	0.0	0.0	0.0	0.0
	3p	+	92	0.0	0.0	0.0	0.0	0.0	0.0	0.0	0.0	0.0	0.0	0.0	0.0	0.0	0.0	0.0	0.0	0.0	0.0	0.0	0.0	0.0	0.0	0.0	0.0	0.0	0.0
	3p	+	93	0.0	0.0	0.0	0.0	0.0	0.0	0.0	0.0	0.0	0.0	0.0	0.0	0.0	0.0	0.0	0.0	0.0	0.0	0.0	0.0	0.0	0.0	0.0	0.0	0.0	0.0
	3p	+	94	0.0	0.0	0.0	0.0	0.0	0.0	0.0	0.0	0.0	0.0	0.0	0.0	0.0	0.0	0.0	0.0	0.0	0.0	0.0	0.0	0.0	0.0	0.0	0.0	0.0	0.0
	3p	+	95	0.0	0.0	0.0	0.0	0.0	0.0	0.0	0.0	0.0	0.0	0.0	0.0	0.0	0.0	0.0	0.0	0.0	0.0	0.0	0.0	0.0	0.0	0.0	0.0	0.0	0.0
	3p	+	96	0.0	0.0	0.0	0.0	0.0	0.0	0.0	0.0	0.0	0.0	0.0	0.0	0.0	0.0	0.0	0.0	0.0	0.0	0.0	0.0	0.0	0.0	0.0	0.0	0.0	0.0
	3p	+	97	0.0	0.0	0.0	0.0	0.0	0.0	0.0	0.0	0.0	0.0	0.0	0.0	0.0	0.0	0.0	0.0	0.0	0.0	0.0	0.0	0.0	0.0	0.0	0.0	0.0	0.0
	3p	+	98	0.0	0.0	0.0	0.0	0.0	0.0	0.0	0.0	0.0	0.0	0.0	0.0	0.0	0.0	0.0	0.0	0.0	0.0	0.0	0.0	0.0	0.0	0.0	0.0	0.0	0.0
	3p	+	99	0.0	0.0	0.0	0.0	0.0	0.0	0.0	0.0	0.0	0.0	0.0	0.0	0.0	0.0	0.0	0.0	0.0	0.0	0.0	0.0	0.0	0.0	0.0	0.0	0.0	0.0
	3p	+	100	0.0	0.0	0.0	0.0	0.0	0.0	0.0	0.0	0.0	0.0	0.0	0.0	0.0	0.0	0.0	0.0	0.0	0.0	0.0	0.0	0.0	0.0	0.0	0.0	0.0	0.0
	3p	-	1	2870.0	1031.0	827.0	2345.0	7073.0	9.0	226.0	6.0	6.0	1.0	4.0	1.0	2.0	6.0	6.0	2.0	5.00.0	0.0	0.0	0.0	0.0	0.0	0.0	0.0	0.0
	3p	-	2	2583.0	1519.0	922.0	2048.0	7072.0	7.0	115.0	3.0	6.0	0.0	3.0	1.0	2.0	3.0	5.0	1.0	5.00.0	0.0	0.0	0.0	1.0	0.0	0.0	0.0	0.0
	3p	-	3	2560.0	1257.0	1170.0	2084.0	7071.0	11.0	15.0	5.0	6.0	6.0	7.0	2.0	3.0	2.0	3.0	2.0	4.00.0	0.0	0.0	0.0	1.0	0.0	0.0	0.0	0.0
	3p	-	4	2555.0	1324.0	1138.0	2055.0	7072.0	5.0	15.0	3.0	3.0	5.0	8.0	2.0	7.0	3.0	3.0	3.0	3.00.0	0.0	0.0	0.0	1.0	0.0	0.0	0.0	0.0
	3p	-	5	2533.0	1194.0	1203.0	2141.0	7071.0	2.0	12.0	8.0	6.0	2.0	3.0	2.0	2.0	5.0	3.0	3.0	5.00.0	0.0	0.0	0.0	0.0	0.0	1.0	0.0	0.0
	3p	-	6	2567.0	1168.0	1245.0	2083.0	7063.0	5.0	8.0	9.0	9.0	5.0	5.0	1.0	3.0	1.0	4.0	1.0	6.00.0	0.0	0.0	0.0	5.0	0.0	2.0	0.0	0.0
	3p	-	7	2497.0	1192.0	1236.0	2138.0	7063.0	11.0	7.0	4.0	4.0	6.0	3.0	3.0	5.0	2.0	3.0	2.0	8.00.0	0.0	0.0	0.0	3.0	0.0	0.0	4.0	0.0
	3p	-	8	2415.0	1189.0	1283.0	2165.0	7052.0	5.0	9.0	7.0	1.0	4.0	6.0	2.0	3.0	3.0	5.0	0.0	5.00.0	0.0	0.0	0.0	5.0	0.0	3.0	10.0	0.0
	3p	-	9	2373.0	1265.0	1257.0	2164.0	7059.0	3.0	9.0	10.0	6.0	4.0	2.0	3.0	3.0	4.0	5.0	6.0	11.00.0	0.0	0.0	0.0	5.0	0.0	4.0	1.0	0.0
	3p	-	10	2353.0	1274.0	1230.0	2193.0	7050.0	5.0	8.0	6.0	9.0	1.0	3.0	2.0	6.0	3.0	1.0	4.0	3.00.0	0.0	0.0	0.0	11.0	0.0	4.0	5.0	0.0
	3p	-	11	2334.0	1312.0	1265.0	2143.0	7054.0	3.0	11.0	5.0	1.0	0.0	2.0	0.0	2.0	3.0	4.0	1.0	10.00.0	0.0	0.0	0.0	4.0	0.0	5.0	6.0	0.0
	3p	-	12	2345.0	1301.0	1306.0	2107.0	7059.0	4.0	11.0	6.0	6.0	1.0	1.0	0.0	4.0	7.0	2.0	1.0	7.00.0	0.0	0.0	0.0	5.0	0.0	4.0	1.0	0.0
	3p	-	13	2243.0	1318.0	1304.0	2188.0	7053.0	3.0	13.0	10.0	3.0	3.0	4.0	2.0	1.0	3.0	1.0	1.0	11.00.0	0.0	0.0	0.0	6.0	0.0	2.0	8.0	0.0
	3p	-	14	2277.0	1306.0	1274.0	2201.0	7058.0	4.0	15.0	7.0	4.0	3.0	3.0	2.0	2.0	3.0	3.0	3.0	5.00.0	0.0	0.0	0.0	5.0	0.0	5.0	4.0	0.0
	3p	-	15	2252.0	1310.0	1287.0	2209.0	7058.0	7.0	9.0	1.0	7.0	4.0	1.0	1.0	1.0	5.0	2.0	3.0	7.00.0	0.0	0.0	0.0	1.0	0.0	7.0	4.0	0.0
	3p	-	16	2279.0	1363.0	1274.0	2139.0	7055.0	10.0	6.0	6.0	7.0	8.0	5.0	2.0	7.0	2.0	3.0	1.0	2.00.0	0.0	0.0	0.0	4.0	0.0	2.0	3.0	0.0
	3p	-	17	2297.0	1256.0	1281.0	2221.0	7055.0	2.0	3.0	5.0	4.0	5.0	1.0	2.0	4.0	3.0	3.0	4.0	4.00.0	0.0	0.0	0.0	4.0	0.0	6.0	2.0	0.0
	3p	-	18	2273.0	1296.0	1361.0	2124.0	7054.0	4.0	13.0	5.0	6.0	1.0	3.0	3.0	3.0	1.0	4.0	4.0	10.00.0	0.0	0.0	0.0	6.0	0.0	4.0	4.0	0.0
	3p	-	19	2298.0	1272.0	1228.0	2254.0	7052.0	4.0	5.0	5.0	3.0	5.0	0.0	2.0	3.0	0.0	4.0	0.0	1.00.0	0.0	0.0	0.0	10.0	0.0	3.0	3.0	0.0
	3p	-	20	2199.0	1374.0	1312.0	2177.0	7062.0	5.0	8.0	4.0	7.0	2.0	5.0	0.0	3.0	1.0	3.0	2.0	8.00.0	0.0	0.0	0.0	5.0	0.0	1.0	4.0	0.0
	3p	-	21	2245.0	1285.0	1281.0	2243.0	7054.0	5.0	9.0	8.0	3.0	4.0	7.0	3.0	3.0	5.0	2.0	2.0	5.00.0	0.0	0.0	0.0	4.0	0.0	5.0	5.0	0.0
	3p	-	22	2249.0	1348.0	1299.0	2160.0	7056.0	5.0	14.0	5.0	4.0	1.0	2.0	0.0	2.0	5.0	2.0	3.0	3.00.0	0.0	0.0	0.0	8.0	0.0	2.0	3.0	0.0
	3p	-	23	2252.0	1346.0	1279.0	2183.0	7060.0	5.0	12.0	6.0	2.0	5.0	4.0	0.0	0.0	1.0	2.0	3.0	7.00.0	0.0	0.0	0.0	4.0	0.0	2.0	5.0	0.0
	3p	-	24	2282.0	1318.0	1286.0	2171.0	7057.0	3.0	11.0	2.0	5.0	3.0	2.0	2.0	1.0	1.0	6.0	3.0	9.00.0	0.0	0.0	0.0	6.0	0.0	3.0	3.0	0.0
	3p	-	25	2320.0	1263.0	1273.0	2210.0	7066.0	4.0	8.0	5.0	7.0	2.0	5.0	1.0	0.0	3.0	5.0	0.0	6.00.0	0.0	0.0	0.0	3.0	0.0	1.0	1.0	0.0
	3p	-	26	2277.0	1283.0	1313.0	2188.0	7061.0	4.0	3.0	13.0	5.0	2.0	1.0	0.0	4.0	2.0	3.0	3.0	10.00.0	0.0	0.0	0.0	2.0	0.0	3.0	3.0	0.0
	3p	-	27	2204.0	1292.0	1355.0	2217.0	7068.0	7.0	9.0	11.0	6.0	3.0	6.0	2.0	0.0	4.0	2.0	1.0	6.00.0	0.0	0.0	0.0	3.0	0.0	2.0	0.0	0.0
	3p	-	28	2291.0	1300.0	1296.0	2184.0	7071.0	7.0	11.0	5.0	5.0	5.0	1.0	2.0	2.0	3.0	3.0	3.0	5.00.0	0.0	0.0	0.0	0.0	0.0	1.0	0.0	0.0
	3p	-	29	2214.0	1272.0	1304.0	2281.0	7071.0	5.0	10.0	4.0	5.0	2.0	4.0	2.0	3.0	8.0	4.0	4.0	8.00.0	0.0	0.0	0.0	1.0	0.0	0.0	0.0	0.0
	3p	-	30	2292.0	1353.0	1277.0	2150.0	7072.0	4.0	7.0	8.0	2.0	3.0	3.0	3.0	1.0	2.0	7.0	2.0	7.00.0	0.0	0.0	0.0	0.0	0.0	0.0	0.0	0.0
	3p	-	31	2146.0	1254.0	1226.0	2088.0	6714.0	4.0	18.0	5.0	4.0	3.0	6.0	0.0	1.0	4.0	1.0	1.0	4.00.0	0.0	0.0	0.0	0.0	0.0	0.0	0.0	0.0
	3p	-	32	2024.0	1210.0	1234.0	2001.0	6469.0	6.0	4.0	4.0	6.0	3.0	3.0	0.0	2.0	1.0	2.0	2.0	7.00.0	0.0	0.0	0.0	1.0	0.0	0.0	0.0	0.0
	3p	-	33	1969.0	1161.0	1176.0	1956.0	6262.0	1.0	8.0	5.0	2.0	0.0	2.0	3.0	2.0	4.0	0.0	2.0	3.00.0	0.0	0.0	0.0	0.0	0.0	0.0	0.0	0.0
	3p	-	34	1956.0	1090.0	1135.0	1875.0	6056.0	4.0	8.0	5.0	6.0	1.0	3.0	1.0	0.0	0.0	4.0	1.0	3.00.0	0.0	0.0	0.0	0.0	0.0	0.0	1.0	0.0
	3p	-	35	1918.0	1041.0	1104.0	1799.0	5862.0	4.0	5.0	3.0	3.0	0.0	4.0	1.0	2.0	2.0	0.0	0.0	4.00.0	0.0	0.0	0.0	0.0	0.0	0.0	0.0	0.0
	3p	-	36	1840.0	1049.0	1062.0	1751.0	5702.0	1.0	7.0	3.0	5.0	1.0	1.0	1.0	5.0	1.0	0.0	2.0	3.00.0	0.0	0.0	0.0	0.0	0.0	0.0	0.0	0.0
	3p	-	37	1820.0	1026.0	939.0	1734.0	5519.0	3.0	7.0	3.0	7.0	0.0	2.0	2.0	1.0	0.0	2.0	1.0	2.00.0	0.0	0.0	0.0	0.0	0.0	0.0	0.0	0.0
	3p	-	38	1686.0	914.0	955.0	1756.0	5311.0	4.0	13.0	9.0	6.0	0.0	0.0	0.0	1.0	1.0	0.0	1.0	3.00.0	0.0	0.0	0.0	1.0	0.0	0.0	0.0	0.0
	3p	-	39	1663.0	949.0	923.0	1581.0	5116.0	1.0	9.0	4.0	4.0	0.0	1.0	1.0	0.0	0.0	0.0	0.0	3.00.0	0.0	0.0	0.0	0.0	0.0	0.0	0.0	0.0
	3p	-	40	1501.0	885.0	918.0	1612.0	4916.0	8.0	16.0	5.0	2.0	2.0	1.0	1.0	3.0	0.0	1.0	0.0	6.00.0	0.0	0.0	0.0	0.0	0.0	0.0	0.0	0.0
	3p	-	41	1492.0	812.0	872.0	1531.0	4707.0	3.0	9.0	6.0	3.0	0.0	1.0	0.0	0.0	1.0	0.0	0.0	3.00.0	0.0	0.0	0.0	1.0	0.0	0.0	0.0	0.0
	3p	-	42	1425.0	841.0	815.0	1411.0	4492.0	0.0	10.0	3.0	6.0	1.0	0.0	1.0	3.0	1.0	2.0	1.0	3.00.0	0.0	0.0	0.0	0.0	0.0	0.0	0.0	0.0
	3p	-	43	1355.0	770.0	796.0	1361.0	4282.0	1.0	11.0	4.0	1.0	1.0	1.0	2.0	0.0	0.0	1.0	0.0	2.00.0	0.0	0.0	0.0	0.0	0.0	0.0	3.0	0.0
	3p	-	44	1322.0	695.0	762.0	1314.0	4093.0	5.0	6.0	3.0	4.0	2.0	0.0	1.0	0.0	1.0	1.0	1.0	4.00.0	0.0	0.0	0.0	0.0	0.0	0.0	1.0	0.0
	3p	-	45	1312.0	713.0	701.0	1164.0	3890.0	3.0	7.0	5.0	2.0	0.0	2.0	0.0	0.0	0.0	0.0	1.0	2.00.0	0.0	0.0	0.0	0.0	0.0	1.0	1.0	0.0
	3p	-	46	1220.0	674.0	651.0	1175.0	3720.0	0.0	6.0	2.0	3.0	0.0	1.0	0.0	1.0	0.0	0.0	0.0	5.00.0	0.0	0.0	0.0	0.0	0.0	0.0	0.0	0.0
	3p	-	47	1130.0	683.0	671.0	1054.0	3538.0	4.0	7.0	1.0	2.0	0.0	0.0	1.0	3.0	0.0	1.0	0.0	4.00.0	0.0	0.0	0.0	1.0	0.0	0.0	1.0	0.0
	3p	-	48	1076.0	591.0	636.0	1077.0	3380.0	1.0	6.0	2.0	2.0	0.0	1.0	1.0	1.0	0.0	0.0	0.0	0.00.0	0.0	0.0	0.0	0.0	0.0	0.0	0.0	0.0
	3p	-	49	1023.0	565.0	606.0	1010.0	3204.0	5.0	7.0	1.0	2.0	0.0	1.0	0.0	0.0	1.0	0.0	0.0	1.00.0	0.0	0.0	0.0	0.0	0.0	0.0	0.0	0.0
	3p	-	50	948.0	543.0	542.0	1005.0	3038.0	2.0	2.0	2.0	2.0	1.0	0.0	1.0	2.0	1.0	3.0	0.0	4.00.0	0.0	0.0	0.0	0.0	0.0	0.0	0.0	0.0
	3p	-	51	934.0	508.0	533.0	895.0	2870.0	3.0	2.0	0.0	3.0	0.0	2.0	1.0	2.0	0.0	2.0	0.0	1.00.0	0.0	0.0	0.0	0.0	0.0	0.0	1.0	0.0
	3p	-	52	893.0	487.0	517.0	831.0	2728.0	1.0	4.0	0.0	3.0	1.0	1.0	0.0	3.0	0.0	1.0	1.0	3.00.0	0.0	0.0	0.0	0.0	0.0	0.0	0.0	0.0
	3p	-	53	786.0	466.0	483.0	829.0	2564.0	0.0	4.0	3.0	4.0	0.0	1.0	0.0	3.0	1.0	1.0	0.0	2.00.0	0.0	0.0	0.0	0.0	0.0	0.0	0.0	0.0
	3p	-	54	832.0	405.0	447.0	740.0	2424.0	3.0	7.0	3.0	6.0	0.0	1.0	1.0	0.0	0.0	3.0	2.0	0.00.0	0.0	0.0	0.0	0.0	0.0	0.0	0.0	0.0
	3p	-	55	741.0	437.0	381.0	732.0	2291.0	0.0	7.0	3.0	1.0	0.0	1.0	1.0	0.0	1.0	0.0	1.0	1.00.0	0.0	0.0	0.0	0.0	0.0	0.0	0.0	0.0
	3p	-	56	720.0	394.0	397.0	671.0	2182.0	4.0	2.0	0.0	4.0	0.0	1.0	0.0	0.0	0.0	1.0	0.0	2.00.0	0.0	0.0	0.0	0.0	0.0	0.0	0.0	0.0
	3p	-	57	684.0	359.0	379.0	656.0	2078.0	3.0	2.0	1.0	3.0	0.0	0.0	0.0	0.0	1.0	1.0	0.0	3.00.0	0.0	0.0	0.0	0.0	0.0	0.0	0.0	0.0
	3p	-	58	643.0	346.0	354.0	617.0	1960.0	0.0	2.0	2.0	1.0	1.0	2.0	0.0	0.0	0.0	2.0	3.0	0.00.0	0.0	0.0	0.0	0.0	0.0	0.0	0.0	0.0
	3p	-	59	597.0	330.0	349.0	574.0	1850.0	1.0	4.0	2.0	1.0	0.0	0.0	0.0	0.0	0.0	0.0	0.0	0.00.0	0.0	0.0	0.0	0.0	0.0	0.0	0.0	0.0
	3p	-	60	568.0	329.0	323.0	540.0	1760.0	0.0	3.0	3.0	1.0	1.0	0.0	0.0	1.0	1.0	1.0	0.0	1.00.0	0.0	0.0	0.0	0.0	0.0	0.0	0.0	0.0
	3p	-	61	558.0	294.0	282.0	515.0	1649.0	1.0	1.0	2.0	1.0	0.0	0.0	0.0	0.0	0.0	0.0	0.0	0.00.0	0.0	0.0	0.0	0.0	0.0	0.0	0.0	0.0
	3p	-	62	482.0	285.0	281.0	500.0	1548.0	1.0	4.0	0.0	1.0	0.0	1.0	0.0	1.0	0.0	2.0	1.0	0.00.0	0.0	0.0	0.0	0.0	0.0	0.0	0.0	0.0
	3p	-	63	463.0	266.0	265.0	448.0	1442.0	2.0	2.0	1.0	1.0	0.0	0.0	0.0	0.0	0.0	0.0	0.0	1.00.0	0.0	0.0	0.0	0.0	0.0	0.0	0.0	0.0
	3p	-	64	446.0	224.0	242.0	414.0	1326.0	1.0	3.0	0.0	2.0	0.0	1.0	0.0	0.0	0.0	0.0	0.0	0.00.0	0.0	0.0	0.0	0.0	0.0	0.0	0.0	0.0
	3p	-	65	379.0	228.0	230.0	410.0	1247.0	0.0	1.0	2.0	0.0	0.0	0.0	0.0	1.0	0.0	1.0	0.0	1.00.0	0.0	0.0	0.0	0.0	0.0	0.0	0.0	0.0
	3p	-	66	397.0	207.0	204.0	358.0	1166.0	3.0	2.0	1.0	0.0	1.0	0.0	0.0	0.0	1.0	1.0	0.0	2.00.0	0.0	0.0	0.0	1.0	0.0	0.0	0.0	0.0
	3p	-	67	344.0	226.0	177.0	352.0	1099.0	1.0	4.0	0.0	1.0	0.0	1.0	0.0	0.0	0.0	2.0	0.0	0.00.0	0.0	0.0	0.0	0.0	0.0	0.0	0.0	0.0
	3p	-	68	326.0	199.0	186.0	300.0	1011.0	0.0	3.0	1.0	0.0	0.0	0.0	0.0	0.0	0.0	0.0	0.0	2.00.0	0.0	0.0	0.0	0.0	0.0	0.0	0.0	0.0
	3p	-	69	327.0	168.0	174.0	280.0	949.0	0.0	0.0	0.0	1.0	2.0	1.0	0.0	0.0	0.0	0.0	0.0	2.00.0	0.0	0.0	0.0	0.0	0.0	0.0	0.0	0.0
	3p	-	70	285.0	159.0	153.0	281.0	878.0	1.0	2.0	0.0	0.0	1.0	0.0	0.0	0.0	0.0	0.0	1.0	1.00.0	0.0	0.0	0.0	0.0	0.0	0.0	0.0	0.0
	3p	-	71	276.0	154.0	147.0	231.0	808.0	1.0	1.0	1.0	1.0	1.0	0.0	0.0	0.0	0.0	1.0	0.0	1.00.0	0.0	0.0	0.0	0.0	0.0	0.0	0.0	0.0
	3p	-	72	263.0	108.0	146.0	226.0	743.0	0.0	3.0	2.0	0.0	0.0	0.0	0.0	1.0	0.0	0.0	1.0	0.00.0	0.0	0.0	0.0	0.0	0.0	0.0	0.0	0.0
	3p	-	73	203.0	124.0	116.0	230.0	673.0	0.0	2.0	0.0	0.0	0.0	0.0	0.0	1.0	2.0	1.0	0.0	0.00.0	0.0	0.0	0.0	0.0	0.0	0.0	0.0	0.0
	3p	-	74	208.0	100.0	106.0	207.0	621.0	0.0	0.0	1.0	0.0	0.0	0.0	0.0	0.0	1.0	0.0	0.0	0.00.0	0.0	0.0	0.0	0.0	0.0	0.0	0.0	0.0
	3p	-	75	180.0	109.0	85.0	197.0	571.0	0.0	1.0	0.0	0.0	0.0	0.0	0.0	1.0	0.0	2.0	0.0	0.00.0	0.0	0.0	0.0	0.0	0.0	0.0	0.0	0.0
	3p	-	76	154.0	100.0	89.0	171.0	514.0	1.0	1.0	1.0	0.0	0.0	1.0	0.0	0.0	1.0	1.0	0.0	0.00.0	0.0	0.0	0.0	0.0	0.0	0.0	0.0	0.0
	3p	-	77	152.0	81.0	87.0	154.0	474.0	0.0	0.0	0.0	0.0	0.0	0.0	0.0	0.0	1.0	0.0	0.0	0.00.0	0.0	0.0	0.0	0.0	0.0	0.0	0.0	0.0
	3p	-	78	135.0	72.0	84.0	145.0	436.0	0.0	3.0	2.0	0.0	0.0	1.0	0.0	0.0	0.0	1.0	0.0	0.00.0	0.0	0.0	0.0	0.0	0.0	0.0	0.0	0.0
	3p	-	79	116.0	66.0	68.0	131.0	381.0	0.0	0.0	0.0	0.0	0.0	0.0	0.0	0.0	0.0	1.0	0.0	1.00.0	0.0	0.0	0.0	0.0	0.0	0.0	0.0	0.0
	3p	-	80	108.0	61.0	60.0	119.0	348.0	1.0	1.0	0.0	0.0	1.0	0.0	0.0	1.0	0.0	0.0	1.0	1.00.0	0.0	0.0	0.0	0.0	0.0	0.0	0.0	0.0
	3p	-	81	95.0	51.0	66.0	96.0	308.0	0.0	0.0	1.0	0.0	1.0	0.0	0.0	0.0	0.0	0.0	0.0	0.00.0	0.0	0.0	0.0	0.0	0.0	0.0	0.0	0.0
	3p	-	82	91.0	41.0	40.0	95.0	267.0	0.0	2.0	0.0	0.0	0.0	0.0	0.0	0.0	1.0	0.0	0.0	0.00.0	0.0	0.0	0.0	0.0	0.0	0.0	0.0	0.0
	3p	-	83	69.0	33.0	42.0	87.0	231.0	0.0	0.0	0.0	0.0	0.0	0.0	0.0	0.0	0.0	1.0	0.0	1.00.0	0.0	0.0	0.0	0.0	0.0	0.0	0.0	0.0
	3p	-	84	63.0	26.0	46.0	58.0	193.0	0.0	0.0	0.0	0.0	0.0	0.0	0.0	1.0	0.0	0.0	0.0	0.00.0	0.0	0.0	0.0	0.0	0.0	0.0	0.0	0.0
	3p	-	85	55.0	40.0	22.0	54.0	171.0	0.0	1.0	0.0	0.0	0.0	0.0	0.0	0.0	0.0	0.0	0.0	0.00.0	0.0	0.0	0.0	0.0	0.0	0.0	0.0	0.0
	3p	-	86	38.0	34.0	24.0	40.0	136.0	0.0	0.0	0.0	0.0	0.0	0.0	0.0	0.0	0.0	0.0	0.0	1.00.0	0.0	0.0	0.0	0.0	0.0	0.0	0.0	0.0
	3p	-	87	31.0	27.0	23.0	34.0	115.0	0.0	0.0	0.0	0.0	0.0	1.0	0.0	0.0	0.0	0.0	0.0	0.00.0	0.0	0.0	0.0	0.0	0.0	0.0	0.0	0.0
	3p	-	88	29.0	17.0	16.0	30.0	92.0	0.0	0.0	0.0	0.0	0.0	0.0	0.0	0.0	0.0	0.0	0.0	0.00.0	0.0	0.0	0.0	0.0	0.0	0.0	0.0	0.0
	3p	-	89	20.0	12.0	16.0	20.0	68.0	0.0	0.0	0.0	0.0	0.0	0.0	0.0	0.0	0.0	0.0	0.0	1.00.0	0.0	0.0	0.0	0.0	0.0	0.0	0.0	0.0
	3p	-	90	18.0	7.0	9.0	12.0	46.0	0.0	2.0	0.0	0.0	0.0	0.0	0.0	0.0	0.0	0.0	0.0	0.00.0	0.0	0.0	0.0	0.0	0.0	0.0	0.0	0.0
	3p	-	91	6.0	4.0	4.0	7.0	21.0	0.0	0.0	0.0	0.0	0.0	0.0	0.0	0.0	0.0	0.0	0.0	0.00.0	0.0	0.0	0.0	0.0	0.0	0.0	0.0	0.0
	3p	-	92	0.0	0.0	0.0	0.0	0.0	0.0	0.0	0.0	0.0	0.0	0.0	0.0	0.0	0.0	0.0	0.0	0.00.0	0.0	0.0	0.0	0.0	0.0	0.0	0.0	0.0
	3p	-	93	0.0	0.0	0.0	0.0	0.0	0.0	0.0	0.0	0.0	0.0	0.0	0.0	0.0	0.0	0.0	0.0	0.00.0	0.0	0.0	0.0	0.0	0.0	0.0	0.0	0.0
	3p	-	94	0.0	0.0	0.0	0.0	0.0	0.0	0.0	0.0	0.0	0.0	0.0	0.0	0.0	0.0	0.0	0.0	0.00.0	0.0	0.0	0.0	0.0	0.0	0.0	0.0	0.0
	3p	-	95	0.0	0.0	0.0	0.0	0.0	0.0	0.0	0.0	0.0	0.0	0.0	0.0	0.0	0.0	0.0	0.0	0.00.0	0.0	0.0	0.0	0.0	0.0	0.0	0.0	0.0
	3p	-	96	0.0	0.0	0.0	0.0	0.0	0.0	0.0	0.0	0.0	0.0	0.0	0.0	0.0	0.0	0.0	0.0	0.00.0	0.0	0.0	0.0	0.0	0.0	0.0	0.0	0.0
	3p	-	97	0.0	0.0	0.0	0.0	0.0	0.0	0.0	0.0	0.0	0.0	0.0	0.0	0.0	0.0	0.0	0.0	0.00.0	0.0	0.0	0.0	0.0	0.0	0.0	0.0	0.0
	3p	-	98	0.0	0.0	0.0	0.0	0.0	0.0	0.0	0.0	0.0	0.0	0.0	0.0	0.0	0.0	0.0	0.0	0.00.0	0.0	0.0	0.0	0.0	0.0	0.0	0.0	0.0
	3p	-	99	0.0	0.0	0.0	0.0	0.0	0.0	0.0	0.0	0.0	0.0	0.0	0.0	0.0	0.0	0.0	0.0	0.00.0	0.0	0.0	0.0	0.0	0.0	0.0	0.0	0.0
	3p	-	100	0.0	0.0	0.0	0.0	0.0	0.0	0.0	0.0	0.0	0.0	0.0	0.0	0.0	0.0	0.0	0.0	0.00.0	0.0	0.0	0.0	0.0	0.0	0.0	0.0	0.0
	5p	+	1	2456.0	1395.0	1092.0	2281.0	7224.0	8.0	76.0	8.0	7.0	5.0	4.0	3.0	7.0	5.0	3.0	4.0	7.00.0	0.0	0.0	0.0	0.0	0.0	0.0	0.0	0.0
	5p	+	2	2391.0	1223.0	1343.0	2267.0	7224.0	9.0	16.0	11.0	8.0	4.0	4.0	3.0	5.0	1.0	5.0	2.0	9.00.0	0.0	0.0	0.0	0.0	0.0	0.0	0.0	0.0
	5p	+	3	2351.0	1381.0	1246.0	2244.0	7222.0	7.0	12.0	3.0	2.0	6.0	5.0	3.0	6.0	1.0	3.0	1.0	6.00.0	0.0	0.0	0.0	1.0	0.0	0.0	0.0	0.0
	5p	+	4	2312.0	1265.0	1414.0	2231.0	7222.0	9.0	6.0	8.0	12.0	1.0	1.0	3.0	3.0	1.0	4.0	2.0	8.00.0	0.0	0.0	0.0	0.0	0.0	0.0	2.0	0.0
	5p	+	5	2259.0	1308.0	1407.0	2238.0	7212.0	4.0	6.0	7.0	5.0	1.0	4.0	1.0	2.0	3.0	1.0	1.0	3.00.0	0.0	0.0	0.0	2.0	0.0	3.0	4.0	0.0
	5p	+	6	2253.0	1359.0	1373.0	2226.0	7211.0	3.0	11.0	3.0	6.0	1.0	5.0	0.0	3.0	2.0	0.0	0.0	2.00.0	0.0	0.0	0.0	1.0	0.0	3.0	5.0	0.0
	5p	+	7	2297.0	1285.0	1431.0	2196.0	7209.0	4.0	4.0	4.0	9.0	1.0	2.0	0.0	5.0	3.0	3.0	2.0	7.00.0	0.0	0.0	0.0	4.0	0.0	2.0	2.0	0.0
	5p	+	8	2420.0	1259.0	1299.0	2230.0	7208.0	9.0	10.0	4.0	3.0	3.0	3.0	1.0	3.0	3.0	5.0	3.0	10.00.0	0.0	0.0	0.0	4.0	0.0	3.0	4.0	0.0
	5p	+	9	2397.0	1305.0	1267.0	2235.0	7204.0	4.0	7.0	2.0	7.0	4.0	4.0	0.0	4.0	5.0	6.0	2.0	6.00.0	0.0	0.0	0.0	4.0	0.0	9.0	1.0	0.0
	5p	+	10	2414.0	1262.0	1308.0	2226.0	7210.0	7.0	9.0	11.0	7.0	3.0	4.0	2.0	2.0	6.0	5.0	3.0	10.00.0	0.0	0.0	0.0	4.0	0.0	4.0	5.0	0.0
	5p	+	11	2354.0	1301.0	1349.0	2208.0	7212.0	8.0	6.0	7.0	5.0	1.0	3.0	2.0	3.0	2.0	2.0	2.0	7.00.0	0.0	0.0	0.0	4.0	0.0	3.0	3.0	0.0
	5p	+	12	2284.0	1383.0	1369.0	2169.0	7205.0	5.0	10.0	8.0	8.0	1.0	2.0	1.0	0.0	4.0	6.0	4.0	7.00.0	0.0	0.0	0.0	6.0	0.0	4.0	4.0	0.0
	5p	+	13	2339.0	1348.0	1312.0	2212.0	7211.0	4.0	10.0	6.0	7.0	3.0	3.0	1.0	3.0	2.0	2.0	2.0	2.00.0	0.0	0.0	0.0	2.0	0.0	4.0	5.0	0.0
	5p	+	14	2345.0	1330.0	1310.0	2228.0	7213.0	4.0	3.0	10.0	1.0	3.0	4.0	1.0	2.0	3.0	2.0	2.0	7.00.0	0.0	0.0	0.0	5.0	0.0	1.0	4.0	0.0
	5p	+	15	2293.0	1337.0	1334.0	2243.0	7207.0	8.0	8.0	8.0	11.0	2.0	1.0	0.0	4.0	0.0	2.0	2.0	3.00.0	0.0	0.0	0.0	6.0	0.0	3.0	6.0	0.0
	5p	+	16	2345.0	1319.0	1324.0	2223.0	7211.0	3.0	6.0	4.0	8.0	1.0	1.0	1.0	2.0	2.0	3.0	3.0	8.00.0	0.0	0.0	0.0	5.0	0.0	4.0	3.0	0.0
	5p	+	17	2431.0	1290.0	1293.0	2198.0	7212.0	6.0	4.0	3.0	4.0	2.0	0.0	2.0	0.0	4.0	7.0	3.0	5.00.0	0.0	0.0	0.0	3.0	0.0	3.0	1.0	0.0
	5p	+	18	2315.0	1368.0	1366.0	2157.0	7206.0	6.0	7.0	5.0	2.0	5.0	1.0	1.0	1.0	1.0	4.0	2.0	4.00.0	0.0	0.0	0.0	4.0	0.0	6.0	5.0	0.0
	5p	+	19	2306.0	1375.0	1276.0	2239.0	7196.0	6.0	5.0	3.0	6.0	4.0	7.0	0.0	1.0	2.0	2.0	6.0	5.00.0	0.0	0.0	0.0	5.0	0.0	4.0	8.0	0.0
	5p	+	20	2312.0	1377.0	1228.0	2292.0	7209.0	4.0	8.0	5.0	6.0	3.0	6.0	2.0	7.0	1.0	6.0	3.0	7.00.0	0.0	0.0	0.0	3.0	0.0	5.0	1.0	0.0
	5p	+	21	2331.0	1320.0	1306.0	2255.0	7212.0	8.0	10.0	5.0	8.0	4.0	1.0	0.0	4.0	2.0	4.0	2.0	3.00.0	0.0	0.0	0.0	1.0	0.0	6.0	1.0	0.0
	5p	+	22	2349.0	1316.0	1281.0	2263.0	7209.0	5.0	9.0	4.0	4.0	4.0	2.0	0.0	2.0	4.0	4.0	2.0	5.00.0	0.0	0.0	0.0	5.0	0.0	4.0	3.0	0.0
	5p	+	23	2423.0	1275.0	1287.0	2221.0	7206.0	1.0	9.0	3.0	6.0	3.0	1.0	2.0	3.0	3.0	3.0	4.0	4.00.0	0.0	0.0	0.0	4.0	0.0	6.0	4.0	0.0
	5p	+	24	2395.0	1291.0	1307.0	2219.0	7212.0	10.0	7.0	6.0	3.0	1.0	3.0	5.0	1.0	2.0	1.0	5.0	4.00.0	0.0	0.0	0.0	2.0	0.0	4.0	1.0	0.0
	5p	+	25	2392.0	1282.0	1351.0	2189.0	7214.0	6.0	10.0	6.0	6.0	3.0	5.0	0.0	1.0	5.0	2.0	3.0	5.00.0	0.0	0.0	0.0	1.0	0.0	3.0	5.0	0.0
	5p	+	26	2408.0	1274.0	1340.0	2200.0	7222.0	4.0	12.0	4.0	8.0	0.0	3.0	1.0	9.0	3.0	6.0	1.0	6.00.0	0.0	0.0	0.0	1.0	0.0	1.0	0.0	0.0
	5p	+	27	2450.0	1262.0	1251.0	2259.0	7222.0	5.0	10.0	6.0	6.0	2.0	1.0	2.0	0.0	3.0	4.0	1.0	6.00.0	0.0	0.0	0.0	1.0	0.0	1.0	0.0	0.0
	5p	+	28	2422.0	1225.0	1258.0	2316.0	7221.0	6.0	10.0	5.0	4.0	4.0	1.0	3.0	4.0	2.0	3.0	2.0	9.00.0	0.0	0.0	0.0	1.0	0.0	0.0	0.0	0.0
	5p	+	29	2360.0	1267.0	1344.0	2250.0	7221.0	5.0	7.0	6.0	4.0	6.0	2.0	2.0	5.0	1.0	4.0	3.0	1.00.0	0.0	0.0	0.0	2.0	0.0	0.0	0.0	0.0
	5p	+	30	2482.0	1305.0	1255.0	2177.0	7219.0	4.0	17.0	5.0	6.0	1.0	4.0	1.0	2.0	4.0	0.0	0.0	4.00.0	0.0	0.0	0.0	3.0	0.0	1.0	1.0	0.0
	5p	+	31	2356.0	1235.0	1173.0	2154.0	6918.0	3.0	11.0	6.0	6.0	2.0	6.0	1.0	2.0	1.0	5.0	0.0	2.00.0	0.0	0.0	0.0	0.0	0.0	0.0	0.0	0.0
	5p	+	32	2214.0	1188.0	1144.0	2136.0	6682.0	3.0	10.0	5.0	4.0	0.0	1.0	0.0	2.0	1.0	4.0	1.0	4.00.0	0.0	0.0	0.0	0.0	0.0	0.0	0.0	0.0
	5p	+	33	2229.0	1108.0	1136.0	1995.0	6468.0	3.0	18.0	5.0	0.0	2.0	1.0	1.0	1.0	2.0	0.0	0.0	4.00.0	0.0	0.0	0.0	1.0	0.0	1.0	1.0	0.0
	5p	+	34	2065.0	1130.0	1105.0	1974.0	6274.0	3.0	13.0	5.0	4.0	2.0	3.0	1.0	1.0	1.0	5.0	2.0	8.00.0	0.0	0.0	0.0	3.0	0.0	0.0	0.0	0.0
	5p	+	35	2088.0	1076.0	1073.0	1837.0	6074.0	2.0	16.0	10.0	3.0	1.0	1.0	2.0	5.0	3.0	2.0	1.0	6.00.0	0.0	0.0	0.0	2.0	0.0	0.0	0.0	0.0
	5p	+	36	1987.0	1066.0	1035.0	1791.0	5879.0	5.0	13.0	2.0	2.0	1.0	2.0	2.0	2.0	0.0	2.0	2.0	6.00.0	0.0	0.0	0.0	1.0	0.0	0.0	0.0	0.0
	5p	+	37	1942.0	1048.0	1017.0	1685.0	5692.0	5.0	14.0	2.0	3.0	2.0	2.0	1.0	0.0	0.0	0.0	0.0	3.00.0	0.0	0.0	0.0	0.0	0.0	0.0	0.0	0.0
	5p	+	38	1913.0	974.0	969.0	1634.0	5490.0	4.0	11.0	6.0	2.0	1.0	2.0	0.0	0.0	1.0	1.0	4.0	2.00.0	0.0	0.0	0.0	2.0	0.0	0.0	0.0	0.0
	5p	+	39	1776.0	913.0	926.0	1681.0	5296.0	4.0	14.0	5.0	5.0	0.0	1.0	0.0	2.0	3.0	1.0	2.0	4.00.0	0.0	0.0	0.0	0.0	0.0	1.0	0.0	0.0
	5p	+	40	1731.0	931.0	908.0	1530.0	5100.0	1.0	16.0	9.0	3.0	2.0	2.0	0.0	1.0	1.0	0.0	2.0	8.00.0	0.0	0.0	0.0	2.0	0.0	0.0	0.0	0.0
	5p	+	41	1684.0	876.0	827.0	1482.0	4869.0	3.0	11.0	1.0	1.0	0.0	0.0	1.0	1.0	0.0	0.0	2.0	2.00.0	0.0	0.0	0.0	0.0	0.0	0.0	0.0	0.0
	5p	+	42	1574.0	858.0	791.0	1442.0	4665.0	2.0	16.0	1.0	4.0	1.0	1.0	0.0	4.0	1.0	0.0	2.0	3.00.0	0.0	0.0	0.0	2.0	0.0	0.0	0.0	0.0
	5p	+	43	1523.0	750.0	736.0	1461.0	4470.0	1.0	8.0	3.0	3.0	2.0	1.0	1.0	4.0	1.0	1.0	1.0	0.00.0	0.0	0.0	0.0	0.0	0.0	0.0	0.0	0.0
	5p	+	44	1455.0	724.0	752.0	1357.0	4288.0	5.0	8.0	6.0	4.0	1.0	2.0	0.0	2.0	3.0	1.0	1.0	3.00.0	0.0	0.0	0.0	1.0	0.0	0.0	0.0	0.0
	5p	+	45	1375.0	730.0	682.0	1308.0	4095.0	3.0	15.0	2.0	2.0	2.0	3.0	0.0	2.0	1.0	1.0	1.0	5.00.0	0.0	0.0	0.0	0.0	0.0	0.0	0.0	0.0
	5p	+	46	1356.0	723.0	694.0	1157.0	3930.0	9.0	14.0	5.0	1.0	1.0	1.0	0.0	1.0	0.0	2.0	1.0	3.00.0	0.0	0.0	0.0	1.0	0.0	0.0	0.0	0.0
	5p	+	47	1280.0	660.0	599.0	1199.0	3738.0	1.0	22.0	3.0	2.0	3.0	0.0	0.0	0.0	1.0	0.0	1.0	4.00.0	0.0	0.0	0.0	1.0	0.0	0.0	0.0	0.0
	5p	+	48	1188.0	630.0	546.0	1176.0	3540.0	1.0	10.0	2.0	2.0	4.0	1.0	1.0	0.0	1.0	0.0	1.0	1.00.0	0.0	0.0	0.0	0.0	0.0	0.0	0.0	0.0
	5p	+	49	1155.0	596.0	583.0	1039.0	3373.0	3.0	13.0	5.0	1.0	1.0	0.0	0.0	0.0	2.0	3.0	1.0	6.00.0	0.0	0.0	0.0	0.0	0.0	0.0	0.0	0.0
	5p	+	50	1071.0	491.0	569.0	1062.0	3193.0	2.0	13.0	2.0	1.0	0.0	1.0	1.0	0.0	1.0	1.0	1.0	0.00.0	0.0	0.0	0.0	2.0	0.0	0.0	0.0	0.0
	5p	+	51	1015.0	562.0	528.0	929.0	3034.0	0.0	15.0	4.0	0.0	0.0	2.0	1.0	2.0	0.0	1.0	1.0	2.00.0	0.0	0.0	0.0	0.0	0.0	1.0	0.0	0.0
	5p	+	52	978.0	511.0	451.0	909.0	2849.0	3.0	15.0	2.0	4.0	1.0	3.0	1.0	1.0	4.0	2.0	0.0	3.00.0	0.0	0.0	0.0	0.0	0.0	0.0	0.0	0.0
	5p	+	53	922.0	494.0	442.0	827.0	2685.0	1.0	7.0	2.0	1.0	2.0	0.0	0.0	2.0	0.0	1.0	0.0	5.00.0	0.0	0.0	0.0	0.0	0.0	0.0	0.0	0.0
	5p	+	54	831.0	478.0	438.0	800.0	2547.0	4.0	9.0	2.0	0.0	3.0	1.0	0.0	1.0	1.0	0.0	1.0	1.00.0	0.0	0.0	0.0	1.0	0.0	0.0	0.0	0.0
	5p	+	55	848.0	410.0	436.0	698.0	2392.0	0.0	9.0	0.0	3.0	2.0	2.0	0.0	1.0	1.0	1.0	0.0	1.00.0	0.0	0.0	0.0	0.0	0.0	0.0	0.0	0.0
	5p	+	56	754.0	412.0	395.0	692.0	2253.0	3.0	11.0	2.0	1.0	2.0	2.0	1.0	0.0	0.0	1.0	0.0	1.00.0	0.0	0.0	0.0	0.0	0.0	0.0	0.0	0.0
	5p	+	57	762.0	363.0	348.0	637.0	2110.0	1.0	6.0	4.0	0.0	1.0	1.0	0.0	2.0	0.0	0.0	0.0	3.00.0	0.0	0.0	0.0	1.0	0.0	0.0	0.0	0.0
	5p	+	58	665.0	353.0	344.0	642.0	2004.0	4.0	13.0	3.0	1.0	1.0	0.0	0.0	4.0	1.0	2.0	0.0	0.00.0	0.0	0.0	0.0	0.0	0.0	0.0	0.0	0.0
	5p	+	59	638.0	324.0	331.0	573.0	1866.0	1.0	5.0	3.0	1.0	2.0	1.0	0.0	0.0	0.0	0.0	1.0	1.00.0	0.0	0.0	0.0	0.0	0.0	0.0	0.0	0.0
	5p	+	60	599.0	299.0	307.0	565.0	1770.0	1.0	10.0	0.0	0.0	0.0	0.0	0.0	1.0	1.0	0.0	0.0	1.00.0	0.0	0.0	0.0	0.0	0.0	0.0	0.0	0.0
	5p	+	61	579.0	270.0	267.0	555.0	1671.0	1.0	10.0	2.0	1.0	0.0	0.0	0.0	2.0	0.0	2.0	0.0	1.00.0	0.0	0.0	0.0	0.0	0.0	0.0	0.0	0.0
	5p	+	62	516.0	287.0	258.0	495.0	1556.0	2.0	8.0	0.0	1.0	2.0	0.0	0.0	2.0	0.0	1.0	0.0	0.00.0	0.0	0.0	0.0	0.0	0.0	0.0	0.0	0.0
	5p	+	63	477.0	280.0	216.0	470.0	1443.0	0.0	6.0	0.0	1.0	3.0	0.0	0.0	1.0	0.0	0.0	0.0	1.00.0	0.0	0.0	0.0	0.0	0.0	0.0	0.0	0.0
	5p	+	64	452.0	256.0	230.0	403.0	1341.0	0.0	5.0	1.0	1.0	0.0	3.0	1.0	0.0	3.0	1.0	0.0	2.00.0	0.0	0.0	0.0	0.0	0.0	0.0	0.0	0.0
	5p	+	65	421.0	232.0	205.0	388.0	1246.0	1.0	6.0	2.0	1.0	1.0	0.0	0.0	2.0	0.0	1.0	1.0	2.00.0	0.0	0.0	0.0	0.0	0.0	0.0	0.0	0.0
	5p	+	66	408.0	220.0	163.0	372.0	1163.0	1.0	2.0	1.0	1.0	0.0	2.0	1.0	0.0	0.0	0.0	0.0	1.00.0	0.0	0.0	0.0	1.0	0.0	0.0	0.0	0.0
	5p	+	67	368.0	178.0	190.0	339.0	1075.0	0.0	5.0	1.0	1.0	0.0	1.0	0.0	1.0	0.0	1.0	0.0	1.00.0	0.0	0.0	0.0	0.0	0.0	0.0	0.0	0.0
	5p	+	68	347.0	176.0	176.0	294.0	993.0	0.0	8.0	1.0	0.0	1.0	1.0	0.0	1.0	0.0	0.0	0.0	0.00.0	0.0	0.0	0.0	0.0	0.0	0.0	0.0	0.0
	5p	+	69	332.0	176.0	163.0	253.0	924.0	0.0	3.0	0.0	1.0	0.0	1.0	0.0	2.0	0.0	2.0	0.0	2.00.0	0.0	0.0	0.0	0.0	0.0	0.0	0.0	0.0
	5p	+	70	300.0	142.0	149.0	277.0	868.0	1.0	5.0	0.0	0.0	0.0	1.0	0.0	0.0	0.0	0.0	0.0	0.00.0	0.0	0.0	0.0	0.0	0.0	0.0	0.0	0.0
	5p	+	71	272.0	147.0	147.0	241.0	807.0	0.0	5.0	1.0	0.0	1.0	1.0	0.0	0.0	1.0	2.0	0.0	0.00.0	0.0	0.0	0.0	0.0	0.0	0.0	0.0	0.0
	5p	+	72	267.0	126.0	121.0	238.0	752.0	1.0	4.0	1.0	0.0	0.0	1.0	0.0	1.0	1.0	0.0	0.0	1.00.0	0.0	0.0	0.0	0.0	0.0	0.0	0.0	0.0
	5p	+	73	231.0	121.0	121.0	218.0	691.0	1.0	4.0	1.0	1.0	0.0	0.0	0.0	1.0	0.0	1.0	0.0	0.00.0	0.0	0.0	0.0	0.0	0.0	0.0	0.0	0.0
	5p	+	74	210.0	116.0	115.0	191.0	632.0	0.0	3.0	0.0	0.0	0.0	0.0	1.0	0.0	0.0	0.0	0.0	1.00.0	0.0	0.0	0.0	0.0	0.0	0.0	0.0	0.0
	5p	+	75	205.0	109.0	93.0	174.0	581.0	1.0	2.0	1.0	0.0	1.0	0.0	0.0	0.0	0.0	0.0	0.0	0.00.0	0.0	0.0	0.0	0.0	0.0	0.0	0.0	0.0
	5p	+	76	199.0	91.0	82.0	165.0	537.0	0.0	3.0	0.0	0.0	0.0	0.0	0.0	0.0	0.0	2.0	0.0	0.00.0	0.0	0.0	0.0	0.0	0.0	0.0	0.0	0.0
	5p	+	77	171.0	88.0	93.0	142.0	494.0	1.0	4.0	1.0	0.0	1.0	1.0	0.0	1.0	0.0	1.0	0.0	1.00.0	0.0	0.0	0.0	0.0	0.0	0.0	0.0	0.0
	5p	+	78	157.0	93.0	75.0	129.0	454.0	1.0	6.0	0.0	1.0	0.0	1.0	0.0	0.0	0.0	0.0	0.0	0.00.0	0.0	0.0	0.0	0.0	0.0	0.0	0.0	0.0
	5p	+	79	136.0	73.0	72.0	124.0	405.0	0.0	2.0	0.0	1.0	0.0	0.0	0.0	0.0	0.0	0.0	0.0	4.00.0	0.0	0.0	0.0	0.0	0.0	0.0	0.0	0.0
	5p	+	80	124.0	65.0	55.0	121.0	365.0	0.0	5.0	0.0	0.0	0.0	0.0	0.0	0.0	0.0	0.0	0.0	1.00.0	0.0	0.0	0.0	0.0	0.0	0.0	0.0	0.0
	5p	+	81	107.0	64.0	61.0	93.0	325.0	0.0	1.0	1.0	0.0	0.0	1.0	0.0	0.0	0.0	0.0	0.0	0.00.0	0.0	0.0	0.0	0.0	0.0	0.0	0.0	0.0
	5p	+	82	104.0	39.0	46.0	99.0	288.0	0.0	1.0	0.0	0.0	1.0	0.0	1.0	0.0	0.0	0.0	0.0	1.00.0	0.0	0.0	0.0	0.0	0.0	0.0	0.0	0.0
	5p	+	83	75.0	42.0	43.0	91.0	251.0	0.0	1.0	0.0	1.0	0.0	0.0	0.0	0.0	0.0	0.0	0.0	0.00.0	0.0	0.0	0.0	0.0	0.0	0.0	0.0	0.0
	5p	+	84	83.0	29.0	48.0	54.0	214.0	0.0	0.0	0.0	0.0	0.0	1.0	0.0	0.0	0.0	0.0	1.0	0.00.0	0.0	0.0	0.0	0.0	0.0	0.0	0.0	0.0
	5p	+	85	56.0	39.0	25.0	61.0	181.0	1.0	2.0	0.0	0.0	1.0	0.0	0.0	0.0	0.0	0.0	0.0	0.00.0	0.0	0.0	0.0	0.0	0.0	0.0	0.0	0.0
	5p	+	86	47.0	22.0	13.0	60.0	142.0	0.0	1.0	0.0	0.0	0.0	0.0	0.0	0.0	0.0	0.0	0.0	0.00.0	0.0	0.0	0.0	0.0	0.0	0.0	0.0	0.0
	5p	+	87	37.0	19.0	19.0	41.0	116.0	0.0	0.0	0.0	0.0	0.0	0.0	0.0	0.0	0.0	1.0	0.0	1.00.0	0.0	0.0	0.0	0.0	0.0	0.0	0.0	0.0
	5p	+	88	25.0	13.0	10.0	38.0	86.0	0.0	2.0	0.0	0.0	0.0	1.0	0.0	0.0	0.0	0.0	0.0	0.00.0	0.0	0.0	0.0	0.0	0.0	0.0	0.0	0.0
	5p	+	89	18.0	14.0	5.0	17.0	54.0	0.0	1.0	0.0	0.0	0.0	0.0	0.0	0.0	0.0	0.0	0.0	0.00.0	0.0	0.0	0.0	0.0	0.0	0.0	0.0	0.0
	5p	+	90	11.0	6.0	4.0	11.0	32.0	0.0	3.0	0.0	0.0	0.0	1.0	0.0	0.0	0.0	0.0	0.0	0.00.0	0.0	0.0	0.0	0.0	0.0	0.0	0.0	0.0
	5p	+	91	7.0	1.0	3.0	3.0	14.0	0.0	0.0	0.0	0.0	0.0	0.0	0.0	0.0	0.0	0.0	0.0	0.00.0	0.0	0.0	0.0	0.0	0.0	0.0	0.0	0.0
	5p	+	92	0.0	0.0	0.0	0.0	0.0	0.0	0.0	0.0	0.0	0.0	0.0	0.0	0.0	0.0	0.0	0.0	0.00.0	0.0	0.0	0.0	0.0	0.0	0.0	0.0	0.0
	5p	+	93	0.0	0.0	0.0	0.0	0.0	0.0	0.0	0.0	0.0	0.0	0.0	0.0	0.0	0.0	0.0	0.0	0.00.0	0.0	0.0	0.0	0.0	0.0	0.0	0.0	0.0
	5p	+	94	0.0	0.0	0.0	0.0	0.0	0.0	0.0	0.0	0.0	0.0	0.0	0.0	0.0	0.0	0.0	0.0	0.00.0	0.0	0.0	0.0	0.0	0.0	0.0	0.0	0.0
	5p	+	95	0.0	0.0	0.0	0.0	0.0	0.0	0.0	0.0	0.0	0.0	0.0	0.0	0.0	0.0	0.0	0.0	0.00.0	0.0	0.0	0.0	0.0	0.0	0.0	0.0	0.0
	5p	+	96	0.0	0.0	0.0	0.0	0.0	0.0	0.0	0.0	0.0	0.0	0.0	0.0	0.0	0.0	0.0	0.0	0.00.0	0.0	0.0	0.0	0.0	0.0	0.0	0.0	0.0
	5p	+	97	0.0	0.0	0.0	0.0	0.0	0.0	0.0	0.0	0.0	0.0	0.0	0.0	0.0	0.0	0.0	0.0	0.00.0	0.0	0.0	0.0	0.0	0.0	0.0	0.0	0.0
	5p	+	98	0.0	0.0	0.0	0.0	0.0	0.0	0.0	0.0	0.0	0.0	0.0	0.0	0.0	0.0	0.0	0.0	0.00.0	0.0	0.0	0.0	0.0	0.0	0.0	0.0	0.0
	5p	+	99	0.0	0.0	0.0	0.0	0.0	0.0	0.0	0.0	0.0	0.0	0.0	0.0	0.0	0.0	0.0	0.0	0.00.0	0.0	0.0	0.0	0.0	0.0	0.0	0.0	0.0
	5p	+	100	0.0	0.0	0.0	0.0	0.0	0.0	0.0	0.0	0.0	0.0	0.0	0.0	0.0	0.0	0.0	0.0	0.00.0	0.0	0.0	0.0	0.0	0.0	0.0	0.0	0.0
	5p	-	1	2429.0	1365.0	1032.0	2247.0	7073.0	9.0	65.0	10.0	8.0	6.0	3.0	3.0	8.0	5.0	5.0	2.0	8.00.0	0.0	0.0	0.0	0.0	0.0	0.0	0.0	0.0
	5p	-	2	2292.0	1143.0	1318.0	2320.0	7073.0	6.0	21.0	9.0	5.0	4.0	3.0	4.0	2.0	5.0	6.0	4.0	4.00.0	0.0	0.0	0.0	0.0	0.0	0.0	0.0	0.0
	5p	-	3	2293.0	1274.0	1280.0	2226.0	7073.0	2.0	12.0	6.0	7.0	1.0	1.0	3.0	3.0	3.0	2.0	2.0	8.00.0	0.0	0.0	0.0	0.0	0.0	0.0	0.0	0.0
	5p	-	4	2217.0	1302.0	1357.0	2197.0	7073.0	7.0	9.0	6.0	6.0	3.0	6.0	1.0	3.0	1.0	2.0	0.0	4.00.0	0.0	0.0	0.0	0.0	0.0	0.0	0.0	0.0
	5p	-	5	2261.0	1266.0	1377.0	2156.0	7060.0	2.0	12.0	7.0	4.0	4.0	2.0	0.0	2.0	3.0	5.0	0.0	7.00.0	0.0	0.0	0.0	3.0	0.0	6.0	2.0	0.0
	5p	-	6	2174.0	1305.0	1402.0	2186.0	7067.0	6.0	10.0	10.0	9.0	3.0	7.0	1.0	1.0	3.0	7.0	2.0	4.00.0	0.0	0.0	0.0	2.0	0.0	1.0	1.0	0.0
	5p	-	7	2267.0	1232.0	1413.0	2151.0	7063.0	2.0	11.0	6.0	6.0	1.0	5.0	1.0	0.0	2.0	6.0	1.0	7.00.0	0.0	0.0	0.0	3.0	0.0	2.0	2.0	0.0
	5p	-	8	2341.0	1272.0	1301.0	2147.0	7061.0	5.0	7.0	10.0	4.0	8.0	2.0	0.0	3.0	4.0	1.0	3.0	3.00.0	0.0	0.0	0.0	4.0	0.0	2.0	5.0	0.0
	5p	-	9	2311.0	1325.0	1248.0	2172.0	7056.0	6.0	4.0	4.0	9.0	2.0	3.0	0.0	1.0	3.0	1.0	5.0	7.00.0	0.0	0.0	0.0	9.0	0.0	2.0	4.0	0.0
	5p	-	10	2241.0	1358.0	1292.0	2163.0	7054.0	7.0	7.0	5.0	5.0	1.0	3.0	2.0	3.0	2.0	4.0	1.0	8.00.0	0.0	0.0	0.0	4.0	0.0	3.0	6.0	0.0
	5p	-	11	2282.0	1323.0	1259.0	2198.0	7062.0	4.0	5.0	2.0	4.0	2.0	7.0	2.0	1.0	1.0	4.0	0.0	3.00.0	0.0	0.0	0.0	5.0	0.0	4.0	2.0	0.0
	5p	-	12	2328.0	1312.0	1269.0	2151.0	7060.0	5.0	9.0	5.0	6.0	1.0	2.0	1.0	3.0	0.0	3.0	3.0	10.00.0	0.0	0.0	0.0	5.0	0.0	2.0	3.0	0.0
	5p	-	13	2322.0	1286.0	1351.0	2102.0	7061.0	6.0	11.0	6.0	6.0	2.0	2.0	1.0	2.0	2.0	4.0	3.0	3.00.0	0.0	0.0	0.0	5.0	0.0	2.0	2.0	0.0
	5p	-	14	2238.0	1284.0	1325.0	2208.0	7055.0	4.0	14.0	5.0	6.0	6.0	3.0	2.0	3.0	3.0	6.0	5.0	6.00.0	0.0	0.0	0.0	4.0	0.0	6.0	4.0	0.0
	5p	-	15	2236.0	1351.0	1290.0	2182.0	7059.0	9.0	7.0	5.0	4.0	6.0	4.0	1.0	2.0	0.0	1.0	2.0	6.00.0	0.0	0.0	0.0	3.0	0.0	3.0	3.0	0.0
	5p	-	16	2231.0	1342.0	1291.0	2194.0	7058.0	8.0	10.0	5.0	8.0	1.0	1.0	2.0	2.0	5.0	5.0	0.0	4.00.0	0.0	0.0	0.0	1.0	0.0	6.0	4.0	0.0
	5p	-	17	2284.0	1370.0	1279.0	2129.0	7062.0	4.0	9.0	10.0	5.0	1.0	2.0	1.0	0.0	2.0	2.0	3.0	4.00.0	0.0	0.0	0.0	3.0	0.0	3.0	4.0	0.0
	5p	-	18	2267.0	1199.0	1399.0	2189.0	7054.0	5.0	10.0	4.0	5.0	4.0	2.0	0.0	5.0	3.0	5.0	2.0	6.00.0	0.0	0.0	0.0	6.0	0.0	3.0	8.0	0.0
	5p	-	19	2294.0	1285.0	1315.0	2165.0	7059.0	4.0	10.0	9.0	6.0	4.0	2.0	0.0	0.0	2.0	3.0	1.0	6.00.0	0.0	0.0	0.0	3.0	0.0	2.0	2.0	0.0
	5p	-	20	2248.0	1333.0	1294.0	2183.0	7058.0	3.0	9.0	7.0	2.0	1.0	5.0	1.0	2.0	3.0	1.0	1.0	3.00.0	0.0	0.0	0.0	4.0	0.0	3.0	5.0	0.0
	5p	-	21	2236.0	1346.0	1283.0	2185.0	7050.0	3.0	13.0	5.0	5.0	1.0	3.0	3.0	4.0	0.0	2.0	2.0	3.00.0	0.0	0.0	0.0	5.0	0.0	7.0	8.0	0.0
	5p	-	22	2231.0	1335.0	1263.0	2231.0	7060.0	4.0	13.0	6.0	10.0	3.0	2.0	3.0	5.0	5.0	5.0	2.0	9.00.0	0.0	0.0	0.0	4.0	0.0	2.0	2.0	0.0
	5p	-	23	2278.0	1311.0	1242.0	2222.0	7053.0	3.0	14.0	4.0	5.0	3.0	4.0	3.0	4.0	5.0	5.0	1.0	8.00.0	0.0	0.0	0.0	9.0	0.0	3.0	7.0	0.0
	5p	-	24	2261.0	1240.0	1290.0	2265.0	7056.0	8.0	11.0	6.0	4.0	4.0	1.0	4.0	1.0	3.0	4.0	2.0	9.00.0	0.0	0.0	0.0	2.0	0.0	1.0	6.0	0.0
	5p	-	25	2268.0	1293.0	1327.0	2172.0	7060.0	5.0	11.0	3.0	9.0	4.0	3.0	0.0	2.0	2.0	3.0	2.0	9.00.0	0.0	0.0	0.0	4.0	0.0	1.0	1.0	0.0
	5p	-	26	2265.0	1291.0	1295.0	2218.0	7069.0	4.0	10.0	11.0	7.0	3.0	4.0	0.0	6.0	3.0	6.0	2.0	5.00.0	0.0	0.0	0.0	3.0	0.0	1.0	0.0	0.0
	5p	-	27	2327.0	1302.0	1280.0	2158.0	7067.0	4.0	9.0	9.0	7.0	2.0	2.0	1.0	7.0	3.0	2.0	5.0	6.00.0	0.0	0.0	0.0	2.0	0.0	2.0	1.0	0.0
	5p	-	28	2336.0	1282.0	1290.0	2163.0	7071.0	3.0	4.0	7.0	6.0	5.0	4.0	1.0	1.0	5.0	2.0	4.0	7.00.0	0.0	0.0	0.0	0.0	0.0	0.0	1.0	0.0
	5p	-	29	2326.0	1301.0	1286.0	2158.0	7071.0	8.0	6.0	4.0	7.0	0.0	7.0	3.0	4.0	2.0	4.0	0.0	6.00.0	0.0	0.0	0.0	1.0	0.0	0.0	0.0	0.0
	5p	-	30	2357.0	1313.0	1240.0	2160.0	7070.0	6.0	19.0	2.0	4.0	0.0	3.0	2.0	3.0	2.0	2.0	1.0	5.00.0	0.0	0.0	0.0	1.0	0.0	0.0	1.0	0.0
	5p	-	31	2183.0	1232.0	1217.0	2081.0	6713.0	10.0	15.0	4.0	6.0	2.0	3.0	2.0	1.0	2.0	3.0	2.0	10.00.0	0.0	0.0	0.0	1.0	0.0	0.0	0.0	0.0
	5p	-	32	2175.0	1127.0	1188.0	1979.0	6469.0	5.0	11.0	8.0	3.0	2.0	3.0	0.0	6.0	2.0	3.0	2.0	2.00.0	0.0	0.0	0.0	0.0	0.0	1.0	0.0	0.0
	5p	-	33	2132.0	1107.0	1142.0	1880.0	6261.0	3.0	13.0	2.0	2.0	1.0	1.0	1.0	1.0	0.0	3.0	2.0	2.00.0	0.0	0.0	0.0	0.0	0.0	0.0	0.0	0.0
	5p	-	34	2040.0	1125.0	1004.0	1888.0	6057.0	5.0	14.0	10.0	6.0	0.0	2.0	0.0	3.0	0.0	2.0	0.0	7.00.0	0.0	0.0	0.0	0.0	0.0	1.0	0.0	0.0
	5p	-	35	1967.0	1043.0	1049.0	1802.0	5861.0	3.0	15.0	2.0	2.0	0.0	3.0	0.0	0.0	2.0	2.0	0.0	3.00.0	0.0	0.0	0.0	1.0	0.0	0.0	0.0	0.0
	5p	-	36	1896.0	1024.0	996.0	1781.0	5697.0	4.0	19.0	2.0	3.0	3.0	1.0	0.0	0.0	2.0	4.0	1.0	6.00.0	0.0	0.0	0.0	1.0	0.0	1.0	0.0	0.0
	5p	-	37	1924.0	1049.0	955.0	1589.0	5517.0	4.0	19.0	4.0	1.0	0.0	3.0	3.0	3.0	3.0	1.0	3.0	5.00.0	0.0	0.0	0.0	0.0	0.0	1.0	0.0	0.0
	5p	-	38	1733.0	952.0	930.0	1695.0	5310.0	3.0	17.0	3.0	3.0	1.0	0.0	0.0	1.0	2.0	2.0	0.0	2.00.0	0.0	0.0	0.0	0.0	0.0	1.0	0.0	0.0
	5p	-	39	1762.0	925.0	858.0	1570.0	5115.0	2.0	20.0	3.0	5.0	1.0	0.0	1.0	1.0	3.0	0.0	1.0	6.00.0	0.0	0.0	0.0	0.0	0.0	0.0	0.0	0.0
	5p	-	40	1649.0	895.0	822.0	1550.0	4916.0	5.0	15.0	5.0	2.0	1.0	2.0	0.0	2.0	2.0	1.0	1.0	2.00.0	0.0	0.0	0.0	1.0	0.0	0.0	0.0	0.0
	5p	-	41	1562.0	834.0	821.0	1488.0	4705.0	2.0	20.0	3.0	5.0	0.0	0.0	0.0	0.0	1.0	0.0	0.0	2.00.0	0.0	0.0	0.0	2.0	0.0	0.0	1.0	0.0
	5p	-	42	1512.0	801.0	777.0	1401.0	4491.0	0.0	15.0	4.0	4.0	0.0	1.0	1.0	1.0	1.0	0.0	1.0	4.00.0	0.0	0.0	0.0	0.0	0.0	0.0	1.0	0.0
	5p	-	43	1441.0	766.0	709.0	1365.0	4281.0	1.0	13.0	4.0	2.0	0.0	1.0	0.0	1.0	4.0	0.0	0.0	3.00.0	0.0	0.0	0.0	4.0	0.0	0.0	0.0	0.0
	5p	-	44	1402.0	704.0	720.0	1269.0	4095.0	4.0	14.0	1.0	4.0	1.0	1.0	0.0	1.0	1.0	1.0	4.0	2.00.0	0.0	0.0	0.0	0.0	0.0	0.0	0.0	0.0
	5p	-	45	1335.0	637.0	645.0	1275.0	3892.0	5.0	12.0	2.0	1.0	0.0	1.0	0.0	1.0	2.0	2.0	0.0	3.00.0	0.0	0.0	0.0	0.0	0.0	0.0	0.0	0.0
	5p	-	46	1252.0	627.0	658.0	1181.0	3718.0	4.0	16.0	3.0	0.0	1.0	0.0	0.0	3.0	1.0	1.0	1.0	1.00.0	0.0	0.0	0.0	2.0	0.0	0.0	0.0	0.0
	5p	-	47	1185.0	631.0	616.0	1107.0	3539.0	0.0	14.0	3.0	3.0	1.0	0.0	0.0	0.0	1.0	3.0	1.0	1.00.0	0.0	0.0	0.0	1.0	0.0	0.0	0.0	0.0
	5p	-	48	1168.0	588.0	595.0	1028.0	3379.0	2.0	12.0	5.0	2.0	0.0	1.0	2.0	0.0	1.0	0.0	1.0	3.00.0	0.0	0.0	0.0	0.0	0.0	0.0	0.0	0.0
	5p	-	49	1068.0	574.0	565.0	996.0	3203.0	2.0	12.0	4.0	1.0	1.0	1.0	0.0	4.0	0.0	1.0	0.0	3.00.0	0.0	0.0	0.0	1.0	0.0	0.0	0.0	0.0
	5p	-	50	1035.0	557.0	513.0	932.0	3037.0	2.0	15.0	3.0	0.0	0.0	0.0	0.0	0.0	1.0	0.0	0.0	0.00.0	0.0	0.0	0.0	0.0	0.0	0.0	1.0	0.0
	5p	-	51	963.0	502.0	483.0	922.0	2870.0	1.0	12.0	1.0	3.0	1.0	0.0	0.0	1.0	1.0	1.0	1.0	3.00.0	0.0	0.0	0.0	1.0	0.0	0.0	0.0	0.0
	5p	-	52	934.0	505.0	445.0	844.0	2728.0	2.0	8.0	1.0	2.0	1.0	3.0	1.0	0.0	0.0	0.0	1.0	2.00.0	0.0	0.0	0.0	0.0	0.0	0.0	0.0	0.0
	5p	-	53	871.0	475.0	449.0	767.0	2562.0	1.0	16.0	3.0	0.0	0.0	2.0	2.0	0.0	0.0	0.0	1.0	2.00.0	0.0	0.0	0.0	2.0	0.0	0.0	0.0	0.0
	5p	-	54	869.0	428.0	391.0	735.0	2423.0	3.0	8.0	1.0	0.0	1.0	0.0	2.0	1.0	0.0	2.0	1.0	5.00.0	0.0	0.0	0.0	0.0	0.0	0.0	0.0	0.0
	5p	-	55	774.0	471.0	375.0	671.0	2291.0	3.0	5.0	1.0	1.0	1.0	1.0	1.0	1.0	3.0	1.0	0.0	4.00.0	0.0	0.0	0.0	0.0	0.0	0.0	0.0	0.0
	5p	-	56	752.0	363.0	359.0	707.0	2181.0	0.0	8.0	2.0	1.0	1.0	0.0	0.0	0.0	1.0	0.0	1.0	1.00.0	0.0	0.0	0.0	1.0	0.0	0.0	0.0	0.0
	5p	-	57	661.0	349.0	379.0	687.0	2076.0	4.0	10.0	1.0	0.0	0.0	0.0	1.0	0.0	0.0	1.0	0.0	2.00.0	0.0	0.0	0.0	1.0	0.0	0.0	0.0	0.0
	5p	-	58	646.0	356.0	331.0	627.0	1960.0	1.0	7.0	1.0	1.0	0.0	3.0	0.0	1.0	0.0	0.0	0.0	1.00.0	0.0	0.0	0.0	0.0	0.0	0.0	0.0	0.0
	5p	-	59	609.0	336.0	304.0	601.0	1850.0	0.0	7.0	0.0	0.0	1.0	0.0	2.0	2.0	0.0	0.0	1.0	0.00.0	0.0	0.0	0.0	0.0	0.0	0.0	0.0	0.0
	5p	-	60	585.0	359.0	280.0	537.0	1761.0	0.0	10.0	0.0	0.0	1.0	0.0	0.0	2.0	0.0	1.0	2.0	2.00.0	0.0	0.0	0.0	0.0	0.0	0.0	0.0	0.0
	5p	-	61	540.0	308.0	243.0	557.0	1648.0	1.0	7.0	2.0	1.0	0.0	1.0	1.0	1.0	0.0	1.0	0.0	2.00.0	0.0	0.0	0.0	1.0	0.0	0.0	0.0	0.0
	5p	-	62	503.0	276.0	269.0	499.0	1547.0	0.0	5.0	0.0	1.0	1.0	3.0	0.0	0.0	0.0	0.0	0.0	2.00.0	0.0	0.0	0.0	0.0	0.0	1.0	0.0	0.0
	5p	-	63	493.0	262.0	249.0	437.0	1441.0	1.0	5.0	3.0	0.0	2.0	1.0	0.0	0.0	1.0	0.0	0.0	0.00.0	0.0	0.0	0.0	1.0	0.0	0.0	0.0	0.0
	5p	-	64	493.0	216.0	220.0	397.0	1326.0	0.0	5.0	0.0	1.0	1.0	0.0	0.0	0.0	1.0	1.0	0.0	2.00.0	0.0	0.0	0.0	0.0	0.0	0.0	0.0	0.0
	5p	-	65	452.0	202.0	198.0	394.0	1246.0	1.0	5.0	1.0	3.0	0.0	2.0	0.0	0.0	0.0	0.0	0.0	0.00.0	0.0	0.0	0.0	1.0	0.0	0.0	0.0	0.0
	5p	-	66	384.0	199.0	229.0	355.0	1167.0	1.0	3.0	4.0	0.0	1.0	2.0	0.0	1.0	0.0	0.0	0.0	3.00.0	0.0	0.0	0.0	0.0	0.0	0.0	0.0	0.0
	5p	-	67	357.0	201.0	191.0	349.0	1098.0	1.0	10.0	0.0	0.0	1.0	1.0	0.0	0.0	0.0	0.0	0.0	0.00.0	0.0	0.0	0.0	0.0	0.0	0.0	0.0	0.0
	5p	-	68	361.0	158.0	175.0	316.0	1010.0	1.0	4.0	1.0	0.0	1.0	2.0	0.0	0.0	0.0	0.0	0.0	0.00.0	0.0	0.0	0.0	0.0	0.0	0.0	0.0	0.0
	5p	-	69	342.0	160.0	160.0	287.0	949.0	1.0	6.0	0.0	1.0	3.0	1.0	1.0	0.0	0.0	0.0	1.0	1.00.0	0.0	0.0	0.0	0.0	0.0	0.0	0.0	0.0
	5p	-	70	293.0	147.0	176.0	262.0	878.0	1.0	10.0	1.0	1.0	0.0	0.0	1.0	1.0	0.0	0.0	0.0	0.00.0	0.0	0.0	0.0	0.0	0.0	0.0	0.0	0.0
	5p	-	71	256.0	152.0	117.0	283.0	808.0	1.0	6.0	0.0	1.0	0.0	1.0	0.0	0.0	1.0	0.0	0.0	0.00.0	0.0	0.0	0.0	0.0	0.0	0.0	0.0	0.0
	5p	-	72	267.0	120.0	128.0	228.0	743.0	2.0	2.0	1.0	1.0	1.0	2.0	0.0	0.0	1.0	0.0	0.0	0.00.0	0.0	0.0	0.0	0.0	0.0	0.0	0.0	0.0
	5p	-	73	234.0	108.0	116.0	215.0	673.0	0.0	4.0	1.0	0.0	0.0	0.0	0.0	0.0	0.0	0.0	0.0	0.00.0	0.0	0.0	0.0	0.0	0.0	0.0	0.0	0.0
	5p	-	74	215.0	106.0	104.0	196.0	621.0	1.0	1.0	0.0	1.0	0.0	0.0	0.0	0.0	0.0	0.0	0.0	1.00.0	0.0	0.0	0.0	0.0	0.0	0.0	0.0	0.0
	5p	-	75	217.0	102.0	91.0	161.0	571.0	0.0	4.0	1.0	0.0	0.0	1.0	0.0	0.0	0.0	0.0	0.0	0.00.0	0.0	0.0	0.0	0.0	0.0	0.0	0.0	0.0
	5p	-	76	181.0	83.0	87.0	163.0	514.0	0.0	0.0	0.0	1.0	0.0	1.0	0.0	0.0	0.0	0.0	1.0	0.00.0	0.0	0.0	0.0	0.0	0.0	0.0	0.0	0.0
	5p	-	77	161.0	74.0	83.0	156.0	474.0	0.0	2.0	0.0	0.0	0.0	0.0	0.0	0.0	0.0	0.0	0.0	0.00.0	0.0	0.0	0.0	0.0	0.0	0.0	0.0	0.0
	5p	-	78	147.0	83.0	71.0	135.0	436.0	0.0	2.0	0.0	1.0	1.0	0.0	0.0	0.0	0.0	0.0	0.0	0.00.0	0.0	0.0	0.0	0.0	0.0	0.0	0.0	0.0
	5p	-	79	119.0	59.0	69.0	134.0	381.0	0.0	3.0	0.0	0.0	0.0	0.0	0.0	0.0	0.0	0.0	0.0	0.00.0	0.0	0.0	0.0	0.0	0.0	0.0	0.0	0.0
	5p	-	80	117.0	57.0	73.0	101.0	348.0	0.0	5.0	0.0	0.0	0.0	0.0	0.0	0.0	0.0	1.0	0.0	1.00.0	0.0	0.0	0.0	0.0	0.0	0.0	0.0	0.0
	5p	-	81	111.0	40.0	44.0	113.0	308.0	0.0	0.0	0.0	0.0	1.0	1.0	0.0	0.0	0.0	0.0	0.0	0.00.0	0.0	0.0	0.0	0.0	0.0	0.0	0.0	0.0
	5p	-	82	99.0	48.0	44.0	76.0	267.0	0.0	1.0	0.0	0.0	0.0	0.0	0.0	2.0	0.0	0.0	0.0	0.00.0	0.0	0.0	0.0	0.0	0.0	0.0	0.0	0.0
	5p	-	83	85.0	37.0	29.0	80.0	231.0	1.0	2.0	0.0	0.0	0.0	0.0	0.0	0.0	0.0	0.0	1.0	0.00.0	0.0	0.0	0.0	0.0	0.0	0.0	0.0	0.0
	5p	-	84	74.0	32.0	27.0	60.0	193.0	0.0	2.0	0.0	0.0	0.0	0.0	0.0	0.0	1.0	0.0	0.0	0.00.0	0.0	0.0	0.0	0.0	0.0	0.0	0.0	0.0
	5p	-	85	69.0	22.0	25.0	54.0	170.0	0.0	0.0	0.0	0.0	0.0	0.0	0.0	0.0	0.0	1.0	0.0	0.00.0	0.0	0.0	0.0	1.0	0.0	0.0	0.0	0.0
	5p	-	86	50.0	30.0	19.0	37.0	136.0	0.0	2.0	0.0	0.0	0.0	0.0	0.0	0.0	0.0	0.0	0.0	1.00.0	0.0	0.0	0.0	0.0	0.0	0.0	0.0	0.0
	5p	-	87	33.0	25.0	10.0	47.0	115.0	0.0	1.0	0.0	0.0	0.0	0.0	0.0	0.0	0.0	0.0	0.0	0.00.0	0.0	0.0	0.0	0.0	0.0	0.0	0.0	0.0
	5p	-	88	45.0	11.0	12.0	24.0	92.0	0.0	0.0	0.0	0.0	0.0	0.0	0.0	0.0	0.0	0.0	0.0	0.00.0	0.0	0.0	0.0	0.0	0.0	0.0	0.0	0.0
	5p	-	89	23.0	11.0	13.0	21.0	68.0	0.0	0.0	0.0	0.0	0.0	0.0	0.0	0.0	0.0	0.0	0.0	0.00.0	0.0	0.0	0.0	0.0	0.0	0.0	0.0	0.0
	5p	-	90	15.0	12.0	6.0	13.0	46.0	0.0	2.0	0.0	0.0	0.0	0.0	0.0	0.0	0.0	0.0	0.0	0.00.0	0.0	0.0	0.0	0.0	0.0	0.0	0.0	0.0
	5p	-	91	8.0	7.0	1.0	5.0	21.0	0.0	1.0	0.0	0.0	0.0	0.0	0.0	0.0	0.0	0.0	0.0	0.00.0	0.0	0.0	0.0	0.0	0.0	0.0	0.0	0.0
	5p	-	92	0.0	0.0	0.0	0.0	0.0	0.0	0.0	0.0	0.0	0.0	0.0	0.0	0.0	0.0	0.0	0.0	0.00.0	0.0	0.0	0.0	0.0	0.0	0.0	0.0	0.0
	5p	-	93	0.0	0.0	0.0	0.0	0.0	0.0	0.0	0.0	0.0	0.0	0.0	0.0	0.0	0.0	0.0	0.0	0.00.0	0.0	0.0	0.0	0.0	0.0	0.0	0.0	0.0
	5p	-	94	0.0	0.0	0.0	0.0	0.0	0.0	0.0	0.0	0.0	0.0	0.0	0.0	0.0	0.0	0.0	0.0	0.00.0	0.0	0.0	0.0	0.0	0.0	0.0	0.0	0.0
	5p	-	95	0.0	0.0	0.0	0.0	0.0	0.0	0.0	0.0	0.0	0.0	0.0	0.0	0.0	0.0	0.0	0.0	0.00.0	0.0	0.0	0.0	0.0	0.0	0.0	0.0	0.0
	5p	-	96	0.0	0.0	0.0	0.0	0.0	0.0	0.0	0.0	0.0	0.0	0.0	0.0	0.0	0.0	0.0	0.0	0.00.0	0.0	0.0	0.0	0.0	0.0	0.0	0.0	0.0
	5p	-	97	0.0	0.0	0.0	0.0	0.0	0.0	0.0	0.0	0.0	0.0	0.0	0.0	0.0	0.0	0.0	0.0	0.00.0	0.0	0.0	0.0	0.0	0.0	0.0	0.0	0.0
	5p	-	98	0.0	0.0	0.0	0.0	0.0	0.0	0.0	0.0	0.0	0.0	0.0	0.0	0.0	0.0	0.0	0.0	0.00.0	0.0	0.0	0.0	0.0	0.0	0.0	0.0	0.0
	5p	-	99	0.0	0.0	0.0	0.0	0.0	0.0	0.0	0.0	0.0	0.0	0.0	0.0	0.0	0.0	0.0	0.0	0.00.0	0.0	0.0	0.0	0.0	0.0	0.0	0.0	0.0
	5p	-	100	0.0	0.0	0.0	0.0	0.0	0.0	0.0	0.0	0.0	0.0	0.0	0.0	0.0	0.0	0.0	0.0	0.00.0	0.0	0.0	0.0	0.0	0.0	0.0	0.0	0.0
