# table produced by DamageProfiler
# using mapped file PcA005.ReedbuckBh_Human_nc.Target.rmdup.noMicro_SCR_001.bam
# Sample ID: PcA005.ReedbuckBh_Human_nc.Target.rmdup.noMicro_SCR_001.bam
Chr	End	Std	Pos	A	C	G	T	Total	G>A	C>T	A>G	T>C	A>C	A>T	C>G	C>A	T>G	T>A	G>C	G>T	A>-	T>-	C>-	G>-	->A	->T	->C	->G	S
	3p	+	1	122.0	55.0	51.0	27.0	255.0	2.0	0.0	3.0	2.0	1.0	1.0	2.0	0.0	1.0	3.0	0.0	0.0	0.0	0.0	0.0	0.0	0.0	0.0	0.0	0.0	0.0
	3p	+	2	85.0	88.0	40.0	42.0	255.0	2.0	1.0	2.0	0.0	3.0	0.0	0.0	1.0	1.0	2.0	2.0	1.0	0.0	0.0	0.0	0.0	0.0	0.0	0.0	0.0	0.0
	3p	+	3	92.0	72.0	53.0	38.0	255.0	1.0	1.0	1.0	0.0	2.0	1.0	0.0	2.0	1.0	0.0	0.0	0.0	0.0	0.0	0.0	0.0	0.0	0.0	0.0	0.0	0.0
	3p	+	4	86.0	73.0	53.0	43.0	255.0	3.0	0.0	3.0	2.0	2.0	1.0	1.0	0.0	0.0	1.0	3.0	1.0	0.0	0.0	0.0	0.0	0.0	0.0	0.0	0.0	0.0
	3p	+	5	91.0	53.0	62.0	49.0	255.0	0.0	1.0	2.0	3.0	0.0	2.0	3.0	1.0	1.0	2.0	1.0	0.0	0.0	0.0	0.0	0.0	0.0	0.0	0.0	0.0	0.0
	3p	+	6	87.0	51.0	61.0	54.0	253.0	0.0	0.0	0.0	5.0	1.0	1.0	2.0	1.0	1.0	2.0	1.0	0.0	0.0	0.0	0.0	0.0	0.0	0.0	1.0	1.0	0.0
	3p	+	7	87.0	62.0	55.0	44.0	248.0	3.0	2.0	1.0	2.0	0.0	3.0	1.0	1.0	2.0	1.0	1.0	2.0	0.0	0.0	0.0	0.0	0.0	0.0	0.0	2.0	0.0
	3p	+	8	99.0	62.0	47.0	41.0	249.0	1.0	1.0	1.0	1.0	1.0	1.0	0.0	1.0	1.0	2.0	3.0	0.0	0.0	0.0	0.0	0.0	2.0	0.0	1.0	3.0	0.0
	3p	+	9	78.0	62.0	55.0	54.0	249.0	0.0	1.0	0.0	0.0	2.0	0.0	1.0	6.0	2.0	1.0	0.0	1.0	0.0	0.0	0.0	0.0	1.0	0.0	3.0	2.0	0.0
	3p	+	10	80.0	63.0	48.0	57.0	248.0	1.0	0.0	1.0	2.0	1.0	5.0	1.0	2.0	2.0	1.0	0.0	0.0	0.0	0.0	0.0	0.0	2.0	0.0	3.0	1.0	0.0
	3p	+	11	88.0	61.0	51.0	48.0	248.0	1.0	0.0	3.0	2.0	2.0	0.0	0.0	0.0	1.0	1.0	1.0	0.0	0.0	0.0	0.0	0.0	0.0	0.0	3.0	3.0	0.0
	3p	+	12	84.0	66.0	51.0	42.0	243.0	2.0	0.0	2.0	0.0	2.0	1.0	1.0	3.0	0.0	3.0	1.0	2.0	0.0	0.0	0.0	0.0	3.0	0.0	2.0	5.0	0.0
	3p	+	13	85.0	51.0	66.0	41.0	243.0	0.0	2.0	2.0	2.0	2.0	1.0	1.0	2.0	2.0	2.0	4.0	0.0	0.0	0.0	0.0	0.0	4.0	0.0	2.0	4.0	0.0
	3p	+	14	76.0	62.0	55.0	54.0	247.0	0.0	1.0	2.0	1.0	1.0	1.0	0.0	0.0	1.0	1.0	3.0	0.0	0.0	0.0	0.0	0.0	3.0	0.0	3.0	1.0	0.0
	3p	+	15	73.0	63.0	62.0	46.0	244.0	3.0	1.0	2.0	2.0	2.0	1.0	6.0	4.0	0.0	0.0	5.0	2.0	0.0	0.0	0.0	0.0	1.0	0.0	3.0	5.0	0.0
	3p	+	16	86.0	59.0	44.0	53.0	242.0	2.0	1.0	1.0	3.0	3.0	1.0	3.0	0.0	2.0	1.0	0.0	0.0	0.0	0.0	0.0	0.0	2.0	0.0	7.0	2.0	0.0
	3p	+	17	72.0	71.0	57.0	45.0	245.0	1.0	2.0	2.0	1.0	0.0	3.0	1.0	2.0	2.0	3.0	1.0	2.0	0.0	0.0	0.0	0.0	1.0	0.0	3.0	4.0	0.0
	3p	+	18	79.0	68.0	63.0	38.0	248.0	2.0	1.0	0.0	1.0	2.0	1.0	2.0	0.0	0.0	0.0	0.0	3.0	0.0	0.0	0.0	0.0	1.0	0.0	2.0	2.0	0.0
	3p	+	19	78.0	62.0	58.0	42.0	240.0	0.0	2.0	2.0	1.0	1.0	1.0	2.0	1.0	1.0	2.0	1.0	1.0	0.0	0.0	0.0	0.0	4.0	0.0	3.0	4.0	0.0
	3p	+	20	85.0	64.0	51.0	46.0	246.0	1.0	0.0	2.0	1.0	2.0	1.0	1.0	1.0	0.0	3.0	0.0	2.0	0.0	0.0	0.0	0.0	1.0	0.0	2.0	3.0	0.0
	3p	+	21	81.0	56.0	55.0	55.0	247.0	0.0	0.0	2.0	2.0	2.0	0.0	2.0	1.0	2.0	2.0	0.0	2.0	0.0	0.0	0.0	0.0	2.0	0.0	1.0	3.0	0.0
	3p	+	22	80.0	61.0	56.0	50.0	247.0	1.0	2.0	4.0	1.0	1.0	0.0	2.0	2.0	0.0	0.0	1.0	0.0	0.0	0.0	0.0	0.0	3.0	0.0	3.0	2.0	0.0
	3p	+	23	88.0	61.0	33.0	58.0	240.0	1.0	1.0	0.0	3.0	0.0	1.0	1.0	1.0	1.0	0.0	2.0	0.0	0.0	0.0	0.0	0.0	6.0	0.0	3.0	4.0	0.0
	3p	+	24	81.0	67.0	53.0	46.0	247.0	3.0	0.0	1.0	1.0	4.0	2.0	1.0	0.0	0.0	0.0	8.0	1.0	0.0	0.0	0.0	0.0	4.0	0.0	2.0	1.0	0.0
	3p	+	25	76.0	66.0	53.0	50.0	245.0	0.0	3.0	2.0	1.0	4.0	1.0	0.0	3.0	0.0	0.0	1.0	1.0	0.0	0.0	0.0	0.0	2.0	0.0	2.0	2.0	0.0
	3p	+	26	71.0	64.0	63.0	48.0	246.0	4.0	1.0	2.0	1.0	0.0	1.0	0.0	2.0	0.0	0.0	1.0	0.0	0.0	0.0	0.0	0.0	2.0	0.0	2.0	4.0	0.0
	3p	+	27	81.0	61.0	58.0	47.0	247.0	2.0	0.0	2.0	2.0	1.0	1.0	2.0	0.0	0.0	2.0	1.0	0.0	0.0	0.0	0.0	0.0	3.0	0.0	3.0	2.0	0.0
	3p	+	28	89.0	64.0	51.0	45.0	249.0	3.0	2.0	0.0	3.0	0.0	0.0	1.0	0.0	2.0	2.0	0.0	1.0	0.0	0.0	0.0	0.0	1.0	0.0	3.0	1.0	0.0
	3p	+	29	82.0	67.0	54.0	50.0	253.0	2.0	1.0	2.0	4.0	2.0	3.0	3.0	2.0	0.0	2.0	0.0	0.0	0.0	0.0	0.0	0.0	1.0	0.0	0.0	0.0	0.0
	3p	+	30	81.0	65.0	55.0	53.0	254.0	1.0	0.0	2.0	4.0	2.0	0.0	2.0	2.0	3.0	1.0	2.0	1.0	0.0	0.0	0.0	0.0	0.0	0.0	0.0	0.0	0.0
	3p	+	31	37.0	32.0	28.0	27.0	124.0	1.0	1.0	0.0	0.0	0.0	2.0	0.0	0.0	0.0	1.0	1.0	0.0	0.0	0.0	0.0	0.0	0.0	0.0	0.0	0.0	0.0
	3p	+	32	21.0	15.0	13.0	27.0	76.0	0.0	1.0	0.0	0.0	0.0	0.0	0.0	0.0	2.0	1.0	0.0	0.0	0.0	0.0	0.0	0.0	0.0	0.0	0.0	0.0	0.0
	3p	+	33	17.0	18.0	7.0	12.0	54.0	0.0	0.0	2.0	0.0	0.0	0.0	0.0	1.0	0.0	1.0	0.0	1.0	0.0	0.0	0.0	0.0	0.0	0.0	0.0	0.0	0.0
	3p	+	34	17.0	9.0	7.0	8.0	41.0	0.0	0.0	0.0	0.0	0.0	1.0	0.0	1.0	0.0	0.0	0.0	0.0	0.0	0.0	0.0	0.0	0.0	0.0	0.0	0.0	0.0
	3p	+	35	12.0	9.0	8.0	8.0	37.0	0.0	0.0	2.0	0.0	0.0	1.0	0.0	0.0	0.0	1.0	1.0	0.0	0.0	0.0	0.0	0.0	0.0	0.0	0.0	0.0	0.0
	3p	+	36	16.0	8.0	5.0	4.0	33.0	0.0	0.0	1.0	0.0	0.0	0.0	0.0	0.0	0.0	0.0	0.0	0.0	0.0	0.0	0.0	0.0	0.0	0.0	0.0	0.0	0.0
	3p	+	37	13.0	6.0	3.0	9.0	31.0	0.0	0.0	1.0	1.0	0.0	0.0	0.0	0.0	1.0	0.0	0.0	0.0	0.0	0.0	0.0	0.0	0.0	0.0	0.0	0.0	0.0
	3p	+	38	11.0	9.0	5.0	6.0	31.0	0.0	0.0	1.0	0.0	0.0	0.0	0.0	0.0	0.0	0.0	0.0	0.0	0.0	0.0	0.0	0.0	0.0	0.0	0.0	0.0	0.0
	3p	+	39	10.0	5.0	5.0	7.0	27.0	1.0	0.0	1.0	1.0	0.0	0.0	0.0	0.0	0.0	0.0	0.0	0.0	0.0	0.0	0.0	0.0	1.0	0.0	0.0	0.0	0.0
	3p	+	40	12.0	3.0	4.0	7.0	26.0	0.0	0.0	0.0	0.0	0.0	0.0	0.0	0.0	0.0	0.0	0.0	0.0	0.0	0.0	0.0	0.0	0.0	0.0	0.0	0.0	0.0
	3p	+	41	8.0	8.0	3.0	7.0	26.0	0.0	0.0	1.0	0.0	0.0	0.0	0.0	0.0	0.0	0.0	0.0	0.0	0.0	0.0	0.0	0.0	0.0	0.0	0.0	0.0	0.0
	3p	+	42	5.0	8.0	5.0	7.0	25.0	0.0	1.0	0.0	1.0	0.0	0.0	0.0	0.0	0.0	0.0	0.0	0.0	0.0	0.0	0.0	0.0	0.0	0.0	0.0	0.0	0.0
	3p	+	43	12.0	4.0	2.0	7.0	25.0	0.0	0.0	0.0	1.0	0.0	0.0	0.0	0.0	0.0	0.0	0.0	0.0	0.0	0.0	0.0	0.0	0.0	0.0	0.0	0.0	0.0
	3p	+	44	7.0	5.0	2.0	8.0	22.0	0.0	0.0	0.0	0.0	0.0	0.0	0.0	0.0	0.0	0.0	0.0	0.0	0.0	0.0	0.0	0.0	0.0	0.0	0.0	0.0	0.0
	3p	+	45	7.0	6.0	4.0	5.0	22.0	0.0	0.0	0.0	0.0	0.0	0.0	0.0	0.0	0.0	0.0	0.0	0.0	0.0	0.0	0.0	0.0	0.0	0.0	0.0	0.0	0.0
	3p	+	46	5.0	7.0	3.0	5.0	20.0	0.0	0.0	0.0	0.0	0.0	0.0	0.0	0.0	0.0	0.0	0.0	0.0	0.0	0.0	0.0	0.0	0.0	0.0	0.0	0.0	0.0
	3p	+	47	6.0	4.0	3.0	6.0	19.0	0.0	0.0	1.0	0.0	0.0	0.0	1.0	0.0	0.0	0.0	0.0	0.0	0.0	0.0	0.0	0.0	0.0	0.0	0.0	0.0	0.0
	3p	+	48	5.0	5.0	2.0	5.0	17.0	0.0	0.0	1.0	1.0	0.0	0.0	0.0	0.0	0.0	0.0	0.0	0.0	0.0	0.0	0.0	0.0	0.0	0.0	0.0	0.0	0.0
	3p	+	49	2.0	6.0	3.0	6.0	17.0	0.0	0.0	0.0	0.0	0.0	0.0	0.0	0.0	0.0	1.0	0.0	0.0	0.0	0.0	0.0	0.0	0.0	0.0	0.0	0.0	0.0
	3p	+	50	5.0	2.0	1.0	9.0	17.0	0.0	0.0	0.0	0.0	0.0	0.0	0.0	0.0	0.0	0.0	0.0	1.0	0.0	0.0	0.0	0.0	0.0	0.0	0.0	0.0	0.0
	3p	+	51	2.0	9.0	1.0	3.0	15.0	0.0	0.0	0.0	0.0	0.0	0.0	0.0	0.0	0.0	0.0	0.0	0.0	0.0	0.0	0.0	0.0	0.0	0.0	0.0	0.0	0.0
	3p	+	52	2.0	5.0	2.0	6.0	15.0	0.0	0.0	0.0	0.0	0.0	0.0	0.0	0.0	0.0	0.0	0.0	0.0	0.0	0.0	0.0	0.0	0.0	0.0	0.0	0.0	0.0
	3p	+	53	5.0	5.0	5.0	0.0	15.0	0.0	0.0	0.0	0.0	0.0	0.0	0.0	0.0	0.0	0.0	0.0	0.0	0.0	0.0	0.0	0.0	0.0	0.0	0.0	0.0	0.0
	3p	+	54	7.0	3.0	2.0	2.0	14.0	0.0	0.0	0.0	0.0	0.0	0.0	0.0	0.0	0.0	0.0	0.0	0.0	0.0	0.0	0.0	0.0	0.0	0.0	0.0	0.0	0.0
	3p	+	55	6.0	2.0	2.0	4.0	14.0	0.0	0.0	0.0	0.0	0.0	0.0	0.0	1.0	0.0	0.0	0.0	0.0	0.0	0.0	0.0	0.0	0.0	0.0	0.0	0.0	0.0
	3p	+	56	5.0	1.0	4.0	4.0	14.0	0.0	0.0	0.0	0.0	0.0	0.0	0.0	0.0	0.0	0.0	1.0	0.0	0.0	0.0	0.0	0.0	0.0	0.0	0.0	0.0	0.0
	3p	+	57	6.0	2.0	5.0	1.0	14.0	0.0	0.0	0.0	0.0	0.0	0.0	0.0	0.0	0.0	0.0	0.0	1.0	0.0	0.0	0.0	0.0	0.0	0.0	0.0	0.0	0.0
	3p	+	58	3.0	3.0	2.0	6.0	14.0	0.0	0.0	0.0	0.0	0.0	0.0	1.0	0.0	0.0	0.0	0.0	0.0	0.0	0.0	0.0	0.0	0.0	0.0	0.0	0.0	0.0
	3p	+	59	6.0	2.0	4.0	2.0	14.0	0.0	0.0	0.0	0.0	0.0	0.0	1.0	0.0	0.0	1.0	0.0	0.0	0.0	0.0	0.0	0.0	0.0	0.0	0.0	0.0	0.0
	3p	+	60	4.0	3.0	2.0	5.0	14.0	0.0	0.0	0.0	0.0	0.0	0.0	0.0	0.0	0.0	0.0	0.0	0.0	0.0	0.0	0.0	0.0	0.0	0.0	0.0	0.0	0.0
	3p	+	61	8.0	1.0	2.0	2.0	13.0	0.0	0.0	0.0	0.0	0.0	0.0	0.0	0.0	0.0	0.0	0.0	0.0	0.0	0.0	0.0	0.0	0.0	0.0	0.0	0.0	0.0
	3p	+	62	3.0	4.0	3.0	3.0	13.0	0.0	0.0	0.0	0.0	0.0	0.0	0.0	1.0	0.0	0.0	0.0	0.0	0.0	0.0	0.0	0.0	0.0	0.0	0.0	0.0	0.0
	3p	+	63	4.0	3.0	0.0	6.0	13.0	0.0	0.0	0.0	0.0	0.0	0.0	0.0	0.0	0.0	0.0	0.0	0.0	0.0	0.0	0.0	0.0	0.0	0.0	0.0	0.0	0.0
	3p	+	64	3.0	0.0	4.0	5.0	12.0	0.0	0.0	0.0	0.0	0.0	0.0	0.0	0.0	0.0	0.0	0.0	0.0	0.0	0.0	0.0	0.0	0.0	0.0	0.0	0.0	0.0
	3p	+	65	6.0	1.0	2.0	3.0	12.0	0.0	0.0	0.0	0.0	0.0	0.0	0.0	0.0	0.0	0.0	0.0	0.0	0.0	0.0	0.0	0.0	0.0	0.0	0.0	0.0	0.0
	3p	+	66	3.0	2.0	3.0	4.0	12.0	0.0	0.0	0.0	0.0	0.0	0.0	0.0	1.0	0.0	0.0	0.0	0.0	0.0	0.0	0.0	0.0	0.0	0.0	0.0	0.0	0.0
	3p	+	67	3.0	3.0	1.0	5.0	12.0	0.0	0.0	0.0	0.0	0.0	0.0	0.0	0.0	0.0	0.0	0.0	0.0	0.0	0.0	0.0	0.0	0.0	0.0	0.0	0.0	0.0
	3p	+	68	6.0	0.0	1.0	4.0	11.0	0.0	0.0	0.0	0.0	0.0	0.0	0.0	0.0	0.0	0.0	0.0	0.0	0.0	0.0	0.0	0.0	0.0	0.0	0.0	0.0	0.0
	3p	+	69	2.0	3.0	3.0	3.0	11.0	0.0	0.0	0.0	0.0	0.0	0.0	0.0	0.0	0.0	0.0	0.0	0.0	0.0	0.0	0.0	0.0	0.0	0.0	0.0	0.0	0.0
	3p	+	70	6.0	1.0	3.0	0.0	10.0	0.0	0.0	0.0	0.0	0.0	0.0	0.0	0.0	0.0	0.0	0.0	0.0	0.0	0.0	0.0	0.0	0.0	0.0	0.0	0.0	0.0
	3p	+	71	4.0	2.0	1.0	3.0	10.0	0.0	0.0	0.0	0.0	0.0	0.0	0.0	0.0	0.0	0.0	0.0	0.0	0.0	0.0	0.0	0.0	0.0	0.0	0.0	0.0	0.0
	3p	+	72	2.0	4.0	3.0	1.0	10.0	0.0	0.0	0.0	0.0	0.0	0.0	0.0	0.0	0.0	0.0	0.0	0.0	0.0	0.0	0.0	0.0	0.0	0.0	0.0	0.0	0.0
	3p	+	73	5.0	0.0	0.0	5.0	10.0	0.0	0.0	0.0	0.0	0.0	0.0	0.0	0.0	0.0	0.0	0.0	0.0	0.0	0.0	0.0	0.0	0.0	0.0	0.0	0.0	0.0
	3p	+	74	4.0	1.0	3.0	2.0	10.0	0.0	0.0	0.0	0.0	0.0	0.0	0.0	0.0	0.0	0.0	0.0	0.0	0.0	0.0	0.0	0.0	0.0	0.0	0.0	0.0	0.0
	3p	+	75	3.0	2.0	0.0	5.0	10.0	0.0	0.0	0.0	0.0	0.0	0.0	0.0	0.0	0.0	0.0	0.0	0.0	0.0	0.0	0.0	0.0	0.0	0.0	0.0	0.0	0.0
	3p	+	76	3.0	3.0	2.0	2.0	10.0	0.0	0.0	0.0	0.0	0.0	0.0	0.0	0.0	0.0	0.0	0.0	0.0	0.0	0.0	0.0	0.0	0.0	0.0	0.0	0.0	0.0
	3p	+	77	4.0	3.0	2.0	1.0	10.0	0.0	0.0	0.0	0.0	0.0	0.0	0.0	0.0	0.0	0.0	0.0	0.0	0.0	0.0	0.0	0.0	0.0	0.0	0.0	0.0	0.0
	3p	+	78	2.0	3.0	1.0	3.0	9.0	0.0	0.0	0.0	0.0	0.0	0.0	0.0	1.0	0.0	0.0	0.0	1.0	0.0	0.0	0.0	0.0	0.0	0.0	0.0	0.0	0.0
	3p	+	79	3.0	1.0	1.0	4.0	9.0	0.0	0.0	0.0	0.0	0.0	0.0	0.0	0.0	0.0	0.0	0.0	0.0	0.0	0.0	0.0	0.0	0.0	0.0	0.0	0.0	0.0
	3p	+	80	2.0	2.0	3.0	2.0	9.0	0.0	0.0	0.0	0.0	0.0	0.0	0.0	0.0	0.0	0.0	0.0	0.0	0.0	0.0	0.0	0.0	0.0	0.0	0.0	0.0	0.0
	3p	+	81	3.0	0.0	1.0	5.0	9.0	1.0	0.0	0.0	0.0	0.0	0.0	0.0	0.0	0.0	0.0	0.0	0.0	0.0	0.0	0.0	0.0	0.0	0.0	0.0	0.0	0.0
	3p	+	82	4.0	3.0	0.0	1.0	8.0	0.0	0.0	0.0	0.0	0.0	0.0	0.0	0.0	0.0	0.0	0.0	0.0	0.0	0.0	0.0	0.0	0.0	0.0	0.0	0.0	0.0
	3p	+	83	1.0	2.0	5.0	1.0	9.0	0.0	0.0	0.0	0.0	0.0	0.0	0.0	0.0	0.0	0.0	0.0	0.0	0.0	0.0	0.0	0.0	0.0	0.0	0.0	0.0	0.0
	3p	+	84	2.0	2.0	1.0	4.0	9.0	0.0	0.0	0.0	0.0	0.0	0.0	0.0	0.0	0.0	0.0	0.0	0.0	0.0	0.0	0.0	0.0	0.0	0.0	0.0	0.0	0.0
	3p	+	85	4.0	1.0	1.0	3.0	9.0	0.0	0.0	0.0	0.0	0.0	0.0	0.0	0.0	0.0	0.0	0.0	0.0	0.0	0.0	0.0	0.0	0.0	0.0	0.0	0.0	0.0
	3p	+	86	3.0	2.0	2.0	2.0	9.0	0.0	0.0	0.0	0.0	0.0	0.0	0.0	0.0	0.0	0.0	0.0	0.0	0.0	0.0	0.0	0.0	0.0	0.0	0.0	0.0	0.0
	3p	+	87	4.0	1.0	3.0	1.0	9.0	0.0	0.0	0.0	0.0	0.0	0.0	0.0	1.0	0.0	0.0	0.0	0.0	0.0	0.0	0.0	0.0	0.0	0.0	0.0	0.0	0.0
	3p	+	88	2.0	1.0	4.0	2.0	9.0	0.0	0.0	0.0	0.0	0.0	0.0	0.0	0.0	0.0	0.0	0.0	0.0	0.0	0.0	0.0	0.0	0.0	0.0	0.0	0.0	0.0
	3p	+	89	4.0	1.0	0.0	4.0	9.0	0.0	0.0	0.0	0.0	0.0	0.0	0.0	0.0	0.0	0.0	0.0	0.0	0.0	0.0	0.0	0.0	0.0	0.0	0.0	0.0	0.0
	3p	+	90	1.0	1.0	3.0	3.0	8.0	0.0	0.0	0.0	0.0	0.0	0.0	0.0	0.0	0.0	0.0	0.0	0.0	0.0	0.0	0.0	0.0	0.0	0.0	0.0	0.0	0.0
	3p	+	91	1.0	1.0	1.0	4.0	7.0	0.0	0.0	0.0	0.0	0.0	0.0	0.0	0.0	0.0	0.0	0.0	0.0	0.0	0.0	0.0	0.0	0.0	0.0	0.0	0.0	0.0
	3p	+	92	1.0	5.0	0.0	1.0	7.0	0.0	0.0	0.0	0.0	0.0	0.0	0.0	0.0	0.0	0.0	0.0	0.0	0.0	0.0	0.0	0.0	0.0	0.0	0.0	0.0	0.0
	3p	+	93	0.0	1.0	1.0	5.0	7.0	0.0	0.0	0.0	0.0	0.0	0.0	0.0	0.0	0.0	0.0	1.0	0.0	0.0	0.0	0.0	0.0	0.0	0.0	0.0	0.0	0.0
	3p	+	94	1.0	3.0	1.0	2.0	7.0	0.0	0.0	0.0	0.0	0.0	0.0	0.0	0.0	0.0	0.0	0.0	0.0	0.0	0.0	0.0	0.0	0.0	0.0	0.0	0.0	0.0
	3p	+	95	2.0	3.0	2.0	0.0	7.0	0.0	0.0	0.0	0.0	0.0	0.0	0.0	0.0	0.0	0.0	0.0	0.0	0.0	0.0	0.0	0.0	0.0	0.0	0.0	0.0	0.0
	3p	+	96	3.0	0.0	1.0	3.0	7.0	0.0	0.0	0.0	0.0	0.0	0.0	0.0	0.0	0.0	0.0	0.0	0.0	0.0	0.0	0.0	0.0	0.0	0.0	0.0	0.0	0.0
	3p	+	97	1.0	3.0	1.0	2.0	7.0	0.0	0.0	0.0	0.0	0.0	0.0	0.0	0.0	0.0	0.0	0.0	0.0	0.0	0.0	0.0	0.0	0.0	0.0	0.0	0.0	0.0
	3p	+	98	3.0	0.0	2.0	2.0	7.0	0.0	0.0	0.0	0.0	2.0	0.0	0.0	0.0	0.0	0.0	0.0	0.0	0.0	0.0	0.0	0.0	0.0	0.0	0.0	0.0	0.0
	3p	+	99	1.0	1.0	3.0	2.0	7.0	0.0	0.0	0.0	0.0	0.0	0.0	0.0	0.0	0.0	0.0	0.0	0.0	0.0	0.0	0.0	0.0	0.0	0.0	0.0	0.0	0.0
	3p	+	100	4.0	1.0	1.0	1.0	7.0	0.0	0.0	0.0	0.0	0.0	0.0	0.0	0.0	0.0	0.0	0.0	0.0	0.0	0.0	0.0	0.0	0.0	0.0	0.0	0.0	0.0
	3p	-	1	99.0	72.0	54.0	32.0	257.0	2.0	1.0	0.0	2.0	1.0	0.0	1.0	4.0	1.0	7.0	2.0	1.00.0	0.0	0.0	0.0	0.0	0.0	0.0	0.0	0.0
	3p	-	2	82.0	90.0	42.0	43.0	257.0	1.0	0.0	1.0	0.0	0.0	0.0	1.0	1.0	1.0	0.0	3.0	1.00.0	0.0	0.0	0.0	0.0	0.0	0.0	0.0	0.0
	3p	-	3	79.0	70.0	58.0	50.0	257.0	0.0	0.0	1.0	2.0	0.0	0.0	1.0	0.0	2.0	5.0	2.0	1.00.0	0.0	0.0	0.0	0.0	0.0	0.0	0.0	0.0
	3p	-	4	89.0	77.0	50.0	41.0	257.0	4.0	0.0	0.0	4.0	1.0	1.0	1.0	1.0	1.0	1.0	1.0	0.00.0	0.0	0.0	0.0	0.0	0.0	0.0	0.0	0.0
	3p	-	5	95.0	65.0	57.0	40.0	257.0	0.0	1.0	5.0	2.0	2.0	4.0	1.0	1.0	1.0	1.0	2.0	2.00.0	0.0	0.0	0.0	0.0	0.0	0.0	0.0	0.0
	3p	-	6	98.0	71.0	56.0	31.0	256.0	1.0	1.0	3.0	0.0	0.0	0.0	0.0	1.0	0.0	1.0	1.0	0.00.0	0.0	0.0	0.0	1.0	0.0	0.0	0.0	0.0
	3p	-	7	83.0	66.0	53.0	46.0	248.0	1.0	0.0	1.0	1.0	2.0	1.0	1.0	3.0	1.0	0.0	2.0	0.00.0	0.0	0.0	0.0	3.0	0.0	2.0	3.0	0.0
	3p	-	8	78.0	61.0	60.0	49.0	248.0	1.0	3.0	2.0	2.0	1.0	1.0	2.0	3.0	1.0	3.0	2.0	1.00.0	0.0	0.0	0.0	3.0	0.0	3.0	1.0	0.0
	3p	-	9	77.0	58.0	56.0	54.0	245.0	2.0	0.0	2.0	1.0	0.0	1.0	1.0	0.0	0.0	2.0	2.0	0.00.0	0.0	0.0	0.0	1.0	0.0	5.0	4.0	0.0
	3p	-	10	98.0	64.0	49.0	39.0	250.0	1.0	1.0	2.0	0.0	3.0	1.0	1.0	3.0	0.0	2.0	0.0	1.00.0	0.0	0.0	0.0	2.0	0.0	0.0	3.0	0.0
	3p	-	11	87.0	66.0	52.0	42.0	247.0	0.0	1.0	0.0	3.0	0.0	1.0	0.0	1.0	0.0	0.0	1.0	1.00.0	0.0	0.0	0.0	1.0	0.0	4.0	2.0	0.0
	3p	-	12	87.0	66.0	52.0	43.0	248.0	3.0	1.0	1.0	0.0	1.0	0.0	1.0	0.0	1.0	1.0	0.0	0.00.0	0.0	0.0	0.0	1.0	0.0	2.0	5.0	0.0
	3p	-	13	80.0	67.0	50.0	48.0	245.0	3.0	0.0	2.0	1.0	0.0	1.0	2.0	4.0	2.0	2.0	0.0	0.00.0	0.0	0.0	0.0	0.0	0.0	5.0	3.0	0.0
	3p	-	14	77.0	75.0	54.0	45.0	251.0	0.0	0.0	1.0	0.0	3.0	1.0	1.0	1.0	2.0	1.0	1.0	1.00.0	0.0	0.0	0.0	0.0	0.0	1.0	3.0	0.0
	3p	-	15	80.0	68.0	61.0	37.0	246.0	1.0	0.0	1.0	0.0	4.0	0.0	0.0	2.0	0.0	2.0	2.0	0.00.0	0.0	0.0	0.0	3.0	0.0	6.0	2.0	0.0
	3p	-	16	83.0	66.0	51.0	52.0	252.0	0.0	0.0	0.0	1.0	0.0	1.0	0.0	0.0	1.0	0.0	2.0	1.00.0	0.0	0.0	0.0	1.0	0.0	2.0	2.0	0.0
	3p	-	17	74.0	73.0	62.0	44.0	253.0	5.0	1.0	1.0	0.0	0.0	2.0	1.0	0.0	0.0	0.0	5.0	0.00.0	0.0	0.0	0.0	0.0	0.0	3.0	1.0	0.0
	3p	-	18	76.0	73.0	55.0	43.0	247.0	3.0	0.0	2.0	1.0	3.0	2.0	1.0	1.0	1.0	1.0	2.0	0.00.0	0.0	0.0	0.0	0.0	0.0	4.0	3.0	0.0
	3p	-	19	83.0	52.0	64.0	54.0	253.0	0.0	0.0	2.0	1.0	2.0	3.0	2.0	1.0	1.0	0.0	5.0	1.00.0	0.0	0.0	0.0	1.0	0.0	0.0	3.0	0.0
	3p	-	20	86.0	67.0	54.0	41.0	248.0	1.0	0.0	2.0	0.0	3.0	1.0	3.0	3.0	0.0	1.0	3.0	0.00.0	0.0	0.0	0.0	2.0	0.0	4.0	2.0	0.0
	3p	-	21	81.0	73.0	49.0	45.0	248.0	1.0	0.0	3.0	3.0	0.0	0.0	1.0	0.0	0.0	1.0	3.0	1.00.0	0.0	0.0	0.0	1.0	0.0	1.0	4.0	0.0
	3p	-	22	76.0	74.0	52.0	44.0	246.0	0.0	1.0	3.0	2.0	1.0	0.0	0.0	3.0	0.0	1.0	2.0	3.00.0	0.0	0.0	0.0	2.0	0.0	3.0	3.0	0.0
	3p	-	23	75.0	68.0	52.0	50.0	245.0	2.0	0.0	2.0	1.0	0.0	1.0	3.0	3.0	1.0	1.0	1.0	0.00.0	0.0	0.0	0.0	3.0	0.0	2.0	2.0	0.0
	3p	-	24	78.0	70.0	60.0	40.0	248.0	5.0	0.0	4.0	3.0	2.0	1.0	3.0	2.0	0.0	0.0	0.0	0.00.0	0.0	0.0	0.0	3.0	0.0	1.0	2.0	0.0
	3p	-	25	73.0	64.0	52.0	57.0	246.0	3.0	1.0	4.0	5.0	4.0	0.0	1.0	1.0	0.0	3.0	1.0	2.00.0	0.0	0.0	0.0	4.0	0.0	2.0	1.0	0.0
	3p	-	26	97.0	53.0	51.0	47.0	248.0	0.0	3.0	4.0	1.0	1.0	3.0	0.0	0.0	3.0	2.0	2.0	0.00.0	0.0	0.0	0.0	1.0	0.0	1.0	4.0	0.0
	3p	-	27	72.0	56.0	72.0	52.0	252.0	0.0	1.0	1.0	2.0	1.0	1.0	0.0	0.0	3.0	1.0	2.0	2.00.0	0.0	0.0	0.0	0.0	0.0	1.0	1.0	0.0
	3p	-	28	79.0	63.0	60.0	52.0	254.0	3.0	4.0	0.0	1.0	3.0	2.0	2.0	1.0	2.0	1.0	2.0	0.00.0	0.0	0.0	0.0	1.0	0.0	0.0	0.0	0.0
	3p	-	29	77.0	76.0	47.0	55.0	255.0	1.0	0.0	0.0	2.0	0.0	3.0	3.0	0.0	0.0	3.0	1.0	1.00.0	0.0	0.0	0.0	0.0	0.0	0.0	0.0	0.0
	3p	-	30	61.0	85.0	69.0	39.0	254.0	3.0	1.0	3.0	2.0	1.0	2.0	1.0	0.0	2.0	1.0	3.0	2.00.0	0.0	0.0	0.0	0.0	0.0	0.0	1.0	0.0
	3p	-	31	43.0	28.0	24.0	26.0	121.0	0.0	0.0	0.0	0.0	2.0	0.0	0.0	1.0	0.0	1.0	0.0	0.00.0	0.0	0.0	0.0	0.0	0.0	1.0	0.0	0.0
	3p	-	32	25.0	24.0	19.0	13.0	81.0	0.0	1.0	0.0	0.0	0.0	1.0	2.0	0.0	0.0	0.0	0.0	0.00.0	0.0	0.0	0.0	0.0	0.0	0.0	0.0	0.0
	3p	-	33	27.0	12.0	14.0	12.0	65.0	0.0	0.0	1.0	1.0	0.0	1.0	0.0	0.0	0.0	0.0	0.0	1.00.0	0.0	0.0	0.0	0.0	0.0	0.0	0.0	0.0
	3p	-	34	24.0	14.0	8.0	9.0	55.0	0.0	0.0	3.0	0.0	0.0	0.0	0.0	0.0	0.0	0.0	0.0	1.00.0	0.0	0.0	0.0	0.0	0.0	0.0	0.0	0.0
	3p	-	35	16.0	12.0	9.0	15.0	52.0	0.0	0.0	0.0	0.0	0.0	0.0	2.0	0.0	0.0	0.0	0.0	0.00.0	0.0	0.0	0.0	0.0	0.0	0.0	0.0	0.0
	3p	-	36	17.0	14.0	10.0	11.0	52.0	0.0	0.0	1.0	0.0	0.0	0.0	0.0	0.0	0.0	1.0	0.0	0.00.0	0.0	0.0	0.0	0.0	0.0	0.0	0.0	0.0
	3p	-	37	16.0	9.0	9.0	15.0	49.0	0.0	0.0	0.0	0.0	0.0	1.0	0.0	0.0	0.0	1.0	0.0	0.00.0	0.0	0.0	0.0	0.0	0.0	0.0	0.0	0.0
	3p	-	38	16.0	9.0	11.0	12.0	48.0	0.0	0.0	2.0	0.0	0.0	1.0	0.0	0.0	0.0	1.0	0.0	0.00.0	0.0	0.0	0.0	0.0	0.0	0.0	0.0	0.0
	3p	-	39	18.0	7.0	10.0	9.0	44.0	0.0	0.0	1.0	0.0	0.0	0.0	0.0	0.0	0.0	0.0	0.0	1.00.0	0.0	0.0	0.0	0.0	0.0	1.0	0.0	0.0
	3p	-	40	16.0	11.0	8.0	9.0	44.0	0.0	0.0	1.0	2.0	0.0	0.0	0.0	0.0	0.0	0.0	0.0	0.00.0	0.0	0.0	0.0	0.0	0.0	0.0	0.0	0.0
	3p	-	41	12.0	11.0	8.0	13.0	44.0	0.0	2.0	1.0	1.0	0.0	0.0	0.0	0.0	0.0	0.0	0.0	0.00.0	0.0	0.0	0.0	0.0	0.0	0.0	0.0	0.0
	3p	-	42	15.0	11.0	9.0	9.0	44.0	0.0	1.0	0.0	0.0	0.0	0.0	0.0	0.0	0.0	1.0	0.0	0.00.0	0.0	0.0	0.0	0.0	0.0	0.0	0.0	0.0
	3p	-	43	13.0	10.0	7.0	12.0	42.0	0.0	0.0	0.0	0.0	0.0	0.0	0.0	0.0	0.0	0.0	0.0	0.00.0	0.0	0.0	0.0	0.0	0.0	0.0	0.0	0.0
	3p	-	44	13.0	8.0	7.0	11.0	39.0	0.0	0.0	2.0	0.0	0.0	0.0	0.0	0.0	0.0	0.0	0.0	0.00.0	0.0	0.0	0.0	0.0	0.0	0.0	0.0	0.0
	3p	-	45	11.0	10.0	2.0	14.0	37.0	0.0	0.0	1.0	0.0	0.0	0.0	1.0	0.0	0.0	0.0	0.0	0.00.0	0.0	0.0	0.0	0.0	0.0	0.0	0.0	0.0
	3p	-	46	13.0	5.0	6.0	11.0	35.0	0.0	0.0	1.0	0.0	0.0	1.0	0.0	0.0	0.0	0.0	0.0	0.00.0	0.0	0.0	0.0	0.0	0.0	0.0	0.0	0.0
	3p	-	47	12.0	8.0	6.0	7.0	33.0	0.0	0.0	1.0	0.0	0.0	0.0	0.0	0.0	0.0	0.0	0.0	0.00.0	0.0	0.0	0.0	0.0	0.0	0.0	0.0	0.0
	3p	-	48	15.0	4.0	5.0	8.0	32.0	1.0	1.0	0.0	0.0	0.0	0.0	0.0	0.0	0.0	0.0	0.0	0.00.0	0.0	0.0	0.0	0.0	0.0	0.0	0.0	0.0
	3p	-	49	7.0	10.0	9.0	6.0	32.0	0.0	0.0	0.0	0.0	0.0	0.0	0.0	0.0	0.0	0.0	0.0	0.00.0	0.0	0.0	0.0	0.0	0.0	0.0	0.0	0.0
	3p	-	50	12.0	8.0	4.0	7.0	31.0	0.0	0.0	0.0	0.0	0.0	0.0	0.0	0.0	0.0	0.0	0.0	0.00.0	0.0	0.0	0.0	0.0	0.0	0.0	0.0	0.0
	3p	-	51	9.0	7.0	3.0	10.0	29.0	0.0	0.0	0.0	1.0	0.0	0.0	0.0	0.0	0.0	0.0	0.0	0.00.0	0.0	0.0	0.0	0.0	0.0	0.0	0.0	0.0
	3p	-	52	7.0	8.0	7.0	6.0	28.0	0.0	0.0	0.0	0.0	0.0	0.0	0.0	0.0	0.0	0.0	0.0	0.00.0	0.0	0.0	0.0	0.0	0.0	0.0	0.0	0.0
	3p	-	53	5.0	3.0	7.0	10.0	25.0	0.0	0.0	0.0	0.0	0.0	0.0	0.0	0.0	0.0	0.0	0.0	0.00.0	0.0	0.0	0.0	0.0	0.0	0.0	0.0	0.0
	3p	-	54	11.0	8.0	2.0	4.0	25.0	0.0	1.0	0.0	0.0	0.0	0.0	0.0	1.0	0.0	0.0	0.0	0.00.0	0.0	0.0	0.0	0.0	0.0	0.0	0.0	0.0
	3p	-	55	11.0	8.0	2.0	4.0	25.0	0.0	0.0	0.0	0.0	0.0	0.0	0.0	0.0	0.0	0.0	0.0	0.00.0	0.0	0.0	0.0	0.0	0.0	0.0	0.0	0.0
	3p	-	56	9.0	7.0	4.0	4.0	24.0	0.0	0.0	0.0	0.0	0.0	0.0	0.0	0.0	0.0	0.0	0.0	0.00.0	0.0	0.0	0.0	0.0	0.0	0.0	0.0	0.0
	3p	-	57	6.0	9.0	5.0	4.0	24.0	0.0	0.0	0.0	0.0	0.0	0.0	0.0	0.0	0.0	0.0	0.0	0.00.0	0.0	0.0	0.0	0.0	0.0	0.0	0.0	0.0
	3p	-	58	7.0	8.0	5.0	3.0	23.0	0.0	0.0	1.0	0.0	0.0	0.0	0.0	0.0	0.0	0.0	0.0	0.00.0	0.0	0.0	0.0	0.0	0.0	0.0	0.0	0.0
	3p	-	59	7.0	3.0	7.0	6.0	23.0	0.0	0.0	0.0	2.0	0.0	0.0	0.0	0.0	0.0	0.0	0.0	0.00.0	0.0	0.0	0.0	0.0	0.0	0.0	0.0	0.0
	3p	-	60	7.0	9.0	2.0	5.0	23.0	0.0	1.0	0.0	0.0	0.0	0.0	0.0	0.0	0.0	0.0	0.0	0.00.0	0.0	0.0	0.0	0.0	0.0	0.0	0.0	0.0
	3p	-	61	5.0	3.0	9.0	5.0	22.0	0.0	0.0	0.0	0.0	0.0	0.0	0.0	0.0	0.0	0.0	0.0	0.00.0	0.0	0.0	0.0	0.0	0.0	0.0	0.0	0.0
	3p	-	62	6.0	1.0	6.0	9.0	22.0	0.0	0.0	0.0	1.0	0.0	0.0	0.0	0.0	1.0	0.0	0.0	0.00.0	0.0	0.0	0.0	0.0	0.0	0.0	0.0	0.0
	3p	-	63	7.0	4.0	6.0	5.0	22.0	1.0	0.0	0.0	0.0	0.0	0.0	0.0	0.0	0.0	0.0	0.0	0.00.0	0.0	0.0	0.0	0.0	0.0	0.0	0.0	0.0
	3p	-	64	6.0	4.0	2.0	6.0	18.0	0.0	0.0	0.0	0.0	0.0	0.0	0.0	0.0	0.0	0.0	0.0	0.00.0	0.0	0.0	0.0	0.0	0.0	0.0	0.0	0.0
	3p	-	65	4.0	4.0	2.0	6.0	16.0	0.0	0.0	0.0	1.0	0.0	0.0	0.0	0.0	0.0	0.0	0.0	0.00.0	0.0	0.0	0.0	0.0	0.0	0.0	0.0	0.0
	3p	-	66	4.0	5.0	1.0	6.0	16.0	0.0	0.0	0.0	0.0	0.0	0.0	0.0	0.0	0.0	0.0	0.0	0.00.0	0.0	0.0	0.0	0.0	0.0	0.0	0.0	0.0
	3p	-	67	6.0	3.0	2.0	5.0	16.0	0.0	0.0	1.0	0.0	0.0	0.0	0.0	0.0	0.0	0.0	0.0	0.00.0	0.0	0.0	0.0	0.0	0.0	0.0	0.0	0.0
	3p	-	68	5.0	4.0	1.0	5.0	15.0	0.0	0.0	0.0	0.0	0.0	0.0	0.0	0.0	0.0	0.0	0.0	0.00.0	0.0	0.0	0.0	0.0	0.0	0.0	0.0	0.0
	3p	-	69	5.0	4.0	4.0	1.0	14.0	0.0	0.0	0.0	0.0	0.0	0.0	0.0	0.0	0.0	0.0	0.0	0.00.0	0.0	0.0	0.0	0.0	0.0	0.0	0.0	0.0
	3p	-	70	2.0	3.0	3.0	6.0	14.0	0.0	0.0	0.0	0.0	0.0	0.0	0.0	0.0	0.0	0.0	0.0	0.00.0	0.0	0.0	0.0	0.0	0.0	0.0	0.0	0.0
	3p	-	71	5.0	3.0	3.0	3.0	14.0	0.0	0.0	0.0	0.0	0.0	0.0	0.0	0.0	0.0	0.0	0.0	0.00.0	0.0	0.0	0.0	0.0	0.0	0.0	0.0	0.0
	3p	-	72	2.0	4.0	4.0	4.0	14.0	0.0	0.0	0.0	0.0	0.0	0.0	0.0	0.0	0.0	0.0	0.0	0.00.0	0.0	0.0	0.0	0.0	0.0	0.0	0.0	0.0
	3p	-	73	5.0	0.0	6.0	3.0	14.0	1.0	0.0	0.0	0.0	0.0	0.0	0.0	0.0	0.0	0.0	0.0	0.00.0	0.0	0.0	0.0	0.0	0.0	0.0	0.0	0.0
	3p	-	74	4.0	3.0	1.0	5.0	13.0	0.0	1.0	0.0	0.0	0.0	0.0	0.0	0.0	0.0	0.0	0.0	0.00.0	0.0	0.0	0.0	1.0	0.0	0.0	0.0	0.0
	3p	-	75	6.0	1.0	4.0	2.0	13.0	1.0	0.0	0.0	0.0	0.0	0.0	0.0	0.0	0.0	0.0	0.0	0.00.0	0.0	0.0	0.0	0.0	0.0	1.0	0.0	0.0
	3p	-	76	2.0	4.0	1.0	6.0	13.0	0.0	0.0	0.0	0.0	0.0	0.0	0.0	0.0	0.0	0.0	0.0	0.00.0	0.0	0.0	0.0	0.0	0.0	0.0	0.0	0.0
	3p	-	77	4.0	2.0	3.0	4.0	13.0	0.0	0.0	0.0	0.0	0.0	1.0	1.0	0.0	0.0	0.0	0.0	0.00.0	0.0	0.0	0.0	0.0	0.0	1.0	0.0	0.0
	3p	-	78	3.0	1.0	3.0	6.0	13.0	0.0	0.0	0.0	0.0	0.0	0.0	0.0	0.0	0.0	0.0	0.0	0.00.0	0.0	0.0	0.0	0.0	0.0	0.0	0.0	0.0
	3p	-	79	4.0	5.0	2.0	2.0	13.0	0.0	0.0	0.0	0.0	0.0	0.0	0.0	0.0	0.0	0.0	0.0	1.00.0	0.0	0.0	0.0	0.0	0.0	0.0	0.0	0.0
	3p	-	80	2.0	4.0	1.0	6.0	13.0	0.0	0.0	0.0	0.0	0.0	0.0	1.0	0.0	0.0	0.0	0.0	0.00.0	0.0	0.0	0.0	0.0	0.0	0.0	0.0	0.0
	3p	-	81	0.0	5.0	4.0	3.0	12.0	0.0	0.0	0.0	0.0	0.0	0.0	0.0	0.0	0.0	0.0	0.0	0.00.0	0.0	0.0	0.0	0.0	0.0	0.0	0.0	0.0
	3p	-	82	5.0	3.0	1.0	3.0	12.0	0.0	1.0	0.0	0.0	0.0	0.0	0.0	0.0	0.0	0.0	0.0	0.00.0	0.0	0.0	0.0	0.0	0.0	0.0	0.0	0.0
	3p	-	83	1.0	3.0	2.0	6.0	12.0	0.0	0.0	0.0	0.0	0.0	0.0	0.0	0.0	0.0	0.0	0.0	0.00.0	0.0	0.0	0.0	0.0	0.0	0.0	0.0	0.0
	3p	-	84	6.0	1.0	3.0	2.0	12.0	1.0	0.0	0.0	0.0	0.0	0.0	0.0	0.0	0.0	0.0	0.0	0.00.0	0.0	0.0	0.0	0.0	0.0	0.0	0.0	0.0
	3p	-	85	3.0	4.0	0.0	4.0	11.0	0.0	0.0	0.0	0.0	0.0	0.0	0.0	0.0	0.0	0.0	0.0	0.00.0	0.0	0.0	0.0	0.0	0.0	0.0	0.0	0.0
	3p	-	86	3.0	2.0	0.0	6.0	11.0	0.0	1.0	0.0	0.0	0.0	0.0	0.0	0.0	0.0	0.0	0.0	0.00.0	0.0	0.0	0.0	0.0	0.0	0.0	0.0	0.0
	3p	-	87	3.0	1.0	3.0	4.0	11.0	0.0	0.0	0.0	0.0	0.0	0.0	0.0	0.0	0.0	0.0	0.0	0.00.0	0.0	0.0	0.0	0.0	0.0	0.0	0.0	0.0
	3p	-	88	3.0	3.0	1.0	2.0	9.0	0.0	0.0	0.0	0.0	0.0	0.0	0.0	0.0	0.0	0.0	0.0	0.00.0	0.0	0.0	0.0	0.0	0.0	0.0	0.0	0.0
	3p	-	89	2.0	2.0	2.0	3.0	9.0	0.0	0.0	0.0	0.0	0.0	0.0	0.0	0.0	0.0	0.0	0.0	0.00.0	0.0	0.0	0.0	0.0	0.0	0.0	0.0	0.0
	3p	-	90	3.0	3.0	2.0	1.0	9.0	0.0	0.0	0.0	0.0	1.0	0.0	0.0	0.0	0.0	0.0	0.0	0.00.0	0.0	0.0	0.0	0.0	0.0	0.0	0.0	0.0
	3p	-	91	2.0	4.0	1.0	2.0	9.0	0.0	0.0	0.0	0.0	0.0	0.0	0.0	0.0	0.0	0.0	0.0	0.00.0	0.0	0.0	0.0	0.0	0.0	0.0	0.0	0.0
	3p	-	92	1.0	2.0	1.0	5.0	9.0	0.0	0.0	0.0	0.0	0.0	0.0	0.0	0.0	0.0	0.0	0.0	0.00.0	0.0	0.0	0.0	0.0	0.0	0.0	0.0	0.0
	3p	-	93	4.0	1.0	2.0	2.0	9.0	0.0	0.0	0.0	0.0	0.0	0.0	0.0	0.0	0.0	0.0	0.0	0.00.0	0.0	0.0	0.0	0.0	0.0	0.0	0.0	0.0
	3p	-	94	0.0	2.0	4.0	3.0	9.0	0.0	0.0	0.0	1.0	0.0	0.0	0.0	0.0	0.0	0.0	0.0	0.00.0	0.0	0.0	0.0	0.0	0.0	0.0	0.0	0.0
	3p	-	95	1.0	1.0	2.0	5.0	9.0	0.0	0.0	0.0	0.0	0.0	0.0	0.0	0.0	0.0	0.0	0.0	0.00.0	0.0	0.0	0.0	0.0	0.0	0.0	0.0	0.0
	3p	-	96	3.0	2.0	0.0	4.0	9.0	0.0	0.0	0.0	0.0	0.0	0.0	0.0	0.0	0.0	0.0	0.0	0.00.0	0.0	0.0	0.0	0.0	0.0	0.0	0.0	0.0
	3p	-	97	3.0	1.0	2.0	3.0	9.0	0.0	0.0	0.0	0.0	0.0	0.0	0.0	0.0	0.0	0.0	0.0	0.00.0	0.0	0.0	0.0	0.0	0.0	0.0	0.0	0.0
	3p	-	98	2.0	2.0	1.0	3.0	8.0	0.0	0.0	0.0	0.0	0.0	0.0	0.0	0.0	0.0	0.0	0.0	0.00.0	0.0	0.0	0.0	0.0	0.0	0.0	0.0	0.0
	3p	-	99	0.0	1.0	2.0	4.0	7.0	0.0	0.0	0.0	0.0	0.0	0.0	0.0	0.0	0.0	0.0	0.0	0.00.0	0.0	0.0	0.0	0.0	0.0	0.0	0.0	0.0
	3p	-	100	3.0	1.0	2.0	1.0	7.0	0.0	0.0	0.0	0.0	0.0	0.0	0.0	0.0	0.0	0.0	0.0	0.00.0	0.0	0.0	0.0	0.0	0.0	0.0	0.0	0.0
	5p	+	1	81.0	68.0	56.0	49.0	254.0	0.0	0.0	2.0	3.0	1.0	2.0	1.0	0.0	2.0	2.0	1.0	1.00.0	0.0	0.0	0.0	0.0	0.0	0.0	0.0	0.0
	5p	+	2	74.0	61.0	59.0	61.0	255.0	1.0	0.0	1.0	2.0	0.0	3.0	4.0	0.0	1.0	2.0	0.0	1.00.0	0.0	0.0	0.0	0.0	0.0	0.0	0.0	0.0
	5p	+	3	82.0	71.0	54.0	47.0	254.0	3.0	1.0	2.0	5.0	3.0	0.0	1.0	3.0	1.0	2.0	1.0	1.00.0	0.0	0.0	0.0	0.0	0.0	1.0	0.0	0.0
	5p	+	4	71.0	71.0	52.0	59.0	253.0	2.0	0.0	2.0	1.0	0.0	1.0	2.0	0.0	2.0	2.0	1.0	1.00.0	0.0	0.0	0.0	2.0	0.0	0.0	0.0	0.0
	5p	+	5	77.0	61.0	57.0	50.0	245.0	2.0	2.0	4.0	2.0	0.0	0.0	0.0	1.0	1.0	2.0	0.0	0.00.0	0.0	0.0	0.0	2.0	0.0	3.0	4.0	0.0
	5p	+	6	64.0	69.0	66.0	43.0	242.0	0.0	1.0	1.0	1.0	3.0	2.0	0.0	2.0	0.0	0.0	2.0	1.00.0	0.0	0.0	0.0	4.0	0.0	2.0	3.0	0.0
	5p	+	7	83.0	62.0	50.0	50.0	245.0	1.0	1.0	2.0	2.0	4.0	3.0	1.0	2.0	1.0	0.0	6.0	1.00.0	0.0	0.0	0.0	3.0	0.0	5.0	1.0	0.0
	5p	+	8	86.0	66.0	41.0	49.0	242.0	1.0	1.0	2.0	2.0	1.0	1.0	1.0	1.0	1.0	0.0	3.0	0.00.0	0.0	0.0	0.0	6.0	0.0	2.0	4.0	0.0
	5p	+	9	92.0	58.0	50.0	42.0	242.0	0.0	1.0	1.0	2.0	0.0	0.0	1.0	3.0	0.0	0.0	1.0	0.00.0	0.0	0.0	0.0	4.0	0.0	3.0	4.0	0.0
	5p	+	10	85.0	58.0	46.0	58.0	247.0	1.0	0.0	3.0	1.0	1.0	0.0	2.0	0.0	1.0	2.0	2.0	2.00.0	0.0	0.0	0.0	3.0	0.0	1.0	3.0	0.0
	5p	+	11	90.0	60.0	53.0	44.0	247.0	0.0	1.0	3.0	1.0	2.0	1.0	1.0	2.0	1.0	1.0	0.0	2.00.0	0.0	0.0	0.0	2.0	0.0	1.0	3.0	0.0
	5p	+	12	62.0	67.0	59.0	56.0	244.0	0.0	1.0	2.0	1.0	2.0	1.0	2.0	1.0	0.0	3.0	1.0	0.00.0	0.0	0.0	0.0	2.0	0.0	4.0	3.0	0.0
	5p	+	13	80.0	66.0	56.0	48.0	250.0	1.0	2.0	0.0	2.0	0.0	2.0	2.0	0.0	1.0	1.0	1.0	3.00.0	0.0	0.0	0.0	1.0	0.0	3.0	1.0	0.0
	5p	+	14	81.0	66.0	61.0	38.0	246.0	2.0	3.0	1.0	1.0	1.0	0.0	1.0	2.0	1.0	3.0	0.0	2.00.0	0.0	0.0	0.0	1.0	0.0	2.0	3.0	0.0
	5p	+	15	95.0	55.0	46.0	48.0	244.0	2.0	0.0	2.0	4.0	2.0	3.0	1.0	0.0	1.0	1.0	1.0	1.00.0	0.0	0.0	0.0	2.0	0.0	5.0	2.0	0.0
	5p	+	16	73.0	57.0	63.0	46.0	239.0	0.0	0.0	2.0	1.0	2.0	0.0	1.0	3.0	1.0	0.0	3.0	1.00.0	0.0	0.0	0.0	1.0	0.0	5.0	6.0	0.0
	5p	+	17	76.0	63.0	56.0	51.0	246.0	2.0	1.0	0.0	0.0	1.0	1.0	2.0	0.0	0.0	0.0	1.0	1.00.0	0.0	0.0	0.0	4.0	0.0	2.0	1.0	0.0
	5p	+	18	75.0	61.0	61.0	46.0	243.0	0.0	2.0	4.0	2.0	2.0	1.0	4.0	3.0	2.0	3.0	4.0	0.00.0	0.0	0.0	0.0	3.0	0.0	2.0	4.0	0.0
	5p	+	19	83.0	63.0	53.0	45.0	244.0	2.0	0.0	0.0	0.0	1.0	1.0	2.0	2.0	1.0	0.0	3.0	2.00.0	0.0	0.0	0.0	2.0	0.0	2.0	5.0	0.0
	5p	+	20	77.0	61.0	52.0	52.0	242.0	1.0	1.0	2.0	2.0	2.0	0.0	0.0	1.0	1.0	1.0	1.0	1.00.0	0.0	0.0	0.0	1.0	0.0	6.0	4.0	0.0
	5p	+	21	85.0	69.0	49.0	45.0	248.0	0.0	0.0	2.0	1.0	2.0	1.0	1.0	3.0	2.0	1.0	1.0	0.00.0	0.0	0.0	0.0	3.0	0.0	3.0	0.0	0.0
	5p	+	22	81.0	56.0	62.0	50.0	249.0	0.0	0.0	2.0	0.0	2.0	3.0	0.0	2.0	2.0	2.0	0.0	1.00.0	0.0	0.0	0.0	0.0	0.0	2.0	3.0	0.0
	5p	+	23	93.0	74.0	42.0	37.0	246.0	1.0	1.0	1.0	2.0	2.0	3.0	1.0	4.0	1.0	2.0	1.0	0.00.0	0.0	0.0	0.0	4.0	0.0	1.0	1.0	0.0
	5p	+	24	80.0	67.0	56.0	47.0	250.0	2.0	1.0	1.0	1.0	0.0	2.0	0.0	2.0	0.0	1.0	2.0	0.00.0	0.0	0.0	0.0	0.0	0.0	0.0	3.0	0.0
	5p	+	25	89.0	55.0	56.0	52.0	252.0	3.0	1.0	0.0	3.0	0.0	0.0	3.0	3.0	1.0	2.0	1.0	0.00.0	0.0	0.0	0.0	0.0	0.0	1.0	1.0	0.0
	5p	+	26	94.0	61.0	53.0	46.0	254.0	0.0	0.0	1.0	3.0	0.0	2.0	4.0	1.0	1.0	2.0	1.0	1.00.0	0.0	0.0	0.0	0.0	0.0	0.0	1.0	0.0
	5p	+	27	81.0	66.0	62.0	43.0	252.0	2.0	0.0	2.0	1.0	2.0	0.0	1.0	0.0	0.0	3.0	1.0	0.00.0	0.0	0.0	0.0	0.0	0.0	1.0	0.0	0.0
	5p	+	28	88.0	63.0	58.0	45.0	254.0	0.0	1.0	4.0	1.0	2.0	2.0	0.0	1.0	2.0	0.0	0.0	0.00.0	0.0	0.0	0.0	0.0	0.0	0.0	1.0	0.0
	5p	+	29	90.0	72.0	45.0	48.0	255.0	2.0	0.0	1.0	0.0	0.0	2.0	0.0	1.0	1.0	1.0	2.0	2.00.0	0.0	0.0	0.0	0.0	0.0	0.0	0.0	0.0
	5p	+	30	110.0	63.0	54.0	28.0	255.0	2.0	2.0	1.0	0.0	4.0	1.0	1.0	0.0	1.0	2.0	0.0	1.00.0	0.0	0.0	0.0	0.0	0.0	0.0	0.0	0.0
	5p	+	31	57.0	27.0	10.0	30.0	124.0	1.0	1.0	3.0	1.0	1.0	0.0	1.0	0.0	1.0	1.0	2.0	0.00.0	0.0	0.0	0.0	0.0	0.0	0.0	0.0	0.0
	5p	+	32	37.0	17.0	11.0	12.0	77.0	0.0	1.0	2.0	0.0	1.0	0.0	1.0	1.0	0.0	0.0	1.0	0.00.0	0.0	0.0	0.0	0.0	0.0	0.0	0.0	0.0
	5p	+	33	24.0	13.0	8.0	9.0	54.0	0.0	0.0	0.0	0.0	0.0	0.0	0.0	1.0	0.0	1.0	0.0	0.00.0	0.0	0.0	0.0	0.0	0.0	0.0	0.0	0.0
	5p	+	34	17.0	9.0	6.0	10.0	42.0	0.0	0.0	0.0	0.0	0.0	0.0	1.0	0.0	0.0	0.0	0.0	0.00.0	0.0	0.0	0.0	0.0	0.0	0.0	0.0	0.0
	5p	+	35	17.0	5.0	4.0	11.0	37.0	0.0	0.0	0.0	1.0	0.0	0.0	1.0	0.0	0.0	0.0	0.0	0.00.0	0.0	0.0	0.0	0.0	0.0	0.0	0.0	0.0
	5p	+	36	16.0	2.0	5.0	10.0	33.0	1.0	0.0	0.0	0.0	1.0	0.0	0.0	0.0	0.0	0.0	0.0	0.00.0	0.0	0.0	0.0	0.0	0.0	0.0	0.0	0.0
	5p	+	37	12.0	10.0	5.0	4.0	31.0	1.0	0.0	0.0	0.0	0.0	0.0	0.0	0.0	0.0	0.0	0.0	0.00.0	0.0	0.0	0.0	0.0	0.0	0.0	0.0	0.0
	5p	+	38	15.0	3.0	1.0	12.0	31.0	1.0	0.0	0.0	1.0	0.0	0.0	0.0	0.0	0.0	0.0	0.0	0.00.0	0.0	0.0	0.0	0.0	0.0	0.0	0.0	0.0
	5p	+	39	8.0	7.0	4.0	9.0	28.0	0.0	0.0	0.0	0.0	0.0	0.0	0.0	0.0	0.0	1.0	0.0	0.00.0	0.0	0.0	0.0	0.0	0.0	0.0	0.0	0.0
	5p	+	40	9.0	6.0	6.0	5.0	26.0	0.0	0.0	0.0	0.0	0.0	0.0	0.0	0.0	0.0	0.0	0.0	0.00.0	0.0	0.0	0.0	0.0	0.0	0.0	0.0	0.0
	5p	+	41	9.0	5.0	1.0	11.0	26.0	0.0	0.0	0.0	0.0	0.0	0.0	0.0	0.0	0.0	1.0	0.0	0.00.0	0.0	0.0	0.0	0.0	0.0	0.0	0.0	0.0
	5p	+	42	7.0	7.0	5.0	6.0	25.0	1.0	0.0	0.0	0.0	0.0	1.0	0.0	0.0	0.0	0.0	0.0	0.00.0	0.0	0.0	0.0	0.0	0.0	0.0	0.0	0.0
	5p	+	43	5.0	3.0	10.0	7.0	25.0	1.0	0.0	0.0	0.0	0.0	0.0	0.0	0.0	0.0	0.0	0.0	0.00.0	0.0	0.0	0.0	0.0	0.0	0.0	0.0	0.0
	5p	+	44	9.0	7.0	3.0	3.0	22.0	0.0	0.0	0.0	0.0	0.0	0.0	0.0	0.0	1.0	0.0	0.0	0.00.0	0.0	0.0	0.0	0.0	0.0	0.0	0.0	0.0
	5p	+	45	9.0	5.0	3.0	5.0	22.0	0.0	0.0	0.0	0.0	0.0	0.0	0.0	0.0	0.0	0.0	0.0	0.00.0	0.0	0.0	0.0	0.0	0.0	0.0	0.0	0.0
	5p	+	46	9.0	4.0	3.0	4.0	20.0	0.0	1.0	0.0	0.0	1.0	0.0	0.0	0.0	0.0	0.0	0.0	0.00.0	0.0	0.0	0.0	0.0	0.0	0.0	0.0	0.0
	5p	+	47	8.0	5.0	3.0	3.0	19.0	1.0	0.0	0.0	1.0	0.0	0.0	0.0	0.0	0.0	0.0	0.0	0.00.0	0.0	0.0	0.0	0.0	0.0	0.0	0.0	0.0
	5p	+	48	4.0	4.0	2.0	7.0	17.0	0.0	0.0	0.0	0.0	0.0	0.0	0.0	0.0	0.0	0.0	0.0	0.00.0	0.0	0.0	0.0	0.0	0.0	0.0	0.0	0.0
	5p	+	49	6.0	5.0	2.0	4.0	17.0	0.0	1.0	0.0	1.0	0.0	0.0	0.0	0.0	0.0	0.0	0.0	0.00.0	0.0	0.0	0.0	0.0	0.0	0.0	0.0	0.0
	5p	+	50	6.0	4.0	1.0	6.0	17.0	0.0	0.0	0.0	0.0	0.0	0.0	0.0	0.0	0.0	0.0	0.0	0.00.0	0.0	0.0	0.0	0.0	0.0	0.0	0.0	0.0
	5p	+	51	4.0	3.0	4.0	4.0	15.0	0.0	0.0	0.0	0.0	0.0	0.0	0.0	1.0	0.0	0.0	0.0	0.00.0	0.0	0.0	0.0	0.0	0.0	0.0	0.0	0.0
	5p	+	52	5.0	3.0	5.0	2.0	15.0	1.0	0.0	0.0	0.0	0.0	0.0	0.0	0.0	0.0	0.0	0.0	0.00.0	0.0	0.0	0.0	0.0	0.0	0.0	0.0	0.0
	5p	+	53	4.0	4.0	5.0	2.0	15.0	0.0	0.0	0.0	0.0	0.0	0.0	0.0	0.0	0.0	0.0	0.0	0.00.0	0.0	0.0	0.0	0.0	0.0	0.0	0.0	0.0
	5p	+	54	5.0	4.0	1.0	4.0	14.0	0.0	0.0	0.0	0.0	0.0	0.0	0.0	0.0	0.0	0.0	0.0	0.00.0	0.0	0.0	0.0	0.0	0.0	0.0	0.0	0.0
	5p	+	55	6.0	1.0	3.0	4.0	14.0	1.0	0.0	0.0	0.0	0.0	0.0	0.0	0.0	0.0	0.0	0.0	0.00.0	0.0	0.0	0.0	0.0	0.0	0.0	0.0	0.0
	5p	+	56	5.0	5.0	2.0	2.0	14.0	0.0	0.0	0.0	1.0	0.0	0.0	0.0	0.0	0.0	0.0	0.0	0.00.0	0.0	0.0	0.0	0.0	0.0	0.0	0.0	0.0
	5p	+	57	4.0	4.0	2.0	4.0	14.0	0.0	0.0	1.0	0.0	0.0	0.0	0.0	1.0	0.0	0.0	0.0	0.00.0	0.0	0.0	0.0	0.0	0.0	0.0	0.0	0.0
	5p	+	58	3.0	6.0	2.0	3.0	14.0	0.0	0.0	0.0	0.0	0.0	0.0	1.0	0.0	0.0	0.0	0.0	0.00.0	0.0	0.0	0.0	0.0	0.0	0.0	0.0	0.0
	5p	+	59	3.0	4.0	3.0	4.0	14.0	0.0	0.0	0.0	0.0	0.0	0.0	1.0	0.0	0.0	0.0	0.0	0.00.0	0.0	0.0	0.0	0.0	0.0	0.0	0.0	0.0
	5p	+	60	5.0	2.0	2.0	5.0	14.0	1.0	0.0	0.0	1.0	0.0	0.0	0.0	0.0	0.0	0.0	0.0	0.00.0	0.0	0.0	0.0	0.0	0.0	0.0	0.0	0.0
	5p	+	61	2.0	2.0	3.0	6.0	13.0	1.0	0.0	0.0	0.0	1.0	0.0	0.0	0.0	0.0	0.0	0.0	0.00.0	0.0	0.0	0.0	0.0	0.0	0.0	0.0	0.0
	5p	+	62	5.0	3.0	3.0	2.0	13.0	0.0	0.0	0.0	0.0	0.0	0.0	0.0	0.0	0.0	0.0	0.0	0.00.0	0.0	0.0	0.0	0.0	0.0	0.0	0.0	0.0
	5p	+	63	4.0	3.0	2.0	4.0	13.0	0.0	0.0	0.0	1.0	0.0	0.0	0.0	0.0	0.0	0.0	0.0	0.00.0	0.0	0.0	0.0	0.0	0.0	0.0	0.0	0.0
	5p	+	64	3.0	1.0	5.0	3.0	12.0	0.0	0.0	0.0	0.0	0.0	0.0	0.0	0.0	0.0	0.0	0.0	0.00.0	0.0	0.0	0.0	0.0	0.0	0.0	0.0	0.0
	5p	+	65	4.0	3.0	1.0	4.0	12.0	0.0	0.0	1.0	0.0	0.0	0.0	0.0	0.0	0.0	0.0	0.0	0.00.0	0.0	0.0	0.0	0.0	0.0	0.0	0.0	0.0
	5p	+	66	3.0	3.0	3.0	3.0	12.0	0.0	1.0	0.0	0.0	0.0	0.0	0.0	0.0	0.0	0.0	0.0	0.00.0	0.0	0.0	0.0	0.0	0.0	0.0	0.0	0.0
	5p	+	67	2.0	0.0	5.0	5.0	12.0	0.0	0.0	0.0	0.0	0.0	0.0	0.0	0.0	0.0	0.0	0.0	0.00.0	0.0	0.0	0.0	0.0	0.0	0.0	0.0	0.0
	5p	+	68	5.0	4.0	0.0	2.0	11.0	0.0	0.0	0.0	0.0	0.0	0.0	0.0	0.0	0.0	0.0	0.0	0.00.0	0.0	0.0	0.0	0.0	0.0	0.0	0.0	0.0
	5p	+	69	6.0	2.0	1.0	2.0	11.0	0.0	0.0	0.0	0.0	0.0	0.0	0.0	0.0	0.0	0.0	0.0	0.00.0	0.0	0.0	0.0	0.0	0.0	0.0	0.0	0.0
	5p	+	70	4.0	4.0	1.0	1.0	10.0	0.0	0.0	0.0	0.0	0.0	0.0	0.0	0.0	0.0	0.0	0.0	0.00.0	0.0	0.0	0.0	0.0	0.0	0.0	0.0	0.0
	5p	+	71	2.0	2.0	2.0	4.0	10.0	0.0	0.0	0.0	0.0	0.0	0.0	0.0	0.0	0.0	0.0	0.0	0.00.0	0.0	0.0	0.0	0.0	0.0	0.0	0.0	0.0
	5p	+	72	3.0	1.0	2.0	4.0	10.0	0.0	0.0	0.0	0.0	0.0	0.0	0.0	0.0	0.0	0.0	0.0	0.00.0	0.0	0.0	0.0	0.0	0.0	0.0	0.0	0.0
	5p	+	73	2.0	2.0	3.0	3.0	10.0	0.0	0.0	0.0	0.0	0.0	0.0	0.0	0.0	0.0	0.0	0.0	0.00.0	0.0	0.0	0.0	0.0	0.0	0.0	0.0	0.0
	5p	+	74	6.0	2.0	1.0	1.0	10.0	0.0	0.0	0.0	0.0	0.0	0.0	0.0	0.0	0.0	0.0	0.0	0.00.0	0.0	0.0	0.0	0.0	0.0	0.0	0.0	0.0
	5p	+	75	3.0	1.0	2.0	4.0	10.0	0.0	1.0	0.0	0.0	0.0	0.0	0.0	0.0	0.0	0.0	0.0	0.00.0	0.0	0.0	0.0	0.0	0.0	0.0	0.0	0.0
	5p	+	76	4.0	2.0	2.0	2.0	10.0	0.0	0.0	0.0	0.0	0.0	0.0	0.0	0.0	0.0	0.0	0.0	0.00.0	0.0	0.0	0.0	0.0	0.0	0.0	0.0	0.0
	5p	+	77	2.0	4.0	4.0	0.0	10.0	1.0	0.0	0.0	0.0	0.0	0.0	0.0	0.0	0.0	0.0	0.0	0.00.0	0.0	0.0	0.0	0.0	0.0	0.0	0.0	0.0
	5p	+	78	3.0	2.0	3.0	1.0	9.0	0.0	0.0	0.0	0.0	0.0	0.0	0.0	0.0	0.0	0.0	0.0	0.00.0	0.0	0.0	0.0	0.0	0.0	0.0	0.0	0.0
	5p	+	79	2.0	3.0	2.0	2.0	9.0	0.0	0.0	0.0	0.0	0.0	0.0	0.0	0.0	0.0	0.0	0.0	0.00.0	0.0	0.0	0.0	0.0	0.0	0.0	0.0	0.0
	5p	+	80	3.0	2.0	3.0	1.0	9.0	0.0	0.0	0.0	0.0	0.0	0.0	0.0	0.0	0.0	0.0	0.0	0.00.0	0.0	0.0	0.0	0.0	0.0	0.0	0.0	0.0
	5p	+	81	4.0	1.0	0.0	4.0	9.0	0.0	1.0	0.0	0.0	0.0	0.0	0.0	0.0	0.0	0.0	0.0	0.00.0	0.0	0.0	0.0	0.0	0.0	0.0	0.0	0.0
	5p	+	82	3.0	3.0	3.0	0.0	9.0	0.0	0.0	0.0	0.0	0.0	0.0	0.0	0.0	0.0	0.0	0.0	0.00.0	0.0	0.0	0.0	0.0	0.0	0.0	0.0	0.0
	5p	+	83	2.0	1.0	2.0	4.0	9.0	0.0	0.0	0.0	0.0	0.0	0.0	0.0	0.0	0.0	0.0	0.0	0.00.0	0.0	0.0	0.0	0.0	0.0	0.0	0.0	0.0
	5p	+	84	3.0	0.0	1.0	5.0	9.0	0.0	0.0	0.0	0.0	0.0	0.0	0.0	0.0	0.0	0.0	0.0	0.00.0	0.0	0.0	0.0	0.0	0.0	0.0	0.0	0.0
	5p	+	85	3.0	3.0	2.0	1.0	9.0	0.0	0.0	1.0	0.0	0.0	0.0	0.0	0.0	0.0	0.0	1.0	0.00.0	0.0	0.0	0.0	0.0	0.0	0.0	0.0	0.0
	5p	+	86	3.0	2.0	1.0	3.0	9.0	0.0	0.0	0.0	0.0	0.0	0.0	0.0	0.0	0.0	0.0	0.0	0.00.0	0.0	0.0	0.0	0.0	0.0	0.0	0.0	0.0
	5p	+	87	2.0	2.0	1.0	4.0	9.0	0.0	0.0	0.0	0.0	0.0	0.0	0.0	0.0	0.0	0.0	0.0	0.00.0	0.0	0.0	0.0	0.0	0.0	0.0	0.0	0.0
	5p	+	88	1.0	4.0	2.0	2.0	9.0	0.0	0.0	0.0	0.0	0.0	0.0	0.0	0.0	0.0	0.0	1.0	0.00.0	0.0	0.0	0.0	0.0	0.0	0.0	0.0	0.0
	5p	+	89	3.0	3.0	0.0	3.0	9.0	0.0	0.0	0.0	0.0	0.0	0.0	0.0	0.0	0.0	1.0	0.0	0.00.0	0.0	0.0	0.0	0.0	0.0	0.0	0.0	0.0
	5p	+	90	3.0	1.0	2.0	2.0	8.0	0.0	0.0	0.0	0.0	0.0	0.0	0.0	0.0	0.0	1.0	0.0	0.00.0	0.0	0.0	0.0	0.0	0.0	0.0	0.0	0.0
	5p	+	91	1.0	0.0	4.0	2.0	7.0	0.0	0.0	0.0	0.0	0.0	0.0	0.0	0.0	0.0	0.0	0.0	0.00.0	0.0	0.0	0.0	0.0	0.0	0.0	0.0	0.0
	5p	+	92	3.0	0.0	1.0	3.0	7.0	0.0	0.0	0.0	0.0	0.0	0.0	0.0	0.0	0.0	0.0	0.0	0.00.0	0.0	0.0	0.0	0.0	0.0	0.0	0.0	0.0
	5p	+	93	4.0	1.0	1.0	1.0	7.0	0.0	0.0	0.0	0.0	0.0	0.0	0.0	0.0	0.0	0.0	0.0	0.00.0	0.0	0.0	0.0	0.0	0.0	0.0	0.0	0.0
	5p	+	94	2.0	0.0	1.0	4.0	7.0	0.0	0.0	0.0	0.0	0.0	0.0	0.0	0.0	0.0	0.0	0.0	0.00.0	0.0	0.0	0.0	0.0	0.0	0.0	0.0	0.0
	5p	+	95	3.0	1.0	2.0	1.0	7.0	0.0	0.0	0.0	0.0	0.0	0.0	0.0	0.0	0.0	0.0	0.0	0.00.0	0.0	0.0	0.0	0.0	0.0	0.0	0.0	0.0
	5p	+	96	3.0	1.0	1.0	2.0	7.0	0.0	0.0	0.0	0.0	0.0	0.0	0.0	0.0	0.0	0.0	0.0	0.00.0	0.0	0.0	0.0	0.0	0.0	0.0	0.0	0.0
	5p	+	97	3.0	0.0	3.0	1.0	7.0	1.0	0.0	1.0	0.0	0.0	0.0	0.0	0.0	0.0	0.0	0.0	0.00.0	0.0	0.0	0.0	0.0	0.0	0.0	0.0	0.0
	5p	+	98	2.0	3.0	1.0	1.0	7.0	0.0	0.0	0.0	0.0	0.0	0.0	0.0	0.0	0.0	0.0	0.0	0.00.0	0.0	0.0	0.0	0.0	0.0	0.0	0.0	0.0
	5p	+	99	2.0	2.0	0.0	3.0	7.0	0.0	0.0	0.0	0.0	0.0	0.0	0.0	0.0	0.0	0.0	0.0	0.00.0	0.0	0.0	0.0	0.0	0.0	0.0	0.0	0.0
	5p	+	100	1.0	2.0	2.0	2.0	7.0	0.0	0.0	0.0	0.0	0.0	0.0	0.0	1.0	0.0	0.0	0.0	0.00.0	0.0	0.0	0.0	0.0	0.0	0.0	0.0	0.0
	5p	-	1	70.0	77.0	71.0	38.0	256.0	4.0	0.0	3.0	2.0	2.0	0.0	2.0	0.0	0.0	2.0	2.0	2.00.0	0.0	0.0	0.0	0.0	0.0	0.0	0.0	0.0
	5p	-	2	78.0	81.0	50.0	47.0	256.0	0.0	1.0	3.0	1.0	0.0	3.0	2.0	0.0	2.0	2.0	1.0	1.00.0	0.0	0.0	0.0	0.0	0.0	0.0	0.0	0.0
	5p	-	3	75.0	63.0	61.0	57.0	256.0	1.0	3.0	1.0	0.0	2.0	3.0	0.0	0.0	2.0	3.0	2.0	0.00.0	0.0	0.0	0.0	0.0	0.0	0.0	0.0	0.0
	5p	-	4	82.0	63.0	60.0	51.0	256.0	1.0	1.0	1.0	4.0	1.0	0.0	3.0	1.0	2.0	0.0	2.0	2.00.0	0.0	0.0	0.0	0.0	0.0	0.0	0.0	0.0
	5p	-	5	80.0	54.0	58.0	54.0	246.0	1.0	3.0	3.0	3.0	0.0	3.0	1.0	0.0	3.0	3.0	1.0	0.00.0	0.0	0.0	0.0	2.0	0.0	1.0	5.0	0.0
	5p	-	6	75.0	64.0	69.0	43.0	251.0	4.0	1.0	4.0	2.0	3.0	0.0	1.0	0.0	0.0	2.0	2.0	2.00.0	0.0	0.0	0.0	3.0	0.0	1.0	0.0	0.0
	5p	-	7	73.0	70.0	61.0	46.0	250.0	4.0	1.0	3.0	2.0	4.0	2.0	5.0	2.0	1.0	3.0	0.0	0.00.0	0.0	0.0	0.0	3.0	0.0	1.0	1.0	0.0
	5p	-	8	76.0	75.0	50.0	44.0	245.0	2.0	1.0	1.0	2.0	0.0	1.0	2.0	4.0	0.0	1.0	1.0	0.00.0	0.0	0.0	0.0	3.0	0.0	3.0	2.0	0.0
	5p	-	9	65.0	78.0	53.0	50.0	246.0	0.0	0.0	3.0	2.0	0.0	0.0	0.0	1.0	0.0	0.0	1.0	4.00.0	0.0	0.0	0.0	2.0	0.0	5.0	3.0	0.0
	5p	-	10	81.0	65.0	54.0	46.0	246.0	1.0	1.0	1.0	2.0	0.0	1.0	2.0	0.0	1.0	0.0	2.0	1.00.0	0.0	0.0	0.0	1.0	0.0	1.0	5.0	0.0
	5p	-	11	86.0	68.0	57.0	41.0	252.0	0.0	0.0	3.0	0.0	2.0	0.0	1.0	6.0	0.0	0.0	3.0	0.00.0	0.0	0.0	0.0	2.0	0.0	2.0	0.0	0.0
	5p	-	12	81.0	55.0	64.0	52.0	252.0	0.0	0.0	2.0	1.0	2.0	1.0	3.0	2.0	1.0	0.0	4.0	1.00.0	0.0	0.0	0.0	0.0	0.0	1.0	4.0	0.0
	5p	-	13	72.0	71.0	55.0	49.0	247.0	2.0	1.0	2.0	1.0	2.0	4.0	2.0	0.0	0.0	2.0	1.0	0.00.0	0.0	0.0	0.0	1.0	0.0	3.0	4.0	0.0
	5p	-	14	84.0	75.0	46.0	46.0	251.0	2.0	1.0	0.0	1.0	0.0	5.0	0.0	1.0	1.0	0.0	8.0	0.00.0	0.0	0.0	0.0	1.0	0.0	4.0	1.0	0.0
	5p	-	15	70.0	67.0	57.0	54.0	248.0	2.0	1.0	2.0	0.0	0.0	2.0	0.0	0.0	1.0	0.0	2.0	1.00.0	0.0	0.0	0.0	1.0	0.0	3.0	4.0	0.0
	5p	-	16	82.0	64.0	65.0	40.0	251.0	1.0	1.0	1.0	0.0	5.0	1.0	0.0	1.0	0.0	2.0	2.0	0.00.0	0.0	0.0	0.0	3.0	0.0	2.0	1.0	0.0
	5p	-	17	71.0	66.0	61.0	50.0	248.0	0.0	2.0	1.0	1.0	3.0	1.0	1.0	1.0	3.0	0.0	1.0	1.00.0	0.0	0.0	0.0	0.0	0.0	4.0	3.0	0.0
	5p	-	18	86.0	72.0	49.0	39.0	246.0	3.0	0.0	1.0	1.0	0.0	1.0	0.0	3.0	2.0	1.0	1.0	1.00.0	0.0	0.0	0.0	0.0	0.0	5.0	3.0	0.0
	5p	-	19	89.0	59.0	54.0	47.0	249.0	2.0	1.0	2.0	1.0	0.0	0.0	2.0	0.0	0.0	0.0	0.0	0.00.0	0.0	0.0	0.0	1.0	0.0	1.0	4.0	0.0
	5p	-	20	89.0	53.0	58.0	45.0	245.0	0.0	0.0	2.0	1.0	1.0	0.0	0.0	1.0	1.0	2.0	1.0	1.00.0	0.0	0.0	0.0	0.0	0.0	4.0	4.0	0.0
	5p	-	21	108.0	66.0	36.0	39.0	249.0	0.0	0.0	2.0	1.0	3.0	2.0	1.0	1.0	0.0	1.0	0.0	0.00.0	0.0	0.0	0.0	2.0	0.0	1.0	2.0	0.0
	5p	-	22	85.0	64.0	56.0	41.0	246.0	0.0	0.0	0.0	1.0	0.0	0.0	1.0	2.0	0.0	1.0	2.0	0.00.0	0.0	0.0	0.0	2.0	0.0	5.0	2.0	0.0
	5p	-	23	81.0	56.0	56.0	56.0	249.0	2.0	3.0	5.0	3.0	1.0	1.0	0.0	2.0	1.0	2.0	1.0	1.00.0	0.0	0.0	0.0	2.0	0.0	3.0	0.0	0.0
	5p	-	24	79.0	67.0	56.0	47.0	249.0	2.0	1.0	0.0	0.0	1.0	2.0	3.0	2.0	1.0	3.0	3.0	1.00.0	0.0	0.0	0.0	2.0	0.0	1.0	2.0	0.0
	5p	-	25	90.0	69.0	52.0	41.0	252.0	1.0	2.0	3.0	2.0	0.0	0.0	1.0	1.0	0.0	1.0	0.0	0.00.0	0.0	0.0	0.0	1.0	0.0	1.0	2.0	0.0
	5p	-	26	92.0	61.0	58.0	42.0	253.0	0.0	1.0	4.0	1.0	2.0	2.0	1.0	3.0	1.0	1.0	1.0	3.00.0	0.0	0.0	0.0	1.0	0.0	1.0	1.0	0.0
	5p	-	27	91.0	74.0	51.0	39.0	255.0	2.0	0.0	0.0	2.0	0.0	1.0	0.0	0.0	1.0	1.0	3.0	0.00.0	0.0	0.0	0.0	0.0	0.0	0.0	1.0	0.0
	5p	-	28	91.0	75.0	52.0	38.0	256.0	1.0	0.0	1.0	4.0	1.0	0.0	0.0	1.0	0.0	3.0	3.0	1.00.0	0.0	0.0	0.0	0.0	0.0	0.0	1.0	0.0
	5p	-	29	80.0	83.0	49.0	44.0	256.0	0.0	0.0	0.0	0.0	0.0	1.0	2.0	0.0	2.0	1.0	2.0	1.00.0	0.0	0.0	0.0	1.0	0.0	0.0	0.0	0.0
	5p	-	30	94.0	73.0	46.0	44.0	257.0	1.0	1.0	1.0	1.0	1.0	0.0	0.0	3.0	1.0	9.0	1.0	1.00.0	0.0	0.0	0.0	0.0	0.0	0.0	0.0	0.0
	5p	-	31	35.0	45.0	26.0	16.0	122.0	0.0	0.0	2.0	1.0	0.0	0.0	1.0	0.0	0.0	0.0	1.0	1.00.0	0.0	0.0	0.0	0.0	0.0	0.0	0.0	0.0
	5p	-	32	31.0	26.0	11.0	13.0	81.0	0.0	0.0	0.0	0.0	1.0	0.0	0.0	1.0	0.0	0.0	0.0	0.00.0	0.0	0.0	0.0	0.0	0.0	0.0	0.0	0.0
	5p	-	33	25.0	14.0	12.0	14.0	65.0	1.0	0.0	0.0	1.0	2.0	0.0	1.0	1.0	0.0	0.0	0.0	0.00.0	0.0	0.0	0.0	0.0	0.0	0.0	0.0	0.0
	5p	-	34	26.0	15.0	9.0	5.0	55.0	0.0	0.0	1.0	0.0	1.0	0.0	2.0	0.0	0.0	0.0	0.0	0.00.0	0.0	0.0	0.0	0.0	0.0	0.0	0.0	0.0
	5p	-	35	20.0	12.0	10.0	10.0	52.0	0.0	0.0	1.0	0.0	0.0	0.0	0.0	0.0	0.0	0.0	0.0	1.00.0	0.0	0.0	0.0	0.0	0.0	0.0	0.0	0.0
	5p	-	36	21.0	15.0	7.0	9.0	52.0	1.0	0.0	0.0	1.0	0.0	0.0	1.0	0.0	0.0	0.0	0.0	0.00.0	0.0	0.0	0.0	0.0	0.0	0.0	0.0	0.0
	5p	-	37	17.0	13.0	8.0	11.0	49.0	0.0	0.0	0.0	0.0	0.0	0.0	0.0	0.0	0.0	0.0	0.0	0.00.0	0.0	0.0	0.0	0.0	0.0	0.0	0.0	0.0
	5p	-	38	12.0	11.0	11.0	14.0	48.0	1.0	0.0	1.0	0.0	0.0	0.0	0.0	0.0	0.0	0.0	0.0	0.00.0	0.0	0.0	0.0	0.0	0.0	0.0	0.0	0.0
	5p	-	39	12.0	12.0	8.0	13.0	45.0	0.0	1.0	0.0	0.0	0.0	0.0	0.0	0.0	0.0	0.0	0.0	0.00.0	0.0	0.0	0.0	0.0	0.0	0.0	0.0	0.0
	5p	-	40	20.0	12.0	6.0	6.0	44.0	0.0	0.0	0.0	0.0	0.0	0.0	0.0	0.0	0.0	0.0	0.0	0.00.0	0.0	0.0	0.0	0.0	0.0	0.0	0.0	0.0
	5p	-	41	15.0	13.0	5.0	10.0	43.0	0.0	0.0	0.0	1.0	0.0	1.0	0.0	0.0	0.0	1.0	0.0	0.00.0	0.0	0.0	0.0	0.0	0.0	0.0	0.0	0.0
	5p	-	42	17.0	11.0	8.0	8.0	44.0	1.0	1.0	1.0	1.0	0.0	0.0	1.0	0.0	0.0	0.0	0.0	0.00.0	0.0	0.0	0.0	0.0	0.0	0.0	0.0	0.0
	5p	-	43	15.0	13.0	5.0	9.0	42.0	0.0	0.0	1.0	1.0	0.0	0.0	0.0	1.0	0.0	0.0	0.0	0.00.0	0.0	0.0	0.0	0.0	0.0	0.0	0.0	0.0
	5p	-	44	15.0	9.0	7.0	8.0	39.0	0.0	0.0	0.0	0.0	0.0	0.0	0.0	0.0	0.0	0.0	0.0	0.00.0	0.0	0.0	0.0	0.0	0.0	0.0	0.0	0.0
	5p	-	45	12.0	5.0	8.0	11.0	36.0	1.0	0.0	1.0	1.0	0.0	0.0	0.0	0.0	0.0	0.0	0.0	0.00.0	0.0	0.0	0.0	0.0	0.0	0.0	0.0	0.0
	5p	-	46	12.0	7.0	5.0	10.0	34.0	1.0	0.0	0.0	0.0	1.0	0.0	0.0	0.0	0.0	0.0	0.0	0.00.0	0.0	0.0	0.0	0.0	0.0	1.0	0.0	0.0
	5p	-	47	12.0	9.0	7.0	5.0	33.0	0.0	1.0	0.0	0.0	0.0	0.0	0.0	0.0	0.0	0.0	0.0	0.00.0	0.0	0.0	0.0	0.0	0.0	0.0	0.0	0.0
	5p	-	48	9.0	10.0	4.0	9.0	32.0	1.0	0.0	1.0	0.0	0.0	0.0	0.0	0.0	0.0	0.0	0.0	0.00.0	0.0	0.0	0.0	0.0	0.0	0.0	0.0	0.0
	5p	-	49	16.0	8.0	2.0	6.0	32.0	0.0	0.0	0.0	0.0	0.0	0.0	0.0	0.0	0.0	0.0	0.0	0.00.0	0.0	0.0	0.0	0.0	0.0	0.0	0.0	0.0
	5p	-	50	10.0	9.0	5.0	7.0	31.0	0.0	0.0	0.0	0.0	0.0	0.0	0.0	0.0	0.0	0.0	0.0	0.00.0	0.0	0.0	0.0	0.0	0.0	0.0	0.0	0.0
	5p	-	51	11.0	9.0	5.0	4.0	29.0	0.0	0.0	1.0	0.0	0.0	0.0	0.0	0.0	0.0	0.0	0.0	0.00.0	0.0	0.0	0.0	0.0	0.0	0.0	0.0	0.0
	5p	-	52	11.0	4.0	4.0	9.0	28.0	0.0	0.0	0.0	0.0	0.0	0.0	0.0	0.0	0.0	0.0	1.0	0.00.0	0.0	0.0	0.0	0.0	0.0	0.0	0.0	0.0
	5p	-	53	5.0	3.0	6.0	11.0	25.0	0.0	0.0	0.0	0.0	0.0	0.0	0.0	1.0	0.0	0.0	0.0	0.00.0	0.0	0.0	0.0	0.0	0.0	0.0	0.0	0.0
	5p	-	54	7.0	6.0	3.0	9.0	25.0	0.0	0.0	0.0	0.0	1.0	1.0	0.0	0.0	0.0	0.0	0.0	0.00.0	0.0	0.0	0.0	0.0	0.0	0.0	0.0	0.0
	5p	-	55	7.0	6.0	4.0	8.0	25.0	0.0	0.0	0.0	0.0	0.0	0.0	0.0	0.0	0.0	1.0	0.0	0.00.0	0.0	0.0	0.0	0.0	0.0	0.0	0.0	0.0
	5p	-	56	6.0	10.0	6.0	2.0	24.0	1.0	0.0	0.0	0.0	0.0	0.0	0.0	0.0	0.0	0.0	0.0	0.00.0	0.0	0.0	0.0	0.0	0.0	0.0	0.0	0.0
	5p	-	57	8.0	3.0	6.0	7.0	24.0	0.0	0.0	0.0	1.0	0.0	0.0	0.0	0.0	0.0	0.0	0.0	0.00.0	0.0	0.0	0.0	0.0	0.0	0.0	0.0	0.0
	5p	-	58	4.0	4.0	5.0	10.0	23.0	0.0	0.0	0.0	0.0	0.0	0.0	0.0	0.0	0.0	0.0	0.0	0.00.0	0.0	0.0	0.0	0.0	0.0	0.0	0.0	0.0
	5p	-	59	8.0	3.0	7.0	5.0	23.0	0.0	0.0	0.0	0.0	0.0	1.0	0.0	0.0	0.0	0.0	0.0	0.00.0	0.0	0.0	0.0	0.0	0.0	0.0	0.0	0.0
	5p	-	60	6.0	4.0	3.0	10.0	23.0	0.0	0.0	0.0	0.0	0.0	0.0	0.0	0.0	0.0	0.0	0.0	0.00.0	0.0	0.0	0.0	0.0	0.0	0.0	0.0	0.0
	5p	-	61	7.0	4.0	4.0	7.0	22.0	0.0	0.0	0.0	0.0	0.0	0.0	0.0	0.0	0.0	0.0	0.0	0.00.0	0.0	0.0	0.0	0.0	0.0	0.0	0.0	0.0
	5p	-	62	7.0	4.0	5.0	6.0	22.0	0.0	0.0	0.0	0.0	0.0	0.0	0.0	0.0	0.0	0.0	0.0	0.00.0	0.0	0.0	0.0	0.0	0.0	0.0	0.0	0.0
	5p	-	63	6.0	5.0	2.0	9.0	22.0	0.0	0.0	0.0	0.0	0.0	0.0	0.0	0.0	0.0	0.0	0.0	0.00.0	0.0	0.0	0.0	0.0	0.0	0.0	0.0	0.0
	5p	-	64	6.0	3.0	5.0	4.0	18.0	0.0	0.0	0.0	0.0	0.0	0.0	0.0	0.0	0.0	0.0	0.0	0.00.0	0.0	0.0	0.0	0.0	0.0	0.0	0.0	0.0
	5p	-	65	5.0	3.0	1.0	7.0	16.0	0.0	0.0	0.0	0.0	0.0	0.0	0.0	0.0	0.0	0.0	0.0	0.00.0	0.0	0.0	0.0	0.0	0.0	0.0	0.0	0.0
	5p	-	66	3.0	5.0	4.0	4.0	16.0	0.0	0.0	0.0	1.0	0.0	0.0	0.0	0.0	0.0	0.0	0.0	0.00.0	0.0	0.0	0.0	0.0	0.0	0.0	0.0	0.0
	5p	-	67	8.0	5.0	1.0	2.0	16.0	0.0	0.0	0.0	0.0	0.0	0.0	0.0	0.0	0.0	0.0	0.0	0.00.0	0.0	0.0	0.0	0.0	0.0	0.0	0.0	0.0
	5p	-	68	6.0	1.0	3.0	5.0	15.0	0.0	0.0	0.0	0.0	0.0	0.0	0.0	0.0	0.0	0.0	0.0	0.00.0	0.0	0.0	0.0	0.0	0.0	0.0	0.0	0.0
	5p	-	69	3.0	5.0	2.0	4.0	14.0	0.0	0.0	0.0	0.0	0.0	0.0	0.0	0.0	0.0	0.0	0.0	0.00.0	0.0	0.0	0.0	0.0	0.0	0.0	0.0	0.0
	5p	-	70	4.0	4.0	4.0	2.0	14.0	1.0	1.0	0.0	0.0	0.0	0.0	0.0	0.0	0.0	0.0	0.0	0.00.0	0.0	0.0	0.0	0.0	0.0	0.0	0.0	0.0
	5p	-	71	4.0	4.0	2.0	4.0	14.0	0.0	0.0	0.0	0.0	0.0	0.0	0.0	0.0	0.0	0.0	0.0	0.00.0	0.0	0.0	0.0	0.0	0.0	0.0	0.0	0.0
	5p	-	72	3.0	3.0	3.0	5.0	14.0	0.0	0.0	0.0	0.0	0.0	0.0	0.0	0.0	0.0	0.0	0.0	0.00.0	0.0	0.0	0.0	0.0	0.0	0.0	0.0	0.0
	5p	-	73	2.0	3.0	6.0	3.0	14.0	0.0	0.0	0.0	0.0	0.0	0.0	0.0	0.0	0.0	0.0	0.0	0.00.0	0.0	0.0	0.0	0.0	0.0	0.0	0.0	0.0
	5p	-	74	5.0	4.0	2.0	3.0	14.0	0.0	0.0	0.0	0.0	0.0	0.0	0.0	0.0	0.0	0.0	0.0	0.00.0	0.0	0.0	0.0	0.0	0.0	0.0	0.0	0.0
	5p	-	75	5.0	2.0	2.0	4.0	13.0	0.0	0.0	0.0	0.0	0.0	0.0	0.0	0.0	0.0	0.0	0.0	0.00.0	0.0	0.0	0.0	0.0	0.0	1.0	0.0	0.0
	5p	-	76	7.0	3.0	1.0	2.0	13.0	0.0	0.0	1.0	0.0	0.0	0.0	0.0	0.0	0.0	0.0	0.0	0.00.0	0.0	0.0	0.0	0.0	0.0	0.0	0.0	0.0
	5p	-	77	4.0	2.0	4.0	3.0	13.0	0.0	0.0	0.0	0.0	0.0	0.0	0.0	0.0	0.0	0.0	0.0	0.00.0	0.0	0.0	0.0	0.0	0.0	1.0	0.0	0.0
	5p	-	78	5.0	1.0	3.0	3.0	12.0	0.0	0.0	0.0	0.0	0.0	0.0	0.0	0.0	0.0	0.0	0.0	1.00.0	0.0	0.0	0.0	1.0	0.0	0.0	0.0	0.0
	5p	-	79	4.0	2.0	4.0	3.0	13.0	0.0	0.0	0.0	0.0	0.0	0.0	0.0	0.0	0.0	0.0	0.0	0.00.0	0.0	0.0	0.0	0.0	0.0	0.0	0.0	0.0
	5p	-	80	5.0	2.0	3.0	3.0	13.0	0.0	0.0	0.0	0.0	0.0	0.0	0.0	0.0	0.0	0.0	0.0	0.00.0	0.0	0.0	0.0	0.0	0.0	0.0	0.0	0.0
	5p	-	81	5.0	2.0	2.0	3.0	12.0	1.0	0.0	0.0	0.0	0.0	0.0	0.0	0.0	0.0	0.0	0.0	0.00.0	0.0	0.0	0.0	0.0	0.0	0.0	0.0	0.0
	5p	-	82	3.0	2.0	4.0	3.0	12.0	0.0	0.0	0.0	0.0	0.0	0.0	0.0	0.0	0.0	0.0	0.0	0.00.0	0.0	0.0	0.0	0.0	0.0	0.0	0.0	0.0
	5p	-	83	3.0	2.0	2.0	5.0	12.0	0.0	0.0	0.0	0.0	0.0	0.0	0.0	0.0	0.0	0.0	0.0	0.00.0	0.0	0.0	0.0	0.0	0.0	0.0	0.0	0.0
	5p	-	84	2.0	3.0	2.0	5.0	12.0	0.0	0.0	0.0	0.0	0.0	0.0	0.0	0.0	0.0	0.0	0.0	0.00.0	0.0	0.0	0.0	0.0	0.0	0.0	0.0	0.0
	5p	-	85	3.0	5.0	2.0	1.0	11.0	0.0	0.0	0.0	0.0	0.0	0.0	0.0	0.0	0.0	0.0	0.0	0.00.0	0.0	0.0	0.0	0.0	0.0	0.0	0.0	0.0
	5p	-	86	3.0	2.0	2.0	4.0	11.0	0.0	0.0	0.0	0.0	0.0	0.0	0.0	0.0	0.0	0.0	0.0	0.00.0	0.0	0.0	0.0	0.0	0.0	0.0	0.0	0.0
	5p	-	87	2.0	2.0	4.0	3.0	11.0	0.0	0.0	0.0	0.0	0.0	0.0	0.0	0.0	0.0	0.0	0.0	0.00.0	0.0	0.0	0.0	0.0	0.0	0.0	0.0	0.0
	5p	-	88	1.0	4.0	1.0	3.0	9.0	0.0	1.0	0.0	0.0	0.0	0.0	0.0	0.0	0.0	0.0	0.0	0.00.0	0.0	0.0	0.0	0.0	0.0	0.0	0.0	0.0
	5p	-	89	2.0	1.0	2.0	4.0	9.0	0.0	0.0	0.0	0.0	0.0	0.0	0.0	0.0	0.0	0.0	0.0	0.00.0	0.0	0.0	0.0	0.0	0.0	0.0	0.0	0.0
	5p	-	90	2.0	2.0	4.0	1.0	9.0	1.0	0.0	0.0	0.0	0.0	0.0	0.0	0.0	0.0	0.0	0.0	0.00.0	0.0	0.0	0.0	0.0	0.0	0.0	0.0	0.0
	5p	-	91	3.0	2.0	3.0	1.0	9.0	0.0	0.0	0.0	0.0	0.0	0.0	0.0	0.0	0.0	0.0	0.0	0.00.0	0.0	0.0	0.0	0.0	0.0	0.0	0.0	0.0
	5p	-	92	3.0	3.0	1.0	2.0	9.0	0.0	0.0	0.0	0.0	0.0	0.0	0.0	0.0	0.0	0.0	0.0	0.00.0	0.0	0.0	0.0	0.0	0.0	0.0	0.0	0.0
	5p	-	93	2.0	3.0	1.0	3.0	9.0	0.0	0.0	0.0	1.0	0.0	0.0	0.0	0.0	0.0	0.0	0.0	0.00.0	0.0	0.0	0.0	0.0	0.0	0.0	0.0	0.0
	5p	-	94	1.0	1.0	3.0	4.0	9.0	0.0	0.0	0.0	1.0	0.0	0.0	0.0	0.0	0.0	0.0	0.0	0.00.0	0.0	0.0	0.0	0.0	0.0	0.0	0.0	0.0
	5p	-	95	2.0	0.0	4.0	3.0	9.0	1.0	0.0	0.0	1.0	0.0	0.0	0.0	0.0	0.0	0.0	0.0	0.00.0	0.0	0.0	0.0	0.0	0.0	0.0	0.0	0.0
	5p	-	96	6.0	1.0	1.0	1.0	9.0	0.0	0.0	0.0	0.0	0.0	0.0	0.0	0.0	0.0	0.0	0.0	0.00.0	0.0	0.0	0.0	0.0	0.0	0.0	0.0	0.0
	5p	-	97	2.0	1.0	3.0	3.0	9.0	0.0	0.0	0.0	0.0	0.0	0.0	0.0	0.0	1.0	0.0	0.0	0.00.0	0.0	0.0	0.0	0.0	0.0	0.0	0.0	0.0
	5p	-	98	5.0	2.0	0.0	1.0	8.0	0.0	0.0	0.0	0.0	0.0	0.0	0.0	0.0	0.0	0.0	0.0	0.00.0	0.0	0.0	0.0	0.0	0.0	0.0	0.0	0.0
	5p	-	99	0.0	1.0	1.0	5.0	7.0	0.0	0.0	0.0	0.0	0.0	0.0	0.0	0.0	0.0	0.0	0.0	0.00.0	0.0	0.0	0.0	0.0	0.0	0.0	0.0	0.0
	5p	-	100	2.0	1.0	2.0	2.0	7.0	0.0	0.0	0.0	0.0	0.0	0.0	0.0	0.0	0.0	0.0	0.0	0.00.0	0.0	0.0	0.0	0.0	0.0	0.0	0.0	0.0
