# table produced by DamageProfiler
# using mapped file RmA002.GrysbokCape_Human_nc.Target.rmdup.noMicro.bam
# Sample ID: RmA002.GrysbokCape_Human_nc.Target.rmdup.noMicro.bam
Chr	End	Std	Pos	A	C	G	T	Total
	3p	+	1	8577	2350	3142	6213	20282
	3p	+	2	8100	3290	3363	5529	20282
	3p	+	3	7749	2963	3790	5780	20282
	3p	+	4	7618	3024	3709	5931	20282
	3p	+	5	7440	2883	3888	6071	20282
	3p	+	6	7418	3030	3849	5985	20282
	3p	+	7	7047	3517	3714	6004	20282
	3p	+	8	7116	3469	3610	6087	20282
	3p	+	9	6790	3512	3790	6190	20282
	3p	+	10	6725	3630	3765	6162	20282
	3p	+	11	6707	3718	3711	6146	20282
	3p	+	12	6636	3773	3826	6047	20282
	3p	+	13	6652	3694	3802	6134	20282
	3p	+	14	6692	3675	3746	6169	20282
	3p	+	15	6473	3711	3887	6211	20282
	3p	+	16	6542	3705	3794	6241	20282
	3p	+	17	6480	3681	3865	6256	20282
	3p	+	18	6673	3714	3798	6097	20282
	3p	+	19	6568	3817	3762	6135	20282
	3p	+	20	6491	3792	3765	6234	20282
	3p	+	21	6640	3795	3668	6179	20282
	3p	+	22	6435	3821	3826	6200	20282
	3p	+	23	6637	3653	3767	6225	20282
	3p	+	24	6542	3753	3800	6187	20282
	3p	+	25	6570	3722	3808	6182	20282
	3p	+	26	6505	3701	3855	6221	20282
	3p	+	27	6654	3689	3763	6176	20282
	3p	+	28	6634	3718	3868	6062	20282
	3p	+	29	6631	3573	3796	6282	20282
	3p	+	30	6667	3529	3800	6286	20282
	3p	+	31	6337	3329	3642	5840	19148
	3p	+	32	6039	3068	3380	5588	18075
	3p	+	33	5658	2980	3126	5325	17089
	3p	+	34	5306	2751	3123	4981	16161
	3p	+	35	4975	2629	2894	4672	15170
	3p	+	36	4866	2444	2606	4351	14267
	3p	+	37	4412	2276	2553	4133	13374
	3p	+	38	4233	2037	2361	3862	12493
	3p	+	39	3936	1995	2087	3650	11668
	3p	+	40	3584	1840	1948	3509	10881
	3p	+	41	3357	1696	1911	3119	10083
	3p	+	42	3139	1544	1658	3019	9360
	3p	+	43	2878	1466	1606	2695	8645
	3p	+	44	2685	1368	1388	2519	7960
	3p	+	45	2495	1226	1305	2288	7314
	3p	+	46	2250	1122	1206	2129	6707
	3p	+	47	2057	990	1152	1910	6109
	3p	+	48	1857	935	992	1785	5569
	3p	+	49	1718	836	884	1668	5106
	3p	+	50	1499	807	884	1496	4686
	3p	+	51	1379	697	814	1374	4264
	3p	+	52	1322	592	709	1266	3889
	3p	+	53	1168	538	676	1142	3524
	3p	+	54	1017	530	583	1047	3177
	3p	+	55	955	486	532	927	2900
	3p	+	56	899	467	456	835	2657
	3p	+	57	791	416	414	786	2407
	3p	+	58	758	330	387	725	2200
	3p	+	59	678	347	346	628	1999
	3p	+	60	608	313	303	588	1812
	3p	+	61	540	277	290	528	1635
	3p	+	62	495	238	281	474	1488
	3p	+	63	460	229	244	423	1356
	3p	+	64	419	201	240	366	1226
	3p	+	65	378	175	186	381	1120
	3p	+	66	346	187	157	312	1002
	3p	+	67	313	132	185	282	912
	3p	+	68	276	136	133	261	806
	3p	+	69	245	136	122	232	735
	3p	+	70	221	109	131	208	669
	3p	+	71	233	85	118	157	593
	3p	+	72	185	107	92	162	546
	3p	+	73	166	89	95	144	494
	3p	+	74	159	85	72	144	460
	3p	+	75	127	81	81	133	422
	3p	+	76	105	64	85	133	387
	3p	+	77	129	55	60	113	357
	3p	+	78	107	47	67	94	315
	3p	+	79	98	52	42	94	286
	3p	+	80	72	53	52	88	265
	3p	+	81	85	34	42	76	237
	3p	+	82	81	38	40	60	219
	3p	+	83	57	31	35	75	198
	3p	+	84	51	29	37	60	177
	3p	+	85	49	28	29	59	165
	3p	+	86	48	19	23	58	148
	3p	+	87	35	28	29	43	135
	3p	+	88	37	22	21	40	120
	3p	+	89	34	19	22	37	112
	3p	+	90	44	18	15	30	107
	3p	+	91	32	12	18	32	94
	3p	+	92	23	17	15	30	85
	3p	+	93	29	15	15	23	82
	3p	+	94	26	16	14	23	79
	3p	+	95	22	10	18	24	74
	3p	+	96	15	11	18	26	70
	3p	+	97	22	9	3	24	58
	3p	+	98	18	12	8	18	56
	3p	+	99	27	5	9	13	54
	3p	+	100	18	6	8	19	51
	3p	-	1	8564	2322	2994	6252	20132
	3p	-	2	8126	3232	3284	5490	20132
	3p	-	3	7823	3013	3610	5686	20132
	3p	-	4	7636	2999	3739	5758	20132
	3p	-	5	7493	2870	3859	5910	20132
	3p	-	6	7368	3096	3805	5863	20132
	3p	-	7	7076	3472	3662	5922	20132
	3p	-	8	6927	3477	3706	6022	20132
	3p	-	9	6804	3559	3595	6174	20132
	3p	-	10	6782	3638	3588	6124	20132
	3p	-	11	6701	3542	3795	6094	20132
	3p	-	12	6710	3681	3683	6058	20132
	3p	-	13	6610	3662	3759	6101	20132
	3p	-	14	6649	3587	3721	6175	20132
	3p	-	15	6564	3698	3779	6091	20132
	3p	-	16	6660	3715	3689	6068	20132
	3p	-	17	6650	3731	3677	6074	20132
	3p	-	18	6529	3718	3759	6126	20132
	3p	-	19	6524	3712	3790	6106	20132
	3p	-	20	6542	3734	3799	6057	20132
	3p	-	21	6504	3674	3769	6185	20132
	3p	-	22	6537	3579	3826	6190	20132
	3p	-	23	6571	3662	3724	6175	20132
	3p	-	24	6662	3677	3797	5996	20132
	3p	-	25	6466	3632	3792	6242	20132
	3p	-	26	6689	3626	3759	6058	20132
	3p	-	27	6596	3691	3786	6059	20132
	3p	-	28	6582	3468	3834	6248	20132
	3p	-	29	6728	3580	3744	6080	20132
	3p	-	30	6728	3476	3683	6245	20132
	3p	-	31	6234	3386	3547	5867	19034
	3p	-	32	6028	3009	3354	5675	18066
	3p	-	33	5689	2969	3210	5171	17039
	3p	-	34	5303	2744	3035	4995	16077
	3p	-	35	5053	2581	2793	4742	15169
	3p	-	36	4730	2395	2643	4482	14250
	3p	-	37	4512	2220	2475	4155	13362
	3p	-	38	4191	2065	2297	3920	12473
	3p	-	39	3920	1916	2108	3661	11605
	3p	-	40	3553	1871	1933	3398	10755
	3p	-	41	3316	1663	1824	3226	10029
	3p	-	42	3137	1522	1746	2915	9320
	3p	-	43	2841	1408	1637	2739	8625
	3p	-	44	2652	1339	1460	2523	7974
	3p	-	45	2519	1266	1302	2272	7359
	3p	-	46	2349	1047	1242	2101	6739
	3p	-	47	2172	960	1136	1946	6214
	3p	-	48	1907	949	1056	1777	5689
	3p	-	49	1739	867	915	1682	5203
	3p	-	50	1569	792	849	1549	4759
	3p	-	51	1488	702	817	1338	4345
	3p	-	52	1313	680	753	1247	3993
	3p	-	53	1272	577	698	1125	3672
	3p	-	54	1095	556	621	1090	3362
	3p	-	55	1005	516	563	962	3046
	3p	-	56	948	457	523	864	2792
	3p	-	57	865	423	473	779	2540
	3p	-	58	758	378	431	744	2311
	3p	-	59	718	346	374	666	2104
	3p	-	60	620	348	332	595	1895
	3p	-	61	580	279	308	535	1702
	3p	-	62	520	241	305	475	1541
	3p	-	63	441	236	237	485	1399
	3p	-	64	395	239	236	409	1279
	3p	-	65	366	215	226	354	1161
	3p	-	66	329	201	191	348	1069
	3p	-	67	340	145	187	298	970
	3p	-	68	310	155	126	292	883
	3p	-	69	269	170	140	229	808
	3p	-	70	239	118	135	237	729
	3p	-	71	217	109	117	216	659
	3p	-	72	192	120	109	179	600
	3p	-	73	182	109	91	169	551
	3p	-	74	153	85	93	168	499
	3p	-	75	135	73	100	150	458
	3p	-	76	132	85	71	131	419
	3p	-	77	120	63	78	118	379
	3p	-	78	122	54	54	123	353
	3p	-	79	95	49	63	118	325
	3p	-	80	101	50	56	98	305
	3p	-	81	84	42	56	94	276
	3p	-	82	83	48	46	79	256
	3p	-	83	82	41	41	75	239
	3p	-	84	63	42	43	79	227
	3p	-	85	71	35	35	70	211
	3p	-	86	58	40	35	59	192
	3p	-	87	65	21	33	56	175
	3p	-	88	52	31	29	50	162
	3p	-	89	39	32	33	45	149
	3p	-	90	42	25	27	42	136
	3p	-	91	35	20	23	50	128
	3p	-	92	40	23	24	31	118
	3p	-	93	36	14	11	49	110
	3p	-	94	28	22	19	32	101
	3p	-	95	30	16	20	31	97
	3p	-	96	29	12	16	32	89
	3p	-	97	28	19	12	25	84
	3p	-	98	27	14	17	23	81
	3p	-	99	25	14	15	27	81
	3p	-	100	22	19	16	17	74
	5p	+	1	7460	2728	3019	7075	20282
	5p	+	2	7045	2830	3769	6638	20282
	5p	+	3	6996	3019	3838	6429	20282
	5p	+	4	6776	3482	4052	5972	20282
	5p	+	5	6635	3412	4012	6223	20282
	5p	+	6	6422	3645	4059	6156	20282
	5p	+	7	6740	3696	3875	5971	20282
	5p	+	8	6787	3667	3725	6103	20282
	5p	+	9	6664	3661	3805	6152	20282
	5p	+	10	6666	3751	3703	6162	20282
	5p	+	11	6541	3774	3730	6237	20282
	5p	+	12	6656	3656	3766	6204	20282
	5p	+	13	6596	3773	3810	6103	20282
	5p	+	14	6586	3732	3757	6207	20282
	5p	+	15	6528	3703	3804	6247	20282
	5p	+	16	6478	3811	3781	6212	20282
	5p	+	17	6528	3812	3732	6210	20282
	5p	+	18	6475	3766	3871	6170	20282
	5p	+	19	6578	3763	3708	6233	20282
	5p	+	20	6522	3710	3824	6226	20282
	5p	+	21	6555	3768	3723	6236	20282
	5p	+	22	6683	3781	3741	6077	20282
	5p	+	23	6676	3691	3769	6146	20282
	5p	+	24	6665	3717	3760	6140	20282
	5p	+	25	6642	3639	3816	6185	20282
	5p	+	26	6768	3575	3794	6145	20282
	5p	+	27	6845	3637	3767	6033	20282
	5p	+	28	6803	3517	3940	6022	20282
	5p	+	29	7071	3421	3796	5994	20282
	5p	+	30	6977	3504	3808	5993	20282
	5p	+	31	6666	3262	3507	5713	19148
	5p	+	32	6345	3114	3274	5342	18075
	5p	+	33	6004	2772	3214	5099	17089
	5p	+	34	5725	2690	2940	4806	16161
	5p	+	35	5341	2500	2788	4541	15170
	5p	+	36	5005	2296	2561	4405	14267
	5p	+	37	4706	2149	2473	4046	13374
	5p	+	38	4394	2053	2225	3821	12493
	5p	+	39	4187	1917	2146	3418	11668
	5p	+	40	3890	1655	2008	3328	10881
	5p	+	41	3570	1658	1819	3036	10083
	5p	+	42	3321	1500	1653	2886	9360
	5p	+	43	3101	1369	1486	2689	8645
	5p	+	44	2869	1298	1423	2370	7960
	5p	+	45	2648	1180	1246	2240	7314
	5p	+	46	2364	1076	1179	2088	6707
	5p	+	47	2135	987	1138	1849	6109
	5p	+	48	1937	868	997	1767	5569
	5p	+	49	1789	814	927	1576	5106
	5p	+	50	1710	736	824	1416	4686
	5p	+	51	1515	658	740	1351	4264
	5p	+	52	1366	643	628	1252	3889
	5p	+	53	1242	517	635	1130	3524
	5p	+	54	1104	507	587	979	3177
	5p	+	55	1015	475	484	926	2900
	5p	+	56	960	421	471	805	2657
	5p	+	57	828	386	439	754	2407
	5p	+	58	795	327	383	695	2200
	5p	+	59	676	313	377	633	1999
	5p	+	60	620	292	332	568	1812
	5p	+	61	516	263	311	545	1635
	5p	+	62	524	256	245	463	1488
	5p	+	63	464	194	242	456	1356
	5p	+	64	417	199	214	396	1226
	5p	+	65	390	167	195	368	1120
	5p	+	66	336	146	196	324	1002
	5p	+	67	285	166	158	303	912
	5p	+	68	267	123	148	268	806
	5p	+	69	251	129	142	213	735
	5p	+	70	244	94	122	209	669
	5p	+	71	203	103	115	172	593
	5p	+	72	189	102	88	167	546
	5p	+	73	175	80	87	152	494
	5p	+	74	148	74	83	155	460
	5p	+	75	152	69	63	138	422
	5p	+	76	150	67	61	109	387
	5p	+	77	134	44	72	107	357
	5p	+	78	95	43	62	115	315
	5p	+	79	104	41	61	80	286
	5p	+	80	75	46	56	88	265
	5p	+	81	73	44	47	73	237
	5p	+	82	80	29	36	74	219
	5p	+	83	63	42	32	61	198
	5p	+	84	69	25	27	56	177
	5p	+	85	59	29	33	44	165
	5p	+	86	47	25	28	48	148
	5p	+	87	43	25	29	38	135
	5p	+	88	42	19	24	35	120
	5p	+	89	33	23	24	32	112
	5p	+	90	33	19	21	34	107
	5p	+	91	29	19	22	24	94
	5p	+	92	27	18	18	22	85
	5p	+	93	23	19	16	24	82
	5p	+	94	25	14	14	26	79
	5p	+	95	20	17	14	23	74
	5p	+	96	27	14	4	25	70
	5p	+	97	20	13	8	17	58
	5p	+	98	24	5	11	16	56
	5p	+	99	20	9	8	17	54
	5p	+	100	13	11	12	15	51
	5p	-	1	7472	2636	3081	6943	20132
	5p	-	2	7040	2879	3718	6495	20132
	5p	-	3	6976	2924	3864	6368	20132
	5p	-	4	6714	3344	4001	6073	20132
	5p	-	5	6516	3378	4123	6115	20132
	5p	-	6	6251	3649	4067	6165	20132
	5p	-	7	6694	3675	3775	5988	20132
	5p	-	8	6853	3531	3605	6143	20132
	5p	-	9	6840	3556	3736	6000	20132
	5p	-	10	6682	3627	3740	6083	20132
	5p	-	11	6670	3580	3712	6170	20132
	5p	-	12	6499	3754	3808	6071	20132
	5p	-	13	6637	3677	3625	6193	20132
	5p	-	14	6651	3731	3724	6026	20132
	5p	-	15	6615	3763	3790	5964	20132
	5p	-	16	6500	3731	3733	6168	20132
	5p	-	17	6562	3703	3726	6141	20132
	5p	-	18	6461	3681	3839	6151	20132
	5p	-	19	6575	3738	3652	6167	20132
	5p	-	20	6493	3774	3740	6125	20132
	5p	-	21	6587	3741	3690	6114	20132
	5p	-	22	6674	3739	3573	6146	20132
	5p	-	23	6564	3646	3747	6175	20132
	5p	-	24	6724	3688	3689	6031	20132
	5p	-	25	6523	3711	3724	6174	20132
	5p	-	26	6766	3558	3733	6075	20132
	5p	-	27	6733	3609	3794	5996	20132
	5p	-	28	6949	3570	3762	5851	20132
	5p	-	29	6980	3465	3703	5984	20132
	5p	-	30	7081	3390	3715	5946	20132
	5p	-	31	6650	3247	3455	5682	19034
	5p	-	32	6368	2969	3276	5453	18066
	5p	-	33	5921	2829	3140	5149	17039
	5p	-	34	5828	2645	2845	4759	16077
	5p	-	35	5296	2538	2768	4567	15169
	5p	-	36	4953	2370	2569	4358	14250
	5p	-	37	4770	2198	2445	3949	13362
	5p	-	38	4466	1991	2240	3776	12473
	5p	-	39	4184	1860	2070	3491	11605
	5p	-	40	3806	1781	1947	3221	10755
	5p	-	41	3591	1698	1768	2972	10029
	5p	-	42	3333	1452	1677	2858	9320
	5p	-	43	3038	1377	1612	2598	8625
	5p	-	44	2918	1223	1382	2451	7974
	5p	-	45	2544	1140	1362	2313	7359
	5p	-	46	2392	1072	1196	2079	6739
	5p	-	47	2217	986	1132	1879	6214
	5p	-	48	1996	885	1011	1797	5689
	5p	-	49	1848	799	916	1640	5203
	5p	-	50	1746	676	865	1472	4759
	5p	-	51	1491	703	770	1381	4345
	5p	-	52	1424	657	715	1197	3993
	5p	-	53	1304	566	656	1146	3672
	5p	-	54	1228	508	605	1021	3362
	5p	-	55	1091	465	520	970	3046
	5p	-	56	1020	391	500	881	2792
	5p	-	57	918	370	480	772	2540
	5p	-	58	826	375	420	690	2311
	5p	-	59	713	333	409	649	2104
	5p	-	60	663	305	320	607	1895
	5p	-	61	623	263	295	521	1702
	5p	-	62	526	228	291	496	1541
	5p	-	63	494	224	241	440	1399
	5p	-	64	456	205	211	407	1279
	5p	-	65	395	166	207	393	1161
	5p	-	66	360	166	184	359	1069
	5p	-	67	345	144	182	299	970
	5p	-	68	327	136	151	269	883
	5p	-	69	255	126	151	276	808
	5p	-	70	256	109	129	235	729
	5p	-	71	236	105	115	203	659
	5p	-	72	206	100	94	200	600
	5p	-	73	214	84	90	163	551
	5p	-	74	189	72	70	168	499
	5p	-	75	163	61	89	145	458
	5p	-	76	139	79	65	136	419
	5p	-	77	126	48	56	149	379
	5p	-	78	120	59	58	116	353
	5p	-	79	112	48	53	112	325
	5p	-	80	94	53	62	96	305
	5p	-	81	87	48	47	94	276
	5p	-	82	95	42	43	76	256
	5p	-	83	76	45	39	79	239
	5p	-	84	67	49	45	66	227
	5p	-	85	69	33	44	65	211
	5p	-	86	69	30	31	62	192
	5p	-	87	58	28	31	58	175
	5p	-	88	53	26	27	56	162
	5p	-	89	46	28	27	48	149
	5p	-	90	43	30	22	41	136
	5p	-	91	42	19	25	42	128
	5p	-	92	31	20	30	37	118
	5p	-	93	38	12	25	35	110
	5p	-	94	32	13	19	37	101
	5p	-	95	30	18	22	27	97
	5p	-	96	29	12	17	31	89
	5p	-	97	29	13	18	24	84
	5p	-	98	22	11	24	24	81
	5p	-	99	25	18	10	28	81
	5p	-	100	25	11	16	22	74
