# table produced by DamageProfiler
# using mapped file PcA013.ReedbuckBh_Human_nc.Target.rmdup.noMicro.bam
# Sample ID: PcA013.ReedbuckBh_Human_nc.Target.rmdup.noMicro.bam
Chr	End	Std	Pos	A	C	G	T	Total	G>A	C>T	A>G	T>C	A>C	A>T	C>G	C>A	T>G	T>A	G>C	G>T	A>-	T>-	C>-	G>-	->A	->T	->C	->G	S
	3p	+	1	417.0	134.0	89.0	255.0	895.0	2.0	16.0	3.0	3.0	2.0	4.0	0.0	2.0	1.0	10.0	2.0	2.0	0.0	0.0	0.0	0.0	0.0	0.0	0.0	0.0	0.0
	3p	+	2	303.0	241.0	115.0	236.0	895.0	6.0	8.0	2.0	9.0	4.0	6.0	3.0	2.0	1.0	6.0	1.0	4.0	0.0	0.0	0.0	0.0	0.0	0.0	0.0	0.0	0.0
	3p	+	3	336.0	177.0	139.0	243.0	895.0	4.0	3.0	3.0	9.0	2.0	3.0	2.0	3.0	3.0	4.0	3.0	3.0	0.0	0.0	0.0	0.0	0.0	0.0	0.0	0.0	0.0
	3p	+	4	300.0	185.0	152.0	258.0	895.0	8.0	3.0	4.0	5.0	4.0	1.0	2.0	2.0	6.0	3.0	2.0	1.0	0.0	0.0	0.0	0.0	0.0	0.0	0.0	0.0	0.0
	3p	+	5	349.0	165.0	136.0	244.0	894.0	2.0	2.0	1.0	3.0	4.0	5.0	3.0	1.0	4.0	3.0	1.0	3.0	0.0	0.0	0.0	0.0	0.0	0.0	0.0	0.0	0.0
	3p	+	6	334.0	152.0	147.0	257.0	890.0	1.0	5.0	6.0	3.0	7.0	5.0	3.0	0.0	0.0	2.0	2.0	2.0	0.0	0.0	0.0	0.0	0.0	0.0	4.0	0.0	0.0
	3p	+	7	332.0	168.0	149.0	241.0	890.0	3.0	2.0	3.0	4.0	2.0	2.0	2.0	3.0	2.0	1.0	2.0	2.0	0.0	0.0	0.0	0.0	1.0	0.0	3.0	1.0	0.0
	3p	+	8	295.0	172.0	140.0	276.0	883.0	3.0	4.0	8.0	6.0	1.0	1.0	5.0	5.0	3.0	1.0	3.0	2.0	0.0	0.0	0.0	0.0	2.0	0.0	7.0	1.0	0.0
	3p	+	9	288.0	197.0	143.0	252.0	880.0	4.0	5.0	5.0	0.0	5.0	6.0	3.0	2.0	5.0	6.0	1.0	0.0	0.0	0.0	0.0	0.0	4.0	0.0	3.0	6.0	0.0
	3p	+	10	308.0	163.0	141.0	266.0	878.0	2.0	5.0	3.0	2.0	3.0	2.0	3.0	2.0	6.0	4.0	1.0	4.0	0.0	0.0	0.0	0.0	7.0	0.0	4.0	3.0	0.0
	3p	+	11	297.0	173.0	136.0	273.0	879.0	1.0	2.0	6.0	0.0	6.0	2.0	1.0	1.0	3.0	3.0	3.0	0.0	0.0	0.0	0.0	0.0	4.0	0.0	3.0	7.0	0.0
	3p	+	12	313.0	175.0	154.0	239.0	881.0	6.0	2.0	8.0	3.0	4.0	1.0	2.0	3.0	0.0	4.0	3.0	1.0	0.0	0.0	0.0	0.0	3.0	0.0	5.0	3.0	0.0
	3p	+	13	296.0	171.0	174.0	238.0	879.0	3.0	4.0	4.0	4.0	3.0	2.0	0.0	2.0	2.0	2.0	3.0	1.0	0.0	0.0	0.0	0.0	4.0	0.0	6.0	2.0	0.0
	3p	+	14	266.0	170.0	161.0	282.0	879.0	4.0	4.0	10.0	2.0	6.0	2.0	1.0	2.0	4.0	4.0	1.0	0.0	0.0	0.0	0.0	0.0	4.0	0.0	6.0	2.0	0.0
	3p	+	15	290.0	161.0	156.0	278.0	885.0	5.0	6.0	2.0	6.0	4.0	6.0	3.0	1.0	3.0	5.0	1.0	2.0	0.0	0.0	0.0	0.0	3.0	0.0	2.0	5.0	0.0
	3p	+	16	281.0	203.0	150.0	245.0	879.0	2.0	0.0	7.0	6.0	4.0	3.0	1.0	0.0	1.0	1.0	2.0	6.0	0.0	0.0	0.0	0.0	3.0	0.0	6.0	4.0	0.0
	3p	+	17	276.0	188.0	151.0	263.0	878.0	3.0	5.0	4.0	1.0	0.0	1.0	2.0	4.0	3.0	3.0	4.0	2.0	0.0	0.0	0.0	0.0	3.0	0.0	7.0	6.0	0.0
	3p	+	18	290.0	166.0	177.0	245.0	878.0	6.0	2.0	5.0	4.0	3.0	5.0	0.0	1.0	4.0	4.0	2.0	1.0	0.0	0.0	0.0	0.0	4.0	0.0	5.0	5.0	0.0
	3p	+	19	330.0	152.0	162.0	230.0	874.0	1.0	2.0	4.0	11.0	1.0	4.0	3.0	2.0	1.0	5.0	2.0	1.0	0.0	0.0	0.0	0.0	6.0	0.0	2.0	8.0	0.0
	3p	+	20	274.0	201.0	170.0	234.0	879.0	2.0	7.0	3.0	4.0	5.0	2.0	3.0	2.0	0.0	3.0	4.0	2.0	0.0	0.0	0.0	0.0	4.0	0.0	3.0	6.0	0.0
	3p	+	21	268.0	167.0	169.0	277.0	881.0	4.0	2.0	3.0	6.0	1.0	5.0	1.0	1.0	3.0	2.0	2.0	3.0	0.0	0.0	0.0	0.0	4.0	0.0	5.0	4.0	0.0
	3p	+	22	289.0	164.0	158.0	269.0	880.0	7.0	3.0	4.0	3.0	6.0	3.0	2.0	5.0	3.0	0.0	2.0	1.0	0.0	0.0	0.0	0.0	4.0	0.0	4.0	5.0	0.0
	3p	+	23	270.0	193.0	138.0	284.0	885.0	5.0	5.0	4.0	5.0	3.0	6.0	1.0	1.0	2.0	8.0	0.0	3.0	0.0	0.0	0.0	0.0	3.0	0.0	5.0	2.0	0.0
	3p	+	24	283.0	185.0	152.0	258.0	878.0	6.0	4.0	9.0	1.0	4.0	3.0	2.0	5.0	4.0	2.0	0.0	4.0	0.0	0.0	0.0	0.0	4.0	0.0	5.0	5.0	0.0
	3p	+	25	293.0	185.0	147.0	257.0	882.0	4.0	2.0	3.0	2.0	3.0	3.0	1.0	3.0	5.0	4.0	2.0	2.0	0.0	0.0	0.0	0.0	4.0	0.0	2.0	4.0	0.0
	3p	+	26	271.0	180.0	162.0	261.0	874.0	2.0	6.0	5.0	5.0	1.0	4.0	4.0	2.0	2.0	1.0	3.0	1.0	0.0	0.0	0.0	0.0	3.0	0.0	6.0	9.0	0.0
	3p	+	27	290.0	180.0	172.0	247.0	889.0	1.0	7.0	4.0	3.0	4.0	3.0	2.0	1.0	1.0	3.0	0.0	1.0	0.0	0.0	0.0	0.0	2.0	0.0	1.0	2.0	0.0
	3p	+	28	295.0	201.0	166.0	230.0	892.0	1.0	3.0	3.0	2.0	3.0	3.0	1.0	0.0	4.0	4.0	2.0	2.0	0.0	0.0	0.0	0.0	1.0	0.0	2.0	0.0	0.0
	3p	+	29	312.0	153.0	148.0	281.0	894.0	1.0	0.0	5.0	2.0	3.0	2.0	2.0	0.0	1.0	0.0	3.0	2.0	0.0	0.0	0.0	0.0	0.0	0.0	1.0	0.0	0.0
	3p	+	30	315.0	174.0	159.0	244.0	892.0	5.0	3.0	4.0	2.0	3.0	2.0	2.0	2.0	4.0	2.0	3.0	2.0	0.0	0.0	0.0	0.0	1.0	0.0	0.0	1.0	0.0
	3p	+	31	230.0	127.0	117.0	191.0	665.0	4.0	3.0	6.0	2.0	3.0	0.0	1.0	2.0	0.0	3.0	2.0	1.0	0.0	0.0	0.0	0.0	0.0	0.0	0.0	0.0	0.0
	3p	+	32	166.0	122.0	104.0	151.0	543.0	2.0	3.0	0.0	3.0	0.0	3.0	0.0	1.0	0.0	1.0	0.0	0.0	0.0	0.0	0.0	0.0	1.0	0.0	1.0	0.0	0.0
	3p	+	33	151.0	87.0	95.0	151.0	484.0	1.0	2.0	2.0	0.0	0.0	3.0	0.0	0.0	2.0	1.0	1.0	2.0	0.0	0.0	0.0	0.0	0.0	0.0	0.0	0.0	0.0
	3p	+	34	129.0	102.0	85.0	144.0	460.0	2.0	0.0	3.0	1.0	1.0	0.0	0.0	2.0	1.0	0.0	1.0	0.0	0.0	0.0	0.0	0.0	0.0	0.0	0.0	1.0	0.0
	3p	+	35	127.0	81.0	86.0	142.0	436.0	1.0	0.0	5.0	4.0	0.0	0.0	0.0	0.0	1.0	0.0	0.0	1.0	0.0	0.0	0.0	0.0	1.0	0.0	0.0	0.0	0.0
	3p	+	36	126.0	80.0	89.0	127.0	422.0	2.0	4.0	1.0	0.0	0.0	2.0	1.0	0.0	0.0	0.0	0.0	0.0	0.0	0.0	0.0	0.0	0.0	0.0	0.0	0.0	0.0
	3p	+	37	140.0	88.0	76.0	107.0	411.0	2.0	4.0	0.0	0.0	2.0	0.0	1.0	0.0	0.0	0.0	2.0	1.0	0.0	0.0	0.0	0.0	0.0	0.0	0.0	1.0	0.0
	3p	+	38	128.0	102.0	63.0	102.0	395.0	1.0	1.0	1.0	0.0	1.0	0.0	0.0	1.0	1.0	1.0	1.0	0.0	0.0	0.0	0.0	0.0	0.0	0.0	0.0	0.0	0.0
	3p	+	39	125.0	75.0	77.0	110.0	387.0	2.0	0.0	4.0	1.0	0.0	2.0	0.0	0.0	1.0	0.0	1.0	0.0	0.0	0.0	0.0	0.0	1.0	0.0	0.0	0.0	0.0
	3p	+	40	120.0	74.0	69.0	111.0	374.0	1.0	1.0	1.0	0.0	0.0	1.0	1.0	2.0	0.0	0.0	0.0	0.0	0.0	0.0	0.0	0.0	1.0	0.0	0.0	0.0	0.0
	3p	+	41	104.0	72.0	66.0	114.0	356.0	1.0	1.0	0.0	2.0	1.0	1.0	0.0	0.0	0.0	1.0	0.0	0.0	0.0	0.0	0.0	0.0	0.0	0.0	0.0	0.0	0.0
	3p	+	42	104.0	73.0	65.0	105.0	347.0	1.0	2.0	0.0	0.0	0.0	0.0	1.0	1.0	2.0	1.0	0.0	1.0	0.0	0.0	0.0	0.0	0.0	0.0	0.0	0.0	0.0
	3p	+	43	105.0	74.0	58.0	85.0	322.0	1.0	0.0	1.0	0.0	0.0	0.0	0.0	1.0	1.0	0.0	0.0	0.0	0.0	0.0	0.0	0.0	1.0	0.0	0.0	0.0	0.0
	3p	+	44	98.0	69.0	65.0	77.0	309.0	1.0	0.0	0.0	1.0	0.0	0.0	0.0	0.0	0.0	2.0	0.0	0.0	0.0	0.0	0.0	0.0	0.0	0.0	0.0	0.0	0.0
	3p	+	45	95.0	60.0	47.0	92.0	294.0	0.0	0.0	2.0	1.0	0.0	1.0	0.0	0.0	1.0	0.0	0.0	1.0	0.0	0.0	0.0	0.0	0.0	0.0	0.0	0.0	0.0
	3p	+	46	79.0	59.0	56.0	81.0	275.0	2.0	1.0	0.0	0.0	0.0	0.0	0.0	0.0	1.0	0.0	0.0	0.0	0.0	0.0	0.0	0.0	0.0	0.0	0.0	0.0	0.0
	3p	+	47	76.0	55.0	46.0	84.0	261.0	0.0	1.0	1.0	0.0	1.0	0.0	0.0	2.0	1.0	0.0	0.0	2.0	0.0	0.0	0.0	0.0	0.0	0.0	0.0	0.0	0.0
	3p	+	48	84.0	52.0	48.0	69.0	253.0	1.0	1.0	1.0	0.0	0.0	0.0	0.0	1.0	0.0	0.0	0.0	0.0	0.0	0.0	0.0	0.0	0.0	0.0	0.0	0.0	0.0
	3p	+	49	71.0	54.0	52.0	58.0	235.0	0.0	0.0	0.0	0.0	0.0	1.0	0.0	0.0	0.0	0.0	0.0	0.0	0.0	0.0	0.0	0.0	0.0	0.0	0.0	0.0	0.0
	3p	+	50	64.0	47.0	43.0	71.0	225.0	0.0	1.0	0.0	1.0	0.0	0.0	0.0	0.0	0.0	1.0	0.0	0.0	0.0	0.0	0.0	0.0	0.0	0.0	0.0	0.0	0.0
	3p	+	51	69.0	40.0	34.0	68.0	211.0	0.0	0.0	0.0	1.0	1.0	0.0	0.0	0.0	0.0	0.0	0.0	1.0	0.0	0.0	0.0	0.0	0.0	0.0	0.0	0.0	0.0
	3p	+	52	60.0	42.0	42.0	55.0	199.0	0.0	0.0	0.0	0.0	0.0	0.0	0.0	0.0	0.0	0.0	0.0	2.0	0.0	0.0	0.0	0.0	0.0	0.0	0.0	0.0	0.0
	3p	+	53	69.0	35.0	35.0	51.0	190.0	0.0	0.0	2.0	0.0	0.0	2.0	0.0	0.0	0.0	0.0	0.0	1.0	0.0	0.0	0.0	0.0	0.0	0.0	0.0	0.0	0.0
	3p	+	54	60.0	32.0	28.0	62.0	182.0	1.0	1.0	1.0	1.0	0.0	0.0	0.0	0.0	0.0	1.0	0.0	1.0	0.0	0.0	0.0	0.0	0.0	0.0	0.0	0.0	0.0
	3p	+	55	57.0	32.0	33.0	47.0	169.0	1.0	0.0	0.0	0.0	0.0	0.0	0.0	1.0	0.0	0.0	0.0	0.0	0.0	0.0	0.0	0.0	0.0	0.0	0.0	0.0	0.0
	3p	+	56	50.0	30.0	31.0	52.0	163.0	0.0	1.0	1.0	0.0	0.0	0.0	1.0	0.0	0.0	0.0	1.0	0.0	0.0	0.0	0.0	0.0	0.0	0.0	0.0	0.0	0.0
	3p	+	57	50.0	27.0	36.0	41.0	154.0	0.0	1.0	1.0	0.0	0.0	0.0	0.0	0.0	0.0	0.0	0.0	0.0	0.0	0.0	0.0	0.0	0.0	0.0	0.0	0.0	0.0
	3p	+	58	46.0	21.0	29.0	49.0	145.0	0.0	0.0	0.0	1.0	0.0	0.0	0.0	0.0	1.0	0.0	0.0	0.0	0.0	0.0	0.0	0.0	0.0	0.0	0.0	0.0	0.0
	3p	+	59	45.0	25.0	23.0	45.0	138.0	0.0	1.0	0.0	1.0	0.0	0.0	0.0	0.0	0.0	0.0	0.0	0.0	0.0	0.0	0.0	0.0	0.0	0.0	0.0	0.0	0.0
	3p	+	60	42.0	25.0	32.0	28.0	127.0	1.0	0.0	0.0	0.0	0.0	0.0	0.0	1.0	0.0	0.0	0.0	1.0	0.0	0.0	0.0	0.0	0.0	0.0	0.0	0.0	0.0
	3p	+	61	45.0	22.0	19.0	36.0	122.0	0.0	1.0	1.0	0.0	1.0	0.0	0.0	0.0	0.0	0.0	0.0	0.0	0.0	0.0	0.0	0.0	0.0	0.0	0.0	0.0	0.0
	3p	+	62	37.0	16.0	21.0	40.0	114.0	0.0	0.0	0.0	0.0	0.0	1.0	0.0	0.0	0.0	0.0	0.0	1.0	0.0	0.0	0.0	0.0	0.0	0.0	0.0	0.0	0.0
	3p	+	63	39.0	20.0	21.0	28.0	108.0	0.0	1.0	0.0	0.0	0.0	1.0	0.0	0.0	0.0	0.0	0.0	0.0	0.0	0.0	0.0	0.0	0.0	0.0	0.0	0.0	0.0
	3p	+	64	45.0	17.0	10.0	33.0	105.0	1.0	1.0	0.0	0.0	0.0	0.0	1.0	0.0	0.0	0.0	0.0	0.0	0.0	0.0	0.0	0.0	0.0	0.0	0.0	0.0	0.0
	3p	+	65	33.0	30.0	16.0	16.0	95.0	0.0	0.0	0.0	0.0	0.0	0.0	0.0	0.0	0.0	0.0	0.0	0.0	0.0	0.0	0.0	0.0	0.0	0.0	0.0	0.0	0.0
	3p	+	66	27.0	12.0	17.0	34.0	90.0	2.0	0.0	0.0	0.0	0.0	0.0	0.0	0.0	0.0	0.0	0.0	0.0	0.0	0.0	0.0	0.0	0.0	0.0	0.0	0.0	0.0
	3p	+	67	21.0	22.0	9.0	30.0	82.0	0.0	0.0	0.0	0.0	0.0	0.0	0.0	0.0	0.0	0.0	0.0	0.0	0.0	0.0	0.0	0.0	0.0	0.0	0.0	0.0	0.0
	3p	+	68	28.0	17.0	14.0	20.0	79.0	0.0	1.0	0.0	0.0	1.0	1.0	0.0	0.0	0.0	0.0	0.0	1.0	0.0	0.0	0.0	0.0	0.0	0.0	0.0	0.0	0.0
	3p	+	69	24.0	17.0	12.0	21.0	74.0	0.0	0.0	0.0	0.0	0.0	0.0	1.0	0.0	0.0	0.0	0.0	1.0	0.0	0.0	0.0	0.0	0.0	0.0	0.0	0.0	0.0
	3p	+	70	21.0	10.0	15.0	23.0	69.0	0.0	0.0	0.0	0.0	1.0	0.0	0.0	0.0	0.0	0.0	0.0	0.0	0.0	0.0	0.0	0.0	0.0	0.0	0.0	0.0	0.0
	3p	+	71	26.0	9.0	7.0	24.0	66.0	0.0	0.0	0.0	0.0	0.0	0.0	0.0	0.0	1.0	1.0	0.0	0.0	0.0	0.0	0.0	0.0	0.0	0.0	0.0	0.0	0.0
	3p	+	72	18.0	13.0	9.0	22.0	62.0	1.0	0.0	0.0	0.0	0.0	0.0	0.0	0.0	0.0	0.0	0.0	0.0	0.0	0.0	0.0	0.0	0.0	0.0	0.0	0.0	0.0
	3p	+	73	18.0	13.0	9.0	16.0	56.0	0.0	0.0	0.0	0.0	0.0	0.0	0.0	0.0	0.0	1.0	0.0	0.0	0.0	0.0	0.0	0.0	0.0	0.0	0.0	0.0	0.0
	3p	+	74	13.0	8.0	11.0	17.0	49.0	0.0	0.0	0.0	0.0	0.0	0.0	0.0	0.0	0.0	0.0	0.0	0.0	0.0	0.0	0.0	0.0	0.0	0.0	0.0	0.0	0.0
	3p	+	75	15.0	10.0	6.0	12.0	43.0	0.0	2.0	0.0	0.0	0.0	0.0	0.0	0.0	0.0	0.0	0.0	0.0	0.0	0.0	0.0	0.0	0.0	0.0	0.0	0.0	0.0
	3p	+	76	11.0	6.0	10.0	7.0	34.0	0.0	1.0	0.0	0.0	0.0	0.0	0.0	0.0	0.0	0.0	0.0	0.0	0.0	0.0	0.0	0.0	0.0	0.0	0.0	0.0	0.0
	3p	+	77	13.0	2.0	4.0	12.0	31.0	0.0	0.0	0.0	0.0	0.0	0.0	0.0	0.0	0.0	0.0	0.0	0.0	0.0	0.0	0.0	0.0	0.0	0.0	0.0	0.0	0.0
	3p	+	78	9.0	8.0	6.0	5.0	28.0	0.0	0.0	0.0	0.0	0.0	0.0	0.0	0.0	0.0	0.0	0.0	0.0	0.0	0.0	0.0	0.0	0.0	0.0	0.0	0.0	0.0
	3p	+	79	7.0	3.0	3.0	13.0	26.0	0.0	0.0	1.0	0.0	0.0	0.0	0.0	0.0	0.0	0.0	0.0	0.0	0.0	0.0	0.0	0.0	0.0	0.0	0.0	0.0	0.0
	3p	+	80	6.0	9.0	6.0	3.0	24.0	0.0	0.0	0.0	0.0	0.0	0.0	0.0	0.0	0.0	0.0	0.0	0.0	0.0	0.0	0.0	0.0	0.0	0.0	0.0	0.0	0.0
	3p	+	81	7.0	5.0	6.0	5.0	23.0	0.0	0.0	0.0	0.0	0.0	0.0	0.0	0.0	0.0	0.0	0.0	0.0	0.0	0.0	0.0	0.0	0.0	0.0	0.0	0.0	0.0
	3p	+	82	4.0	5.0	3.0	7.0	19.0	0.0	0.0	0.0	0.0	0.0	0.0	0.0	0.0	0.0	0.0	0.0	0.0	0.0	0.0	0.0	0.0	0.0	0.0	0.0	0.0	0.0
	3p	+	83	7.0	2.0	4.0	4.0	17.0	0.0	0.0	0.0	0.0	0.0	0.0	0.0	0.0	0.0	0.0	0.0	0.0	0.0	0.0	0.0	0.0	0.0	0.0	0.0	0.0	0.0
	3p	+	84	7.0	3.0	3.0	3.0	16.0	0.0	0.0	0.0	0.0	0.0	0.0	0.0	0.0	0.0	0.0	0.0	0.0	0.0	0.0	0.0	0.0	0.0	0.0	0.0	0.0	0.0
	3p	+	85	2.0	5.0	0.0	6.0	13.0	0.0	0.0	0.0	0.0	0.0	0.0	0.0	0.0	0.0	0.0	0.0	0.0	0.0	0.0	0.0	0.0	0.0	0.0	0.0	0.0	0.0
	3p	+	86	2.0	0.0	1.0	8.0	11.0	0.0	0.0	0.0	0.0	0.0	0.0	0.0	0.0	0.0	0.0	0.0	0.0	0.0	0.0	0.0	0.0	0.0	0.0	0.0	0.0	0.0
	3p	+	87	2.0	2.0	1.0	4.0	9.0	0.0	0.0	0.0	0.0	0.0	0.0	0.0	0.0	0.0	0.0	0.0	0.0	0.0	0.0	0.0	0.0	0.0	0.0	0.0	0.0	0.0
	3p	+	88	1.0	1.0	0.0	2.0	4.0	0.0	0.0	0.0	0.0	0.0	0.0	0.0	0.0	0.0	0.0	0.0	0.0	0.0	0.0	0.0	0.0	0.0	0.0	0.0	0.0	0.0
	3p	+	89	1.0	1.0	0.0	1.0	3.0	0.0	0.0	0.0	0.0	0.0	0.0	0.0	0.0	0.0	0.0	0.0	0.0	0.0	0.0	0.0	0.0	0.0	0.0	0.0	0.0	0.0
	3p	+	90	1.0	1.0	0.0	0.0	2.0	0.0	0.0	0.0	0.0	0.0	0.0	0.0	0.0	0.0	0.0	0.0	0.0	0.0	0.0	0.0	0.0	0.0	0.0	0.0	0.0	0.0
	3p	+	91	2.0	0.0	0.0	0.0	2.0	0.0	0.0	0.0	0.0	0.0	0.0	0.0	0.0	0.0	0.0	0.0	0.0	0.0	0.0	0.0	0.0	0.0	0.0	0.0	0.0	0.0
	3p	+	92	0.0	0.0	0.0	0.0	0.0	0.0	0.0	0.0	0.0	0.0	0.0	0.0	0.0	0.0	0.0	0.0	0.0	0.0	0.0	0.0	0.0	0.0	0.0	0.0	0.0	0.0
	3p	+	93	0.0	0.0	0.0	0.0	0.0	0.0	0.0	0.0	0.0	0.0	0.0	0.0	0.0	0.0	0.0	0.0	0.0	0.0	0.0	0.0	0.0	0.0	0.0	0.0	0.0	0.0
	3p	+	94	0.0	0.0	0.0	0.0	0.0	0.0	0.0	0.0	0.0	0.0	0.0	0.0	0.0	0.0	0.0	0.0	0.0	0.0	0.0	0.0	0.0	0.0	0.0	0.0	0.0	0.0
	3p	+	95	0.0	0.0	0.0	0.0	0.0	0.0	0.0	0.0	0.0	0.0	0.0	0.0	0.0	0.0	0.0	0.0	0.0	0.0	0.0	0.0	0.0	0.0	0.0	0.0	0.0	0.0
	3p	+	96	0.0	0.0	0.0	0.0	0.0	0.0	0.0	0.0	0.0	0.0	0.0	0.0	0.0	0.0	0.0	0.0	0.0	0.0	0.0	0.0	0.0	0.0	0.0	0.0	0.0	0.0
	3p	+	97	0.0	0.0	0.0	0.0	0.0	0.0	0.0	0.0	0.0	0.0	0.0	0.0	0.0	0.0	0.0	0.0	0.0	0.0	0.0	0.0	0.0	0.0	0.0	0.0	0.0	0.0
	3p	+	98	0.0	0.0	0.0	0.0	0.0	0.0	0.0	0.0	0.0	0.0	0.0	0.0	0.0	0.0	0.0	0.0	0.0	0.0	0.0	0.0	0.0	0.0	0.0	0.0	0.0	0.0
	3p	+	99	0.0	0.0	0.0	0.0	0.0	0.0	0.0	0.0	0.0	0.0	0.0	0.0	0.0	0.0	0.0	0.0	0.0	0.0	0.0	0.0	0.0	0.0	0.0	0.0	0.0	0.0
	3p	+	100	0.0	0.0	0.0	0.0	0.0	0.0	0.0	0.0	0.0	0.0	0.0	0.0	0.0	0.0	0.0	0.0	0.0	0.0	0.0	0.0	0.0	0.0	0.0	0.0	0.0	0.0
	3p	-	1	437.0	113.0	87.0	285.0	922.0	6.0	10.0	0.0	2.0	1.0	4.0	2.0	3.0	2.0	4.0	1.0	3.00.0	0.0	0.0	0.0	0.0	0.0	0.0	0.0	0.0
	3p	-	2	373.0	189.0	107.0	254.0	923.0	7.0	5.0	1.0	5.0	3.0	3.0	0.0	2.0	3.0	2.0	1.0	1.00.0	0.0	0.0	0.0	0.0	0.0	0.0	0.0	0.0
	3p	-	3	319.0	189.0	137.0	277.0	922.0	3.0	4.0	2.0	3.0	4.0	3.0	2.0	1.0	1.0	0.0	2.0	2.00.0	0.0	0.0	0.0	0.0	0.0	0.0	0.0	0.0
	3p	-	4	347.0	167.0	139.0	269.0	922.0	5.0	4.0	8.0	5.0	8.0	3.0	3.0	4.0	2.0	1.0	2.0	0.00.0	0.0	0.0	0.0	1.0	0.0	0.0	0.0	0.0
	3p	-	5	325.0	206.0	127.0	260.0	918.0	3.0	3.0	2.0	7.0	5.0	3.0	3.0	3.0	1.0	3.0	1.0	5.00.0	0.0	0.0	0.0	4.0	0.0	0.0	0.0	0.0
	3p	-	6	328.0	174.0	147.0	265.0	914.0	3.0	4.0	4.0	2.0	2.0	5.0	2.0	1.0	2.0	3.0	1.0	4.00.0	0.0	0.0	0.0	2.0	0.0	2.0	2.0	0.0
	3p	-	7	317.0	168.0	160.0	261.0	906.0	2.0	3.0	6.0	2.0	4.0	4.0	0.0	3.0	4.0	4.0	0.0	0.00.0	0.0	0.0	0.0	5.0	0.0	3.0	2.0	0.0
	3p	-	8	290.0	153.0	173.0	274.0	890.0	2.0	2.0	2.0	2.0	5.0	4.0	3.0	3.0	3.0	4.0	1.0	2.00.0	0.0	0.0	0.0	5.0	0.0	6.0	12.0	0.0
	3p	-	9	306.0	156.0	155.0	290.0	907.0	9.0	1.0	3.0	5.0	3.0	3.0	2.0	2.0	2.0	5.0	1.0	4.00.0	0.0	0.0	0.0	4.0	0.0	5.0	4.0	0.0
	3p	-	10	303.0	176.0	152.0	276.0	907.0	4.0	2.0	3.0	7.0	6.0	6.0	1.0	5.0	1.0	4.0	1.0	0.00.0	0.0	0.0	0.0	2.0	0.0	4.0	5.0	0.0
	3p	-	11	301.0	190.0	141.0	274.0	906.0	4.0	2.0	4.0	2.0	2.0	0.0	3.0	3.0	3.0	3.0	3.0	3.00.0	0.0	0.0	0.0	2.0	0.0	3.0	8.0	0.0
	3p	-	12	304.0	204.0	157.0	245.0	910.0	4.0	5.0	5.0	0.0	6.0	3.0	1.0	3.0	3.0	2.0	4.0	1.00.0	0.0	0.0	0.0	3.0	0.0	2.0	3.0	0.0
	3p	-	13	292.0	173.0	163.0	278.0	906.0	2.0	4.0	2.0	5.0	6.0	4.0	2.0	1.0	1.0	4.0	3.0	3.00.0	0.0	0.0	0.0	4.0	0.0	1.0	4.0	0.0
	3p	-	14	286.0	164.0	171.0	289.0	910.0	4.0	1.0	4.0	7.0	1.0	2.0	1.0	3.0	3.0	1.0	2.0	2.00.0	0.0	0.0	0.0	1.0	0.0	7.0	1.0	0.0
	3p	-	15	295.0	157.0	164.0	290.0	906.0	4.0	6.0	2.0	4.0	4.0	3.0	1.0	3.0	4.0	5.0	1.0	1.00.0	0.0	0.0	0.0	3.0	0.0	7.0	1.0	0.0
	3p	-	16	301.0	176.0	152.0	273.0	902.0	4.0	3.0	4.0	3.0	0.0	4.0	2.0	4.0	6.0	5.0	1.0	0.00.0	0.0	0.0	0.0	5.0	0.0	5.0	8.0	0.0
	3p	-	17	278.0	174.0	178.0	279.0	909.0	5.0	2.0	3.0	2.0	0.0	2.0	0.0	2.0	2.0	0.0	4.0	4.00.0	0.0	0.0	0.0	2.0	0.0	4.0	3.0	0.0
	3p	-	18	299.0	176.0	152.0	281.0	908.0	5.0	7.0	2.0	6.0	1.0	1.0	3.0	3.0	3.0	3.0	3.0	0.00.0	0.0	0.0	0.0	5.0	0.0	2.0	5.0	0.0
	3p	-	19	275.0	183.0	167.0	282.0	907.0	4.0	0.0	3.0	3.0	1.0	0.0	2.0	1.0	5.0	2.0	2.0	5.00.0	0.0	0.0	0.0	3.0	0.0	4.0	2.0	0.0
	3p	-	20	291.0	162.0	169.0	280.0	902.0	6.0	0.0	3.0	3.0	3.0	2.0	2.0	1.0	1.0	3.0	2.0	0.00.0	0.0	0.0	0.0	6.0	0.0	7.0	3.0	0.0
	3p	-	21	298.0	186.0	150.0	274.0	908.0	1.0	5.0	5.0	4.0	2.0	1.0	1.0	5.0	4.0	3.0	2.0	3.00.0	0.0	0.0	0.0	1.0	0.0	4.0	2.0	0.0
	3p	-	22	276.0	167.0	163.0	302.0	908.0	4.0	4.0	3.0	3.0	2.0	3.0	1.0	3.0	1.0	5.0	2.0	4.00.0	0.0	0.0	0.0	3.0	0.0	3.0	3.0	0.0
	3p	-	23	296.0	161.0	180.0	268.0	905.0	6.0	1.0	7.0	2.0	2.0	2.0	1.0	1.0	2.0	1.0	2.0	1.00.0	0.0	0.0	0.0	2.0	0.0	2.0	7.0	0.0
	3p	-	24	303.0	169.0	162.0	274.0	908.0	8.0	3.0	4.0	2.0	3.0	3.0	2.0	3.0	1.0	3.0	2.0	3.00.0	0.0	0.0	0.0	3.0	0.0	4.0	3.0	0.0
	3p	-	25	303.0	148.0	179.0	282.0	912.0	5.0	0.0	12.0	3.0	5.0	0.0	1.0	3.0	3.0	3.0	1.0	3.00.0	0.0	0.0	0.0	2.0	0.0	3.0	2.0	0.0
	3p	-	26	301.0	166.0	161.0	280.0	908.0	2.0	4.0	9.0	4.0	2.0	2.0	0.0	1.0	7.0	1.0	0.0	4.00.0	0.0	0.0	0.0	3.0	0.0	3.0	4.0	0.0
	3p	-	27	294.0	185.0	170.0	265.0	914.0	2.0	5.0	2.0	0.0	2.0	3.0	1.0	2.0	4.0	3.0	1.0	5.00.0	0.0	0.0	0.0	1.0	0.0	2.0	1.0	0.0
	3p	-	28	312.0	181.0	171.0	255.0	919.0	2.0	2.0	3.0	1.0	3.0	2.0	3.0	4.0	1.0	2.0	2.0	3.00.0	0.0	0.0	0.0	0.0	0.0	2.0	0.0	0.0
	3p	-	29	301.0	178.0	150.0	287.0	916.0	6.0	9.0	7.0	2.0	2.0	5.0	0.0	5.0	6.0	3.0	3.0	1.00.0	0.0	0.0	0.0	1.0	0.0	1.0	0.0	0.0
	3p	-	30	321.0	168.0	173.0	259.0	921.0	1.0	0.0	4.0	4.0	3.0	2.0	2.0	3.0	1.0	8.0	1.0	2.00.0	0.0	0.0	0.0	0.0	0.0	0.0	0.0	0.0
	3p	-	31	233.0	144.0	113.0	203.0	693.0	1.0	2.0	1.0	2.0	0.0	0.0	1.0	1.0	2.0	4.0	1.0	0.00.0	0.0	0.0	0.0	0.0	0.0	0.0	0.0	0.0
	3p	-	32	183.0	113.0	106.0	177.0	579.0	4.0	4.0	1.0	2.0	1.0	0.0	1.0	0.0	3.0	0.0	0.0	0.00.0	0.0	0.0	0.0	0.0	0.0	0.0	0.0	0.0
	3p	-	33	177.0	93.0	104.0	159.0	533.0	1.0	0.0	5.0	2.0	0.0	0.0	0.0	0.0	0.0	0.0	1.0	0.00.0	0.0	0.0	0.0	0.0	0.0	0.0	0.0	0.0
	3p	-	34	186.0	104.0	87.0	132.0	509.0	4.0	4.0	2.0	1.0	0.0	1.0	0.0	1.0	0.0	1.0	0.0	0.00.0	0.0	0.0	0.0	0.0	0.0	0.0	0.0	0.0
	3p	-	35	182.0	90.0	88.0	130.0	490.0	3.0	2.0	0.0	1.0	0.0	3.0	0.0	0.0	1.0	0.0	0.0	0.00.0	0.0	0.0	0.0	0.0	0.0	0.0	0.0	0.0
	3p	-	36	147.0	89.0	99.0	133.0	468.0	2.0	0.0	1.0	0.0	0.0	1.0	0.0	1.0	0.0	0.0	1.0	2.00.0	0.0	0.0	0.0	0.0	0.0	0.0	0.0	0.0
	3p	-	37	141.0	92.0	81.0	138.0	452.0	1.0	3.0	2.0	4.0	0.0	0.0	2.0	1.0	0.0	1.0	0.0	0.00.0	0.0	0.0	0.0	0.0	0.0	0.0	1.0	0.0
	3p	-	38	142.0	94.0	81.0	118.0	435.0	1.0	4.0	0.0	2.0	0.0	0.0	0.0	0.0	0.0	0.0	1.0	0.00.0	0.0	0.0	0.0	0.0	0.0	0.0	0.0	0.0
	3p	-	39	138.0	79.0	71.0	129.0	417.0	0.0	0.0	1.0	1.0	0.0	0.0	0.0	0.0	0.0	0.0	1.0	0.00.0	0.0	0.0	0.0	0.0	0.0	0.0	0.0	0.0
	3p	-	40	136.0	72.0	69.0	122.0	399.0	2.0	2.0	1.0	0.0	0.0	0.0	0.0	1.0	0.0	0.0	0.0	1.00.0	0.0	0.0	0.0	1.0	0.0	0.0	0.0	0.0
	3p	-	41	125.0	76.0	61.0	121.0	383.0	2.0	2.0	1.0	0.0	0.0	0.0	0.0	0.0	0.0	0.0	0.0	0.00.0	0.0	0.0	0.0	0.0	0.0	0.0	0.0	0.0
	3p	-	42	104.0	71.0	77.0	115.0	367.0	2.0	2.0	1.0	1.0	0.0	1.0	0.0	0.0	0.0	1.0	1.0	0.00.0	0.0	0.0	0.0	1.0	0.0	0.0	0.0	0.0
	3p	-	43	127.0	68.0	57.0	99.0	351.0	1.0	1.0	0.0	2.0	0.0	1.0	0.0	1.0	1.0	0.0	0.0	1.00.0	0.0	0.0	0.0	0.0	0.0	0.0	0.0	0.0
	3p	-	44	96.0	67.0	61.0	109.0	333.0	2.0	1.0	0.0	0.0	0.0	1.0	0.0	0.0	0.0	1.0	0.0	0.00.0	0.0	0.0	0.0	0.0	0.0	0.0	0.0	0.0
	3p	-	45	112.0	58.0	57.0	92.0	319.0	3.0	1.0	0.0	0.0	0.0	0.0	0.0	0.0	1.0	0.0	0.0	0.00.0	0.0	0.0	0.0	0.0	0.0	0.0	0.0	0.0
	3p	-	46	111.0	53.0	56.0	80.0	300.0	1.0	2.0	1.0	0.0	0.0	0.0	1.0	0.0	1.0	0.0	0.0	1.00.0	0.0	0.0	0.0	0.0	0.0	0.0	0.0	0.0
	3p	-	47	101.0	52.0	48.0	83.0	284.0	0.0	1.0	0.0	1.0	0.0	0.0	0.0	0.0	0.0	0.0	0.0	2.00.0	0.0	0.0	0.0	0.0	0.0	0.0	1.0	0.0
	3p	-	48	78.0	59.0	50.0	77.0	264.0	0.0	1.0	0.0	0.0	0.0	0.0	0.0	1.0	1.0	1.0	0.0	0.00.0	0.0	0.0	0.0	0.0	0.0	0.0	0.0	0.0
	3p	-	49	76.0	48.0	50.0	70.0	244.0	0.0	2.0	1.0	1.0	0.0	0.0	0.0	0.0	0.0	0.0	0.0	0.00.0	0.0	0.0	0.0	0.0	0.0	1.0	0.0	0.0
	3p	-	50	72.0	50.0	37.0	73.0	232.0	0.0	2.0	0.0	0.0	2.0	0.0	0.0	0.0	0.0	1.0	2.0	0.00.0	0.0	0.0	0.0	0.0	0.0	0.0	0.0	0.0
	3p	-	51	64.0	45.0	38.0	74.0	221.0	2.0	3.0	0.0	2.0	0.0	0.0	0.0	0.0	0.0	1.0	0.0	0.00.0	0.0	0.0	0.0	0.0	0.0	0.0	0.0	0.0
	3p	-	52	65.0	49.0	35.0	63.0	212.0	0.0	0.0	0.0	0.0	0.0	0.0	0.0	0.0	0.0	0.0	0.0	0.00.0	0.0	0.0	0.0	0.0	0.0	0.0	0.0	0.0
	3p	-	53	59.0	34.0	38.0	67.0	198.0	1.0	2.0	0.0	0.0	0.0	1.0	0.0	0.0	0.0	0.0	0.0	0.00.0	0.0	0.0	0.0	0.0	0.0	0.0	0.0	0.0
	3p	-	54	65.0	39.0	28.0	56.0	188.0	0.0	0.0	0.0	0.0	0.0	0.0	0.0	0.0	0.0	0.0	0.0	0.00.0	0.0	0.0	0.0	0.0	0.0	0.0	0.0	0.0
	3p	-	55	56.0	33.0	38.0	53.0	180.0	1.0	1.0	1.0	0.0	0.0	0.0	1.0	0.0	0.0	0.0	0.0	0.00.0	0.0	0.0	0.0	0.0	0.0	0.0	0.0	0.0
	3p	-	56	55.0	36.0	26.0	53.0	170.0	1.0	0.0	0.0	1.0	0.0	0.0	0.0	0.0	0.0	0.0	0.0	0.00.0	0.0	0.0	0.0	0.0	0.0	0.0	0.0	0.0
	3p	-	57	50.0	37.0	30.0	46.0	163.0	0.0	1.0	1.0	1.0	0.0	0.0	0.0	0.0	1.0	1.0	0.0	0.00.0	0.0	0.0	0.0	0.0	0.0	0.0	0.0	0.0
	3p	-	58	48.0	35.0	27.0	48.0	158.0	1.0	0.0	1.0	0.0	0.0	0.0	0.0	0.0	0.0	0.0	0.0	0.00.0	0.0	0.0	0.0	0.0	0.0	0.0	0.0	0.0
	3p	-	59	40.0	36.0	29.0	46.0	151.0	1.0	1.0	1.0	1.0	0.0	0.0	0.0	0.0	0.0	1.0	1.0	0.00.0	0.0	0.0	0.0	0.0	0.0	0.0	0.0	0.0
	3p	-	60	58.0	18.0	26.0	41.0	143.0	0.0	1.0	3.0	1.0	0.0	0.0	0.0	0.0	0.0	0.0	0.0	0.00.0	0.0	0.0	0.0	0.0	0.0	0.0	0.0	0.0
	3p	-	61	46.0	20.0	27.0	37.0	130.0	1.0	0.0	1.0	0.0	0.0	0.0	0.0	0.0	0.0	0.0	0.0	0.00.0	0.0	0.0	0.0	0.0	0.0	0.0	0.0	0.0
	3p	-	62	41.0	24.0	23.0	37.0	125.0	0.0	0.0	0.0	0.0	0.0	0.0	0.0	0.0	0.0	0.0	0.0	0.00.0	0.0	0.0	0.0	0.0	0.0	0.0	0.0	0.0
	3p	-	63	43.0	23.0	18.0	34.0	118.0	0.0	0.0	1.0	0.0	0.0	0.0	0.0	0.0	0.0	0.0	0.0	0.00.0	0.0	0.0	0.0	0.0	0.0	0.0	0.0	0.0
	3p	-	64	34.0	15.0	30.0	33.0	112.0	1.0	0.0	0.0	0.0	0.0	0.0	0.0	0.0	0.0	0.0	0.0	0.00.0	0.0	0.0	0.0	0.0	0.0	0.0	0.0	0.0
	3p	-	65	32.0	22.0	20.0	29.0	103.0	0.0	1.0	0.0	0.0	0.0	0.0	0.0	0.0	0.0	0.0	0.0	1.00.0	0.0	0.0	0.0	0.0	0.0	0.0	0.0	0.0
	3p	-	66	33.0	24.0	17.0	25.0	99.0	1.0	0.0	0.0	0.0	0.0	0.0	0.0	1.0	0.0	1.0	0.0	0.00.0	0.0	0.0	0.0	0.0	0.0	0.0	0.0	0.0
	3p	-	67	23.0	19.0	21.0	29.0	92.0	0.0	0.0	0.0	0.0	0.0	0.0	0.0	0.0	0.0	0.0	0.0	0.00.0	0.0	0.0	0.0	0.0	0.0	0.0	0.0	0.0
	3p	-	68	30.0	11.0	18.0	26.0	85.0	0.0	0.0	0.0	0.0	0.0	0.0	0.0	0.0	0.0	0.0	0.0	0.00.0	0.0	0.0	0.0	0.0	0.0	0.0	0.0	0.0
	3p	-	69	25.0	14.0	18.0	18.0	75.0	1.0	1.0	0.0	0.0	0.0	0.0	0.0	0.0	0.0	0.0	0.0	0.00.0	0.0	0.0	0.0	0.0	0.0	0.0	0.0	0.0
	3p	-	70	26.0	13.0	10.0	23.0	72.0	0.0	1.0	0.0	0.0	0.0	0.0	0.0	0.0	0.0	0.0	0.0	0.00.0	0.0	0.0	0.0	0.0	0.0	0.0	0.0	0.0
	3p	-	71	20.0	12.0	16.0	16.0	64.0	0.0	0.0	0.0	0.0	0.0	0.0	0.0	0.0	0.0	0.0	0.0	1.00.0	0.0	0.0	0.0	0.0	0.0	0.0	0.0	0.0
	3p	-	72	21.0	7.0	15.0	19.0	62.0	1.0	0.0	0.0	1.0	0.0	0.0	0.0	0.0	0.0	0.0	0.0	0.00.0	0.0	0.0	0.0	0.0	0.0	0.0	0.0	0.0
	3p	-	73	18.0	10.0	13.0	14.0	55.0	0.0	0.0	0.0	0.0	0.0	0.0	0.0	0.0	0.0	0.0	0.0	0.00.0	0.0	0.0	0.0	0.0	0.0	0.0	0.0	0.0
	3p	-	74	18.0	10.0	9.0	15.0	52.0	0.0	0.0	0.0	0.0	0.0	0.0	0.0	0.0	0.0	0.0	0.0	0.00.0	0.0	0.0	0.0	0.0	0.0	0.0	0.0	0.0
	3p	-	75	12.0	7.0	6.0	26.0	51.0	0.0	0.0	0.0	0.0	0.0	0.0	0.0	0.0	0.0	0.0	0.0	0.00.0	0.0	0.0	0.0	0.0	0.0	0.0	0.0	0.0
	3p	-	76	16.0	7.0	9.0	15.0	47.0	0.0	0.0	0.0	1.0	0.0	0.0	0.0	0.0	1.0	0.0	0.0	0.00.0	0.0	0.0	0.0	0.0	0.0	0.0	0.0	0.0
	3p	-	77	12.0	8.0	11.0	10.0	41.0	0.0	0.0	0.0	0.0	0.0	0.0	1.0	0.0	0.0	0.0	0.0	0.00.0	0.0	0.0	0.0	0.0	0.0	0.0	0.0	0.0
	3p	-	78	10.0	10.0	7.0	13.0	40.0	0.0	1.0	0.0	0.0	0.0	0.0	0.0	1.0	0.0	0.0	0.0	0.00.0	0.0	0.0	0.0	0.0	0.0	0.0	0.0	0.0
	3p	-	79	9.0	6.0	6.0	13.0	34.0	0.0	0.0	0.0	0.0	0.0	0.0	0.0	0.0	0.0	0.0	0.0	0.00.0	0.0	0.0	0.0	0.0	0.0	0.0	0.0	0.0
	3p	-	80	7.0	11.0	6.0	9.0	33.0	0.0	0.0	0.0	0.0	0.0	0.0	0.0	0.0	0.0	0.0	0.0	0.00.0	0.0	0.0	0.0	0.0	0.0	0.0	0.0	0.0
	3p	-	81	11.0	3.0	5.0	10.0	29.0	0.0	0.0	0.0	0.0	0.0	0.0	0.0	0.0	0.0	0.0	0.0	0.00.0	0.0	0.0	0.0	0.0	0.0	0.0	0.0	0.0
	3p	-	82	4.0	4.0	3.0	16.0	27.0	0.0	0.0	0.0	0.0	0.0	0.0	0.0	0.0	0.0	0.0	0.0	0.00.0	0.0	0.0	0.0	0.0	0.0	0.0	0.0	0.0
	3p	-	83	9.0	4.0	2.0	9.0	24.0	0.0	2.0	0.0	1.0	0.0	0.0	0.0	0.0	0.0	0.0	0.0	0.00.0	0.0	0.0	0.0	0.0	0.0	0.0	0.0	0.0
	3p	-	84	6.0	2.0	8.0	5.0	21.0	0.0	0.0	0.0	0.0	0.0	0.0	0.0	0.0	0.0	0.0	0.0	0.00.0	0.0	0.0	0.0	0.0	0.0	0.0	0.0	0.0
	3p	-	85	4.0	2.0	4.0	6.0	16.0	0.0	0.0	0.0	0.0	0.0	0.0	0.0	0.0	0.0	0.0	0.0	0.00.0	0.0	0.0	0.0	0.0	0.0	0.0	0.0	0.0
	3p	-	86	3.0	6.0	2.0	4.0	15.0	0.0	1.0	0.0	0.0	0.0	0.0	0.0	0.0	0.0	0.0	0.0	0.00.0	0.0	0.0	0.0	0.0	0.0	0.0	0.0	0.0
	3p	-	87	5.0	1.0	4.0	2.0	12.0	0.0	0.0	1.0	0.0	0.0	0.0	0.0	0.0	0.0	0.0	0.0	1.00.0	0.0	0.0	0.0	0.0	0.0	0.0	0.0	0.0
	3p	-	88	3.0	0.0	1.0	5.0	9.0	0.0	0.0	0.0	0.0	0.0	0.0	0.0	0.0	0.0	0.0	0.0	0.00.0	0.0	0.0	0.0	0.0	0.0	0.0	0.0	0.0
	3p	-	89	1.0	0.0	1.0	5.0	7.0	0.0	0.0	0.0	0.0	0.0	0.0	0.0	0.0	1.0	0.0	0.0	0.00.0	0.0	0.0	0.0	0.0	0.0	0.0	0.0	0.0
	3p	-	90	0.0	1.0	0.0	1.0	2.0	0.0	0.0	0.0	0.0	0.0	0.0	0.0	0.0	0.0	0.0	0.0	0.00.0	0.0	0.0	0.0	0.0	0.0	0.0	0.0	0.0
	3p	-	91	0.0	0.0	0.0	0.0	0.0	0.0	0.0	0.0	0.0	0.0	0.0	0.0	0.0	0.0	0.0	0.0	0.00.0	0.0	0.0	0.0	0.0	0.0	0.0	0.0	0.0
	3p	-	92	0.0	0.0	0.0	0.0	0.0	0.0	0.0	0.0	0.0	0.0	0.0	0.0	0.0	0.0	0.0	0.0	0.00.0	0.0	0.0	0.0	0.0	0.0	0.0	0.0	0.0
	3p	-	93	0.0	0.0	0.0	0.0	0.0	0.0	0.0	0.0	0.0	0.0	0.0	0.0	0.0	0.0	0.0	0.0	0.00.0	0.0	0.0	0.0	0.0	0.0	0.0	0.0	0.0
	3p	-	94	0.0	0.0	0.0	0.0	0.0	0.0	0.0	0.0	0.0	0.0	0.0	0.0	0.0	0.0	0.0	0.0	0.00.0	0.0	0.0	0.0	0.0	0.0	0.0	0.0	0.0
	3p	-	95	0.0	0.0	0.0	0.0	0.0	0.0	0.0	0.0	0.0	0.0	0.0	0.0	0.0	0.0	0.0	0.0	0.00.0	0.0	0.0	0.0	0.0	0.0	0.0	0.0	0.0
	3p	-	96	0.0	0.0	0.0	0.0	0.0	0.0	0.0	0.0	0.0	0.0	0.0	0.0	0.0	0.0	0.0	0.0	0.00.0	0.0	0.0	0.0	0.0	0.0	0.0	0.0	0.0
	3p	-	97	0.0	0.0	0.0	0.0	0.0	0.0	0.0	0.0	0.0	0.0	0.0	0.0	0.0	0.0	0.0	0.0	0.00.0	0.0	0.0	0.0	0.0	0.0	0.0	0.0	0.0
	3p	-	98	0.0	0.0	0.0	0.0	0.0	0.0	0.0	0.0	0.0	0.0	0.0	0.0	0.0	0.0	0.0	0.0	0.00.0	0.0	0.0	0.0	0.0	0.0	0.0	0.0	0.0
	3p	-	99	0.0	0.0	0.0	0.0	0.0	0.0	0.0	0.0	0.0	0.0	0.0	0.0	0.0	0.0	0.0	0.0	0.00.0	0.0	0.0	0.0	0.0	0.0	0.0	0.0	0.0
	3p	-	100	0.0	0.0	0.0	0.0	0.0	0.0	0.0	0.0	0.0	0.0	0.0	0.0	0.0	0.0	0.0	0.0	0.00.0	0.0	0.0	0.0	0.0	0.0	0.0	0.0	0.0
	5p	+	1	306.0	189.0	147.0	253.0	895.0	5.0	8.0	2.0	2.0	5.0	3.0	2.0	1.0	0.0	8.0	2.0	3.00.0	0.0	0.0	0.0	0.0	0.0	0.0	0.0	0.0
	5p	+	2	274.0	170.0	161.0	289.0	894.0	3.0	4.0	2.0	2.0	5.0	7.0	3.0	1.0	5.0	1.0	3.0	4.00.0	0.0	0.0	0.0	0.0	0.0	0.0	0.0	0.0
	5p	+	3	291.0	161.0	170.0	273.0	895.0	1.0	7.0	6.0	3.0	3.0	2.0	2.0	2.0	3.0	5.0	2.0	3.00.0	0.0	0.0	0.0	0.0	0.0	0.0	0.0	0.0
	5p	+	4	289.0	195.0	167.0	239.0	890.0	2.0	2.0	6.0	3.0	3.0	6.0	3.0	1.0	1.0	2.0	0.0	0.00.0	0.0	0.0	0.0	1.0	0.0	2.0	1.0	0.0
	5p	+	5	273.0	188.0	179.0	240.0	880.0	4.0	3.0	4.0	3.0	2.0	4.0	3.0	3.0	4.0	2.0	2.0	1.00.0	0.0	0.0	0.0	4.0	0.0	5.0	4.0	0.0
	5p	+	6	269.0	182.0	186.0	238.0	875.0	4.0	2.0	5.0	1.0	2.0	5.0	4.0	1.0	5.0	2.0	3.0	1.00.0	0.0	0.0	0.0	5.0	0.0	4.0	8.0	0.0
	5p	+	7	303.0	180.0	147.0	249.0	879.0	4.0	2.0	9.0	2.0	6.0	3.0	1.0	3.0	6.0	6.0	0.0	6.00.0	0.0	0.0	0.0	3.0	0.0	2.0	6.0	0.0
	5p	+	8	299.0	183.0	160.0	244.0	886.0	7.0	1.0	9.0	1.0	3.0	3.0	1.0	1.0	2.0	4.0	1.0	3.00.0	0.0	0.0	0.0	3.0	0.0	5.0	1.0	0.0
	5p	+	9	304.0	174.0	156.0	248.0	882.0	5.0	3.0	2.0	1.0	4.0	5.0	1.0	4.0	3.0	3.0	2.0	1.00.0	0.0	0.0	0.0	1.0	0.0	5.0	6.0	0.0
	5p	+	10	310.0	165.0	149.0	255.0	879.0	5.0	2.0	8.0	5.0	3.0	3.0	1.0	4.0	2.0	2.0	1.0	3.00.0	0.0	0.0	0.0	5.0	0.0	6.0	5.0	0.0
	5p	+	11	270.0	185.0	159.0	265.0	879.0	4.0	2.0	3.0	3.0	3.0	3.0	1.0	2.0	2.0	1.0	2.0	3.00.0	0.0	0.0	0.0	4.0	0.0	2.0	5.0	0.0
	5p	+	12	282.0	181.0	165.0	249.0	877.0	3.0	2.0	3.0	8.0	3.0	3.0	2.0	1.0	2.0	2.0	5.0	1.00.0	0.0	0.0	0.0	5.0	0.0	4.0	6.0	0.0
	5p	+	13	300.0	178.0	155.0	245.0	878.0	3.0	4.0	5.0	0.0	3.0	3.0	2.0	3.0	2.0	5.0	1.0	2.00.0	0.0	0.0	0.0	5.0	0.0	2.0	7.0	0.0
	5p	+	14	292.0	178.0	138.0	273.0	881.0	4.0	1.0	5.0	2.0	2.0	3.0	2.0	2.0	5.0	4.0	5.0	0.00.0	0.0	0.0	0.0	2.0	0.0	5.0	4.0	0.0
	5p	+	15	302.0	185.0	167.0	226.0	880.0	2.0	5.0	0.0	3.0	3.0	4.0	1.0	3.0	1.0	2.0	5.0	3.00.0	0.0	0.0	0.0	2.0	0.0	8.0	3.0	0.0
	5p	+	16	327.0	158.0	154.0	242.0	881.0	0.0	5.0	7.0	4.0	5.0	7.0	1.0	2.0	2.0	3.0	0.0	5.00.0	0.0	0.0	0.0	4.0	0.0	2.0	7.0	0.0
	5p	+	17	266.0	187.0	172.0	259.0	884.0	2.0	3.0	5.0	3.0	4.0	3.0	2.0	1.0	3.0	5.0	2.0	3.00.0	0.0	0.0	0.0	1.0	0.0	4.0	3.0	0.0
	5p	+	18	297.0	160.0	161.0	260.0	878.0	3.0	6.0	6.0	3.0	4.0	1.0	2.0	1.0	2.0	1.0	2.0	0.00.0	0.0	0.0	0.0	5.0	0.0	5.0	3.0	0.0
	5p	+	19	279.0	179.0	171.0	251.0	880.0	5.0	4.0	5.0	2.0	3.0	2.0	2.0	2.0	2.0	4.0	3.0	1.00.0	0.0	0.0	0.0	5.0	0.0	4.0	3.0	0.0
	5p	+	20	286.0	182.0	150.0	264.0	882.0	3.0	2.0	3.0	3.0	6.0	1.0	0.0	1.0	4.0	3.0	3.0	1.00.0	0.0	0.0	0.0	2.0	0.0	4.0	6.0	0.0
	5p	+	21	319.0	178.0	138.0	243.0	878.0	3.0	4.0	5.0	1.0	2.0	3.0	2.0	3.0	4.0	3.0	1.0	4.00.0	0.0	0.0	0.0	6.0	0.0	3.0	4.0	0.0
	5p	+	22	325.0	154.0	154.0	245.0	878.0	3.0	3.0	8.0	1.0	3.0	4.0	2.0	1.0	4.0	7.0	3.0	0.00.0	0.0	0.0	0.0	7.0	0.0	3.0	5.0	0.0
	5p	+	23	311.0	170.0	152.0	244.0	877.0	2.0	4.0	3.0	9.0	1.0	4.0	5.0	3.0	3.0	3.0	3.0	1.00.0	0.0	0.0	0.0	3.0	0.0	9.0	1.0	0.0
	5p	+	24	310.0	155.0	167.0	255.0	887.0	4.0	3.0	2.0	4.0	1.0	0.0	5.0	5.0	2.0	0.0	2.0	2.00.0	0.0	0.0	0.0	2.0	0.0	4.0	2.0	0.0
	5p	+	25	345.0	165.0	138.0	244.0	892.0	2.0	3.0	3.0	5.0	6.0	4.0	2.0	0.0	2.0	3.0	0.0	5.00.0	0.0	0.0	0.0	1.0	0.0	2.0	0.0	0.0
	5p	+	26	317.0	169.0	148.0	259.0	893.0	2.0	6.0	4.0	2.0	4.0	7.0	3.0	1.0	1.0	3.0	2.0	3.00.0	0.0	0.0	0.0	1.0	0.0	1.0	0.0	0.0
	5p	+	27	288.0	193.0	154.0	258.0	893.0	2.0	0.0	1.0	0.0	5.0	5.0	5.0	1.0	5.0	2.0	1.0	2.00.0	0.0	0.0	0.0	0.0	0.0	1.0	0.0	0.0
	5p	+	28	310.0	182.0	151.0	248.0	891.0	7.0	2.0	2.0	8.0	1.0	1.0	1.0	1.0	5.0	3.0	2.0	3.00.0	0.0	0.0	0.0	1.0	0.0	3.0	0.0	0.0
	5p	+	29	303.0	197.0	135.0	259.0	894.0	6.0	4.0	4.0	5.0	5.0	2.0	1.0	4.0	2.0	5.0	1.0	3.00.0	0.0	0.0	0.0	0.0	0.0	1.0	0.0	0.0
	5p	+	30	322.0	193.0	137.0	242.0	894.0	5.0	1.0	1.0	7.0	3.0	9.0	2.0	2.0	3.0	5.0	3.0	2.00.0	0.0	0.0	0.0	1.0	0.0	0.0	0.0	0.0
	5p	+	31	235.0	136.0	94.0	200.0	665.0	2.0	4.0	0.0	3.0	1.0	0.0	0.0	3.0	2.0	3.0	2.0	0.00.0	0.0	0.0	0.0	0.0	0.0	1.0	1.0	0.0
	5p	+	32	177.0	108.0	92.0	169.0	546.0	0.0	1.0	1.0	3.0	1.0	1.0	1.0	0.0	0.0	3.0	0.0	2.00.0	0.0	0.0	0.0	0.0	0.0	0.0	0.0	0.0
	5p	+	33	159.0	91.0	80.0	153.0	483.0	0.0	3.0	0.0	0.0	1.0	1.0	0.0	5.0	1.0	1.0	0.0	0.00.0	0.0	0.0	0.0	1.0	0.0	0.0	0.0	0.0
	5p	+	34	150.0	88.0	83.0	139.0	460.0	4.0	3.0	2.0	1.0	0.0	0.0	1.0	1.0	0.0	0.0	0.0	1.00.0	0.0	0.0	0.0	1.0	0.0	0.0	0.0	0.0
	5p	+	35	140.0	85.0	81.0	130.0	436.0	1.0	2.0	4.0	3.0	0.0	0.0	0.0	1.0	0.0	0.0	0.0	0.00.0	0.0	0.0	0.0	1.0	0.0	0.0	0.0	0.0
	5p	+	36	149.0	72.0	71.0	129.0	421.0	2.0	2.0	2.0	1.0	1.0	0.0	0.0	0.0	0.0	2.0	0.0	0.00.0	0.0	0.0	0.0	0.0	0.0	0.0	0.0	0.0
	5p	+	37	135.0	92.0	66.0	117.0	410.0	2.0	0.0	3.0	1.0	1.0	0.0	0.0	0.0	1.0	0.0	1.0	0.00.0	0.0	0.0	0.0	0.0	0.0	0.0	2.0	0.0
	5p	+	38	124.0	87.0	66.0	118.0	395.0	0.0	3.0	0.0	2.0	0.0	0.0	0.0	0.0	0.0	0.0	1.0	0.00.0	0.0	0.0	0.0	1.0	0.0	0.0	0.0	0.0
	5p	+	39	121.0	94.0	65.0	108.0	388.0	3.0	2.0	2.0	0.0	1.0	1.0	0.0	0.0	0.0	1.0	1.0	1.00.0	0.0	0.0	0.0	0.0	0.0	0.0	0.0	0.0
	5p	+	40	128.0	65.0	70.0	112.0	375.0	2.0	4.0	1.0	1.0	1.0	0.0	0.0	1.0	0.0	1.0	0.0	0.00.0	0.0	0.0	0.0	0.0	0.0	0.0	0.0	0.0
	5p	+	41	113.0	84.0	67.0	92.0	356.0	0.0	1.0	2.0	0.0	0.0	1.0	0.0	0.0	0.0	0.0	0.0	0.00.0	0.0	0.0	0.0	0.0	0.0	0.0	0.0	0.0
	5p	+	42	113.0	65.0	57.0	112.0	347.0	1.0	3.0	1.0	0.0	0.0	1.0	0.0	1.0	0.0	0.0	0.0	0.00.0	0.0	0.0	0.0	0.0	0.0	0.0	0.0	0.0
	5p	+	43	96.0	70.0	64.0	93.0	323.0	2.0	1.0	1.0	1.0	0.0	0.0	0.0	0.0	0.0	1.0	0.0	0.00.0	0.0	0.0	0.0	0.0	0.0	0.0	0.0	0.0
	5p	+	44	107.0	42.0	61.0	98.0	308.0	0.0	2.0	2.0	0.0	0.0	0.0	1.0	0.0	1.0	0.0	0.0	0.00.0	0.0	0.0	0.0	0.0	0.0	1.0	0.0	0.0
	5p	+	45	85.0	71.0	51.0	87.0	294.0	2.0	2.0	1.0	1.0	0.0	0.0	0.0	0.0	0.0	0.0	0.0	0.00.0	0.0	0.0	0.0	0.0	0.0	0.0	0.0	0.0
	5p	+	46	88.0	57.0	38.0	92.0	275.0	1.0	2.0	0.0	1.0	0.0	0.0	0.0	0.0	0.0	1.0	0.0	0.00.0	0.0	0.0	0.0	0.0	0.0	0.0	0.0	0.0
	5p	+	47	96.0	49.0	45.0	71.0	261.0	0.0	2.0	0.0	1.0	0.0	0.0	0.0	0.0	0.0	1.0	0.0	0.00.0	0.0	0.0	0.0	0.0	0.0	0.0	0.0	0.0
	5p	+	48	95.0	38.0	41.0	79.0	253.0	0.0	1.0	2.0	0.0	0.0	0.0	0.0	0.0	1.0	0.0	0.0	0.00.0	0.0	0.0	0.0	0.0	0.0	0.0	0.0	0.0
	5p	+	49	70.0	49.0	51.0	65.0	235.0	1.0	4.0	0.0	1.0	0.0	0.0	0.0	0.0	0.0	0.0	0.0	0.00.0	0.0	0.0	0.0	0.0	0.0	0.0	0.0	0.0
	5p	+	50	76.0	35.0	42.0	72.0	225.0	1.0	2.0	1.0	1.0	0.0	0.0	0.0	1.0	0.0	0.0	1.0	1.00.0	0.0	0.0	0.0	0.0	0.0	0.0	0.0	0.0
	5p	+	51	62.0	47.0	39.0	63.0	211.0	0.0	0.0	0.0	1.0	1.0	1.0	0.0	0.0	0.0	0.0	0.0	0.00.0	0.0	0.0	0.0	0.0	0.0	0.0	0.0	0.0
	5p	+	52	67.0	35.0	34.0	63.0	199.0	1.0	0.0	0.0	0.0	1.0	0.0	0.0	0.0	0.0	1.0	0.0	0.00.0	0.0	0.0	0.0	0.0	0.0	0.0	0.0	0.0
	5p	+	53	56.0	45.0	31.0	58.0	190.0	1.0	0.0	2.0	1.0	1.0	0.0	0.0	0.0	0.0	0.0	0.0	0.00.0	0.0	0.0	0.0	0.0	0.0	0.0	0.0	0.0
	5p	+	54	53.0	45.0	26.0	58.0	182.0	0.0	1.0	0.0	1.0	0.0	0.0	0.0	0.0	0.0	0.0	0.0	0.00.0	0.0	0.0	0.0	0.0	0.0	0.0	0.0	0.0
	5p	+	55	59.0	30.0	25.0	55.0	169.0	0.0	1.0	2.0	1.0	0.0	0.0	0.0	0.0	0.0	0.0	1.0	0.00.0	0.0	0.0	0.0	0.0	0.0	0.0	0.0	0.0
	5p	+	56	48.0	40.0	23.0	52.0	163.0	0.0	0.0	0.0	2.0	0.0	0.0	0.0	1.0	0.0	0.0	0.0	0.00.0	0.0	0.0	0.0	0.0	0.0	0.0	0.0	0.0
	5p	+	57	49.0	30.0	27.0	48.0	154.0	1.0	2.0	1.0	3.0	0.0	0.0	1.0	0.0	0.0	0.0	0.0	1.00.0	0.0	0.0	0.0	0.0	0.0	0.0	0.0	0.0
	5p	+	58	45.0	24.0	28.0	47.0	144.0	0.0	0.0	1.0	1.0	0.0	0.0	0.0	0.0	0.0	0.0	0.0	1.00.0	0.0	0.0	0.0	0.0	0.0	0.0	0.0	0.0
	5p	+	59	46.0	32.0	27.0	33.0	138.0	0.0	1.0	2.0	3.0	0.0	0.0	0.0	0.0	0.0	0.0	0.0	2.00.0	0.0	0.0	0.0	0.0	0.0	0.0	0.0	0.0
	5p	+	60	43.0	32.0	20.0	32.0	127.0	0.0	1.0	1.0	1.0	0.0	0.0	0.0	0.0	1.0	0.0	0.0	0.00.0	0.0	0.0	0.0	0.0	0.0	0.0	0.0	0.0
	5p	+	61	42.0	26.0	20.0	34.0	122.0	0.0	1.0	0.0	0.0	0.0	0.0	0.0	0.0	0.0	0.0	0.0	0.00.0	0.0	0.0	0.0	0.0	0.0	0.0	0.0	0.0
	5p	+	62	40.0	23.0	21.0	30.0	114.0	0.0	2.0	0.0	0.0	0.0	0.0	0.0	0.0	0.0	0.0	0.0	0.00.0	0.0	0.0	0.0	0.0	0.0	0.0	0.0	0.0
	5p	+	63	44.0	23.0	14.0	27.0	108.0	0.0	1.0	1.0	0.0	0.0	0.0	0.0	0.0	0.0	0.0	0.0	0.00.0	0.0	0.0	0.0	0.0	0.0	0.0	0.0	0.0
	5p	+	64	33.0	16.0	23.0	33.0	105.0	0.0	0.0	2.0	1.0	0.0	0.0	0.0	0.0	0.0	0.0	0.0	0.00.0	0.0	0.0	0.0	0.0	0.0	0.0	0.0	0.0
	5p	+	65	27.0	14.0	16.0	38.0	95.0	1.0	1.0	0.0	0.0	0.0	0.0	0.0	0.0	0.0	0.0	0.0	0.00.0	0.0	0.0	0.0	0.0	0.0	0.0	0.0	0.0
	5p	+	66	27.0	22.0	15.0	26.0	90.0	0.0	0.0	0.0	0.0	0.0	0.0	0.0	0.0	0.0	0.0	0.0	0.00.0	0.0	0.0	0.0	0.0	0.0	0.0	0.0	0.0
	5p	+	67	25.0	18.0	13.0	26.0	82.0	1.0	0.0	0.0	0.0	0.0	0.0	0.0	1.0	0.0	0.0	0.0	0.00.0	0.0	0.0	0.0	0.0	0.0	0.0	0.0	0.0
	5p	+	68	29.0	18.0	14.0	18.0	79.0	0.0	1.0	0.0	1.0	0.0	0.0	0.0	0.0	0.0	0.0	0.0	0.00.0	0.0	0.0	0.0	0.0	0.0	0.0	0.0	0.0
	5p	+	69	18.0	16.0	10.0	30.0	74.0	0.0	1.0	0.0	1.0	0.0	0.0	0.0	0.0	1.0	0.0	0.0	0.00.0	0.0	0.0	0.0	0.0	0.0	0.0	0.0	0.0
	5p	+	70	22.0	12.0	5.0	30.0	69.0	1.0	0.0	0.0	0.0	0.0	0.0	0.0	0.0	0.0	0.0	0.0	0.00.0	0.0	0.0	0.0	0.0	0.0	0.0	0.0	0.0
	5p	+	71	21.0	11.0	6.0	28.0	66.0	0.0	0.0	0.0	0.0	0.0	0.0	0.0	0.0	0.0	0.0	0.0	0.00.0	0.0	0.0	0.0	0.0	0.0	0.0	0.0	0.0
	5p	+	72	17.0	18.0	14.0	13.0	62.0	0.0	0.0	0.0	0.0	0.0	0.0	0.0	0.0	0.0	0.0	0.0	0.00.0	0.0	0.0	0.0	0.0	0.0	0.0	0.0	0.0
	5p	+	73	19.0	5.0	8.0	24.0	56.0	0.0	1.0	2.0	0.0	0.0	0.0	0.0	0.0	0.0	0.0	0.0	0.00.0	0.0	0.0	0.0	0.0	0.0	0.0	0.0	0.0
	5p	+	74	11.0	11.0	9.0	18.0	49.0	0.0	1.0	0.0	0.0	0.0	0.0	0.0	0.0	0.0	0.0	0.0	0.00.0	0.0	0.0	0.0	0.0	0.0	0.0	0.0	0.0
	5p	+	75	12.0	11.0	6.0	14.0	43.0	0.0	0.0	1.0	0.0	0.0	0.0	0.0	0.0	0.0	0.0	0.0	0.00.0	0.0	0.0	0.0	0.0	0.0	0.0	0.0	0.0
	5p	+	76	9.0	8.0	3.0	14.0	34.0	0.0	1.0	0.0	0.0	0.0	0.0	0.0	0.0	0.0	0.0	0.0	0.00.0	0.0	0.0	0.0	0.0	0.0	0.0	0.0	0.0
	5p	+	77	9.0	7.0	4.0	11.0	31.0	0.0	0.0	0.0	0.0	0.0	0.0	0.0	0.0	0.0	0.0	0.0	0.00.0	0.0	0.0	0.0	0.0	0.0	0.0	0.0	0.0
	5p	+	78	9.0	6.0	5.0	8.0	28.0	0.0	0.0	0.0	0.0	0.0	0.0	0.0	0.0	0.0	0.0	0.0	0.00.0	0.0	0.0	0.0	0.0	0.0	0.0	0.0	0.0
	5p	+	79	5.0	6.0	3.0	12.0	26.0	0.0	0.0	1.0	1.0	0.0	0.0	0.0	0.0	0.0	0.0	0.0	0.00.0	0.0	0.0	0.0	0.0	0.0	0.0	0.0	0.0
	5p	+	80	9.0	4.0	2.0	9.0	24.0	0.0	0.0	0.0	0.0	0.0	0.0	0.0	0.0	0.0	0.0	0.0	0.00.0	0.0	0.0	0.0	0.0	0.0	0.0	0.0	0.0
	5p	+	81	7.0	3.0	5.0	8.0	23.0	1.0	0.0	0.0	1.0	1.0	0.0	0.0	0.0	0.0	0.0	0.0	0.00.0	0.0	0.0	0.0	0.0	0.0	0.0	0.0	0.0
	5p	+	82	7.0	3.0	4.0	5.0	19.0	0.0	0.0	0.0	0.0	0.0	0.0	0.0	0.0	0.0	0.0	0.0	0.00.0	0.0	0.0	0.0	0.0	0.0	0.0	0.0	0.0
	5p	+	83	7.0	1.0	4.0	5.0	17.0	0.0	0.0	0.0	0.0	0.0	0.0	0.0	0.0	0.0	0.0	0.0	0.00.0	0.0	0.0	0.0	0.0	0.0	0.0	0.0	0.0
	5p	+	84	3.0	6.0	5.0	2.0	16.0	0.0	0.0	0.0	0.0	0.0	0.0	0.0	0.0	0.0	0.0	0.0	0.00.0	0.0	0.0	0.0	0.0	0.0	0.0	0.0	0.0
	5p	+	85	5.0	1.0	1.0	6.0	13.0	0.0	0.0	0.0	0.0	0.0	0.0	0.0	0.0	0.0	0.0	0.0	0.00.0	0.0	0.0	0.0	0.0	0.0	0.0	0.0	0.0
	5p	+	86	6.0	1.0	2.0	2.0	11.0	0.0	0.0	1.0	0.0	0.0	0.0	0.0	0.0	0.0	0.0	0.0	0.00.0	0.0	0.0	0.0	0.0	0.0	0.0	0.0	0.0
	5p	+	87	2.0	3.0	1.0	3.0	9.0	0.0	0.0	0.0	0.0	0.0	0.0	0.0	0.0	0.0	0.0	0.0	0.00.0	0.0	0.0	0.0	0.0	0.0	0.0	0.0	0.0
	5p	+	88	2.0	0.0	0.0	2.0	4.0	0.0	0.0	0.0	0.0	0.0	0.0	0.0	0.0	0.0	0.0	0.0	0.00.0	0.0	0.0	0.0	0.0	0.0	0.0	0.0	0.0
	5p	+	89	2.0	0.0	0.0	1.0	3.0	0.0	0.0	0.0	0.0	0.0	0.0	0.0	0.0	0.0	0.0	0.0	0.00.0	0.0	0.0	0.0	0.0	0.0	0.0	0.0	0.0
	5p	+	90	0.0	0.0	0.0	2.0	2.0	0.0	0.0	0.0	0.0	0.0	0.0	0.0	0.0	0.0	0.0	0.0	0.00.0	0.0	0.0	0.0	0.0	0.0	0.0	0.0	0.0
	5p	+	91	0.0	0.0	0.0	2.0	2.0	0.0	0.0	0.0	0.0	0.0	0.0	0.0	0.0	0.0	0.0	0.0	0.00.0	0.0	0.0	0.0	0.0	0.0	0.0	0.0	0.0
	5p	+	92	0.0	0.0	0.0	0.0	0.0	0.0	0.0	0.0	0.0	0.0	0.0	0.0	0.0	0.0	0.0	0.0	0.00.0	0.0	0.0	0.0	0.0	0.0	0.0	0.0	0.0
	5p	+	93	0.0	0.0	0.0	0.0	0.0	0.0	0.0	0.0	0.0	0.0	0.0	0.0	0.0	0.0	0.0	0.0	0.00.0	0.0	0.0	0.0	0.0	0.0	0.0	0.0	0.0
	5p	+	94	0.0	0.0	0.0	0.0	0.0	0.0	0.0	0.0	0.0	0.0	0.0	0.0	0.0	0.0	0.0	0.0	0.00.0	0.0	0.0	0.0	0.0	0.0	0.0	0.0	0.0
	5p	+	95	0.0	0.0	0.0	0.0	0.0	0.0	0.0	0.0	0.0	0.0	0.0	0.0	0.0	0.0	0.0	0.0	0.00.0	0.0	0.0	0.0	0.0	0.0	0.0	0.0	0.0
	5p	+	96	0.0	0.0	0.0	0.0	0.0	0.0	0.0	0.0	0.0	0.0	0.0	0.0	0.0	0.0	0.0	0.0	0.00.0	0.0	0.0	0.0	0.0	0.0	0.0	0.0	0.0
	5p	+	97	0.0	0.0	0.0	0.0	0.0	0.0	0.0	0.0	0.0	0.0	0.0	0.0	0.0	0.0	0.0	0.0	0.00.0	0.0	0.0	0.0	0.0	0.0	0.0	0.0	0.0
	5p	+	98	0.0	0.0	0.0	0.0	0.0	0.0	0.0	0.0	0.0	0.0	0.0	0.0	0.0	0.0	0.0	0.0	0.00.0	0.0	0.0	0.0	0.0	0.0	0.0	0.0	0.0
	5p	+	99	0.0	0.0	0.0	0.0	0.0	0.0	0.0	0.0	0.0	0.0	0.0	0.0	0.0	0.0	0.0	0.0	0.00.0	0.0	0.0	0.0	0.0	0.0	0.0	0.0	0.0
	5p	+	100	0.0	0.0	0.0	0.0	0.0	0.0	0.0	0.0	0.0	0.0	0.0	0.0	0.0	0.0	0.0	0.0	0.00.0	0.0	0.0	0.0	0.0	0.0	0.0	0.0	0.0
	5p	-	1	329.0	189.0	132.0	271.0	921.0	2.0	4.0	3.0	6.0	3.0	3.0	4.0	3.0	4.0	8.0	3.0	1.00.0	0.0	0.0	0.0	0.0	0.0	0.0	0.0	0.0
	5p	-	2	314.0	166.0	155.0	286.0	921.0	4.0	7.0	8.0	2.0	0.0	4.0	3.0	5.0	7.0	5.0	2.0	4.00.0	0.0	0.0	0.0	0.0	0.0	0.0	0.0	0.0
	5p	-	3	295.0	193.0	174.0	259.0	921.0	3.0	3.0	2.0	3.0	5.0	4.0	2.0	3.0	5.0	4.0	2.0	2.00.0	0.0	0.0	0.0	0.0	0.0	0.0	0.0	0.0
	5p	-	4	300.0	177.0	161.0	282.0	920.0	0.0	6.0	0.0	2.0	3.0	3.0	1.0	2.0	4.0	8.0	2.0	3.00.0	0.0	0.0	0.0	0.0	0.0	0.0	0.0	0.0
	5p	-	5	298.0	175.0	166.0	271.0	910.0	6.0	9.0	8.0	2.0	0.0	2.0	1.0	3.0	4.0	1.0	1.0	6.00.0	0.0	0.0	0.0	2.0	0.0	4.0	2.0	0.0
	5p	-	6	287.0	189.0	176.0	257.0	909.0	6.0	3.0	5.0	3.0	2.0	0.0	0.0	2.0	5.0	1.0	1.0	1.00.0	0.0	0.0	0.0	2.0	0.0	4.0	1.0	0.0
	5p	-	7	297.0	168.0	194.0	247.0	906.0	4.0	4.0	7.0	0.0	5.0	1.0	0.0	2.0	1.0	5.0	2.0	3.00.0	0.0	0.0	0.0	2.0	0.0	5.0	5.0	0.0
	5p	-	8	318.0	157.0	167.0	264.0	906.0	3.0	3.0	7.0	3.0	1.0	3.0	1.0	1.0	2.0	0.0	0.0	3.00.0	0.0	0.0	0.0	4.0	0.0	2.0	4.0	0.0
	5p	-	9	305.0	160.0	168.0	276.0	909.0	6.0	1.0	6.0	6.0	2.0	0.0	3.0	4.0	0.0	2.0	3.0	3.00.0	0.0	0.0	0.0	3.0	0.0	3.0	1.0	0.0
	5p	-	10	295.0	170.0	175.0	267.0	907.0	4.0	6.0	2.0	2.0	1.0	3.0	1.0	3.0	4.0	5.0	2.0	3.00.0	0.0	0.0	0.0	2.0	0.0	5.0	3.0	0.0
	5p	-	11	298.0	193.0	150.0	265.0	906.0	4.0	4.0	4.0	7.0	1.0	1.0	1.0	1.0	4.0	3.0	1.0	0.00.0	0.0	0.0	0.0	1.0	0.0	5.0	4.0	0.0
	5p	-	12	295.0	173.0	160.0	278.0	906.0	6.0	4.0	5.0	2.0	4.0	1.0	0.0	0.0	4.0	3.0	4.0	6.00.0	0.0	0.0	0.0	6.0	0.0	5.0	1.0	0.0
	5p	-	13	292.0	179.0	173.0	258.0	902.0	8.0	3.0	3.0	2.0	3.0	0.0	2.0	2.0	3.0	4.0	2.0	0.00.0	0.0	0.0	0.0	6.0	0.0	3.0	8.0	0.0
	5p	-	14	305.0	170.0	156.0	276.0	907.0	3.0	1.0	4.0	5.0	0.0	1.0	2.0	4.0	3.0	1.0	3.0	3.00.0	0.0	0.0	0.0	3.0	0.0	3.0	5.0	0.0
	5p	-	15	288.0	171.0	170.0	273.0	902.0	5.0	0.0	2.0	2.0	0.0	5.0	1.0	2.0	5.0	5.0	2.0	0.00.0	0.0	0.0	0.0	4.0	0.0	7.0	6.0	0.0
	5p	-	16	314.0	158.0	157.0	282.0	911.0	2.0	3.0	2.0	4.0	3.0	2.0	1.0	2.0	4.0	2.0	3.0	0.00.0	0.0	0.0	0.0	3.0	0.0	2.0	2.0	0.0
	5p	-	17	286.0	185.0	177.0	259.0	907.0	5.0	2.0	4.0	3.0	0.0	2.0	1.0	5.0	3.0	2.0	3.0	2.00.0	0.0	0.0	0.0	1.0	0.0	6.0	4.0	0.0
	5p	-	18	286.0	177.0	159.0	284.0	906.0	5.0	2.0	0.0	3.0	3.0	5.0	4.0	3.0	3.0	2.0	1.0	2.00.0	0.0	0.0	0.0	4.0	0.0	6.0	1.0	0.0
	5p	-	19	300.0	176.0	164.0	268.0	908.0	4.0	2.0	2.0	1.0	6.0	4.0	0.0	1.0	1.0	3.0	4.0	2.00.0	0.0	0.0	0.0	1.0	0.0	3.0	3.0	0.0
	5p	-	20	283.0	190.0	159.0	276.0	908.0	3.0	1.0	2.0	1.0	1.0	0.0	0.0	5.0	4.0	4.0	4.0	1.00.0	0.0	0.0	0.0	2.0	0.0	1.0	8.0	0.0
	5p	-	21	284.0	185.0	169.0	271.0	909.0	3.0	3.0	5.0	3.0	2.0	3.0	4.0	5.0	1.0	3.0	1.0	3.00.0	0.0	0.0	0.0	3.0	0.0	5.0	2.0	0.0
	5p	-	22	308.0	161.0	151.0	287.0	907.0	2.0	1.0	5.0	2.0	5.0	3.0	1.0	3.0	2.0	2.0	2.0	1.00.0	0.0	0.0	0.0	3.0	0.0	3.0	6.0	0.0
	5p	-	23	290.0	165.0	172.0	267.0	894.0	7.0	1.0	2.0	7.0	4.0	3.0	1.0	2.0	1.0	6.0	1.0	4.00.0	0.0	0.0	0.0	5.0	0.0	5.0	10.0	0.0
	5p	-	24	293.0	179.0	158.0	271.0	901.0	6.0	1.0	5.0	2.0	4.0	2.0	4.0	2.0	6.0	3.0	0.0	0.00.0	0.0	0.0	0.0	4.0	0.0	5.0	6.0	0.0
	5p	-	25	312.0	161.0	139.0	295.0	907.0	2.0	5.0	2.0	3.0	3.0	5.0	2.0	2.0	2.0	4.0	1.0	3.00.0	0.0	0.0	0.0	7.0	0.0	3.0	2.0	0.0
	5p	-	26	305.0	186.0	167.0	259.0	917.0	3.0	3.0	4.0	5.0	5.0	5.0	1.0	1.0	0.0	3.0	1.0	2.00.0	0.0	0.0	0.0	3.0	0.0	0.0	2.0	0.0
	5p	-	27	326.0	189.0	157.0	249.0	921.0	6.0	5.0	2.0	5.0	5.0	2.0	4.0	3.0	0.0	2.0	2.0	1.00.0	0.0	0.0	0.0	1.0	0.0	0.0	0.0	0.0
	5p	-	28	299.0	201.0	157.0	265.0	922.0	6.0	5.0	4.0	5.0	4.0	3.0	1.0	4.0	4.0	1.0	2.0	4.00.0	0.0	0.0	0.0	0.0	0.0	0.0	0.0	0.0
	5p	-	29	327.0	194.0	115.0	287.0	923.0	6.0	10.0	3.0	5.0	5.0	3.0	2.0	2.0	2.0	1.0	0.0	1.00.0	0.0	0.0	0.0	0.0	0.0	0.0	0.0	0.0
	5p	-	30	370.0	145.0	153.0	255.0	923.0	4.0	4.0	1.0	5.0	3.0	3.0	2.0	1.0	1.0	2.0	2.0	0.00.0	0.0	0.0	0.0	0.0	0.0	0.0	0.0	0.0
	5p	-	31	259.0	138.0	101.0	195.0	693.0	3.0	7.0	0.0	1.0	3.0	2.0	0.0	0.0	0.0	2.0	0.0	1.00.0	0.0	0.0	0.0	0.0	0.0	1.0	0.0	0.0
	5p	-	32	218.0	100.0	98.0	164.0	580.0	2.0	3.0	5.0	1.0	1.0	0.0	0.0	1.0	0.0	1.0	0.0	1.00.0	0.0	0.0	0.0	0.0	0.0	0.0	0.0	0.0
	5p	-	33	182.0	109.0	90.0	150.0	531.0	0.0	1.0	3.0	0.0	0.0	1.0	0.0	0.0	0.0	0.0	1.0	0.00.0	0.0	0.0	0.0	0.0	0.0	0.0	0.0	0.0
	5p	-	34	158.0	95.0	94.0	161.0	508.0	1.0	3.0	1.0	2.0	0.0	1.0	0.0	1.0	0.0	0.0	1.0	0.00.0	0.0	0.0	0.0	1.0	0.0	0.0	0.0	0.0
	5p	-	35	186.0	77.0	82.0	146.0	491.0	1.0	2.0	2.0	0.0	0.0	1.0	1.0	1.0	0.0	0.0	0.0	0.00.0	0.0	0.0	0.0	0.0	0.0	0.0	0.0	0.0
	5p	-	36	159.0	80.0	89.0	141.0	469.0	2.0	0.0	3.0	0.0	0.0	1.0	0.0	0.0	1.0	0.0	0.0	0.00.0	0.0	0.0	0.0	0.0	0.0	0.0	0.0	0.0
	5p	-	37	141.0	84.0	88.0	139.0	452.0	2.0	2.0	2.0	3.0	0.0	1.0	0.0	1.0	0.0	0.0	0.0	1.00.0	0.0	0.0	0.0	0.0	0.0	0.0	0.0	0.0
	5p	-	38	159.0	81.0	65.0	130.0	435.0	0.0	0.0	0.0	1.0	0.0	2.0	0.0	1.0	1.0	0.0	0.0	0.00.0	0.0	0.0	0.0	0.0	0.0	0.0	0.0	0.0
	5p	-	39	141.0	68.0	70.0	137.0	416.0	1.0	2.0	0.0	1.0	0.0	0.0	1.0	0.0	0.0	0.0	0.0	1.00.0	0.0	0.0	0.0	0.0	0.0	0.0	0.0	0.0
	5p	-	40	132.0	61.0	81.0	123.0	397.0	3.0	0.0	1.0	0.0	1.0	0.0	0.0	0.0	0.0	0.0	0.0	0.00.0	0.0	0.0	0.0	1.0	0.0	0.0	0.0	0.0
	5p	-	41	123.0	62.0	72.0	124.0	381.0	0.0	1.0	2.0	3.0	0.0	0.0	0.0	0.0	0.0	0.0	0.0	2.00.0	0.0	0.0	0.0	0.0	0.0	1.0	0.0	0.0
	5p	-	42	120.0	66.0	68.0	114.0	368.0	4.0	2.0	0.0	2.0	0.0	1.0	0.0	0.0	0.0	0.0	0.0	2.00.0	0.0	0.0	0.0	0.0	0.0	0.0	0.0	0.0
	5p	-	43	133.0	57.0	51.0	109.0	350.0	1.0	0.0	2.0	1.0	0.0	0.0	0.0	1.0	0.0	2.0	0.0	2.00.0	0.0	0.0	0.0	0.0	0.0	0.0	1.0	0.0
	5p	-	44	122.0	55.0	53.0	102.0	332.0	2.0	0.0	3.0	0.0	0.0	0.0	1.0	1.0	1.0	0.0	0.0	0.00.0	0.0	0.0	0.0	0.0	0.0	0.0	0.0	0.0
	5p	-	45	105.0	65.0	58.0	91.0	319.0	0.0	3.0	0.0	0.0	0.0	1.0	0.0	0.0	0.0	0.0	0.0	0.00.0	0.0	0.0	0.0	0.0	0.0	0.0	0.0	0.0
	5p	-	46	87.0	67.0	47.0	100.0	301.0	0.0	3.0	0.0	0.0	1.0	0.0	0.0	1.0	0.0	0.0	1.0	0.00.0	0.0	0.0	0.0	0.0	0.0	0.0	0.0	0.0
	5p	-	47	115.0	53.0	33.0	85.0	286.0	0.0	2.0	1.0	0.0	0.0	0.0	0.0	0.0	1.0	1.0	0.0	1.00.0	0.0	0.0	0.0	0.0	0.0	0.0	0.0	0.0
	5p	-	48	78.0	51.0	35.0	100.0	264.0	1.0	0.0	0.0	0.0	0.0	0.0	0.0	0.0	0.0	0.0	0.0	0.00.0	0.0	0.0	0.0	1.0	0.0	0.0	0.0	0.0
	5p	-	49	84.0	50.0	27.0	84.0	245.0	0.0	0.0	1.0	1.0	0.0	1.0	0.0	1.0	1.0	0.0	0.0	0.00.0	0.0	0.0	0.0	0.0	0.0	0.0	0.0	0.0
	5p	-	50	74.0	39.0	40.0	81.0	234.0	0.0	0.0	1.0	1.0	0.0	1.0	0.0	0.0	0.0	1.0	0.0	0.00.0	0.0	0.0	0.0	0.0	0.0	0.0	0.0	0.0
	5p	-	51	69.0	55.0	46.0	51.0	221.0	1.0	0.0	2.0	0.0	0.0	0.0	0.0	0.0	0.0	0.0	0.0	0.00.0	0.0	0.0	0.0	0.0	0.0	0.0	0.0	0.0
	5p	-	52	73.0	42.0	32.0	65.0	212.0	0.0	1.0	1.0	1.0	0.0	0.0	0.0	0.0	0.0	1.0	0.0	0.00.0	0.0	0.0	0.0	0.0	0.0	0.0	0.0	0.0
	5p	-	53	70.0	38.0	34.0	56.0	198.0	1.0	1.0	0.0	0.0	0.0	1.0	0.0	0.0	0.0	0.0	0.0	0.00.0	0.0	0.0	0.0	0.0	0.0	0.0	0.0	0.0
	5p	-	54	63.0	35.0	27.0	63.0	188.0	2.0	0.0	1.0	0.0	0.0	0.0	0.0	1.0	0.0	0.0	0.0	0.00.0	0.0	0.0	0.0	0.0	0.0	0.0	0.0	0.0
	5p	-	55	66.0	30.0	33.0	51.0	180.0	0.0	1.0	1.0	0.0	0.0	0.0	0.0	0.0	0.0	0.0	0.0	1.00.0	0.0	0.0	0.0	0.0	0.0	0.0	0.0	0.0
	5p	-	56	52.0	42.0	23.0	53.0	170.0	1.0	2.0	3.0	0.0	1.0	0.0	0.0	0.0	0.0	0.0	0.0	0.00.0	0.0	0.0	0.0	0.0	0.0	0.0	0.0	0.0
	5p	-	57	54.0	31.0	26.0	52.0	163.0	0.0	0.0	0.0	2.0	0.0	0.0	1.0	0.0	0.0	0.0	0.0	0.00.0	0.0	0.0	0.0	0.0	0.0	0.0	0.0	0.0
	5p	-	58	45.0	31.0	32.0	50.0	158.0	0.0	0.0	0.0	0.0	0.0	0.0	0.0	0.0	1.0	0.0	0.0	1.00.0	0.0	0.0	0.0	0.0	0.0	0.0	0.0	0.0
	5p	-	59	58.0	24.0	30.0	39.0	151.0	0.0	1.0	0.0	1.0	0.0	0.0	0.0	1.0	0.0	0.0	0.0	0.00.0	0.0	0.0	0.0	0.0	0.0	0.0	0.0	0.0
	5p	-	60	36.0	26.0	26.0	55.0	143.0	0.0	1.0	0.0	1.0	0.0	0.0	0.0	0.0	0.0	0.0	0.0	0.00.0	0.0	0.0	0.0	0.0	0.0	0.0	0.0	0.0
	5p	-	61	50.0	21.0	16.0	43.0	130.0	0.0	1.0	0.0	0.0	0.0	0.0	0.0	0.0	0.0	0.0	0.0	0.00.0	0.0	0.0	0.0	0.0	0.0	0.0	0.0	0.0
	5p	-	62	44.0	18.0	21.0	42.0	125.0	1.0	1.0	0.0	2.0	0.0	0.0	0.0	0.0	0.0	0.0	0.0	0.00.0	0.0	0.0	0.0	0.0	0.0	0.0	0.0	0.0
	5p	-	63	43.0	18.0	23.0	34.0	118.0	1.0	2.0	0.0	0.0	0.0	0.0	0.0	0.0	0.0	0.0	0.0	1.00.0	0.0	0.0	0.0	0.0	0.0	0.0	0.0	0.0
	5p	-	64	46.0	17.0	22.0	27.0	112.0	0.0	0.0	0.0	0.0	0.0	0.0	0.0	0.0	0.0	0.0	0.0	0.00.0	0.0	0.0	0.0	0.0	0.0	0.0	0.0	0.0
	5p	-	65	42.0	20.0	14.0	27.0	103.0	2.0	1.0	1.0	0.0	0.0	0.0	0.0	0.0	0.0	0.0	0.0	0.00.0	0.0	0.0	0.0	0.0	0.0	0.0	0.0	0.0
	5p	-	66	39.0	14.0	20.0	26.0	99.0	0.0	2.0	0.0	0.0	0.0	0.0	0.0	0.0	0.0	0.0	0.0	0.00.0	0.0	0.0	0.0	0.0	0.0	0.0	0.0	0.0
	5p	-	67	28.0	21.0	18.0	25.0	92.0	0.0	0.0	0.0	0.0	0.0	0.0	0.0	0.0	0.0	0.0	0.0	0.00.0	0.0	0.0	0.0	0.0	0.0	0.0	0.0	0.0
	5p	-	68	21.0	21.0	12.0	31.0	85.0	0.0	0.0	1.0	0.0	1.0	0.0	0.0	0.0	0.0	0.0	0.0	0.00.0	0.0	0.0	0.0	0.0	0.0	0.0	0.0	0.0
	5p	-	69	20.0	16.0	10.0	29.0	75.0	0.0	0.0	0.0	0.0	0.0	0.0	0.0	0.0	0.0	0.0	0.0	1.00.0	0.0	0.0	0.0	0.0	0.0	0.0	0.0	0.0
	5p	-	70	21.0	11.0	13.0	27.0	72.0	0.0	0.0	0.0	0.0	1.0	0.0	0.0	0.0	0.0	0.0	0.0	0.00.0	0.0	0.0	0.0	0.0	0.0	0.0	0.0	0.0
	5p	-	71	24.0	9.0	9.0	22.0	64.0	1.0	0.0	0.0	0.0	0.0	0.0	0.0	0.0	0.0	0.0	0.0	0.00.0	0.0	0.0	0.0	0.0	0.0	0.0	0.0	0.0
	5p	-	72	18.0	9.0	10.0	25.0	62.0	0.0	0.0	0.0	1.0	1.0	0.0	0.0	0.0	0.0	1.0	0.0	0.00.0	0.0	0.0	0.0	0.0	0.0	0.0	0.0	0.0
	5p	-	73	18.0	10.0	10.0	17.0	55.0	0.0	0.0	0.0	0.0	0.0	0.0	0.0	0.0	0.0	0.0	0.0	0.00.0	0.0	0.0	0.0	0.0	0.0	0.0	0.0	0.0
	5p	-	74	18.0	16.0	5.0	13.0	52.0	0.0	0.0	0.0	0.0	0.0	0.0	0.0	0.0	0.0	0.0	0.0	0.00.0	0.0	0.0	0.0	0.0	0.0	0.0	0.0	0.0
	5p	-	75	17.0	9.0	10.0	15.0	51.0	0.0	0.0	0.0	0.0	0.0	1.0	0.0	0.0	0.0	0.0	0.0	0.00.0	0.0	0.0	0.0	0.0	0.0	0.0	0.0	0.0
	5p	-	76	11.0	10.0	3.0	22.0	46.0	0.0	0.0	0.0	1.0	0.0	0.0	0.0	0.0	0.0	0.0	1.0	0.00.0	0.0	0.0	0.0	0.0	0.0	0.0	0.0	0.0
	5p	-	77	17.0	4.0	6.0	14.0	41.0	1.0	0.0	0.0	0.0	0.0	0.0	0.0	0.0	0.0	0.0	0.0	0.00.0	0.0	0.0	0.0	0.0	0.0	0.0	0.0	0.0
	5p	-	78	11.0	7.0	5.0	17.0	40.0	1.0	1.0	0.0	0.0	0.0	0.0	0.0	0.0	0.0	0.0	0.0	0.00.0	0.0	0.0	0.0	0.0	0.0	0.0	0.0	0.0
	5p	-	79	7.0	6.0	9.0	12.0	34.0	0.0	0.0	0.0	1.0	0.0	0.0	0.0	0.0	0.0	0.0	0.0	0.00.0	0.0	0.0	0.0	0.0	0.0	0.0	0.0	0.0
	5p	-	80	10.0	7.0	7.0	9.0	33.0	1.0	0.0	0.0	0.0	1.0	0.0	0.0	1.0	0.0	0.0	0.0	0.00.0	0.0	0.0	0.0	0.0	0.0	0.0	0.0	0.0
	5p	-	81	7.0	7.0	6.0	9.0	29.0	0.0	1.0	0.0	0.0	0.0	0.0	0.0	0.0	0.0	0.0	0.0	0.00.0	0.0	0.0	0.0	0.0	0.0	0.0	0.0	0.0
	5p	-	82	12.0	8.0	2.0	5.0	27.0	0.0	0.0	1.0	0.0	0.0	0.0	0.0	0.0	0.0	0.0	0.0	0.00.0	0.0	0.0	0.0	0.0	0.0	0.0	0.0	0.0
	5p	-	83	7.0	5.0	7.0	5.0	24.0	1.0	0.0	0.0	0.0	0.0	0.0	0.0	0.0	0.0	0.0	0.0	0.00.0	0.0	0.0	0.0	0.0	0.0	0.0	0.0	0.0
	5p	-	84	9.0	4.0	1.0	7.0	21.0	0.0	0.0	0.0	0.0	0.0	0.0	0.0	0.0	0.0	0.0	0.0	0.00.0	0.0	0.0	0.0	0.0	0.0	0.0	0.0	0.0
	5p	-	85	2.0	3.0	4.0	7.0	16.0	0.0	0.0	0.0	1.0	0.0	0.0	0.0	0.0	0.0	0.0	0.0	0.00.0	0.0	0.0	0.0	0.0	0.0	0.0	0.0	0.0
	5p	-	86	6.0	0.0	3.0	6.0	15.0	0.0	0.0	0.0	0.0	0.0	0.0	0.0	0.0	0.0	0.0	0.0	0.00.0	0.0	0.0	0.0	0.0	0.0	0.0	0.0	0.0
	5p	-	87	6.0	2.0	3.0	1.0	12.0	0.0	0.0	0.0	0.0	0.0	0.0	0.0	0.0	0.0	0.0	0.0	0.00.0	0.0	0.0	0.0	0.0	0.0	0.0	0.0	0.0
	5p	-	88	3.0	1.0	2.0	3.0	9.0	0.0	0.0	0.0	0.0	0.0	0.0	0.0	0.0	0.0	0.0	0.0	0.00.0	0.0	0.0	0.0	0.0	0.0	0.0	0.0	0.0
	5p	-	89	3.0	0.0	1.0	3.0	7.0	0.0	0.0	0.0	0.0	0.0	0.0	0.0	0.0	0.0	0.0	0.0	0.00.0	0.0	0.0	0.0	0.0	0.0	0.0	0.0	0.0
	5p	-	90	0.0	1.0	1.0	0.0	2.0	0.0	0.0	0.0	0.0	0.0	0.0	0.0	0.0	0.0	0.0	0.0	0.00.0	0.0	0.0	0.0	0.0	0.0	0.0	0.0	0.0
	5p	-	91	0.0	0.0	0.0	0.0	0.0	0.0	0.0	0.0	0.0	0.0	0.0	0.0	0.0	0.0	0.0	0.0	0.00.0	0.0	0.0	0.0	0.0	0.0	0.0	0.0	0.0
	5p	-	92	0.0	0.0	0.0	0.0	0.0	0.0	0.0	0.0	0.0	0.0	0.0	0.0	0.0	0.0	0.0	0.0	0.00.0	0.0	0.0	0.0	0.0	0.0	0.0	0.0	0.0
	5p	-	93	0.0	0.0	0.0	0.0	0.0	0.0	0.0	0.0	0.0	0.0	0.0	0.0	0.0	0.0	0.0	0.0	0.00.0	0.0	0.0	0.0	0.0	0.0	0.0	0.0	0.0
	5p	-	94	0.0	0.0	0.0	0.0	0.0	0.0	0.0	0.0	0.0	0.0	0.0	0.0	0.0	0.0	0.0	0.0	0.00.0	0.0	0.0	0.0	0.0	0.0	0.0	0.0	0.0
	5p	-	95	0.0	0.0	0.0	0.0	0.0	0.0	0.0	0.0	0.0	0.0	0.0	0.0	0.0	0.0	0.0	0.0	0.00.0	0.0	0.0	0.0	0.0	0.0	0.0	0.0	0.0
	5p	-	96	0.0	0.0	0.0	0.0	0.0	0.0	0.0	0.0	0.0	0.0	0.0	0.0	0.0	0.0	0.0	0.0	0.00.0	0.0	0.0	0.0	0.0	0.0	0.0	0.0	0.0
	5p	-	97	0.0	0.0	0.0	0.0	0.0	0.0	0.0	0.0	0.0	0.0	0.0	0.0	0.0	0.0	0.0	0.0	0.00.0	0.0	0.0	0.0	0.0	0.0	0.0	0.0	0.0
	5p	-	98	0.0	0.0	0.0	0.0	0.0	0.0	0.0	0.0	0.0	0.0	0.0	0.0	0.0	0.0	0.0	0.0	0.00.0	0.0	0.0	0.0	0.0	0.0	0.0	0.0	0.0
	5p	-	99	0.0	0.0	0.0	0.0	0.0	0.0	0.0	0.0	0.0	0.0	0.0	0.0	0.0	0.0	0.0	0.0	0.00.0	0.0	0.0	0.0	0.0	0.0	0.0	0.0	0.0
	5p	-	100	0.0	0.0	0.0	0.0	0.0	0.0	0.0	0.0	0.0	0.0	0.0	0.0	0.0	0.0	0.0	0.0	0.00.0	0.0	0.0	0.0	0.0	0.0	0.0	0.0	0.0
