# table produced by DamageProfiler
# using mapped file PcA009.ReedbuckBh_Human_nc.Target.rmdup.noMicro.bam
# Sample ID: PcA009.ReedbuckBh_Human_nc.Target.rmdup.noMicro.bam
Chr	End	Std	Pos	A	C	G	T	Total
	3p	+	1	100	40	42	47	229
	3p	+	2	81	56	45	47	229
	3p	+	3	77	58	45	49	229
	3p	+	4	73	48	57	51	229
	3p	+	5	79	44	45	61	229
	3p	+	6	92	44	37	56	229
	3p	+	7	76	59	46	48	229
	3p	+	8	81	47	48	53	229
	3p	+	9	85	44	48	52	229
	3p	+	10	75	50	49	55	229
	3p	+	11	84	38	42	65	229
	3p	+	12	74	44	47	64	229
	3p	+	13	60	54	51	64	229
	3p	+	14	62	47	46	74	229
	3p	+	15	73	45	48	63	229
	3p	+	16	75	56	46	52	229
	3p	+	17	73	45	44	67	229
	3p	+	18	67	60	49	53	229
	3p	+	19	81	52	40	56	229
	3p	+	20	79	49	43	58	229
	3p	+	21	78	46	55	50	229
	3p	+	22	72	55	38	64	229
	3p	+	23	71	51	47	60	229
	3p	+	24	71	49	52	57	229
	3p	+	25	75	63	38	53	229
	3p	+	26	71	47	48	63	229
	3p	+	27	76	46	52	55	229
	3p	+	28	76	78	27	48	229
	3p	+	29	63	47	53	66	229
	3p	+	30	66	52	47	64	229
	3p	+	31	48	40	35	41	164
	3p	+	32	31	23	31	48	133
	3p	+	33	39	28	20	35	122
	3p	+	34	43	21	19	28	111
	3p	+	35	30	22	29	25	106
	3p	+	36	34	22	23	24	103
	3p	+	37	28	17	23	29	97
	3p	+	38	29	24	13	27	93
	3p	+	39	25	29	11	24	89
	3p	+	40	27	20	20	18	85
	3p	+	41	22	18	15	24	79
	3p	+	42	25	15	10	23	73
	3p	+	43	20	14	17	16	67
	3p	+	44	22	9	11	21	63
	3p	+	45	19	10	16	15	60
	3p	+	46	17	13	10	16	56
	3p	+	47	14	9	7	23	53
	3p	+	48	12	10	7	22	51
	3p	+	49	17	10	5	15	47
	3p	+	50	14	10	6	14	44
	3p	+	51	9	9	12	13	43
	3p	+	52	10	10	10	9	39
	3p	+	53	11	4	10	12	37
	3p	+	54	11	7	8	10	36
	3p	+	55	11	5	5	11	32
	3p	+	56	11	9	3	8	31
	3p	+	57	10	6	5	8	29
	3p	+	58	6	8	5	10	29
	3p	+	59	6	10	1	11	28
	3p	+	60	10	6	4	4	24
	3p	+	61	7	8	3	6	24
	3p	+	62	9	3	1	10	23
	3p	+	63	7	6	4	6	23
	3p	+	64	7	5	2	4	18
	3p	+	65	2	4	5	6	17
	3p	+	66	3	5	5	3	16
	3p	+	67	6	2	2	6	16
	3p	+	68	3	5	2	6	16
	3p	+	69	4	4	5	2	15
	3p	+	70	2	4	5	2	13
	3p	+	71	2	2	2	6	12
	3p	+	72	1	4	1	4	10
	3p	+	73	2	2	2	3	9
	3p	+	74	2	2	2	3	9
	3p	+	75	2	2	1	3	8
	3p	+	76	4	2	1	0	7
	3p	+	77	3	1	0	2	6
	3p	+	78	0	0	3	3	6
	3p	+	79	1	1	2	1	5
	3p	+	80	1	1	1	2	5
	3p	+	81	3	2	0	0	5
	3p	+	82	1	1	1	2	5
	3p	+	83	2	0	1	2	5
	3p	+	84	1	1	0	3	5
	3p	+	85	1	3	0	1	5
	3p	+	86	1	1	1	2	5
	3p	+	87	1	0	0	2	3
	3p	+	88	0	1	1	1	3
	3p	+	89	0	0	1	1	2
	3p	+	90	1	1	0	0	2
	3p	+	91	0	1	0	1	2
	3p	+	92	0	1	0	1	2
	3p	+	93	1	1	0	0	2
	3p	+	94	1	1	0	0	2
	3p	+	95	0	1	0	1	2
	3p	+	96	1	0	1	0	2
	3p	+	97	2	0	0	0	2
	3p	+	98	1	1	0	0	2
	3p	+	99	0	0	0	1	1
	3p	+	100	1	0	0	0	1
	3p	-	1	85	46	43	47	221
	3p	-	2	80	61	44	36	221
	3p	-	3	73	58	51	39	221
	3p	-	4	79	40	53	49	221
	3p	-	5	74	48	52	47	221
	3p	-	6	87	41	38	55	221
	3p	-	7	74	44	46	57	221
	3p	-	8	89	37	39	56	221
	3p	-	9	88	37	43	53	221
	3p	-	10	64	44	53	60	221
	3p	-	11	70	52	51	48	221
	3p	-	12	79	50	49	43	221
	3p	-	13	60	54	49	58	221
	3p	-	14	63	50	51	57	221
	3p	-	15	70	54	51	46	221
	3p	-	16	78	38	50	55	221
	3p	-	17	60	52	48	61	221
	3p	-	18	67	54	41	59	221
	3p	-	19	75	46	43	57	221
	3p	-	20	71	49	50	51	221
	3p	-	21	58	54	42	67	221
	3p	-	22	70	45	58	48	221
	3p	-	23	75	55	32	59	221
	3p	-	24	59	71	47	44	221
	3p	-	25	60	50	49	62	221
	3p	-	26	66	58	32	65	221
	3p	-	27	62	50	51	58	221
	3p	-	28	74	59	34	54	221
	3p	-	29	69	63	33	56	221
	3p	-	30	57	61	48	55	221
	3p	-	31	46	39	37	42	164
	3p	-	32	51	16	23	49	139
	3p	-	33	54	26	22	25	127
	3p	-	34	40	27	24	19	110
	3p	-	35	32	20	22	19	93
	3p	-	36	23	19	19	25	86
	3p	-	37	18	14	19	29	80
	3p	-	38	22	17	16	16	71
	3p	-	39	16	14	14	19	63
	3p	-	40	10	14	13	22	59
	3p	-	41	16	6	11	24	57
	3p	-	42	12	10	13	17	52
	3p	-	43	8	11	9	16	44
	3p	-	44	7	11	6	17	41
	3p	-	45	13	4	6	14	37
	3p	-	46	10	7	7	13	37
	3p	-	47	9	9	6	10	34
	3p	-	48	9	8	5	10	32
	3p	-	49	10	8	2	11	31
	3p	-	50	6	5	7	8	26
	3p	-	51	7	6	3	9	25
	3p	-	52	8	3	7	6	24
	3p	-	53	5	7	3	8	23
	3p	-	54	5	6	5	7	23
	3p	-	55	7	2	4	8	21
	3p	-	56	5	6	5	4	20
	3p	-	57	8	2	4	5	19
	3p	-	58	2	7	3	6	18
	3p	-	59	4	5	4	5	18
	3p	-	60	9	2	2	5	18
	3p	-	61	5	3	2	7	17
	3p	-	62	5	4	4	2	15
	3p	-	63	4	1	5	4	14
	3p	-	64	2	2	2	5	11
	3p	-	65	2	2	0	7	11
	3p	-	66	3	4	1	3	11
	3p	-	67	2	4	1	3	10
	3p	-	68	1	3	3	3	10
	3p	-	69	3	3	1	3	10
	3p	-	70	3	1	2	2	8
	3p	-	71	3	2	0	3	8
	3p	-	72	3	2	1	2	8
	3p	-	73	2	1	3	2	8
	3p	-	74	2	2	1	3	8
	3p	-	75	0	4	1	3	8
	3p	-	76	2	0	4	2	8
	3p	-	77	3	1	3	1	8
	3p	-	78	2	0	3	2	7
	3p	-	79	2	1	1	2	6
	3p	-	80	2	1	1	2	6
	3p	-	81	1	0	2	3	6
	3p	-	82	2	2	0	2	6
	3p	-	83	1	3	2	0	6
	3p	-	84	1	1	2	2	6
	3p	-	85	1	2	0	2	5
	3p	-	86	1	1	1	2	5
	3p	-	87	1	0	1	3	5
	3p	-	88	1	1	2	1	5
	3p	-	89	0	1	0	4	5
	3p	-	90	1	0	0	3	4
	3p	-	91	1	2	1	0	4
	3p	-	92	1	3	0	0	4
	3p	-	93	0	1	0	1	2
	3p	-	94	1	0	0	1	2
	3p	-	95	0	0	2	0	2
	3p	-	96	1	0	1	0	2
	3p	-	97	0	0	2	0	2
	3p	-	98	2	0	0	0	2
	3p	-	99	0	0	0	0	0
	3p	-	100	0	0	0	0	0
	5p	+	1	72	46	46	65	229
	5p	+	2	79	48	42	60	229
	5p	+	3	66	74	38	51	229
	5p	+	4	64	61	57	47	229
	5p	+	5	68	54	55	52	229
	5p	+	6	62	59	46	62	229
	5p	+	7	69	51	54	55	229
	5p	+	8	79	52	36	62	229
	5p	+	9	73	49	39	68	229
	5p	+	10	68	52	50	59	229
	5p	+	11	76	51	40	62	229
	5p	+	12	72	53	42	62	229
	5p	+	13	72	51	54	52	229
	5p	+	14	80	46	42	61	229
	5p	+	15	73	51	42	63	229
	5p	+	16	75	50	38	66	229
	5p	+	17	71	52	40	66	229
	5p	+	18	68	47	43	71	229
	5p	+	19	68	47	52	62	229
	5p	+	20	69	47	47	66	229
	5p	+	21	74	44	46	65	229
	5p	+	22	97	38	44	50	229
	5p	+	23	61	52	62	54	229
	5p	+	24	74	51	46	58	229
	5p	+	25	73	45	53	58	229
	5p	+	26	74	41	54	60	229
	5p	+	27	72	60	44	53	229
	5p	+	28	68	58	49	54	229
	5p	+	29	71	51	40	67	229
	5p	+	30	78	47	56	48	229
	5p	+	31	63	36	26	39	164
	5p	+	32	50	28	22	33	133
	5p	+	33	37	24	21	40	122
	5p	+	34	34	18	27	32	111
	5p	+	35	38	24	18	26	106
	5p	+	36	38	23	17	25	103
	5p	+	37	33	22	19	23	97
	5p	+	38	31	28	14	20	93
	5p	+	39	30	19	14	26	89
	5p	+	40	28	17	13	27	85
	5p	+	41	27	19	19	14	79
	5p	+	42	25	14	16	18	73
	5p	+	43	24	12	10	21	67
	5p	+	44	21	18	11	13	63
	5p	+	45	20	17	5	18	60
	5p	+	46	21	9	4	22	56
	5p	+	47	12	9	18	14	53
	5p	+	48	20	10	10	11	51
	5p	+	49	14	12	10	11	47
	5p	+	50	9	6	9	20	44
	5p	+	51	13	12	4	14	43
	5p	+	52	14	9	7	9	39
	5p	+	53	17	6	3	11	37
	5p	+	54	15	10	8	3	36
	5p	+	55	14	6	3	9	32
	5p	+	56	12	6	6	7	31
	5p	+	57	5	5	10	9	29
	5p	+	58	6	10	5	8	29
	5p	+	59	13	2	6	7	28
	5p	+	60	5	2	8	9	24
	5p	+	61	6	4	8	6	24
	5p	+	62	8	5	5	5	23
	5p	+	63	9	4	4	6	23
	5p	+	64	8	3	5	2	18
	5p	+	65	8	2	4	3	17
	5p	+	66	1	5	6	4	16
	5p	+	67	6	4	2	4	16
	5p	+	68	7	4	2	3	16
	5p	+	69	3	2	5	5	15
	5p	+	70	6	2	1	4	13
	5p	+	71	5	0	2	5	12
	5p	+	72	3	2	2	3	10
	5p	+	73	3	2	2	2	9
	5p	+	74	3	3	2	1	9
	5p	+	75	2	1	1	4	8
	5p	+	76	2	2	1	2	7
	5p	+	77	2	2	1	1	6
	5p	+	78	3	1	1	1	6
	5p	+	79	0	2	1	2	5
	5p	+	80	0	3	1	1	5
	5p	+	81	0	3	1	1	5
	5p	+	82	0	3	1	1	5
	5p	+	83	2	1	0	2	5
	5p	+	84	2	2	0	1	5
	5p	+	85	0	0	1	4	5
	5p	+	86	2	1	1	1	5
	5p	+	87	1	0	1	1	3
	5p	+	88	0	2	0	1	3
	5p	+	89	1	1	0	0	2
	5p	+	90	1	0	0	1	2
	5p	+	91	1	0	1	0	2
	5p	+	92	1	1	0	0	2
	5p	+	93	2	0	0	0	2
	5p	+	94	0	0	1	1	2
	5p	+	95	1	1	0	0	2
	5p	+	96	1	0	1	0	2
	5p	+	97	1	0	1	0	2
	5p	+	98	0	2	0	0	2
	5p	+	99	0	0	0	1	1
	5p	+	100	1	0	0	0	1
	5p	-	1	60	48	52	61	221
	5p	-	2	60	57	46	58	221
	5p	-	3	76	64	33	48	221
	5p	-	4	66	60	46	49	221
	5p	-	5	69	51	46	55	221
	5p	-	6	58	55	49	59	221
	5p	-	7	65	68	44	44	221
	5p	-	8	72	47	44	58	221
	5p	-	9	67	45	47	62	221
	5p	-	10	74	61	43	43	221
	5p	-	11	70	55	36	60	221
	5p	-	12	71	42	53	55	221
	5p	-	13	71	51	40	59	221
	5p	-	14	64	59	34	64	221
	5p	-	15	56	58	46	61	221
	5p	-	16	72	52	40	57	221
	5p	-	17	68	51	53	49	221
	5p	-	18	69	47	49	56	221
	5p	-	19	63	58	36	64	221
	5p	-	20	54	45	57	65	221
	5p	-	21	65	45	50	61	221
	5p	-	22	68	47	42	64	221
	5p	-	23	86	41	48	46	221
	5p	-	24	74	46	43	58	221
	5p	-	25	72	45	51	53	221
	5p	-	26	77	42	55	47	221
	5p	-	27	75	44	52	50	221
	5p	-	28	75	44	53	49	221
	5p	-	29	84	43	53	41	221
	5p	-	30	64	55	50	52	221
	5p	-	31	66	42	21	35	164
	5p	-	32	45	33	29	32	139
	5p	-	33	40	24	28	35	127
	5p	-	34	33	22	21	34	110
	5p	-	35	27	19	27	20	93
	5p	-	36	31	16	16	23	86
	5p	-	37	26	22	12	20	80
	5p	-	38	26	13	18	14	71
	5p	-	39	19	12	15	17	63
	5p	-	40	16	15	12	16	59
	5p	-	41	22	9	8	18	57
	5p	-	42	14	11	11	16	52
	5p	-	43	16	9	4	15	44
	5p	-	44	17	5	9	10	41
	5p	-	45	13	5	7	12	37
	5p	-	46	9	9	6	13	37
	5p	-	47	10	7	5	12	34
	5p	-	48	11	6	2	13	32
	5p	-	49	13	4	6	8	31
	5p	-	50	4	3	6	13	26
	5p	-	51	9	7	5	4	25
	5p	-	52	6	7	3	8	24
	5p	-	53	9	7	1	6	23
	5p	-	54	6	7	1	9	23
	5p	-	55	9	0	6	6	21
	5p	-	56	4	3	9	4	20
	5p	-	57	9	2	7	1	19
	5p	-	58	6	3	6	3	18
	5p	-	59	7	4	4	3	18
	5p	-	60	3	5	4	6	18
	5p	-	61	2	4	5	6	17
	5p	-	62	5	4	1	5	15
	5p	-	63	8	2	1	3	14
	5p	-	64	6	2	1	2	11
	5p	-	65	6	2	1	2	11
	5p	-	66	5	1	0	5	11
	5p	-	67	3	4	1	2	10
	5p	-	68	0	5	4	1	10
	5p	-	69	2	1	2	5	10
	5p	-	70	4	2	1	1	8
	5p	-	71	2	2	0	4	8
	5p	-	72	2	2	1	3	8
	5p	-	73	2	1	2	3	8
	5p	-	74	4	1	2	1	8
	5p	-	75	2	1	1	4	8
	5p	-	76	1	1	1	5	8
	5p	-	77	1	3	2	2	8
	5p	-	78	3	0	2	2	7
	5p	-	79	1	2	2	1	6
	5p	-	80	4	1	0	1	6
	5p	-	81	1	1	3	1	6
	5p	-	82	1	1	1	3	6
	5p	-	83	2	0	2	2	6
	5p	-	84	3	0	1	2	6
	5p	-	85	3	0	0	2	5
	5p	-	86	0	2	1	2	5
	5p	-	87	2	1	1	1	5
	5p	-	88	0	0	3	2	5
	5p	-	89	1	2	0	2	5
	5p	-	90	1	2	0	1	4
	5p	-	91	2	1	0	1	4
	5p	-	92	1	0	1	2	4
	5p	-	93	0	1	1	0	2
	5p	-	94	1	0	1	0	2
	5p	-	95	0	1	0	1	2
	5p	-	96	2	0	0	0	2
	5p	-	97	1	0	1	0	2
	5p	-	98	0	0	1	1	2
	5p	-	99	0	0	0	0	0
	5p	-	100	0	0	0	0	0
