# table produced by DamageProfiler
# using mapped file PcA005.ReedbuckBh_Human_nc.Target.rmdup.noMicro_BEST_011.bam
# Sample ID: PcA005.ReedbuckBh_Human_nc.Target.rmdup.noMicro_BEST_011.bam
Chr	End	Std	Pos	A	C	G	T	Total
	3p	+	1	12	61	74	16	163
	3p	+	2	19	60	71	13	163
	3p	+	3	16	67	66	14	163
	3p	+	4	12	50	83	18	163
	3p	+	5	23	58	69	13	163
	3p	+	6	19	73	61	10	163
	3p	+	7	11	67	77	8	163
	3p	+	8	15	60	71	17	163
	3p	+	9	17	62	72	12	163
	3p	+	10	10	72	69	12	163
	3p	+	11	16	63	71	13	163
	3p	+	12	13	71	67	12	163
	3p	+	13	12	69	70	12	163
	3p	+	14	15	59	64	25	163
	3p	+	15	18	70	65	10	163
	3p	+	16	11	65	76	11	163
	3p	+	17	11	57	78	17	163
	3p	+	18	15	66	67	15	163
	3p	+	19	18	71	68	6	163
	3p	+	20	21	59	74	9	163
	3p	+	21	14	60	75	14	163
	3p	+	22	14	68	71	10	163
	3p	+	23	11	66	68	18	163
	3p	+	24	15	67	61	20	163
	3p	+	25	14	66	73	10	163
	3p	+	26	21	59	61	22	163
	3p	+	27	12	73	60	18	163
	3p	+	28	13	71	65	14	163
	3p	+	29	14	67	63	19	163
	3p	+	30	21	73	59	10	163
	3p	+	31	9	34	37	1	81
	3p	+	32	5	12	14	3	34
	3p	+	33	1	7	9	7	24
	3p	+	34	0	4	10	1	15
	3p	+	35	3	3	3	2	11
	3p	+	36	0	4	3	1	8
	3p	+	37	3	3	1	0	7
	3p	+	38	1	3	1	1	6
	3p	+	39	2	3	1	0	6
	3p	+	40	1	3	0	2	6
	3p	+	41	1	2	0	3	6
	3p	+	42	0	1	0	4	5
	3p	+	43	2	1	1	1	5
	3p	+	44	1	3	0	1	5
	3p	+	45	3	1	0	1	5
	3p	+	46	1	2	2	0	5
	3p	+	47	2	0	1	2	5
	3p	+	48	2	1	1	1	5
	3p	+	49	1	0	3	1	5
	3p	+	50	1	2	0	2	5
	3p	+	51	3	1	1	0	5
	3p	+	52	2	1	0	2	5
	3p	+	53	1	1	1	2	5
	3p	+	54	1	2	0	2	5
	3p	+	55	3	1	1	0	5
	3p	+	56	3	0	0	1	4
	3p	+	57	1	1	0	1	3
	3p	+	58	2	0	1	0	3
	3p	+	59	0	1	1	1	3
	3p	+	60	0	1	1	1	3
	3p	+	61	2	0	0	1	3
	3p	+	62	0	1	0	2	3
	3p	+	63	1	0	1	1	3
	3p	+	64	2	0	1	0	3
	3p	+	65	1	0	0	2	3
	3p	+	66	1	0	0	2	3
	3p	+	67	1	2	0	0	3
	3p	+	68	2	0	1	0	3
	3p	+	69	1	0	1	1	3
	3p	+	70	1	1	1	0	3
	3p	+	71	1	0	1	1	3
	3p	+	72	1	1	0	1	3
	3p	+	73	1	0	0	2	3
	3p	+	74	1	1	1	0	3
	3p	+	75	3	0	0	0	3
	3p	+	76	1	2	0	0	3
	3p	+	77	0	0	1	2	3
	3p	+	78	1	1	0	1	3
	3p	+	79	1	0	0	2	3
	3p	+	80	1	0	0	2	3
	3p	+	81	0	0	3	0	3
	3p	+	82	2	0	0	1	3
	3p	+	83	0	2	0	1	3
	3p	+	84	1	0	0	1	2
	3p	+	85	1	0	0	1	2
	3p	+	86	0	0	2	0	2
	3p	+	87	1	0	0	1	2
	3p	+	88	2	0	0	0	2
	3p	+	89	2	0	0	0	2
	3p	+	90	0	1	0	1	2
	3p	+	91	0	1	0	1	2
	3p	+	92	0	1	0	1	2
	3p	+	93	1	1	0	0	2
	3p	+	94	1	1	0	0	2
	3p	+	95	0	0	1	1	2
	3p	+	96	1	0	1	0	2
	3p	+	97	0	1	1	0	2
	3p	+	98	1	0	0	1	2
	3p	+	99	1	0	0	1	2
	3p	+	100	1	1	0	0	2
	3p	-	1	28	80	72	15	195
	3p	-	2	17	76	81	21	195
	3p	-	3	23	65	86	21	195
	3p	-	4	24	57	88	26	195
	3p	-	5	26	64	89	16	195
	3p	-	6	24	70	80	21	195
	3p	-	7	23	79	77	16	195
	3p	-	8	13	75	87	20	195
	3p	-	9	20	72	86	17	195
	3p	-	10	23	75	76	21	195
	3p	-	11	20	83	75	17	195
	3p	-	12	20	75	82	18	195
	3p	-	13	19	71	91	14	195
	3p	-	14	16	86	79	14	195
	3p	-	15	18	70	88	19	195
	3p	-	16	20	79	70	26	195
	3p	-	17	13	87	75	20	195
	3p	-	18	19	72	84	20	195
	3p	-	19	18	87	65	25	195
	3p	-	20	21	69	80	25	195
	3p	-	21	28	74	71	22	195
	3p	-	22	29	72	72	22	195
	3p	-	23	22	69	81	23	195
	3p	-	24	19	87	68	21	195
	3p	-	25	17	70	90	18	195
	3p	-	26	28	68	70	29	195
	3p	-	27	24	85	65	21	195
	3p	-	28	16	84	71	24	195
	3p	-	29	28	84	68	15	195
	3p	-	30	19	81	69	26	195
	3p	-	31	9	40	38	7	94
	3p	-	32	7	22	16	6	51
	3p	-	33	7	12	7	4	30
	3p	-	34	3	7	5	6	21
	3p	-	35	2	7	6	5	20
	3p	-	36	6	4	5	3	18
	3p	-	37	4	6	2	5	17
	3p	-	38	8	2	2	3	15
	3p	-	39	5	2	1	6	14
	3p	-	40	6	2	3	1	12
	3p	-	41	7	2	1	2	12
	3p	-	42	5	2	2	3	12
	3p	-	43	5	3	2	2	12
	3p	-	44	3	4	1	3	11
	3p	-	45	4	1	1	4	10
	3p	-	46	1	4	4	1	10
	3p	-	47	4	1	1	4	10
	3p	-	48	4	1	1	4	10
	3p	-	49	6	1	2	1	10
	3p	-	50	2	3	2	3	10
	3p	-	51	1	3	1	5	10
	3p	-	52	1	3	6	0	10
	3p	-	53	4	0	2	4	10
	3p	-	54	3	4	0	3	10
	3p	-	55	4	1	2	3	10
	3p	-	56	3	2	1	4	10
	3p	-	57	3	4	1	2	10
	3p	-	58	4	1	3	2	10
	3p	-	59	5	1	2	2	10
	3p	-	60	4	2	1	3	10
	3p	-	61	3	0	2	4	9
	3p	-	62	4	1	3	1	9
	3p	-	63	4	3	1	1	9
	3p	-	64	1	3	2	3	9
	3p	-	65	3	2	3	1	9
	3p	-	66	2	1	1	5	9
	3p	-	67	5	0	3	1	9
	3p	-	68	5	1	2	1	9
	3p	-	69	3	1	4	1	9
	3p	-	70	1	2	2	4	9
	3p	-	71	4	2	3	0	9
	3p	-	72	4	3	1	1	9
	3p	-	73	3	0	2	4	9
	3p	-	74	2	2	3	2	9
	3p	-	75	3	2	2	2	9
	3p	-	76	3	1	2	3	9
	3p	-	77	2	3	2	2	9
	3p	-	78	2	2	2	3	9
	3p	-	79	2	2	1	3	8
	3p	-	80	2	4	1	1	8
	3p	-	81	3	1	2	2	8
	3p	-	82	2	1	2	2	7
	3p	-	83	3	1	2	1	7
	3p	-	84	0	1	4	1	6
	3p	-	85	2	2	1	1	6
	3p	-	86	2	2	2	0	6
	3p	-	87	2	1	1	1	5
	3p	-	88	1	3	1	0	5
	3p	-	89	1	2	1	1	5
	3p	-	90	2	1	1	1	5
	3p	-	91	2	0	2	1	5
	3p	-	92	3	0	2	0	5
	3p	-	93	2	1	0	1	4
	3p	-	94	1	1	0	2	4
	3p	-	95	1	1	0	2	4
	3p	-	96	0	1	0	3	4
	3p	-	97	2	0	0	1	3
	3p	-	98	1	0	1	1	3
	3p	-	99	0	1	0	2	3
	3p	-	100	0	0	1	2	3
	5p	+	1	21	64	68	10	163
	5p	+	2	10	69	67	17	163
	5p	+	3	18	68	58	19	163
	5p	+	4	12	85	51	15	163
	5p	+	5	15	65	61	22	163
	5p	+	6	19	56	74	14	163
	5p	+	7	15	61	72	15	163
	5p	+	8	14	74	59	16	163
	5p	+	9	11	70	68	14	163
	5p	+	10	15	68	70	10	163
	5p	+	11	16	60	70	17	163
	5p	+	12	21	73	65	4	163
	5p	+	13	16	66	67	14	163
	5p	+	14	15	60	75	13	163
	5p	+	15	8	56	80	19	163
	5p	+	16	16	65	72	10	163
	5p	+	17	11	71	59	22	163
	5p	+	18	14	67	63	19	163
	5p	+	19	12	69	69	13	163
	5p	+	20	14	64	73	12	163
	5p	+	21	12	76	66	9	163
	5p	+	22	12	66	72	13	163
	5p	+	23	11	63	74	15	163
	5p	+	24	16	60	70	17	163
	5p	+	25	16	70	68	9	163
	5p	+	26	17	69	63	14	163
	5p	+	27	17	51	83	12	163
	5p	+	28	15	64	67	17	163
	5p	+	29	17	69	63	14	163
	5p	+	30	21	59	68	15	163
	5p	+	31	8	26	37	10	81
	5p	+	32	2	10	21	1	34
	5p	+	33	3	8	9	4	24
	5p	+	34	1	3	8	3	15
	5p	+	35	3	4	4	0	11
	5p	+	36	1	2	2	3	8
	5p	+	37	2	1	4	0	7
	5p	+	38	3	0	2	1	6
	5p	+	39	1	0	2	3	6
	5p	+	40	0	2	2	2	6
	5p	+	41	1	2	1	2	6
	5p	+	42	1	0	1	3	5
	5p	+	43	3	0	0	2	5
	5p	+	44	1	3	1	0	5
	5p	+	45	3	1	1	0	5
	5p	+	46	2	1	1	1	5
	5p	+	47	1	2	1	1	5
	5p	+	48	2	1	0	2	5
	5p	+	49	2	0	1	2	5
	5p	+	50	0	2	2	1	5
	5p	+	51	3	0	2	0	5
	5p	+	52	2	0	0	3	5
	5p	+	53	2	0	2	1	5
	5p	+	54	3	1	1	0	5
	5p	+	55	3	0	1	1	5
	5p	+	56	0	0	3	1	4
	5p	+	57	0	1	1	1	3
	5p	+	58	2	0	1	0	3
	5p	+	59	2	0	0	1	3
	5p	+	60	1	0	0	2	3
	5p	+	61	2	1	0	0	3
	5p	+	62	3	0	0	0	3
	5p	+	63	1	0	2	0	3
	5p	+	64	1	0	2	0	3
	5p	+	65	1	0	1	1	3
	5p	+	66	2	1	0	0	3
	5p	+	67	0	0	1	2	3
	5p	+	68	1	0	2	0	3
	5p	+	69	2	0	1	0	3
	5p	+	70	0	3	0	0	3
	5p	+	71	2	0	0	1	3
	5p	+	72	1	2	0	0	3
	5p	+	73	2	0	0	1	3
	5p	+	74	1	1	0	1	3
	5p	+	75	1	0	0	2	3
	5p	+	76	2	0	0	1	3
	5p	+	77	1	1	1	0	3
	5p	+	78	0	0	2	1	3
	5p	+	79	1	1	0	1	3
	5p	+	80	1	1	0	1	3
	5p	+	81	1	0	1	1	3
	5p	+	82	2	0	1	0	3
	5p	+	83	2	0	1	0	3
	5p	+	84	0	1	1	0	2
	5p	+	85	1	0	0	1	2
	5p	+	86	1	1	0	0	2
	5p	+	87	1	1	0	0	2
	5p	+	88	0	2	0	0	2
	5p	+	89	0	1	1	0	2
	5p	+	90	1	0	0	1	2
	5p	+	91	0	1	1	0	2
	5p	+	92	0	1	1	0	2
	5p	+	93	0	0	0	2	2
	5p	+	94	0	0	0	2	2
	5p	+	95	0	0	1	1	2
	5p	+	96	1	0	1	0	2
	5p	+	97	1	0	0	1	2
	5p	+	98	2	0	0	0	2
	5p	+	99	0	0	2	0	2
	5p	+	100	0	0	1	1	2
	5p	-	1	18	91	70	16	195
	5p	-	2	17	77	85	16	195
	5p	-	3	17	82	69	27	195
	5p	-	4	32	94	57	12	195
	5p	-	5	27	67	72	29	195
	5p	-	6	23	66	84	22	195
	5p	-	7	14	90	69	22	195
	5p	-	8	22	73	76	24	195
	5p	-	9	24	76	71	24	195
	5p	-	10	24	67	82	22	195
	5p	-	11	24	77	73	21	195
	5p	-	12	26	80	69	20	195
	5p	-	13	15	73	81	26	195
	5p	-	14	13	79	82	21	195
	5p	-	15	20	79	70	26	195
	5p	-	16	21	82	77	15	195
	5p	-	17	12	81	83	19	195
	5p	-	18	19	79	80	17	195
	5p	-	19	17	77	88	13	195
	5p	-	20	21	79	79	16	195
	5p	-	21	21	75	79	20	195
	5p	-	22	15	74	88	18	195
	5p	-	23	22	72	79	22	195
	5p	-	24	23	69	84	19	195
	5p	-	25	24	82	73	16	195
	5p	-	26	25	61	89	20	195
	5p	-	27	23	64	89	19	195
	5p	-	28	26	59	86	24	195
	5p	-	29	23	68	80	24	195
	5p	-	30	30	71	85	9	195
	5p	-	31	11	45	23	15	94
	5p	-	32	8	18	23	2	51
	5p	-	33	6	12	8	4	30
	5p	-	34	5	3	6	7	21
	5p	-	35	5	5	7	3	20
	5p	-	36	5	4	6	3	18
	5p	-	37	5	5	5	2	17
	5p	-	38	6	1	3	5	15
	5p	-	39	4	5	1	4	14
	5p	-	40	4	2	3	3	12
	5p	-	41	5	3	2	2	12
	5p	-	42	4	3	0	5	12
	5p	-	43	3	4	1	4	12
	5p	-	44	5	0	4	2	11
	5p	-	45	1	3	2	4	10
	5p	-	46	3	1	2	4	10
	5p	-	47	4	3	0	3	10
	5p	-	48	5	2	1	2	10
	5p	-	49	5	1	1	3	10
	5p	-	50	0	4	1	5	10
	5p	-	51	3	3	1	3	10
	5p	-	52	3	4	1	2	10
	5p	-	53	4	3	1	2	10
	5p	-	54	5	2	0	3	10
	5p	-	55	4	0	3	3	10
	5p	-	56	5	3	2	0	10
	5p	-	57	3	3	1	3	10
	5p	-	58	6	2	0	2	10
	5p	-	59	1	2	3	4	10
	5p	-	60	6	0	3	1	10
	5p	-	61	2	2	1	4	9
	5p	-	62	2	2	2	3	9
	5p	-	63	1	1	4	3	9
	5p	-	64	6	1	2	0	9
	5p	-	65	2	1	2	4	9
	5p	-	66	2	1	2	4	9
	5p	-	67	5	1	1	2	9
	5p	-	68	2	0	2	5	9
	5p	-	69	3	3	0	3	9
	5p	-	70	4	2	0	3	9
	5p	-	71	1	1	1	6	9
	5p	-	72	2	1	1	5	9
	5p	-	73	4	2	0	3	9
	5p	-	74	5	0	2	2	9
	5p	-	75	1	4	4	0	9
	5p	-	76	3	2	1	3	9
	5p	-	77	5	1	0	3	9
	5p	-	78	5	0	3	1	9
	5p	-	79	1	1	2	4	8
	5p	-	80	3	4	1	0	8
	5p	-	81	4	1	2	1	8
	5p	-	82	2	1	2	2	7
	5p	-	83	2	0	1	4	7
	5p	-	84	2	0	2	2	6
	5p	-	85	2	2	2	0	6
	5p	-	86	1	2	2	1	6
	5p	-	87	1	1	1	2	5
	5p	-	88	1	2	0	2	5
	5p	-	89	2	1	1	1	5
	5p	-	90	0	2	1	2	5
	5p	-	91	0	2	0	3	5
	5p	-	92	3	2	0	0	5
	5p	-	93	1	0	2	1	4
	5p	-	94	1	0	1	2	4
	5p	-	95	1	1	2	0	4
	5p	-	96	1	0	3	0	4
	5p	-	97	3	0	0	0	3
	5p	-	98	1	1	0	1	3
	5p	-	99	0	1	1	1	3
	5p	-	100	0	0	0	3	3
