# table produced by DamageProfiler
# using mapped file RmA035.GrysbokCape_Human_nc.Target.rmdup.noMicro.bam
# Sample ID: RmA035.GrysbokCape_Human_nc.Target.rmdup.noMicro.bam
Pos	C>T	G>A	A>C	A>G	A>T	C>A	C>G	G>C	G>T	T>A	T>C	T>G	->ACGT	ACGT>-
0	0.025329	0.012469	0.004025	0.005750	0.008626	0.010132	0.006079	0.007481	0.003741	0.008041	0.003446	0.002298	0.000000	0.000000
1	0.022051	0.008539	0.000623	0.003736	0.009340	0.007718	0.008820	0.001898	0.005693	0.005848	0.002339	0.002924	0.000569	0.000000
2	0.011616	0.005941	0.001168	0.002336	0.007009	0.005280	0.002112	0.003960	0.002970	0.003092	0.003092	0.003092	0.000378	0.000000
3	0.009464	0.002844	0.000585	0.002341	0.001755	0.008412	0.002103	0.000948	0.002844	0.002549	0.003187	0.001275	0.001136	0.000000
4	0.009193	0.000931	0.001830	0.003661	0.001220	0.004086	0.002043	0.000931	0.001862	0.002530	0.003795	0.002530	0.001896	0.000000
5	0.009100	0.000934	0.001276	0.004467	0.001914	0.003033	0.002022	0.001867	0.003735	0.003058	0.004893	0.001223	0.004181	0.000000
6	0.007078	0.001998	0.002943	0.003531	0.001177	0.004044	0.002022	0.000999	0.003996	0.004456	0.000637	0.005729	0.004563	0.000000
7	0.002045	0.003178	0.001755	0.003511	0.001170	0.006135	0.002045	0.000000	0.005297	0.003083	0.003083	0.000617	0.004378	0.000000
8	0.007376	0.004040	0.002352	0.003527	0.001764	0.002107	0.003161	0.000000	0.000000	0.003697	0.001848	0.001848	0.003610	0.000000
9	0.006757	0.001067	0.001735	0.001735	0.002892	0.004505	0.001126	0.000000	0.002134	0.001750	0.002334	0.004084	0.003607	0.000000
10	0.005946	0.006073	0.004332	0.002475	0.004950	0.000991	0.000000	0.003036	0.003036	0.001815	0.001815	0.000605	0.003418	0.000000
11	0.009018	0.002053	0.002388	0.002985	0.001791	0.002004	0.001002	0.001027	0.006160	0.001228	0.001842	0.000614	0.002464	0.000000
12	0.001944	0.005941	0.003731	0.002488	0.002488	0.005831	0.000972	0.002970	0.004950	0.002468	0.001234	0.001851	0.003607	0.000000
13	0.006042	0.002043	0.002905	0.002905	0.000581	0.000000	0.002014	0.000000	0.005107	0.001910	0.003183	0.000637	0.003989	0.000000
14	0.006679	0.004036	0.000615	0.004917	0.001844	0.000954	0.002863	0.000000	0.004036	0.001877	0.003755	0.001877	0.002850	0.000000
15	0.004215	0.005394	0.000576	0.004030	0.002879	0.003161	0.003161	0.002157	0.003236	0.001807	0.001807	0.001807	0.003603	0.000000
16	0.003145	0.000971	0.002349	0.003523	0.001174	0.001048	0.002096	0.002913	0.003883	0.001260	0.003151	0.001260	0.003413	0.000000
17	0.001990	0.002128	0.001207	0.001811	0.001811	0.003980	0.000000	0.002128	0.006383	0.001197	0.000598	0.000598	0.003414	0.000000
18	0.008815	0.002088	0.001783	0.002377	0.001188	0.004897	0.003918	0.002088	0.003132	0.003731	0.003109	0.003109	0.003226	0.000000
19	0.004090	0.003181	0.001767	0.004122	0.002356	0.001022	0.001022	0.002121	0.002121	0.003034	0.003034	0.000607	0.004177	0.000000
20	0.007254	0.006890	0.001801	0.003601	0.002401	0.005181	0.004145	0.000000	0.001969	0.000616	0.001848	0.000616	0.003036	0.000000
21	0.003175	0.003102	0.003405	0.003405	0.002270	0.000000	0.003175	0.002068	0.006205	0.003125	0.002500	0.001875	0.003223	0.000000
22	0.006438	0.002162	0.000570	0.001140	0.000570	0.005365	0.002146	0.003243	0.001081	0.001206	0.002413	0.000000	0.004364	0.000000
23	0.003135	0.001982	0.001737	0.001737	0.001737	0.003135	0.001045	0.000991	0.002973	0.000635	0.002541	0.000000	0.003228	0.000000
24	0.006692	0.006522	0.002387	0.001790	0.002387	0.000956	0.000956	0.003261	0.002174	0.002449	0.004287	0.001225	0.004171	0.000000
