# table produced by DamageProfiler
# using mapped file RmA035.GrysbokCape_Human_nc.Target.rmdup.noMicro.bam
# Sample ID: RmA035.GrysbokCape_Human_nc.Target.rmdup.noMicro.bam
Chr	End	Std	Pos	A	C	G	T	Total
	3p	+	1	1059	281	324	1019	2683
	3p	+	2	1002	503	384	794	2683
	3p	+	3	960	487	411	825	2683
	3p	+	4	943	508	395	837	2683
	3p	+	5	936	460	479	808	2683
	3p	+	6	938	477	465	803	2683
	3p	+	7	890	482	465	846	2683
	3p	+	8	887	498	499	799	2683
	3p	+	9	863	485	496	839	2683
	3p	+	10	835	511	493	844	2683
	3p	+	11	837	476	495	875	2683
	3p	+	12	813	509	500	861	2683
	3p	+	13	852	504	469	858	2683
	3p	+	14	842	501	537	803	2683
	3p	+	15	862	471	482	868	2683
	3p	+	16	850	511	475	847	2683
	3p	+	17	881	470	520	812	2683
	3p	+	18	859	495	499	830	2683
	3p	+	19	809	515	499	860	2683
	3p	+	20	863	439	533	848	2683
	3p	+	21	870	481	483	849	2683
	3p	+	22	877	478	522	806	2683
	3p	+	23	829	494	520	840	2683
	3p	+	24	834	512	503	834	2683
	3p	+	25	820	517	512	834	2683
	3p	+	26	847	503	515	818	2683
	3p	+	27	858	488	506	831	2683
	3p	+	28	856	507	477	843	2683
	3p	+	29	791	527	511	854	2683
	3p	+	30	845	520	462	856	2683
	3p	+	31	762	491	443	769	2465
	3p	+	32	697	415	449	731	2292
	3p	+	33	709	389	399	678	2175
	3p	+	34	636	350	413	682	2081
	3p	+	35	651	373	347	609	1980
	3p	+	36	593	336	355	616	1900
	3p	+	37	554	311	334	612	1811
	3p	+	38	544	311	315	551	1721
	3p	+	39	514	282	305	526	1627
	3p	+	40	508	260	273	506	1547
	3p	+	41	432	264	300	464	1460
	3p	+	42	413	275	243	431	1362
	3p	+	43	388	256	248	386	1278
	3p	+	44	388	215	200	396	1199
	3p	+	45	403	206	197	336	1142
	3p	+	46	335	203	185	339	1062
	3p	+	47	288	180	176	352	996
	3p	+	48	299	155	162	310	926
	3p	+	49	294	155	151	275	875
	3p	+	50	259	156	134	268	817
	3p	+	51	238	142	146	231	757
	3p	+	52	235	114	129	227	705
	3p	+	53	225	100	120	216	661
	3p	+	54	197	115	110	192	614
	3p	+	55	176	91	85	207	559
	3p	+	56	168	93	83	165	509
	3p	+	57	155	80	97	154	486
	3p	+	58	135	86	67	166	454
	3p	+	59	148	74	87	113	422
	3p	+	60	137	59	78	119	393
	3p	+	61	122	59	68	117	366
	3p	+	62	87	75	69	101	332
	3p	+	63	89	56	46	110	301
	3p	+	64	86	56	49	92	283
	3p	+	65	80	56	50	78	264
	3p	+	66	71	53	39	79	242
	3p	+	67	56	42	41	81	220
	3p	+	68	52	45	43	62	202
	3p	+	69	58	40	33	56	187
	3p	+	70	50	39	38	51	178
	3p	+	71	51	30	26	56	163
	3p	+	72	43	32	30	45	150
	3p	+	73	44	25	31	39	139
	3p	+	74	46	21	24	38	129
	3p	+	75	36	28	24	30	118
	3p	+	76	30	24	17	35	106
	3p	+	77	32	17	19	28	96
	3p	+	78	27	21	15	26	89
	3p	+	79	22	14	10	33	79
	3p	+	80	17	15	16	21	69
	3p	+	81	18	14	14	16	62
	3p	+	82	14	6	12	19	51
	3p	+	83	14	4	9	20	47
	3p	+	84	12	5	9	15	41
	3p	+	85	5	6	12	14	37
	3p	+	86	12	3	5	11	31
	3p	+	87	9	6	3	10	28
	3p	+	88	5	5	4	6	20
	3p	+	89	5	2	3	4	14
	3p	+	90	4	1	1	2	8
	3p	+	91	1	0	1	3	5
	3p	+	92	0	0	0	0	0
	3p	+	93	0	0	0	0	0
	3p	+	94	0	0	0	0	0
	3p	+	95	0	0	0	0	0
	3p	+	96	0	0	0	0	0
	3p	+	97	0	0	0	0	0
	3p	+	98	0	0	0	0	0
	3p	+	99	0	0	0	0	0
	3p	+	100	0	0	0	0	0
	3p	-	1	1069	321	299	947	2636
	3p	-	2	1032	483	354	767	2636
	3p	-	3	954	465	429	788	2636
	3p	-	4	947	491	426	772	2636
	3p	-	5	949	462	418	807	2636
	3p	-	6	915	504	448	769	2636
	3p	-	7	911	472	492	761	2636
	3p	-	8	929	458	488	761	2636
	3p	-	9	837	456	528	815	2636
	3p	-	10	871	459	455	851	2636
	3p	-	11	832	505	479	820	2636
	3p	-	12	881	479	478	798	2636
	3p	-	13	855	461	502	818	2636
	3p	-	14	846	480	488	822	2636
	3p	-	15	860	509	501	766	2636
	3p	-	16	850	514	456	816	2636
	3p	-	17	831	483	488	834	2636
	3p	-	18	871	500	503	762	2636
	3p	-	19	844	518	497	777	2636
	3p	-	20	860	485	481	810	2636
	3p	-	21	879	471	502	784	2636
	3p	-	22	855	470	509	802	2636
	3p	-	23	856	476	472	832	2636
	3p	-	24	828	530	484	794	2636
	3p	-	25	872	468	484	812	2636
	3p	-	26	841	482	473	840	2636
	3p	-	27	842	488	516	790	2636
	3p	-	28	834	444	512	846	2636
	3p	-	29	833	493	495	815	2636
	3p	-	30	809	502	510	815	2636
	3p	-	31	761	449	415	793	2418
	3p	-	32	708	456	435	702	2301
	3p	-	33	684	403	391	714	2192
	3p	-	34	678	369	398	647	2092
	3p	-	35	634	339	384	648	2005
	3p	-	36	624	371	347	587	1929
	3p	-	37	618	365	331	551	1865
	3p	-	38	542	319	342	543	1746
	3p	-	39	518	290	318	535	1661
	3p	-	40	508	289	296	482	1575
	3p	-	41	505	258	265	449	1477
	3p	-	42	451	248	254	431	1384
	3p	-	43	397	252	238	414	1301
	3p	-	44	348	216	244	406	1214
	3p	-	45	371	217	192	361	1141
	3p	-	46	327	206	206	327	1066
	3p	-	47	329	171	189	312	1001
	3p	-	48	304	161	177	304	946
	3p	-	49	296	142	148	288	874
	3p	-	50	264	167	154	238	823
	3p	-	51	261	142	138	224	765
	3p	-	52	229	120	130	228	707
	3p	-	53	213	112	118	211	654
	3p	-	54	192	118	107	191	608
	3p	-	55	183	86	107	196	572
	3p	-	56	149	93	90	207	539
	3p	-	57	162	83	76	181	502
	3p	-	58	147	84	89	140	460
	3p	-	59	132	70	87	140	429
	3p	-	60	118	68	65	136	387
	3p	-	61	109	64	72	124	369
	3p	-	62	107	71	69	95	342
	3p	-	63	98	57	62	101	318
	3p	-	64	88	54	47	95	284
	3p	-	65	81	43	40	92	256
	3p	-	66	66	41	41	84	232
	3p	-	67	66	40	35	76	217
	3p	-	68	71	30	33	66	200
	3p	-	69	59	27	32	68	186
	3p	-	70	54	27	28	61	170
	3p	-	71	55	20	24	57	156
	3p	-	72	44	33	24	41	142
	3p	-	73	40	28	26	35	129
	3p	-	74	38	16	21	49	124
	3p	-	75	40	15	27	27	109
	3p	-	76	32	17	16	30	95
	3p	-	77	30	20	11	27	88
	3p	-	78	35	10	11	21	77
	3p	-	79	18	17	16	22	73
	3p	-	80	21	12	6	25	64
	3p	-	81	11	12	11	19	53
	3p	-	82	20	8	5	14	47
	3p	-	83	14	6	9	15	44
	3p	-	84	13	4	7	15	39
	3p	-	85	10	5	6	8	29
	3p	-	86	9	4	6	6	25
	3p	-	87	5	4	7	5	21
	3p	-	88	6	1	5	4	16
	3p	-	89	6	2	1	5	14
	3p	-	90	1	1	3	2	7
	3p	-	91	1	3	0	1	5
	3p	-	92	0	0	0	0	0
	3p	-	93	0	0	0	0	0
	3p	-	94	0	0	0	0	0
	3p	-	95	0	0	0	0	0
	3p	-	96	0	0	0	0	0
	3p	-	97	0	0	0	0	0
	3p	-	98	0	0	0	0	0
	3p	-	99	0	0	0	0	0
	3p	-	100	0	0	0	0	0
	5p	+	1	868	499	397	919	2683
	5p	+	2	825	461	527	870	2683
	5p	+	3	867	475	516	825	2683
	5p	+	4	839	492	528	824	2683
	5p	+	5	823	479	558	823	2683
	5p	+	6	819	496	565	803	2683
	5p	+	7	840	519	518	806	2683
	5p	+	8	868	492	481	842	2683
	5p	+	9	854	500	515	814	2683
	5p	+	10	860	467	478	878	2683
	5p	+	11	822	509	500	852	2683
	5p	+	12	856	519	477	831	2683
	5p	+	13	800	541	495	847	2683
	5p	+	14	870	507	512	794	2683
	5p	+	15	821	540	493	829	2683
	5p	+	16	889	485	467	842	2683
	5p	+	17	863	483	528	809	2683
	5p	+	18	824	499	493	867	2683
	5p	+	19	848	516	501	818	2683
	5p	+	20	855	464	505	859	2683
	5p	+	21	819	476	547	841	2683
	5p	+	22	866	492	506	819	2683
	5p	+	23	905	466	476	836	2683
	5p	+	24	825	497	533	828	2683
	5p	+	25	872	534	461	816	2683
	5p	+	26	890	478	479	836	2683
	5p	+	27	886	465	483	849	2683
	5p	+	28	856	505	484	838	2683
	5p	+	29	885	518	490	790	2683
	5p	+	30	909	473	436	865	2683
	5p	+	31	842	426	429	768	2465
	5p	+	32	751	414	364	763	2292
	5p	+	33	685	379	394	717	2175
	5p	+	34	709	370	346	656	2081
	5p	+	35	691	326	338	625	1980
	5p	+	36	665	326	315	594	1900
	5p	+	37	595	318	322	576	1811
	5p	+	38	580	318	267	556	1721
	5p	+	39	551	274	267	535	1627
	5p	+	40	514	262	265	506	1547
	5p	+	41	438	285	259	478	1460
	5p	+	42	442	282	213	425	1362
	5p	+	43	426	239	200	413	1278
	5p	+	44	370	228	201	400	1199
	5p	+	45	371	197	202	372	1142
	5p	+	46	365	175	166	356	1062
	5p	+	47	328	166	159	343	996
	5p	+	48	280	152	174	320	926
	5p	+	49	271	158	139	307	875
	5p	+	50	274	145	150	248	817
	5p	+	51	251	145	131	230	757
	5p	+	52	262	120	117	206	705
	5p	+	53	209	126	123	203	661
	5p	+	54	191	109	111	203	614
	5p	+	55	153	85	116	205	559
	5p	+	56	167	92	87	163	509
	5p	+	57	161	85	86	154	486
	5p	+	58	155	67	73	159	454
	5p	+	59	133	73	73	143	422
	5p	+	60	135	67	69	122	393
	5p	+	61	122	54	71	119	366
	5p	+	62	102	66	57	107	332
	5p	+	63	106	52	60	83	301
	5p	+	64	87	43	54	99	283
	5p	+	65	89	50	52	73	264
	5p	+	66	68	40	41	93	242
	5p	+	67	77	34	36	73	220
	5p	+	68	58	40	37	67	202
	5p	+	69	57	26	35	69	187
	5p	+	70	53	25	41	59	178
	5p	+	71	47	25	25	66	163
	5p	+	72	44	30	23	53	150
	5p	+	73	61	27	19	32	139
	5p	+	74	34	24	23	48	129
	5p	+	75	38	26	18	36	118
	5p	+	76	39	19	16	32	106
	5p	+	77	30	14	16	36	96
	5p	+	78	18	16	22	33	89
	5p	+	79	26	13	13	27	79
	5p	+	80	25	9	11	24	69
	5p	+	81	25	11	7	19	62
	5p	+	82	17	7	10	17	51
	5p	+	83	15	12	6	14	47
	5p	+	84	14	10	4	13	41
	5p	+	85	18	4	3	12	37
	5p	+	86	8	7	3	13	31
	5p	+	87	6	3	6	13	28
	5p	+	88	4	1	4	11	20
	5p	+	89	5	2	4	3	14
	5p	+	90	4	1	1	2	8
	5p	+	91	1	0	0	4	5
	5p	+	92	0	0	0	0	0
	5p	+	93	0	0	0	0	0
	5p	+	94	0	0	0	0	0
	5p	+	95	0	0	0	0	0
	5p	+	96	0	0	0	0	0
	5p	+	97	0	0	0	0	0
	5p	+	98	0	0	0	0	0
	5p	+	99	0	0	0	0	0
	5p	+	100	0	0	0	0	0
	5p	-	1	891	480	417	848	2636
	5p	-	2	800	428	535	872	2635
	5p	-	3	857	470	498	811	2636
	5p	-	4	889	454	535	758	2636
	5p	-	5	824	508	533	771	2636
	5p	-	6	762	506	524	844	2636
	5p	-	7	879	476	506	775	2636
	5p	-	8	862	502	477	795	2636
	5p	-	9	866	458	490	822	2636
	5p	-	10	873	429	483	851	2636
	5p	-	11	800	521	491	824	2636
	5p	-	12	826	484	502	824	2636
	5p	-	13	822	510	518	786	2636
	5p	-	14	859	506	481	790	2636
	5p	-	15	812	517	517	790	2636
	5p	-	16	858	470	476	832	2636
	5p	-	17	846	483	515	792	2636
	5p	-	18	842	516	451	827	2636
	5p	-	19	851	507	474	804	2636
	5p	-	20	856	525	450	805	2636
	5p	-	21	854	488	488	806	2636
	5p	-	22	900	471	472	793	2636
	5p	-	23	867	467	467	835	2636
	5p	-	24	909	476	485	766	2636
	5p	-	25	822	526	462	826	2636
	5p	-	26	851	486	465	834	2636
	5p	-	27	870	494	484	788	2636
	5p	-	28	887	445	503	801	2636
	5p	-	29	860	503	474	799	2636
	5p	-	30	909	483	439	805	2636
	5p	-	31	811	446	407	754	2418
	5p	-	32	777	415	407	702	2301
	5p	-	33	746	387	393	666	2192
	5p	-	34	732	355	357	648	2092
	5p	-	35	664	382	365	594	2005
	5p	-	36	678	310	334	607	1929
	5p	-	37	607	309	341	608	1865
	5p	-	38	611	320	285	530	1746
	5p	-	39	581	281	298	501	1661
	5p	-	40	528	262	281	504	1575
	5p	-	41	449	303	262	463	1477
	5p	-	42	456	277	208	443	1384
	5p	-	43	473	226	212	390	1301
	5p	-	44	416	203	219	376	1214
	5p	-	45	389	195	211	346	1141
	5p	-	46	363	164	183	356	1066
	5p	-	47	308	199	153	341	1001
	5p	-	48	345	147	151	303	946
	5p	-	49	279	171	152	272	874
	5p	-	50	293	130	139	261	823
	5p	-	51	250	110	140	265	765
	5p	-	52	234	118	140	215	707
	5p	-	53	213	103	122	216	654
	5p	-	54	203	108	99	198	608
	5p	-	55	188	93	110	181	572
	5p	-	56	176	98	89	176	539
	5p	-	57	165	93	77	167	502
	5p	-	58	144	70	81	165	460
	5p	-	59	143	83	82	121	429
	5p	-	60	141	48	72	126	387
	5p	-	61	130	60	66	113	369
	5p	-	62	120	52	50	121	343
	5p	-	63	97	57	57	107	318
	5p	-	64	82	59	41	102	284
	5p	-	65	90	41	48	77	256
	5p	-	66	75	45	43	69	232
	5p	-	67	73	41	31	72	217
	5p	-	68	60	39	41	60	200
	5p	-	69	61	29	31	65	186
	5p	-	70	69	31	19	51	170
	5p	-	71	53	28	28	47	156
	5p	-	72	42	20	28	52	142
	5p	-	73	45	21	20	43	129
	5p	-	74	34	23	15	52	124
	5p	-	75	34	19	19	37	109
	5p	-	76	34	20	16	25	95
	5p	-	77	33	13	10	32	88
	5p	-	78	28	14	10	25	77
	5p	-	79	27	15	8	23	73
	5p	-	80	25	13	4	22	64
	5p	-	81	16	15	7	15	53
	5p	-	82	16	7	4	20	47
	5p	-	83	17	8	3	16	44
	5p	-	84	20	6	1	12	39
	5p	-	85	14	5	5	5	29
	5p	-	86	9	4	3	9	25
	5p	-	87	9	1	2	9	21
	5p	-	88	4	2	3	7	16
	5p	-	89	7	2	1	4	14
	5p	-	90	2	0	2	3	7
	5p	-	91	1	0	1	3	5
	5p	-	92	0	0	0	0	0
	5p	-	93	0	0	0	0	0
	5p	-	94	0	0	0	0	0
	5p	-	95	0	0	0	0	0
	5p	-	96	0	0	0	0	0
	5p	-	97	0	0	0	0	0
	5p	-	98	0	0	0	0	0
	5p	-	99	0	0	0	0	0
	5p	-	100	0	0	0	0	0
