# table produced by DamageProfiler
# using mapped file PaA016.BuffaloCape_Human_nc.Target.rmdup.noMicro.bam
# Sample ID: PaA016.BuffaloCape_Human_nc.Target.rmdup.noMicro.bam
Pos	C>T	G>A	A>C	A>G	A>T	C>A	C>G	G>C	G>T	T>A	T>C	T>G	->ACGT	ACGT>-
0	0.158371	0.026578	0.010050	0.012563	0.015075	0.018100	0.006787	0.016611	0.016611	0.011204	0.011204	0.007003	0.000000	0.000000
1	0.027701	0.025281	0.012376	0.009901	0.018564	0.019391	0.011080	0.014045	0.011236	0.013793	0.006897	0.008276	0.001333	0.000000
2	0.011161	0.021164	0.008043	0.008043	0.005362	0.004464	0.006696	0.013228	0.007937	0.011782	0.011782	0.010309	0.000444	0.000000
3	0.007595	0.008451	0.009615	0.009615	0.006010	0.017722	0.007595	0.014085	0.008451	0.015015	0.003003	0.007508	0.001335	0.000000
4	0.018476	0.013441	0.008523	0.017045	0.009943	0.013857	0.011547	0.013441	0.018817	0.010072	0.012950	0.004317	0.011797	0.000000
5	0.023438	0.020725	0.013624	0.013624	0.013624	0.002604	0.010417	0.000000	0.018135	0.011283	0.009873	0.009873	0.008586	0.000000
6	0.007463	0.011765	0.009709	0.005548	0.011096	0.007463	0.017413	0.007059	0.014118	0.007407	0.010370	0.001481	0.006748	0.000000
7	0.019950	0.025510	0.007538	0.011307	0.007538	0.012469	0.002494	0.005102	0.020408	0.017134	0.017134	0.009346	0.005379	0.000000
8	0.009547	0.019284	0.007614	0.003807	0.006345	0.016706	0.004773	0.008264	0.005510	0.013932	0.010836	0.004644	0.010830	0.000000
9	0.012255	0.016000	0.010114	0.011378	0.013906	0.009804	0.009804	0.010667	0.021333	0.009132	0.013699	0.006088	0.005379	0.000000
10	0.010363	0.018470	0.007472	0.009963	0.006227	0.012953	0.012953	0.010554	0.013193	0.010972	0.009404	0.007837	0.009519	0.000000
11	0.012594	0.019718	0.014249	0.005181	0.007772	0.025189	0.015113	0.014085	0.014085	0.005822	0.007278	0.008734	0.011307	0.000000
12	0.009592	0.011204	0.002695	0.012129	0.004043	0.004796	0.009592	0.022409	0.005602	0.007205	0.004323	0.005764	0.007240	0.000000
13	0.013544	0.010152	0.006983	0.005587	0.006983	0.009029	0.009029	0.012690	0.002538	0.003017	0.013575	0.004525	0.007220	0.000000
14	0.025316	0.029333	0.011568	0.007712	0.017995	0.005063	0.007595	0.010667	0.010667	0.007553	0.012085	0.004532	0.008597	0.000000
15	0.010782	0.022472	0.011002	0.006112	0.014670	0.010782	0.008086	0.008427	0.005618	0.008915	0.010401	0.010401	0.005861	0.000000
16	0.007042	0.015625	0.006536	0.011765	0.005229	0.018779	0.004695	0.015625	0.018229	0.009554	0.017516	0.014331	0.009079	0.000000
17	0.018605	0.015666	0.007732	0.009021	0.003866	0.013953	0.004651	0.005222	0.007833	0.017628	0.009615	0.006410	0.009489	0.000000
18	0.007353	0.016260	0.010444	0.007833	0.010444	0.014706	0.007353	0.005420	0.000000	0.017991	0.013493	0.011994	0.009050	0.000000
19	0.018182	0.005618	0.009864	0.003699	0.007398	0.018182	0.002597	0.005618	0.016854	0.010401	0.010401	0.008915	0.007640	0.000000
20	0.012531	0.015957	0.010139	0.012674	0.011407	0.020050	0.012531	0.010638	0.005319	0.015528	0.009317	0.000000	0.011322	0.000000
21	0.016706	0.019718	0.007326	0.012210	0.014652	0.014320	0.011933	0.002817	0.022535	0.017296	0.007862	0.011006	0.005384	0.000000
22	0.018088	0.005618	0.007634	0.005089	0.007634	0.007752	0.007752	0.014045	0.008427	0.004317	0.010072	0.011511	0.007644	0.000000
23	0.014778	0.014451	0.005063	0.005063	0.012658	0.009852	0.012315	0.002890	0.017341	0.019288	0.005935	0.007418	0.007220	0.000000
24	0.020000	0.014085	0.006227	0.008717	0.009963	0.005000	0.017500	0.005634	0.014085	0.010463	0.007474	0.011958	0.006286	0.000000
