# table produced by DamageProfiler
# using mapped file PaA016.BuffaloCape_Human_nc.Target.rmdup.noMicro.bam
# Sample ID: PaA016.BuffaloCape_Human_nc.Target.rmdup.noMicro.bam
Chr	End	Std	Pos	A	C	G	T	Total
	3p	+	1	465	136	98	433	1132
	3p	+	2	424	205	144	359	1132
	3p	+	3	437	195	170	330	1132
	3p	+	4	455	192	172	313	1132
	3p	+	5	426	193	198	315	1132
	3p	+	6	408	197	200	327	1132
	3p	+	7	425	206	151	350	1132
	3p	+	8	429	205	184	314	1132
	3p	+	9	406	192	213	321	1132
	3p	+	10	402	222	177	331	1132
	3p	+	11	394	211	184	343	1132
	3p	+	12	414	206	163	349	1132
	3p	+	13	400	214	194	324	1132
	3p	+	14	382	219	206	325	1132
	3p	+	15	387	187	190	368	1132
	3p	+	16	398	193	203	338	1132
	3p	+	17	378	214	199	341	1132
	3p	+	18	377	230	180	345	1132
	3p	+	19	401	206	191	334	1132
	3p	+	20	432	200	187	313	1132
	3p	+	21	378	208	210	336	1132
	3p	+	22	407	199	175	351	1132
	3p	+	23	397	212	184	339	1132
	3p	+	24	384	201	221	326	1132
	3p	+	25	392	197	200	343	1132
	3p	+	26	382	213	195	342	1132
	3p	+	27	393	217	182	340	1132
	3p	+	28	407	214	200	311	1132
	3p	+	29	401	206	185	340	1132
	3p	+	30	385	204	197	346	1132
	3p	+	31	279	146	142	254	821
	3p	+	32	227	110	122	217	676
	3p	+	33	201	104	88	192	585
	3p	+	34	190	101	80	163	534
	3p	+	35	162	95	75	155	487
	3p	+	36	126	91	72	134	423
	3p	+	37	124	71	55	139	389
	3p	+	38	122	54	56	125	357
	3p	+	39	105	67	49	107	328
	3p	+	40	99	61	47	92	299
	3p	+	41	86	46	51	86	269
	3p	+	42	59	48	47	96	250
	3p	+	43	75	44	28	78	225
	3p	+	44	64	34	33	74	205
	3p	+	45	57	26	30	67	180
	3p	+	46	50	34	19	57	160
	3p	+	47	45	26	14	57	142
	3p	+	48	43	23	21	43	130
	3p	+	49	45	14	18	38	115
	3p	+	50	36	14	13	33	96
	3p	+	51	25	16	9	34	84
	3p	+	52	21	12	13	29	75
	3p	+	53	21	9	11	30	71
	3p	+	54	24	10	5	23	62
	3p	+	55	16	12	7	19	54
	3p	+	56	18	9	5	12	44
	3p	+	57	11	9	2	17	39
	3p	+	58	10	5	8	13	36
	3p	+	59	11	6	2	13	32
	3p	+	60	5	6	3	12	26
	3p	+	61	8	2	2	8	20
	3p	+	62	4	1	1	9	15
	3p	+	63	4	4	1	4	13
	3p	+	64	6	3	2	2	13
	3p	+	65	1	2	1	6	10
	3p	+	66	3	3	2	2	10
	3p	+	67	2	0	4	3	9
	3p	+	68	4	1	1	2	8
	3p	+	69	3	0	1	3	7
	3p	+	70	4	0	1	2	7
	3p	+	71	1	3	2	1	7
	3p	+	72	2	1	2	2	7
	3p	+	73	1	1	1	3	6
	3p	+	74	2	1	0	1	4
	3p	+	75	0	1	0	1	2
	3p	+	76	1	0	0	0	1
	3p	+	77	1	0	0	0	1
	3p	+	78	0	0	0	0	0
	3p	+	79	0	0	0	0	0
	3p	+	80	0	0	0	0	0
	3p	+	81	0	0	0	0	0
	3p	+	82	0	0	0	0	0
	3p	+	83	0	0	0	0	0
	3p	+	84	0	0	0	0	0
	3p	+	85	0	0	0	0	0
	3p	+	86	0	0	0	0	0
	3p	+	87	0	0	0	0	0
	3p	+	88	0	0	0	0	0
	3p	+	89	0	0	0	0	0
	3p	+	90	0	0	0	0	0
	3p	+	91	0	0	0	0	0
	3p	+	92	0	0	0	0	0
	3p	+	93	0	0	0	0	0
	3p	+	94	0	0	0	0	0
	3p	+	95	0	0	0	0	0
	3p	+	96	0	0	0	0	0
	3p	+	97	0	0	0	0	0
	3p	+	98	0	0	0	0	0
	3p	+	99	0	0	0	0	0
	3p	+	100	0	0	0	0	0
	3p	-	1	441	136	103	441	1121
	3p	-	2	445	212	127	337	1121
	3p	-	3	420	191	174	336	1121
	3p	-	4	411	195	178	337	1121
	3p	-	5	422	207	160	332	1121
	3p	-	6	431	184	197	309	1121
	3p	-	7	397	196	191	337	1121
	3p	-	8	392	221	204	304	1121
	3p	-	9	383	230	188	320	1121
	3p	-	10	397	201	174	349	1121
	3p	-	11	410	191	177	343	1121
	3p	-	12	412	225	193	291	1121
	3p	-	13	390	201	205	325	1121
	3p	-	14	399	208	201	313	1121
	3p	-	15	405	189	197	330	1121
	3p	-	16	396	191	179	355	1121
	3p	-	17	372	219	179	351	1121
	3p	-	18	352	227	189	353	1121
	3p	-	19	380	201	187	353	1121
	3p	-	20	401	194	178	348	1121
	3p	-	21	379	230	183	329	1121
	3p	-	22	380	208	178	355	1121
	3p	-	23	374	213	184	350	1121
	3p	-	24	400	227	182	312	1121
	3p	-	25	360	226	212	323	1121
	3p	-	26	379	204	195	343	1121
	3p	-	27	383	187	209	342	1121
	3p	-	28	385	202	213	321	1121
	3p	-	29	387	213	193	328	1121
	3p	-	30	360	230	207	324	1121
	3p	-	31	275	157	139	249	820
	3p	-	32	231	123	100	222	676
	3p	-	33	217	98	86	196	597
	3p	-	34	189	89	89	167	534
	3p	-	35	186	78	70	144	478
	3p	-	36	157	77	57	143	434
	3p	-	37	127	77	57	139	400
	3p	-	38	135	53	53	119	360
	3p	-	39	130	59	46	100	335
	3p	-	40	108	54	53	95	310
	3p	-	41	80	48	45	102	275
	3p	-	42	90	43	40	78	251
	3p	-	43	70	44	31	81	226
	3p	-	44	57	37	31	73	198
	3p	-	45	57	32	28	52	169
	3p	-	46	54	31	18	49	152
	3p	-	47	45	31	25	38	139
	3p	-	48	40	20	21	46	127
	3p	-	49	37	12	24	38	111
	3p	-	50	34	23	14	34	105
	3p	-	51	33	10	10	37	90
	3p	-	52	24	14	11	26	75
	3p	-	53	19	7	13	29	68
	3p	-	54	20	8	6	23	57
	3p	-	55	17	16	7	10	50
	3p	-	56	19	4	5	14	42
	3p	-	57	18	5	8	6	37
	3p	-	58	10	4	4	14	32
	3p	-	59	10	2	1	15	28
	3p	-	60	9	5	5	7	26
	3p	-	61	9	3	6	7	25
	3p	-	62	9	7	1	7	24
	3p	-	63	8	5	4	5	22
	3p	-	64	4	8	3	5	20
	3p	-	65	3	5	2	7	17
	3p	-	66	4	1	6	6	17
	3p	-	67	5	2	3	5	15
	3p	-	68	7	3	1	2	13
	3p	-	69	4	1	1	3	9
	3p	-	70	3	2	0	3	8
	3p	-	71	3	1	1	2	7
	3p	-	72	2	1	1	2	6
	3p	-	73	3	0	0	3	6
	3p	-	74	0	0	2	2	4
	3p	-	75	2	0	0	2	4
	3p	-	76	0	1	0	2	3
	3p	-	77	0	1	0	1	2
	3p	-	78	0	0	0	2	2
	3p	-	79	0	0	0	1	1
	3p	-	80	1	0	0	0	1
	3p	-	81	0	1	0	0	1
	3p	-	82	0	0	0	1	1
	3p	-	83	0	1	0	0	1
	3p	-	84	0	0	1	0	1
	3p	-	85	0	0	0	1	1
	3p	-	86	0	0	0	1	1
	3p	-	87	0	0	0	1	1
	3p	-	88	0	0	0	1	1
	3p	-	89	0	0	0	0	0
	3p	-	90	0	0	0	0	0
	3p	-	91	0	0	0	0	0
	3p	-	92	0	0	0	0	0
	3p	-	93	0	0	0	0	0
	3p	-	94	0	0	0	0	0
	3p	-	95	0	0	0	0	0
	3p	-	96	0	0	0	0	0
	3p	-	97	0	0	0	0	0
	3p	-	98	0	0	0	0	0
	3p	-	99	0	0	0	0	0
	3p	-	100	0	0	0	0	0
	5p	+	1	396	193	143	400	1132
	5p	+	2	424	171	172	365	1132
	5p	+	3	376	223	207	326	1132
	5p	+	4	406	209	197	320	1132
	5p	+	5	359	232	192	349	1132
	5p	+	6	352	204	207	369	1132
	5p	+	7	368	194	211	359	1132
	5p	+	8	395	214	199	324	1132
	5p	+	9	394	226	189	323	1132
	5p	+	10	396	217	194	325	1132
	5p	+	11	420	193	198	321	1132
	5p	+	12	404	203	183	342	1132
	5p	+	13	396	214	180	342	1132
	5p	+	14	350	225	208	349	1132
	5p	+	15	395	209	189	339	1132
	5p	+	16	410	183	184	355	1132
	5p	+	17	390	230	200	312	1132
	5p	+	18	413	226	192	301	1132
	5p	+	19	387	205	191	349	1132
	5p	+	20	397	202	181	352	1132
	5p	+	21	401	206	216	309	1132
	5p	+	22	416	207	179	330	1132
	5p	+	23	389	196	188	359	1132
	5p	+	24	401	216	176	339	1132
	5p	+	25	417	173	184	358	1132
	5p	+	26	402	205	189	336	1132
	5p	+	27	403	231	161	337	1132
	5p	+	28	407	202	175	348	1132
	5p	+	29	422	194	172	344	1132
	5p	+	30	420	197	167	348	1132
	5p	+	31	315	147	112	247	821
	5p	+	32	265	118	90	203	676
	5p	+	33	202	97	89	197	585
	5p	+	34	189	92	85	168	534
	5p	+	35	170	83	69	165	487
	5p	+	36	154	63	78	128	423
	5p	+	37	154	66	45	124	389
	5p	+	38	128	71	45	113	357
	5p	+	39	117	58	51	102	328
	5p	+	40	117	47	42	93	299
	5p	+	41	95	43	45	86	269
	5p	+	42	96	38	36	80	250
	5p	+	43	90	40	23	72	225
	5p	+	44	86	32	25	62	205
	5p	+	45	55	26	42	57	180
	5p	+	46	52	25	27	56	160
	5p	+	47	44	15	35	48	142
	5p	+	48	48	18	18	46	130
	5p	+	49	37	21	12	45	115
	5p	+	50	33	16	12	35	96
	5p	+	51	31	16	6	31	84
	5p	+	52	24	6	10	35	75
	5p	+	53	23	10	14	24	71
	5p	+	54	20	14	9	19	62
	5p	+	55	18	9	6	21	54
	5p	+	56	11	7	7	19	44
	5p	+	57	16	7	4	12	39
	5p	+	58	17	7	2	10	36
	5p	+	59	9	5	7	11	32
	5p	+	60	5	4	4	13	26
	5p	+	61	4	1	6	9	20
	5p	+	62	4	4	2	5	15
	5p	+	63	6	0	1	6	13
	5p	+	64	3	1	4	5	13
	5p	+	65	4	3	1	2	10
	5p	+	66	2	2	2	4	10
	5p	+	67	3	1	3	2	9
	5p	+	68	3	2	1	2	8
	5p	+	69	2	0	1	4	7
	5p	+	70	1	1	2	3	7
	5p	+	71	1	1	1	4	7
	5p	+	72	5	1	0	1	7
	5p	+	73	1	1	0	4	6
	5p	+	74	3	0	0	1	4
	5p	+	75	0	0	1	1	2
	5p	+	76	1	0	0	0	1
	5p	+	77	0	1	0	0	1
	5p	+	78	0	0	0	0	0
	5p	+	79	0	0	0	0	0
	5p	+	80	0	0	0	0	0
	5p	+	81	0	0	0	0	0
	5p	+	82	0	0	0	0	0
	5p	+	83	0	0	0	0	0
	5p	+	84	0	0	0	0	0
	5p	+	85	0	0	0	0	0
	5p	+	86	0	0	0	0	0
	5p	+	87	0	0	0	0	0
	5p	+	88	0	0	0	0	0
	5p	+	89	0	0	0	0	0
	5p	+	90	0	0	0	0	0
	5p	+	91	0	0	0	0	0
	5p	+	92	0	0	0	0	0
	5p	+	93	0	0	0	0	0
	5p	+	94	0	0	0	0	0
	5p	+	95	0	0	0	0	0
	5p	+	96	0	0	0	0	0
	5p	+	97	0	0	0	0	0
	5p	+	98	0	0	0	0	0
	5p	+	99	0	0	0	0	0
	5p	+	100	0	0	0	0	0
	5p	-	1	394	189	158	380	1121
	5p	-	2	379	189	185	368	1121
	5p	-	3	373	234	171	343	1121
	5p	-	4	425	191	164	341	1121
	5p	-	5	350	213	194	364	1121
	5p	-	6	375	194	202	350	1121
	5p	-	7	354	220	219	328	1121
	5p	-	8	410	201	194	316	1121
	5p	-	9	414	211	176	320	1121
	5p	-	10	386	207	187	341	1121
	5p	-	11	395	206	190	330	1121
	5p	-	12	387	207	176	351	1121
	5p	-	13	349	220	190	362	1121
	5p	-	14	371	230	199	321	1121
	5p	-	15	385	202	185	349	1121
	5p	-	16	406	202	186	327	1121
	5p	-	17	385	220	194	322	1121
	5p	-	18	380	215	203	323	1121
	5p	-	19	388	223	198	312	1121
	5p	-	20	420	199	178	324	1121
	5p	-	21	395	205	178	343	1121
	5p	-	22	404	213	190	314	1121
	5p	-	23	399	202	181	339	1121
	5p	-	24	401	196	180	344	1121
	5p	-	25	385	231	188	317	1121
	5p	-	26	425	205	182	309	1121
	5p	-	27	394	199	198	330	1121
	5p	-	28	417	193	167	344	1121
	5p	-	29	399	198	170	354	1121
	5p	-	30	396	212	157	356	1121
	5p	-	31	313	144	122	241	820
	5p	-	32	230	137	107	202	676
	5p	-	33	211	97	106	183	597
	5p	-	34	207	97	68	162	534
	5p	-	35	188	78	77	135	478
	5p	-	36	151	66	73	144	434
	5p	-	37	124	71	70	135	400
	5p	-	38	140	61	46	113	360
	5p	-	39	131	51	53	100	335
	5p	-	40	102	52	45	111	310
	5p	-	41	92	42	32	109	275
	5p	-	42	73	47	39	92	251
	5p	-	43	79	39	37	71	226
	5p	-	44	70	29	23	76	198
	5p	-	45	74	21	22	52	169
	5p	-	46	52	25	24	51	152
	5p	-	47	40	21	22	56	139
	5p	-	48	43	22	18	44	127
	5p	-	49	38	18	14	41	111
	5p	-	50	43	11	18	33	105
	5p	-	51	35	15	15	25	90
	5p	-	52	29	13	12	21	75
	5p	-	53	28	9	13	18	68
	5p	-	54	19	10	13	15	57
	5p	-	55	18	5	6	21	50
	5p	-	56	11	6	8	17	42
	5p	-	57	12	8	5	12	37
	5p	-	58	15	4	4	9	32
	5p	-	59	12	6	3	7	28
	5p	-	60	8	6	1	11	26
	5p	-	61	7	4	2	12	25
	5p	-	62	7	5	3	9	24
	5p	-	63	11	1	2	8	22
	5p	-	64	9	3	4	4	20
	5p	-	65	6	2	2	7	17
	5p	-	66	8	1	4	4	17
	5p	-	67	7	3	2	3	15
	5p	-	68	5	0	2	6	13
	5p	-	69	1	1	3	4	9
	5p	-	70	5	1	0	2	8
	5p	-	71	1	1	2	3	7
	5p	-	72	4	0	0	2	6
	5p	-	73	1	0	1	4	6
	5p	-	74	1	2	0	1	4
	5p	-	75	3	0	0	1	4
	5p	-	76	1	0	0	2	3
	5p	-	77	0	0	0	2	2
	5p	-	78	0	1	0	1	2
	5p	-	79	0	0	0	1	1
	5p	-	80	0	0	0	1	1
	5p	-	81	0	0	0	1	1
	5p	-	82	0	0	1	0	1
	5p	-	83	0	0	1	0	1
	5p	-	84	1	0	0	0	1
	5p	-	85	0	0	1	0	1
	5p	-	86	0	0	0	1	1
	5p	-	87	1	0	0	0	1
	5p	-	88	0	0	0	1	1
	5p	-	89	0	0	0	0	0
	5p	-	90	0	0	0	0	0
	5p	-	91	0	0	0	0	0
	5p	-	92	0	0	0	0	0
	5p	-	93	0	0	0	0	0
	5p	-	94	0	0	0	0	0
	5p	-	95	0	0	0	0	0
	5p	-	96	0	0	0	0	0
	5p	-	97	0	0	0	0	0
	5p	-	98	0	0	0	0	0
	5p	-	99	0	0	0	0	0
	5p	-	100	0	0	0	0	0
