# table produced by DamageProfiler
# using mapped file ScA005_BEST_017.BuffaloCape_Human_nc.Target.rmdup.noMicro.bam
# Sample ID: ScA005_BEST_017.BuffaloCape_Human_nc.Target.rmdup.noMicro.bam
Pos	C>T	G>A	A>C	A>G	A>T	C>A	C>G	G>C	G>T	T>A	T>C	T>G	->ACGT	ACGT>-
24	0.004962	0.004777	0.001069	0.003099	0.000768	0.001385	0.001125	0.001007	0.001093	0.000660	0.003522	0.000770	0.000183	0.000000
23	0.005472	0.005286	0.000829	0.003289	0.000940	0.000974	0.000974	0.001069	0.001300	0.000630	0.003395	0.001177	0.000183	0.000000
22	0.005239	0.005299	0.001006	0.003130	0.000531	0.001501	0.001020	0.001209	0.001209	0.000714	0.004066	0.000852	0.000197	0.000000
21	0.004427	0.005369	0.000857	0.003540	0.000857	0.001241	0.000874	0.000755	0.001161	0.001052	0.003736	0.001024	0.000267	0.000000
20	0.004243	0.005676	0.001231	0.003273	0.000755	0.001236	0.000983	0.000956	0.000985	0.000798	0.003934	0.001128	0.000134	0.000000
19	0.004541	0.005868	0.000994	0.003149	0.000552	0.001233	0.000925	0.000930	0.001307	0.000696	0.003842	0.000891	0.000204	0.000000
18	0.004084	0.005271	0.001297	0.003340	0.000773	0.001315	0.000783	0.000996	0.001259	0.000693	0.003795	0.000720	0.000190	0.000000
17	0.004204	0.006389	0.001102	0.003252	0.000744	0.001114	0.000863	0.001183	0.001272	0.000746	0.003341	0.000690	0.000141	0.000000
16	0.003917	0.006215	0.001195	0.003167	0.000778	0.001389	0.000917	0.001070	0.001754	0.000956	0.003771	0.000984	0.000225	0.000000
15	0.003839	0.007050	0.001101	0.002808	0.000688	0.001205	0.000925	0.000800	0.001303	0.000878	0.004143	0.001043	0.000197	0.000000
14	0.003384	0.006399	0.001164	0.003410	0.000638	0.001026	0.000915	0.000855	0.001504	0.000497	0.003896	0.001161	0.000218	0.000000
13	0.003776	0.006956	0.000793	0.003474	0.000602	0.001454	0.001371	0.000985	0.001343	0.000686	0.004475	0.000796	0.000169	0.000000
12	0.003479	0.007288	0.001317	0.003648	0.000905	0.001527	0.000792	0.000892	0.001339	0.000489	0.003152	0.000815	0.000141	0.000000
11	0.003040	0.008031	0.001166	0.003525	0.000705	0.001193	0.000852	0.000964	0.001051	0.000947	0.004067	0.001031	0.000141	0.000000
10	0.003759	0.007457	0.000872	0.003650	0.000626	0.001531	0.000947	0.000980	0.001307	0.000779	0.004982	0.000835	0.000232	0.000000
9	0.004138	0.008586	0.001281	0.003293	0.000758	0.001649	0.001157	0.000940	0.001504	0.000774	0.004162	0.001067	0.000218	0.000000
8	0.003992	0.008610	0.001183	0.003442	0.000807	0.001614	0.000793	0.001152	0.001425	0.000762	0.004629	0.000899	0.000281	0.000000
7	0.003331	0.009949	0.001008	0.003809	0.000756	0.001260	0.001148	0.001010	0.001099	0.000754	0.004445	0.000916	0.000218	0.000000
6	0.003294	0.010659	0.001038	0.003224	0.000683	0.001535	0.000782	0.000997	0.001340	0.001061	0.004269	0.001034	0.000204	0.000000
5	0.004432	0.012160	0.001127	0.003099	0.000794	0.001767	0.000724	0.000921	0.000983	0.000942	0.005070	0.000859	0.000127	0.000000
4	0.004818	0.012567	0.000879	0.002979	0.000659	0.001629	0.001282	0.000800	0.000948	0.000749	0.004082	0.001033	0.000091	0.000000
3	0.005640	0.009595	0.001189	0.003594	0.001034	0.002314	0.001555	0.000996	0.001625	0.001032	0.003891	0.001376	0.000028	0.000000
2	0.003967	0.011216	0.001526	0.004168	0.000926	0.001544	0.001145	0.001160	0.001602	0.001855	0.005661	0.001824	0.000035	0.000000
1	0.003189	0.018132	0.002103	0.004873	0.001282	0.001854	0.001434	0.001874	0.001441	0.002169	0.007041	0.002525	0.000007	0.000000
0	0.009699	0.027283	0.001938	0.004832	0.002163	0.003132	0.001887	0.001755	0.002802	0.001517	0.004640	0.001628	0.000000	0.000000
