# table produced by DamageProfiler
# using mapped file ScA005_BEST_017.BuffaloCape_Human_nc.Target.rmdup.noMicro.bam
# Sample ID: ScA005_BEST_017.BuffaloCape_Human_nc.Target.rmdup.noMicro.bam
Pos	C>T	G>A	A>C	A>G	A>T	C>A	C>G	G>C	G>T	T>A	T>C	T>G	->ACGT	ACGT>-
0	0.022687	0.010936	0.002585	0.004769	0.001605	0.002193	0.001034	0.002533	0.003096	0.002770	0.006149	0.001887	0.000000	0.000000
1	0.020049	0.003517	0.002790	0.008258	0.002455	0.001976	0.002034	0.001552	0.002224	0.001244	0.004283	0.001579	0.000014	0.000000
2	0.011696	0.004328	0.001970	0.005726	0.001878	0.001652	0.001354	0.001027	0.001748	0.000979	0.003697	0.001631	0.000007	0.000000
3	0.010633	0.005656	0.001494	0.003486	0.001206	0.001508	0.001118	0.001501	0.002001	0.000883	0.003607	0.001009	0.000049	0.000000
4	0.011894	0.004716	0.000904	0.003693	0.001162	0.001516	0.000684	0.000851	0.001986	0.000696	0.002640	0.000840	0.000148	0.000000
5	0.011336	0.003695	0.001060	0.004408	0.001283	0.001201	0.001479	0.000864	0.001639	0.000892	0.003246	0.000942	0.000162	0.000000
6	0.009916	0.004109	0.001108	0.004984	0.000870	0.001533	0.000845	0.000948	0.001351	0.000719	0.003410	0.000853	0.000141	0.000000
7	0.008206	0.004180	0.000963	0.003633	0.000963	0.001553	0.000791	0.001023	0.000906	0.000772	0.003594	0.001225	0.000141	0.000000
8	0.009138	0.004125	0.001060	0.003935	0.001284	0.001413	0.001232	0.001112	0.001170	0.000719	0.003313	0.000873	0.000127	0.000000
9	0.008507	0.004254	0.001088	0.004080	0.000898	0.001273	0.001118	0.001224	0.001107	0.000591	0.002851	0.001028	0.000169	0.000000
10	0.007195	0.004274	0.000983	0.003846	0.000702	0.001141	0.000907	0.000731	0.001546	0.000760	0.003203	0.000869	0.000176	0.000000
11	0.007720	0.003174	0.001089	0.003295	0.000726	0.001330	0.001099	0.001472	0.001183	0.000699	0.003335	0.001103	0.000112	0.000000
12	0.007704	0.004086	0.001126	0.004037	0.000961	0.001264	0.000941	0.001029	0.001572	0.000543	0.003368	0.000951	0.000098	0.000000
13	0.007191	0.003724	0.000775	0.003543	0.000554	0.001267	0.001091	0.000597	0.001166	0.000378	0.003676	0.000838	0.000098	0.000000
14	0.006105	0.004078	0.000880	0.003356	0.000578	0.001274	0.001037	0.000900	0.001209	0.000574	0.003308	0.001312	0.000134	0.000000
15	0.006644	0.004567	0.000774	0.003236	0.000940	0.001152	0.001004	0.001177	0.001009	0.000904	0.003643	0.000657	0.000091	0.000000
16	0.005954	0.004338	0.001038	0.003988	0.000656	0.001066	0.001214	0.001259	0.001147	0.000748	0.002935	0.000886	0.000148	0.000000
17	0.006244	0.004344	0.000942	0.003714	0.000721	0.001546	0.000963	0.000785	0.001654	0.000663	0.003564	0.000774	0.000120	0.000000
18	0.005201	0.003746	0.000940	0.004258	0.000802	0.001162	0.001337	0.001183	0.001352	0.000941	0.003155	0.000803	0.000148	0.000000
19	0.005303	0.004402	0.001083	0.003471	0.000639	0.001107	0.001107	0.000897	0.001121	0.000552	0.002980	0.000773	0.000084	0.000000
20	0.004715	0.004525	0.000639	0.003695	0.000834	0.001649	0.000926	0.000815	0.001068	0.000610	0.003270	0.000970	0.000105	0.000000
21	0.004639	0.005566	0.001225	0.003841	0.000946	0.001203	0.001117	0.001136	0.001391	0.000636	0.003733	0.000996	0.000120	0.000000
22	0.005119	0.004929	0.000827	0.003526	0.000606	0.001237	0.000748	0.000980	0.001355	0.000768	0.003566	0.000878	0.000084	0.000000
23	0.004691	0.004706	0.000724	0.003565	0.000724	0.000973	0.001259	0.000775	0.001291	0.000657	0.003232	0.001424	0.000084	0.000000
24	0.004490	0.005978	0.000765	0.004124	0.000710	0.001410	0.001209	0.000991	0.001254	0.000629	0.003418	0.000875	0.000098	0.000000
