# table produced by DamageProfiler
# using mapped file ScA005_BEST_017.BuffaloCape_Human_nc.Target.rmdup.noMicro.bam
# Sample ID: ScA005_BEST_017.BuffaloCape_Human_nc.Target.rmdup.noMicro.bam
Chr	End	Std	Pos	A	C	G	T	Total	G>A	C>T	A>G	T>C	A>C	A>T	C>G	C>A	T>G	T>A	G>C	G>T	A>-	T>-	C>-	G>-	->A	->T	->C	->G	S
	3p	+	1	17882.0	13252.0	17729.0	22497.0	71360.0	486.0	134.0	80.0	109.0	36.0	37.0	28.0	39.0	38.0	31.0	34.0	58.0	0.0	0.0	0.0	0.0	0.0	0.0	0.0	0.0	0.0
	3p	+	2	19616.0	20200.0	17417.0	14127.0	71360.0	308.0	65.0	80.0	95.0	43.0	28.0	38.0	34.0	43.0	29.0	26.0	23.0	0.0	0.0	0.0	0.0	0.0	0.0	0.0	0.0	0.0
	3p	+	3	18396.0	18769.0	18252.0	15943.0	71360.0	212.0	83.0	66.0	91.0	30.0	19.0	21.0	22.0	26.0	28.0	21.0	32.0	0.0	0.0	0.0	0.0	0.0	0.0	0.0	0.0	0.0
	3p	+	4	19530.0	13834.0	19043.0	18953.0	71360.0	187.0	78.0	74.0	82.0	24.0	20.0	20.0	33.0	24.0	20.0	23.0	23.0	0.0	0.0	0.0	0.0	0.0	0.0	0.0	0.0	0.0
	3p	+	5	20511.0	14615.0	16850.0	19383.0	71359.0	207.0	72.0	64.0	83.0	16.0	16.0	19.0	25.0	18.0	15.0	10.0	18.0	0.0	0.0	0.0	0.0	0.0	0.0	0.0	0.0	0.0
	3p	+	6	19633.0	17423.0	16182.0	18112.0	71350.0	186.0	86.0	57.0	91.0	17.0	17.0	13.0	28.0	13.0	17.0	10.0	14.0	0.0	0.0	0.0	0.0	4.0	0.0	1.0	3.0	0.0
	3p	+	7	18448.0	17977.0	16065.0	18854.0	71344.0	164.0	54.0	64.0	76.0	19.0	11.0	13.0	27.0	25.0	16.0	13.0	15.0	0.0	0.0	0.0	0.0	4.0	0.0	3.0	4.0	0.0
	3p	+	8	17823.0	17930.0	16867.0	18722.0	71342.0	171.0	54.0	70.0	85.0	19.0	13.0	23.0	18.0	15.0	16.0	17.0	16.0	0.0	0.0	0.0	0.0	5.0	0.0	5.0	3.0	0.0
	3p	+	9	18661.0	17759.0	16496.0	18418.0	71334.0	148.0	63.0	64.0	94.0	26.0	18.0	13.0	29.0	13.0	12.0	16.0	21.0	0.0	0.0	0.0	0.0	9.0	0.0	10.0	5.0	0.0
	3p	+	10	19068.0	17322.0	16129.0	18813.0	71332.0	149.0	66.0	61.0	78.0	26.0	9.0	19.0	30.0	23.0	15.0	16.0	21.0	0.0	0.0	0.0	0.0	5.0	0.0	8.0	5.0	0.0
	3p	+	11	18422.0	17927.0	16861.0	18126.0	71336.0	137.0	60.0	74.0	93.0	18.0	14.0	22.0	29.0	20.0	14.0	16.0	20.0	0.0	0.0	0.0	0.0	7.0	0.0	9.0	4.0	0.0
	3p	+	12	18560.0	17642.0	17150.0	17998.0	71350.0	143.0	61.0	63.0	78.0	24.0	12.0	20.0	21.0	18.0	17.0	14.0	18.0	0.0	0.0	0.0	0.0	0.0	0.0	2.0	3.0	0.0
	3p	+	13	18344.0	17644.0	16856.0	18502.0	71346.0	124.0	61.0	70.0	57.0	23.0	14.0	15.0	36.0	12.0	11.0	11.0	22.0	0.0	0.0	0.0	0.0	1.0	0.0	5.0	3.0	0.0
	3p	+	14	18388.0	17804.0	16865.0	18293.0	71350.0	119.0	66.0	59.0	84.0	14.0	13.0	24.0	26.0	18.0	14.0	18.0	23.0	0.0	0.0	0.0	0.0	2.0	0.0	4.0	4.0	0.0
	3p	+	15	17970.0	18131.0	17021.0	18218.0	71340.0	105.0	53.0	59.0	74.0	23.0	12.0	16.0	24.0	16.0	4.0	13.0	26.0	0.0	0.0	0.0	0.0	11.0	0.0	2.0	7.0	0.0
	3p	+	16	18191.0	17901.0	16973.0	18280.0	71345.0	125.0	78.0	54.0	78.0	20.0	14.0	18.0	19.0	17.0	20.0	13.0	21.0	0.0	0.0	0.0	0.0	1.0	0.0	2.0	5.0	0.0
	3p	+	17	18013.0	18041.0	16936.0	18352.0	71342.0	107.0	72.0	60.0	68.0	24.0	14.0	17.0	22.0	25.0	18.0	16.0	31.0	0.0	0.0	0.0	0.0	6.0	0.0	4.0	1.0	0.0
	3p	+	18	18124.0	17886.0	17195.0	18142.0	71347.0	108.0	80.0	69.0	68.0	18.0	15.0	15.0	16.0	12.0	13.0	16.0	24.0	0.0	0.0	0.0	0.0	1.0	0.0	4.0	1.0	0.0
	3p	+	19	18026.0	17983.0	17108.0	18228.0	71345.0	80.0	67.0	61.0	65.0	24.0	13.0	14.0	22.0	13.0	13.0	20.0	23.0	0.0	0.0	0.0	0.0	5.0	0.0	4.0	4.0	0.0
	3p	+	20	18252.0	17776.0	17297.0	18015.0	71340.0	100.0	82.0	62.0	73.0	22.0	10.0	17.0	24.0	16.0	15.0	12.0	27.0	0.0	0.0	0.0	0.0	7.0	0.0	3.0	6.0	0.0
	3p	+	21	17996.0	17838.0	17288.0	18220.0	71342.0	89.0	69.0	63.0	70.0	25.0	11.0	17.0	22.0	19.0	15.0	15.0	15.0	0.0	0.0	0.0	0.0	3.0	0.0	5.0	2.0	0.0
	3p	+	22	17940.0	17764.0	17396.0	18235.0	71335.0	92.0	89.0	59.0	72.0	16.0	18.0	12.0	20.0	25.0	24.0	16.0	24.0	0.0	0.0	0.0	0.0	6.0	0.0	6.0	7.0	0.0
	3p	+	23	18020.0	17821.0	17388.0	18111.0	71340.0	95.0	95.0	58.0	78.0	17.0	12.0	17.0	30.0	15.0	14.0	23.0	21.0	0.0	0.0	0.0	0.0	7.0	0.0	6.0	0.0	0.0
	3p	+	24	18186.0	17525.0	17348.0	18287.0	71346.0	82.0	90.0	67.0	66.0	18.0	12.0	17.0	16.0	21.0	14.0	20.0	24.0	0.0	0.0	0.0	0.0	6.0	0.0	3.0	2.0	0.0
	3p	+	25	18224.0	17358.0	17556.0	18199.0	71337.0	82.0	87.0	47.0	63.0	23.0	7.0	16.0	29.0	15.0	8.0	25.0	15.0	0.0	0.0	0.0	0.0	8.0	0.0	2.0	5.0	0.0
	3p	+	26	18223.0	17409.0	17338.0	18370.0	71340.0	83.0	94.0	58.0	55.0	16.0	23.0	17.0	25.0	17.0	10.0	19.0	25.0	0.0	0.0	0.0	0.0	6.0	0.0	4.0	4.0	0.0
	3p	+	27	18103.0	17282.0	17435.0	18524.0	71344.0	83.0	84.0	62.0	75.0	8.0	14.0	22.0	20.0	16.0	9.0	21.0	19.0	0.0	0.0	0.0	0.0	4.0	0.0	3.0	3.0	0.0
	3p	+	28	18380.0	17479.0	17171.0	18304.0	71334.0	94.0	97.0	75.0	73.0	20.0	18.0	23.0	24.0	11.0	10.0	23.0	20.0	0.0	0.0	0.0	0.0	10.0	0.0	2.0	2.0	0.0
	3p	+	29	18115.0	17135.0	17548.0	18548.0	71346.0	79.0	97.0	74.0	51.0	18.0	18.0	14.0	26.0	17.0	14.0	17.0	19.0	0.0	0.0	0.0	0.0	2.0	0.0	1.0	2.0	0.0
	3p	+	30	18219.0	17330.0	17128.0	18657.0	71334.0	49.0	119.0	66.0	71.0	17.0	13.0	21.0	24.0	13.0	19.0	23.0	22.0	0.0	0.0	0.0	0.0	8.0	0.0	3.0	5.0	0.0
	3p	+	31	17915.0	17052.0	17183.0	18389.0	70539.0	90.0	116.0	55.0	68.0	17.0	11.0	20.0	27.0	19.0	9.0	12.0	14.0	0.0	0.0	0.0	0.0	6.0	0.0	1.0	2.0	0.0
	3p	+	32	18125.0	16741.0	16466.0	18266.0	69598.0	89.0	125.0	56.0	72.0	19.0	17.0	17.0	24.0	16.0	19.0	20.0	18.0	0.0	0.0	0.0	0.0	7.0	0.0	6.0	4.0	0.0
	3p	+	33	18110.0	16290.0	16450.0	17717.0	68567.0	86.0	102.0	63.0	58.0	16.0	16.0	14.0	23.0	11.0	12.0	10.0	18.0	0.0	0.0	0.0	0.0	5.0	0.0	1.0	2.0	0.0
	3p	+	34	17210.0	16214.0	16057.0	17949.0	67430.0	82.0	124.0	59.0	55.0	26.0	5.0	14.0	23.0	17.0	14.0	19.0	30.0	0.0	0.0	0.0	0.0	5.0	0.0	1.0	9.0	0.0
	3p	+	35	17347.0	15634.0	15850.0	17483.0	66314.0	84.0	108.0	71.0	55.0	8.0	11.0	20.0	22.0	15.0	11.0	14.0	17.0	0.0	0.0	0.0	0.0	5.0	0.0	1.0	1.0	0.0
	3p	+	36	16969.0	15343.0	15408.0	17334.0	65054.0	60.0	96.0	57.0	46.0	16.0	16.0	16.0	15.0	20.0	19.0	17.0	20.0	0.0	0.0	0.0	0.0	4.0	0.0	2.0	3.0	0.0
	3p	+	37	16744.0	15140.0	14762.0	17020.0	63666.0	50.0	112.0	52.0	64.0	19.0	11.0	11.0	18.0	10.0	11.0	18.0	16.0	0.0	0.0	0.0	0.0	11.0	0.0	4.0	3.0	0.0
	3p	+	38	16293.0	14529.0	14463.0	16873.0	62158.0	66.0	103.0	56.0	41.0	14.0	12.0	16.0	13.0	17.0	13.0	7.0	24.0	0.0	0.0	0.0	0.0	3.0	0.0	4.0	5.0	0.0
	3p	+	39	15806.0	14196.0	14113.0	16416.0	60531.0	77.0	101.0	47.0	57.0	19.0	12.0	11.0	19.0	18.0	11.0	16.0	20.0	0.0	0.0	0.0	0.0	6.0	0.0	3.0	1.0	0.0
	3p	+	40	15621.0	13731.0	13608.0	15952.0	58912.0	53.0	107.0	54.0	43.0	17.0	12.0	15.0	23.0	16.0	10.0	11.0	23.0	0.0	0.0	0.0	0.0	7.0	0.0	2.0	7.0	0.0
	3p	+	41	15359.0	13226.0	13107.0	15530.0	57222.0	65.0	100.0	54.0	49.0	23.0	14.0	16.0	18.0	10.0	10.0	18.0	13.0	0.0	0.0	0.0	0.0	7.0	0.0	4.0	4.0	0.0
	3p	+	42	14914.0	12756.0	12742.0	15098.0	55510.0	46.0	103.0	61.0	49.0	13.0	15.0	17.0	23.0	11.0	11.0	14.0	14.0	0.0	0.0	0.0	0.0	2.0	0.0	4.0	3.0	0.0
	3p	+	43	14356.0	12163.0	12547.0	14699.0	53765.0	45.0	107.0	55.0	55.0	18.0	2.0	19.0	19.0	23.0	10.0	17.0	19.0	0.0	0.0	0.0	0.0	7.0	0.0	0.0	0.0	0.0
	3p	+	44	14000.0	11903.0	11789.0	14355.0	52047.0	57.0	96.0	50.0	49.0	13.0	9.0	11.0	24.0	10.0	11.0	11.0	22.0	0.0	0.0	0.0	0.0	4.0	0.0	4.0	1.0	0.0
	3p	+	45	13628.0	11451.0	11426.0	13833.0	50338.0	48.0	109.0	58.0	43.0	7.0	12.0	11.0	17.0	8.0	14.0	12.0	20.0	0.0	0.0	0.0	0.0	4.0	0.0	4.0	4.0	0.0
	3p	+	46	13047.0	11063.0	11049.0	13398.0	48557.0	53.0	110.0	49.0	43.0	15.0	13.0	7.0	10.0	13.0	15.0	14.0	17.0	0.0	0.0	0.0	0.0	5.0	0.0	1.0	2.0	0.0
	3p	+	47	12683.0	10655.0	10647.0	12863.0	46848.0	61.0	109.0	43.0	35.0	11.0	11.0	16.0	15.0	12.0	14.0	5.0	17.0	0.0	0.0	0.0	0.0	2.0	0.0	3.0	4.0	0.0
	3p	+	48	12107.0	10165.0	10247.0	12550.0	45069.0	52.0	106.0	42.0	46.0	13.0	15.0	6.0	21.0	10.0	11.0	14.0	18.0	0.0	0.0	0.0	0.0	7.0	0.0	0.0	2.0	0.0
	3p	+	49	11658.0	9866.0	9632.0	12125.0	43281.0	47.0	95.0	35.0	41.0	13.0	14.0	9.0	21.0	9.0	11.0	10.0	18.0	0.0	0.0	0.0	0.0	8.0	0.0	4.0	3.0	0.0
	3p	+	50	11182.0	9480.0	9247.0	11631.0	41540.0	52.0	91.0	50.0	33.0	14.0	19.0	11.0	14.0	16.0	9.0	9.0	15.0	0.0	0.0	0.0	0.0	3.0	0.0	1.0	4.0	0.0
	3p	+	51	10886.0	8894.0	9083.0	11014.0	39877.0	40.0	97.0	40.0	31.0	9.0	6.0	3.0	10.0	10.0	9.0	13.0	14.0	0.0	0.0	0.0	0.0	5.0	0.0	1.0	7.0	0.0
	3p	+	52	10375.0	8535.0	8668.0	10708.0	38286.0	44.0	74.0	41.0	38.0	12.0	12.0	13.0	9.0	11.0	4.0	10.0	17.0	0.0	0.0	0.0	0.0	6.0	0.0	3.0	2.0	0.0
	3p	+	53	10097.0	8122.0	8277.0	10143.0	36639.0	36.0	78.0	37.0	39.0	9.0	6.0	5.0	11.0	10.0	10.0	11.0	15.0	0.0	0.0	0.0	0.0	3.0	0.0	0.0	2.0	0.0
	3p	+	54	9658.0	7798.0	7904.0	9753.0	35113.0	35.0	72.0	31.0	33.0	16.0	8.0	11.0	18.0	7.0	15.0	12.0	18.0	0.0	0.0	0.0	0.0	3.0	0.0	0.0	3.0	0.0
	3p	+	55	9272.0	7449.0	7538.0	9411.0	33670.0	35.0	62.0	45.0	31.0	16.0	9.0	8.0	7.0	9.0	6.0	10.0	7.0	0.0	0.0	0.0	0.0	4.0	0.0	3.0	2.0	0.0
	3p	+	56	8834.0	7185.0	7191.0	9054.0	32264.0	47.0	52.0	33.0	20.0	6.0	11.0	10.0	13.0	11.0	7.0	15.0	10.0	0.0	0.0	0.0	0.0	5.0	0.0	1.0	1.0	0.0
	3p	+	57	8394.0	6860.0	6892.0	8736.0	30882.0	34.0	56.0	28.0	23.0	9.0	8.0	5.0	14.0	8.0	7.0	7.0	10.0	0.0	0.0	0.0	0.0	1.0	0.0	4.0	0.0	0.0
	3p	+	58	8127.0	6565.0	6573.0	8287.0	29552.0	34.0	67.0	34.0	32.0	8.0	7.0	12.0	11.0	10.0	6.0	11.0	12.0	0.0	0.0	0.0	0.0	1.0	0.0	1.0	2.0	0.0
	3p	+	59	7651.0	6322.0	6309.0	7942.0	28224.0	36.0	54.0	36.0	15.0	8.0	8.0	6.0	13.0	10.0	7.0	9.0	12.0	0.0	0.0	0.0	0.0	2.0	0.0	1.0	1.0	0.0
	3p	+	60	7514.0	6026.0	5999.0	7456.0	26995.0	27.0	58.0	25.0	28.0	8.0	3.0	9.0	10.0	11.0	8.0	7.0	8.0	0.0	0.0	0.0	0.0	1.0	0.0	2.0	0.0	0.0
	3p	+	61	7162.0	5757.0	5676.0	7164.0	25759.0	22.0	54.0	25.0	15.0	7.0	5.0	8.0	8.0	6.0	7.0	8.0	5.0	0.0	0.0	0.0	0.0	2.0	0.0	1.0	1.0	0.0
	3p	+	62	6672.0	5514.0	5506.0	6963.0	24655.0	30.0	54.0	15.0	28.0	8.0	5.0	4.0	8.0	11.0	5.0	6.0	13.0	0.0	0.0	0.0	0.0	4.0	0.0	1.0	1.0	0.0
	3p	+	63	6477.0	5186.0	5151.0	6719.0	23533.0	25.0	48.0	21.0	32.0	9.0	6.0	3.0	8.0	3.0	3.0	10.0	15.0	0.0	0.0	0.0	0.0	0.0	0.0	2.0	1.0	0.0
	3p	+	64	6129.0	4989.0	5014.0	6348.0	22480.0	28.0	44.0	16.0	22.0	5.0	12.0	12.0	6.0	6.0	8.0	6.0	12.0	0.0	0.0	0.0	0.0	2.0	0.0	1.0	1.0	0.0
	3p	+	65	5924.0	4705.0	4621.0	6157.0	21407.0	32.0	53.0	18.0	22.0	3.0	8.0	5.0	14.0	5.0	10.0	6.0	8.0	0.0	0.0	0.0	0.0	0.0	0.0	1.0	0.0	0.0
	3p	+	66	5506.0	4543.0	4530.0	5823.0	20402.0	20.0	44.0	18.0	17.0	5.0	6.0	5.0	5.0	6.0	6.0	5.0	9.0	0.0	0.0	0.0	0.0	0.0	0.0	1.0	0.0	0.0
	3p	+	67	5480.0	4245.0	4286.0	5479.0	19490.0	24.0	40.0	14.0	17.0	7.0	6.0	8.0	4.0	3.0	7.0	6.0	2.0	0.0	0.0	0.0	0.0	0.0	0.0	2.0	0.0	0.0
	3p	+	68	5081.0	4205.0	4010.0	5311.0	18607.0	26.0	40.0	20.0	15.0	5.0	3.0	5.0	8.0	3.0	6.0	5.0	8.0	0.0	0.0	0.0	0.0	3.0	0.0	0.0	0.0	0.0
	3p	+	69	4811.0	4005.0	3896.0	5078.0	17790.0	19.0	28.0	19.0	21.0	11.0	6.0	3.0	12.0	6.0	4.0	5.0	9.0	0.0	0.0	0.0	0.0	0.0	0.0	0.0	0.0	0.0
	3p	+	70	4692.0	3694.0	3719.0	4847.0	16952.0	24.0	28.0	24.0	10.0	3.0	6.0	1.0	5.0	6.0	4.0	8.0	8.0	0.0	0.0	0.0	0.0	3.0	0.0	0.0	0.0	0.0
	3p	+	71	4504.0	3555.0	3548.0	4611.0	16218.0	17.0	37.0	24.0	10.0	6.0	3.0	2.0	8.0	2.0	5.0	4.0	1.0	0.0	0.0	0.0	0.0	0.0	0.0	1.0	1.0	0.0
	3p	+	72	4374.0	3363.0	3411.0	4340.0	15488.0	15.0	26.0	20.0	11.0	7.0	4.0	5.0	2.0	5.0	6.0	6.0	2.0	0.0	0.0	0.0	0.0	2.0	0.0	0.0	0.0	0.0
	3p	+	73	4070.0	3182.0	3299.0	4217.0	14768.0	18.0	32.0	11.0	14.0	3.0	4.0	5.0	2.0	3.0	3.0	4.0	11.0	0.0	0.0	0.0	0.0	1.0	0.0	0.0	1.0	0.0
	3p	+	74	3853.0	3101.0	3119.0	4019.0	14092.0	13.0	30.0	19.0	15.0	3.0	2.0	6.0	4.0	5.0	2.0	3.0	6.0	0.0	0.0	0.0	0.0	0.0	0.0	0.0	1.0	0.0
	3p	+	75	3689.0	2936.0	2983.0	3818.0	13426.0	7.0	26.0	11.0	14.0	7.0	3.0	2.0	9.0	3.0	1.0	4.0	9.0	0.0	0.0	0.0	0.0	0.0	0.0	0.0	1.0	0.0
	3p	+	76	3424.0	2857.0	2798.0	3690.0	12769.0	12.0	29.0	14.0	11.0	4.0	0.0	3.0	7.0	2.0	1.0	3.0	6.0	0.0	0.0	0.0	0.0	0.0	0.0	1.0	1.0	0.0
	3p	+	77	3411.0	2736.0	2647.0	3422.0	12216.0	13.0	15.0	11.0	11.0	1.0	3.0	5.0	6.0	3.0	1.0	5.0	6.0	0.0	0.0	0.0	0.0	0.0	0.0	0.0	0.0	0.0
	3p	+	78	3166.0	2604.0	2628.0	3278.0	11676.0	14.0	19.0	16.0	12.0	2.0	1.0	2.0	4.0	0.0	1.0	3.0	5.0	0.0	0.0	0.0	0.0	0.0	0.0	0.0	0.0	0.0
	3p	+	79	3039.0	2469.0	2468.0	3176.0	11152.0	14.0	20.0	8.0	14.0	5.0	1.0	3.0	1.0	4.0	4.0	7.0	4.0	0.0	0.0	0.0	0.0	0.0	0.0	0.0	1.0	0.0
	3p	+	80	2942.0	2413.0	2330.0	2957.0	10642.0	9.0	25.0	12.0	13.0	1.0	5.0	3.0	3.0	4.0	8.0	4.0	7.0	0.0	0.0	0.0	0.0	1.0	0.0	1.0	0.0	0.0
	3p	+	81	2852.0	2260.0	2230.0	2810.0	10152.0	4.0	19.0	11.0	8.0	3.0	1.0	5.0	2.0	0.0	2.0	3.0	7.0	0.0	0.0	0.0	0.0	1.0	0.0	0.0	0.0	0.0
	3p	+	82	2690.0	2166.0	2113.0	2746.0	9715.0	10.0	25.0	11.0	7.0	0.0	2.0	4.0	10.0	3.0	0.0	2.0	7.0	0.0	0.0	0.0	0.0	1.0	0.0	1.0	0.0	0.0
	3p	+	83	2568.0	2093.0	2006.0	2637.0	9304.0	11.0	20.0	4.0	4.0	6.0	5.0	0.0	3.0	5.0	1.0	5.0	6.0	0.0	0.0	0.0	0.0	2.0	0.0	0.0	0.0	0.0
	3p	+	84	2383.0	2027.0	1993.0	2483.0	8886.0	15.0	24.0	8.0	14.0	6.0	3.0	1.0	2.0	1.0	3.0	3.0	10.0	0.0	0.0	0.0	0.0	0.0	0.0	1.0	0.0	0.0
	3p	+	85	2365.0	1893.0	1872.0	2334.0	8464.0	12.0	19.0	8.0	9.0	3.0	6.0	4.0	5.0	5.0	3.0	4.0	6.0	0.0	0.0	0.0	0.0	0.0	0.0	0.0	0.0	0.0
	3p	+	86	2189.0	1834.0	1765.0	2307.0	8095.0	9.0	15.0	12.0	4.0	8.0	2.0	0.0	4.0	5.0	5.0	2.0	5.0	0.0	0.0	0.0	0.0	2.0	0.0	1.0	0.0	0.0
	3p	+	87	2098.0	1788.0	1709.0	2124.0	7719.0	10.0	18.0	8.0	8.0	2.0	3.0	4.0	4.0	1.0	2.0	2.0	3.0	0.0	0.0	0.0	0.0	1.0	0.0	0.0	0.0	0.0
	3p	+	88	2050.0	1604.0	1626.0	2110.0	7390.0	5.0	22.0	7.0	4.0	3.0	5.0	4.0	3.0	5.0	1.0	1.0	5.0	0.0	0.0	0.0	0.0	1.0	0.0	0.0	0.0	0.0
	3p	+	89	1939.0	1598.0	1557.0	1997.0	7091.0	9.0	16.0	10.0	2.0	3.0	1.0	3.0	0.0	2.0	3.0	4.0	3.0	0.0	0.0	0.0	0.0	1.0	0.0	0.0	0.0	0.0
	3p	+	90	1803.0	1517.0	1533.0	1951.0	6804.0	12.0	13.0	8.0	9.0	1.0	3.0	2.0	8.0	1.0	0.0	1.0	3.0	0.0	0.0	0.0	0.0	0.0	0.0	0.0	0.0	0.0
	3p	+	91	1766.0	1470.0	1407.0	1876.0	6519.0	15.0	9.0	4.0	6.0	1.0	1.0	3.0	5.0	2.0	0.0	0.0	4.0	0.0	0.0	0.0	0.0	0.0	0.0	0.0	0.0	0.0
	3p	+	92	1654.0	1430.0	1386.0	1783.0	6253.0	10.0	20.0	10.0	6.0	2.0	4.0	1.0	0.0	0.0	1.0	3.0	0.0	0.0	0.0	0.0	0.0	1.0	0.0	0.0	0.0	0.0
	3p	+	93	1613.0	1300.0	1328.0	1735.0	5976.0	7.0	15.0	7.0	7.0	1.0	3.0	1.0	3.0	5.0	0.0	0.0	2.0	0.0	0.0	0.0	0.0	0.0	0.0	0.0	0.0	0.0
	3p	+	94	1540.0	1247.0	1253.0	1653.0	5693.0	6.0	9.0	7.0	3.0	0.0	3.0	3.0	1.0	0.0	1.0	0.0	2.0	0.0	0.0	0.0	0.0	0.0	0.0	0.0	0.0	0.0
	3p	+	95	1468.0	1214.0	1221.0	1556.0	5459.0	4.0	10.0	4.0	4.0	2.0	0.0	2.0	4.0	3.0	0.0	1.0	4.0	0.0	0.0	0.0	0.0	0.0	0.0	0.0	0.0	0.0
	3p	+	96	1440.0	1176.0	1168.0	1452.0	5236.0	8.0	16.0	5.0	3.0	1.0	0.0	1.0	1.0	2.0	2.0	0.0	3.0	0.0	0.0	0.0	0.0	0.0	0.0	0.0	0.0	0.0
	3p	+	97	1375.0	1158.0	1103.0	1408.0	5044.0	4.0	9.0	8.0	2.0	2.0	3.0	3.0	3.0	1.0	2.0	1.0	2.0	0.0	0.0	0.0	0.0	0.0	0.0	0.0	1.0	0.0
	3p	+	98	1352.0	1059.0	1085.0	1352.0	4848.0	6.0	7.0	5.0	4.0	1.0	2.0	1.0	2.0	0.0	2.0	2.0	2.0	0.0	0.0	0.0	0.0	0.0	0.0	0.0	0.0	0.0
	3p	+	99	1282.0	1032.0	995.0	1325.0	4634.0	4.0	10.0	5.0	3.0	3.0	5.0	0.0	2.0	2.0	0.0	2.0	3.0	0.0	0.0	0.0	0.0	1.0	0.0	0.0	0.0	0.0
	3p	+	100	1204.0	1005.0	965.0	1287.0	4461.0	7.0	9.0	5.0	1.0	1.0	2.0	0.0	0.0	1.0	0.0	0.0	3.0	0.0	0.0	0.0	0.0	0.0	0.0	0.0	0.0	0.0
	3p	-	1	17716.0	13246.0	17605.0	22334.0	70901.0	478.0	123.0	92.0	99.0	33.0	40.0	22.0	44.0	35.0	37.0	28.0	41.00.0	0.0	0.0	0.0	0.0	0.0	0.0	0.0	0.0
	3p	-	2	19376.0	20256.0	17274.0	13993.0	70899.0	321.0	64.0	110.0	103.0	39.0	22.0	20.0	41.0	28.0	32.0	39.0	27.00.0	0.0	0.0	0.0	1.0	0.0	0.0	0.0	0.0
	3p	-	3	18308.0	18787.0	17945.0	15855.0	70895.0	194.0	66.0	87.0	89.0	26.0	15.0	22.0	36.0	32.0	31.0	21.0	26.00.0	0.0	0.0	0.0	2.0	0.0	2.0	1.0	0.0
	3p	-	4	19142.0	13826.0	19102.0	18824.0	70894.0	179.0	78.0	65.0	65.0	22.0	20.0	23.0	31.0	28.0	19.0	15.0	39.00.0	0.0	0.0	0.0	1.0	0.0	2.0	1.0	0.0
	3p	-	5	20436.0	14238.0	16890.0	19322.0	70886.0	217.0	67.0	58.0	75.0	20.0	11.0	18.0	22.0	22.0	14.0	17.0	14.00.0	0.0	0.0	0.0	8.0	0.0	4.0	1.0	0.0
	3p	-	6	19418.0	17101.0	16385.0	17982.0	70886.0	210.0	67.0	64.0	92.0	27.0	14.0	12.0	33.0	18.0	17.0	20.0	18.00.0	0.0	0.0	0.0	2.0	0.0	6.0	2.0	0.0
	3p	-	7	18149.0	17846.0	16021.0	18862.0	70878.0	178.0	64.0	54.0	85.0	19.0	14.0	15.0	28.0	14.0	24.0	19.0	28.00.0	0.0	0.0	0.0	9.0	0.0	5.0	4.0	0.0
	3p	-	8	17878.0	17795.0	16804.0	18400.0	70877.0	164.0	65.0	66.0	80.0	17.0	14.0	18.0	27.0	19.0	12.0	17.0	21.00.0	0.0	0.0	0.0	8.0	0.0	6.0	4.0	0.0
	3p	-	9	18523.0	17561.0	16488.0	18308.0	70880.0	136.0	78.0	64.0	76.0	18.0	12.0	15.0	28.0	20.0	16.0	22.0	26.00.0	0.0	0.0	0.0	5.0	0.0	6.0	5.0	0.0
	3p	-	10	19197.0	17236.0	15783.0	18668.0	70884.0	125.0	77.0	65.0	78.0	23.0	20.0	21.0	27.0	17.0	14.0	14.0	27.00.0	0.0	0.0	0.0	3.0	0.0	3.0	7.0	0.0
	3p	-	11	18291.0	17988.0	16799.0	17805.0	70883.0	114.0	75.0	60.0	86.0	14.0	9.0	12.0	26.0	10.0	14.0	17.0	24.00.0	0.0	0.0	0.0	6.0	0.0	6.0	1.0	0.0
	3p	-	12	18324.0	17561.0	17091.0	17905.0	70881.0	132.0	46.0	67.0	68.0	19.0	14.0	10.0	21.0	19.0	17.0	19.0	18.00.0	0.0	0.0	0.0	5.0	0.0	5.0	5.0	0.0
	3p	-	13	18113.0	17714.0	16761.0	18297.0	70885.0	121.0	62.0	63.0	59.0	25.0	19.0	13.0	18.0	18.0	7.0	19.0	23.00.0	0.0	0.0	0.0	4.0	0.0	5.0	2.0	0.0
	3p	-	14	18174.0	17949.0	16630.0	18132.0	70885.0	114.0	69.0	68.0	79.0	15.0	9.0	25.0	26.0	11.0	11.0	15.0	22.00.0	0.0	0.0	0.0	6.0	0.0	6.0	2.0	0.0
	3p	-	15	18104.0	17921.0	16888.0	17970.0	70883.0	112.0	69.0	64.0	67.0	19.0	11.0	17.0	13.0	26.0	14.0	16.0	25.00.0	0.0	0.0	0.0	5.0	0.0	3.0	3.0	0.0
	3p	-	16	18132.0	17787.0	16786.0	18170.0	70875.0	113.0	59.0	48.0	73.0	20.0	11.0	15.0	24.0	21.0	12.0	14.0	23.00.0	0.0	0.0	0.0	10.0	0.0	4.0	6.0	0.0
	3p	-	17	17978.0	17957.0	16694.0	18247.0	70876.0	102.0	69.0	54.0	70.0	19.0	14.0	16.0	28.0	11.0	17.0	20.0	28.00.0	0.0	0.0	0.0	9.0	0.0	7.0	5.0	0.0
	3p	-	18	18162.0	18030.0	16615.0	18071.0	70878.0	108.0	71.0	49.0	53.0	22.0	12.0	16.0	24.0	13.0	14.0	24.0	19.00.0	0.0	0.0	0.0	5.0	0.0	6.0	3.0	0.0
	3p	-	19	18204.0	17763.0	17042.0	17872.0	70881.0	100.0	79.0	60.0	72.0	23.0	15.0	14.0	25.0	13.0	12.0	14.0	20.00.0	0.0	0.0	0.0	7.0	0.0	3.0	4.0	0.0
	3p	-	20	17952.0	17898.0	17127.0	17900.0	70877.0	102.0	80.0	52.0	65.0	14.0	10.0	16.0	20.0	16.0	10.0	20.0	18.00.0	0.0	0.0	0.0	7.0	0.0	3.0	3.0	0.0
	3p	-	21	17754.0	17753.0	17242.0	18134.0	70883.0	107.0	82.0	54.0	73.0	19.0	16.0	18.0	22.0	22.0	14.0	18.0	19.00.0	0.0	0.0	0.0	4.0	0.0	3.0	2.0	0.0
	3p	-	22	18218.0	17699.0	17061.0	17899.0	70877.0	93.0	68.0	69.0	63.0	15.0	13.0	19.0	24.0	12.0	14.0	10.0	16.00.0	0.0	0.0	0.0	6.0	0.0	5.0	8.0	0.0
	3p	-	23	17761.0	17489.0	17338.0	18291.0	70879.0	89.0	90.0	54.0	70.0	19.0	7.0	19.0	23.0	16.0	12.0	19.0	21.00.0	0.0	0.0	0.0	4.0	0.0	1.0	10.0	0.0
	3p	-	24	17994.0	17378.0	17273.0	18236.0	70881.0	101.0	101.0	52.0	58.0	12.0	22.0	17.0	18.0	22.0	9.0	17.0	21.00.0	0.0	0.0	0.0	7.0	0.0	2.0	6.0	0.0
	3p	-	25	18242.0	17304.0	17197.0	18143.0	70886.0	84.0	85.0	66.0	65.0	16.0	21.0	23.0	19.0	13.0	16.0	10.0	23.00.0	0.0	0.0	0.0	4.0	0.0	3.0	4.0	0.0
	3p	-	26	18121.0	17368.0	17280.0	18116.0	70885.0	102.0	96.0	69.0	69.0	13.0	20.0	13.0	15.0	23.0	17.0	11.0	19.00.0	0.0	0.0	0.0	4.0	0.0	3.0	3.0	0.0
	3p	-	27	17926.0	17341.0	17308.0	18306.0	70881.0	88.0	90.0	78.0	59.0	17.0	10.0	14.0	16.0	18.0	10.0	15.0	30.00.0	0.0	0.0	0.0	7.0	0.0	1.0	7.0	0.0
	3p	-	28	17999.0	17365.0	17225.0	18293.0	70882.0	70.0	84.0	61.0	75.0	27.0	21.0	16.0	28.0	16.0	9.0	13.0	24.00.0	0.0	0.0	0.0	9.0	0.0	1.0	4.0	0.0
	3p	-	29	18148.0	17207.0	17214.0	18315.0	70884.0	64.0	103.0	64.0	59.0	15.0	15.0	18.0	23.0	17.0	11.0	10.0	28.00.0	0.0	0.0	0.0	9.0	0.0	2.0	3.0	0.0
	3p	-	30	18196.0	17332.0	17016.0	18339.0	70883.0	75.0	104.0	64.0	63.0	13.0	10.0	22.0	23.0	13.0	17.0	16.0	16.00.0	0.0	0.0	0.0	4.0	0.0	4.0	3.0	0.0
	3p	-	31	17762.0	17076.0	17051.0	18224.0	70113.0	76.0	96.0	71.0	54.0	10.0	13.0	15.0	21.0	19.0	10.0	20.0	23.00.0	0.0	0.0	0.0	7.0	0.0	4.0	3.0	0.0
	3p	-	32	18004.0	16686.0	16689.0	17872.0	69251.0	74.0	122.0	58.0	47.0	13.0	11.0	19.0	19.0	14.0	20.0	20.0	19.00.0	0.0	0.0	0.0	5.0	0.0	3.0	4.0	0.0
	3p	-	33	17616.0	16379.0	16292.0	17918.0	68205.0	90.0	101.0	78.0	62.0	10.0	13.0	18.0	13.0	9.0	14.0	16.0	18.00.0	0.0	0.0	0.0	6.0	0.0	1.0	4.0	0.0
	3p	-	34	17377.0	16069.0	15856.0	17746.0	67048.0	88.0	94.0	64.0	65.0	18.0	13.0	15.0	34.0	17.0	15.0	22.0	29.00.0	0.0	0.0	0.0	2.0	0.0	4.0	5.0	0.0
	3p	-	35	17174.0	15715.0	15489.0	17454.0	65832.0	59.0	98.0	58.0	57.0	18.0	16.0	12.0	15.0	15.0	8.0	18.0	22.00.0	0.0	0.0	0.0	5.0	0.0	6.0	3.0	0.0
	3p	-	36	16842.0	15454.0	15251.0	16983.0	64530.0	65.0	113.0	67.0	55.0	16.0	14.0	14.0	16.0	23.0	12.0	9.0	19.00.0	0.0	0.0	0.0	4.0	0.0	3.0	2.0	0.0
	3p	-	37	16421.0	15077.0	14678.0	16923.0	63099.0	73.0	120.0	62.0	61.0	14.0	7.0	21.0	21.0	23.0	10.0	11.0	21.00.0	0.0	0.0	0.0	8.0	0.0	3.0	2.0	0.0
	3p	-	38	16071.0	14546.0	14465.0	16496.0	61578.0	47.0	99.0	68.0	57.0	18.0	16.0	9.0	22.0	13.0	8.0	13.0	26.00.0	0.0	0.0	0.0	6.0	0.0	0.0	1.0	0.0
	3p	-	39	15887.0	14247.0	13876.0	16001.0	60011.0	54.0	120.0	53.0	59.0	18.0	11.0	15.0	25.0	10.0	15.0	14.0	17.00.0	0.0	0.0	0.0	7.0	0.0	1.0	1.0	0.0
	3p	-	40	15458.0	13729.0	13484.0	15712.0	58383.0	59.0	115.0	69.0	58.0	19.0	11.0	16.0	16.0	16.0	12.0	12.0	18.00.0	0.0	0.0	0.0	3.0	0.0	2.0	1.0	0.0
	3p	-	41	15130.0	13235.0	12973.0	15355.0	56693.0	54.0	115.0	46.0	42.0	18.0	10.0	10.0	19.0	13.0	13.0	15.0	16.00.0	0.0	0.0	0.0	4.0	0.0	1.0	1.0	0.0
	3p	-	42	14687.0	12758.0	12582.0	14987.0	55014.0	65.0	113.0	43.0	38.0	15.0	17.0	18.0	19.0	10.0	8.0	13.0	16.00.0	0.0	0.0	0.0	6.0	0.0	4.0	2.0	0.0
	3p	-	43	14175.0	12203.0	12267.0	14591.0	53236.0	73.0	109.0	44.0	41.0	15.0	18.0	17.0	23.0	11.0	8.0	13.0	19.00.0	0.0	0.0	0.0	3.0	0.0	2.0	1.0	0.0
	3p	-	44	13881.0	11820.0	11703.0	14080.0	51484.0	66.0	89.0	35.0	44.0	14.0	12.0	9.0	17.0	16.0	13.0	12.0	21.00.0	0.0	0.0	0.0	2.0	0.0	1.0	3.0	0.0
	3p	-	45	13369.0	11393.0	11415.0	13538.0	49715.0	62.0	99.0	47.0	46.0	11.0	11.0	12.0	16.0	11.0	14.0	12.0	9.00.0	0.0	0.0	0.0	3.0	0.0	2.0	2.0	0.0
	3p	-	46	12926.0	10933.0	10810.0	13352.0	48021.0	55.0	95.0	36.0	49.0	12.0	9.0	8.0	15.0	15.0	14.0	11.0	13.00.0	0.0	0.0	0.0	3.0	0.0	0.0	4.0	0.0
	3p	-	47	12600.0	10444.0	10424.0	12799.0	46267.0	39.0	84.0	39.0	38.0	15.0	7.0	15.0	18.0	13.0	16.0	11.0	14.00.0	0.0	0.0	0.0	5.0	0.0	0.0	1.0	0.0
	3p	-	48	11903.0	10214.0	10026.0	12348.0	44491.0	48.0	97.0	32.0	39.0	8.0	17.0	8.0	7.0	6.0	11.0	14.0	14.00.0	0.0	0.0	0.0	1.0	0.0	2.0	5.0	0.0
	3p	-	49	11602.0	9652.0	9640.0	11942.0	42836.0	48.0	86.0	35.0	35.0	17.0	10.0	10.0	17.0	8.0	7.0	6.0	15.00.0	0.0	0.0	0.0	5.0	0.0	0.0	2.0	0.0
	3p	-	50	11250.0	9169.0	9327.0	11343.0	41089.0	56.0	91.0	34.0	39.0	20.0	13.0	10.0	14.0	13.0	11.0	11.0	18.00.0	0.0	0.0	0.0	3.0	0.0	2.0	1.0	0.0
	3p	-	51	10704.0	8901.0	8808.0	11038.0	39451.0	39.0	72.0	34.0	37.0	19.0	12.0	10.0	17.0	12.0	8.0	10.0	19.00.0	0.0	0.0	0.0	2.0	0.0	0.0	3.0	0.0
	3p	-	52	10426.0	8418.0	8492.0	10537.0	37873.0	34.0	81.0	34.0	38.0	9.0	6.0	15.0	14.0	8.0	7.0	8.0	12.00.0	0.0	0.0	0.0	1.0	0.0	0.0	1.0	0.0
	3p	-	53	9906.0	8118.0	8098.0	10151.0	36273.0	49.0	75.0	29.0	27.0	5.0	10.0	6.0	11.0	9.0	12.0	7.0	14.00.0	0.0	0.0	0.0	2.0	0.0	1.0	0.0	0.0
	3p	-	54	9404.0	7815.0	7812.0	9743.0	34774.0	33.0	79.0	33.0	26.0	16.0	19.0	12.0	14.0	7.0	8.0	7.0	8.00.0	0.0	0.0	0.0	1.0	0.0	3.0	2.0	0.0
	3p	-	55	9068.0	7366.0	7471.0	9417.0	33322.0	37.0	54.0	28.0	30.0	9.0	11.0	3.0	13.0	7.0	13.0	4.0	18.00.0	0.0	0.0	0.0	2.0	0.0	1.0	0.0	0.0
	3p	-	56	8813.0	7196.0	7159.0	8742.0	31910.0	35.0	63.0	32.0	23.0	5.0	8.0	12.0	20.0	10.0	5.0	6.0	15.00.0	0.0	0.0	0.0	1.0	0.0	3.0	1.0	0.0
	3p	-	57	8411.0	6712.0	6880.0	8527.0	30530.0	34.0	58.0	33.0	28.0	13.0	11.0	4.0	10.0	4.0	7.0	8.0	8.00.0	0.0	0.0	0.0	1.0	0.0	1.0	2.0	0.0
	3p	-	58	7958.0	6477.0	6573.0	8248.0	29256.0	26.0	60.0	29.0	21.0	5.0	7.0	6.0	8.0	14.0	8.0	6.0	18.00.0	0.0	0.0	0.0	0.0	0.0	1.0	2.0	0.0
	3p	-	59	7755.0	6262.0	6106.0	7871.0	27994.0	28.0	73.0	35.0	19.0	8.0	10.0	7.0	7.0	7.0	9.0	5.0	15.00.0	0.0	0.0	0.0	1.0	0.0	0.0	1.0	0.0
	3p	-	60	7151.0	6076.0	5873.0	7597.0	26697.0	35.0	50.0	37.0	29.0	8.0	3.0	2.0	11.0	12.0	5.0	6.0	14.00.0	0.0	0.0	0.0	1.0	0.0	1.0	0.0	0.0
	3p	-	61	6985.0	5727.0	5591.0	7186.0	25489.0	25.0	61.0	27.0	27.0	10.0	13.0	8.0	10.0	8.0	7.0	8.0	10.00.0	0.0	0.0	0.0	3.0	0.0	0.0	0.0	0.0
	3p	-	62	6773.0	5456.0	5259.0	6910.0	24398.0	23.0	50.0	19.0	18.0	15.0	9.0	13.0	4.0	11.0	4.0	7.0	10.00.0	0.0	0.0	0.0	0.0	0.0	0.0	2.0	0.0
	3p	-	63	6390.0	5251.0	5109.0	6574.0	23324.0	19.0	57.0	21.0	24.0	10.0	8.0	9.0	11.0	7.0	4.0	7.0	9.00.0	0.0	0.0	0.0	0.0	0.0	0.0	0.0	0.0
	3p	-	64	6064.0	5043.0	4998.0	6200.0	22305.0	28.0	36.0	22.0	18.0	6.0	5.0	12.0	11.0	6.0	8.0	5.0	5.00.0	0.0	0.0	0.0	1.0	0.0	0.0	0.0	0.0
	3p	-	65	5763.0	4756.0	4728.0	6026.0	21273.0	19.0	44.0	24.0	14.0	7.0	5.0	9.0	9.0	8.0	6.0	7.0	12.00.0	0.0	0.0	0.0	0.0	0.0	1.0	0.0	0.0
	3p	-	66	5490.0	4466.0	4496.0	5847.0	20299.0	30.0	41.0	17.0	18.0	6.0	6.0	5.0	2.0	4.0	8.0	4.0	11.00.0	0.0	0.0	0.0	0.0	0.0	0.0	2.0	0.0
	3p	-	67	5281.0	4309.0	4292.0	5488.0	19370.0	19.0	53.0	21.0	21.0	10.0	7.0	4.0	10.0	12.0	5.0	5.0	5.00.0	0.0	0.0	0.0	0.0	0.0	0.0	1.0	0.0
	3p	-	68	5047.0	4110.0	4095.0	5301.0	18553.0	19.0	43.0	14.0	14.0	5.0	5.0	4.0	10.0	4.0	0.0	5.0	6.00.0	0.0	0.0	0.0	2.0	0.0	1.0	3.0	0.0
	3p	-	69	4888.0	3916.0	3850.0	5109.0	17763.0	18.0	35.0	16.0	16.0	5.0	6.0	6.0	9.0	7.0	4.0	5.0	6.00.0	0.0	0.0	0.0	1.0	0.0	0.0	0.0	0.0
	3p	-	70	4573.0	3747.0	3839.0	4813.0	16972.0	16.0	27.0	19.0	11.0	5.0	2.0	4.0	5.0	8.0	5.0	4.0	15.00.0	0.0	0.0	0.0	1.0	0.0	1.0	1.0	0.0
	3p	-	71	4373.0	3664.0	3648.0	4499.0	16184.0	14.0	39.0	16.0	12.0	5.0	10.0	4.0	4.0	4.0	4.0	5.0	3.00.0	0.0	0.0	0.0	1.0	0.0	1.0	3.0	0.0
	3p	-	72	4266.0	3373.0	3312.0	4466.0	15417.0	18.0	28.0	11.0	14.0	6.0	4.0	2.0	7.0	8.0	4.0	4.0	3.00.0	0.0	0.0	0.0	2.0	0.0	0.0	0.0	0.0
	3p	-	73	4039.0	3236.0	3255.0	4148.0	14678.0	19.0	22.0	11.0	15.0	5.0	3.0	6.0	1.0	8.0	8.0	4.0	7.00.0	0.0	0.0	0.0	1.0	0.0	0.0	0.0	0.0
	3p	-	74	3938.0	2990.0	3102.0	3975.0	14005.0	13.0	17.0	19.0	15.0	0.0	3.0	3.0	5.0	2.0	3.0	3.0	8.00.0	0.0	0.0	0.0	0.0	0.0	1.0	1.0	0.0
	3p	-	75	3615.0	2896.0	3010.0	3835.0	13356.0	16.0	29.0	11.0	9.0	7.0	2.0	4.0	2.0	7.0	2.0	0.0	4.00.0	0.0	0.0	0.0	0.0	0.0	0.0	0.0	0.0
	3p	-	76	3461.0	2830.0	2785.0	3622.0	12698.0	11.0	29.0	14.0	13.0	4.0	4.0	6.0	9.0	4.0	2.0	2.0	7.00.0	0.0	0.0	0.0	0.0	0.0	0.0	0.0	0.0
	3p	-	77	3332.0	2675.0	2615.0	3471.0	12093.0	13.0	27.0	18.0	14.0	4.0	3.0	2.0	4.0	3.0	1.0	6.0	4.00.0	0.0	0.0	0.0	0.0	0.0	0.0	0.0	0.0
	3p	-	78	3183.0	2633.0	2464.0	3290.0	11570.0	16.0	25.0	7.0	16.0	5.0	2.0	4.0	4.0	8.0	7.0	3.0	7.00.0	0.0	0.0	0.0	0.0	0.0	0.0	0.0	0.0
	3p	-	79	3066.0	2487.0	2367.0	3137.0	11057.0	15.0	22.0	13.0	9.0	2.0	1.0	3.0	6.0	1.0	3.0	3.0	5.00.0	0.0	0.0	0.0	0.0	0.0	0.0	0.0	0.0
	3p	-	80	2975.0	2362.0	2282.0	2939.0	10558.0	10.0	23.0	10.0	14.0	2.0	3.0	4.0	7.0	2.0	7.0	3.0	4.00.0	0.0	0.0	0.0	0.0	0.0	0.0	1.0	0.0
	3p	-	81	2737.0	2286.0	2259.0	2824.0	10106.0	19.0	24.0	9.0	6.0	2.0	3.0	1.0	5.0	3.0	4.0	1.0	7.00.0	0.0	0.0	0.0	1.0	0.0	0.0	0.0	0.0
	3p	-	82	2558.0	2177.0	2156.0	2769.0	9660.0	5.0	15.0	14.0	8.0	5.0	5.0	6.0	4.0	5.0	1.0	3.0	2.00.0	0.0	0.0	0.0	0.0	0.0	0.0	2.0	0.0
	3p	-	83	2504.0	1972.0	2072.0	2638.0	9186.0	12.0	18.0	12.0	11.0	6.0	4.0	5.0	3.0	2.0	2.0	2.0	4.00.0	0.0	0.0	0.0	0.0	0.0	0.0	0.0	0.0
	3p	-	84	2416.0	2004.0	1899.0	2445.0	8764.0	12.0	24.0	9.0	8.0	4.0	3.0	0.0	6.0	1.0	3.0	5.0	3.00.0	0.0	0.0	0.0	0.0	0.0	0.0	0.0	0.0
	3p	-	85	2201.0	1926.0	1811.0	2404.0	8342.0	6.0	15.0	11.0	5.0	2.0	2.0	1.0	4.0	1.0	4.0	4.0	4.00.0	0.0	0.0	0.0	1.0	0.0	0.0	1.0	0.0
	3p	-	86	2213.0	1778.0	1742.0	2226.0	7959.0	10.0	16.0	6.0	8.0	5.0	3.0	1.0	6.0	4.0	1.0	5.0	5.00.0	0.0	0.0	0.0	0.0	0.0	0.0	0.0	0.0
	3p	-	87	2059.0	1722.0	1658.0	2172.0	7611.0	7.0	13.0	14.0	4.0	7.0	6.0	1.0	3.0	1.0	6.0	1.0	3.00.0	0.0	0.0	0.0	0.0	0.0	0.0	0.0	0.0
	3p	-	88	1976.0	1551.0	1647.0	2119.0	7293.0	4.0	7.0	9.0	8.0	0.0	6.0	4.0	4.0	1.0	1.0	3.0	4.00.0	0.0	0.0	0.0	0.0	0.0	0.0	0.0	0.0
	3p	-	89	1906.0	1593.0	1528.0	1943.0	6970.0	6.0	9.0	8.0	2.0	3.0	5.0	1.0	5.0	2.0	2.0	1.0	0.00.0	0.0	0.0	0.0	0.0	0.0	0.0	0.0	0.0
	3p	-	90	1790.0	1574.0	1419.0	1911.0	6694.0	2.0	17.0	7.0	4.0	4.0	3.0	2.0	2.0	3.0	1.0	1.0	2.00.0	0.0	0.0	0.0	0.0	0.0	1.0	0.0	0.0
	3p	-	91	1789.0	1451.0	1360.0	1824.0	6424.0	11.0	12.0	7.0	8.0	3.0	1.0	1.0	4.0	1.0	4.0	2.0	7.00.0	0.0	0.0	0.0	0.0	0.0	0.0	0.0	0.0
	3p	-	92	1705.0	1419.0	1374.0	1662.0	6160.0	5.0	7.0	16.0	9.0	1.0	1.0	3.0	6.0	2.0	4.0	1.0	6.00.0	0.0	0.0	0.0	0.0	0.0	0.0	0.0	0.0
	3p	-	93	1606.0	1334.0	1287.0	1689.0	5916.0	6.0	9.0	9.0	4.0	2.0	2.0	0.0	4.0	3.0	3.0	1.0	0.00.0	0.0	0.0	0.0	0.0	0.0	0.0	0.0	0.0
	3p	-	94	1491.0	1291.0	1265.0	1616.0	5663.0	7.0	5.0	5.0	1.0	3.0	0.0	1.0	4.0	1.0	2.0	5.0	4.00.0	0.0	0.0	0.0	0.0	0.0	0.0	0.0	0.0
	3p	-	95	1407.0	1229.0	1196.0	1582.0	5414.0	3.0	12.0	5.0	5.0	2.0	4.0	3.0	3.0	4.0	3.0	0.0	3.00.0	0.0	0.0	0.0	0.0	0.0	0.0	0.0	0.0
	3p	-	96	1426.0	1185.0	1122.0	1475.0	5208.0	7.0	12.0	7.0	4.0	1.0	4.0	2.0	4.0	1.0	6.0	2.0	3.00.0	0.0	0.0	0.0	0.0	0.0	0.0	0.0	0.0
	3p	-	97	1355.0	1171.0	1052.0	1413.0	4991.0	6.0	14.0	4.0	4.0	2.0	2.0	2.0	2.0	2.0	1.0	3.0	2.00.0	0.0	0.0	0.0	0.0	0.0	0.0	0.0	0.0
	3p	-	98	1290.0	1017.0	1024.0	1450.0	4781.0	4.0	8.0	3.0	7.0	1.0	3.0	3.0	6.0	3.0	1.0	2.0	1.00.0	0.0	0.0	0.0	1.0	0.0	0.0	1.0	0.0
	3p	-	99	1243.0	1039.0	996.0	1312.0	4590.0	8.0	10.0	3.0	6.0	1.0	1.0	1.0	3.0	1.0	2.0	2.0	3.00.0	0.0	0.0	0.0	0.0	0.0	0.0	0.0	0.0
	3p	-	100	1160.0	970.0	958.0	1304.0	4392.0	5.0	8.0	7.0	7.0	1.0	2.0	2.0	4.0	3.0	1.0	2.0	0.00.0	0.0	0.0	0.0	0.0	0.0	0.0	0.0	0.0
	5p	+	1	22602.0	19765.0	12577.0	16416.0	71360.0	136.0	452.0	114.0	94.0	58.0	35.0	19.0	42.0	27.0	44.0	36.0	46.00.0	0.0	0.0	0.0	0.0	0.0	0.0	0.0	0.0
	5p	+	2	13456.0	17502.0	19423.0	20977.0	71358.0	74.0	343.0	108.0	88.0	30.0	38.0	40.0	32.0	36.0	25.0	29.0	40.00.0	0.0	0.0	0.0	0.0	0.0	1.0	1.0	0.0
	5p	+	3	16346.0	18434.0	18166.0	18409.0	71355.0	80.0	221.0	88.0	75.0	31.0	25.0	29.0	33.0	32.0	14.0	21.0	27.00.0	0.0	0.0	0.0	1.0	0.0	0.0	0.0	0.0
	5p	+	4	19134.0	19188.0	13199.0	19829.0	71350.0	79.0	194.0	73.0	75.0	32.0	24.0	16.0	32.0	16.0	13.0	20.0	28.00.0	0.0	0.0	0.0	2.0	0.0	2.0	3.0	0.0
	5p	+	5	19599.0	16783.0	14150.0	20807.0	71339.0	68.0	212.0	68.0	54.0	23.0	22.0	13.0	23.0	14.0	12.0	11.0	28.00.0	0.0	0.0	0.0	10.0	0.0	3.0	2.0	0.0
	5p	+	6	17979.0	16281.0	16925.0	20150.0	71335.0	66.0	201.0	66.0	67.0	16.0	17.0	22.0	26.0	18.0	18.0	14.0	27.00.0	0.0	0.0	0.0	9.0	0.0	2.0	6.0	0.0
	5p	+	7	19100.0	16024.0	17398.0	18819.0	71341.0	75.0	172.0	96.0	62.0	20.0	17.0	12.0	27.0	12.0	10.0	18.0	23.00.0	0.0	0.0	0.0	5.0	0.0	4.0	4.0	0.0
	5p	+	8	18123.0	17135.0	17185.0	18892.0	71335.0	76.0	138.0	66.0	64.0	22.0	22.0	13.0	25.0	23.0	12.0	22.0	13.00.0	0.0	0.0	0.0	4.0	0.0	8.0	6.0	0.0
	5p	+	9	18014.0	16625.0	17290.0	19407.0	71336.0	73.0	144.0	77.0	71.0	20.0	25.0	16.0	24.0	15.0	18.0	19.0	21.00.0	0.0	0.0	0.0	6.0	0.0	1.0	9.0	0.0
	5p	+	10	18313.0	16044.0	17377.0	19602.0	71336.0	75.0	138.0	59.0	56.0	22.0	17.0	16.0	20.0	16.0	12.0	19.0	17.00.0	0.0	0.0	0.0	7.0	0.0	3.0	8.0	0.0
	5p	+	11	18069.0	17010.0	17728.0	18531.0	71338.0	89.0	119.0	61.0	53.0	16.0	13.0	13.0	23.0	15.0	21.0	12.0	24.00.0	0.0	0.0	0.0	7.0	0.0	6.0	8.0	0.0
	5p	+	12	18027.0	17304.0	17305.0	18713.0	71349.0	46.0	130.0	65.0	67.0	21.0	11.0	23.0	22.0	22.0	12.0	30.0	18.00.0	0.0	0.0	0.0	2.0	0.0	0.0	5.0	0.0
	5p	+	13	18128.0	17021.0	17648.0	18548.0	71345.0	66.0	123.0	77.0	64.0	18.0	21.0	16.0	23.0	17.0	12.0	16.0	35.00.0	0.0	0.0	0.0	4.0	0.0	4.0	5.0	0.0
	5p	+	14	18144.0	16992.0	17733.0	18475.0	71344.0	65.0	138.0	71.0	67.0	16.0	9.0	22.0	22.0	18.0	8.0	10.0	23.00.0	0.0	0.0	0.0	7.0	0.0	1.0	2.0	0.0
	5p	+	15	18195.0	17092.0	17834.0	18216.0	71337.0	72.0	108.0	68.0	61.0	16.0	9.0	14.0	23.0	27.0	10.0	19.0	19.00.0	0.0	0.0	0.0	3.0	0.0	5.0	8.0	0.0
	5p	+	16	18144.0	17058.0	17852.0	18283.0	71337.0	72.0	109.0	62.0	72.0	9.0	19.0	19.0	17.0	13.0	19.0	18.0	19.00.0	0.0	0.0	0.0	5.0	0.0	2.0	4.0	0.0
	5p	+	17	18381.0	16837.0	17943.0	18174.0	71335.0	72.0	104.0	75.0	57.0	21.0	10.0	19.0	19.0	10.0	11.0	19.0	22.00.0	0.0	0.0	0.0	7.0	0.0	2.0	7.0	0.0
	5p	+	18	18184.0	17156.0	17939.0	18060.0	71339.0	60.0	112.0	68.0	67.0	15.0	9.0	15.0	30.0	13.0	7.0	12.0	30.00.0	0.0	0.0	0.0	3.0	0.0	7.0	3.0	0.0
	5p	+	19	18103.0	17185.0	17810.0	18247.0	71345.0	60.0	92.0	85.0	60.0	16.0	14.0	21.0	21.0	12.0	15.0	19.0	23.00.0	0.0	0.0	0.0	6.0	0.0	2.0	4.0	0.0
	5p	+	20	18192.0	17211.0	17902.0	18036.0	71341.0	84.0	92.0	65.0	60.0	21.0	9.0	22.0	20.0	13.0	10.0	21.0	23.00.0	0.0	0.0	0.0	4.0	0.0	4.0	1.0	0.0
	5p	+	21	17928.0	17415.0	17846.0	18153.0	71342.0	75.0	71.0	72.0	58.0	11.0	7.0	13.0	22.0	17.0	7.0	18.0	16.00.0	0.0	0.0	0.0	3.0	0.0	5.0	2.0	0.0
	5p	+	22	18066.0	17434.0	17607.0	18236.0	71343.0	110.0	89.0	80.0	68.0	21.0	17.0	19.0	23.0	20.0	8.0	19.0	25.00.0	0.0	0.0	0.0	0.0	0.0	8.0	5.0	0.0
	5p	+	23	18102.0	17418.0	17366.0	18454.0	71340.0	92.0	108.0	59.0	69.0	18.0	12.0	14.0	22.0	10.0	16.0	17.0	19.00.0	0.0	0.0	0.0	6.0	0.0	2.0	2.0	0.0
	5p	+	24	17902.0	17556.0	17575.0	18308.0	71341.0	93.0	91.0	62.0	66.0	16.0	16.0	17.0	20.0	24.0	15.0	10.0	22.00.0	0.0	0.0	0.0	2.0	0.0	1.0	7.0	0.0
	5p	+	25	18328.0	17424.0	17281.0	18306.0	71339.0	86.0	78.0	71.0	58.0	16.0	10.0	16.0	23.0	14.0	8.0	19.0	21.00.0	0.0	0.0	0.0	4.0	0.0	6.0	2.0	0.0
	5p	+	26	18015.0	17600.0	17364.0	18368.0	71347.0	89.0	80.0	65.0	78.0	24.0	12.0	18.0	26.0	13.0	17.0	22.0	26.00.0	0.0	0.0	0.0	5.0	0.0	2.0	1.0	0.0
	5p	+	27	18096.0	17307.0	17364.0	18575.0	71342.0	97.0	69.0	81.0	64.0	18.0	17.0	13.0	17.0	13.0	14.0	13.0	25.00.0	0.0	0.0	0.0	4.0	0.0	5.0	2.0	0.0
	5p	+	28	18153.0	17449.0	17424.0	18311.0	71337.0	112.0	75.0	78.0	59.0	24.0	18.0	16.0	25.0	20.0	16.0	6.0	25.00.0	0.0	0.0	0.0	8.0	0.0	3.0	3.0	0.0
	5p	+	29	18241.0	17546.0	17189.0	18367.0	71343.0	101.0	90.0	64.0	80.0	10.0	17.0	20.0	18.0	11.0	12.0	17.0	20.00.0	0.0	0.0	0.0	4.0	0.0	4.0	4.0	0.0
	5p	+	30	18021.0	17694.0	17280.0	18341.0	71336.0	114.0	91.0	64.0	66.0	22.0	13.0	16.0	24.0	20.0	7.0	19.0	22.00.0	0.0	0.0	0.0	7.0	0.0	3.0	6.0	0.0
	5p	+	31	18007.0	17308.0	16984.0	18240.0	70539.0	125.0	69.0	54.0	68.0	19.0	10.0	12.0	24.0	16.0	20.0	26.0	31.00.0	0.0	0.0	0.0	6.0	0.0	0.0	4.0	0.0
	5p	+	32	17897.0	17044.0	16489.0	18174.0	69604.0	124.0	60.0	60.0	74.0	17.0	10.0	14.0	22.0	24.0	20.0	17.0	28.00.0	0.0	0.0	0.0	10.0	0.0	4.0	3.0	0.0
	5p	+	33	17901.0	16616.0	16265.0	17783.0	68565.0	110.0	71.0	60.0	58.0	17.0	11.0	13.0	16.0	22.0	11.0	20.0	15.00.0	0.0	0.0	0.0	7.0	0.0	4.0	5.0	0.0
	5p	+	34	17752.0	16122.0	16014.0	17554.0	67442.0	131.0	86.0	66.0	68.0	17.0	15.0	13.0	22.0	16.0	18.0	19.0	29.00.0	0.0	0.0	0.0	4.0	0.0	4.0	1.0	0.0
	5p	+	35	17466.0	15945.0	15395.0	17508.0	66314.0	101.0	59.0	52.0	68.0	18.0	15.0	13.0	14.0	13.0	17.0	15.0	20.00.0	0.0	0.0	0.0	5.0	0.0	1.0	4.0	0.0
	5p	+	36	17288.0	15499.0	15490.0	16772.0	65049.0	128.0	65.0	48.0	70.0	19.0	10.0	18.0	17.0	12.0	22.0	18.0	16.00.0	0.0	0.0	0.0	9.0	0.0	4.0	1.0	0.0
	5p	+	37	16972.0	14850.0	15070.0	16774.0	63666.0	123.0	74.0	59.0	60.0	18.0	14.0	15.0	20.0	15.0	20.0	16.0	23.00.0	0.0	0.0	0.0	6.0	0.0	3.0	3.0	0.0
	5p	+	38	16600.0	14604.0	14636.0	16325.0	62165.0	116.0	49.0	54.0	54.0	17.0	16.0	14.0	22.0	21.0	16.0	12.0	14.00.0	0.0	0.0	0.0	4.0	0.0	2.0	1.0	0.0
	5p	+	39	16356.0	14214.0	13969.0	15990.0	60529.0	112.0	56.0	44.0	50.0	21.0	8.0	14.0	22.0	13.0	8.0	10.0	17.00.0	0.0	0.0	0.0	8.0	0.0	3.0	1.0	0.0
	5p	+	40	15716.0	13660.0	13534.0	16009.0	58919.0	122.0	57.0	37.0	60.0	16.0	14.0	9.0	23.0	26.0	17.0	18.0	18.00.0	0.0	0.0	0.0	5.0	0.0	2.0	2.0	0.0
	5p	+	41	15343.0	13383.0	13130.0	15377.0	57233.0	117.0	58.0	31.0	52.0	15.0	14.0	9.0	15.0	11.0	17.0	14.0	14.00.0	0.0	0.0	0.0	1.0	0.0	2.0	1.0	0.0
	5p	+	42	14736.0	12971.0	12754.0	15056.0	55517.0	121.0	59.0	46.0	66.0	20.0	12.0	15.0	22.0	12.0	6.0	14.0	16.00.0	0.0	0.0	0.0	5.0	0.0	1.0	3.0	0.0
	5p	+	43	14518.0	12544.0	12306.0	14393.0	53761.0	114.0	61.0	38.0	51.0	15.0	12.0	17.0	21.0	20.0	17.0	20.0	18.00.0	0.0	0.0	0.0	4.0	0.0	5.0	2.0	0.0
	5p	+	44	14182.0	12036.0	11778.0	14056.0	52052.0	100.0	67.0	41.0	52.0	12.0	10.0	16.0	12.0	15.0	6.0	13.0	13.00.0	0.0	0.0	0.0	7.0	0.0	0.0	2.0	0.0
	5p	+	45	13772.0	11645.0	11372.0	13556.0	50345.0	85.0	57.0	43.0	58.0	14.0	13.0	21.0	15.0	11.0	11.0	16.0	15.00.0	0.0	0.0	0.0	5.0	0.0	0.0	0.0	0.0
	5p	+	46	13178.0	11178.0	10986.0	13216.0	48558.0	105.0	46.0	47.0	43.0	14.0	7.0	11.0	16.0	12.0	9.0	15.0	19.00.0	0.0	0.0	0.0	6.0	0.0	3.0	2.0	0.0
	5p	+	47	12787.0	10939.0	10557.0	12563.0	46846.0	105.0	52.0	41.0	44.0	14.0	6.0	16.0	13.0	17.0	7.0	16.0	10.00.0	0.0	0.0	0.0	4.0	0.0	4.0	2.0	0.0
	5p	+	48	12351.0	10317.0	10108.0	12295.0	45071.0	80.0	46.0	47.0	47.0	11.0	11.0	13.0	20.0	14.0	10.0	3.0	8.00.0	0.0	0.0	0.0	5.0	0.0	2.0	2.0	0.0
	5p	+	49	11676.0	9986.0	9645.0	11978.0	43285.0	90.0	50.0	26.0	46.0	13.0	13.0	9.0	10.0	7.0	8.0	13.0	18.00.0	0.0	0.0	0.0	1.0	0.0	2.0	2.0	0.0
	5p	+	50	11398.0	9558.0	9330.0	11261.0	41547.0	78.0	46.0	31.0	41.0	12.0	9.0	4.0	15.0	10.0	11.0	14.0	13.00.0	0.0	0.0	0.0	2.0	0.0	1.0	1.0	0.0
	5p	+	51	11133.0	9040.0	8823.0	10885.0	39881.0	95.0	42.0	37.0	50.0	12.0	6.0	8.0	11.0	11.0	7.0	4.0	17.00.0	0.0	0.0	0.0	7.0	0.0	1.0	2.0	0.0
	5p	+	52	10597.0	8686.0	8447.0	10559.0	38289.0	66.0	45.0	32.0	31.0	7.0	9.0	11.0	17.0	17.0	14.0	7.0	20.00.0	0.0	0.0	0.0	2.0	0.0	3.0	1.0	0.0
	5p	+	53	10002.0	8256.0	8128.0	10250.0	36636.0	81.0	29.0	26.0	38.0	11.0	7.0	3.0	19.0	15.0	11.0	5.0	8.00.0	0.0	0.0	0.0	4.0	0.0	0.0	2.0	0.0
	5p	+	54	9755.0	7996.0	7833.0	9531.0	35115.0	74.0	29.0	35.0	51.0	11.0	11.0	11.0	15.0	3.0	9.0	9.0	8.00.0	0.0	0.0	0.0	2.0	0.0	2.0	1.0	0.0
	5p	+	55	9432.0	7708.0	7317.0	9219.0	33676.0	79.0	35.0	21.0	32.0	18.0	2.0	9.0	9.0	14.0	8.0	9.0	8.00.0	0.0	0.0	0.0	0.0	0.0	1.0	2.0	0.0
	5p	+	56	9049.0	7348.0	7190.0	8688.0	32275.0	67.0	26.0	23.0	29.0	7.0	16.0	8.0	10.0	10.0	9.0	8.0	12.00.0	0.0	0.0	0.0	0.0	0.0	0.0	1.0	0.0
	5p	+	57	8734.0	6995.0	6662.0	8493.0	30884.0	49.0	31.0	22.0	24.0	9.0	4.0	9.0	14.0	3.0	7.0	14.0	13.00.0	0.0	0.0	0.0	3.0	0.0	1.0	1.0	0.0
	5p	+	58	8279.0	6757.0	6372.0	8141.0	29549.0	60.0	34.0	26.0	30.0	8.0	3.0	7.0	13.0	9.0	3.0	8.0	8.00.0	0.0	0.0	0.0	3.0	0.0	2.0	2.0	0.0
	5p	+	59	7875.0	6250.0	6266.0	7834.0	28225.0	65.0	22.0	30.0	30.0	11.0	6.0	11.0	13.0	12.0	8.0	9.0	11.00.0	0.0	0.0	0.0	1.0	0.0	3.0	0.0	0.0
	5p	+	60	7473.0	6060.0	6050.0	7412.0	26995.0	57.0	28.0	30.0	26.0	7.0	10.0	6.0	17.0	7.0	8.0	8.0	12.00.0	0.0	0.0	0.0	3.0	0.0	1.0	1.0	0.0
	5p	+	61	7204.0	5714.0	5680.0	7160.0	25758.0	49.0	25.0	19.0	22.0	9.0	9.0	7.0	12.0	8.0	5.0	7.0	10.00.0	0.0	0.0	0.0	4.0	0.0	0.0	1.0	0.0
	5p	+	62	6894.0	5534.0	5425.0	6802.0	24655.0	59.0	22.0	19.0	34.0	2.0	5.0	10.0	7.0	3.0	7.0	9.0	9.00.0	0.0	0.0	0.0	1.0	0.0	2.0	0.0	0.0
	5p	+	63	6581.0	5259.0	5181.0	6514.0	23535.0	40.0	19.0	13.0	29.0	10.0	6.0	5.0	14.0	12.0	4.0	7.0	10.00.0	0.0	0.0	0.0	1.0	0.0	1.0	0.0	0.0
	5p	+	64	6344.0	4999.0	4942.0	6193.0	22478.0	39.0	20.0	20.0	24.0	11.0	2.0	7.0	5.0	4.0	6.0	8.0	9.00.0	0.0	0.0	0.0	3.0	0.0	1.0	1.0	0.0
	5p	+	65	5961.0	4768.0	4694.0	5988.0	21411.0	35.0	21.0	16.0	22.0	5.0	3.0	8.0	14.0	5.0	10.0	4.0	12.00.0	0.0	0.0	0.0	2.0	0.0	0.0	0.0	0.0
	5p	+	66	5762.0	4471.0	4429.0	5738.0	20400.0	34.0	18.0	18.0	25.0	7.0	5.0	5.0	10.0	2.0	4.0	5.0	4.00.0	0.0	0.0	0.0	1.0	0.0	0.0	1.0	0.0
	5p	+	67	5493.0	4349.0	4286.0	5363.0	19491.0	42.0	22.0	17.0	19.0	8.0	5.0	2.0	10.0	4.0	7.0	6.0	5.00.0	0.0	0.0	0.0	2.0	0.0	0.0	0.0	0.0
	5p	+	68	5206.0	4155.0	4055.0	5190.0	18606.0	41.0	28.0	12.0	24.0	3.0	8.0	4.0	6.0	5.0	4.0	2.0	11.00.0	0.0	0.0	0.0	1.0	0.0	1.0	0.0	0.0
	5p	+	69	4966.0	3960.0	3974.0	4889.0	17789.0	32.0	21.0	21.0	22.0	9.0	7.0	4.0	2.0	5.0	1.0	7.0	5.00.0	0.0	0.0	0.0	0.0	0.0	0.0	0.0	0.0
	5p	+	70	4811.0	3748.0	3727.0	4668.0	16954.0	33.0	28.0	17.0	22.0	3.0	4.0	5.0	6.0	7.0	1.0	1.0	4.00.0	0.0	0.0	0.0	1.0	0.0	2.0	0.0	0.0
	5p	+	71	4564.0	3558.0	3557.0	4534.0	16213.0	30.0	20.0	13.0	20.0	2.0	4.0	1.0	5.0	6.0	4.0	2.0	6.00.0	0.0	0.0	0.0	6.0	0.0	2.0	0.0	0.0
	5p	+	72	4365.0	3453.0	3467.0	4201.0	15486.0	26.0	16.0	11.0	27.0	7.0	10.0	5.0	5.0	3.0	6.0	4.0	7.00.0	0.0	0.0	0.0	0.0	0.0	1.0	1.0	0.0
	5p	+	73	4131.0	3339.0	3185.0	4112.0	14767.0	22.0	10.0	17.0	16.0	5.0	5.0	7.0	11.0	7.0	4.0	8.0	4.00.0	0.0	0.0	0.0	1.0	0.0	2.0	1.0	0.0
	5p	+	74	4054.0	3132.0	3049.0	3858.0	14093.0	32.0	15.0	19.0	28.0	2.0	3.0	4.0	8.0	4.0	4.0	5.0	7.00.0	0.0	0.0	0.0	0.0	0.0	1.0	0.0	0.0
	5p	+	75	3763.0	2958.0	2980.0	3725.0	13426.0	26.0	18.0	17.0	13.0	3.0	6.0	8.0	6.0	4.0	3.0	4.0	4.00.0	0.0	0.0	0.0	0.0	0.0	1.0	1.0	0.0
	5p	+	76	3641.0	2851.0	2798.0	3480.0	12770.0	8.0	15.0	12.0	16.0	4.0	4.0	5.0	6.0	4.0	6.0	4.0	9.00.0	0.0	0.0	0.0	0.0	0.0	0.0	0.0	0.0
	5p	+	77	3506.0	2675.0	2699.0	3336.0	12216.0	27.0	14.0	13.0	16.0	8.0	1.0	2.0	4.0	2.0	1.0	3.0	3.00.0	0.0	0.0	0.0	1.0	0.0	0.0	0.0	0.0
	5p	+	78	3255.0	2504.0	2645.0	3272.0	11676.0	26.0	15.0	8.0	20.0	4.0	0.0	4.0	6.0	4.0	2.0	4.0	7.00.0	0.0	0.0	0.0	1.0	0.0	0.0	0.0	0.0
	5p	+	79	3171.0	2428.0	2501.0	3051.0	11151.0	22.0	8.0	15.0	9.0	2.0	7.0	2.0	5.0	3.0	5.0	6.0	6.00.0	0.0	0.0	0.0	0.0	0.0	0.0	1.0	0.0
	5p	+	80	2975.0	2364.0	2412.0	2886.0	10637.0	19.0	11.0	10.0	8.0	4.0	3.0	7.0	4.0	3.0	2.0	0.0	2.00.0	0.0	0.0	0.0	3.0	0.0	1.0	2.0	0.0
	5p	+	81	2842.0	2280.0	2265.0	2765.0	10152.0	27.0	12.0	8.0	9.0	5.0	7.0	5.0	6.0	1.0	6.0	1.0	4.00.0	0.0	0.0	0.0	1.0	0.0	0.0	0.0	0.0
	5p	+	82	2669.0	2186.0	2189.0	2672.0	9716.0	25.0	11.0	12.0	9.0	4.0	0.0	3.0	6.0	3.0	6.0	3.0	3.00.0	0.0	0.0	0.0	0.0	0.0	2.0	0.0	0.0
	5p	+	83	2577.0	2088.0	2115.0	2524.0	9304.0	24.0	6.0	6.0	5.0	5.0	0.0	5.0	5.0	6.0	5.0	3.0	4.00.0	0.0	0.0	0.0	2.0	0.0	1.0	0.0	0.0
	5p	+	84	2489.0	2063.0	1938.0	2396.0	8886.0	12.0	12.0	9.0	9.0	3.0	4.0	4.0	4.0	1.0	2.0	3.0	3.00.0	0.0	0.0	0.0	0.0	0.0	1.0	0.0	0.0
	5p	+	85	2384.0	1908.0	1894.0	2277.0	8463.0	19.0	6.0	6.0	5.0	0.0	3.0	2.0	5.0	3.0	2.0	3.0	4.00.0	0.0	0.0	0.0	0.0	0.0	1.0	0.0	0.0
	5p	+	86	2329.0	1811.0	1766.0	2192.0	8098.0	18.0	5.0	7.0	8.0	4.0	3.0	3.0	3.0	0.0	3.0	1.0	3.00.0	0.0	0.0	0.0	0.0	0.0	0.0	0.0	0.0
	5p	+	87	2168.0	1776.0	1699.0	2077.0	7720.0	17.0	6.0	6.0	5.0	3.0	1.0	3.0	3.0	0.0	2.0	1.0	1.00.0	0.0	0.0	0.0	0.0	0.0	0.0	0.0	0.0
	5p	+	88	2065.0	1628.0	1700.0	1997.0	7390.0	23.0	7.0	4.0	5.0	3.0	3.0	2.0	2.0	4.0	0.0	1.0	3.00.0	0.0	0.0	0.0	0.0	0.0	0.0	1.0	0.0
	5p	+	89	1965.0	1526.0	1653.0	1946.0	7090.0	15.0	7.0	4.0	10.0	2.0	1.0	1.0	3.0	2.0	3.0	3.0	6.00.0	0.0	0.0	0.0	1.0	0.0	0.0	0.0	0.0
	5p	+	90	1883.0	1484.0	1510.0	1926.0	6803.0	13.0	9.0	5.0	3.0	3.0	0.0	1.0	8.0	2.0	0.0	1.0	1.00.0	0.0	0.0	0.0	1.0	0.0	0.0	0.0	0.0
	5p	+	91	1848.0	1414.0	1422.0	1833.0	6517.0	14.0	12.0	9.0	6.0	2.0	2.0	2.0	4.0	3.0	4.0	2.0	5.00.0	0.0	0.0	0.0	1.0	0.0	1.0	0.0	0.0
	5p	+	92	1785.0	1436.0	1380.0	1653.0	6254.0	9.0	3.0	11.0	6.0	3.0	2.0	2.0	4.0	5.0	3.0	2.0	1.00.0	0.0	0.0	0.0	0.0	0.0	0.0	0.0	0.0
	5p	+	93	1656.0	1323.0	1311.0	1684.0	5974.0	17.0	6.0	3.0	5.0	2.0	5.0	2.0	1.0	1.0	1.0	0.0	3.00.0	0.0	0.0	0.0	0.0	0.0	0.0	0.0	0.0
	5p	+	94	1601.0	1266.0	1264.0	1561.0	5692.0	17.0	4.0	8.0	4.0	1.0	2.0	3.0	0.0	2.0	1.0	2.0	5.00.0	0.0	0.0	0.0	0.0	0.0	0.0	0.0	0.0
	5p	+	95	1503.0	1223.0	1216.0	1518.0	5460.0	11.0	8.0	4.0	7.0	1.0	3.0	1.0	2.0	1.0	2.0	3.0	4.00.0	0.0	0.0	0.0	0.0	0.0	0.0	0.0	0.0
	5p	+	96	1461.0	1151.0	1161.0	1462.0	5235.0	11.0	3.0	5.0	1.0	4.0	0.0	3.0	3.0	1.0	1.0	2.0	3.00.0	0.0	0.0	0.0	1.0	0.0	0.0	0.0	0.0
	5p	+	97	1411.0	1107.0	1138.0	1389.0	5045.0	8.0	4.0	6.0	6.0	1.0	0.0	2.0	1.0	1.0	1.0	0.0	2.00.0	0.0	0.0	0.0	0.0	0.0	0.0	0.0	0.0
	5p	+	98	1317.0	1121.0	1095.0	1315.0	4848.0	14.0	3.0	3.0	4.0	2.0	0.0	1.0	3.0	1.0	4.0	3.0	0.00.0	0.0	0.0	0.0	0.0	0.0	0.0	0.0	0.0
	5p	+	99	1303.0	1074.0	1041.0	1217.0	4635.0	9.0	3.0	3.0	5.0	1.0	2.0	3.0	2.0	3.0	2.0	0.0	1.00.0	0.0	0.0	0.0	0.0	0.0	0.0	0.0	0.0
	5p	+	100	1240.0	1039.0	959.0	1223.0	4461.0	5.0	7.0	7.0	8.0	2.0	1.0	2.0	2.0	2.0	0.0	1.0	1.00.0	0.0	0.0	0.0	0.0	0.0	0.0	0.0	0.0
	5p	-	1	22267.0	19905.0	12294.0	16434.0	70900.0	136.0	448.0	100.0	108.0	58.0	37.0	22.0	45.0	35.0	47.0	27.0	31.00.0	0.0	0.0	0.0	0.0	0.0	0.0	0.0	0.0
	5p	-	2	13426.0	17413.0	19244.0	20816.0	70899.0	62.0	357.0	114.0	91.0	45.0	28.0	31.0	37.0	30.0	27.0	31.0	46.00.0	0.0	0.0	0.0	0.0	0.0	0.0	0.0	0.0
	5p	-	3	16140.0	18502.0	17876.0	18382.0	70900.0	76.0	211.0	98.0	61.0	33.0	36.0	21.0	28.0	28.0	22.0	16.0	36.00.0	0.0	0.0	0.0	0.0	0.0	0.0	1.0	0.0
	5p	-	4	19019.0	19276.0	12791.0	19812.0	70898.0	68.0	215.0	60.0	68.0	25.0	22.0	27.0	26.0	24.0	22.0	19.0	24.00.0	0.0	0.0	0.0	0.0	0.0	1.0	1.0	0.0
	5p	-	5	19124.0	16848.0	14051.0	20864.0	70887.0	65.0	188.0	75.0	56.0	12.0	23.0	10.0	28.0	21.0	17.0	13.0	28.00.0	0.0	0.0	0.0	6.0	0.0	2.0	1.0	0.0
	5p	-	6	17865.0	16182.0	16638.0	20205.0	70890.0	58.0	167.0	92.0	64.0	22.0	29.0	26.0	13.0	20.0	18.0	15.0	28.00.0	0.0	0.0	0.0	6.0	0.0	2.0	1.0	0.0
	5p	-	7	18822.0	15946.0	17402.0	18713.0	70883.0	68.0	145.0	93.0	66.0	22.0	16.0	15.0	22.0	20.0	17.0	15.0	24.00.0	0.0	0.0	0.0	7.0	0.0	3.0	5.0	0.0
	5p	-	8	18214.0	16985.0	17026.0	18667.0	70892.0	67.0	142.0	66.0	71.0	13.0	13.0	14.0	28.0	23.0	17.0	13.0	18.00.0	0.0	0.0	0.0	2.0	0.0	0.0	2.0	0.0
	5p	-	9	17822.0	16641.0	16892.0	19533.0	70888.0	68.0	160.0	64.0	58.0	18.0	21.0	25.0	23.0	19.0	10.0	19.0	19.00.0	0.0	0.0	0.0	2.0	0.0	6.0	4.0	0.0
	5p	-	10	18453.0	16165.0	16940.0	19327.0	70885.0	71.0	136.0	91.0	55.0	18.0	16.0	20.0	21.0	24.0	11.0	23.0	21.00.0	0.0	0.0	0.0	6.0	0.0	4.0	1.0	0.0
	5p	-	11	17552.0	17182.0	17838.0	18311.0	70883.0	63.0	127.0	76.0	65.0	19.0	12.0	18.0	16.0	17.0	7.0	14.0	31.00.0	0.0	0.0	0.0	4.0	0.0	3.0	6.0	0.0
	5p	-	12	17785.0	17280.0	17352.0	18469.0	70886.0	64.0	137.0	53.0	57.0	18.0	15.0	15.0	24.0	19.0	14.0	21.0	23.00.0	0.0	0.0	0.0	9.0	0.0	2.0	2.0	0.0
	5p	-	13	18282.0	16987.0	17349.0	18271.0	70889.0	77.0	139.0	70.0	60.0	23.0	14.0	16.0	20.0	18.0	8.0	20.0	20.00.0	0.0	0.0	0.0	1.0	0.0	2.0	5.0	0.0
	5p	-	14	17981.0	16937.0	17441.0	18524.0	70883.0	66.0	106.0	57.0	69.0	12.0	11.0	15.0	21.0	13.0	6.0	11.0	18.00.0	0.0	0.0	0.0	4.0	0.0	7.0	3.0	0.0
	5p	-	15	18155.0	16652.0	17720.0	18365.0	70892.0	73.0	98.0	54.0	60.0	16.0	12.0	21.0	20.0	21.0	11.0	13.0	24.00.0	0.0	0.0	0.0	3.0	0.0	2.0	2.0	0.0
	5p	-	16	18017.0	16805.0	17839.0	18226.0	70887.0	91.0	116.0	55.0	61.0	19.0	15.0	15.0	22.0	11.0	14.0	24.0	17.00.0	0.0	0.0	0.0	2.0	0.0	1.0	5.0	0.0
	5p	-	17	18227.0	16924.0	17787.0	17946.0	70884.0	83.0	97.0	71.0	49.0	17.0	14.0	22.0	17.0	22.0	16.0	26.0	19.00.0	0.0	0.0	0.0	5.0	0.0	2.0	6.0	0.0
	5p	-	18	17900.0	17115.0	17740.0	18134.0	70889.0	95.0	102.0	66.0	62.0	19.0	17.0	18.0	23.0	15.0	17.0	16.0	29.00.0	0.0	0.0	0.0	4.0	0.0	1.0	5.0	0.0
	5p	-	19	18068.0	17232.0	17697.0	17884.0	70881.0	73.0	87.0	69.0	54.0	18.0	15.0	25.0	19.0	17.0	19.0	23.0	25.00.0	0.0	0.0	0.0	9.0	0.0	1.0	3.0	0.0
	5p	-	20	17816.0	17107.0	17766.0	18202.0	70891.0	73.0	90.0	60.0	48.0	18.0	14.0	16.0	18.0	15.0	10.0	11.0	17.00.0	0.0	0.0	0.0	3.0	0.0	0.0	6.0	0.0
	5p	-	21	18063.0	17156.0	17734.0	17932.0	70885.0	86.0	92.0	61.0	60.0	12.0	23.0	19.0	35.0	18.0	15.0	11.0	22.00.0	0.0	0.0	0.0	5.0	0.0	5.0	3.0	0.0
	5p	-	22	17860.0	17490.0	17608.0	17924.0	70882.0	86.0	73.0	58.0	67.0	23.0	17.0	20.0	19.0	16.0	15.0	21.0	24.00.0	0.0	0.0	0.0	4.0	0.0	4.0	8.0	0.0
	5p	-	23	18195.0	17357.0	17327.0	18003.0	70882.0	79.0	70.0	69.0	61.0	12.0	10.0	12.0	21.0	22.0	12.0	17.0	28.00.0	0.0	0.0	0.0	2.0	0.0	5.0	5.0	0.0
	5p	-	24	18005.0	17404.0	17271.0	18199.0	70879.0	71.0	73.0	66.0	52.0	10.0	10.0	27.0	14.0	28.0	9.0	17.0	23.00.0	0.0	0.0	0.0	2.0	0.0	6.0	3.0	0.0
	5p	-	25	18291.0	17317.0	17012.0	18265.0	70885.0	119.0	78.0	80.0	67.0	12.0	16.0	26.0	26.0	18.0	15.0	15.0	22.00.0	0.0	0.0	0.0	2.0	0.0	3.0	6.0	0.0
	5p	-	26	17888.0	17530.0	17078.0	18385.0	70881.0	88.0	100.0	44.0	53.0	21.0	13.0	13.0	22.0	8.0	14.0	17.0	20.00.0	0.0	0.0	0.0	7.0	0.0	3.0	5.0	0.0
	5p	-	27	18136.0	17416.0	17245.0	18089.0	70886.0	94.0	88.0	79.0	67.0	21.0	13.0	10.0	21.0	21.0	12.0	13.0	20.00.0	0.0	0.0	0.0	3.0	0.0	4.0	2.0	0.0
	5p	-	28	18111.0	17537.0	17011.0	18217.0	70876.0	103.0	67.0	52.0	71.0	13.0	14.0	13.0	16.0	17.0	13.0	9.0	20.00.0	0.0	0.0	0.0	6.0	0.0	8.0	4.0	0.0
	5p	-	29	18051.0	17484.0	17164.0	18182.0	70881.0	112.0	82.0	68.0	77.0	20.0	11.0	11.0	21.0	18.0	15.0	13.0	27.00.0	0.0	0.0	0.0	6.0	0.0	3.0	6.0	0.0
	5p	-	30	18105.0	17273.0	17427.0	18080.0	70885.0	95.0	72.0	65.0	60.0	20.0	10.0	17.0	15.0	18.0	18.0	15.0	24.00.0	0.0	0.0	0.0	7.0	0.0	3.0	2.0	0.0
	5p	-	31	17998.0	17318.0	16898.0	17901.0	70115.0	115.0	72.0	57.0	78.0	12.0	13.0	14.0	22.0	17.0	9.0	18.0	18.00.0	0.0	0.0	0.0	9.0	0.0	4.0	4.0	0.0
	5p	-	32	17977.0	16851.0	16315.0	18108.0	69251.0	94.0	78.0	52.0	59.0	17.0	13.0	12.0	25.0	19.0	10.0	15.0	27.00.0	0.0	0.0	0.0	8.0	0.0	2.0	1.0	0.0
	5p	-	33	17581.0	16543.0	16343.0	17741.0	68208.0	129.0	73.0	52.0	63.0	20.0	13.0	13.0	12.0	12.0	14.0	18.0	24.00.0	0.0	0.0	0.0	5.0	0.0	3.0	5.0	0.0
	5p	-	34	17484.0	16292.0	15756.0	17520.0	67052.0	138.0	63.0	67.0	59.0	20.0	7.0	13.0	31.0	15.0	12.0	17.0	26.00.0	0.0	0.0	0.0	5.0	0.0	1.0	2.0	0.0
	5p	-	35	17520.0	15810.0	15405.0	17099.0	65834.0	114.0	69.0	50.0	55.0	16.0	5.0	19.0	24.0	17.0	13.0	12.0	15.00.0	0.0	0.0	0.0	4.0	0.0	2.0	1.0	0.0
	5p	-	36	17055.0	15368.0	15091.0	17019.0	64533.0	112.0	50.0	48.0	61.0	24.0	10.0	16.0	29.0	11.0	7.0	11.0	20.00.0	0.0	0.0	0.0	6.0	0.0	2.0	2.0	0.0
	5p	-	37	16799.0	14926.0	14911.0	16471.0	63107.0	130.0	62.0	55.0	64.0	15.0	21.0	12.0	17.0	12.0	12.0	11.0	16.00.0	0.0	0.0	0.0	5.0	0.0	0.0	3.0	0.0
	5p	-	38	16393.0	14498.0	14420.0	16258.0	61569.0	119.0	69.0	41.0	56.0	12.0	8.0	18.0	28.0	16.0	13.0	20.0	28.00.0	0.0	0.0	0.0	3.0	0.0	4.0	5.0	0.0
	5p	-	39	15891.0	14148.0	14120.0	15839.0	59998.0	107.0	63.0	54.0	55.0	15.0	9.0	17.0	22.0	15.0	10.0	17.0	17.00.0	0.0	0.0	0.0	3.0	0.0	3.0	1.0	0.0
	5p	-	40	15778.0	13561.0	13361.0	15677.0	58377.0	110.0	72.0	33.0	63.0	16.0	18.0	10.0	17.0	17.0	9.0	17.0	30.00.0	0.0	0.0	0.0	2.0	0.0	3.0	3.0	0.0
	5p	-	41	15386.0	13083.0	13073.0	15147.0	56689.0	116.0	59.0	50.0	66.0	22.0	7.0	14.0	19.0	14.0	13.0	14.0	19.00.0	0.0	0.0	0.0	5.0	0.0	2.0	2.0	0.0
	5p	-	42	14939.0	12868.0	12615.0	14590.0	55012.0	97.0	55.0	51.0	59.0	18.0	21.0	16.0	15.0	16.0	20.0	12.0	24.00.0	0.0	0.0	0.0	5.0	0.0	3.0	2.0	0.0
	5p	-	43	14524.0	12364.0	12119.0	14227.0	53234.0	117.0	45.0	48.0	46.0	21.0	8.0	12.0	17.0	17.0	9.0	18.0	16.00.0	0.0	0.0	0.0	6.0	0.0	3.0	1.0	0.0
	5p	-	44	13986.0	11774.0	11760.0	13962.0	51482.0	94.0	60.0	39.0	53.0	21.0	5.0	13.0	22.0	9.0	12.0	13.0	14.00.0	0.0	0.0	0.0	6.0	0.0	2.0	1.0	0.0
	5p	-	45	13564.0	11632.0	11077.0	13436.0	49709.0	87.0	45.0	40.0	48.0	18.0	7.0	13.0	18.0	10.0	10.0	13.0	16.00.0	0.0	0.0	0.0	4.0	0.0	5.0	2.0	0.0
	5p	-	46	13099.0	11037.0	10844.0	13043.0	48023.0	82.0	42.0	48.0	50.0	18.0	10.0	9.0	15.0	12.0	15.0	18.0	14.00.0	0.0	0.0	0.0	4.0	0.0	1.0	1.0	0.0
	5p	-	47	12740.0	10523.0	10490.0	12517.0	46270.0	110.0	50.0	46.0	48.0	16.0	9.0	12.0	14.0	9.0	12.0	12.0	24.00.0	0.0	0.0	0.0	1.0	0.0	3.0	1.0	0.0
	5p	-	48	11967.0	10074.0	10108.0	12345.0	44494.0	113.0	47.0	35.0	59.0	9.0	17.0	11.0	23.0	10.0	12.0	11.0	9.00.0	0.0	0.0	0.0	4.0	0.0	1.0	3.0	0.0
	5p	-	49	11780.0	9895.0	9542.0	11621.0	42838.0	80.0	40.0	32.0	45.0	13.0	12.0	10.0	17.0	9.0	11.0	7.0	15.00.0	0.0	0.0	0.0	4.0	0.0	0.0	2.0	0.0
	5p	-	50	11218.0	9451.0	9185.0	11234.0	41088.0	90.0	46.0	40.0	43.0	12.0	14.0	11.0	15.0	13.0	9.0	13.0	17.00.0	0.0	0.0	0.0	5.0	0.0	3.0	1.0	0.0
	5p	-	51	11017.0	8986.0	8625.0	10810.0	39438.0	84.0	42.0	35.0	42.0	6.0	9.0	4.0	11.0	7.0	12.0	17.0	14.00.0	0.0	0.0	0.0	4.0	0.0	3.0	3.0	0.0
	5p	-	52	10673.0	8619.0	8279.0	10299.0	37870.0	70.0	39.0	30.0	38.0	10.0	10.0	11.0	17.0	9.0	6.0	10.0	18.00.0	0.0	0.0	0.0	2.0	0.0	1.0	1.0	0.0
	5p	-	53	10062.0	8298.0	7993.0	9911.0	36264.0	69.0	24.0	30.0	32.0	9.0	7.0	12.0	14.0	8.0	12.0	5.0	10.00.0	0.0	0.0	0.0	5.0	0.0	3.0	1.0	0.0
	5p	-	54	9568.0	7839.0	7676.0	9689.0	34772.0	52.0	42.0	34.0	39.0	10.0	7.0	10.0	12.0	6.0	9.0	3.0	15.00.0	0.0	0.0	0.0	0.0	0.0	2.0	6.0	0.0
	5p	-	55	9204.0	7598.0	7318.0	9198.0	33318.0	51.0	30.0	18.0	25.0	7.0	17.0	10.0	16.0	11.0	12.0	4.0	2.00.0	0.0	0.0	0.0	5.0	0.0	1.0	3.0	0.0
	5p	-	56	8774.0	7327.0	7062.0	8745.0	31908.0	67.0	28.0	24.0	27.0	12.0	9.0	11.0	7.0	8.0	6.0	8.0	11.00.0	0.0	0.0	0.0	5.0	0.0	0.0	0.0	0.0
	5p	-	57	8368.0	7107.0	6642.0	8409.0	30526.0	68.0	34.0	29.0	24.0	14.0	9.0	4.0	13.0	12.0	11.0	5.0	6.00.0	0.0	0.0	0.0	3.0	0.0	2.0	2.0	0.0
	5p	-	58	8142.0	6710.0	6449.0	7951.0	29252.0	58.0	31.0	32.0	28.0	4.0	7.0	5.0	13.0	7.0	9.0	7.0	13.00.0	0.0	0.0	0.0	5.0	0.0	1.0	2.0	0.0
	5p	-	59	7919.0	6331.0	6253.0	7488.0	27991.0	59.0	30.0	25.0	36.0	2.0	8.0	5.0	13.0	9.0	4.0	10.0	12.00.0	0.0	0.0	0.0	3.0	0.0	0.0	1.0	0.0
	5p	-	60	7302.0	6147.0	5853.0	7391.0	26693.0	60.0	22.0	24.0	23.0	8.0	7.0	9.0	17.0	8.0	11.0	1.0	8.00.0	0.0	0.0	0.0	3.0	0.0	0.0	1.0	0.0
	5p	-	61	7112.0	5649.0	5656.0	7073.0	25490.0	62.0	31.0	33.0	22.0	4.0	3.0	4.0	11.0	4.0	5.0	6.0	8.00.0	0.0	0.0	0.0	0.0	0.0	4.0	0.0	0.0
	5p	-	62	6711.0	5608.0	5345.0	6732.0	24396.0	52.0	33.0	21.0	35.0	5.0	6.0	11.0	8.0	8.0	3.0	1.0	10.00.0	0.0	0.0	0.0	0.0	0.0	0.0	3.0	0.0
	5p	-	63	6524.0	5324.0	5048.0	6420.0	23316.0	55.0	30.0	16.0	28.0	7.0	5.0	8.0	16.0	6.0	6.0	8.0	11.00.0	0.0	0.0	0.0	1.0	0.0	3.0	2.0	0.0
	5p	-	64	6222.0	5072.0	4759.0	6247.0	22300.0	44.0	23.0	18.0	16.0	9.0	3.0	4.0	7.0	3.0	7.0	8.0	8.00.0	0.0	0.0	0.0	5.0	0.0	0.0	1.0	0.0
	5p	-	65	5973.0	4790.0	4601.0	5908.0	21272.0	39.0	29.0	28.0	21.0	3.0	9.0	5.0	14.0	4.0	6.0	9.0	9.00.0	0.0	0.0	0.0	2.0	0.0	2.0	0.0	0.0
	5p	-	66	5598.0	4604.0	4521.0	5574.0	20297.0	29.0	21.0	19.0	17.0	4.0	8.0	3.0	13.0	7.0	7.0	4.0	5.00.0	0.0	0.0	0.0	0.0	0.0	2.0	1.0	0.0
	5p	-	67	5511.0	4309.0	4299.0	5245.0	19364.0	41.0	29.0	10.0	19.0	8.0	4.0	5.0	10.0	8.0	1.0	5.0	6.00.0	0.0	0.0	0.0	0.0	0.0	2.0	3.0	0.0
	5p	-	68	5236.0	4099.0	4126.0	5097.0	18558.0	35.0	18.0	18.0	20.0	8.0	7.0	9.0	6.0	4.0	10.0	3.0	18.00.0	0.0	0.0	0.0	0.0	0.0	0.0	1.0	0.0
	5p	-	69	4941.0	4062.0	3881.0	4880.0	17764.0	39.0	18.0	6.0	24.0	5.0	4.0	4.0	14.0	11.0	3.0	8.0	5.00.0	0.0	0.0	0.0	1.0	0.0	1.0	0.0	0.0
	5p	-	70	4930.0	3788.0	3683.0	4571.0	16972.0	44.0	17.0	20.0	19.0	6.0	7.0	3.0	8.0	4.0	2.0	3.0	1.00.0	0.0	0.0	0.0	1.0	0.0	0.0	0.0	0.0
	5p	-	71	4442.0	3630.0	3691.0	4421.0	16184.0	22.0	16.0	17.0	13.0	3.0	5.0	3.0	3.0	5.0	5.0	6.0	10.00.0	0.0	0.0	0.0	0.0	0.0	0.0	3.0	0.0
	5p	-	72	4273.0	3525.0	3348.0	4273.0	15419.0	25.0	11.0	13.0	15.0	6.0	5.0	2.0	10.0	7.0	5.0	8.0	9.00.0	0.0	0.0	0.0	0.0	0.0	1.0	1.0	0.0
	5p	-	73	4139.0	3301.0	3230.0	4008.0	14678.0	42.0	13.0	15.0	10.0	4.0	3.0	5.0	8.0	7.0	10.0	2.0	5.00.0	0.0	0.0	0.0	0.0	0.0	0.0	0.0	0.0
	5p	-	74	3890.0	3157.0	3167.0	3791.0	14005.0	35.0	12.0	14.0	13.0	9.0	5.0	6.0	3.0	7.0	6.0	6.0	3.00.0	0.0	0.0	0.0	1.0	0.0	0.0	0.0	0.0
	5p	-	75	3704.0	3032.0	2963.0	3656.0	13355.0	20.0	5.0	10.0	15.0	2.0	4.0	3.0	5.0	3.0	6.0	4.0	3.00.0	0.0	0.0	0.0	0.0	0.0	1.0	0.0	0.0
	5p	-	76	3580.0	2801.0	2731.0	3584.0	12696.0	32.0	13.0	20.0	12.0	6.0	2.0	0.0	5.0	4.0	6.0	2.0	7.00.0	0.0	0.0	0.0	1.0	0.0	0.0	1.0	0.0
	5p	-	77	3336.0	2735.0	2692.0	3327.0	12090.0	24.0	13.0	19.0	10.0	3.0	5.0	4.0	11.0	5.0	1.0	3.0	2.00.0	0.0	0.0	0.0	2.0	0.0	2.0	0.0	0.0
	5p	-	78	3251.0	2686.0	2518.0	3114.0	11569.0	23.0	14.0	9.0	8.0	5.0	3.0	3.0	6.0	6.0	3.0	1.0	5.00.0	0.0	0.0	0.0	0.0	0.0	0.0	0.0	0.0
	5p	-	79	3056.0	2519.0	2423.0	3059.0	11057.0	28.0	14.0	11.0	8.0	3.0	3.0	2.0	5.0	5.0	3.0	0.0	7.00.0	0.0	0.0	0.0	1.0	0.0	0.0	0.0	0.0
	5p	-	80	2930.0	2393.0	2323.0	2912.0	10558.0	18.0	9.0	8.0	19.0	2.0	3.0	3.0	4.0	3.0	3.0	3.0	4.00.0	0.0	0.0	0.0	0.0	0.0	0.0	1.0	0.0
	5p	-	81	2804.0	2232.0	2342.0	2727.0	10105.0	29.0	14.0	7.0	13.0	3.0	4.0	3.0	3.0	3.0	6.0	2.0	3.00.0	0.0	0.0	0.0	0.0	0.0	0.0	2.0	0.0
	5p	-	82	2658.0	2182.0	2178.0	2646.0	9664.0	12.0	14.0	14.0	14.0	4.0	4.0	3.0	4.0	2.0	2.0	3.0	5.00.0	0.0	0.0	0.0	0.0	0.0	0.0	0.0	0.0
	5p	-	83	2568.0	2028.0	2068.0	2523.0	9187.0	19.0	13.0	6.0	15.0	1.0	4.0	3.0	2.0	4.0	4.0	4.0	4.00.0	0.0	0.0	0.0	0.0	0.0	0.0	0.0	0.0
	5p	-	84	2474.0	1917.0	1955.0	2417.0	8763.0	18.0	6.0	9.0	12.0	3.0	3.0	3.0	7.0	0.0	2.0	2.0	6.00.0	0.0	0.0	0.0	1.0	0.0	0.0	0.0	0.0
	5p	-	85	2332.0	1869.0	1873.0	2270.0	8344.0	16.0	7.0	13.0	16.0	3.0	3.0	3.0	6.0	4.0	5.0	4.0	4.00.0	0.0	0.0	0.0	0.0	0.0	0.0	0.0	0.0
	5p	-	86	2254.0	1779.0	1744.0	2178.0	7955.0	15.0	11.0	9.0	7.0	4.0	2.0	3.0	4.0	5.0	2.0	3.0	7.00.0	0.0	0.0	0.0	0.0	0.0	1.0	0.0	0.0
	5p	-	87	2164.0	1693.0	1745.0	2007.0	7609.0	17.0	5.0	6.0	13.0	1.0	2.0	3.0	5.0	1.0	3.0	5.0	2.00.0	0.0	0.0	0.0	2.0	0.0	0.0	0.0	0.0
	5p	-	88	2012.0	1605.0	1672.0	2003.0	7292.0	19.0	3.0	8.0	8.0	4.0	4.0	2.0	0.0	1.0	4.0	3.0	4.00.0	0.0	0.0	0.0	1.0	0.0	0.0	0.0	0.0
	5p	-	89	1924.0	1569.0	1584.0	1893.0	6970.0	15.0	9.0	9.0	1.0	1.0	0.0	2.0	6.0	2.0	0.0	2.0	2.00.0	0.0	0.0	0.0	0.0	0.0	0.0	0.0	0.0
	5p	-	90	1883.0	1473.0	1501.0	1838.0	6695.0	14.0	8.0	8.0	12.0	2.0	2.0	1.0	3.0	3.0	4.0	3.0	5.00.0	0.0	0.0	0.0	0.0	0.0	0.0	0.0	0.0
	5p	-	91	1848.0	1425.0	1436.0	1715.0	6424.0	13.0	7.0	10.0	8.0	2.0	3.0	1.0	3.0	2.0	2.0	1.0	2.00.0	0.0	0.0	0.0	0.0	0.0	0.0	0.0	0.0
	5p	-	92	1710.0	1369.0	1352.0	1728.0	6159.0	11.0	1.0	9.0	4.0	2.0	0.0	0.0	3.0	0.0	2.0	2.0	4.00.0	0.0	0.0	0.0	1.0	0.0	0.0	0.0	0.0
	5p	-	93	1633.0	1363.0	1259.0	1660.0	5915.0	9.0	7.0	6.0	10.0	5.0	1.0	0.0	2.0	3.0	1.0	0.0	4.00.0	0.0	0.0	0.0	0.0	0.0	1.0	0.0	0.0
	5p	-	94	1546.0	1312.0	1231.0	1574.0	5663.0	8.0	9.0	5.0	4.0	2.0	1.0	2.0	2.0	3.0	2.0	1.0	2.00.0	0.0	0.0	0.0	0.0	0.0	0.0	0.0	0.0
	5p	-	95	1471.0	1182.0	1242.0	1518.0	5413.0	15.0	6.0	4.0	7.0	0.0	4.0	2.0	5.0	2.0	1.0	1.0	2.00.0	0.0	0.0	0.0	1.0	0.0	0.0	0.0	0.0
	5p	-	96	1415.0	1185.0	1186.0	1421.0	5207.0	8.0	6.0	3.0	3.0	3.0	0.0	0.0	3.0	3.0	2.0	3.0	4.00.0	0.0	0.0	0.0	0.0	0.0	1.0	0.0	0.0
	5p	-	97	1395.0	1103.0	1116.0	1375.0	4989.0	9.0	5.0	4.0	3.0	4.0	0.0	0.0	0.0	2.0	3.0	1.0	3.00.0	0.0	0.0	0.0	1.0	0.0	0.0	0.0	0.0
	5p	-	98	1325.0	1093.0	1064.0	1301.0	4783.0	5.0	9.0	5.0	8.0	1.0	0.0	2.0	3.0	0.0	0.0	0.0	0.00.0	0.0	0.0	0.0	0.0	0.0	0.0	0.0	0.0
	5p	-	99	1367.0	1008.0	971.0	1244.0	4590.0	10.0	8.0	3.0	5.0	1.0	2.0	1.0	1.0	3.0	2.0	3.0	4.00.0	0.0	0.0	0.0	0.0	0.0	0.0	0.0	0.0
	5p	-	100	1206.0	990.0	997.0	1198.0	4391.0	3.0	8.0	4.0	5.0	3.0	2.0	0.0	2.0	0.0	1.0	1.0	0.00.0	0.0	0.0	0.0	0.0	0.0	0.0	1.0	0.0
