# table produced by DamageProfiler
# using mapped file RmA003.GrysbokCape_Human_nc.Target.rmdup.noMicro.bam
# Sample ID: RmA003.GrysbokCape_Human_nc.Target.rmdup.noMicro.bam
Pos	C>T	G>A	A>C	A>G	A>T	C>A	C>G	G>C	G>T	T>A	T>C	T>G	->ACGT	ACGT>-
24	0.003606	0.001756	0.000554	0.001530	0.000421	0.000656	0.000728	0.000466	0.001899	0.000253	0.001357	0.000529	0.002181	0.000000
23	0.004077	0.002160	0.000532	0.001131	0.000621	0.001347	0.000655	0.000396	0.001764	0.000642	0.001399	0.000390	0.002091	0.000000
22	0.003516	0.001658	0.000441	0.001698	0.000573	0.000916	0.000366	0.000649	0.001658	0.000482	0.001286	0.000459	0.002223	0.000000
21	0.003100	0.001651	0.000378	0.001200	0.000600	0.000912	0.000511	0.000538	0.001292	0.000504	0.000916	0.000366	0.002188	0.000000
20	0.002949	0.001649	0.000491	0.001629	0.000826	0.000947	0.000619	0.000502	0.002080	0.000799	0.001072	0.000228	0.002021	0.000000
19	0.003713	0.002047	0.000356	0.001489	0.000622	0.000946	0.000582	0.000395	0.001652	0.000527	0.001008	0.000321	0.001896	0.000000
18	0.003465	0.002093	0.000534	0.001648	0.000713	0.000620	0.000219	0.000289	0.001335	0.000524	0.001162	0.000570	0.002209	0.000000
17	0.003238	0.001836	0.000420	0.001546	0.000817	0.000736	0.000478	0.000432	0.001656	0.000596	0.001214	0.000527	0.002488	0.000000
16	0.003110	0.002237	0.000445	0.001270	0.000713	0.000796	0.000434	0.000505	0.001623	0.000755	0.001213	0.000504	0.001931	0.000000
15	0.003599	0.001638	0.000463	0.001454	0.000573	0.001028	0.000294	0.000437	0.001820	0.000479	0.001414	0.000479	0.002258	0.000000
14	0.002740	0.002173	0.000550	0.001541	0.000727	0.001222	0.000407	0.000356	0.002173	0.000713	0.000989	0.000414	0.002001	0.000000
13	0.003735	0.001599	0.000592	0.001821	0.000724	0.000740	0.000740	0.000291	0.001672	0.000525	0.001255	0.000433	0.002014	0.000000
12	0.003193	0.001768	0.000353	0.001258	0.000353	0.001188	0.000483	0.000577	0.001948	0.000545	0.001023	0.000500	0.001973	0.000000
11	0.003380	0.001958	0.000438	0.001534	0.000657	0.000669	0.000483	0.000471	0.001450	0.000707	0.000981	0.000570	0.001806	0.000000
10	0.003487	0.002167	0.000567	0.001591	0.000414	0.000631	0.000593	0.000514	0.001653	0.000752	0.001163	0.000388	0.002036	0.000000
9	0.003744	0.001961	0.000411	0.001710	0.000844	0.000674	0.000524	0.000399	0.002178	0.000506	0.001196	0.000368	0.002042	0.000000
8	0.003322	0.001913	0.000403	0.001676	0.000637	0.000966	0.000425	0.000614	0.001877	0.000694	0.000971	0.000532	0.001889	0.000000
7	0.003544	0.002120	0.000353	0.001746	0.000582	0.001052	0.000351	0.000658	0.002047	0.000513	0.001003	0.000443	0.001569	0.000000
6	0.003604	0.001772	0.000536	0.001710	0.000701	0.001058	0.000431	0.000217	0.001482	0.000851	0.001418	0.000378	0.001389	0.000000
5	0.004623	0.002229	0.000636	0.001927	0.000616	0.001513	0.000504	0.000418	0.002124	0.001383	0.001335	0.000510	0.000986	0.000000
4	0.005576	0.002164	0.000729	0.001635	0.001123	0.001484	0.000764	0.000687	0.001992	0.001240	0.001383	0.000620	0.000597	0.000000
3	0.005973	0.003534	0.000607	0.002292	0.001410	0.001621	0.001067	0.000945	0.001924	0.001441	0.001246	0.001050	0.000271	0.000000
2	0.006217	0.004321	0.001361	0.002954	0.002080	0.002882	0.001235	0.000899	0.002800	0.002017	0.001966	0.001890	0.000118	0.000000
1	0.057161	0.007111	0.001430	0.003585	0.003176	0.003599	0.001497	0.001964	0.003300	0.004390	0.003009	0.001574	0.000042	0.000000
0	0.172973	0.010301	0.001608	0.003708	0.003445	0.007224	0.002202	0.002060	0.004807	0.007093	0.003804	0.002688	0.000000	0.000000
