# table produced by DamageProfiler
# using mapped file RmA003.GrysbokCape_Human_nc.Target.rmdup.noMicro.bam
# Sample ID: RmA003.GrysbokCape_Human_nc.Target.rmdup.noMicro.bam
Chr	End	Std	Pos	A	C	G	T	Total	G>A	C>T	A>G	T>C	A>C	A>T	C>G	C>A	T>G	T>A	G>C	G>T	A>-	T>-	C>-	G>-	->A	->T	->C	->G	S
	3p	+	1	30158.0	11394.0	12408.0	17439.0	71399.0	132.0	1919.0	118.0	58.0	41.0	95.0	24.0	87.0	45.0	122.0	28.0	53.0	0.0	0.0	0.0	0.0	0.0	0.0	0.0	0.0	0.0
	3p	+	2	26877.0	13920.0	12765.0	17933.0	71495.0	97.0	795.0	92.0	56.0	34.0	85.0	21.0	47.0	31.0	74.0	22.0	36.0	0.0	0.0	0.0	0.0	0.0	0.0	0.0	0.0	0.0
	3p	+	3	25703.0	11964.0	14466.0	19483.0	71616.0	59.0	72.0	66.0	37.0	40.0	64.0	9.0	35.0	36.0	41.0	9.0	44.0	0.0	0.0	0.0	0.0	0.0	0.0	0.0	0.0	0.0
	3p	+	4	25342.0	11661.0	14318.0	20394.0	71715.0	50.0	73.0	68.0	22.0	10.0	40.0	13.0	22.0	19.0	32.0	17.0	33.0	0.0	0.0	0.0	0.0	4.0	0.0	0.0	1.0	0.0
	3p	+	5	25214.0	11056.0	14408.0	21076.0	71754.0	35.0	66.0	39.0	31.0	19.0	31.0	7.0	16.0	12.0	33.0	10.0	28.0	0.0	0.0	0.0	0.0	2.0	0.0	5.0	5.0	0.0
	3p	+	6	25223.0	11855.0	14204.0	20484.0	71766.0	30.0	59.0	49.0	35.0	15.0	16.0	6.0	18.0	11.0	25.0	7.0	39.0	0.0	0.0	0.0	0.0	24.0	0.0	17.0	15.0	0.0
	3p	+	7	24068.0	12741.0	13848.0	21084.0	71741.0	24.0	39.0	40.0	25.0	10.0	12.0	4.0	12.0	12.0	19.0	4.0	23.0	0.0	0.0	0.0	0.0	32.0	0.0	20.0	40.0	0.0
	3p	+	8	23866.0	12887.0	13640.0	21345.0	71738.0	30.0	56.0	41.0	24.0	6.0	17.0	4.0	8.0	15.0	8.0	9.0	26.0	0.0	0.0	0.0	0.0	41.0	0.0	22.0	30.0	0.0
	3p	+	9	23379.0	12756.0	13894.0	21690.0	71719.0	24.0	40.0	35.0	23.0	8.0	14.0	5.0	12.0	15.0	17.0	4.0	29.0	0.0	0.0	0.0	0.0	51.0	0.0	32.0	30.0	0.0
	3p	+	10	22918.0	13389.0	13740.0	21656.0	71703.0	28.0	48.0	47.0	21.0	12.0	20.0	8.0	6.0	9.0	12.0	4.0	29.0	0.0	0.0	0.0	0.0	59.0	0.0	35.0	31.0	0.0
	3p	+	11	22849.0	13505.0	13619.0	21709.0	71682.0	23.0	49.0	36.0	26.0	15.0	12.0	12.0	6.0	13.0	13.0	5.0	22.0	0.0	0.0	0.0	0.0	56.0	0.0	42.0	35.0	0.0
	3p	+	12	22772.0	13413.0	13671.0	21841.0	71697.0	28.0	43.0	28.0	29.0	6.0	18.0	6.0	7.0	9.0	12.0	8.0	22.0	0.0	0.0	0.0	0.0	72.0	0.0	24.0	32.0	0.0
	3p	+	13	22497.0	13570.0	13833.0	21789.0	71689.0	26.0	46.0	25.0	25.0	10.0	12.0	8.0	16.0	12.0	10.0	9.0	27.0	0.0	0.0	0.0	0.0	59.0	0.0	37.0	37.0	0.0
	3p	+	14	22568.0	13462.0	13759.0	21872.0	71661.0	21.0	47.0	43.0	33.0	10.0	21.0	9.0	12.0	9.0	12.0	2.0	22.0	0.0	0.0	0.0	0.0	85.0	0.0	35.0	37.0	0.0
	3p	+	15	22596.0	13410.0	14064.0	21597.0	71667.0	29.0	39.0	35.0	25.0	7.0	19.0	4.0	17.0	9.0	15.0	5.0	32.0	0.0	0.0	0.0	0.0	63.0	0.0	46.0	47.0	0.0
	3p	+	16	22474.0	13644.0	13703.0	21865.0	71686.0	21.0	35.0	26.0	29.0	9.0	17.0	4.0	14.0	9.0	11.0	4.0	30.0	0.0	0.0	0.0	0.0	76.0	0.0	38.0	41.0	0.0
	3p	+	17	22381.0	13596.0	13955.0	21749.0	71681.0	32.0	44.0	28.0	23.0	11.0	15.0	6.0	13.0	7.0	10.0	9.0	16.0	0.0	0.0	0.0	0.0	64.0	0.0	33.0	38.0	0.0
	3p	+	18	22560.0	13473.0	13921.0	21679.0	71633.0	29.0	39.0	29.0	26.0	7.0	20.0	6.0	13.0	10.0	12.0	6.0	23.0	0.0	0.0	0.0	0.0	91.0	0.0	30.0	52.0	0.0
	3p	+	19	22235.0	13731.0	13945.0	21757.0	71668.0	31.0	50.0	35.0	22.0	13.0	14.0	4.0	5.0	10.0	14.0	5.0	20.0	0.0	0.0	0.0	0.0	76.0	0.0	48.0	33.0	0.0
	3p	+	20	22458.0	13735.0	13909.0	21589.0	71691.0	23.0	51.0	40.0	23.0	10.0	21.0	4.0	13.0	7.0	11.0	6.0	20.0	0.0	0.0	0.0	0.0	67.0	0.0	33.0	32.0	0.0
	3p	+	21	22403.0	13653.0	13863.0	21784.0	71703.0	27.0	36.0	36.0	28.0	12.0	22.0	7.0	15.0	3.0	18.0	8.0	28.0	0.0	0.0	0.0	0.0	65.0	0.0	36.0	37.0	0.0
	3p	+	22	22432.0	13553.0	13980.0	21727.0	71692.0	23.0	31.0	30.0	18.0	8.0	16.0	10.0	17.0	10.0	9.0	7.0	15.0	0.0	0.0	0.0	0.0	75.0	0.0	36.0	33.0	0.0
	3p	+	23	22730.0	13621.0	13790.0	21551.0	71692.0	25.0	45.0	37.0	32.0	12.0	11.0	5.0	12.0	13.0	12.0	6.0	18.0	0.0	0.0	0.0	0.0	67.0	0.0	32.0	46.0	0.0
	3p	+	24	22589.0	13745.0	13890.0	21452.0	71676.0	35.0	60.0	26.0	35.0	9.0	17.0	12.0	16.0	9.0	14.0	4.0	32.0	0.0	0.0	0.0	0.0	75.0	0.0	32.0	43.0	0.0
	3p	+	25	22488.0	13643.0	14060.0	21460.0	71651.0	28.0	41.0	37.0	31.0	10.0	8.0	8.0	8.0	12.0	8.0	4.0	29.0	0.0	0.0	0.0	0.0	82.0	0.0	50.0	43.0	0.0
	3p	+	26	22625.0	13526.0	14076.0	21410.0	71637.0	22.0	39.0	37.0	19.0	16.0	16.0	7.0	10.0	6.0	18.0	11.0	22.0	0.0	0.0	0.0	0.0	95.0	0.0	37.0	47.0	0.0
	3p	+	27	22542.0	13843.0	13860.0	21391.0	71636.0	27.0	44.0	38.0	29.0	12.0	13.0	6.0	11.0	7.0	18.0	2.0	27.0	0.0	0.0	0.0	0.0	90.0	0.0	31.0	47.0	0.0
	3p	+	28	22595.0	13674.0	14105.0	21258.0	71632.0	26.0	57.0	40.0	33.0	9.0	9.0	9.0	13.0	9.0	8.0	7.0	20.0	0.0	0.0	0.0	0.0	82.0	0.0	43.0	35.0	0.0
	3p	+	29	22411.0	13370.0	14068.0	21796.0	71645.0	30.0	53.0	41.0	25.0	12.0	24.0	6.0	26.0	12.0	15.0	6.0	20.0	0.0	0.0	0.0	0.0	77.0	0.0	30.0	44.0	0.0
	3p	+	30	22544.0	13388.0	14174.0	21573.0	71679.0	42.0	76.0	55.0	23.0	10.0	30.0	16.0	16.0	22.0	26.0	6.0	19.0	0.0	0.0	0.0	0.0	56.0	0.0	26.0	33.0	0.0
	3p	+	31	21824.0	12883.0	13374.0	20907.0	68988.0	35.0	71.0	52.0	23.0	16.0	24.0	8.0	26.0	18.0	30.0	9.0	30.0	0.0	0.0	0.0	0.0	65.0	0.0	28.0	23.0	0.0
	3p	+	32	21043.0	12468.0	12972.0	19898.0	66381.0	37.0	77.0	54.0	30.0	10.0	26.0	8.0	18.0	9.0	31.0	14.0	25.0	0.0	0.0	0.0	0.0	61.0	0.0	25.0	26.0	0.0
	3p	+	33	20334.0	11824.0	12434.0	19241.0	63833.0	42.0	89.0	42.0	29.0	8.0	32.0	7.0	15.0	8.0	22.0	5.0	22.0	0.0	0.0	0.0	0.0	72.0	0.0	25.0	27.0	0.0
	3p	+	34	19584.0	11167.0	11943.0	18578.0	61272.0	31.0	66.0	40.0	21.0	12.0	19.0	13.0	22.0	3.0	23.0	4.0	19.0	0.0	0.0	0.0	0.0	64.0	0.0	27.0	26.0	0.0
	3p	+	35	18651.0	10860.0	11542.0	17636.0	58689.0	36.0	71.0	41.0	24.0	15.0	35.0	2.0	17.0	12.0	36.0	3.0	29.0	0.0	0.0	0.0	0.0	58.0	0.0	19.0	17.0	0.0
	3p	+	36	17900.0	10297.0	10943.0	16930.0	56070.0	32.0	75.0	58.0	21.0	14.0	34.0	5.0	17.0	16.0	21.0	5.0	24.0	0.0	0.0	0.0	0.0	58.0	0.0	17.0	17.0	0.0
	3p	+	37	17107.0	9811.0	10324.0	16220.0	53462.0	25.0	73.0	47.0	22.0	9.0	18.0	6.0	14.0	16.0	38.0	3.0	26.0	0.0	0.0	0.0	0.0	43.0	0.0	22.0	21.0	0.0
	3p	+	38	16163.0	9398.0	9833.0	15478.0	50872.0	28.0	79.0	35.0	25.0	9.0	24.0	10.0	15.0	13.0	36.0	5.0	30.0	0.0	0.0	0.0	0.0	50.0	0.0	21.0	17.0	0.0
	3p	+	39	15400.0	8840.0	9459.0	14648.0	48347.0	27.0	78.0	37.0	21.0	20.0	32.0	3.0	14.0	16.0	26.0	4.0	23.0	0.0	0.0	0.0	0.0	38.0	0.0	12.0	12.0	0.0
	3p	+	40	14692.0	8510.0	8720.0	13922.0	45844.0	25.0	76.0	47.0	16.0	20.0	22.0	8.0	14.0	11.0	26.0	2.0	26.0	0.0	0.0	0.0	0.0	28.0	0.0	22.0	19.0	0.0
	3p	+	41	13910.0	7759.0	8559.0	13158.0	43386.0	33.0	69.0	39.0	24.0	18.0	24.0	9.0	18.0	10.0	28.0	6.0	22.0	0.0	0.0	0.0	0.0	27.0	0.0	16.0	16.0	0.0
	3p	+	42	13146.0	7498.0	7870.0	12480.0	40994.0	22.0	80.0	46.0	19.0	12.0	23.0	13.0	19.0	7.0	31.0	0.0	24.0	0.0	0.0	0.0	0.0	30.0	0.0	12.0	16.0	0.0
	3p	+	43	12444.0	7103.0	7359.0	11720.0	38626.0	23.0	80.0	41.0	20.0	17.0	21.0	5.0	16.0	13.0	24.0	6.0	23.0	0.0	0.0	0.0	0.0	30.0	0.0	12.0	14.0	0.0
	3p	+	44	11718.0	6640.0	6995.0	11035.0	36388.0	34.0	55.0	44.0	20.0	13.0	25.0	8.0	15.0	5.0	23.0	3.0	22.0	0.0	0.0	0.0	0.0	31.0	0.0	16.0	4.0	0.0
	3p	+	45	11037.0	6282.0	6551.0	10349.0	34219.0	30.0	65.0	38.0	9.0	11.0	23.0	3.0	17.0	10.0	27.0	3.0	21.0	0.0	0.0	0.0	0.0	16.0	0.0	12.0	12.0	0.0
	3p	+	46	10423.0	5768.0	6227.0	9671.0	32089.0	23.0	57.0	34.0	14.0	8.0	22.0	10.0	18.0	10.0	33.0	1.0	22.0	0.0	0.0	0.0	0.0	16.0	0.0	9.0	12.0	0.0
	3p	+	47	9713.0	5311.0	5850.0	9196.0	30070.0	19.0	55.0	32.0	18.0	8.0	22.0	5.0	17.0	14.0	23.0	6.0	15.0	0.0	0.0	0.0	0.0	20.0	0.0	10.0	5.0	0.0
	3p	+	48	9040.0	5153.0	5380.0	8508.0	28081.0	25.0	58.0	29.0	15.0	7.0	22.0	8.0	11.0	12.0	25.0	2.0	18.0	0.0	0.0	0.0	0.0	11.0	0.0	5.0	11.0	0.0
	3p	+	49	8380.0	4673.0	5163.0	7942.0	26158.0	15.0	62.0	28.0	16.0	12.0	18.0	8.0	11.0	10.0	25.0	4.0	11.0	0.0	0.0	0.0	0.0	24.0	0.0	6.0	7.0	0.0
	3p	+	50	7835.0	4331.0	4736.0	7462.0	24364.0	20.0	59.0	31.0	9.0	9.0	17.0	4.0	16.0	12.0	22.0	2.0	18.0	0.0	0.0	0.0	0.0	10.0	0.0	7.0	8.0	0.0
	3p	+	51	7273.0	4017.0	4431.0	6928.0	22649.0	21.0	55.0	27.0	6.0	11.0	14.0	5.0	7.0	7.0	18.0	2.0	16.0	0.0	0.0	0.0	0.0	14.0	0.0	8.0	4.0	0.0
	3p	+	52	6859.0	3830.0	3932.0	6444.0	21065.0	11.0	44.0	30.0	10.0	10.0	12.0	4.0	10.0	6.0	22.0	5.0	8.0	0.0	0.0	0.0	0.0	11.0	0.0	6.0	8.0	0.0
	3p	+	53	6242.0	3516.0	3812.0	5979.0	19549.0	16.0	32.0	25.0	17.0	6.0	13.0	4.0	16.0	11.0	9.0	1.0	10.0	0.0	0.0	0.0	0.0	7.0	0.0	3.0	4.0	0.0
	3p	+	54	5817.0	3280.0	3509.0	5551.0	18157.0	16.0	37.0	20.0	12.0	4.0	17.0	9.0	14.0	4.0	14.0	1.0	17.0	0.0	0.0	0.0	0.0	10.0	0.0	3.0	8.0	0.0
	3p	+	55	5400.0	3158.0	3165.0	5102.0	16825.0	13.0	48.0	21.0	5.0	1.0	12.0	5.0	10.0	5.0	15.0	2.0	18.0	0.0	0.0	0.0	0.0	4.0	0.0	4.0	4.0	0.0
	3p	+	56	4998.0	2820.0	2997.0	4779.0	15594.0	11.0	37.0	21.0	7.0	4.0	13.0	4.0	10.0	3.0	19.0	2.0	8.0	0.0	0.0	0.0	0.0	6.0	0.0	5.0	3.0	0.0
	3p	+	57	4689.0	2555.0	2740.0	4394.0	14378.0	20.0	29.0	11.0	7.0	6.0	12.0	4.0	7.0	5.0	10.0	2.0	9.0	0.0	0.0	0.0	0.0	8.0	0.0	4.0	3.0	0.0
	3p	+	58	4217.0	2346.0	2610.0	4163.0	13336.0	11.0	26.0	19.0	10.0	3.0	10.0	2.0	6.0	4.0	15.0	4.0	8.0	0.0	0.0	0.0	0.0	4.0	0.0	4.0	2.0	0.0
	3p	+	59	3884.0	2195.0	2349.0	3908.0	12336.0	12.0	31.0	11.0	7.0	4.0	15.0	8.0	7.0	11.0	17.0	3.0	9.0	0.0	0.0	0.0	0.0	3.0	0.0	3.0	2.0	0.0
	3p	+	60	3686.0	2040.0	2207.0	3523.0	11456.0	12.0	22.0	6.0	8.0	4.0	14.0	4.0	9.0	9.0	13.0	1.0	12.0	0.0	0.0	0.0	0.0	3.0	0.0	5.0	2.0	0.0
	3p	+	61	3361.0	1903.0	2129.0	3160.0	10553.0	10.0	27.0	11.0	2.0	5.0	11.0	0.0	7.0	3.0	4.0	2.0	4.0	0.0	0.0	0.0	0.0	4.0	0.0	2.0	3.0	0.0
	3p	+	62	3156.0	1743.0	1960.0	2877.0	9736.0	5.0	23.0	12.0	3.0	0.0	12.0	4.0	4.0	3.0	11.0	2.0	5.0	0.0	0.0	0.0	0.0	5.0	0.0	3.0	2.0	0.0
	3p	+	63	2934.0	1618.0	1691.0	2772.0	9015.0	6.0	21.0	9.0	3.0	3.0	6.0	2.0	7.0	4.0	8.0	0.0	4.0	0.0	0.0	0.0	0.0	2.0	0.0	0.0	3.0	0.0
	3p	+	64	2603.0	1531.0	1637.0	2527.0	8298.0	6.0	24.0	6.0	4.0	3.0	11.0	4.0	9.0	3.0	5.0	1.0	8.0	0.0	0.0	0.0	0.0	2.0	0.0	2.0	4.0	0.0
	3p	+	65	2420.0	1399.0	1482.0	2376.0	7677.0	10.0	9.0	7.0	5.0	3.0	8.0	1.0	4.0	9.0	8.0	2.0	3.0	0.0	0.0	0.0	0.0	2.0	0.0	3.0	2.0	0.0
	3p	+	66	2245.0	1275.0	1391.0	2182.0	7093.0	4.0	21.0	14.0	4.0	2.0	5.0	3.0	2.0	3.0	5.0	2.0	6.0	0.0	0.0	0.0	0.0	4.0	0.0	0.0	2.0	0.0
	3p	+	67	2100.0	1144.0	1269.0	2000.0	6513.0	6.0	19.0	10.0	4.0	3.0	6.0	1.0	2.0	3.0	2.0	1.0	4.0	0.0	0.0	0.0	0.0	1.0	0.0	0.0	1.0	0.0
	3p	+	68	1908.0	1094.0	1150.0	1828.0	5980.0	4.0	14.0	8.0	2.0	0.0	7.0	2.0	1.0	1.0	7.0	2.0	4.0	0.0	0.0	0.0	0.0	5.0	0.0	1.0	1.0	0.0
	3p	+	69	1781.0	1049.0	1064.0	1642.0	5536.0	4.0	10.0	6.0	3.0	1.0	4.0	1.0	6.0	3.0	7.0	0.0	4.0	0.0	0.0	0.0	0.0	1.0	0.0	1.0	1.0	0.0
	3p	+	70	1639.0	943.0	940.0	1615.0	5137.0	4.0	7.0	9.0	4.0	0.0	7.0	1.0	1.0	4.0	8.0	1.0	5.0	0.0	0.0	0.0	0.0	2.0	0.0	1.0	1.0	0.0
	3p	+	71	1541.0	865.0	869.0	1453.0	4728.0	7.0	7.0	3.0	5.0	1.0	2.0	1.0	0.0	1.0	3.0	1.0	4.0	0.0	0.0	0.0	0.0	1.0	0.0	0.0	1.0	0.0
	3p	+	72	1372.0	813.0	807.0	1369.0	4361.0	3.0	10.0	5.0	6.0	0.0	4.0	0.0	4.0	4.0	4.0	0.0	2.0	0.0	0.0	0.0	0.0	0.0	0.0	0.0	1.0	0.0
	3p	+	73	1248.0	715.0	833.0	1256.0	4052.0	5.0	10.0	5.0	3.0	0.0	0.0	1.0	0.0	2.0	0.0	1.0	2.0	0.0	0.0	0.0	0.0	0.0	0.0	0.0	0.0	0.0
	3p	+	74	1190.0	679.0	714.0	1157.0	3740.0	2.0	6.0	4.0	2.0	0.0	1.0	1.0	2.0	1.0	4.0	0.0	2.0	0.0	0.0	0.0	0.0	2.0	0.0	1.0	0.0	0.0
	3p	+	75	1141.0	620.0	674.0	1042.0	3477.0	2.0	8.0	5.0	2.0	1.0	3.0	1.0	1.0	2.0	1.0	0.0	2.0	0.0	0.0	0.0	0.0	0.0	0.0	0.0	0.0	0.0
	3p	+	76	995.0	569.0	629.0	1043.0	3236.0	2.0	6.0	5.0	4.0	2.0	3.0	2.0	4.0	1.0	2.0	0.0	1.0	0.0	0.0	0.0	0.0	0.0	0.0	1.0	0.0	0.0
	3p	+	77	981.0	518.0	565.0	909.0	2973.0	3.0	2.0	4.0	0.0	1.0	3.0	2.0	0.0	1.0	1.0	0.0	1.0	0.0	0.0	0.0	0.0	0.0	0.0	1.0	1.0	0.0
	3p	+	78	906.0	510.0	508.0	835.0	2759.0	2.0	4.0	0.0	1.0	1.0	3.0	0.0	3.0	0.0	2.0	0.0	1.0	0.0	0.0	0.0	0.0	1.0	0.0	0.0	1.0	0.0
	3p	+	79	850.0	470.0	473.0	763.0	2556.0	1.0	4.0	4.0	0.0	0.0	1.0	0.0	1.0	1.0	2.0	1.0	4.0	0.0	0.0	0.0	0.0	0.0	0.0	1.0	0.0	0.0
	3p	+	80	743.0	445.0	462.0	690.0	2340.0	0.0	7.0	2.0	3.0	0.0	1.0	1.0	3.0	1.0	0.0	1.0	1.0	0.0	0.0	0.0	0.0	1.0	0.0	0.0	1.0	0.0
	3p	+	81	725.0	353.0	401.0	688.0	2167.0	2.0	9.0	2.0	0.0	0.0	3.0	0.0	0.0	0.0	2.0	0.0	2.0	0.0	0.0	0.0	0.0	0.0	0.0	0.0	0.0	0.0
	3p	+	82	623.0	376.0	382.0	636.0	2017.0	0.0	5.0	0.0	2.0	0.0	0.0	0.0	2.0	1.0	1.0	1.0	1.0	0.0	0.0	0.0	0.0	0.0	0.0	0.0	0.0	0.0
	3p	+	83	565.0	357.0	361.0	576.0	1859.0	1.0	5.0	1.0	1.0	0.0	3.0	1.0	3.0	1.0	3.0	0.0	2.0	0.0	0.0	0.0	0.0	0.0	0.0	0.0	0.0	0.0
	3p	+	84	508.0	288.0	336.0	582.0	1714.0	0.0	4.0	0.0	1.0	0.0	2.0	0.0	0.0	1.0	4.0	1.0	3.0	0.0	0.0	0.0	0.0	1.0	0.0	0.0	0.0	0.0
	3p	+	85	534.0	288.0	270.0	489.0	1581.0	2.0	5.0	3.0	2.0	1.0	4.0	0.0	0.0	0.0	1.0	0.0	1.0	0.0	0.0	0.0	0.0	0.0	0.0	1.0	0.0	0.0
	3p	+	86	457.0	288.0	281.0	433.0	1459.0	1.0	2.0	0.0	1.0	0.0	2.0	0.0	0.0	0.0	1.0	0.0	1.0	0.0	0.0	0.0	0.0	0.0	0.0	0.0	0.0	0.0
	3p	+	87	404.0	240.0	285.0	425.0	1354.0	3.0	4.0	0.0	1.0	0.0	2.0	0.0	1.0	0.0	2.0	0.0	0.0	0.0	0.0	0.0	0.0	0.0	0.0	0.0	0.0	0.0
	3p	+	88	412.0	207.0	249.0	381.0	1249.0	0.0	2.0	3.0	0.0	0.0	0.0	0.0	0.0	0.0	1.0	0.0	1.0	0.0	0.0	0.0	0.0	0.0	0.0	0.0	1.0	0.0
	3p	+	89	352.0	226.0	195.0	382.0	1155.0	0.0	1.0	0.0	0.0	0.0	2.0	0.0	0.0	0.0	2.0	0.0	0.0	0.0	0.0	0.0	0.0	0.0	0.0	0.0	0.0	0.0
	3p	+	90	306.0	201.0	186.0	371.0	1064.0	1.0	2.0	1.0	0.0	0.0	0.0	0.0	3.0	1.0	2.0	0.0	2.0	0.0	0.0	0.0	0.0	0.0	0.0	0.0	0.0	0.0
	3p	+	91	332.0	153.0	165.0	330.0	980.0	2.0	0.0	2.0	0.0	0.0	0.0	0.0	0.0	0.0	1.0	0.0	0.0	0.0	0.0	0.0	0.0	0.0	0.0	0.0	1.0	0.0
	3p	+	92	285.0	172.0	171.0	291.0	919.0	0.0	2.0	1.0	1.0	0.0	0.0	1.0	0.0	1.0	1.0	0.0	0.0	0.0	0.0	0.0	0.0	0.0	0.0	0.0	0.0	0.0
	3p	+	93	286.0	159.0	171.0	250.0	866.0	2.0	1.0	3.0	0.0	1.0	1.0	0.0	0.0	0.0	1.0	0.0	2.0	0.0	0.0	0.0	0.0	0.0	0.0	0.0	0.0	0.0
	3p	+	94	264.0	127.0	166.0	230.0	787.0	0.0	0.0	1.0	0.0	0.0	2.0	1.0	2.0	0.0	0.0	0.0	2.0	0.0	0.0	0.0	0.0	0.0	0.0	0.0	0.0	0.0
	3p	+	95	224.0	129.0	139.0	228.0	720.0	0.0	1.0	1.0	0.0	0.0	0.0	0.0	3.0	1.0	1.0	0.0	0.0	0.0	0.0	0.0	0.0	0.0	0.0	0.0	0.0	0.0
	3p	+	96	234.0	114.0	113.0	204.0	665.0	0.0	1.0	0.0	0.0	0.0	3.0	0.0	0.0	0.0	0.0	0.0	0.0	0.0	0.0	0.0	0.0	0.0	0.0	0.0	0.0	0.0
	3p	+	97	194.0	107.0	129.0	184.0	614.0	0.0	1.0	1.0	1.0	0.0	0.0	0.0	0.0	0.0	1.0	0.0	0.0	0.0	0.0	0.0	0.0	0.0	0.0	0.0	1.0	0.0
	3p	+	98	187.0	97.0	97.0	186.0	567.0	0.0	0.0	1.0	0.0	0.0	0.0	0.0	0.0	0.0	0.0	0.0	1.0	0.0	0.0	0.0	0.0	0.0	0.0	0.0	0.0	0.0
	3p	+	99	178.0	100.0	90.0	162.0	530.0	0.0	0.0	0.0	0.0	0.0	0.0	0.0	0.0	0.0	0.0	0.0	0.0	0.0	0.0	0.0	0.0	0.0	0.0	0.0	0.0	0.0
	3p	+	100	149.0	101.0	91.0	143.0	484.0	1.0	1.0	0.0	0.0	0.0	1.0	0.0	0.0	0.0	1.0	0.0	0.0	0.0	0.0	0.0	0.0	0.0	0.0	0.0	0.0	0.0
	3p	-	1	30797.0	11309.0	12346.0	17527.0	71979.0	123.0	2008.0	108.0	75.0	57.0	115.0	26.0	77.0	49.0	126.0	23.0	66.00.0	0.0	0.0	0.0	0.0	0.0	0.0	0.0	0.0
	3p	-	2	26961.0	14141.0	12688.0	18288.0	72078.0	84.0	809.0	101.0	53.0	43.0	86.0	21.0	54.0	26.0	85.0	28.0	48.00.0	0.0	0.0	0.0	4.0	0.0	1.0	1.0	0.0
	3p	-	3	25746.0	12326.0	14461.0	19678.0	72211.0	66.0	79.0	86.0	40.0	30.0	43.0	21.0	35.0	38.0	38.0	17.0	37.00.0	0.0	0.0	0.0	9.0	0.0	3.0	5.0	0.0
	3p	-	4	25713.0	11778.0	14264.0	20548.0	72303.0	51.0	67.0	49.0	29.0	21.0	32.0	12.0	16.0	24.0	27.0	10.0	22.00.0	0.0	0.0	0.0	25.0	0.0	2.0	7.0	0.0
	3p	-	5	25542.0	11183.0	14706.0	20868.0	72299.0	28.0	58.0	44.0	27.0	18.0	26.0	10.0	17.0	14.0	19.0	10.0	30.00.0	0.0	0.0	0.0	46.0	0.0	13.0	15.0	0.0
	3p	-	6	25123.0	11939.0	14512.0	20729.0	72303.0	34.0	51.0	48.0	20.0	17.0	15.0	6.0	18.0	10.0	32.0	5.0	22.00.0	0.0	0.0	0.0	56.0	0.0	14.0	16.0	0.0
	3p	-	7	24466.0	12786.0	13810.0	21235.0	72297.0	25.0	53.0	43.0	35.0	16.0	22.0	7.0	15.0	4.0	17.0	2.0	18.00.0	0.0	0.0	0.0	48.0	0.0	30.0	30.0	0.0
	3p	-	8	24238.0	12787.0	13716.0	21547.0	72288.0	28.0	35.0	43.0	19.0	11.0	11.0	5.0	19.0	4.0	14.0	9.0	30.00.0	0.0	0.0	0.0	66.0	0.0	35.0	32.0	0.0
	3p	-	9	23752.0	13133.0	13808.0	21553.0	72246.0	29.0	46.0	44.0	19.0	11.0	16.0	6.0	13.0	8.0	13.0	13.0	23.00.0	0.0	0.0	0.0	67.0	0.0	53.0	39.0	0.0
	3p	-	10	23291.0	13319.0	13802.0	21835.0	72247.0	26.0	52.0	32.0	31.0	7.0	19.0	6.0	12.0	7.0	10.0	7.0	31.00.0	0.0	0.0	0.0	72.0	0.0	50.0	47.0	0.0
	3p	-	11	23041.0	13454.0	13612.0	22146.0	72253.0	36.0	45.0	37.0	25.0	11.0	7.0	4.0	11.0	4.0	20.0	9.0	23.00.0	0.0	0.0	0.0	80.0	0.0	42.0	38.0	0.0
	3p	-	12	22868.0	13508.0	13914.0	21985.0	72275.0	26.0	48.0	42.0	14.0	14.0	12.0	7.0	11.0	16.0	19.0	5.0	18.00.0	0.0	0.0	0.0	48.0	0.0	40.0	44.0	0.0
	3p	-	13	22807.0	13363.0	13888.0	22220.0	72278.0	23.0	40.0	32.0	20.0	6.0	4.0	5.0	16.0	10.0	14.0	7.0	27.00.0	0.0	0.0	0.0	70.0	0.0	44.0	37.0	0.0
	3p	-	14	23004.0	13578.0	13751.0	21966.0	72299.0	23.0	54.0	40.0	22.0	17.0	12.0	11.0	8.0	10.0	11.0	6.0	24.00.0	0.0	0.0	0.0	59.0	0.0	35.0	39.0	0.0
	3p	-	15	22823.0	13599.0	14005.0	21865.0	72292.0	32.0	35.0	35.0	18.0	18.0	14.0	7.0	16.0	9.0	16.0	5.0	29.00.0	0.0	0.0	0.0	77.0	0.0	34.0	21.0	0.0
	3p	-	16	22928.0	13583.0	13768.0	21979.0	72258.0	24.0	63.0	40.0	33.0	12.0	9.0	4.0	14.0	12.0	10.0	8.0	20.00.0	0.0	0.0	0.0	87.0	0.0	43.0	40.0	0.0
	3p	-	17	22518.0	14053.0	13766.0	21940.0	72277.0	30.0	42.0	29.0	30.0	9.0	17.0	6.0	9.0	15.0	23.0	5.0	29.00.0	0.0	0.0	0.0	72.0	0.0	37.0	34.0	0.0
	3p	-	18	22706.0	13702.0	13853.0	21973.0	72234.0	22.0	49.0	41.0	27.0	12.0	17.0	7.0	7.0	13.0	14.0	6.0	23.00.0	0.0	0.0	0.0	97.0	0.0	41.0	47.0	0.0
	3p	-	19	22673.0	13688.0	13773.0	22132.0	72266.0	27.0	45.0	39.0	29.0	11.0	18.0	2.0	12.0	15.0	9.0	3.0	17.00.0	0.0	0.0	0.0	74.0	0.0	39.0	48.0	0.0
	3p	-	20	22536.0	13735.0	13935.0	22076.0	72282.0	34.0	51.0	27.0	21.0	6.0	7.0	12.0	13.0	7.0	12.0	5.0	26.00.0	0.0	0.0	0.0	72.0	0.0	34.0	35.0	0.0
	3p	-	21	22400.0	13814.0	14026.0	22041.0	72281.0	19.0	45.0	37.0	19.0	10.0	15.0	10.0	11.0	7.0	17.0	6.0	30.00.0	0.0	0.0	0.0	79.0	0.0	39.0	35.0	0.0
	3p	-	22	22557.0	13865.0	13884.0	21949.0	72255.0	23.0	54.0	24.0	22.0	9.0	11.0	4.0	8.0	6.0	13.0	8.0	21.00.0	0.0	0.0	0.0	86.0	0.0	50.0	35.0	0.0
	3p	-	23	22611.0	13682.0	13950.0	21989.0	72232.0	21.0	51.0	40.0	24.0	8.0	15.0	5.0	13.0	7.0	9.0	12.0	28.00.0	0.0	0.0	0.0	85.0	0.0	44.0	46.0	0.0
	3p	-	24	22493.0	13726.0	13889.0	22156.0	72264.0	25.0	52.0	25.0	26.0	15.0	11.0	6.0	21.0	8.0	14.0	7.0	17.00.0	0.0	0.0	0.0	76.0	0.0	35.0	40.0	0.0
	3p	-	25	22606.0	13813.0	13850.0	22018.0	72287.0	21.0	58.0	32.0	28.0	15.0	11.0	12.0	10.0	11.0	3.0	9.0	24.00.0	0.0	0.0	0.0	67.0	0.0	32.0	40.0	0.0
	3p	-	26	22644.0	13913.0	13944.0	21781.0	72282.0	32.0	46.0	41.0	29.0	6.0	18.0	7.0	12.0	12.0	13.0	9.0	23.00.0	0.0	0.0	0.0	66.0	0.0	38.0	40.0	0.0
	3p	-	27	22673.0	13964.0	14084.0	21590.0	72311.0	21.0	42.0	37.0	24.0	16.0	17.0	4.0	12.0	9.0	18.0	8.0	22.00.0	0.0	0.0	0.0	55.0	0.0	34.0	28.0	0.0
	3p	-	28	22679.0	13580.0	14032.0	22004.0	72295.0	36.0	49.0	37.0	35.0	7.0	16.0	9.0	14.0	13.0	15.0	9.0	25.00.0	0.0	0.0	0.0	55.0	0.0	32.0	36.0	0.0
	3p	-	29	22784.0	13543.0	14220.0	21733.0	72280.0	28.0	54.0	41.0	28.0	13.0	22.0	8.0	12.0	17.0	24.0	6.0	27.00.0	0.0	0.0	0.0	61.0	0.0	37.0	33.0	0.0
	3p	-	30	22884.0	13566.0	14034.0	21807.0	72291.0	35.0	100.0	50.0	28.0	16.0	24.0	13.0	7.0	22.0	33.0	11.0	26.00.0	0.0	0.0	0.0	62.0	0.0	28.0	31.0	0.0
	3p	-	31	21879.0	13014.0	13640.0	21025.0	69558.0	33.0	84.0	53.0	30.0	14.0	13.0	15.0	11.0	14.0	24.0	5.0	32.00.0	0.0	0.0	0.0	51.0	0.0	15.0	27.0	0.0
	3p	-	32	21262.0	12523.0	13082.0	20070.0	66937.0	33.0	97.0	45.0	40.0	19.0	34.0	8.0	20.0	12.0	21.0	4.0	31.00.0	0.0	0.0	0.0	38.0	0.0	20.0	27.0	0.0
	3p	-	33	20335.0	12085.0	12314.0	19626.0	64360.0	37.0	91.0	56.0	32.0	14.0	30.0	10.0	17.0	10.0	29.0	2.0	26.00.0	0.0	0.0	0.0	47.0	0.0	27.0	22.0	0.0
	3p	-	34	19442.0	11727.0	12175.0	18511.0	61855.0	27.0	80.0	46.0	18.0	14.0	26.0	10.0	16.0	14.0	37.0	5.0	30.00.0	0.0	0.0	0.0	44.0	0.0	20.0	16.0	0.0
	3p	-	35	19006.0	11088.0	11457.0	17717.0	59268.0	32.0	94.0	46.0	17.0	12.0	35.0	9.0	18.0	9.0	28.0	6.0	27.00.0	0.0	0.0	0.0	32.0	0.0	18.0	17.0	0.0
	3p	-	36	17973.0	10464.0	10832.0	17404.0	56673.0	18.0	83.0	42.0	19.0	9.0	25.0	9.0	13.0	16.0	27.0	5.0	13.00.0	0.0	0.0	0.0	38.0	0.0	17.0	20.0	0.0
	3p	-	37	17419.0	9987.0	10574.0	16107.0	54087.0	41.0	70.0	51.0	26.0	12.0	24.0	4.0	21.0	8.0	24.0	6.0	20.00.0	0.0	0.0	0.0	35.0	0.0	11.0	14.0	0.0
	3p	-	38	16460.0	9478.0	9983.0	15577.0	51498.0	22.0	76.0	36.0	33.0	16.0	25.0	6.0	14.0	9.0	24.0	7.0	32.00.0	0.0	0.0	0.0	50.0	0.0	21.0	12.0	0.0
	3p	-	39	15717.0	9010.0	9462.0	14809.0	48998.0	23.0	82.0	47.0	18.0	11.0	17.0	7.0	22.0	18.0	24.0	6.0	34.00.0	0.0	0.0	0.0	42.0	0.0	17.0	12.0	0.0
	3p	-	40	14914.0	8485.0	8935.0	14054.0	46388.0	22.0	62.0	45.0	19.0	14.0	21.0	8.0	12.0	14.0	38.0	5.0	17.00.0	0.0	0.0	0.0	28.0	0.0	16.0	14.0	0.0
	3p	-	41	13993.0	8252.0	8576.0	13071.0	43892.0	37.0	74.0	33.0	14.0	20.0	30.0	9.0	21.0	11.0	34.0	7.0	20.00.0	0.0	0.0	0.0	39.0	0.0	15.0	15.0	0.0
	3p	-	42	13205.0	7591.0	8099.0	12538.0	41433.0	34.0	91.0	39.0	16.0	11.0	44.0	8.0	21.0	6.0	22.0	4.0	22.00.0	0.0	0.0	0.0	27.0	0.0	14.0	17.0	0.0
	3p	-	43	12581.0	7078.0	7631.0	11687.0	38977.0	27.0	76.0	40.0	19.0	9.0	22.0	5.0	17.0	10.0	33.0	4.0	22.00.0	0.0	0.0	0.0	30.0	0.0	8.0	17.0	0.0
	3p	-	44	11815.0	6615.0	7003.0	11177.0	36610.0	23.0	65.0	25.0	23.0	13.0	24.0	5.0	19.0	10.0	29.0	6.0	13.00.0	0.0	0.0	0.0	24.0	0.0	5.0	8.0	0.0
	3p	-	45	11174.0	6234.0	6590.0	10366.0	34364.0	19.0	60.0	41.0	14.0	10.0	27.0	7.0	11.0	7.0	22.0	8.0	18.00.0	0.0	0.0	0.0	18.0	0.0	7.0	12.0	0.0
	3p	-	46	10552.0	5831.0	6093.0	9754.0	32230.0	28.0	64.0	32.0	15.0	10.0	27.0	4.0	13.0	6.0	28.0	6.0	11.00.0	0.0	0.0	0.0	20.0	0.0	14.0	9.0	0.0
	3p	-	47	9827.0	5614.0	5728.0	9065.0	30234.0	16.0	68.0	32.0	15.0	12.0	20.0	2.0	8.0	9.0	26.0	5.0	20.00.0	0.0	0.0	0.0	18.0	0.0	6.0	12.0	0.0
	3p	-	48	9207.0	5079.0	5489.0	8519.0	28294.0	24.0	40.0	35.0	15.0	7.0	23.0	6.0	20.0	7.0	26.0	3.0	16.00.0	0.0	0.0	0.0	14.0	0.0	7.0	8.0	0.0
	3p	-	49	8571.0	4793.0	5110.0	7964.0	26438.0	18.0	59.0	24.0	10.0	8.0	21.0	3.0	13.0	9.0	20.0	3.0	15.00.0	0.0	0.0	0.0	11.0	0.0	5.0	9.0	0.0
	3p	-	50	7860.0	4427.0	4766.0	7609.0	24662.0	25.0	37.0	19.0	14.0	10.0	13.0	4.0	9.0	7.0	29.0	6.0	12.00.0	0.0	0.0	0.0	14.0	0.0	9.0	4.0	0.0
	3p	-	51	7359.0	4159.0	4459.0	7024.0	23001.0	18.0	36.0	32.0	14.0	10.0	16.0	4.0	9.0	6.0	11.0	0.0	13.00.0	0.0	0.0	0.0	11.0	0.0	7.0	2.0	0.0
	3p	-	52	7000.0	3782.0	4088.0	6584.0	21454.0	10.0	35.0	21.0	12.0	8.0	21.0	6.0	11.0	15.0	20.0	2.0	12.00.0	0.0	0.0	0.0	8.0	0.0	3.0	6.0	0.0
	3p	-	53	6506.0	3572.0	3861.0	6012.0	19951.0	16.0	33.0	25.0	10.0	8.0	12.0	5.0	14.0	7.0	17.0	5.0	13.00.0	0.0	0.0	0.0	9.0	0.0	6.0	4.0	0.0
	3p	-	54	6030.0	3325.0	3547.0	5656.0	18558.0	13.0	39.0	22.0	6.0	4.0	13.0	3.0	13.0	4.0	18.0	3.0	7.00.0	0.0	0.0	0.0	7.0	0.0	2.0	4.0	0.0
	3p	-	55	5588.0	3027.0	3310.0	5294.0	17219.0	17.0	33.0	18.0	7.0	5.0	10.0	2.0	4.0	4.0	13.0	2.0	9.00.0	0.0	0.0	0.0	9.0	0.0	1.0	5.0	0.0
	3p	-	56	5314.0	2844.0	2969.0	4814.0	15941.0	11.0	33.0	15.0	4.0	5.0	13.0	0.0	9.0	2.0	10.0	5.0	7.00.0	0.0	0.0	0.0	6.0	0.0	4.0	1.0	0.0
	3p	-	57	4826.0	2692.0	2753.0	4501.0	14772.0	9.0	26.0	13.0	7.0	4.0	15.0	5.0	5.0	4.0	7.0	2.0	10.00.0	0.0	0.0	0.0	3.0	0.0	3.0	2.0	0.0
	3p	-	58	4353.0	2466.0	2629.0	4219.0	13667.0	14.0	28.0	17.0	3.0	4.0	10.0	3.0	3.0	5.0	20.0	0.0	8.00.0	0.0	0.0	0.0	3.0	0.0	4.0	1.0	0.0
	3p	-	59	4095.0	2246.0	2415.0	3892.0	12648.0	10.0	35.0	12.0	4.0	4.0	6.0	2.0	5.0	3.0	9.0	1.0	12.00.0	0.0	0.0	0.0	2.0	0.0	2.0	2.0	0.0
	3p	-	60	3772.0	2141.0	2220.0	3559.0	11692.0	10.0	31.0	17.0	11.0	2.0	12.0	6.0	7.0	6.0	11.0	1.0	3.00.0	0.0	0.0	0.0	0.0	0.0	2.0	3.0	0.0
	3p	-	61	3521.0	1876.0	2105.0	3314.0	10816.0	9.0	20.0	16.0	4.0	10.0	11.0	2.0	8.0	1.0	13.0	3.0	8.00.0	0.0	0.0	0.0	3.0	0.0	3.0	1.0	0.0
	3p	-	62	3259.0	1778.0	1928.0	3014.0	9979.0	7.0	31.0	14.0	8.0	2.0	14.0	4.0	3.0	2.0	6.0	3.0	12.00.0	0.0	0.0	0.0	1.0	0.0	2.0	2.0	0.0
	3p	-	63	2997.0	1694.0	1761.0	2781.0	9233.0	14.0	18.0	11.0	7.0	2.0	6.0	1.0	5.0	2.0	7.0	2.0	8.00.0	0.0	0.0	0.0	2.0	0.0	0.0	1.0	0.0
	3p	-	64	2797.0	1551.0	1563.0	2583.0	8494.0	7.0	13.0	9.0	7.0	5.0	7.0	1.0	4.0	1.0	6.0	1.0	4.00.0	0.0	0.0	0.0	5.0	0.0	5.0	2.0	0.0
	3p	-	65	2470.0	1395.0	1607.0	2401.0	7873.0	6.0	10.0	13.0	3.0	3.0	6.0	3.0	1.0	1.0	10.0	3.0	7.00.0	0.0	0.0	0.0	0.0	0.0	2.0	1.0	0.0
	3p	-	66	2339.0	1261.0	1381.0	2292.0	7273.0	11.0	17.0	9.0	4.0	2.0	5.0	3.0	0.0	1.0	8.0	1.0	2.00.0	0.0	0.0	0.0	1.0	0.0	1.0	1.0	0.0
	3p	-	67	2190.0	1217.0	1274.0	2029.0	6710.0	3.0	15.0	12.0	1.0	4.0	3.0	1.0	2.0	2.0	11.0	2.0	5.00.0	0.0	0.0	0.0	4.0	0.0	2.0	0.0	0.0
	3p	-	68	2049.0	1012.0	1226.0	1953.0	6240.0	4.0	8.0	6.0	2.0	3.0	9.0	0.0	2.0	3.0	6.0	2.0	2.00.0	0.0	0.0	0.0	2.0	0.0	1.0	1.0	0.0
	3p	-	69	1795.0	1066.0	1080.0	1788.0	5729.0	4.0	9.0	6.0	3.0	0.0	4.0	1.0	4.0	2.0	5.0	0.0	2.00.0	0.0	0.0	0.0	1.0	0.0	1.0	0.0	0.0
	3p	-	70	1702.0	937.0	1014.0	1621.0	5274.0	3.0	12.0	5.0	3.0	1.0	4.0	1.0	2.0	2.0	4.0	0.0	5.00.0	0.0	0.0	0.0	1.0	0.0	2.0	0.0	0.0
	3p	-	71	1598.0	848.0	916.0	1544.0	4906.0	2.0	13.0	4.0	2.0	0.0	2.0	1.0	2.0	1.0	3.0	0.0	5.00.0	0.0	0.0	0.0	0.0	0.0	0.0	0.0	0.0
	3p	-	72	1483.0	823.0	832.0	1353.0	4491.0	5.0	7.0	5.0	5.0	1.0	3.0	0.0	1.0	0.0	0.0	1.0	4.00.0	0.0	0.0	0.0	1.0	0.0	1.0	1.0	0.0
	3p	-	73	1352.0	731.0	768.0	1296.0	4147.0	1.0	9.0	5.0	1.0	1.0	5.0	0.0	1.0	0.0	6.0	0.0	0.00.0	0.0	0.0	0.0	0.0	0.0	1.0	0.0	0.0
	3p	-	74	1290.0	656.0	762.0	1122.0	3830.0	1.0	5.0	3.0	2.0	1.0	3.0	1.0	3.0	1.0	4.0	1.0	4.00.0	0.0	0.0	0.0	2.0	0.0	0.0	0.0	0.0
	3p	-	75	1093.0	656.0	637.0	1141.0	3527.0	2.0	10.0	5.0	3.0	1.0	3.0	1.0	0.0	0.0	3.0	1.0	2.00.0	0.0	0.0	0.0	1.0	0.0	0.0	0.0	0.0
	3p	-	76	1080.0	567.0	643.0	980.0	3270.0	1.0	8.0	6.0	1.0	1.0	3.0	1.0	2.0	4.0	6.0	0.0	0.00.0	0.0	0.0	0.0	2.0	0.0	0.0	2.0	0.0
	3p	-	77	949.0	531.0	582.0	950.0	3012.0	2.0	5.0	2.0	3.0	1.0	6.0	2.0	2.0	1.0	1.0	0.0	0.00.0	0.0	0.0	0.0	1.0	0.0	1.0	0.0	0.0
	3p	-	78	888.0	498.0	519.0	868.0	2773.0	0.0	6.0	1.0	3.0	2.0	8.0	2.0	0.0	1.0	2.0	1.0	2.00.0	0.0	0.0	0.0	0.0	0.0	1.0	0.0	0.0
	3p	-	79	824.0	480.0	506.0	765.0	2575.0	6.0	3.0	5.0	1.0	0.0	1.0	1.0	1.0	1.0	3.0	2.0	0.00.0	0.0	0.0	0.0	0.0	0.0	0.0	0.0	0.0
	3p	-	80	794.0	431.0	470.0	696.0	2391.0	2.0	5.0	2.0	3.0	0.0	4.0	0.0	4.0	0.0	2.0	0.0	1.00.0	0.0	0.0	0.0	2.0	0.0	0.0	0.0	0.0
	3p	-	81	707.0	369.0	443.0	691.0	2210.0	1.0	2.0	4.0	1.0	1.0	0.0	0.0	0.0	1.0	4.0	2.0	2.00.0	0.0	0.0	0.0	1.0	0.0	0.0	0.0	0.0
	3p	-	82	641.0	364.0	396.0	638.0	2039.0	2.0	3.0	2.0	2.0	0.0	4.0	0.0	0.0	0.0	2.0	0.0	1.00.0	0.0	0.0	0.0	0.0	0.0	0.0	0.0	0.0
	3p	-	83	591.0	356.0	359.0	568.0	1874.0	2.0	3.0	1.0	0.0	0.0	3.0	0.0	3.0	1.0	0.0	0.0	1.00.0	0.0	0.0	0.0	0.0	0.0	0.0	0.0	0.0
	3p	-	84	544.0	351.0	316.0	511.0	1722.0	0.0	6.0	0.0	1.0	0.0	2.0	2.0	1.0	0.0	1.0	0.0	1.00.0	0.0	0.0	0.0	0.0	0.0	0.0	0.0	0.0
	3p	-	85	499.0	249.0	311.0	536.0	1595.0	1.0	3.0	3.0	0.0	0.0	3.0	0.0	1.0	0.0	0.0	1.0	1.00.0	0.0	0.0	0.0	2.0	0.0	1.0	0.0	0.0
	3p	-	86	478.0	240.0	298.0	467.0	1483.0	0.0	1.0	0.0	1.0	0.0	1.0	2.0	1.0	0.0	1.0	0.0	0.00.0	0.0	0.0	0.0	1.0	0.0	0.0	0.0	0.0
	3p	-	87	457.0	252.0	240.0	426.0	1375.0	1.0	2.0	0.0	1.0	0.0	1.0	1.0	1.0	1.0	1.0	0.0	0.00.0	0.0	0.0	0.0	0.0	0.0	0.0	0.0	0.0
	3p	-	88	408.0	223.0	259.0	388.0	1278.0	0.0	4.0	1.0	0.0	0.0	1.0	0.0	2.0	0.0	1.0	1.0	0.00.0	0.0	0.0	0.0	0.0	0.0	1.0	0.0	0.0
	3p	-	89	389.0	202.0	241.0	338.0	1170.0	0.0	0.0	1.0	1.0	0.0	1.0	0.0	0.0	1.0	0.0	0.0	1.00.0	0.0	0.0	0.0	0.0	0.0	0.0	0.0	0.0
	3p	-	90	336.0	189.0	214.0	357.0	1096.0	1.0	0.0	1.0	2.0	0.0	0.0	0.0	2.0	0.0	0.0	1.0	0.00.0	0.0	0.0	0.0	1.0	0.0	0.0	0.0	0.0
	3p	-	91	330.0	194.0	192.0	297.0	1013.0	1.0	0.0	1.0	0.0	0.0	1.0	0.0	0.0	1.0	0.0	0.0	0.00.0	0.0	0.0	0.0	1.0	0.0	0.0	0.0	0.0
	3p	-	92	308.0	169.0	187.0	286.0	950.0	0.0	1.0	1.0	2.0	0.0	0.0	0.0	0.0	0.0	1.0	1.0	0.00.0	0.0	0.0	0.0	0.0	0.0	0.0	0.0	0.0
	3p	-	93	300.0	148.0	177.0	269.0	894.0	2.0	0.0	1.0	0.0	0.0	0.0	0.0	0.0	0.0	1.0	0.0	0.00.0	0.0	0.0	0.0	0.0	0.0	0.0	0.0	0.0
	3p	-	94	278.0	143.0	166.0	248.0	835.0	0.0	3.0	2.0	1.0	0.0	2.0	0.0	0.0	0.0	0.0	1.0	0.00.0	0.0	0.0	0.0	0.0	0.0	0.0	0.0	0.0
	3p	-	95	269.0	141.0	147.0	229.0	786.0	0.0	1.0	3.0	0.0	0.0	1.0	0.0	2.0	0.0	1.0	0.0	0.00.0	0.0	0.0	0.0	0.0	0.0	0.0	0.0	0.0
	3p	-	96	228.0	143.0	126.0	231.0	728.0	0.0	2.0	0.0	0.0	0.0	0.0	0.0	0.0	0.0	0.0	0.0	0.00.0	0.0	0.0	0.0	0.0	0.0	0.0	0.0	0.0
	3p	-	97	219.0	117.0	143.0	190.0	669.0	0.0	1.0	2.0	1.0	0.0	0.0	0.0	0.0	0.0	1.0	0.0	1.00.0	0.0	0.0	0.0	2.0	0.0	0.0	1.0	0.0
	3p	-	98	222.0	105.0	105.0	193.0	625.0	0.0	1.0	0.0	0.0	0.0	0.0	0.0	0.0	0.0	0.0	0.0	2.00.0	0.0	0.0	0.0	1.0	0.0	0.0	0.0	0.0
	3p	-	99	178.0	112.0	112.0	186.0	588.0	0.0	0.0	0.0	0.0	0.0	0.0	0.0	0.0	0.0	0.0	0.0	0.00.0	0.0	0.0	0.0	0.0	0.0	0.0	0.0	0.0
	3p	-	100	194.0	98.0	94.0	156.0	542.0	0.0	2.0	0.0	1.0	0.0	0.0	0.0	0.0	0.0	1.0	0.0	0.00.0	0.0	0.0	0.0	0.0	0.0	0.0	0.0	0.0
	5p	+	1	25520.0	12203.0	12079.0	21645.0	71447.0	230.0	946.0	337.0	98.0	117.0	334.0	79.0	184.0	112.0	399.0	29.0	158.00.0	0.0	0.0	0.0	0.0	0.0	0.0	0.0	0.0
	5p	+	2	23597.0	11722.0	14975.0	21193.0	71487.0	139.0	221.0	201.0	55.0	64.0	177.0	46.0	95.0	64.0	185.0	23.0	116.00.0	0.0	0.0	0.0	1.0	0.0	0.0	4.0	0.0
	5p	+	3	23242.0	12276.0	14720.0	21349.0	71587.0	81.0	145.0	98.0	50.0	35.0	85.0	26.0	69.0	43.0	88.0	12.0	52.00.0	0.0	0.0	0.0	8.0	0.0	9.0	7.0	0.0
	5p	+	4	22590.0	13376.0	15067.0	20603.0	71636.0	43.0	100.0	54.0	34.0	24.0	44.0	11.0	28.0	17.0	45.0	10.0	47.00.0	0.0	0.0	0.0	30.0	0.0	11.0	17.0	0.0
	5p	+	5	22516.0	13235.0	14744.0	21109.0	71604.0	29.0	80.0	44.0	30.0	14.0	33.0	13.0	14.0	22.0	25.0	15.0	27.00.0	0.0	0.0	0.0	46.0	0.0	29.0	30.0	0.0
	5p	+	6	21763.0	13828.0	14807.0	21263.0	71661.0	30.0	69.0	55.0	30.0	16.0	18.0	9.0	23.0	16.0	25.0	10.0	28.00.0	0.0	0.0	0.0	53.0	0.0	34.0	34.0	0.0
	5p	+	7	22669.0	13653.0	14083.0	21271.0	71676.0	23.0	67.0	46.0	36.0	5.0	11.0	9.0	16.0	13.0	13.0	7.0	24.00.0	0.0	0.0	0.0	63.0	0.0	26.0	40.0	0.0
	5p	+	8	23247.0	13462.0	13704.0	21307.0	71720.0	27.0	63.0	54.0	38.0	14.0	15.0	8.0	10.0	13.0	13.0	7.0	19.00.0	0.0	0.0	0.0	47.0	0.0	25.0	32.0	0.0
	5p	+	9	22734.0	13702.0	13753.0	21486.0	71675.0	25.0	47.0	49.0	30.0	8.0	14.0	8.0	7.0	21.0	14.0	8.0	28.00.0	0.0	0.0	0.0	58.0	0.0	40.0	43.0	0.0
	5p	+	10	22505.0	13775.0	13842.0	21568.0	71690.0	29.0	46.0	40.0	29.0	11.0	15.0	12.0	13.0	12.0	15.0	8.0	28.00.0	0.0	0.0	0.0	68.0	0.0	42.0	42.0	0.0
	5p	+	11	22491.0	13633.0	13721.0	21869.0	71714.0	20.0	50.0	34.0	30.0	11.0	10.0	4.0	7.0	16.0	11.0	7.0	22.00.0	0.0	0.0	0.0	74.0	0.0	28.0	32.0	0.0
	5p	+	12	22397.0	13740.0	13962.0	21596.0	71695.0	29.0	46.0	49.0	34.0	12.0	22.0	4.0	13.0	8.0	12.0	6.0	16.00.0	0.0	0.0	0.0	65.0	0.0	42.0	34.0	0.0
	5p	+	13	22553.0	13683.0	13713.0	21749.0	71698.0	27.0	45.0	30.0	24.0	10.0	18.0	5.0	19.0	9.0	7.0	2.0	27.00.0	0.0	0.0	0.0	67.0	0.0	38.0	26.0	0.0
	5p	+	14	22420.0	13855.0	13872.0	21537.0	71684.0	28.0	39.0	34.0	28.0	13.0	17.0	7.0	9.0	13.0	17.0	9.0	15.00.0	0.0	0.0	0.0	67.0	0.0	37.0	30.0	0.0
	5p	+	15	22559.0	13807.0	13764.0	21529.0	71659.0	26.0	51.0	42.0	27.0	4.0	17.0	5.0	11.0	12.0	11.0	7.0	22.00.0	0.0	0.0	0.0	80.0	0.0	50.0	43.0	0.0
	5p	+	16	22300.0	13635.0	13894.0	21839.0	71668.0	30.0	41.0	27.0	28.0	10.0	11.0	5.0	14.0	6.0	11.0	3.0	24.00.0	0.0	0.0	0.0	72.0	0.0	43.0	44.0	0.0
	5p	+	17	22560.0	13698.0	13788.0	21628.0	71674.0	26.0	44.0	43.0	28.0	7.0	10.0	9.0	17.0	6.0	15.0	4.0	29.00.0	0.0	0.0	0.0	80.0	0.0	28.0	41.0	0.0
	5p	+	18	22331.0	13834.0	13894.0	21612.0	71671.0	25.0	43.0	32.0	29.0	13.0	15.0	6.0	13.0	7.0	10.0	5.0	16.00.0	0.0	0.0	0.0	81.0	0.0	39.0	34.0	0.0
	5p	+	19	22476.0	13687.0	13825.0	21699.0	71687.0	28.0	31.0	37.0	38.0	13.0	14.0	4.0	9.0	12.0	9.0	10.0	20.00.0	0.0	0.0	0.0	69.0	0.0	33.0	45.0	0.0
	5p	+	20	22231.0	13764.0	13740.0	21933.0	71668.0	28.0	41.0	35.0	13.0	11.0	11.0	14.0	14.0	13.0	14.0	5.0	25.00.0	0.0	0.0	0.0	72.0	0.0	37.0	43.0	0.0
	5p	+	21	22386.0	13758.0	13760.0	21746.0	71650.0	15.0	55.0	35.0	24.0	15.0	12.0	5.0	11.0	11.0	8.0	6.0	24.00.0	0.0	0.0	0.0	81.0	0.0	41.0	43.0	0.0
	5p	+	22	22307.0	13802.0	13846.0	21720.0	71675.0	26.0	42.0	43.0	29.0	5.0	18.0	6.0	14.0	7.0	8.0	6.0	29.00.0	0.0	0.0	0.0	68.0	0.0	39.0	45.0	0.0
	5p	+	23	22470.0	13682.0	13890.0	21630.0	71672.0	27.0	49.0	35.0	33.0	10.0	14.0	7.0	12.0	6.0	13.0	4.0	20.00.0	0.0	0.0	0.0	64.0	0.0	40.0	50.0	0.0
	5p	+	24	22530.0	13635.0	13770.0	21770.0	71705.0	29.0	37.0	27.0	18.0	9.0	11.0	6.0	6.0	11.0	12.0	3.0	29.00.0	0.0	0.0	0.0	65.0	0.0	34.0	37.0	0.0
	5p	+	25	22606.0	13527.0	13699.0	21865.0	71697.0	33.0	41.0	34.0	27.0	5.0	12.0	6.0	11.0	14.0	8.0	6.0	20.00.0	0.0	0.0	0.0	83.0	0.0	30.0	35.0	0.0
	5p	+	26	23025.0	13246.0	13870.0	21534.0	71675.0	29.0	48.0	29.0	24.0	11.0	18.0	6.0	15.0	11.0	19.0	4.0	19.00.0	0.0	0.0	0.0	77.0	0.0	34.0	31.0	0.0
	5p	+	27	23050.0	13197.0	14103.0	21348.0	71698.0	27.0	51.0	25.0	29.0	9.0	17.0	7.0	12.0	14.0	15.0	4.0	24.00.0	0.0	0.0	0.0	71.0	0.0	27.0	25.0	0.0
	5p	+	28	23186.0	13102.0	14002.0	21396.0	71686.0	28.0	43.0	37.0	24.0	7.0	16.0	7.0	9.0	12.0	13.0	5.0	23.00.0	0.0	0.0	0.0	64.0	0.0	24.0	30.0	0.0
	5p	+	29	23314.0	13307.0	13862.0	21226.0	71709.0	24.0	70.0	48.0	30.0	13.0	20.0	4.0	11.0	8.0	17.0	8.0	29.00.0	0.0	0.0	0.0	62.0	0.0	25.0	25.0	0.0
	5p	+	30	23561.0	13004.0	13850.0	21284.0	71699.0	40.0	90.0	42.0	25.0	13.0	18.0	6.0	20.0	12.0	30.0	11.0	28.00.0	0.0	0.0	0.0	48.0	0.0	24.0	24.0	0.0
	5p	+	31	22763.0	12623.0	13412.0	20190.0	68988.0	28.0	134.0	28.0	25.0	12.0	21.0	8.0	10.0	10.0	19.0	5.0	19.00.0	0.0	0.0	0.0	58.0	0.0	27.0	24.0	0.0
	5p	+	32	21866.0	12219.0	12833.0	19496.0	66414.0	31.0	124.0	31.0	22.0	16.0	13.0	3.0	20.0	6.0	18.0	3.0	25.00.0	0.0	0.0	0.0	43.0	0.0	25.0	27.0	0.0
	5p	+	33	21208.0	11552.0	12328.0	18801.0	63889.0	31.0	109.0	34.0	33.0	10.0	16.0	4.0	11.0	8.0	23.0	6.0	21.00.0	0.0	0.0	0.0	46.0	0.0	15.0	12.0	0.0
	5p	+	34	20419.0	10943.0	11918.0	18030.0	61310.0	38.0	114.0	39.0	21.0	9.0	22.0	6.0	10.0	6.0	12.0	5.0	27.00.0	0.0	0.0	0.0	44.0	0.0	16.0	17.0	0.0
	5p	+	35	19689.0	10467.0	11356.0	17206.0	58718.0	31.0	129.0	41.0	24.0	4.0	18.0	9.0	16.0	7.0	12.0	5.0	19.00.0	0.0	0.0	0.0	42.0	0.0	19.0	14.0	0.0
	5p	+	36	19040.0	9846.0	10629.0	16560.0	56075.0	16.0	110.0	31.0	31.0	7.0	13.0	8.0	13.0	7.0	12.0	5.0	19.00.0	0.0	0.0	0.0	48.0	0.0	15.0	26.0	0.0
	5p	+	37	17828.0	9456.0	10375.0	15817.0	53476.0	31.0	113.0	26.0	15.0	10.0	12.0	5.0	15.0	11.0	15.0	6.0	13.00.0	0.0	0.0	0.0	39.0	0.0	17.0	19.0	0.0
	5p	+	38	17235.0	8778.0	9754.0	15138.0	50905.0	18.0	130.0	30.0	17.0	3.0	15.0	7.0	14.0	11.0	19.0	6.0	20.00.0	0.0	0.0	0.0	38.0	0.0	13.0	16.0	0.0
	5p	+	39	16235.0	8579.0	9383.0	14160.0	48357.0	30.0	113.0	28.0	10.0	5.0	17.0	4.0	11.0	13.0	17.0	2.0	18.00.0	0.0	0.0	0.0	33.0	0.0	5.0	12.0	0.0
	5p	+	40	15305.0	8073.0	8837.0	13653.0	45868.0	21.0	118.0	35.0	20.0	9.0	18.0	3.0	11.0	4.0	9.0	1.0	14.00.0	0.0	0.0	0.0	29.0	0.0	12.0	17.0	0.0
	5p	+	41	14756.0	7638.0	8326.0	12709.0	43429.0	21.0	106.0	27.0	11.0	7.0	7.0	7.0	12.0	8.0	10.0	4.0	14.00.0	0.0	0.0	0.0	27.0	0.0	11.0	10.0	0.0
	5p	+	42	13858.0	7343.0	7828.0	11999.0	41028.0	25.0	137.0	25.0	16.0	11.0	13.0	3.0	10.0	9.0	14.0	6.0	12.00.0	0.0	0.0	0.0	20.0	0.0	7.0	17.0	0.0
	5p	+	43	12994.0	6750.0	7396.0	11513.0	38653.0	22.0	104.0	21.0	12.0	8.0	10.0	7.0	11.0	12.0	10.0	7.0	20.00.0	0.0	0.0	0.0	19.0	0.0	12.0	4.0	0.0
	5p	+	44	12419.0	6301.0	6876.0	10791.0	36387.0	14.0	104.0	17.0	12.0	6.0	13.0	1.0	10.0	5.0	16.0	3.0	19.00.0	0.0	0.0	0.0	18.0	0.0	11.0	11.0	0.0
	5p	+	45	11709.0	5956.0	6434.0	10130.0	34229.0	25.0	112.0	15.0	16.0	4.0	9.0	5.0	11.0	9.0	8.0	2.0	11.00.0	0.0	0.0	0.0	21.0	0.0	5.0	9.0	0.0
	5p	+	46	10943.0	5600.0	6013.0	9550.0	32106.0	20.0	105.0	19.0	11.0	5.0	14.0	3.0	8.0	6.0	4.0	7.0	8.00.0	0.0	0.0	0.0	18.0	0.0	10.0	8.0	0.0
	5p	+	47	10160.0	5204.0	5807.0	8909.0	30080.0	21.0	104.0	22.0	12.0	6.0	16.0	3.0	9.0	1.0	22.0	3.0	18.00.0	0.0	0.0	0.0	19.0	0.0	12.0	9.0	0.0
	5p	+	48	9626.0	4872.0	5283.0	8301.0	28082.0	13.0	105.0	15.0	10.0	10.0	9.0	2.0	4.0	7.0	7.0	1.0	10.00.0	0.0	0.0	0.0	22.0	0.0	6.0	11.0	0.0
	5p	+	49	8924.0	4595.0	4977.0	7664.0	26160.0	19.0	98.0	23.0	7.0	7.0	7.0	3.0	4.0	7.0	13.0	4.0	12.00.0	0.0	0.0	0.0	13.0	0.0	11.0	7.0	0.0
	5p	+	50	8282.0	4207.0	4680.0	7187.0	24356.0	16.0	86.0	17.0	8.0	8.0	11.0	5.0	11.0	4.0	5.0	1.0	8.00.0	0.0	0.0	0.0	14.0	0.0	4.0	7.0	0.0
	5p	+	51	7775.0	3951.0	4315.0	6616.0	22657.0	17.0	83.0	15.0	7.0	4.0	20.0	0.0	3.0	6.0	7.0	6.0	11.00.0	0.0	0.0	0.0	19.0	0.0	6.0	2.0	0.0
	5p	+	52	7126.0	3670.0	3966.0	6290.0	21052.0	15.0	69.0	23.0	7.0	9.0	9.0	1.0	6.0	2.0	8.0	2.0	9.00.0	0.0	0.0	0.0	11.0	0.0	4.0	6.0	0.0
	5p	+	53	6601.0	3441.0	3681.0	5824.0	19547.0	12.0	75.0	12.0	5.0	2.0	9.0	2.0	1.0	1.0	5.0	1.0	7.00.0	0.0	0.0	0.0	8.0	0.0	5.0	4.0	0.0
	5p	+	54	6079.0	3145.0	3409.0	5519.0	18152.0	15.0	71.0	16.0	5.0	2.0	15.0	4.0	4.0	4.0	8.0	0.0	4.00.0	0.0	0.0	0.0	11.0	0.0	7.0	1.0	0.0
	5p	+	55	5649.0	2963.0	3125.0	5064.0	16801.0	13.0	79.0	10.0	10.0	6.0	3.0	2.0	8.0	3.0	6.0	2.0	4.00.0	0.0	0.0	0.0	9.0	0.0	2.0	7.0	0.0
	5p	+	56	5313.0	2700.0	2985.0	4580.0	15578.0	3.0	76.0	12.0	8.0	8.0	3.0	1.0	6.0	2.0	2.0	1.0	8.00.0	0.0	0.0	0.0	11.0	0.0	2.0	4.0	0.0
	5p	+	57	4871.0	2401.0	2846.0	4256.0	14374.0	9.0	43.0	2.0	3.0	2.0	6.0	2.0	7.0	2.0	6.0	4.0	6.00.0	0.0	0.0	0.0	12.0	0.0	2.0	9.0	0.0
	5p	+	58	4447.0	2322.0	2564.0	3994.0	13327.0	10.0	48.0	5.0	8.0	2.0	5.0	0.0	3.0	2.0	2.0	0.0	5.00.0	0.0	0.0	0.0	13.0	0.0	7.0	0.0	0.0
	5p	+	59	4171.0	2124.0	2438.0	3600.0	12333.0	8.0	41.0	10.0	3.0	2.0	6.0	1.0	10.0	3.0	3.0	3.0	4.00.0	0.0	0.0	0.0	7.0	0.0	3.0	2.0	0.0
	5p	+	60	3863.0	1985.0	2180.0	3407.0	11435.0	4.0	56.0	12.0	1.0	4.0	9.0	1.0	2.0	2.0	4.0	0.0	4.00.0	0.0	0.0	0.0	5.0	0.0	5.0	4.0	0.0
	5p	+	61	3632.0	1784.0	2040.0	3097.0	10553.0	12.0	45.0	8.0	5.0	0.0	6.0	3.0	3.0	2.0	5.0	0.0	6.00.0	0.0	0.0	0.0	4.0	0.0	5.0	2.0	0.0
	5p	+	62	3261.0	1738.0	1906.0	2837.0	9742.0	9.0	31.0	10.0	5.0	1.0	3.0	0.0	6.0	4.0	6.0	2.0	7.00.0	0.0	0.0	0.0	3.0	0.0	3.0	4.0	0.0
	5p	+	63	3176.0	1566.0	1655.0	2614.0	9011.0	5.0	40.0	7.0	6.0	0.0	7.0	1.0	2.0	2.0	5.0	4.0	9.00.0	0.0	0.0	0.0	3.0	0.0	4.0	2.0	0.0
	5p	+	64	2812.0	1445.0	1546.0	2487.0	8290.0	3.0	31.0	12.0	6.0	3.0	4.0	1.0	3.0	2.0	6.0	0.0	9.00.0	0.0	0.0	0.0	4.0	0.0	3.0	3.0	0.0
	5p	+	65	2505.0	1361.0	1481.0	2312.0	7659.0	3.0	30.0	6.0	4.0	1.0	1.0	0.0	2.0	1.0	3.0	1.0	6.00.0	0.0	0.0	0.0	1.0	0.0	4.0	2.0	0.0
	5p	+	66	2397.0	1211.0	1321.0	2156.0	7085.0	4.0	21.0	8.0	3.0	0.0	1.0	1.0	3.0	3.0	6.0	2.0	1.00.0	0.0	0.0	0.0	1.0	0.0	3.0	2.0	0.0
	5p	+	67	2187.0	1121.0	1199.0	1999.0	6506.0	4.0	25.0	6.0	3.0	1.0	4.0	3.0	3.0	2.0	3.0	0.0	5.00.0	0.0	0.0	0.0	1.0	0.0	0.0	5.0	0.0
	5p	+	68	2036.0	1023.0	1163.0	1754.0	5976.0	3.0	18.0	6.0	2.0	1.0	4.0	1.0	2.0	2.0	2.0	0.0	6.00.0	0.0	0.0	0.0	4.0	0.0	1.0	2.0	0.0
	5p	+	69	1900.0	949.0	1033.0	1654.0	5536.0	1.0	19.0	4.0	0.0	2.0	9.0	2.0	2.0	0.0	4.0	0.0	2.00.0	0.0	0.0	0.0	2.0	0.0	1.0	0.0	0.0
	5p	+	70	1664.0	890.0	1013.0	1563.0	5130.0	2.0	19.0	6.0	3.0	1.0	1.0	2.0	2.0	1.0	3.0	1.0	7.00.0	0.0	0.0	0.0	1.0	0.0	1.0	1.0	0.0
	5p	+	71	1574.0	852.0	869.0	1426.0	4721.0	4.0	12.0	4.0	2.0	0.0	3.0	0.0	1.0	1.0	1.0	2.0	4.00.0	0.0	0.0	0.0	2.0	0.0	0.0	1.0	0.0
	5p	+	72	1520.0	699.0	821.0	1319.0	4359.0	1.0	8.0	9.0	1.0	0.0	2.0	0.0	1.0	1.0	0.0	0.0	2.00.0	0.0	0.0	0.0	3.0	0.0	0.0	2.0	0.0
	5p	+	73	1403.0	692.0	752.0	1203.0	4050.0	2.0	12.0	4.0	0.0	1.0	2.0	1.0	2.0	1.0	2.0	0.0	0.00.0	0.0	0.0	0.0	0.0	0.0	1.0	1.0	0.0
	5p	+	74	1249.0	701.0	711.0	1084.0	3745.0	2.0	14.0	3.0	3.0	1.0	1.0	0.0	5.0	2.0	1.0	0.0	1.00.0	0.0	0.0	0.0	1.0	0.0	2.0	2.0	0.0
	5p	+	75	1163.0	622.0	612.0	1067.0	3464.0	4.0	16.0	1.0	0.0	2.0	3.0	0.0	2.0	0.0	2.0	0.0	2.00.0	0.0	0.0	0.0	0.0	0.0	2.0	1.0	0.0
	5p	+	76	1102.0	561.0	589.0	973.0	3225.0	1.0	12.0	3.0	0.0	1.0	2.0	0.0	1.0	2.0	4.0	0.0	1.00.0	0.0	0.0	0.0	2.0	0.0	0.0	1.0	0.0
	5p	+	77	967.0	509.0	597.0	894.0	2967.0	2.0	13.0	0.0	1.0	2.0	0.0	0.0	1.0	1.0	2.0	1.0	2.00.0	0.0	0.0	0.0	1.0	0.0	0.0	1.0	0.0
	5p	+	78	942.0	503.0	514.0	799.0	2758.0	2.0	3.0	0.0	1.0	3.0	2.0	0.0	1.0	0.0	1.0	1.0	0.00.0	0.0	0.0	0.0	0.0	0.0	0.0	3.0	0.0
	5p	+	79	912.0	440.0	450.0	754.0	2556.0	2.0	11.0	0.0	1.0	0.0	1.0	0.0	0.0	0.0	1.0	0.0	2.00.0	0.0	0.0	0.0	1.0	0.0	0.0	0.0	0.0
	5p	+	80	781.0	409.0	439.0	714.0	2343.0	1.0	12.0	1.0	2.0	0.0	2.0	1.0	1.0	1.0	0.0	0.0	1.00.0	0.0	0.0	0.0	0.0	0.0	1.0	1.0	0.0
	5p	+	81	743.0	348.0	431.0	639.0	2161.0	2.0	8.0	6.0	1.0	0.0	1.0	0.0	0.0	0.0	1.0	0.0	1.00.0	0.0	0.0	0.0	0.0	0.0	0.0	0.0	0.0
	5p	+	82	679.0	353.0	386.0	600.0	2018.0	1.0	3.0	2.0	1.0	1.0	2.0	0.0	0.0	0.0	0.0	0.0	1.00.0	0.0	0.0	0.0	1.0	0.0	1.0	0.0	0.0
	5p	+	83	632.0	294.0	336.0	595.0	1857.0	1.0	6.0	2.0	1.0	0.0	3.0	1.0	0.0	1.0	2.0	0.0	2.00.0	0.0	0.0	0.0	2.0	0.0	0.0	1.0	0.0
	5p	+	84	613.0	314.0	306.0	482.0	1715.0	2.0	10.0	2.0	2.0	0.0	0.0	0.0	0.0	0.0	1.0	2.0	0.00.0	0.0	0.0	0.0	1.0	0.0	0.0	1.0	0.0
	5p	+	85	512.0	283.0	302.0	487.0	1584.0	1.0	6.0	3.0	0.0	2.0	0.0	0.0	0.0	1.0	3.0	1.0	0.00.0	0.0	0.0	0.0	0.0	0.0	0.0	0.0	0.0
	5p	+	86	473.0	241.0	272.0	469.0	1455.0	1.0	7.0	0.0	0.0	1.0	0.0	0.0	1.0	0.0	1.0	1.0	0.00.0	0.0	0.0	0.0	1.0	0.0	0.0	1.0	0.0
	5p	+	87	442.0	228.0	238.0	445.0	1353.0	0.0	4.0	2.0	0.0	1.0	0.0	0.0	1.0	1.0	1.0	0.0	2.00.0	0.0	0.0	0.0	0.0	0.0	0.0	0.0	0.0
	5p	+	88	415.0	220.0	220.0	390.0	1245.0	2.0	5.0	1.0	0.0	0.0	1.0	0.0	0.0	1.0	0.0	1.0	1.00.0	0.0	0.0	0.0	1.0	0.0	0.0	0.0	0.0
	5p	+	89	386.0	211.0	211.0	342.0	1150.0	1.0	6.0	0.0	0.0	0.0	1.0	0.0	1.0	0.0	0.0	1.0	0.00.0	0.0	0.0	0.0	0.0	0.0	0.0	0.0	0.0
	5p	+	90	359.0	181.0	200.0	322.0	1062.0	1.0	6.0	0.0	3.0	0.0	0.0	1.0	0.0	0.0	1.0	0.0	0.00.0	0.0	0.0	0.0	0.0	0.0	0.0	0.0	0.0
	5p	+	91	338.0	165.0	169.0	306.0	978.0	1.0	1.0	1.0	1.0	0.0	0.0	0.0	0.0	1.0	2.0	0.0	0.00.0	0.0	0.0	0.0	0.0	0.0	0.0	1.0	0.0
	5p	+	92	289.0	145.0	196.0	286.0	916.0	1.0	3.0	0.0	0.0	1.0	1.0	2.0	0.0	0.0	1.0	0.0	0.00.0	0.0	0.0	0.0	0.0	0.0	0.0	0.0	0.0
	5p	+	93	291.0	150.0	162.0	260.0	863.0	1.0	3.0	0.0	1.0	0.0	1.0	0.0	0.0	0.0	1.0	0.0	0.00.0	0.0	0.0	0.0	0.0	0.0	0.0	0.0	0.0
	5p	+	94	273.0	128.0	146.0	239.0	786.0	2.0	3.0	0.0	0.0	0.0	0.0	0.0	0.0	0.0	2.0	0.0	1.00.0	0.0	0.0	0.0	0.0	0.0	0.0	0.0	0.0
	5p	+	95	228.0	123.0	126.0	242.0	719.0	2.0	8.0	0.0	0.0	0.0	0.0	0.0	0.0	0.0	0.0	0.0	0.00.0	0.0	0.0	0.0	0.0	0.0	0.0	0.0	0.0
	5p	+	96	221.0	124.0	127.0	191.0	663.0	2.0	4.0	0.0	0.0	0.0	0.0	0.0	0.0	0.0	0.0	0.0	1.00.0	0.0	0.0	0.0	0.0	0.0	0.0	0.0	0.0
	5p	+	97	219.0	101.0	104.0	190.0	614.0	0.0	2.0	0.0	1.0	0.0	0.0	0.0	0.0	0.0	0.0	0.0	0.00.0	0.0	0.0	0.0	1.0	0.0	0.0	0.0	0.0
	5p	+	98	203.0	101.0	95.0	169.0	568.0	0.0	2.0	1.0	0.0	0.0	0.0	0.0	0.0	0.0	0.0	0.0	0.00.0	0.0	0.0	0.0	0.0	0.0	0.0	0.0	0.0
	5p	+	99	184.0	86.0	96.0	163.0	529.0	0.0	2.0	0.0	0.0	0.0	0.0	0.0	1.0	0.0	0.0	0.0	1.00.0	0.0	0.0	0.0	0.0	0.0	0.0	0.0	0.0
	5p	+	100	145.0	89.0	87.0	163.0	484.0	0.0	2.0	0.0	0.0	0.0	0.0	0.0	0.0	0.0	0.0	0.0	0.00.0	0.0	0.0	0.0	0.0	0.0	0.0	0.0	0.0
	5p	-	1	25913.0	12060.0	12468.0	21603.0	72044.0	223.0	931.0	398.0	91.0	105.0	359.0	64.0	161.0	92.0	361.0	47.0	158.00.0	0.0	0.0	0.0	0.0	0.0	0.0	0.0	0.0
	5p	-	2	23662.0	11882.0	15105.0	21481.0	72130.0	114.0	239.0	163.0	73.0	72.0	163.0	60.0	92.0	47.0	192.0	18.0	127.00.0	0.0	0.0	0.0	0.0	0.0	0.0	0.0	0.0
	5p	-	3	23808.0	12602.0	14787.0	20999.0	72196.0	70.0	122.0	114.0	58.0	40.0	69.0	29.0	50.0	42.0	95.0	17.0	47.00.0	0.0	0.0	0.0	3.0	0.0	0.0	0.0	0.0
	5p	-	4	23215.0	13616.0	14923.0	20520.0	72274.0	50.0	111.0	75.0	40.0	24.0	33.0	10.0	21.0	21.0	58.0	20.0	25.00.0	0.0	0.0	0.0	3.0	0.0	5.0	3.0	0.0
	5p	-	5	22750.0	13675.0	14841.0	20994.0	72260.0	40.0	77.0	57.0	34.0	16.0	25.0	7.0	22.0	17.0	32.0	9.0	24.00.0	0.0	0.0	0.0	26.0	0.0	22.0	28.0	0.0
	5p	-	6	22328.0	13792.0	14806.0	21399.0	72325.0	36.0	70.0	38.0	33.0	17.0	17.0	11.0	23.0	20.0	14.0	7.0	18.00.0	0.0	0.0	0.0	31.0	0.0	25.0	31.0	0.0
	5p	-	7	22974.0	13703.0	14130.0	21524.0	72331.0	20.0	42.0	39.0	27.0	10.0	21.0	6.0	8.0	15.0	16.0	11.0	19.00.0	0.0	0.0	0.0	41.0	0.0	26.0	21.0	0.0
	5p	-	8	23288.0	13630.0	13967.0	21463.0	72348.0	37.0	53.0	40.0	42.0	18.0	20.0	4.0	14.0	11.0	16.0	9.0	23.00.0	0.0	0.0	0.0	37.0	0.0	23.0	30.0	0.0
	5p	-	9	22934.0	13585.0	13751.0	22054.0	72324.0	28.0	52.0	38.0	20.0	13.0	17.0	4.0	9.0	7.0	12.0	9.0	25.00.0	0.0	0.0	0.0	40.0	0.0	32.0	34.0	0.0
	5p	-	10	22995.0	13740.0	13899.0	21685.0	72319.0	29.0	55.0	32.0	14.0	10.0	21.0	9.0	7.0	10.0	19.0	9.0	16.00.0	0.0	0.0	0.0	65.0	0.0	42.0	28.0	0.0
	5p	-	11	22648.0	13805.0	13994.0	21862.0	72309.0	26.0	61.0	38.0	20.0	11.0	13.0	8.0	12.0	7.0	8.0	7.0	21.00.0	0.0	0.0	0.0	56.0	0.0	35.0	33.0	0.0
	5p	-	12	22712.0	13918.0	14009.0	21653.0	72292.0	17.0	55.0	38.0	25.0	14.0	11.0	11.0	12.0	6.0	11.0	3.0	23.00.0	0.0	0.0	0.0	58.0	0.0	43.0	50.0	0.0
	5p	-	13	22823.0	13834.0	13839.0	21776.0	72272.0	22.0	42.0	27.0	19.0	10.0	16.0	10.0	12.0	6.0	13.0	3.0	31.00.0	0.0	0.0	0.0	68.0	0.0	43.0	43.0	0.0
	5p	-	14	22649.0	13730.0	13952.0	21956.0	72287.0	25.0	42.0	28.0	24.0	11.0	9.0	4.0	4.0	14.0	14.0	13.0	25.00.0	0.0	0.0	0.0	83.0	0.0	32.0	38.0	0.0
	5p	-	15	22661.0	13886.0	13925.0	21827.0	72299.0	26.0	43.0	33.0	30.0	8.0	9.0	6.0	8.0	18.0	14.0	7.0	17.00.0	0.0	0.0	0.0	76.0	0.0	37.0	32.0	0.0
	5p	-	16	22917.0	13810.0	13872.0	21681.0	72280.0	24.0	47.0	31.0	27.0	10.0	16.0	8.0	11.0	13.0	11.0	2.0	28.00.0	0.0	0.0	0.0	68.0	0.0	39.0	30.0	0.0
	5p	-	17	22633.0	13985.0	13870.0	21787.0	72275.0	29.0	44.0	24.0	24.0	14.0	11.0	9.0	18.0	8.0	12.0	7.0	33.00.0	0.0	0.0	0.0	60.0	0.0	46.0	41.0	0.0
	5p	-	18	22446.0	14011.0	13874.0	21991.0	72322.0	27.0	42.0	36.0	31.0	17.0	15.0	5.0	17.0	9.0	9.0	3.0	23.00.0	0.0	0.0	0.0	59.0	0.0	28.0	38.0	0.0
	5p	-	19	22623.0	13960.0	13792.0	21928.0	72303.0	30.0	58.0	29.0	21.0	9.0	14.0	9.0	16.0	10.0	14.0	11.0	19.00.0	0.0	0.0	0.0	58.0	0.0	33.0	36.0	0.0
	5p	-	20	22815.0	13754.0	13830.0	21894.0	72293.0	24.0	54.0	43.0	26.0	9.0	13.0	11.0	15.0	11.0	14.0	5.0	19.00.0	0.0	0.0	0.0	63.0	0.0	36.0	31.0	0.0
	5p	-	21	22519.0	13962.0	13834.0	21941.0	72256.0	25.0	39.0	34.0	25.0	8.0	19.0	4.0	12.0	3.0	8.0	6.0	24.00.0	0.0	0.0	0.0	87.0	0.0	33.0	43.0	0.0
	5p	-	22	22423.0	13988.0	13860.0	21974.0	72245.0	26.0	50.0	30.0	19.0	12.0	14.0	4.0	13.0	9.0	15.0	7.0	23.00.0	0.0	0.0	0.0	85.0	0.0	50.0	38.0	0.0
	5p	-	23	22836.0	13639.0	13744.0	22041.0	72260.0	25.0	46.0	41.0	18.0	10.0	10.0	7.0	13.0	8.0	11.0	9.0	25.00.0	0.0	0.0	0.0	91.0	0.0	43.0	34.0	0.0
	5p	-	24	22793.0	13717.0	13827.0	21937.0	72274.0	28.0	70.0	23.0	25.0	6.0	21.0	5.0	11.0	9.0	17.0	3.0	21.00.0	0.0	0.0	0.0	69.0	0.0	45.0	42.0	0.0
	5p	-	25	22868.0	13686.0	13978.0	21751.0	72283.0	22.0	49.0	36.0	33.0	6.0	11.0	8.0	8.0	6.0	9.0	8.0	22.00.0	0.0	0.0	0.0	71.0	0.0	35.0	26.0	0.0
	5p	-	26	23033.0	13251.0	14063.0	21932.0	72279.0	26.0	52.0	24.0	23.0	8.0	11.0	5.0	16.0	9.0	16.0	8.0	18.00.0	0.0	0.0	0.0	73.0	0.0	36.0	36.0	0.0
	5p	-	27	23152.0	13404.0	14092.0	21675.0	72323.0	26.0	63.0	36.0	37.0	14.0	19.0	4.0	15.0	16.0	6.0	4.0	25.00.0	0.0	0.0	0.0	44.0	0.0	35.0	21.0	0.0
	5p	-	28	23397.0	13298.0	13984.0	21652.0	72331.0	28.0	48.0	36.0	26.0	15.0	13.0	6.0	15.0	12.0	17.0	3.0	28.00.0	0.0	0.0	0.0	46.0	0.0	23.0	40.0	0.0
	5p	-	29	23640.0	13387.0	13951.0	21310.0	72288.0	33.0	67.0	44.0	22.0	6.0	14.0	10.0	17.0	10.0	18.0	13.0	25.00.0	0.0	0.0	0.0	50.0	0.0	32.0	28.0	0.0
	5p	-	30	23865.0	13388.0	13865.0	21181.0	72299.0	36.0	127.0	45.0	30.0	11.0	10.0	5.0	12.0	11.0	16.0	7.0	23.00.0	0.0	0.0	0.0	54.0	0.0	25.0	25.0	0.0
	5p	-	31	23080.0	12623.0	13177.0	20665.0	69545.0	37.0	108.0	39.0	26.0	15.0	21.0	7.0	16.0	12.0	15.0	4.0	23.00.0	0.0	0.0	0.0	54.0	0.0	18.0	29.0	0.0
	5p	-	32	22117.0	12071.0	12878.0	19858.0	66924.0	34.0	141.0	41.0	28.0	16.0	15.0	5.0	14.0	9.0	22.0	5.0	21.00.0	0.0	0.0	0.0	64.0	0.0	19.0	29.0	0.0
	5p	-	33	21144.0	11564.0	12409.0	19267.0	64384.0	24.0	128.0	32.0	25.0	8.0	15.0	2.0	11.0	9.0	28.0	5.0	18.00.0	0.0	0.0	0.0	48.0	0.0	21.0	28.0	0.0
	5p	-	34	20617.0	11154.0	11664.0	18404.0	61839.0	24.0	119.0	38.0	29.0	16.0	16.0	4.0	11.0	9.0	13.0	4.0	13.00.0	0.0	0.0	0.0	53.0	0.0	21.0	23.0	0.0
	5p	-	35	19825.0	10632.0	11151.0	17634.0	59242.0	40.0	150.0	32.0	17.0	11.0	16.0	4.0	10.0	9.0	14.0	6.0	19.00.0	0.0	0.0	0.0	46.0	0.0	18.0	22.0	0.0
	5p	-	36	18885.0	10303.0	10847.0	16648.0	56683.0	21.0	120.0	28.0	21.0	10.0	11.0	5.0	9.0	5.0	12.0	9.0	27.00.0	0.0	0.0	0.0	56.0	0.0	13.0	17.0	0.0
	5p	-	37	18242.0	9581.0	10416.0	15822.0	54061.0	15.0	123.0	25.0	27.0	10.0	12.0	3.0	18.0	8.0	19.0	2.0	20.00.0	0.0	0.0	0.0	52.0	0.0	24.0	15.0	0.0
	5p	-	38	17148.0	9095.0	9922.0	15355.0	51520.0	25.0	115.0	30.0	17.0	6.0	12.0	3.0	7.0	9.0	16.0	6.0	19.00.0	0.0	0.0	0.0	43.0	0.0	10.0	16.0	0.0
	5p	-	39	16510.0	8681.0	9354.0	14416.0	48961.0	15.0	106.0	42.0	21.0	14.0	11.0	7.0	7.0	11.0	10.0	4.0	20.00.0	0.0	0.0	0.0	32.0	0.0	23.0	20.0	0.0
	5p	-	40	15592.0	8175.0	8886.0	13723.0	46376.0	22.0	125.0	29.0	12.0	9.0	13.0	4.0	12.0	13.0	17.0	6.0	13.00.0	0.0	0.0	0.0	40.0	0.0	15.0	15.0	0.0
	5p	-	41	14747.0	7712.0	8524.0	12919.0	43902.0	28.0	117.0	35.0	19.0	7.0	13.0	4.0	7.0	11.0	18.0	7.0	18.00.0	0.0	0.0	0.0	47.0	0.0	11.0	16.0	0.0
	5p	-	42	14169.0	7353.0	7802.0	12097.0	41421.0	26.0	152.0	25.0	21.0	11.0	17.0	6.0	12.0	11.0	16.0	3.0	15.00.0	0.0	0.0	0.0	41.0	0.0	14.0	15.0	0.0
	5p	-	43	13320.0	6792.0	7330.0	11494.0	38936.0	19.0	101.0	25.0	11.0	6.0	20.0	2.0	10.0	8.0	16.0	6.0	28.00.0	0.0	0.0	0.0	40.0	0.0	10.0	16.0	0.0
	5p	-	44	12328.0	6367.0	6916.0	10949.0	36560.0	26.0	106.0	32.0	11.0	10.0	15.0	5.0	7.0	8.0	11.0	3.0	17.00.0	0.0	0.0	0.0	30.0	0.0	8.0	13.0	0.0
	5p	-	45	11553.0	6007.0	6494.0	10275.0	34329.0	20.0	140.0	22.0	10.0	10.0	12.0	1.0	9.0	3.0	13.0	6.0	20.00.0	0.0	0.0	0.0	20.0	0.0	19.0	8.0	0.0
	5p	-	46	10946.0	5625.0	6004.0	9613.0	32188.0	20.0	80.0	21.0	18.0	7.0	14.0	5.0	13.0	3.0	14.0	7.0	14.00.0	0.0	0.0	0.0	24.0	0.0	9.0	11.0	0.0
	5p	-	47	10291.0	5158.0	5650.0	9108.0	30207.0	15.0	106.0	30.0	18.0	2.0	7.0	0.0	14.0	5.0	9.0	4.0	9.00.0	0.0	0.0	0.0	34.0	0.0	10.0	10.0	0.0
	5p	-	48	9543.0	4900.0	5369.0	8467.0	28279.0	12.0	80.0	21.0	10.0	5.0	12.0	4.0	10.0	7.0	8.0	3.0	7.00.0	0.0	0.0	0.0	21.0	0.0	12.0	8.0	0.0
	5p	-	49	9079.0	4688.0	4859.0	7785.0	26411.0	19.0	83.0	23.0	12.0	12.0	12.0	2.0	2.0	4.0	6.0	3.0	12.00.0	0.0	0.0	0.0	23.0	0.0	12.0	10.0	0.0
	5p	-	50	8370.0	4260.0	4601.0	7418.0	24649.0	12.0	83.0	16.0	8.0	3.0	9.0	5.0	7.0	4.0	7.0	2.0	6.00.0	0.0	0.0	0.0	22.0	0.0	9.0	7.0	0.0
	5p	-	51	7754.0	4086.0	4298.0	6860.0	22998.0	12.0	75.0	9.0	10.0	5.0	8.0	1.0	6.0	3.0	5.0	4.0	11.00.0	0.0	0.0	0.0	17.0	0.0	5.0	4.0	0.0
	5p	-	52	7185.0	3750.0	4042.0	6469.0	21446.0	11.0	85.0	11.0	8.0	7.0	6.0	3.0	8.0	8.0	7.0	5.0	7.00.0	0.0	0.0	0.0	14.0	0.0	6.0	9.0	0.0
	5p	-	53	6744.0	3481.0	3783.0	5931.0	19939.0	8.0	73.0	7.0	2.0	5.0	6.0	3.0	3.0	5.0	8.0	1.0	9.00.0	0.0	0.0	0.0	15.0	0.0	7.0	6.0	0.0
	5p	-	54	6491.0	3179.0	3469.0	5384.0	18523.0	15.0	76.0	19.0	5.0	4.0	5.0	3.0	1.0	4.0	8.0	4.0	7.00.0	0.0	0.0	0.0	12.0	0.0	7.0	7.0	0.0
	5p	-	55	5786.0	2943.0	3262.0	5200.0	17191.0	8.0	73.0	13.0	3.0	2.0	9.0	3.0	4.0	2.0	6.0	1.0	8.00.0	0.0	0.0	0.0	14.0	0.0	9.0	3.0	0.0
	5p	-	56	5423.0	2741.0	3002.0	4760.0	15926.0	9.0	52.0	11.0	4.0	3.0	8.0	1.0	7.0	3.0	8.0	1.0	7.00.0	0.0	0.0	0.0	9.0	0.0	6.0	6.0	0.0
	5p	-	57	5017.0	2553.0	2751.0	4437.0	14758.0	7.0	55.0	11.0	5.0	5.0	4.0	2.0	5.0	1.0	6.0	2.0	6.00.0	0.0	0.0	0.0	11.0	0.0	5.0	2.0	0.0
	5p	-	58	4611.0	2407.0	2525.0	4113.0	13656.0	4.0	50.0	16.0	6.0	1.0	5.0	2.0	5.0	2.0	1.0	2.0	6.00.0	0.0	0.0	0.0	9.0	0.0	5.0	2.0	0.0
	5p	-	59	4302.0	2117.0	2395.0	3823.0	12637.0	6.0	46.0	13.0	5.0	1.0	6.0	2.0	7.0	5.0	3.0	4.0	5.00.0	0.0	0.0	0.0	9.0	0.0	4.0	1.0	0.0
	5p	-	60	3857.0	2061.0	2226.0	3546.0	11690.0	6.0	45.0	7.0	8.0	2.0	6.0	0.0	2.0	3.0	2.0	4.0	4.00.0	0.0	0.0	0.0	5.0	0.0	3.0	2.0	0.0
	5p	-	61	3625.0	1869.0	2055.0	3264.0	10813.0	5.0	48.0	4.0	8.0	5.0	4.0	3.0	4.0	1.0	8.0	2.0	4.00.0	0.0	0.0	0.0	4.0	0.0	0.0	1.0	0.0
	5p	-	62	3462.0	1786.0	1828.0	2910.0	9986.0	7.0	50.0	9.0	5.0	6.0	4.0	2.0	5.0	2.0	6.0	0.0	4.00.0	0.0	0.0	0.0	5.0	0.0	1.0	0.0	0.0
	5p	-	63	3163.0	1583.0	1657.0	2836.0	9239.0	7.0	37.0	8.0	7.0	4.0	10.0	1.0	2.0	1.0	1.0	0.0	3.00.0	0.0	0.0	0.0	2.0	0.0	4.0	2.0	0.0
	5p	-	64	2845.0	1499.0	1543.0	2618.0	8505.0	7.0	42.0	6.0	2.0	1.0	8.0	1.0	2.0	1.0	6.0	1.0	5.00.0	0.0	0.0	0.0	4.0	0.0	3.0	0.0	0.0
	5p	-	65	2628.0	1412.0	1481.0	2342.0	7863.0	7.0	30.0	7.0	2.0	1.0	2.0	1.0	3.0	8.0	8.0	1.0	2.00.0	0.0	0.0	0.0	5.0	0.0	4.0	2.0	0.0
	5p	-	66	2499.0	1191.0	1365.0	2211.0	7266.0	8.0	23.0	6.0	3.0	2.0	3.0	0.0	2.0	2.0	1.0	1.0	1.00.0	0.0	0.0	0.0	3.0	0.0	3.0	0.0	0.0
	5p	-	67	2220.0	1150.0	1267.0	2062.0	6699.0	5.0	22.0	6.0	4.0	3.0	1.0	2.0	4.0	1.0	3.0	0.0	2.00.0	0.0	0.0	0.0	4.0	0.0	1.0	0.0	0.0
	5p	-	68	2076.0	1056.0	1165.0	1924.0	6221.0	3.0	26.0	4.0	4.0	2.0	5.0	2.0	5.0	2.0	4.0	0.0	4.00.0	0.0	0.0	0.0	6.0	0.0	1.0	1.0	0.0
	5p	-	69	1946.0	977.0	1069.0	1721.0	5713.0	5.0	23.0	7.0	1.0	2.0	7.0	0.0	2.0	1.0	4.0	0.0	0.00.0	0.0	0.0	0.0	3.0	0.0	2.0	0.0	0.0
	5p	-	70	1787.0	899.0	983.0	1595.0	5264.0	3.0	29.0	2.0	1.0	0.0	2.0	0.0	2.0	0.0	1.0	3.0	2.00.0	0.0	0.0	0.0	6.0	0.0	2.0	1.0	0.0
	5p	-	71	1664.0	814.0	918.0	1501.0	4897.0	3.0	18.0	3.0	2.0	2.0	3.0	1.0	1.0	0.0	2.0	0.0	1.00.0	0.0	0.0	0.0	7.0	0.0	0.0	1.0	0.0
	5p	-	72	1508.0	769.0	850.0	1357.0	4484.0	3.0	13.0	4.0	3.0	1.0	0.0	2.0	2.0	0.0	3.0	0.0	3.00.0	0.0	0.0	0.0	2.0	0.0	0.0	3.0	0.0
	5p	-	73	1397.0	740.0	755.0	1248.0	4140.0	2.0	19.0	1.0	1.0	1.0	1.0	0.0	2.0	0.0	5.0	0.0	1.00.0	0.0	0.0	0.0	1.0	0.0	1.0	2.0	0.0
	5p	-	74	1276.0	659.0	746.0	1148.0	3829.0	4.0	16.0	3.0	1.0	3.0	0.0	0.0	1.0	0.0	2.0	0.0	0.00.0	0.0	0.0	0.0	1.0	0.0	1.0	2.0	0.0
	5p	-	75	1182.0	602.0	672.0	1080.0	3536.0	1.0	16.0	2.0	0.0	1.0	2.0	2.0	0.0	0.0	2.0	1.0	2.00.0	0.0	0.0	0.0	1.0	0.0	1.0	3.0	0.0
	5p	-	76	1088.0	539.0	615.0	1035.0	3277.0	1.0	9.0	1.0	3.0	2.0	0.0	2.0	0.0	1.0	2.0	0.0	0.00.0	0.0	0.0	0.0	2.0	0.0	1.0	0.0	0.0
	5p	-	77	1001.0	510.0	591.0	911.0	3013.0	4.0	10.0	1.0	0.0	1.0	3.0	0.0	1.0	1.0	5.0	1.0	0.00.0	0.0	0.0	0.0	3.0	0.0	1.0	0.0	0.0
	5p	-	78	932.0	469.0	528.0	838.0	2767.0	2.0	11.0	3.0	0.0	1.0	3.0	0.0	0.0	2.0	2.0	0.0	1.00.0	0.0	0.0	0.0	2.0	0.0	1.0	0.0	0.0
	5p	-	79	860.0	455.0	471.0	779.0	2565.0	1.0	11.0	0.0	0.0	0.0	1.0	0.0	1.0	0.0	3.0	0.0	1.00.0	0.0	0.0	0.0	2.0	0.0	1.0	2.0	0.0
	5p	-	80	762.0	419.0	473.0	734.0	2388.0	1.0	15.0	2.0	1.0	0.0	1.0	0.0	2.0	1.0	3.0	0.0	2.00.0	0.0	0.0	0.0	0.0	0.0	1.0	1.0	0.0
	5p	-	81	736.0	361.0	420.0	688.0	2205.0	0.0	3.0	2.0	0.0	1.0	2.0	1.0	0.0	0.0	1.0	0.0	1.00.0	0.0	0.0	0.0	1.0	0.0	0.0	2.0	0.0
	5p	-	82	740.0	361.0	355.0	577.0	2033.0	0.0	7.0	3.0	1.0	2.0	0.0	1.0	1.0	1.0	4.0	0.0	0.00.0	0.0	0.0	0.0	0.0	0.0	2.0	0.0	0.0
	5p	-	83	674.0	320.0	341.0	531.0	1866.0	2.0	7.0	1.0	0.0	0.0	3.0	1.0	1.0	0.0	2.0	0.0	2.00.0	0.0	0.0	0.0	3.0	0.0	0.0	0.0	0.0
	5p	-	84	611.0	286.0	299.0	522.0	1718.0	0.0	6.0	2.0	3.0	1.0	1.0	1.0	0.0	0.0	1.0	1.0	0.00.0	0.0	0.0	0.0	0.0	0.0	0.0	0.0	0.0
	5p	-	85	527.0	289.0	304.0	476.0	1596.0	2.0	8.0	1.0	2.0	0.0	2.0	0.0	0.0	0.0	0.0	1.0	1.00.0	0.0	0.0	0.0	0.0	0.0	1.0	0.0	0.0
	5p	-	86	515.0	261.0	281.0	424.0	1481.0	1.0	2.0	0.0	1.0	0.0	1.0	1.0	1.0	1.0	1.0	0.0	1.00.0	0.0	0.0	0.0	1.0	0.0	0.0	0.0	0.0
	5p	-	87	420.0	246.0	277.0	428.0	1371.0	0.0	6.0	0.0	1.0	0.0	0.0	1.0	3.0	0.0	1.0	0.0	2.00.0	0.0	0.0	0.0	0.0	0.0	0.0	0.0	0.0
	5p	-	88	437.0	224.0	235.0	379.0	1275.0	0.0	3.0	1.0	1.0	0.0	1.0	1.0	1.0	0.0	0.0	0.0	0.00.0	0.0	0.0	0.0	0.0	0.0	1.0	0.0	0.0
	5p	-	89	415.0	231.0	179.0	346.0	1171.0	1.0	5.0	0.0	0.0	1.0	0.0	0.0	1.0	0.0	1.0	0.0	0.00.0	0.0	0.0	0.0	1.0	0.0	0.0	0.0	0.0
	5p	-	90	381.0	195.0	188.0	334.0	1098.0	0.0	6.0	2.0	0.0	0.0	0.0	0.0	1.0	0.0	0.0	0.0	0.00.0	0.0	0.0	0.0	0.0	0.0	0.0	0.0	0.0
	5p	-	91	346.0	170.0	177.0	322.0	1015.0	0.0	4.0	0.0	0.0	0.0	0.0	0.0	1.0	0.0	1.0	1.0	0.00.0	0.0	0.0	0.0	0.0	0.0	1.0	0.0	0.0
	5p	-	92	301.0	189.0	169.0	287.0	946.0	0.0	4.0	1.0	0.0	0.0	1.0	1.0	0.0	0.0	1.0	0.0	1.00.0	0.0	0.0	0.0	0.0	0.0	0.0	1.0	0.0
	5p	-	93	293.0	163.0	164.0	273.0	893.0	0.0	5.0	0.0	3.0	0.0	1.0	0.0	0.0	0.0	0.0	0.0	1.00.0	0.0	0.0	0.0	0.0	0.0	0.0	0.0	0.0
	5p	-	94	266.0	143.0	156.0	269.0	834.0	1.0	3.0	1.0	0.0	1.0	0.0	0.0	0.0	1.0	0.0	0.0	0.00.0	0.0	0.0	0.0	0.0	0.0	0.0	0.0	0.0
	5p	-	95	272.0	130.0	140.0	243.0	785.0	1.0	5.0	1.0	1.0	1.0	0.0	0.0	0.0	0.0	0.0	0.0	0.00.0	0.0	0.0	0.0	0.0	0.0	0.0	0.0	0.0
	5p	-	96	231.0	121.0	151.0	225.0	728.0	1.0	4.0	0.0	0.0	0.0	0.0	0.0	0.0	0.0	0.0	0.0	0.00.0	0.0	0.0	0.0	0.0	0.0	0.0	0.0	0.0
	5p	-	97	232.0	122.0	118.0	200.0	672.0	0.0	1.0	0.0	0.0	0.0	0.0	0.0	0.0	1.0	0.0	0.0	0.00.0	0.0	0.0	0.0	0.0	0.0	0.0	0.0	0.0
	5p	-	98	211.0	108.0	123.0	187.0	629.0	0.0	3.0	0.0	1.0	0.0	0.0	0.0	0.0	0.0	1.0	0.0	0.00.0	0.0	0.0	0.0	0.0	0.0	0.0	0.0	0.0
	5p	-	99	200.0	90.0	101.0	198.0	589.0	0.0	2.0	1.0	0.0	0.0	0.0	0.0	0.0	0.0	0.0	0.0	0.00.0	0.0	0.0	0.0	0.0	0.0	0.0	0.0	0.0
	5p	-	100	182.0	93.0	115.0	154.0	544.0	0.0	1.0	0.0	0.0	0.0	0.0	0.0	0.0	1.0	0.0	0.0	0.00.0	0.0	0.0	0.0	0.0	0.0	0.0	0.0	0.0
