# table produced by DamageProfiler
# using mapped file RmA033.GrysbokCape_Human_nc.Target.rmdup.noMicro.bam
# Sample ID: RmA033.GrysbokCape_Human_nc.Target.rmdup.noMicro.bam
Chr	End	Std	Pos	A	C	G	T	Total
	3p	+	1	385	117	96	289	887
	3p	+	2	354	182	110	241	887
	3p	+	3	325	182	128	252	887
	3p	+	4	327	180	131	249	887
	3p	+	5	311	163	133	280	887
	3p	+	6	321	151	144	271	887
	3p	+	7	306	172	154	255	887
	3p	+	8	283	155	202	247	887
	3p	+	9	287	180	154	266	887
	3p	+	10	292	189	142	264	887
	3p	+	11	287	190	164	246	887
	3p	+	12	286	171	175	255	887
	3p	+	13	305	150	170	262	887
	3p	+	14	300	154	173	260	887
	3p	+	15	298	165	160	264	887
	3p	+	16	276	178	185	248	887
	3p	+	17	297	158	175	257	887
	3p	+	18	292	191	158	246	887
	3p	+	19	289	171	162	265	887
	3p	+	20	299	179	161	248	887
	3p	+	21	277	192	152	266	887
	3p	+	22	273	179	180	255	887
	3p	+	23	263	200	143	281	887
	3p	+	24	275	172	184	256	887
	3p	+	25	299	168	144	276	887
	3p	+	26	306	187	138	256	887
	3p	+	27	274	179	161	273	887
	3p	+	28	279	163	182	263	887
	3p	+	29	287	176	164	260	887
	3p	+	30	308	163	162	254	887
	3p	+	31	226	144	134	211	715
	3p	+	32	183	135	113	201	632
	3p	+	33	184	110	103	183	580
	3p	+	34	177	97	108	172	554
	3p	+	35	181	92	85	182	540
	3p	+	36	156	106	91	161	514
	3p	+	37	163	75	91	159	488
	3p	+	38	149	83	91	143	466
	3p	+	39	128	77	90	136	431
	3p	+	40	125	87	66	129	407
	3p	+	41	127	96	68	94	385
	3p	+	42	118	69	76	98	361
	3p	+	43	114	53	80	94	341
	3p	+	44	109	55	57	101	322
	3p	+	45	100	50	64	88	302
	3p	+	46	97	52	40	100	289
	3p	+	47	84	53	42	98	277
	3p	+	48	79	47	50	82	258
	3p	+	49	95	42	38	72	247
	3p	+	50	91	41	32	70	234
	3p	+	51	76	40	43	65	224
	3p	+	52	67	42	33	65	207
	3p	+	53	61	41	32	57	191
	3p	+	54	61	29	25	68	183
	3p	+	55	62	29	30	48	169
	3p	+	56	40	36	28	60	164
	3p	+	57	40	24	42	51	157
	3p	+	58	51	22	27	49	149
	3p	+	59	39	28	27	45	139
	3p	+	60	46	23	17	47	133
	3p	+	61	38	26	27	30	121
	3p	+	62	38	20	22	28	108
	3p	+	63	37	16	18	35	106
	3p	+	64	34	14	24	25	97
	3p	+	65	26	22	16	23	87
	3p	+	66	32	15	15	18	80
	3p	+	67	34	8	6	25	73
	3p	+	68	20	21	11	16	68
	3p	+	69	22	11	12	21	66
	3p	+	70	24	8	9	20	61
	3p	+	71	21	9	12	12	54
	3p	+	72	18	9	7	16	50
	3p	+	73	10	5	11	19	45
	3p	+	74	13	7	9	14	43
	3p	+	75	17	7	8	8	40
	3p	+	76	6	10	6	13	35
	3p	+	77	10	5	6	11	32
	3p	+	78	8	5	4	12	29
	3p	+	79	6	3	6	13	28
	3p	+	80	14	1	3	9	27
	3p	+	81	2	6	6	8	22
	3p	+	82	5	2	3	6	16
	3p	+	83	6	1	3	5	15
	3p	+	84	5	4	1	3	13
	3p	+	85	1	3	3	4	11
	3p	+	86	4	1	0	3	8
	3p	+	87	1	0	4	0	5
	3p	+	88	0	0	1	2	3
	3p	+	89	1	1	0	1	3
	3p	+	90	0	0	0	2	2
	3p	+	91	0	0	0	1	1
	3p	+	92	0	0	0	0	0
	3p	+	93	0	0	0	0	0
	3p	+	94	0	0	0	0	0
	3p	+	95	0	0	0	0	0
	3p	+	96	0	0	0	0	0
	3p	+	97	0	0	0	0	0
	3p	+	98	0	0	0	0	0
	3p	+	99	0	0	0	0	0
	3p	+	100	0	0	0	0	0
	3p	-	1	397	97	100	280	874
	3p	-	2	342	169	120	243	874
	3p	-	3	325	157	140	252	874
	3p	-	4	284	145	162	283	874
	3p	-	5	318	149	151	256	874
	3p	-	6	313	168	138	255	874
	3p	-	7	290	171	156	257	874
	3p	-	8	301	157	159	257	874
	3p	-	9	305	170	151	248	874
	3p	-	10	324	146	154	250	874
	3p	-	11	310	155	154	255	874
	3p	-	12	271	195	154	254	874
	3p	-	13	300	158	163	253	874
	3p	-	14	296	186	140	252	874
	3p	-	15	288	161	161	264	874
	3p	-	16	281	174	159	260	874
	3p	-	17	279	161	165	269	874
	3p	-	18	274	172	164	264	874
	3p	-	19	286	173	165	250	874
	3p	-	20	283	173	169	249	874
	3p	-	21	305	173	147	249	874
	3p	-	22	296	167	156	255	874
	3p	-	23	289	144	179	262	874
	3p	-	24	291	144	203	236	874
	3p	-	25	270	158	179	267	874
	3p	-	26	287	171	158	258	874
	3p	-	27	291	173	167	243	874
	3p	-	28	313	186	140	235	874
	3p	-	29	301	169	145	259	874
	3p	-	30	295	178	145	256	874
	3p	-	31	218	130	122	214	684
	3p	-	32	183	113	116	193	605
	3p	-	33	193	101	103	176	573
	3p	-	34	182	100	88	171	541
	3p	-	35	174	92	98	149	513
	3p	-	36	160	79	99	154	492
	3p	-	37	161	87	100	120	468
	3p	-	38	140	86	77	143	446
	3p	-	39	143	76	79	131	429
	3p	-	40	136	65	60	150	411
	3p	-	41	129	88	67	110	394
	3p	-	42	137	60	67	110	374
	3p	-	43	106	74	61	110	351
	3p	-	44	120	57	48	107	332
	3p	-	45	95	70	58	94	317
	3p	-	46	107	42	62	88	299
	3p	-	47	108	51	47	77	283
	3p	-	48	83	56	47	79	265
	3p	-	49	91	40	40	75	246
	3p	-	50	79	37	50	69	235
	3p	-	51	80	43	41	61	225
	3p	-	52	79	30	48	56	213
	3p	-	53	66	36	42	51	195
	3p	-	54	62	33	33	55	183
	3p	-	55	58	36	39	43	176
	3p	-	56	61	28	27	49	165
	3p	-	57	49	32	22	54	157
	3p	-	58	51	27	22	48	148
	3p	-	59	53	18	18	44	133
	3p	-	60	35	35	24	37	131
	3p	-	61	34	21	26	41	122
	3p	-	62	32	20	21	42	115
	3p	-	63	35	24	14	32	105
	3p	-	64	33	21	22	23	99
	3p	-	65	28	17	18	30	93
	3p	-	66	36	19	13	23	91
	3p	-	67	30	17	13	21	81
	3p	-	68	19	16	17	24	76
	3p	-	69	26	13	13	20	72
	3p	-	70	15	15	10	26	66
	3p	-	71	18	12	13	19	62
	3p	-	72	22	10	8	17	57
	3p	-	73	23	13	3	14	53
	3p	-	74	24	12	5	9	50
	3p	-	75	14	7	8	16	45
	3p	-	76	11	10	4	14	39
	3p	-	77	11	10	9	7	37
	3p	-	78	16	6	8	5	35
	3p	-	79	13	3	6	11	33
	3p	-	80	9	9	4	7	29
	3p	-	81	7	5	4	9	25
	3p	-	82	8	2	2	5	17
	3p	-	83	4	1	3	5	13
	3p	-	84	2	2	2	5	11
	3p	-	85	2	3	1	3	9
	3p	-	86	2	2	0	3	7
	3p	-	87	0	3	0	2	5
	3p	-	88	2	1	0	0	3
	3p	-	89	1	0	0	1	2
	3p	-	90	1	0	0	0	1
	3p	-	91	0	0	0	0	0
	3p	-	92	0	0	0	0	0
	3p	-	93	0	0	0	0	0
	3p	-	94	0	0	0	0	0
	3p	-	95	0	0	0	0	0
	3p	-	96	0	0	0	0	0
	3p	-	97	0	0	0	0	0
	3p	-	98	0	0	0	0	0
	3p	-	99	0	0	0	0	0
	3p	-	100	0	0	0	0	0
	5p	+	1	321	175	142	249	887
	5p	+	2	295	148	170	274	887
	5p	+	3	291	167	169	260	887
	5p	+	4	289	189	166	243	887
	5p	+	5	264	190	170	263	887
	5p	+	6	274	150	192	271	887
	5p	+	7	275	180	189	243	887
	5p	+	8	296	177	156	258	887
	5p	+	9	286	169	163	269	887
	5p	+	10	288	177	145	277	887
	5p	+	11	290	152	168	277	887
	5p	+	12	286	195	165	241	887
	5p	+	13	307	167	163	250	887
	5p	+	14	292	169	185	241	887
	5p	+	15	263	170	187	267	887
	5p	+	16	286	170	172	259	887
	5p	+	17	299	164	164	260	887
	5p	+	18	284	178	168	257	887
	5p	+	19	285	167	150	285	887
	5p	+	20	289	160	167	271	887
	5p	+	21	277	179	171	260	887
	5p	+	22	280	182	161	264	887
	5p	+	23	293	164	184	246	887
	5p	+	24	324	158	166	239	887
	5p	+	25	310	169	136	272	887
	5p	+	26	296	160	158	273	887
	5p	+	27	299	184	143	261	887
	5p	+	28	304	199	132	252	887
	5p	+	29	308	198	142	239	887
	5p	+	30	336	166	128	257	887
	5p	+	31	253	142	115	205	715
	5p	+	32	209	121	104	198	632
	5p	+	33	205	106	91	178	580
	5p	+	34	188	102	96	168	554
	5p	+	35	175	100	90	175	540
	5p	+	36	162	107	79	166	514
	5p	+	37	166	93	72	157	488
	5p	+	38	181	76	66	143	466
	5p	+	39	145	66	79	141	431
	5p	+	40	148	72	65	122	407
	5p	+	41	141	67	66	111	385
	5p	+	42	123	69	66	103	361
	5p	+	43	112	61	59	109	341
	5p	+	44	107	60	65	90	322
	5p	+	45	100	57	46	99	302
	5p	+	46	95	59	48	87	289
	5p	+	47	83	52	54	88	277
	5p	+	48	86	47	48	77	258
	5p	+	49	83	52	39	73	247
	5p	+	50	80	41	43	70	234
	5p	+	51	69	42	39	74	224
	5p	+	52	73	37	33	64	207
	5p	+	53	57	38	34	62	191
	5p	+	54	51	37	26	69	183
	5p	+	55	53	38	19	59	169
	5p	+	56	68	26	24	46	164
	5p	+	57	42	37	25	53	157
	5p	+	58	58	17	30	44	149
	5p	+	59	45	18	34	42	139
	5p	+	60	49	18	26	40	133
	5p	+	61	44	22	15	40	121
	5p	+	62	44	11	20	33	108
	5p	+	63	23	23	19	41	106
	5p	+	64	34	15	13	35	97
	5p	+	65	23	25	14	25	87
	5p	+	66	27	9	16	28	80
	5p	+	67	22	6	12	33	73
	5p	+	68	22	11	16	19	68
	5p	+	69	22	13	10	21	66
	5p	+	70	21	15	7	18	61
	5p	+	71	20	10	8	16	54
	5p	+	72	13	11	11	15	50
	5p	+	73	14	13	5	13	45
	5p	+	74	17	10	2	14	43
	5p	+	75	14	4	4	18	40
	5p	+	76	11	9	5	10	35
	5p	+	77	12	9	3	8	32
	5p	+	78	14	5	4	6	29
	5p	+	79	12	4	4	8	28
	5p	+	80	8	5	1	13	27
	5p	+	81	6	2	6	8	22
	5p	+	82	4	4	4	4	16
	5p	+	83	8	2	0	5	15
	5p	+	84	5	2	3	3	13
	5p	+	85	2	1	2	6	11
	5p	+	86	2	1	2	3	8
	5p	+	87	1	1	0	3	5
	5p	+	88	2	0	1	0	3
	5p	+	89	0	1	2	0	3
	5p	+	90	1	0	1	0	2
	5p	+	91	1	0	0	0	1
	5p	+	92	0	0	0	0	0
	5p	+	93	0	0	0	0	0
	5p	+	94	0	0	0	0	0
	5p	+	95	0	0	0	0	0
	5p	+	96	0	0	0	0	0
	5p	+	97	0	0	0	0	0
	5p	+	98	0	0	0	0	0
	5p	+	99	0	0	0	0	0
	5p	+	100	0	0	0	0	0
	5p	-	1	319	163	123	269	874
	5p	-	2	304	138	169	263	874
	5p	-	3	311	183	144	236	874
	5p	-	4	300	164	157	253	874
	5p	-	5	265	188	167	254	874
	5p	-	6	262	177	176	259	874
	5p	-	7	278	169	166	261	874
	5p	-	8	314	139	166	255	874
	5p	-	9	300	160	157	257	874
	5p	-	10	302	154	158	260	874
	5p	-	11	268	177	167	262	874
	5p	-	12	278	172	152	272	874
	5p	-	13	264	182	162	266	874
	5p	-	14	306	169	156	243	874
	5p	-	15	309	152	156	257	874
	5p	-	16	278	181	166	249	874
	5p	-	17	290	172	149	263	874
	5p	-	18	310	161	150	253	874
	5p	-	19	279	184	157	254	874
	5p	-	20	271	185	178	240	874
	5p	-	21	312	135	158	269	874
	5p	-	22	300	175	146	253	874
	5p	-	23	293	175	145	261	874
	5p	-	24	300	174	146	254	874
	5p	-	25	294	165	161	254	874
	5p	-	26	289	164	155	266	874
	5p	-	27	296	168	170	240	874
	5p	-	28	308	146	150	270	874
	5p	-	29	301	174	159	240	874
	5p	-	30	327	160	136	251	874
	5p	-	31	249	124	98	213	684
	5p	-	32	208	111	115	171	605
	5p	-	33	199	80	102	192	573
	5p	-	34	184	91	94	172	541
	5p	-	35	158	110	85	160	513
	5p	-	36	184	94	88	126	492
	5p	-	37	183	70	80	135	468
	5p	-	38	151	83	88	124	446
	5p	-	39	138	78	76	137	429
	5p	-	40	143	69	76	123	411
	5p	-	41	136	79	57	122	394
	5p	-	42	127	63	57	127	374
	5p	-	43	111	64	62	114	351
	5p	-	44	111	60	63	98	332
	5p	-	45	117	51	59	90	317
	5p	-	46	100	53	56	90	299
	5p	-	47	105	37	45	96	283
	5p	-	48	89	50	47	79	265
	5p	-	49	76	53	39	78	246
	5p	-	50	91	41	40	63	235
	5p	-	51	71	62	41	51	225
	5p	-	52	82	41	25	65	213
	5p	-	53	59	34	44	58	195
	5p	-	54	66	23	34	60	183
	5p	-	55	53	33	37	53	176
	5p	-	56	58	31	25	51	165
	5p	-	57	56	26	31	44	157
	5p	-	58	49	25	28	46	148
	5p	-	59	53	26	17	37	133
	5p	-	60	41	22	28	40	131
	5p	-	61	44	21	22	35	122
	5p	-	62	39	22	22	32	115
	5p	-	63	45	17	15	28	105
	5p	-	64	42	10	23	24	99
	5p	-	65	37	14	17	25	93
	5p	-	66	30	21	15	25	91
	5p	-	67	34	12	8	27	81
	5p	-	68	31	10	12	23	76
	5p	-	69	27	13	15	17	72
	5p	-	70	29	10	10	17	66
	5p	-	71	26	10	14	12	62
	5p	-	72	27	9	2	19	57
	5p	-	73	21	3	12	17	53
	5p	-	74	17	4	9	20	50
	5p	-	75	19	6	8	12	45
	5p	-	76	15	8	5	11	39
	5p	-	77	9	7	9	12	37
	5p	-	78	8	5	11	11	35
	5p	-	79	6	4	5	18	33
	5p	-	80	14	3	4	8	29
	5p	-	81	6	4	8	7	25
	5p	-	82	6	6	4	1	17
	5p	-	83	5	2	1	5	13
	5p	-	84	2	1	3	5	11
	5p	-	85	0	0	2	7	9
	5p	-	86	1	2	1	3	7
	5p	-	87	2	1	0	2	5
	5p	-	88	2	0	0	1	3
	5p	-	89	1	1	0	0	2
	5p	-	90	1	0	0	0	1
	5p	-	91	0	0	0	0	0
	5p	-	92	0	0	0	0	0
	5p	-	93	0	0	0	0	0
	5p	-	94	0	0	0	0	0
	5p	-	95	0	0	0	0	0
	5p	-	96	0	0	0	0	0
	5p	-	97	0	0	0	0	0
	5p	-	98	0	0	0	0	0
	5p	-	99	0	0	0	0	0
	5p	-	100	0	0	0	0	0
