# table produced by DamageProfiler
# using mapped file RmA033.GrysbokCape_Human_nc.Target.rmdup.noMicro.bam
# Sample ID: RmA033.GrysbokCape_Human_nc.Target.rmdup.noMicro.bam
Chr	End	Std	Pos	A	C	G	T	Total	G>A	C>T	A>G	T>C	A>C	A>T	C>G	C>A	T>G	T>A	G>C	G>T	A>-	T>-	C>-	G>-	->A	->T	->C	->G	S
	3p	+	1	382.0	146.0	94.0	255.0	877.0	6.0	27.0	6.0	1.0	3.0	4.0	3.0	6.0	0.0	1.0	1.0	2.0	0.0	0.0	0.0	0.0	0.0	0.0	0.0	0.0	0.0
	3p	+	2	351.0	187.0	112.0	227.0	877.0	3.0	13.0	3.0	3.0	1.0	2.0	0.0	2.0	4.0	1.0	1.0	5.0	0.0	0.0	0.0	0.0	0.0	0.0	0.0	0.0	0.0
	3p	+	3	317.0	185.0	125.0	250.0	877.0	2.0	3.0	2.0	4.0	1.0	0.0	0.0	6.0	1.0	1.0	0.0	1.0	0.0	0.0	0.0	0.0	0.0	0.0	0.0	0.0	0.0
	3p	+	4	321.0	178.0	133.0	250.0	882.0	5.0	3.0	2.0	3.0	4.0	1.0	2.0	3.0	2.0	2.0	1.0	2.0	0.0	0.0	0.0	0.0	0.0	0.0	0.0	0.0	0.0
	3p	+	5	309.0	164.0	135.0	274.0	882.0	8.0	5.0	8.0	3.0	1.0	2.0	2.0	1.0	0.0	1.0	2.0	2.0	0.0	0.0	0.0	0.0	0.0	0.0	0.0	0.0	0.0
	3p	+	6	324.0	149.0	140.0	261.0	874.0	2.0	4.0	5.0	0.0	3.0	2.0	3.0	3.0	0.0	2.0	4.0	2.0	0.0	0.0	0.0	0.0	0.0	0.0	4.0	3.0	0.0
	3p	+	7	313.0	172.0	146.0	246.0	877.0	0.0	1.0	2.0	0.0	4.0	6.0	3.0	2.0	1.0	0.0	0.0	0.0	0.0	0.0	0.0	0.0	1.0	0.0	2.0	1.0	0.0
	3p	+	8	277.0	150.0	192.0	244.0	863.0	2.0	2.0	7.0	2.0	2.0	1.0	1.0	1.0	1.0	4.0	3.0	0.0	0.0	0.0	0.0	0.0	8.0	0.0	2.0	4.0	0.0
	3p	+	9	287.0	170.0	148.0	258.0	863.0	2.0	4.0	4.0	6.0	1.0	1.0	0.0	0.0	0.0	1.0	2.0	0.0	0.0	0.0	0.0	0.0	3.0	0.0	5.0	4.0	0.0
	3p	+	10	283.0	185.0	136.0	258.0	862.0	5.0	3.0	2.0	1.0	1.0	1.0	3.0	1.0	4.0	2.0	0.0	3.0	0.0	0.0	0.0	0.0	2.0	0.0	6.0	5.0	0.0
	3p	+	11	286.0	186.0	154.0	244.0	870.0	3.0	2.0	6.0	6.0	0.0	4.0	1.0	3.0	0.0	2.0	2.0	0.0	0.0	0.0	0.0	0.0	3.0	0.0	1.0	3.0	0.0
	3p	+	12	281.0	161.0	170.0	256.0	868.0	4.0	3.0	5.0	3.0	3.0	0.0	0.0	1.0	1.0	2.0	1.0	0.0	0.0	0.0	0.0	0.0	4.0	0.0	4.0	3.0	0.0
	3p	+	13	296.0	146.0	162.0	259.0	863.0	3.0	2.0	3.0	2.0	0.0	1.0	2.0	3.0	1.0	3.0	1.0	0.0	0.0	0.0	0.0	0.0	4.0	0.0	7.0	3.0	0.0
	3p	+	14	294.0	148.0	162.0	254.0	858.0	2.0	4.0	5.0	2.0	2.0	1.0	2.0	2.0	3.0	1.0	3.0	1.0	0.0	0.0	0.0	0.0	7.0	0.0	4.0	4.0	0.0
	3p	+	15	293.0	149.0	155.0	266.0	863.0	3.0	3.0	4.0	10.0	3.0	1.0	1.0	3.0	1.0	4.0	1.0	5.0	0.0	0.0	0.0	0.0	1.0	0.0	3.0	7.0	0.0
	3p	+	16	278.0	169.0	180.0	240.0	867.0	4.0	4.0	7.0	1.0	3.0	2.0	0.0	1.0	1.0	1.0	4.0	1.0	0.0	0.0	0.0	0.0	4.0	0.0	4.0	2.0	0.0
	3p	+	17	297.0	162.0	166.0	243.0	868.0	1.0	7.0	6.0	3.0	0.0	3.0	3.0	3.0	2.0	1.0	0.0	3.0	0.0	0.0	0.0	0.0	3.0	0.0	3.0	0.0	0.0
	3p	+	18	282.0	189.0	155.0	238.0	864.0	6.0	2.0	2.0	2.0	2.0	3.0	3.0	3.0	2.0	1.0	1.0	1.0	0.0	0.0	0.0	0.0	3.0	0.0	3.0	4.0	0.0
	3p	+	19	286.0	162.0	164.0	256.0	868.0	5.0	4.0	5.0	2.0	2.0	2.0	0.0	0.0	0.0	2.0	3.0	1.0	0.0	0.0	0.0	0.0	4.0	0.0	4.0	2.0	0.0
	3p	+	20	291.0	170.0	158.0	249.0	868.0	2.0	3.0	2.0	2.0	3.0	0.0	0.0	1.0	1.0	7.0	2.0	0.0	0.0	0.0	0.0	0.0	1.0	0.0	5.0	4.0	0.0
	3p	+	21	269.0	184.0	145.0	263.0	861.0	7.0	3.0	3.0	6.0	2.0	0.0	3.0	1.0	4.0	0.0	1.0	1.0	0.0	0.0	0.0	0.0	4.0	0.0	6.0	5.0	0.0
	3p	+	22	269.0	174.0	176.0	252.0	871.0	2.0	5.0	2.0	2.0	2.0	1.0	1.0	1.0	4.0	3.0	0.0	3.0	0.0	0.0	0.0	0.0	2.0	0.0	4.0	2.0	0.0
	3p	+	23	257.0	200.0	143.0	268.0	868.0	4.0	3.0	2.0	3.0	2.0	4.0	0.0	3.0	1.0	1.0	0.0	5.0	0.0	0.0	0.0	0.0	4.0	0.0	1.0	3.0	0.0
	3p	+	24	266.0	170.0	183.0	250.0	869.0	4.0	5.0	5.0	4.0	1.0	2.0	2.0	5.0	2.0	3.0	1.0	5.0	0.0	0.0	0.0	0.0	3.0	0.0	5.0	1.0	0.0
	3p	+	25	293.0	162.0	139.0	270.0	864.0	1.0	1.0	3.0	2.0	2.0	3.0	1.0	0.0	2.0	2.0	2.0	3.0	0.0	0.0	0.0	0.0	7.0	0.0	2.0	5.0	0.0
	3p	+	26	302.0	174.0	133.0	255.0	864.0	2.0	2.0	3.0	5.0	3.0	1.0	0.0	1.0	2.0	3.0	2.0	3.0	0.0	0.0	0.0	0.0	4.0	0.0	6.0	5.0	0.0
	3p	+	27	264.0	179.0	164.0	269.0	876.0	5.0	2.0	1.0	1.0	0.0	3.0	1.0	3.0	0.0	2.0	2.0	0.0	0.0	0.0	0.0	0.0	1.0	0.0	2.0	2.0	0.0
	3p	+	28	275.0	165.0	178.0	260.0	878.0	2.0	1.0	5.0	1.0	0.0	3.0	3.0	2.0	1.0	4.0	2.0	2.0	0.0	0.0	0.0	0.0	2.0	0.0	0.0	1.0	0.0
	3p	+	29	285.0	169.0	167.0	257.0	878.0	5.0	5.0	1.0	5.0	4.0	3.0	2.0	0.0	1.0	4.0	2.0	1.0	0.0	0.0	0.0	0.0	1.0	0.0	1.0	0.0	0.0
	3p	+	30	306.0	159.0	161.0	254.0	880.0	5.0	2.0	4.0	2.0	1.0	1.0	0.0	0.0	2.0	1.0	2.0	1.0	0.0	0.0	0.0	0.0	1.0	0.0	0.0	0.0	0.0
	3p	+	31	230.0	144.0	128.0	210.0	712.0	2.0	5.0	9.0	5.0	2.0	0.0	1.0	2.0	0.0	1.0	0.0	2.0	0.0	0.0	0.0	0.0	1.0	0.0	1.0	0.0	0.0
	3p	+	32	182.0	132.0	113.0	202.0	629.0	3.0	1.0	2.0	3.0	1.0	1.0	0.0	0.0	1.0	0.0	0.0	0.0	0.0	0.0	0.0	0.0	2.0	0.0	0.0	0.0	0.0
	3p	+	33	181.0	107.0	106.0	184.0	578.0	5.0	1.0	3.0	3.0	2.0	1.0	0.0	2.0	1.0	1.0	1.0	1.0	0.0	0.0	0.0	0.0	1.0	0.0	0.0	0.0	0.0
	3p	+	34	178.0	97.0	106.0	171.0	552.0	2.0	2.0	5.0	3.0	0.0	1.0	0.0	2.0	0.0	0.0	1.0	1.0	0.0	0.0	0.0	0.0	1.0	0.0	0.0	0.0	0.0
	3p	+	35	183.0	91.0	86.0	177.0	537.0	1.0	2.0	0.0	1.0	2.0	2.0	0.0	1.0	0.0	0.0	0.0	1.0	0.0	0.0	0.0	0.0	0.0	0.0	1.0	1.0	0.0
	3p	+	36	155.0	106.0	92.0	160.0	513.0	1.0	3.0	2.0	5.0	0.0	0.0	2.0	2.0	0.0	0.0	2.0	2.0	0.0	0.0	0.0	0.0	0.0	0.0	0.0	0.0	0.0
	3p	+	37	166.0	76.0	90.0	156.0	488.0	1.0	3.0	3.0	1.0	1.0	0.0	0.0	0.0	1.0	0.0	0.0	2.0	0.0	0.0	0.0	0.0	0.0	0.0	0.0	0.0	0.0
	3p	+	38	147.0	80.0	92.0	144.0	463.0	4.0	0.0	2.0	1.0	1.0	0.0	0.0	0.0	1.0	0.0	0.0	0.0	0.0	0.0	0.0	0.0	1.0	0.0	1.0	0.0	0.0
	3p	+	39	132.0	78.0	84.0	134.0	428.0	1.0	1.0	5.0	0.0	1.0	0.0	1.0	0.0	0.0	1.0	0.0	0.0	0.0	0.0	0.0	0.0	0.0	0.0	0.0	0.0	0.0
	3p	+	40	125.0	86.0	63.0	132.0	406.0	1.0	0.0	2.0	2.0	0.0	0.0	2.0	0.0	2.0	1.0	1.0	2.0	0.0	0.0	0.0	0.0	0.0	0.0	0.0	0.0	0.0
	3p	+	41	121.0	94.0	71.0	97.0	383.0	4.0	2.0	1.0	5.0	0.0	0.0	0.0	2.0	1.0	0.0	1.0	0.0	0.0	0.0	0.0	0.0	0.0	0.0	0.0	0.0	0.0
	3p	+	42	118.0	67.0	75.0	101.0	361.0	1.0	1.0	1.0	3.0	0.0	0.0	0.0	0.0	2.0	0.0	0.0	1.0	0.0	0.0	0.0	0.0	0.0	0.0	0.0	0.0	0.0
	3p	+	43	114.0	53.0	78.0	95.0	340.0	2.0	2.0	2.0	2.0	0.0	1.0	0.0	0.0	1.0	1.0	0.0	0.0	0.0	0.0	0.0	0.0	0.0	0.0	0.0	1.0	0.0
	3p	+	44	107.0	54.0	57.0	104.0	322.0	1.0	0.0	0.0	1.0	0.0	1.0	0.0	0.0	1.0	2.0	0.0	0.0	0.0	0.0	0.0	0.0	0.0	0.0	0.0	0.0	0.0
	3p	+	45	100.0	50.0	64.0	87.0	301.0	1.0	1.0	1.0	1.0	0.0	0.0	0.0	0.0	0.0	0.0	0.0	1.0	0.0	0.0	0.0	0.0	0.0	0.0	0.0	1.0	0.0
	3p	+	46	97.0	50.0	40.0	102.0	289.0	1.0	0.0	1.0	2.0	0.0	0.0	0.0	0.0	0.0	0.0	0.0	0.0	0.0	0.0	0.0	0.0	0.0	0.0	0.0	0.0	0.0
	3p	+	47	86.0	51.0	41.0	98.0	276.0	1.0	1.0	3.0	1.0	1.0	1.0	0.0	0.0	0.0	1.0	1.0	0.0	0.0	0.0	0.0	0.0	1.0	0.0	0.0	0.0	0.0
	3p	+	48	76.0	47.0	52.0	82.0	257.0	3.0	0.0	1.0	0.0	0.0	0.0	0.0	0.0	0.0	0.0	0.0	0.0	0.0	0.0	0.0	0.0	1.0	0.0	0.0	0.0	0.0
	3p	+	49	96.0	41.0	40.0	70.0	247.0	3.0	1.0	2.0	1.0	1.0	1.0	0.0	0.0	0.0	0.0	0.0	1.0	0.0	0.0	0.0	0.0	0.0	0.0	0.0	0.0	0.0
	3p	+	50	90.0	41.0	33.0	70.0	234.0	1.0	0.0	0.0	0.0	0.0	0.0	0.0	0.0	0.0	0.0	0.0	0.0	0.0	0.0	0.0	0.0	0.0	0.0	0.0	0.0	0.0
	3p	+	51	75.0	40.0	45.0	63.0	223.0	1.0	2.0	1.0	2.0	0.0	0.0	0.0	0.0	0.0	0.0	0.0	2.0	0.0	0.0	0.0	0.0	0.0	0.0	0.0	0.0	0.0
	3p	+	52	69.0	40.0	31.0	66.0	206.0	0.0	0.0	2.0	3.0	0.0	0.0	1.0	0.0	0.0	0.0	0.0	1.0	0.0	0.0	0.0	0.0	0.0	0.0	0.0	0.0	0.0
	3p	+	53	59.0	40.0	34.0	58.0	191.0	1.0	1.0	1.0	2.0	0.0	0.0	0.0	1.0	0.0	1.0	1.0	1.0	0.0	0.0	0.0	0.0	0.0	0.0	0.0	0.0	0.0
	3p	+	54	60.0	31.0	25.0	67.0	183.0	0.0	2.0	0.0	0.0	0.0	0.0	0.0	0.0	1.0	1.0	0.0	1.0	0.0	0.0	0.0	0.0	0.0	0.0	0.0	0.0	0.0
	3p	+	55	61.0	29.0	29.0	49.0	168.0	0.0	0.0	0.0	0.0	0.0	0.0	0.0	0.0	1.0	0.0	0.0	0.0	0.0	0.0	0.0	0.0	1.0	0.0	0.0	0.0	0.0
	3p	+	56	39.0	36.0	29.0	59.0	163.0	1.0	1.0	1.0	1.0	0.0	0.0	0.0	1.0	0.0	0.0	0.0	1.0	0.0	0.0	0.0	0.0	0.0	0.0	1.0	0.0	0.0
	3p	+	57	39.0	25.0	44.0	49.0	157.0	2.0	1.0	1.0	0.0	0.0	1.0	0.0	0.0	0.0	1.0	0.0	1.0	0.0	0.0	0.0	0.0	0.0	0.0	0.0	0.0	0.0
	3p	+	58	53.0	23.0	27.0	46.0	149.0	1.0	1.0	2.0	0.0	0.0	1.0	0.0	0.0	0.0	0.0	0.0	1.0	0.0	0.0	0.0	0.0	0.0	0.0	0.0	0.0	0.0
	3p	+	59	40.0	25.0	27.0	46.0	138.0	1.0	0.0	2.0	2.0	0.0	0.0	0.0	0.0	0.0	0.0	1.0	0.0	0.0	0.0	0.0	0.0	0.0	0.0	0.0	0.0	0.0
	3p	+	60	46.0	24.0	17.0	46.0	133.0	0.0	2.0	0.0	0.0	0.0	0.0	0.0	0.0	1.0	0.0	1.0	0.0	0.0	0.0	0.0	0.0	0.0	0.0	0.0	0.0	0.0
	3p	+	61	38.0	27.0	26.0	29.0	120.0	1.0	0.0	1.0	0.0	0.0	1.0	1.0	0.0	0.0	0.0	0.0	0.0	0.0	0.0	0.0	0.0	0.0	0.0	0.0	0.0	0.0
	3p	+	62	36.0	22.0	23.0	27.0	108.0	1.0	1.0	0.0	0.0	0.0	0.0	0.0	1.0	0.0	0.0	0.0	0.0	0.0	0.0	0.0	0.0	0.0	0.0	0.0	0.0	0.0
	3p	+	63	36.0	14.0	18.0	37.0	105.0	0.0	1.0	0.0	2.0	0.0	0.0	0.0	0.0	0.0	1.0	0.0	0.0	0.0	0.0	0.0	0.0	0.0	0.0	1.0	0.0	0.0
	3p	+	64	35.0	16.0	24.0	22.0	97.0	2.0	2.0	3.0	0.0	0.0	0.0	0.0	0.0	0.0	0.0	0.0	1.0	0.0	0.0	0.0	0.0	0.0	0.0	0.0	0.0	0.0
	3p	+	65	27.0	22.0	15.0	23.0	87.0	0.0	1.0	1.0	1.0	0.0	0.0	0.0	0.0	0.0	0.0	0.0	0.0	0.0	0.0	0.0	0.0	0.0	0.0	0.0	0.0	0.0
	3p	+	66	31.0	15.0	14.0	20.0	80.0	1.0	0.0	1.0	0.0	0.0	0.0	0.0	0.0	1.0	1.0	0.0	0.0	0.0	0.0	0.0	0.0	0.0	0.0	0.0	0.0	0.0
	3p	+	67	34.0	7.0	6.0	26.0	73.0	0.0	0.0	0.0	1.0	0.0	0.0	0.0	0.0	0.0	0.0	0.0	0.0	0.0	0.0	0.0	0.0	0.0	0.0	0.0	0.0	0.0
	3p	+	68	18.0	21.0	11.0	17.0	67.0	0.0	0.0	0.0	0.0	0.0	0.0	0.0	0.0	0.0	1.0	0.0	0.0	0.0	0.0	0.0	0.0	0.0	0.0	0.0	0.0	0.0
	3p	+	69	22.0	10.0	12.0	22.0	66.0	0.0	0.0	0.0	1.0	0.0	0.0	0.0	0.0	0.0	0.0	0.0	0.0	0.0	0.0	0.0	0.0	0.0	0.0	0.0	0.0	0.0
	3p	+	70	24.0	8.0	9.0	20.0	61.0	0.0	0.0	0.0	0.0	0.0	0.0	0.0	0.0	0.0	0.0	0.0	0.0	0.0	0.0	0.0	0.0	0.0	0.0	0.0	0.0	0.0
	3p	+	71	22.0	9.0	11.0	12.0	54.0	0.0	0.0	1.0	0.0	0.0	0.0	0.0	0.0	0.0	0.0	0.0	0.0	0.0	0.0	0.0	0.0	0.0	0.0	0.0	0.0	0.0
	3p	+	72	17.0	8.0	8.0	17.0	50.0	1.0	0.0	0.0	1.0	0.0	0.0	0.0	0.0	0.0	0.0	0.0	0.0	0.0	0.0	0.0	0.0	0.0	0.0	0.0	0.0	0.0
	3p	+	73	10.0	5.0	11.0	19.0	45.0	0.0	0.0	0.0	0.0	0.0	0.0	0.0	0.0	0.0	0.0	0.0	0.0	0.0	0.0	0.0	0.0	0.0	0.0	0.0	0.0	0.0
	3p	+	74	13.0	6.0	8.0	16.0	43.0	0.0	0.0	0.0	1.0	0.0	0.0	0.0	0.0	1.0	0.0	0.0	0.0	0.0	0.0	0.0	0.0	0.0	0.0	0.0	0.0	0.0
	3p	+	75	17.0	7.0	8.0	8.0	40.0	1.0	0.0	1.0	0.0	0.0	0.0	0.0	0.0	0.0	0.0	0.0	0.0	0.0	0.0	0.0	0.0	0.0	0.0	0.0	0.0	0.0
	3p	+	76	6.0	10.0	6.0	13.0	35.0	0.0	0.0	0.0	0.0	0.0	0.0	0.0	0.0	0.0	0.0	0.0	0.0	0.0	0.0	0.0	0.0	0.0	0.0	0.0	0.0	0.0
	3p	+	77	9.0	5.0	7.0	11.0	32.0	1.0	0.0	0.0	0.0	0.0	0.0	0.0	0.0	0.0	0.0	0.0	0.0	0.0	0.0	0.0	0.0	0.0	0.0	0.0	0.0	0.0
	3p	+	78	8.0	4.0	4.0	13.0	29.0	0.0	0.0	0.0	1.0	0.0	0.0	0.0	0.0	0.0	0.0	0.0	0.0	0.0	0.0	0.0	0.0	0.0	0.0	0.0	0.0	0.0
	3p	+	79	6.0	3.0	6.0	13.0	28.0	0.0	0.0	0.0	0.0	0.0	0.0	0.0	0.0	0.0	0.0	0.0	0.0	0.0	0.0	0.0	0.0	0.0	0.0	0.0	0.0	0.0
	3p	+	80	13.0	2.0	3.0	9.0	27.0	0.0	0.0	0.0	0.0	0.0	0.0	0.0	1.0	0.0	0.0	0.0	0.0	0.0	0.0	0.0	0.0	0.0	0.0	0.0	0.0	0.0
	3p	+	81	2.0	6.0	6.0	8.0	22.0	0.0	0.0	0.0	0.0	0.0	0.0	0.0	0.0	0.0	0.0	0.0	0.0	0.0	0.0	0.0	0.0	0.0	0.0	0.0	0.0	0.0
	3p	+	82	6.0	2.0	3.0	5.0	16.0	0.0	0.0	0.0	0.0	0.0	1.0	0.0	0.0	0.0	0.0	0.0	0.0	0.0	0.0	0.0	0.0	0.0	0.0	0.0	0.0	0.0
	3p	+	83	6.0	1.0	3.0	5.0	15.0	0.0	0.0	0.0	0.0	0.0	0.0	0.0	0.0	0.0	0.0	0.0	0.0	0.0	0.0	0.0	0.0	0.0	0.0	0.0	0.0	0.0
	3p	+	84	5.0	4.0	1.0	3.0	13.0	0.0	0.0	0.0	0.0	0.0	0.0	0.0	0.0	0.0	0.0	0.0	0.0	0.0	0.0	0.0	0.0	0.0	0.0	0.0	0.0	0.0
	3p	+	85	1.0	4.0	3.0	3.0	11.0	0.0	1.0	0.0	0.0	0.0	0.0	0.0	0.0	0.0	0.0	0.0	0.0	0.0	0.0	0.0	0.0	0.0	0.0	0.0	0.0	0.0
	3p	+	86	3.0	1.0	1.0	3.0	8.0	1.0	0.0	0.0	0.0	0.0	0.0	0.0	0.0	0.0	0.0	0.0	0.0	0.0	0.0	0.0	0.0	0.0	0.0	0.0	0.0	0.0
	3p	+	87	1.0	0.0	4.0	0.0	5.0	0.0	0.0	0.0	0.0	0.0	0.0	0.0	0.0	0.0	0.0	0.0	0.0	0.0	0.0	0.0	0.0	0.0	0.0	0.0	0.0	0.0
	3p	+	88	0.0	0.0	1.0	2.0	3.0	0.0	0.0	0.0	0.0	0.0	0.0	0.0	0.0	0.0	0.0	0.0	0.0	0.0	0.0	0.0	0.0	0.0	0.0	0.0	0.0	0.0
	3p	+	89	1.0	1.0	0.0	1.0	3.0	0.0	0.0	0.0	0.0	0.0	0.0	0.0	0.0	0.0	0.0	0.0	0.0	0.0	0.0	0.0	0.0	0.0	0.0	0.0	0.0	0.0
	3p	+	90	0.0	0.0	0.0	2.0	2.0	0.0	0.0	0.0	0.0	0.0	0.0	0.0	0.0	0.0	0.0	0.0	0.0	0.0	0.0	0.0	0.0	0.0	0.0	0.0	0.0	0.0
	3p	+	91	0.0	0.0	0.0	1.0	1.0	0.0	0.0	0.0	0.0	0.0	0.0	0.0	0.0	0.0	0.0	0.0	0.0	0.0	0.0	0.0	0.0	0.0	0.0	0.0	0.0	0.0
	3p	+	92	0.0	0.0	0.0	0.0	0.0	0.0	0.0	0.0	0.0	0.0	0.0	0.0	0.0	0.0	0.0	0.0	0.0	0.0	0.0	0.0	0.0	0.0	0.0	0.0	0.0	0.0
	3p	+	93	0.0	0.0	0.0	0.0	0.0	0.0	0.0	0.0	0.0	0.0	0.0	0.0	0.0	0.0	0.0	0.0	0.0	0.0	0.0	0.0	0.0	0.0	0.0	0.0	0.0	0.0
	3p	+	94	0.0	0.0	0.0	0.0	0.0	0.0	0.0	0.0	0.0	0.0	0.0	0.0	0.0	0.0	0.0	0.0	0.0	0.0	0.0	0.0	0.0	0.0	0.0	0.0	0.0	0.0
	3p	+	95	0.0	0.0	0.0	0.0	0.0	0.0	0.0	0.0	0.0	0.0	0.0	0.0	0.0	0.0	0.0	0.0	0.0	0.0	0.0	0.0	0.0	0.0	0.0	0.0	0.0	0.0
	3p	+	96	0.0	0.0	0.0	0.0	0.0	0.0	0.0	0.0	0.0	0.0	0.0	0.0	0.0	0.0	0.0	0.0	0.0	0.0	0.0	0.0	0.0	0.0	0.0	0.0	0.0	0.0
	3p	+	97	0.0	0.0	0.0	0.0	0.0	0.0	0.0	0.0	0.0	0.0	0.0	0.0	0.0	0.0	0.0	0.0	0.0	0.0	0.0	0.0	0.0	0.0	0.0	0.0	0.0	0.0
	3p	+	98	0.0	0.0	0.0	0.0	0.0	0.0	0.0	0.0	0.0	0.0	0.0	0.0	0.0	0.0	0.0	0.0	0.0	0.0	0.0	0.0	0.0	0.0	0.0	0.0	0.0	0.0
	3p	+	99	0.0	0.0	0.0	0.0	0.0	0.0	0.0	0.0	0.0	0.0	0.0	0.0	0.0	0.0	0.0	0.0	0.0	0.0	0.0	0.0	0.0	0.0	0.0	0.0	0.0	0.0
	3p	+	100	0.0	0.0	0.0	0.0	0.0	0.0	0.0	0.0	0.0	0.0	0.0	0.0	0.0	0.0	0.0	0.0	0.0	0.0	0.0	0.0	0.0	0.0	0.0	0.0	0.0	0.0
	3p	-	1	383.0	107.0	106.0	267.0	863.0	5.0	18.0	0.0	6.0	2.0	3.0	0.0	4.0	2.0	5.0	1.0	3.00.0	0.0	0.0	0.0	0.0	0.0	0.0	0.0	0.0
	3p	-	2	342.0	177.0	117.0	230.0	866.0	2.0	16.0	2.0	3.0	5.0	1.0	0.0	1.0	2.0	2.0	1.0	0.00.0	0.0	0.0	0.0	0.0	0.0	0.0	0.0	0.0
	3p	-	3	320.0	161.0	144.0	241.0	866.0	7.0	6.0	1.0	3.0	2.0	9.0	1.0	2.0	1.0	4.0	0.0	1.00.0	0.0	0.0	0.0	2.0	0.0	0.0	0.0	0.0
	3p	-	4	292.0	144.0	158.0	271.0	865.0	1.0	8.0	5.0	1.0	6.0	3.0	1.0	0.0	4.0	4.0	0.0	7.00.0	0.0	0.0	0.0	0.0	0.0	1.0	1.0	0.0
	3p	-	5	318.0	146.0	147.0	253.0	864.0	3.0	2.0	7.0	3.0	2.0	2.0	3.0	3.0	1.0	1.0	3.0	3.00.0	0.0	0.0	0.0	2.0	0.0	2.0	1.0	0.0
	3p	-	6	317.0	162.0	130.0	253.0	862.0	1.0	2.0	7.0	2.0	1.0	4.0	0.0	1.0	4.0	2.0	3.0	0.00.0	0.0	0.0	0.0	4.0	0.0	2.0	0.0	0.0
	3p	-	7	282.0	168.0	154.0	254.0	858.0	4.0	3.0	2.0	4.0	1.0	1.0	1.0	4.0	1.0	3.0	2.0	2.00.0	0.0	0.0	0.0	0.0	0.0	2.0	5.0	0.0
	3p	-	8	290.0	157.0	155.0	251.0	853.0	5.0	2.0	3.0	1.0	0.0	2.0	4.0	2.0	0.0	4.0	0.0	2.00.0	0.0	0.0	0.0	3.0	0.0	7.0	3.0	0.0
	3p	-	9	290.0	163.0	152.0	250.0	855.0	11.0	0.0	4.0	2.0	1.0	1.0	3.0	0.0	0.0	4.0	1.0	2.00.0	0.0	0.0	0.0	4.0	0.0	5.0	4.0	0.0
	3p	-	10	317.0	133.0	156.0	250.0	856.0	3.0	4.0	2.0	8.0	3.0	1.0	0.0	3.0	3.0	4.0	1.0	5.00.0	0.0	0.0	0.0	2.0	0.0	6.0	1.0	0.0
	3p	-	11	309.0	150.0	146.0	253.0	858.0	4.0	3.0	6.0	3.0	2.0	4.0	1.0	1.0	3.0	1.0	1.0	1.00.0	0.0	0.0	0.0	5.0	0.0	2.0	4.0	0.0
	3p	-	12	265.0	189.0	155.0	249.0	858.0	6.0	6.0	3.0	3.0	4.0	1.0	0.0	2.0	1.0	2.0	1.0	2.00.0	0.0	0.0	0.0	4.0	0.0	5.0	3.0	0.0
	3p	-	13	295.0	150.0	159.0	251.0	855.0	3.0	3.0	2.0	3.0	1.0	1.0	1.0	1.0	2.0	1.0	1.0	0.00.0	0.0	0.0	0.0	4.0	0.0	6.0	3.0	0.0
	3p	-	14	288.0	188.0	137.0	246.0	859.0	3.0	4.0	4.0	5.0	0.0	2.0	0.0	7.0	2.0	0.0	0.0	3.00.0	0.0	0.0	0.0	4.0	0.0	3.0	2.0	0.0
	3p	-	15	289.0	158.0	153.0	257.0	857.0	2.0	2.0	4.0	3.0	3.0	2.0	2.0	2.0	1.0	3.0	0.0	2.00.0	0.0	0.0	0.0	1.0	0.0	3.0	3.0	0.0
	3p	-	16	274.0	165.0	153.0	261.0	853.0	3.0	3.0	1.0	5.0	4.0	1.0	1.0	0.0	1.0	4.0	0.0	1.00.0	0.0	0.0	0.0	5.0	0.0	3.0	6.0	0.0
	3p	-	17	271.0	159.0	166.0	258.0	854.0	4.0	3.0	2.0	3.0	1.0	1.0	1.0	2.0	0.0	1.0	1.0	4.00.0	0.0	0.0	0.0	2.0	0.0	3.0	5.0	0.0
	3p	-	18	273.0	165.0	157.0	256.0	851.0	3.0	4.0	3.0	4.0	4.0	4.0	1.0	4.0	4.0	0.0	1.0	2.00.0	0.0	0.0	0.0	3.0	0.0	7.0	4.0	0.0
	3p	-	19	277.0	169.0	159.0	249.0	854.0	5.0	2.0	3.0	3.0	1.0	1.0	1.0	2.0	4.0	1.0	1.0	2.00.0	0.0	0.0	0.0	4.0	0.0	3.0	5.0	0.0
	3p	-	20	285.0	162.0	161.0	250.0	858.0	4.0	2.0	6.0	8.0	1.0	3.0	2.0	3.0	1.0	1.0	1.0	0.00.0	0.0	0.0	0.0	0.0	0.0	5.0	2.0	0.0
	3p	-	21	293.0	168.0	145.0	246.0	852.0	5.0	3.0	2.0	4.0	1.0	0.0	1.0	4.0	0.0	2.0	1.0	3.00.0	0.0	0.0	0.0	3.0	0.0	7.0	7.0	0.0
	3p	-	22	292.0	167.0	144.0	256.0	859.0	0.0	2.0	3.0	3.0	1.0	1.0	4.0	0.0	2.0	4.0	0.0	0.00.0	0.0	0.0	0.0	5.0	0.0	2.0	2.0	0.0
	3p	-	23	285.0	140.0	173.0	253.0	851.0	1.0	6.0	3.0	4.0	2.0	2.0	3.0	2.0	1.0	3.0	3.0	0.00.0	0.0	0.0	0.0	3.0	0.0	6.0	3.0	0.0
	3p	-	24	291.0	139.0	193.0	235.0	858.0	3.0	4.0	6.0	5.0	2.0	1.0	0.0	1.0	3.0	1.0	3.0	1.00.0	0.0	0.0	0.0	2.0	0.0	0.0	7.0	0.0
	3p	-	25	265.0	152.0	169.0	262.0	848.0	2.0	2.0	3.0	2.0	1.0	0.0	1.0	0.0	2.0	1.0	2.0	1.00.0	0.0	0.0	0.0	4.0	0.0	3.0	7.0	0.0
	3p	-	26	277.0	173.0	155.0	254.0	859.0	6.0	2.0	5.0	3.0	0.0	0.0	3.0	3.0	1.0	2.0	1.0	2.00.0	0.0	0.0	0.0	3.0	0.0	2.0	2.0	0.0
	3p	-	27	297.0	164.0	157.0	248.0	866.0	1.0	1.0	6.0	5.0	4.0	0.0	1.0	1.0	1.0	1.0	0.0	0.00.0	0.0	0.0	0.0	0.0	0.0	3.0	2.0	0.0
	3p	-	28	312.0	186.0	138.0	234.0	870.0	3.0	3.0	5.0	3.0	4.0	4.0	1.0	6.0	1.0	4.0	2.0	2.00.0	0.0	0.0	0.0	0.0	0.0	0.0	2.0	0.0
	3p	-	29	300.0	172.0	145.0	250.0	867.0	5.0	9.0	3.0	4.0	2.0	2.0	1.0	2.0	3.0	0.0	1.0	2.00.0	0.0	0.0	0.0	0.0	0.0	1.0	1.0	0.0
	3p	-	30	289.0	178.0	143.0	257.0	867.0	8.0	7.0	5.0	5.0	1.0	1.0	1.0	2.0	5.0	3.0	1.0	2.00.0	0.0	0.0	0.0	0.0	0.0	1.0	0.0	0.0
	3p	-	31	218.0	128.0	118.0	216.0	680.0	1.0	3.0	3.0	4.0	1.0	1.0	0.0	1.0	1.0	3.0	1.0	0.00.0	0.0	0.0	0.0	0.0	0.0	0.0	0.0	0.0
	3p	-	32	181.0	113.0	118.0	192.0	604.0	3.0	2.0	1.0	2.0	0.0	1.0	0.0	1.0	1.0	0.0	0.0	1.00.0	0.0	0.0	0.0	0.0	0.0	1.0	0.0	0.0
	3p	-	33	198.0	100.0	101.0	173.0	572.0	3.0	3.0	4.0	1.0	2.0	2.0	0.0	0.0	2.0	0.0	1.0	0.00.0	0.0	0.0	0.0	0.0	0.0	0.0	0.0	0.0
	3p	-	34	179.0	100.0	89.0	172.0	540.0	2.0	4.0	0.0	2.0	1.0	0.0	1.0	0.0	2.0	2.0	2.0	1.00.0	0.0	0.0	0.0	0.0	0.0	0.0	1.0	0.0
	3p	-	35	176.0	91.0	96.0	148.0	511.0	1.0	2.0	3.0	2.0	0.0	0.0	0.0	0.0	0.0	0.0	0.0	1.00.0	0.0	0.0	0.0	0.0	0.0	0.0	1.0	0.0
	3p	-	36	160.0	83.0	98.0	148.0	489.0	1.0	6.0	1.0	2.0	1.0	0.0	0.0	1.0	1.0	0.0	0.0	1.00.0	0.0	0.0	0.0	0.0	0.0	0.0	1.0	0.0
	3p	-	37	161.0	87.0	100.0	117.0	465.0	3.0	2.0	3.0	1.0	0.0	1.0	1.0	0.0	0.0	0.0	1.0	0.00.0	0.0	0.0	0.0	1.0	0.0	0.0	0.0	0.0
	3p	-	38	144.0	83.0	77.0	140.0	444.0	1.0	0.0	3.0	1.0	2.0	1.0	0.0	0.0	0.0	1.0	0.0	2.00.0	0.0	0.0	0.0	0.0	0.0	0.0	0.0	0.0
	3p	-	39	140.0	75.0	80.0	129.0	424.0	2.0	2.0	1.0	2.0	2.0	0.0	0.0	1.0	0.0	0.0	0.0	0.00.0	0.0	0.0	0.0	0.0	0.0	0.0	0.0	0.0
	3p	-	40	130.0	70.0	58.0	150.0	408.0	1.0	2.0	1.0	3.0	0.0	0.0	2.0	4.0	0.0	0.0	0.0	1.00.0	0.0	0.0	0.0	1.0	0.0	0.0	0.0	0.0
	3p	-	41	129.0	88.0	65.0	112.0	394.0	2.0	0.0	4.0	2.0	1.0	0.0	2.0	2.0	1.0	1.0	1.0	2.00.0	0.0	0.0	0.0	0.0	0.0	0.0	0.0	0.0
	3p	-	42	142.0	59.0	64.0	109.0	374.0	0.0	1.0	3.0	2.0	0.0	2.0	0.0	0.0	0.0	0.0	0.0	0.00.0	0.0	0.0	0.0	0.0	0.0	0.0	0.0	0.0
	3p	-	43	104.0	73.0	62.0	111.0	350.0	1.0	0.0	1.0	2.0	0.0	0.0	0.0	1.0	0.0	0.0	0.0	1.00.0	0.0	0.0	0.0	1.0	0.0	0.0	0.0	0.0
	3p	-	44	118.0	59.0	46.0	107.0	330.0	1.0	3.0	2.0	4.0	0.0	0.0	1.0	2.0	0.0	0.0	0.0	0.00.0	0.0	0.0	0.0	0.0	0.0	0.0	0.0	0.0
	3p	-	45	96.0	70.0	54.0	96.0	316.0	0.0	2.0	2.0	3.0	0.0	0.0	1.0	0.0	1.0	0.0	0.0	0.00.0	0.0	0.0	0.0	0.0	0.0	0.0	0.0	0.0
	3p	-	46	104.0	43.0	63.0	88.0	298.0	2.0	1.0	1.0	1.0	0.0	0.0	0.0	1.0	0.0	1.0	0.0	0.00.0	0.0	0.0	0.0	0.0	0.0	0.0	0.0	0.0
	3p	-	47	108.0	48.0	47.0	79.0	282.0	1.0	1.0	1.0	3.0	1.0	0.0	0.0	0.0	0.0	1.0	0.0	0.00.0	0.0	0.0	0.0	0.0	0.0	0.0	0.0	0.0
	3p	-	48	81.0	58.0	48.0	78.0	265.0	1.0	2.0	0.0	1.0	2.0	0.0	0.0	3.0	0.0	0.0	0.0	0.00.0	0.0	0.0	0.0	0.0	0.0	0.0	0.0	0.0
	3p	-	49	91.0	40.0	39.0	76.0	246.0	1.0	1.0	2.0	1.0	1.0	0.0	0.0	1.0	0.0	1.0	0.0	0.00.0	0.0	0.0	0.0	0.0	0.0	0.0	0.0	0.0
	3p	-	50	80.0	36.0	48.0	71.0	235.0	1.0	0.0	2.0	2.0	0.0	0.0	1.0	0.0	0.0	0.0	0.0	0.00.0	0.0	0.0	0.0	0.0	0.0	0.0	0.0	0.0
	3p	-	51	77.0	41.0	45.0	61.0	224.0	4.0	0.0	0.0	1.0	1.0	0.0	0.0	0.0	1.0	0.0	0.0	1.00.0	0.0	0.0	0.0	0.0	0.0	0.0	0.0	0.0
	3p	-	52	79.0	32.0	47.0	55.0	213.0	1.0	2.0	2.0	0.0	0.0	0.0	0.0	0.0	0.0	1.0	0.0	0.00.0	0.0	0.0	0.0	0.0	0.0	0.0	0.0	0.0
	3p	-	53	65.0	38.0	42.0	50.0	195.0	1.0	2.0	0.0	1.0	0.0	0.0	1.0	0.0	0.0	0.0	0.0	0.00.0	0.0	0.0	0.0	0.0	0.0	0.0	0.0	0.0
	3p	-	54	63.0	32.0	32.0	56.0	183.0	0.0	2.0	1.0	3.0	0.0	0.0	0.0	0.0	0.0	0.0	0.0	0.00.0	0.0	0.0	0.0	0.0	0.0	0.0	0.0	0.0
	3p	-	55	59.0	37.0	40.0	40.0	176.0	0.0	1.0	0.0	0.0	0.0	1.0	0.0	0.0	0.0	0.0	0.0	1.00.0	0.0	0.0	0.0	0.0	0.0	0.0	0.0	0.0
	3p	-	56	63.0	28.0	24.0	48.0	163.0	0.0	0.0	2.0	0.0	0.0	0.0	0.0	0.0	0.0	0.0	0.0	0.00.0	0.0	0.0	0.0	0.0	0.0	0.0	0.0	0.0
	3p	-	57	49.0	33.0	23.0	52.0	157.0	0.0	2.0	0.0	0.0	0.0	0.0	0.0	0.0	0.0	0.0	1.0	0.00.0	0.0	0.0	0.0	0.0	0.0	0.0	0.0	0.0
	3p	-	58	51.0	27.0	24.0	45.0	147.0	1.0	1.0	0.0	0.0	1.0	0.0	0.0	0.0	0.0	0.0	0.0	1.00.0	0.0	0.0	0.0	0.0	0.0	0.0	0.0	0.0
	3p	-	59	53.0	16.0	19.0	44.0	132.0	0.0	0.0	0.0	1.0	0.0	0.0	0.0	0.0	0.0	0.0	1.0	0.00.0	0.0	0.0	0.0	0.0	0.0	0.0	0.0	0.0
	3p	-	60	36.0	35.0	23.0	35.0	129.0	0.0	1.0	1.0	0.0	0.0	0.0	0.0	0.0	0.0	0.0	0.0	1.00.0	0.0	0.0	0.0	0.0	0.0	0.0	1.0	0.0
	3p	-	61	33.0	20.0	26.0	42.0	121.0	0.0	0.0	0.0	1.0	0.0	0.0	0.0	0.0	0.0	0.0	0.0	0.00.0	0.0	0.0	0.0	1.0	0.0	0.0	0.0	0.0
	3p	-	62	31.0	20.0	22.0	42.0	115.0	1.0	1.0	0.0	1.0	0.0	1.0	0.0	0.0	0.0	1.0	0.0	0.00.0	0.0	0.0	0.0	0.0	0.0	0.0	0.0	0.0
	3p	-	63	35.0	24.0	14.0	32.0	105.0	0.0	1.0	0.0	1.0	0.0	0.0	0.0	0.0	0.0	0.0	0.0	0.00.0	0.0	0.0	0.0	0.0	0.0	0.0	0.0	0.0
	3p	-	64	34.0	20.0	21.0	24.0	99.0	0.0	0.0	1.0	1.0	0.0	0.0	0.0	0.0	0.0	0.0	0.0	0.00.0	0.0	0.0	0.0	0.0	0.0	0.0	0.0	0.0
	3p	-	65	26.0	18.0	18.0	31.0	93.0	0.0	0.0	0.0	1.0	0.0	0.0	0.0	2.0	0.0	0.0	0.0	0.00.0	0.0	0.0	0.0	0.0	0.0	0.0	0.0	0.0
	3p	-	66	34.0	20.0	15.0	22.0	91.0	2.0	1.0	0.0	0.0	0.0	0.0	0.0	0.0	0.0	0.0	0.0	0.00.0	0.0	0.0	0.0	0.0	0.0	0.0	0.0	0.0
	3p	-	67	29.0	16.0	14.0	22.0	81.0	1.0	0.0	0.0	1.0	0.0	0.0	0.0	0.0	0.0	0.0	0.0	0.00.0	0.0	0.0	0.0	0.0	0.0	0.0	0.0	0.0
	3p	-	68	22.0	15.0	15.0	24.0	76.0	0.0	0.0	2.0	1.0	0.0	1.0	0.0	0.0	0.0	0.0	0.0	0.00.0	0.0	0.0	0.0	0.0	0.0	0.0	0.0	0.0
	3p	-	69	26.0	13.0	13.0	20.0	72.0	0.0	1.0	0.0	1.0	0.0	0.0	0.0	0.0	0.0	0.0	0.0	0.00.0	0.0	0.0	0.0	0.0	0.0	0.0	0.0	0.0
	3p	-	70	14.0	15.0	10.0	27.0	66.0	0.0	0.0	0.0	1.0	0.0	0.0	0.0	1.0	0.0	0.0	0.0	0.00.0	0.0	0.0	0.0	0.0	0.0	0.0	0.0	0.0
	3p	-	71	18.0	12.0	13.0	19.0	62.0	0.0	0.0	0.0	0.0	0.0	0.0	0.0	0.0	0.0	0.0	0.0	0.00.0	0.0	0.0	0.0	0.0	0.0	0.0	0.0	0.0
	3p	-	72	23.0	10.0	7.0	17.0	57.0	0.0	0.0	1.0	0.0	0.0	0.0	0.0	0.0	0.0	0.0	0.0	0.00.0	0.0	0.0	0.0	0.0	0.0	0.0	0.0	0.0
	3p	-	73	23.0	14.0	2.0	14.0	53.0	0.0	0.0	1.0	0.0	0.0	0.0	0.0	1.0	0.0	0.0	0.0	0.00.0	0.0	0.0	0.0	0.0	0.0	0.0	0.0	0.0
	3p	-	74	24.0	12.0	5.0	9.0	50.0	0.0	0.0	0.0	0.0	0.0	0.0	0.0	0.0	0.0	0.0	0.0	0.00.0	0.0	0.0	0.0	0.0	0.0	0.0	0.0	0.0
	3p	-	75	14.0	7.0	8.0	16.0	45.0	0.0	0.0	0.0	0.0	0.0	0.0	0.0	0.0	0.0	0.0	0.0	0.00.0	0.0	0.0	0.0	0.0	0.0	0.0	0.0	0.0
	3p	-	76	12.0	10.0	3.0	14.0	39.0	0.0	0.0	1.0	0.0	0.0	0.0	0.0	0.0	0.0	0.0	0.0	0.00.0	0.0	0.0	0.0	0.0	0.0	0.0	0.0	0.0
	3p	-	77	11.0	9.0	10.0	7.0	37.0	0.0	0.0	0.0	1.0	0.0	0.0	0.0	0.0	0.0	0.0	0.0	1.00.0	0.0	0.0	0.0	0.0	0.0	0.0	0.0	0.0
	3p	-	78	16.0	6.0	8.0	5.0	35.0	0.0	0.0	0.0	0.0	0.0	0.0	0.0	0.0	0.0	0.0	0.0	0.00.0	0.0	0.0	0.0	0.0	0.0	0.0	0.0	0.0
	3p	-	79	13.0	3.0	6.0	11.0	33.0	0.0	0.0	0.0	0.0	0.0	0.0	0.0	0.0	0.0	0.0	0.0	0.00.0	0.0	0.0	0.0	0.0	0.0	0.0	0.0	0.0
	3p	-	80	9.0	7.0	4.0	9.0	29.0	0.0	0.0	0.0	2.0	0.0	0.0	0.0	0.0	0.0	0.0	0.0	0.00.0	0.0	0.0	0.0	0.0	0.0	0.0	0.0	0.0
	3p	-	81	7.0	5.0	4.0	9.0	25.0	0.0	0.0	0.0	0.0	0.0	0.0	0.0	0.0	0.0	0.0	0.0	0.00.0	0.0	0.0	0.0	0.0	0.0	0.0	0.0	0.0
	3p	-	82	7.0	2.0	2.0	6.0	17.0	0.0	0.0	0.0	0.0	0.0	0.0	0.0	0.0	0.0	1.0	0.0	0.00.0	0.0	0.0	0.0	0.0	0.0	0.0	0.0	0.0
	3p	-	83	4.0	1.0	3.0	5.0	13.0	0.0	0.0	0.0	0.0	0.0	0.0	0.0	0.0	0.0	0.0	0.0	0.00.0	0.0	0.0	0.0	0.0	0.0	0.0	0.0	0.0
	3p	-	84	3.0	2.0	1.0	5.0	11.0	0.0	0.0	1.0	0.0	0.0	0.0	0.0	0.0	0.0	0.0	0.0	0.00.0	0.0	0.0	0.0	0.0	0.0	0.0	0.0	0.0
	3p	-	85	2.0	3.0	1.0	3.0	9.0	0.0	0.0	0.0	0.0	0.0	0.0	0.0	0.0	0.0	0.0	0.0	0.00.0	0.0	0.0	0.0	0.0	0.0	0.0	0.0	0.0
	3p	-	86	2.0	2.0	0.0	3.0	7.0	0.0	0.0	0.0	0.0	0.0	0.0	0.0	0.0	0.0	0.0	0.0	0.00.0	0.0	0.0	0.0	0.0	0.0	0.0	0.0	0.0
	3p	-	87	0.0	3.0	0.0	2.0	5.0	0.0	0.0	0.0	0.0	0.0	0.0	0.0	0.0	0.0	0.0	0.0	0.00.0	0.0	0.0	0.0	0.0	0.0	0.0	0.0	0.0
	3p	-	88	2.0	1.0	0.0	0.0	3.0	0.0	0.0	0.0	0.0	0.0	0.0	0.0	0.0	0.0	0.0	0.0	0.00.0	0.0	0.0	0.0	0.0	0.0	0.0	0.0	0.0
	3p	-	89	1.0	0.0	0.0	1.0	2.0	0.0	0.0	0.0	0.0	0.0	0.0	0.0	0.0	0.0	0.0	0.0	0.00.0	0.0	0.0	0.0	0.0	0.0	0.0	0.0	0.0
	3p	-	90	1.0	0.0	0.0	0.0	1.0	0.0	0.0	0.0	0.0	0.0	0.0	0.0	0.0	0.0	0.0	0.0	0.00.0	0.0	0.0	0.0	0.0	0.0	0.0	0.0	0.0
	3p	-	91	0.0	0.0	0.0	0.0	0.0	0.0	0.0	0.0	0.0	0.0	0.0	0.0	0.0	0.0	0.0	0.0	0.00.0	0.0	0.0	0.0	0.0	0.0	0.0	0.0	0.0
	3p	-	92	0.0	0.0	0.0	0.0	0.0	0.0	0.0	0.0	0.0	0.0	0.0	0.0	0.0	0.0	0.0	0.0	0.00.0	0.0	0.0	0.0	0.0	0.0	0.0	0.0	0.0
	3p	-	93	0.0	0.0	0.0	0.0	0.0	0.0	0.0	0.0	0.0	0.0	0.0	0.0	0.0	0.0	0.0	0.0	0.00.0	0.0	0.0	0.0	0.0	0.0	0.0	0.0	0.0
	3p	-	94	0.0	0.0	0.0	0.0	0.0	0.0	0.0	0.0	0.0	0.0	0.0	0.0	0.0	0.0	0.0	0.0	0.00.0	0.0	0.0	0.0	0.0	0.0	0.0	0.0	0.0
	3p	-	95	0.0	0.0	0.0	0.0	0.0	0.0	0.0	0.0	0.0	0.0	0.0	0.0	0.0	0.0	0.0	0.0	0.00.0	0.0	0.0	0.0	0.0	0.0	0.0	0.0	0.0
	3p	-	96	0.0	0.0	0.0	0.0	0.0	0.0	0.0	0.0	0.0	0.0	0.0	0.0	0.0	0.0	0.0	0.0	0.00.0	0.0	0.0	0.0	0.0	0.0	0.0	0.0	0.0
	3p	-	97	0.0	0.0	0.0	0.0	0.0	0.0	0.0	0.0	0.0	0.0	0.0	0.0	0.0	0.0	0.0	0.0	0.00.0	0.0	0.0	0.0	0.0	0.0	0.0	0.0	0.0
	3p	-	98	0.0	0.0	0.0	0.0	0.0	0.0	0.0	0.0	0.0	0.0	0.0	0.0	0.0	0.0	0.0	0.0	0.00.0	0.0	0.0	0.0	0.0	0.0	0.0	0.0	0.0
	3p	-	99	0.0	0.0	0.0	0.0	0.0	0.0	0.0	0.0	0.0	0.0	0.0	0.0	0.0	0.0	0.0	0.0	0.00.0	0.0	0.0	0.0	0.0	0.0	0.0	0.0	0.0
	3p	-	100	0.0	0.0	0.0	0.0	0.0	0.0	0.0	0.0	0.0	0.0	0.0	0.0	0.0	0.0	0.0	0.0	0.00.0	0.0	0.0	0.0	0.0	0.0	0.0	0.0	0.0
	5p	+	1	322.0	173.0	140.0	246.0	881.0	5.0	7.0	6.0	5.0	2.0	1.0	0.0	1.0	1.0	0.0	2.0	0.00.0	0.0	0.0	0.0	0.0	0.0	0.0	0.0	0.0
	5p	+	2	293.0	143.0	172.0	274.0	882.0	4.0	5.0	6.0	4.0	5.0	1.0	0.0	4.0	2.0	6.0	3.0	4.00.0	0.0	0.0	0.0	0.0	0.0	0.0	0.0	0.0
	5p	+	3	285.0	163.0	165.0	266.0	879.0	2.0	1.0	2.0	6.0	1.0	3.0	3.0	1.0	2.0	7.0	1.0	1.00.0	0.0	0.0	0.0	1.0	0.0	0.0	0.0	0.0
	5p	+	4	280.0	183.0	170.0	240.0	873.0	7.0	2.0	3.0	3.0	1.0	3.0	1.0	0.0	0.0	1.0	2.0	1.00.0	0.0	0.0	0.0	3.0	0.0	3.0	2.0	0.0
	5p	+	5	260.0	184.0	165.0	257.0	866.0	3.0	2.0	4.0	3.0	1.0	2.0	1.0	2.0	0.0	2.0	3.0	1.00.0	0.0	0.0	0.0	3.0	0.0	4.0	5.0	0.0
	5p	+	6	269.0	144.0	180.0	266.0	859.0	3.0	4.0	6.0	5.0	2.0	4.0	3.0	0.0	4.0	2.0	1.0	2.00.0	0.0	0.0	0.0	8.0	0.0	4.0	5.0	0.0
	5p	+	7	269.0	177.0	185.0	241.0	872.0	1.0	3.0	3.0	1.0	4.0	0.0	2.0	5.0	3.0	3.0	1.0	4.00.0	0.0	0.0	0.0	3.0	0.0	4.0	2.0	0.0
	5p	+	8	295.0	171.0	153.0	255.0	874.0	4.0	0.0	5.0	5.0	1.0	6.0	0.0	2.0	1.0	3.0	2.0	1.00.0	0.0	0.0	0.0	3.0	0.0	0.0	2.0	0.0
	5p	+	9	280.0	158.0	162.0	273.0	873.0	6.0	3.0	2.0	4.0	1.0	0.0	0.0	0.0	5.0	1.0	1.0	2.00.0	0.0	0.0	0.0	1.0	0.0	4.0	3.0	0.0
	5p	+	10	287.0	174.0	142.0	264.0	867.0	7.0	5.0	3.0	4.0	2.0	5.0	2.0	0.0	4.0	0.0	1.0	4.00.0	0.0	0.0	0.0	3.0	0.0	3.0	6.0	0.0
	5p	+	11	288.0	144.0	158.0	277.0	867.0	0.0	3.0	5.0	3.0	1.0	1.0	1.0	1.0	3.0	5.0	2.0	0.00.0	0.0	0.0	0.0	2.0	0.0	6.0	2.0	0.0
	5p	+	12	283.0	188.0	164.0	232.0	867.0	2.0	8.0	4.0	6.0	2.0	1.0	1.0	2.0	1.0	2.0	3.0	3.00.0	0.0	0.0	0.0	2.0	0.0	6.0	3.0	0.0
	5p	+	13	301.0	158.0	159.0	248.0	866.0	4.0	4.0	4.0	6.0	0.0	0.0	3.0	0.0	2.0	2.0	2.0	2.00.0	0.0	0.0	0.0	1.0	0.0	5.0	3.0	0.0
	5p	+	14	288.0	160.0	175.0	239.0	862.0	2.0	1.0	5.0	6.0	1.0	2.0	2.0	1.0	3.0	1.0	0.0	2.00.0	0.0	0.0	0.0	6.0	0.0	3.0	2.0	0.0
	5p	+	15	269.0	167.0	183.0	254.0	873.0	4.0	5.0	8.0	2.0	3.0	3.0	1.0	1.0	1.0	1.0	3.0	2.00.0	0.0	0.0	0.0	2.0	0.0	1.0	0.0	0.0
	5p	+	16	275.0	163.0	167.0	258.0	863.0	6.0	2.0	1.0	4.0	2.0	2.0	2.0	4.0	0.0	2.0	0.0	1.00.0	0.0	0.0	0.0	3.0	0.0	3.0	8.0	0.0
	5p	+	17	292.0	160.0	159.0	252.0	863.0	2.0	5.0	4.0	1.0	2.0	0.0	2.0	4.0	3.0	2.0	5.0	3.00.0	0.0	0.0	0.0	3.0	0.0	4.0	3.0	0.0
	5p	+	18	278.0	166.0	158.0	261.0	863.0	6.0	0.0	8.0	4.0	1.0	0.0	1.0	1.0	2.0	4.0	1.0	0.00.0	0.0	0.0	0.0	2.0	0.0	6.0	4.0	0.0
	5p	+	19	280.0	161.0	143.0	284.0	868.0	2.0	1.0	5.0	1.0	2.0	0.0	0.0	2.0	1.0	2.0	0.0	0.00.0	0.0	0.0	0.0	3.0	0.0	5.0	2.0	0.0
	5p	+	20	282.0	155.0	166.0	266.0	869.0	7.0	1.0	5.0	2.0	1.0	1.0	1.0	4.0	1.0	0.0	2.0	2.00.0	0.0	0.0	0.0	3.0	0.0	3.0	1.0	0.0
	5p	+	21	273.0	171.0	167.0	248.0	859.0	1.0	1.0	3.0	2.0	2.0	2.0	1.0	1.0	1.0	1.0	2.0	4.00.0	0.0	0.0	0.0	6.0	0.0	4.0	3.0	0.0
	5p	+	22	275.0	169.0	157.0	257.0	858.0	7.0	0.0	4.0	3.0	2.0	3.0	0.0	0.0	0.0	1.0	0.0	1.00.0	0.0	0.0	0.0	5.0	0.0	6.0	6.0	0.0
	5p	+	23	284.0	163.0	178.0	246.0	871.0	6.0	3.0	7.0	4.0	1.0	1.0	0.0	4.0	2.0	4.0	1.0	2.00.0	0.0	0.0	0.0	4.0	0.0	2.0	3.0	0.0
	5p	+	24	318.0	159.0	155.0	238.0	870.0	2.0	1.0	6.0	1.0	5.0	1.0	3.0	5.0	2.0	3.0	1.0	2.00.0	0.0	0.0	0.0	6.0	0.0	1.0	4.0	0.0
	5p	+	25	313.0	170.0	133.0	256.0	872.0	4.0	6.0	3.0	2.0	1.0	5.0	1.0	1.0	1.0	0.0	0.0	0.00.0	0.0	0.0	0.0	0.0	0.0	3.0	1.0	0.0
	5p	+	26	298.0	157.0	156.0	268.0	879.0	2.0	2.0	4.0	2.0	0.0	4.0	1.0	1.0	1.0	1.0	2.0	1.00.0	0.0	0.0	0.0	0.0	0.0	2.0	1.0	0.0
	5p	+	27	297.0	186.0	142.0	253.0	878.0	4.0	6.0	2.0	2.0	1.0	4.0	1.0	1.0	3.0	0.0	1.0	2.00.0	0.0	0.0	0.0	1.0	0.0	1.0	2.0	0.0
	5p	+	28	296.0	191.0	139.0	252.0	878.0	6.0	1.0	1.0	5.0	3.0	0.0	1.0	2.0	1.0	2.0	3.0	2.00.0	0.0	0.0	0.0	0.0	0.0	1.0	0.0	0.0
	5p	+	29	305.0	196.0	138.0	243.0	882.0	3.0	5.0	6.0	7.0	2.0	1.0	2.0	3.0	2.0	4.0	1.0	3.00.0	0.0	0.0	0.0	0.0	0.0	0.0	0.0	0.0
	5p	+	30	332.0	162.0	126.0	255.0	875.0	2.0	5.0	4.0	6.0	2.0	1.0	1.0	4.0	1.0	1.0	3.0	1.00.0	0.0	0.0	0.0	1.0	0.0	0.0	0.0	0.0
	5p	+	31	252.0	140.0	113.0	204.0	709.0	3.0	3.0	3.0	1.0	3.0	1.0	3.0	1.0	2.0	2.0	2.0	2.00.0	0.0	0.0	0.0	0.0	0.0	1.0	1.0	0.0
	5p	+	32	208.0	121.0	106.0	194.0	629.0	3.0	3.0	3.0	1.0	0.0	0.0	0.0	0.0	0.0	0.0	1.0	2.00.0	0.0	0.0	0.0	1.0	0.0	0.0	0.0	0.0
	5p	+	33	199.0	108.0	97.0	174.0	578.0	5.0	3.0	2.0	2.0	1.0	0.0	0.0	3.0	0.0	0.0	1.0	3.00.0	0.0	0.0	0.0	1.0	0.0	0.0	1.0	0.0
	5p	+	34	185.0	107.0	96.0	163.0	551.0	3.0	6.0	2.0	0.0	1.0	0.0	0.0	0.0	1.0	1.0	0.0	0.00.0	0.0	0.0	0.0	2.0	0.0	0.0	0.0	0.0
	5p	+	35	175.0	106.0	89.0	168.0	538.0	3.0	5.0	5.0	0.0	1.0	0.0	1.0	1.0	0.0	1.0	0.0	2.00.0	0.0	0.0	0.0	1.0	0.0	0.0	0.0	0.0
	5p	+	36	161.0	109.0	79.0	163.0	512.0	2.0	7.0	2.0	6.0	1.0	0.0	1.0	1.0	0.0	0.0	0.0	1.00.0	0.0	0.0	0.0	1.0	0.0	0.0	0.0	0.0
	5p	+	37	166.0	99.0	69.0	152.0	486.0	1.0	3.0	3.0	0.0	1.0	0.0	2.0	2.0	0.0	1.0	0.0	1.00.0	0.0	0.0	0.0	0.0	0.0	0.0	0.0	0.0
	5p	+	38	180.0	73.0	66.0	146.0	465.0	2.0	1.0	1.0	3.0	1.0	0.0	0.0	0.0	1.0	0.0	0.0	0.00.0	0.0	0.0	0.0	1.0	0.0	0.0	0.0	0.0
	5p	+	39	141.0	69.0	81.0	137.0	428.0	3.0	2.0	2.0	1.0	0.0	0.0	1.0	1.0	0.0	1.0	0.0	2.00.0	0.0	0.0	0.0	0.0	0.0	0.0	0.0	0.0
	5p	+	40	151.0	73.0	63.0	118.0	405.0	0.0	3.0	3.0	1.0	0.0	1.0	0.0	0.0	0.0	1.0	0.0	2.00.0	0.0	0.0	0.0	0.0	0.0	1.0	0.0	0.0
	5p	+	41	138.0	69.0	66.0	111.0	384.0	1.0	2.0	2.0	1.0	0.0	0.0	0.0	1.0	0.0	2.0	0.0	1.00.0	0.0	0.0	0.0	1.0	0.0	0.0	0.0	0.0
	5p	+	42	124.0	69.0	67.0	99.0	359.0	2.0	4.0	1.0	1.0	2.0	1.0	0.0	0.0	1.0	0.0	1.0	0.00.0	0.0	0.0	0.0	0.0	0.0	0.0	0.0	0.0
	5p	+	43	113.0	68.0	58.0	102.0	341.0	2.0	5.0	2.0	0.0	0.0	1.0	2.0	0.0	0.0	0.0	0.0	1.00.0	0.0	0.0	0.0	0.0	0.0	0.0	0.0	0.0
	5p	+	44	106.0	60.0	67.0	89.0	322.0	2.0	2.0	1.0	1.0	0.0	0.0	0.0	0.0	0.0	0.0	1.0	0.00.0	0.0	0.0	0.0	0.0	0.0	0.0	0.0	0.0
	5p	+	45	99.0	57.0	45.0	100.0	301.0	0.0	1.0	1.0	2.0	0.0	0.0	0.0	1.0	0.0	0.0	0.0	0.00.0	0.0	0.0	0.0	1.0	0.0	0.0	0.0	0.0
	5p	+	46	96.0	58.0	47.0	87.0	288.0	0.0	0.0	1.0	1.0	1.0	0.0	0.0	1.0	0.0	0.0	0.0	0.00.0	0.0	0.0	0.0	0.0	0.0	0.0	0.0	0.0
	5p	+	47	88.0	51.0	52.0	85.0	276.0	1.0	3.0	3.0	2.0	1.0	2.0	0.0	0.0	0.0	0.0	0.0	0.00.0	0.0	0.0	0.0	0.0	0.0	1.0	0.0	0.0
	5p	+	48	85.0	48.0	47.0	78.0	258.0	1.0	1.0	0.0	1.0	0.0	0.0	1.0	0.0	1.0	0.0	0.0	0.00.0	0.0	0.0	0.0	0.0	0.0	0.0	0.0	0.0
	5p	+	49	82.0	53.0	40.0	71.0	246.0	0.0	1.0	0.0	0.0	0.0	0.0	0.0	0.0	0.0	0.0	0.0	1.00.0	0.0	0.0	0.0	1.0	0.0	0.0	0.0	0.0
	5p	+	50	80.0	40.0	43.0	69.0	232.0	0.0	2.0	0.0	2.0	0.0	0.0	0.0	0.0	0.0	0.0	0.0	1.00.0	0.0	0.0	0.0	0.0	0.0	1.0	0.0	0.0
	5p	+	51	68.0	44.0	39.0	72.0	223.0	2.0	2.0	3.0	0.0	0.0	0.0	0.0	1.0	0.0	1.0	1.0	1.00.0	0.0	0.0	0.0	0.0	0.0	0.0	0.0	0.0
	5p	+	52	74.0	36.0	32.0	64.0	206.0	1.0	0.0	2.0	1.0	1.0	0.0	1.0	0.0	0.0	1.0	0.0	1.00.0	0.0	0.0	0.0	0.0	0.0	0.0	0.0	0.0
	5p	+	53	57.0	38.0	33.0	61.0	189.0	0.0	0.0	0.0	1.0	0.0	1.0	1.0	1.0	0.0	0.0	0.0	0.00.0	0.0	0.0	0.0	0.0	0.0	1.0	0.0	0.0
	5p	+	54	50.0	38.0	27.0	68.0	183.0	1.0	1.0	0.0	0.0	0.0	0.0	0.0	0.0	0.0	0.0	0.0	0.00.0	0.0	0.0	0.0	0.0	0.0	0.0	0.0	0.0
	5p	+	55	52.0	38.0	19.0	60.0	169.0	0.0	1.0	0.0	1.0	0.0	0.0	0.0	0.0	0.0	1.0	0.0	0.00.0	0.0	0.0	0.0	0.0	0.0	0.0	0.0	0.0
	5p	+	56	67.0	28.0	24.0	44.0	163.0	1.0	2.0	1.0	1.0	0.0	1.0	0.0	1.0	0.0	0.0	0.0	0.00.0	0.0	0.0	0.0	1.0	0.0	0.0	0.0	0.0
	5p	+	57	42.0	37.0	24.0	53.0	156.0	0.0	1.0	0.0	1.0	0.0	0.0	0.0	0.0	0.0	0.0	0.0	0.00.0	0.0	0.0	0.0	0.0	0.0	0.0	1.0	0.0
	5p	+	58	58.0	18.0	31.0	42.0	149.0	0.0	1.0	0.0	0.0	0.0	0.0	0.0	0.0	0.0	0.0	0.0	1.00.0	0.0	0.0	0.0	0.0	0.0	0.0	0.0	0.0
	5p	+	59	46.0	20.0	34.0	39.0	139.0	0.0	2.0	0.0	0.0	0.0	1.0	0.0	0.0	0.0	0.0	0.0	0.00.0	0.0	0.0	0.0	0.0	0.0	0.0	0.0	0.0
	5p	+	60	49.0	18.0	26.0	40.0	133.0	1.0	1.0	1.0	1.0	0.0	0.0	0.0	0.0	0.0	0.0	0.0	0.00.0	0.0	0.0	0.0	0.0	0.0	0.0	0.0	0.0
	5p	+	61	42.0	23.0	15.0	41.0	121.0	1.0	0.0	0.0	0.0	0.0	0.0	0.0	1.0	1.0	0.0	0.0	0.00.0	0.0	0.0	0.0	0.0	0.0	0.0	0.0	0.0
	5p	+	62	45.0	11.0	20.0	32.0	108.0	0.0	0.0	0.0	0.0	0.0	1.0	0.0	0.0	0.0	0.0	0.0	0.00.0	0.0	0.0	0.0	0.0	0.0	0.0	0.0	0.0
	5p	+	63	24.0	25.0	19.0	38.0	106.0	0.0	3.0	0.0	1.0	0.0	1.0	0.0	0.0	0.0	0.0	0.0	0.00.0	0.0	0.0	0.0	0.0	0.0	0.0	0.0	0.0
	5p	+	64	33.0	15.0	14.0	35.0	97.0	0.0	0.0	0.0	1.0	0.0	0.0	0.0	1.0	0.0	0.0	0.0	1.00.0	0.0	0.0	0.0	0.0	0.0	0.0	0.0	0.0
	5p	+	65	22.0	25.0	14.0	26.0	87.0	1.0	0.0	1.0	0.0	0.0	0.0	0.0	0.0	0.0	1.0	0.0	0.00.0	0.0	0.0	0.0	0.0	0.0	0.0	0.0	0.0
	5p	+	66	28.0	10.0	16.0	26.0	80.0	0.0	1.0	0.0	0.0	0.0	1.0	0.0	0.0	0.0	0.0	0.0	0.00.0	0.0	0.0	0.0	0.0	0.0	0.0	0.0	0.0
	5p	+	67	20.0	7.0	14.0	32.0	73.0	2.0	1.0	0.0	0.0	0.0	0.0	0.0	0.0	0.0	0.0	0.0	0.00.0	0.0	0.0	0.0	0.0	0.0	0.0	0.0	0.0
	5p	+	68	22.0	11.0	16.0	19.0	68.0	1.0	0.0	1.0	0.0	0.0	0.0	0.0	0.0	0.0	0.0	0.0	0.00.0	0.0	0.0	0.0	0.0	0.0	0.0	0.0	0.0
	5p	+	69	22.0	13.0	10.0	21.0	66.0	0.0	0.0	0.0	0.0	0.0	0.0	0.0	0.0	0.0	0.0	0.0	0.00.0	0.0	0.0	0.0	0.0	0.0	0.0	0.0	0.0
	5p	+	70	22.0	14.0	7.0	18.0	61.0	0.0	0.0	0.0	1.0	0.0	1.0	0.0	0.0	0.0	0.0	0.0	0.00.0	0.0	0.0	0.0	0.0	0.0	0.0	0.0	0.0
	5p	+	71	20.0	10.0	8.0	16.0	54.0	0.0	0.0	0.0	0.0	0.0	0.0	0.0	0.0	0.0	0.0	0.0	0.00.0	0.0	0.0	0.0	0.0	0.0	0.0	0.0	0.0
	5p	+	72	13.0	12.0	11.0	14.0	50.0	0.0	1.0	0.0	0.0	0.0	0.0	0.0	0.0	0.0	0.0	0.0	0.00.0	0.0	0.0	0.0	0.0	0.0	0.0	0.0	0.0
	5p	+	73	13.0	14.0	5.0	13.0	45.0	0.0	0.0	0.0	0.0	0.0	0.0	0.0	1.0	0.0	0.0	0.0	0.00.0	0.0	0.0	0.0	0.0	0.0	0.0	0.0	0.0
	5p	+	74	17.0	10.0	2.0	14.0	43.0	0.0	0.0	0.0	0.0	0.0	0.0	0.0	0.0	0.0	0.0	0.0	0.00.0	0.0	0.0	0.0	0.0	0.0	0.0	0.0	0.0
	5p	+	75	15.0	5.0	4.0	16.0	40.0	0.0	1.0	0.0	0.0	0.0	1.0	0.0	0.0	0.0	0.0	0.0	0.00.0	0.0	0.0	0.0	0.0	0.0	0.0	0.0	0.0
	5p	+	76	11.0	9.0	5.0	10.0	35.0	0.0	0.0	0.0	0.0	0.0	0.0	0.0	0.0	0.0	0.0	0.0	0.00.0	0.0	0.0	0.0	0.0	0.0	0.0	0.0	0.0
	5p	+	77	12.0	9.0	3.0	8.0	32.0	0.0	0.0	0.0	0.0	0.0	0.0	0.0	0.0	0.0	0.0	0.0	0.00.0	0.0	0.0	0.0	0.0	0.0	0.0	0.0	0.0
	5p	+	78	14.0	5.0	4.0	6.0	29.0	0.0	0.0	0.0	0.0	0.0	0.0	0.0	0.0	0.0	0.0	0.0	0.00.0	0.0	0.0	0.0	0.0	0.0	0.0	0.0	0.0
	5p	+	79	12.0	4.0	4.0	8.0	28.0	0.0	0.0	0.0	0.0	0.0	0.0	0.0	0.0	0.0	0.0	0.0	0.00.0	0.0	0.0	0.0	0.0	0.0	0.0	0.0	0.0
	5p	+	80	8.0	6.0	1.0	12.0	27.0	1.0	1.0	1.0	0.0	0.0	0.0	0.0	0.0	0.0	0.0	0.0	0.00.0	0.0	0.0	0.0	0.0	0.0	0.0	0.0	0.0
	5p	+	81	6.0	3.0	5.0	8.0	22.0	0.0	0.0	1.0	0.0	0.0	0.0	0.0	1.0	0.0	0.0	0.0	0.00.0	0.0	0.0	0.0	0.0	0.0	0.0	0.0	0.0
	5p	+	82	4.0	4.0	4.0	4.0	16.0	0.0	0.0	0.0	0.0	0.0	0.0	0.0	0.0	0.0	0.0	0.0	0.00.0	0.0	0.0	0.0	0.0	0.0	0.0	0.0	0.0
	5p	+	83	8.0	3.0	0.0	4.0	15.0	0.0	1.0	0.0	0.0	0.0	0.0	0.0	0.0	0.0	0.0	0.0	0.00.0	0.0	0.0	0.0	0.0	0.0	0.0	0.0	0.0
	5p	+	84	5.0	3.0	3.0	2.0	13.0	0.0	1.0	0.0	0.0	0.0	0.0	0.0	0.0	0.0	0.0	0.0	0.00.0	0.0	0.0	0.0	0.0	0.0	0.0	0.0	0.0
	5p	+	85	2.0	1.0	2.0	6.0	11.0	0.0	0.0	0.0	0.0	0.0	0.0	0.0	0.0	0.0	0.0	0.0	0.00.0	0.0	0.0	0.0	0.0	0.0	0.0	0.0	0.0
	5p	+	86	3.0	0.0	1.0	4.0	8.0	0.0	0.0	1.0	1.0	0.0	0.0	0.0	0.0	0.0	0.0	0.0	0.00.0	0.0	0.0	0.0	0.0	0.0	0.0	0.0	0.0
	5p	+	87	1.0	1.0	0.0	3.0	5.0	0.0	0.0	0.0	0.0	0.0	0.0	0.0	0.0	0.0	0.0	0.0	0.00.0	0.0	0.0	0.0	0.0	0.0	0.0	0.0	0.0
	5p	+	88	1.0	0.0	1.0	0.0	2.0	0.0	0.0	0.0	0.0	0.0	0.0	0.0	0.0	0.0	0.0	0.0	0.00.0	0.0	0.0	0.0	0.0	0.0	0.0	0.0	0.0
	5p	+	89	0.0	0.0	2.0	0.0	2.0	0.0	0.0	0.0	0.0	0.0	0.0	0.0	0.0	0.0	0.0	0.0	0.00.0	0.0	0.0	0.0	0.0	0.0	0.0	0.0	0.0
	5p	+	90	1.0	0.0	0.0	0.0	1.0	0.0	0.0	0.0	0.0	0.0	0.0	0.0	0.0	0.0	0.0	0.0	0.00.0	0.0	0.0	0.0	0.0	0.0	0.0	0.0	0.0
	5p	+	91	1.0	0.0	0.0	0.0	1.0	0.0	0.0	0.0	0.0	0.0	0.0	0.0	0.0	0.0	0.0	0.0	0.00.0	0.0	0.0	0.0	0.0	0.0	0.0	0.0	0.0
	5p	+	92	0.0	0.0	0.0	0.0	0.0	0.0	0.0	0.0	0.0	0.0	0.0	0.0	0.0	0.0	0.0	0.0	0.00.0	0.0	0.0	0.0	0.0	0.0	0.0	0.0	0.0
	5p	+	93	0.0	0.0	0.0	0.0	0.0	0.0	0.0	0.0	0.0	0.0	0.0	0.0	0.0	0.0	0.0	0.0	0.00.0	0.0	0.0	0.0	0.0	0.0	0.0	0.0	0.0
	5p	+	94	0.0	0.0	0.0	0.0	0.0	0.0	0.0	0.0	0.0	0.0	0.0	0.0	0.0	0.0	0.0	0.0	0.00.0	0.0	0.0	0.0	0.0	0.0	0.0	0.0	0.0
	5p	+	95	0.0	0.0	0.0	0.0	0.0	0.0	0.0	0.0	0.0	0.0	0.0	0.0	0.0	0.0	0.0	0.0	0.00.0	0.0	0.0	0.0	0.0	0.0	0.0	0.0	0.0
	5p	+	96	0.0	0.0	0.0	0.0	0.0	0.0	0.0	0.0	0.0	0.0	0.0	0.0	0.0	0.0	0.0	0.0	0.00.0	0.0	0.0	0.0	0.0	0.0	0.0	0.0	0.0
	5p	+	97	0.0	0.0	0.0	0.0	0.0	0.0	0.0	0.0	0.0	0.0	0.0	0.0	0.0	0.0	0.0	0.0	0.00.0	0.0	0.0	0.0	0.0	0.0	0.0	0.0	0.0
	5p	+	98	0.0	0.0	0.0	0.0	0.0	0.0	0.0	0.0	0.0	0.0	0.0	0.0	0.0	0.0	0.0	0.0	0.00.0	0.0	0.0	0.0	0.0	0.0	0.0	0.0	0.0
	5p	+	99	0.0	0.0	0.0	0.0	0.0	0.0	0.0	0.0	0.0	0.0	0.0	0.0	0.0	0.0	0.0	0.0	0.00.0	0.0	0.0	0.0	0.0	0.0	0.0	0.0	0.0
	5p	+	100	0.0	0.0	0.0	0.0	0.0	0.0	0.0	0.0	0.0	0.0	0.0	0.0	0.0	0.0	0.0	0.0	0.00.0	0.0	0.0	0.0	0.0	0.0	0.0	0.0	0.0
	5p	-	1	315.0	169.0	125.0	258.0	867.0	7.0	12.0	3.0	3.0	2.0	3.0	2.0	0.0	1.0	5.0	1.0	2.00.0	0.0	0.0	0.0	0.0	0.0	0.0	0.0	0.0
	5p	-	2	301.0	138.0	167.0	262.0	868.0	7.0	5.0	4.0	7.0	1.0	2.0	3.0	2.0	4.0	0.0	1.0	2.00.0	0.0	0.0	0.0	0.0	0.0	0.0	0.0	0.0
	5p	-	3	313.0	181.0	144.0	231.0	869.0	1.0	4.0	6.0	2.0	3.0	3.0	1.0	5.0	2.0	2.0	5.0	3.00.0	0.0	0.0	0.0	0.0	0.0	1.0	0.0	0.0
	5p	-	4	298.0	165.0	148.0	257.0	868.0	1.0	1.0	5.0	5.0	1.0	1.0	2.0	4.0	2.0	2.0	0.0	0.00.0	0.0	0.0	0.0	0.0	0.0	0.0	0.0	0.0
	5p	-	5	265.0	183.0	159.0	254.0	861.0	2.0	4.0	6.0	3.0	3.0	1.0	2.0	1.0	2.0	2.0	3.0	0.00.0	0.0	0.0	0.0	3.0	0.0	3.0	3.0	0.0
	5p	-	6	263.0	172.0	164.0	257.0	856.0	3.0	3.0	4.0	6.0	0.0	1.0	2.0	0.0	1.0	0.0	1.0	1.00.0	0.0	0.0	0.0	1.0	0.0	3.0	8.0	0.0
	5p	-	7	275.0	167.0	155.0	257.0	854.0	1.0	4.0	4.0	4.0	1.0	2.0	0.0	3.0	1.0	3.0	3.0	0.00.0	0.0	0.0	0.0	3.0	0.0	0.0	9.0	0.0
	5p	-	8	316.0	132.0	157.0	250.0	855.0	0.0	6.0	7.0	6.0	2.0	1.0	1.0	0.0	2.0	2.0	2.0	1.00.0	0.0	0.0	0.0	3.0	0.0	3.0	2.0	0.0
	5p	-	9	293.0	161.0	148.0	254.0	856.0	3.0	3.0	2.0	5.0	0.0	1.0	3.0	2.0	1.0	0.0	0.0	1.00.0	0.0	0.0	0.0	4.0	0.0	2.0	5.0	0.0
	5p	-	10	288.0	149.0	155.0	255.0	847.0	7.0	2.0	6.0	4.0	1.0	1.0	0.0	6.0	1.0	3.0	0.0	4.00.0	0.0	0.0	0.0	5.0	0.0	8.0	6.0	0.0
	5p	-	11	271.0	160.0	160.0	265.0	856.0	3.0	0.0	7.0	8.0	1.0	2.0	0.0	2.0	2.0	1.0	1.0	0.00.0	0.0	0.0	0.0	1.0	0.0	7.0	2.0	0.0
	5p	-	12	273.0	163.0	150.0	269.0	855.0	4.0	4.0	3.0	8.0	2.0	0.0	1.0	2.0	2.0	1.0	1.0	4.00.0	0.0	0.0	0.0	3.0	0.0	4.0	2.0	0.0
	5p	-	13	257.0	179.0	149.0	265.0	850.0	3.0	3.0	5.0	2.0	2.0	0.0	1.0	5.0	5.0	1.0	1.0	2.00.0	0.0	0.0	0.0	2.0	0.0	7.0	8.0	0.0
	5p	-	14	298.0	170.0	156.0	230.0	854.0	4.0	6.0	2.0	3.0	1.0	2.0	1.0	3.0	1.0	2.0	0.0	4.00.0	0.0	0.0	0.0	2.0	0.0	4.0	3.0	0.0
	5p	-	15	299.0	149.0	150.0	256.0	854.0	2.0	4.0	1.0	4.0	3.0	2.0	3.0	1.0	1.0	6.0	0.0	2.00.0	0.0	0.0	0.0	4.0	0.0	3.0	4.0	0.0
	5p	-	16	281.0	173.0	162.0	237.0	853.0	2.0	2.0	2.0	5.0	4.0	2.0	3.0	0.0	0.0	0.0	1.0	2.00.0	0.0	0.0	0.0	3.0	0.0	3.0	2.0	0.0
	5p	-	17	288.0	168.0	143.0	261.0	860.0	1.0	2.0	1.0	5.0	2.0	1.0	0.0	4.0	1.0	1.0	0.0	2.00.0	0.0	0.0	0.0	0.0	0.0	2.0	6.0	0.0
	5p	-	18	306.0	153.0	148.0	251.0	858.0	3.0	2.0	4.0	3.0	0.0	1.0	0.0	1.0	0.0	2.0	2.0	0.00.0	0.0	0.0	0.0	3.0	0.0	3.0	2.0	0.0
	5p	-	19	276.0	176.0	151.0	259.0	862.0	4.0	2.0	5.0	5.0	2.0	0.0	1.0	2.0	1.0	2.0	1.0	0.00.0	0.0	0.0	0.0	2.0	0.0	4.0	3.0	0.0
	5p	-	20	273.0	174.0	170.0	240.0	857.0	4.0	3.0	7.0	6.0	4.0	3.0	0.0	1.0	1.0	2.0	1.0	0.00.0	0.0	0.0	0.0	4.0	0.0	3.0	5.0	0.0
	5p	-	21	307.0	128.0	153.0	265.0	853.0	2.0	3.0	4.0	4.0	2.0	2.0	0.0	4.0	2.0	3.0	0.0	2.00.0	0.0	0.0	0.0	3.0	0.0	7.0	1.0	0.0
	5p	-	22	293.0	165.0	145.0	250.0	853.0	8.0	4.0	4.0	3.0	5.0	2.0	1.0	1.0	3.0	3.0	1.0	2.00.0	0.0	0.0	0.0	4.0	0.0	6.0	2.0	0.0
	5p	-	23	287.0	171.0	142.0	253.0	853.0	3.0	2.0	4.0	2.0	0.0	2.0	2.0	1.0	0.0	4.0	1.0	4.00.0	0.0	0.0	0.0	3.0	0.0	5.0	4.0	0.0
	5p	-	24	296.0	176.0	145.0	242.0	859.0	2.0	6.0	2.0	2.0	0.0	1.0	1.0	2.0	1.0	1.0	2.0	3.00.0	0.0	0.0	0.0	1.0	0.0	1.0	3.0	0.0
	5p	-	25	296.0	160.0	155.0	250.0	861.0	4.0	5.0	6.0	3.0	2.0	2.0	1.0	0.0	5.0	0.0	3.0	3.00.0	0.0	0.0	0.0	3.0	0.0	2.0	3.0	0.0
	5p	-	26	282.0	160.0	155.0	266.0	863.0	3.0	3.0	3.0	4.0	1.0	1.0	3.0	3.0	1.0	2.0	2.0	2.00.0	0.0	0.0	0.0	2.0	0.0	4.0	0.0	0.0
	5p	-	27	288.0	164.0	166.0	243.0	861.0	2.0	0.0	3.0	3.0	2.0	2.0	2.0	2.0	3.0	5.0	1.0	4.00.0	0.0	0.0	0.0	4.0	0.0	0.0	2.0	0.0
	5p	-	28	315.0	141.0	149.0	263.0	868.0	4.0	2.0	4.0	4.0	4.0	7.0	2.0	2.0	1.0	0.0	0.0	2.00.0	0.0	0.0	0.0	1.0	0.0	3.0	0.0	0.0
	5p	-	29	297.0	174.0	157.0	237.0	865.0	4.0	2.0	5.0	2.0	4.0	2.0	0.0	4.0	0.0	2.0	0.0	2.00.0	0.0	0.0	0.0	2.0	0.0	0.0	0.0	0.0
	5p	-	30	321.0	155.0	139.0	253.0	868.0	5.0	4.0	1.0	7.0	1.0	2.0	0.0	2.0	2.0	2.0	0.0	2.00.0	0.0	0.0	0.0	0.0	0.0	0.0	0.0	0.0
	5p	-	31	240.0	124.0	102.0	216.0	682.0	4.0	3.0	0.0	2.0	1.0	1.0	1.0	0.0	1.0	5.0	1.0	1.00.0	0.0	0.0	0.0	0.0	0.0	0.0	0.0	0.0
	5p	-	32	205.0	111.0	116.0	171.0	603.0	4.0	4.0	3.0	3.0	2.0	1.0	0.0	3.0	0.0	2.0	1.0	0.00.0	0.0	0.0	0.0	0.0	0.0	1.0	1.0	0.0
	5p	-	33	199.0	87.0	99.0	186.0	571.0	2.0	5.0	3.0	1.0	0.0	1.0	2.0	1.0	0.0	1.0	0.0	0.00.0	0.0	0.0	0.0	0.0	0.0	0.0	0.0	0.0
	5p	-	34	180.0	92.0	92.0	173.0	537.0	2.0	3.0	2.0	2.0	0.0	0.0	0.0	1.0	1.0	1.0	0.0	0.00.0	0.0	0.0	0.0	0.0	0.0	0.0	0.0	0.0
	5p	-	35	159.0	109.0	84.0	160.0	512.0	2.0	2.0	1.0	2.0	5.0	1.0	2.0	2.0	0.0	2.0	0.0	0.00.0	0.0	0.0	0.0	0.0	0.0	0.0	0.0	0.0
	5p	-	36	182.0	99.0	90.0	120.0	491.0	3.0	5.0	3.0	1.0	0.0	1.0	0.0	1.0	0.0	1.0	0.0	2.00.0	0.0	0.0	0.0	0.0	0.0	0.0	0.0	0.0
	5p	-	37	180.0	73.0	80.0	135.0	468.0	4.0	2.0	2.0	0.0	0.0	0.0	0.0	1.0	2.0	0.0	0.0	0.00.0	0.0	0.0	0.0	0.0	0.0	0.0	0.0	0.0
	5p	-	38	147.0	87.0	88.0	124.0	446.0	0.0	3.0	0.0	3.0	0.0	0.0	1.0	3.0	0.0	1.0	0.0	1.00.0	0.0	0.0	0.0	0.0	0.0	0.0	0.0	0.0
	5p	-	39	138.0	80.0	75.0	135.0	428.0	2.0	2.0	2.0	1.0	1.0	0.0	1.0	1.0	0.0	0.0	0.0	0.00.0	0.0	0.0	0.0	0.0	0.0	0.0	0.0	0.0
	5p	-	40	142.0	72.0	77.0	119.0	410.0	3.0	5.0	1.0	2.0	1.0	1.0	0.0	1.0	1.0	0.0	0.0	0.00.0	0.0	0.0	0.0	0.0	0.0	0.0	0.0	0.0
	5p	-	41	135.0	80.0	58.0	121.0	394.0	1.0	3.0	0.0	2.0	1.0	1.0	0.0	2.0	1.0	0.0	1.0	0.00.0	0.0	0.0	0.0	0.0	0.0	0.0	0.0	0.0
	5p	-	42	130.0	63.0	55.0	124.0	372.0	1.0	1.0	1.0	0.0	2.0	1.0	1.0	0.0	1.0	0.0	0.0	0.00.0	0.0	0.0	0.0	0.0	0.0	0.0	0.0	0.0
	5p	-	43	110.0	62.0	63.0	114.0	349.0	1.0	0.0	1.0	2.0	0.0	1.0	0.0	0.0	0.0	1.0	0.0	1.00.0	0.0	0.0	0.0	1.0	0.0	0.0	0.0	0.0
	5p	-	44	108.0	63.0	63.0	97.0	331.0	3.0	6.0	3.0	3.0	0.0	0.0	0.0	0.0	1.0	2.0	0.0	1.00.0	0.0	0.0	0.0	0.0	0.0	0.0	0.0	0.0
	5p	-	45	114.0	55.0	57.0	88.0	314.0	3.0	4.0	3.0	2.0	0.0	0.0	1.0	1.0	1.0	0.0	0.0	1.00.0	0.0	0.0	0.0	1.0	0.0	0.0	0.0	0.0
	5p	-	46	97.0	55.0	53.0	92.0	297.0	0.0	1.0	0.0	2.0	0.0	0.0	2.0	1.0	0.0	1.0	0.0	0.00.0	0.0	0.0	0.0	1.0	0.0	0.0	1.0	0.0
	5p	-	47	106.0	37.0	47.0	92.0	282.0	1.0	3.0	0.0	1.0	2.0	1.0	0.0	0.0	0.0	0.0	0.0	1.00.0	0.0	0.0	0.0	1.0	0.0	0.0	0.0	0.0
	5p	-	48	90.0	51.0	48.0	75.0	264.0	0.0	2.0	0.0	0.0	1.0	0.0	0.0	0.0	0.0	0.0	0.0	1.00.0	0.0	0.0	0.0	0.0	0.0	0.0	0.0	0.0
	5p	-	49	75.0	50.0	40.0	79.0	244.0	1.0	0.0	0.0	2.0	1.0	0.0	0.0	0.0	0.0	0.0	0.0	0.00.0	0.0	0.0	0.0	1.0	0.0	0.0	0.0	0.0
	5p	-	50	94.0	43.0	37.0	61.0	235.0	1.0	2.0	3.0	0.0	0.0	1.0	0.0	0.0	1.0	0.0	0.0	0.00.0	0.0	0.0	0.0	0.0	0.0	0.0	0.0	0.0
	5p	-	51	74.0	58.0	39.0	54.0	225.0	0.0	1.0	1.0	3.0	2.0	0.0	0.0	0.0	1.0	0.0	0.0	0.00.0	0.0	0.0	0.0	0.0	0.0	0.0	0.0	0.0
	5p	-	52	80.0	42.0	24.0	66.0	212.0	1.0	1.0	0.0	0.0	0.0	0.0	0.0	0.0	2.0	1.0	0.0	1.00.0	0.0	0.0	0.0	0.0	0.0	0.0	1.0	0.0
	5p	-	53	59.0	34.0	44.0	57.0	194.0	1.0	0.0	1.0	0.0	1.0	0.0	0.0	1.0	0.0	0.0	0.0	0.00.0	0.0	0.0	0.0	0.0	0.0	0.0	0.0	0.0
	5p	-	54	67.0	23.0	34.0	59.0	183.0	0.0	1.0	1.0	1.0	0.0	0.0	0.0	0.0	1.0	0.0	0.0	2.00.0	0.0	0.0	0.0	0.0	0.0	0.0	0.0	0.0
	5p	-	55	54.0	33.0	38.0	51.0	176.0	1.0	1.0	1.0	0.0	0.0	1.0	0.0	0.0	0.0	0.0	1.0	0.00.0	0.0	0.0	0.0	0.0	0.0	0.0	0.0	0.0
	5p	-	56	58.0	31.0	25.0	50.0	164.0	1.0	1.0	1.0	1.0	0.0	1.0	0.0	0.0	0.0	0.0	0.0	0.00.0	0.0	0.0	0.0	0.0	0.0	0.0	0.0	0.0
	5p	-	57	55.0	25.0	32.0	45.0	157.0	1.0	1.0	0.0	2.0	0.0	0.0	0.0	0.0	0.0	0.0	0.0	0.00.0	0.0	0.0	0.0	0.0	0.0	0.0	0.0	0.0
	5p	-	58	49.0	28.0	29.0	42.0	148.0	1.0	3.0	1.0	0.0	0.0	0.0	0.0	0.0	0.0	0.0	0.0	1.00.0	0.0	0.0	0.0	0.0	0.0	0.0	0.0	0.0
	5p	-	59	52.0	26.0	17.0	37.0	132.0	1.0	1.0	0.0	0.0	0.0	0.0	0.0	0.0	1.0	0.0	0.0	0.00.0	0.0	0.0	0.0	0.0	0.0	1.0	0.0	0.0
	5p	-	60	40.0	22.0	29.0	39.0	130.0	0.0	2.0	0.0	1.0	0.0	0.0	0.0	0.0	0.0	0.0	1.0	0.00.0	0.0	0.0	0.0	1.0	0.0	0.0	0.0	0.0
	5p	-	61	45.0	23.0	21.0	33.0	122.0	0.0	2.0	1.0	0.0	0.0	0.0	0.0	0.0	0.0	0.0	0.0	0.00.0	0.0	0.0	0.0	0.0	0.0	0.0	0.0	0.0
	5p	-	62	40.0	22.0	21.0	31.0	114.0	0.0	0.0	0.0	0.0	0.0	2.0	0.0	0.0	1.0	0.0	0.0	0.00.0	0.0	0.0	0.0	0.0	0.0	0.0	0.0	0.0
	5p	-	63	45.0	16.0	16.0	28.0	105.0	1.0	1.0	0.0	1.0	1.0	0.0	0.0	0.0	0.0	0.0	0.0	0.00.0	0.0	0.0	0.0	0.0	0.0	0.0	0.0	0.0
	5p	-	64	41.0	9.0	23.0	25.0	98.0	0.0	0.0	0.0	1.0	0.0	0.0	0.0	0.0	0.0	0.0	0.0	0.00.0	0.0	0.0	0.0	1.0	0.0	0.0	0.0	0.0
	5p	-	65	37.0	14.0	18.0	24.0	93.0	1.0	0.0	1.0	0.0	0.0	0.0	0.0	0.0	0.0	0.0	0.0	1.00.0	0.0	0.0	0.0	0.0	0.0	0.0	0.0	0.0
	5p	-	66	27.0	19.0	18.0	25.0	89.0	2.0	0.0	0.0	0.0	0.0	0.0	0.0	0.0	0.0	0.0	1.0	0.00.0	0.0	0.0	0.0	0.0	0.0	1.0	0.0	0.0
	5p	-	67	32.0	14.0	10.0	25.0	81.0	1.0	2.0	0.0	0.0	0.0	0.0	0.0	1.0	0.0	0.0	1.0	0.00.0	0.0	0.0	0.0	0.0	0.0	0.0	0.0	0.0
	5p	-	68	30.0	12.0	12.0	22.0	76.0	0.0	2.0	0.0	0.0	0.0	0.0	0.0	0.0	0.0	1.0	0.0	0.00.0	0.0	0.0	0.0	0.0	0.0	0.0	0.0	0.0
	5p	-	69	27.0	14.0	15.0	16.0	72.0	0.0	1.0	0.0	0.0	0.0	0.0	0.0	0.0	0.0	0.0	0.0	0.00.0	0.0	0.0	0.0	0.0	0.0	0.0	0.0	0.0
	5p	-	70	29.0	11.0	8.0	18.0	66.0	0.0	0.0	1.0	0.0	0.0	0.0	0.0	1.0	1.0	0.0	0.0	0.00.0	0.0	0.0	0.0	0.0	0.0	0.0	0.0	0.0
	5p	-	71	27.0	10.0	13.0	12.0	62.0	0.0	0.0	1.0	0.0	0.0	0.0	0.0	0.0	0.0	0.0	0.0	0.00.0	0.0	0.0	0.0	0.0	0.0	0.0	0.0	0.0
	5p	-	72	26.0	8.0	2.0	21.0	57.0	0.0	0.0	0.0	1.0	0.0	0.0	0.0	0.0	0.0	1.0	0.0	0.00.0	0.0	0.0	0.0	0.0	0.0	0.0	0.0	0.0
	5p	-	73	21.0	3.0	12.0	17.0	53.0	0.0	0.0	0.0	0.0	0.0	0.0	0.0	0.0	0.0	0.0	0.0	0.00.0	0.0	0.0	0.0	0.0	0.0	0.0	0.0	0.0
	5p	-	74	17.0	4.0	8.0	20.0	49.0	0.0	0.0	0.0	0.0	0.0	0.0	0.0	0.0	0.0	0.0	0.0	0.00.0	0.0	0.0	0.0	0.0	0.0	0.0	1.0	0.0
	5p	-	75	16.0	6.0	10.0	13.0	45.0	2.0	0.0	0.0	0.0	0.0	0.0	0.0	0.0	0.0	1.0	0.0	0.00.0	0.0	0.0	0.0	0.0	0.0	0.0	0.0	0.0
	5p	-	76	16.0	9.0	5.0	9.0	39.0	0.0	1.0	0.0	0.0	0.0	1.0	0.0	0.0	0.0	0.0	0.0	0.00.0	0.0	0.0	0.0	0.0	0.0	0.0	0.0	0.0
	5p	-	77	8.0	7.0	10.0	11.0	36.0	1.0	0.0	0.0	0.0	0.0	0.0	0.0	0.0	0.0	0.0	0.0	0.00.0	0.0	0.0	0.0	0.0	0.0	0.0	0.0	0.0
	5p	-	78	8.0	6.0	10.0	10.0	34.0	0.0	1.0	1.0	0.0	0.0	0.0	0.0	0.0	0.0	1.0	0.0	0.00.0	0.0	0.0	0.0	0.0	0.0	0.0	0.0	0.0
	5p	-	79	5.0	7.0	5.0	15.0	32.0	0.0	2.0	0.0	0.0	0.0	0.0	0.0	1.0	0.0	0.0	0.0	0.00.0	0.0	0.0	0.0	0.0	0.0	0.0	0.0	0.0
	5p	-	80	14.0	3.0	4.0	8.0	29.0	0.0	0.0	0.0	0.0	0.0	0.0	0.0	0.0	0.0	0.0	0.0	0.00.0	0.0	0.0	0.0	0.0	0.0	0.0	0.0	0.0
	5p	-	81	6.0	5.0	8.0	6.0	25.0	0.0	1.0	0.0	0.0	0.0	0.0	0.0	0.0	0.0	0.0	0.0	0.00.0	0.0	0.0	0.0	0.0	0.0	0.0	0.0	0.0
	5p	-	82	6.0	6.0	4.0	1.0	17.0	0.0	0.0	0.0	0.0	0.0	0.0	0.0	0.0	0.0	0.0	0.0	0.00.0	0.0	0.0	0.0	0.0	0.0	0.0	0.0	0.0
	5p	-	83	5.0	2.0	1.0	5.0	13.0	0.0	0.0	0.0	0.0	0.0	0.0	0.0	0.0	0.0	0.0	0.0	0.00.0	0.0	0.0	0.0	0.0	0.0	0.0	0.0	0.0
	5p	-	84	2.0	1.0	3.0	5.0	11.0	0.0	0.0	0.0	0.0	0.0	0.0	0.0	0.0	0.0	0.0	0.0	0.00.0	0.0	0.0	0.0	0.0	0.0	0.0	0.0	0.0
	5p	-	85	1.0	0.0	2.0	6.0	9.0	0.0	0.0	0.0	0.0	0.0	1.0	0.0	0.0	0.0	0.0	0.0	0.00.0	0.0	0.0	0.0	0.0	0.0	0.0	0.0	0.0
	5p	-	86	1.0	2.0	1.0	3.0	7.0	0.0	0.0	0.0	0.0	0.0	0.0	0.0	0.0	0.0	0.0	0.0	0.00.0	0.0	0.0	0.0	0.0	0.0	0.0	0.0	0.0
	5p	-	87	3.0	0.0	0.0	2.0	5.0	0.0	0.0	0.0	0.0	1.0	0.0	0.0	0.0	0.0	0.0	0.0	0.00.0	0.0	0.0	0.0	0.0	0.0	0.0	0.0	0.0
	5p	-	88	2.0	0.0	0.0	1.0	3.0	0.0	0.0	0.0	0.0	0.0	0.0	0.0	0.0	0.0	0.0	0.0	0.00.0	0.0	0.0	0.0	0.0	0.0	0.0	0.0	0.0
	5p	-	89	1.0	1.0	0.0	0.0	2.0	0.0	0.0	0.0	0.0	0.0	0.0	0.0	0.0	0.0	0.0	0.0	0.00.0	0.0	0.0	0.0	0.0	0.0	0.0	0.0	0.0
	5p	-	90	1.0	0.0	0.0	0.0	1.0	0.0	0.0	0.0	0.0	0.0	0.0	0.0	0.0	0.0	0.0	0.0	0.00.0	0.0	0.0	0.0	0.0	0.0	0.0	0.0	0.0
	5p	-	91	0.0	0.0	0.0	0.0	0.0	0.0	0.0	0.0	0.0	0.0	0.0	0.0	0.0	0.0	0.0	0.0	0.00.0	0.0	0.0	0.0	0.0	0.0	0.0	0.0	0.0
	5p	-	92	0.0	0.0	0.0	0.0	0.0	0.0	0.0	0.0	0.0	0.0	0.0	0.0	0.0	0.0	0.0	0.0	0.00.0	0.0	0.0	0.0	0.0	0.0	0.0	0.0	0.0
	5p	-	93	0.0	0.0	0.0	0.0	0.0	0.0	0.0	0.0	0.0	0.0	0.0	0.0	0.0	0.0	0.0	0.0	0.00.0	0.0	0.0	0.0	0.0	0.0	0.0	0.0	0.0
	5p	-	94	0.0	0.0	0.0	0.0	0.0	0.0	0.0	0.0	0.0	0.0	0.0	0.0	0.0	0.0	0.0	0.0	0.00.0	0.0	0.0	0.0	0.0	0.0	0.0	0.0	0.0
	5p	-	95	0.0	0.0	0.0	0.0	0.0	0.0	0.0	0.0	0.0	0.0	0.0	0.0	0.0	0.0	0.0	0.0	0.00.0	0.0	0.0	0.0	0.0	0.0	0.0	0.0	0.0
	5p	-	96	0.0	0.0	0.0	0.0	0.0	0.0	0.0	0.0	0.0	0.0	0.0	0.0	0.0	0.0	0.0	0.0	0.00.0	0.0	0.0	0.0	0.0	0.0	0.0	0.0	0.0
	5p	-	97	0.0	0.0	0.0	0.0	0.0	0.0	0.0	0.0	0.0	0.0	0.0	0.0	0.0	0.0	0.0	0.0	0.00.0	0.0	0.0	0.0	0.0	0.0	0.0	0.0	0.0
	5p	-	98	0.0	0.0	0.0	0.0	0.0	0.0	0.0	0.0	0.0	0.0	0.0	0.0	0.0	0.0	0.0	0.0	0.00.0	0.0	0.0	0.0	0.0	0.0	0.0	0.0	0.0
	5p	-	99	0.0	0.0	0.0	0.0	0.0	0.0	0.0	0.0	0.0	0.0	0.0	0.0	0.0	0.0	0.0	0.0	0.00.0	0.0	0.0	0.0	0.0	0.0	0.0	0.0	0.0
	5p	-	100	0.0	0.0	0.0	0.0	0.0	0.0	0.0	0.0	0.0	0.0	0.0	0.0	0.0	0.0	0.0	0.0	0.00.0	0.0	0.0	0.0	0.0	0.0	0.0	0.0	0.0
