# table produced by DamageProfiler
# using mapped file PaA004.BuffaloCape_Human_nc.Target.rmdup.noMicro.bam
# Sample ID: PaA004.BuffaloCape_Human_nc.Target.rmdup.noMicro.bam
Pos	C>T	G>A	A>C	A>G	A>T	C>A	C>G	G>C	G>T	T>A	T>C	T>G	->ACGT	ACGT>-
0	0.018138	0.026596	0.019745	0.020568	0.016454	0.024184	0.022370	0.027261	0.016622	0.040560	0.031711	0.025074	0.000000	0.000000
1	0.021263	0.032104	0.019287	0.017610	0.015933	0.026892	0.016260	0.023907	0.021175	0.026070	0.030749	0.020722	0.000144	0.000000
2	0.011816	0.032281	0.018719	0.015391	0.011231	0.018657	0.014925	0.025263	0.017544	0.021390	0.033422	0.020053	0.001731	0.000000
3	0.015576	0.034509	0.017879	0.013003	0.012190	0.019315	0.013707	0.023256	0.010503	0.019621	0.031393	0.016351	0.002165	0.000000
4	0.023936	0.024463	0.017766	0.020305	0.015228	0.013963	0.007979	0.025204	0.021497	0.018530	0.026198	0.012780	0.011943	0.000000
5	0.023940	0.029903	0.015420	0.024490	0.016327	0.018468	0.015732	0.018081	0.015994	0.016867	0.022892	0.015060	0.015669	0.000000
6	0.024035	0.024887	0.012920	0.019811	0.016365	0.019608	0.018975	0.014329	0.019608	0.021222	0.031511	0.014791	0.012677	0.000000
7	0.019476	0.025210	0.010842	0.020851	0.014178	0.021491	0.018805	0.021390	0.013751	0.019821	0.034527	0.014066	0.013757	0.000000
8	0.020246	0.027576	0.014309	0.024530	0.013491	0.016631	0.016631	0.023222	0.019594	0.023003	0.028115	0.017891	0.012552	0.000000
9	0.027877	0.027941	0.013659	0.016142	0.010348	0.014296	0.020014	0.013971	0.013971	0.027638	0.024497	0.020101	0.011674	0.000000
10	0.022161	0.022972	0.014969	0.022869	0.012058	0.020776	0.013850	0.015793	0.014358	0.016340	0.020261	0.014379	0.013438	0.000000
11	0.015570	0.026258	0.010700	0.020165	0.011111	0.013447	0.024770	0.016776	0.011670	0.025194	0.015504	0.012274	0.011979	0.000000
12	0.027197	0.033626	0.014848	0.017657	0.010433	0.020921	0.018828	0.015351	0.012427	0.018157	0.018830	0.020175	0.010913	0.000000
13	0.018207	0.023100	0.013240	0.017377	0.015722	0.019608	0.014706	0.014903	0.011177	0.025141	0.021370	0.018856	0.012393	0.000000
14	0.026372	0.020528	0.013525	0.020082	0.012295	0.016393	0.017819	0.019062	0.014663	0.021698	0.014678	0.015316	0.012253	0.000000
15	0.014831	0.026583	0.013108	0.015222	0.013108	0.015537	0.021186	0.022674	0.014855	0.011391	0.023381	0.011990	0.015755	0.000000
16	0.017325	0.019941	0.015914	0.019785	0.010753	0.018711	0.018711	0.015510	0.016248	0.021818	0.020606	0.024242	0.011961	0.000000
17	0.019971	0.020543	0.016176	0.017835	0.013687	0.021398	0.008559	0.014674	0.011739	0.019448	0.019448	0.021330	0.011669	0.000000
18	0.026297	0.023538	0.016800	0.014700	0.017220	0.013504	0.014215	0.011412	0.013552	0.021411	0.022670	0.022670	0.010770	0.000000
19	0.026573	0.024908	0.012417	0.016142	0.014073	0.017483	0.019580	0.022711	0.011722	0.019633	0.023433	0.013300	0.011046	0.000000
20	0.021513	0.027085	0.017136	0.021624	0.012648	0.015961	0.017349	0.016393	0.012830	0.025555	0.023537	0.016140	0.010764	0.000000
21	0.022595	0.031295	0.010322	0.014688	0.009528	0.015306	0.020408	0.018195	0.010189	0.024064	0.024064	0.012032	0.014643	0.000000
22	0.015730	0.025344	0.007012	0.015582	0.008570	0.018727	0.016479	0.015206	0.010138	0.029550	0.022163	0.018805	0.011666	0.000000
23	0.021800	0.043873	0.010058	0.018182	0.010832	0.024613	0.020394	0.024962	0.013616	0.020436	0.014986	0.012262	0.011034	0.000000
24	0.025289	0.039127	0.008133	0.014717	0.012781	0.019509	0.016618	0.015049	0.015801	0.024951	0.019698	0.013132	0.007334	0.000000
