# table produced by DamageProfiler
# using mapped file PaA004.BuffaloCape_Human_nc.Target.rmdup.noMicro.bam
# Sample ID: PaA004.BuffaloCape_Human_nc.Target.rmdup.noMicro.bam
Chr	End	Std	Pos	A	C	G	T	Total
	3p	+	1	1325	856	715	624	3520
	3p	+	2	1123	991	727	679	3520
	3p	+	3	1210	773	851	686	3520
	3p	+	4	1304	715	746	755	3520
	3p	+	5	1374	636	694	816	3520
	3p	+	6	1413	676	700	731	3520
	3p	+	7	1366	712	697	745	3520
	3p	+	8	1366	706	705	743	3520
	3p	+	9	1277	751	734	758	3520
	3p	+	10	1279	774	698	769	3520
	3p	+	11	1220	793	685	822	3520
	3p	+	12	1238	739	745	798	3520
	3p	+	13	1170	774	707	869	3520
	3p	+	14	1183	787	720	830	3520
	3p	+	15	1207	788	691	834	3520
	3p	+	16	1190	764	721	845	3520
	3p	+	17	1244	727	697	852	3520
	3p	+	18	1264	763	749	744	3520
	3p	+	19	1259	704	775	782	3520
	3p	+	20	1235	755	750	780	3520
	3p	+	21	1235	748	741	796	3520
	3p	+	22	1279	698	721	822	3520
	3p	+	23	1193	800	714	813	3520
	3p	+	24	1158	799	734	829	3520
	3p	+	25	1180	795	732	813	3520
	3p	+	26	1182	790	717	831	3520
	3p	+	27	1200	826	711	783	3520
	3p	+	28	1188	832	725	775	3520
	3p	+	29	1218	819	689	794	3520
	3p	+	30	1203	822	781	714	3520
	3p	+	31	727	499	417	525	2168
	3p	+	32	550	365	313	375	1603
	3p	+	33	447	278	247	392	1364
	3p	+	34	421	277	245	315	1258
	3p	+	35	372	243	246	335	1196
	3p	+	36	344	269	241	293	1147
	3p	+	37	330	287	213	295	1125
	3p	+	38	326	243	227	311	1107
	3p	+	39	315	246	219	309	1089
	3p	+	40	326	256	198	291	1071
	3p	+	41	319	242	196	291	1048
	3p	+	42	303	225	218	284	1030
	3p	+	43	300	228	209	272	1009
	3p	+	44	305	220	192	273	990
	3p	+	45	303	209	184	279	975
	3p	+	46	307	210	188	254	959
	3p	+	47	295	216	208	225	944
	3p	+	48	284	198	188	253	923
	3p	+	49	283	197	178	240	898
	3p	+	50	229	181	180	285	875
	3p	+	51	282	151	170	263	866
	3p	+	52	248	209	145	247	849
	3p	+	53	238	184	145	266	833
	3p	+	54	233	182	151	244	810
	3p	+	55	242	172	170	204	788
	3p	+	56	228	164	156	224	772
	3p	+	57	230	152	151	221	754
	3p	+	58	226	161	128	222	737
	3p	+	59	204	135	164	222	725
	3p	+	60	237	157	130	181	705
	3p	+	61	216	156	135	185	692
	3p	+	62	223	144	131	180	678
	3p	+	63	195	146	143	177	661
	3p	+	64	178	137	134	194	643
	3p	+	65	178	125	131	191	625
	3p	+	66	170	129	122	190	611
	3p	+	67	187	114	112	186	599
	3p	+	68	169	119	131	162	581
	3p	+	69	194	109	107	165	575
	3p	+	70	164	133	121	140	558
	3p	+	71	169	100	109	169	547
	3p	+	72	152	129	115	148	544
	3p	+	73	193	107	88	147	535
	3p	+	74	155	140	103	119	517
	3p	+	75	142	99	111	151	503
	3p	+	76	168	92	99	133	492
	3p	+	77	137	115	93	127	472
	3p	+	78	150	89	95	126	460
	3p	+	79	133	89	95	128	445
	3p	+	80	136	90	87	119	432
	3p	+	81	123	87	86	123	419
	3p	+	82	130	82	84	113	409
	3p	+	83	125	92	67	117	401
	3p	+	84	115	82	81	117	395
	3p	+	85	104	81	89	112	386
	3p	+	86	141	73	77	81	372
	3p	+	87	106	82	70	105	363
	3p	+	88	99	71	67	114	351
	3p	+	89	102	84	62	100	348
	3p	+	90	97	69	69	110	345
	3p	+	91	90	76	72	95	333
	3p	+	92	100	78	68	77	323
	3p	+	93	81	63	75	91	310
	3p	+	94	100	64	61	78	303
	3p	+	95	72	73	63	89	297
	3p	+	96	88	64	58	82	292
	3p	+	97	76	60	60	83	279
	3p	+	98	80	59	70	61	270
	3p	+	99	81	42	65	75	263
	3p	+	100	79	53	63	64	259
	3p	-	1	1365	740	685	635	3425
	3p	-	2	1094	959	688	684	3425
	3p	-	3	1264	730	762	669	3425
	3p	-	4	1323	648	677	777	3425
	3p	-	5	1322	642	657	804	3425
	3p	-	6	1319	664	712	730	3425
	3p	-	7	1326	652	679	768	3425
	3p	-	8	1353	681	649	742	3425
	3p	-	9	1291	682	702	750	3425
	3p	-	10	1262	694	668	801	3425
	3p	-	11	1205	693	754	773	3425
	3p	-	12	1241	714	698	772	3425
	3p	-	13	1219	663	746	797	3425
	3p	-	14	1177	725	718	805	3425
	3p	-	15	1192	706	706	821	3425
	3p	-	16	1240	709	661	815	3425
	3p	-	17	1216	743	701	765	3425
	3p	-	18	1210	730	667	818	3425
	3p	-	19	1258	684	691	792	3425
	3p	-	20	1226	701	732	766	3425
	3p	-	21	1240	720	677	788	3425
	3p	-	22	1190	730	715	790	3425
	3p	-	23	1212	767	658	788	3425
	3p	-	24	1224	716	686	799	3425
	3p	-	25	1145	710	717	853	3425
	3p	-	26	1153	759	659	854	3425
	3p	-	27	1184	747	702	792	3425
	3p	-	28	1191	790	701	743	3425
	3p	-	29	1161	728	777	759	3425
	3p	-	30	1184	731	758	752	3425
	3p	-	31	692	487	455	475	2109
	3p	-	32	512	315	313	409	1549
	3p	-	33	407	293	247	350	1297
	3p	-	34	356	258	234	331	1179
	3p	-	35	366	247	222	293	1128
	3p	-	36	339	260	222	270	1091
	3p	-	37	337	220	207	301	1065
	3p	-	38	333	216	200	288	1037
	3p	-	39	310	222	181	299	1012
	3p	-	40	291	192	212	302	997
	3p	-	41	284	211	222	268	985
	3p	-	42	288	212	183	289	972
	3p	-	43	280	207	203	258	948
	3p	-	44	284	166	198	282	930
	3p	-	45	270	177	187	271	905
	3p	-	46	256	196	170	257	879
	3p	-	47	260	187	166	249	862
	3p	-	48	275	167	161	249	852
	3p	-	49	275	173	178	205	831
	3p	-	50	262	159	164	227	812
	3p	-	51	246	172	163	215	796
	3p	-	52	248	172	153	210	783
	3p	-	53	253	175	145	193	766
	3p	-	54	234	171	150	196	751
	3p	-	55	217	175	148	196	736
	3p	-	56	227	150	150	186	713
	3p	-	57	210	150	139	198	697
	3p	-	58	206	137	143	186	672
	3p	-	59	186	123	122	221	652
	3p	-	60	190	132	143	175	640
	3p	-	61	188	147	126	160	621
	3p	-	62	212	126	113	152	603
	3p	-	63	178	139	102	167	586
	3p	-	64	160	135	120	160	575
	3p	-	65	168	116	102	170	556
	3p	-	66	162	133	110	143	548
	3p	-	67	143	110	129	152	534
	3p	-	68	156	96	106	166	524
	3p	-	69	139	132	97	149	517
	3p	-	70	148	110	102	140	500
	3p	-	71	144	109	112	126	491
	3p	-	72	138	99	117	132	486
	3p	-	73	134	101	101	132	468
	3p	-	74	141	94	96	127	458
	3p	-	75	138	116	81	110	445
	3p	-	76	130	96	96	111	433
	3p	-	77	129	86	82	125	422
	3p	-	78	112	94	88	111	405
	3p	-	79	123	85	68	119	395
	3p	-	80	115	96	61	112	384
	3p	-	81	99	86	77	111	373
	3p	-	82	102	75	73	115	365
	3p	-	83	109	75	70	103	357
	3p	-	84	99	73	80	92	344
	3p	-	85	114	56	62	102	334
	3p	-	86	91	77	68	89	325
	3p	-	87	82	61	66	112	321
	3p	-	88	80	65	72	98	315
	3p	-	89	85	71	65	88	309
	3p	-	90	95	55	70	85	305
	3p	-	91	79	59	63	97	298
	3p	-	92	91	69	58	72	290
	3p	-	93	86	49	57	86	278
	3p	-	94	76	59	57	80	272
	3p	-	95	76	55	54	79	264
	3p	-	96	67	57	54	77	255
	3p	-	97	86	46	45	66	243
	3p	-	98	69	47	49	74	239
	3p	-	99	81	47	47	60	235
	3p	-	100	74	38	49	65	226
	5p	+	1	1218	865	775	662	3520
	5p	+	2	1226	823	723	748	3520
	5p	+	3	1229	846	712	733	3520
	5p	+	4	1228	857	656	779	3520
	5p	+	5	1199	844	700	777	3520
	5p	+	6	1125	802	762	831	3520
	5p	+	7	1195	837	706	782	3520
	5p	+	8	1198	804	714	804	3520
	5p	+	9	1249	742	732	797	3520
	5p	+	10	1214	761	746	799	3520
	5p	+	11	1196	767	739	818	3520
	5p	+	12	1247	739	764	770	3520
	5p	+	13	1298	750	724	748	3520
	5p	+	14	1268	719	705	828	3520
	5p	+	15	1209	719	770	822	3520
	5p	+	16	1218	755	682	865	3520
	5p	+	17	1196	769	719	836	3520
	5p	+	18	1192	760	720	848	3520
	5p	+	19	1190	786	747	797	3520
	5p	+	20	1219	785	679	837	3520
	5p	+	21	1239	773	722	786	3520
	5p	+	22	1315	714	732	759	3520
	5p	+	23	1289	723	769	739	3520
	5p	+	24	1341	753	688	738	3520
	5p	+	25	1362	726	651	781	3520
	5p	+	26	1364	685	688	783	3520
	5p	+	27	1284	697	746	793	3520
	5p	+	28	1246	753	779	742	3520
	5p	+	29	1141	856	734	789	3520
	5p	+	30	1257	849	701	713	3520
	5p	+	31	710	537	420	501	2168
	5p	+	32	534	342	296	431	1603
	5p	+	33	460	309	276	319	1364
	5p	+	34	409	301	259	289	1258
	5p	+	35	387	267	233	309	1196
	5p	+	36	353	240	215	339	1147
	5p	+	37	316	256	228	325	1125
	5p	+	38	338	243	187	339	1107
	5p	+	39	325	261	191	312	1089
	5p	+	40	325	214	210	322	1071
	5p	+	41	289	232	232	295	1048
	5p	+	42	304	245	200	281	1030
	5p	+	43	293	208	212	296	1009
	5p	+	44	304	208	212	266	990
	5p	+	45	314	207	181	273	975
	5p	+	46	292	214	187	266	959
	5p	+	47	291	217	163	273	944
	5p	+	48	281	225	173	244	923
	5p	+	49	262	190	184	262	898
	5p	+	50	281	177	174	243	875
	5p	+	51	273	181	193	219	866
	5p	+	52	261	191	173	224	849
	5p	+	53	254	186	162	231	833
	5p	+	54	259	178	154	219	810
	5p	+	55	220	169	170	229	788
	5p	+	56	236	166	183	187	772
	5p	+	57	240	143	169	202	754
	5p	+	58	227	162	156	192	737
	5p	+	59	211	177	146	191	725
	5p	+	60	220	147	141	197	705
	5p	+	61	205	133	167	187	692
	5p	+	62	205	141	142	190	678
	5p	+	63	207	129	132	193	661
	5p	+	64	192	128	144	179	643
	5p	+	65	177	133	121	194	625
	5p	+	66	176	126	133	176	611
	5p	+	67	188	127	109	175	599
	5p	+	68	186	111	126	158	581
	5p	+	69	172	127	129	147	575
	5p	+	70	168	121	116	153	558
	5p	+	71	161	105	113	168	547
	5p	+	72	162	112	119	151	544
	5p	+	73	162	122	93	158	535
	5p	+	74	152	115	105	145	517
	5p	+	75	150	105	104	144	503
	5p	+	76	132	92	111	157	492
	5p	+	77	138	99	107	128	472
	5p	+	78	147	92	84	137	460
	5p	+	79	124	105	97	119	445
	5p	+	80	128	92	82	130	432
	5p	+	81	122	95	82	120	419
	5p	+	82	120	87	86	116	409
	5p	+	83	125	84	81	111	401
	5p	+	84	121	80	89	105	395
	5p	+	85	123	82	62	119	386
	5p	+	86	100	79	83	110	372
	5p	+	87	119	59	77	108	363
	5p	+	88	104	72	75	100	351
	5p	+	89	112	80	71	85	348
	5p	+	90	99	72	83	91	345
	5p	+	91	83	61	83	106	333
	5p	+	92	93	62	67	101	323
	5p	+	93	77	55	74	104	310
	5p	+	94	91	68	67	77	303
	5p	+	95	98	62	59	78	297
	5p	+	96	95	54	62	81	292
	5p	+	97	86	58	56	79	279
	5p	+	98	88	51	42	89	270
	5p	+	99	102	51	39	71	263
	5p	+	100	68	58	59	74	259
	5p	-	1	1210	814	744	657	3425
	5p	-	2	1163	799	727	735	3424
	5p	-	3	1180	824	699	722	3425
	5p	-	4	1240	802	666	717	3425
	5p	-	5	1156	757	674	838	3425
	5p	-	6	1102	727	732	864	3425
	5p	-	7	1148	785	685	807	3425
	5p	-	8	1228	751	667	779	3425
	5p	-	9	1203	718	706	798	3425
	5p	-	10	1236	689	696	804	3425
	5p	-	11	1218	736	716	755	3425
	5p	-	12	1211	722	687	805	3425
	5p	-	13	1226	719	707	773	3425
	5p	-	14	1177	761	712	775	3425
	5p	-	15	1250	715	666	794	3425
	5p	-	16	1174	745	650	856	3425
	5p	-	17	1154	733	729	809	3425
	5p	-	18	1234	710	712	769	3425
	5p	-	19	1193	690	724	818	3425
	5p	-	20	1219	703	727	776	3425
	5p	-	21	1221	731	748	725	3425
	5p	-	22	1258	713	698	756	3425
	5p	-	23	1335	654	690	746	3425
	5p	-	24	1313	695	651	766	3425
	5p	-	25	1275	676	696	778	3425
	5p	-	26	1311	672	645	797	3425
	5p	-	27	1281	649	718	777	3425
	5p	-	28	1273	700	727	725	3425
	5p	-	29	1163	837	713	712	3425
	5p	-	30	1248	771	700	706	3425
	5p	-	31	764	475	416	454	2109
	5p	-	32	548	314	294	393	1549
	5p	-	33	443	262	248	344	1297
	5p	-	34	385	219	265	310	1179
	5p	-	35	369	229	232	298	1128
	5p	-	36	361	229	214	287	1091
	5p	-	37	358	216	191	300	1065
	5p	-	38	302	214	231	290	1037
	5p	-	39	302	215	196	299	1012
	5p	-	40	322	177	211	287	997
	5p	-	41	323	188	202	272	985
	5p	-	42	321	190	195	266	972
	5p	-	43	263	211	200	274	948
	5p	-	44	296	205	181	248	930
	5p	-	45	290	188	180	247	905
	5p	-	46	256	184	174	265	879
	5p	-	47	234	168	205	255	862
	5p	-	48	255	143	198	256	852
	5p	-	49	255	187	173	216	831
	5p	-	50	272	169	154	217	812
	5p	-	51	257	164	140	235	796
	5p	-	52	224	178	159	222	783
	5p	-	53	265	139	141	221	766
	5p	-	54	244	146	155	206	751
	5p	-	55	230	144	154	208	736
	5p	-	56	217	150	150	196	713
	5p	-	57	222	142	130	203	697
	5p	-	58	215	150	116	191	672
	5p	-	59	214	135	136	167	652
	5p	-	60	181	129	141	189	640
	5p	-	61	177	143	117	184	621
	5p	-	62	173	127	128	175	603
	5p	-	63	160	144	119	163	586
	5p	-	64	169	120	118	168	575
	5p	-	65	160	110	125	161	556
	5p	-	66	152	110	108	178	548
	5p	-	67	148	109	124	153	534
	5p	-	68	149	128	99	148	524
	5p	-	69	176	102	101	138	517
	5p	-	70	159	109	98	134	500
	5p	-	71	149	98	97	147	491
	5p	-	72	145	99	108	134	486
	5p	-	73	136	100	101	131	468
	5p	-	74	146	106	85	121	458
	5p	-	75	145	91	97	112	445
	5p	-	76	140	96	87	110	433
	5p	-	77	119	103	86	114	422
	5p	-	78	124	81	82	118	405
	5p	-	79	114	66	93	122	395
	5p	-	80	115	88	75	106	384
	5p	-	81	106	88	78	101	373
	5p	-	82	113	70	67	115	365
	5p	-	83	117	85	65	90	357
	5p	-	84	127	59	67	91	344
	5p	-	85	96	71	66	101	334
	5p	-	86	90	63	60	112	325
	5p	-	87	88	56	77	100	321
	5p	-	88	106	62	53	94	315
	5p	-	89	112	59	60	78	309
	5p	-	90	98	55	70	82	305
	5p	-	91	74	71	70	83	298
	5p	-	92	78	72	63	77	290
	5p	-	93	77	61	54	86	278
	5p	-	94	82	58	48	84	272
	5p	-	95	83	49	56	76	264
	5p	-	96	81	43	48	83	255
	5p	-	97	73	36	55	79	243
	5p	-	98	70	43	50	76	239
	5p	-	99	79	48	47	61	235
	5p	-	100	72	46	40	68	226
