# table produced by DamageProfiler
# using mapped file PcA001.ReedbuckBh_Human_nc.Target.rmdup.noMicro.bam
# Sample ID: PcA001.ReedbuckBh_Human_nc.Target.rmdup.noMicro.bam
Pos	C>T	G>A	A>C	A>G	A>T	C>A	C>G	G>C	G>T	T>A	T>C	T>G	->ACGT	ACGT>-
24	0.038462	0.048951	0.007782	0.019455	0.003891	0.006410	0.019231	0.013986	0.020979	0.013333	0.017778	0.022222	0.008963	0.000000
23	0.024096	0.036496	0.003876	0.023256	0.007752	0.036145	0.006024	0.007299	0.007299	0.000000	0.031111	0.000000	0.002545	0.000000
22	0.017964	0.007519	0.007722	0.011583	0.000000	0.005988	0.005988	0.037594	0.022556	0.013393	0.026786	0.000000	0.005109	0.000000
21	0.012500	0.007576	0.007273	0.007273	0.010909	0.031250	0.006250	0.000000	0.030303	0.009434	0.018868	0.014151	0.010270	0.000000
20	0.033557	0.069767	0.010490	0.010490	0.003497	0.006711	0.000000	0.007752	0.007752	0.009217	0.009217	0.018433	0.006402	0.000000
19	0.025974	0.006897	0.010870	0.018116	0.007246	0.019481	0.012987	0.020690	0.013793	0.009615	0.004808	0.019231	0.007663	0.000000
18	0.012903	0.013699	0.003663	0.014652	0.010989	0.006452	0.006452	0.013699	0.006849	0.023810	0.014286	0.014286	0.006378	0.000000
17	0.031056	0.035461	0.007273	0.007273	0.010909	0.006211	0.006211	0.000000	0.014184	0.004854	0.019417	0.004854	0.007663	0.000000
16	0.023669	0.000000	0.019685	0.011811	0.019685	0.000000	0.011834	0.014085	0.000000	0.000000	0.027397	0.004566	0.006378	0.000000
15	0.012658	0.028571	0.010870	0.021739	0.003623	0.012658	0.000000	0.007143	0.007143	0.004762	0.004762	0.004762	0.003827	0.000000
14	0.006494	0.013889	0.010309	0.010309	0.010309	0.006494	0.006494	0.013889	0.006944	0.020833	0.020833	0.000000	0.008963	0.000000
13	0.025641	0.022556	0.003704	0.014815	0.011111	0.012821	0.000000	0.030075	0.022556	0.013453	0.017937	0.004484	0.006394	0.000000
12	0.035211	0.051471	0.007435	0.014870	0.014870	0.007042	0.000000	0.014706	0.007353	0.000000	0.008511	0.004255	0.006394	0.000000
11	0.000000	0.050633	0.011321	0.011321	0.015094	0.006250	0.012500	0.012658	0.018987	0.000000	0.020000	0.000000	0.005109	0.000000
10	0.013889	0.000000	0.015152	0.022727	0.003788	0.013889	0.000000	0.014085	0.014085	0.008658	0.034632	0.004329	0.007682	0.000000
9	0.024691	0.046667	0.008097	0.020243	0.004049	0.000000	0.006173	0.006667	0.000000	0.008969	0.013453	0.008969	0.008951	0.000000
8	0.014085	0.028169	0.011152	0.018587	0.003717	0.007042	0.007042	0.014085	0.007042	0.004310	0.021552	0.004310	0.005096	0.000000
7	0.041096	0.027972	0.006920	0.017301	0.006920	0.013699	0.013699	0.006993	0.000000	0.014563	0.019417	0.000000	0.005102	0.000000
6	0.020270	0.032468	0.018248	0.010949	0.007299	0.027027	0.006757	0.006494	0.006494	0.014423	0.019231	0.004808	0.002551	0.000000
5	0.034014	0.018750	0.009709	0.009709	0.016181	0.020408	0.006803	0.006250	0.018750	0.000000	0.029240	0.011696	0.001271	0.000000
4	0.034965	0.012422	0.000000	0.006757	0.003378	0.013986	0.000000	0.000000	0.006211	0.005319	0.010638	0.005319	0.001269	0.000000
3	0.041176	0.038462	0.007067	0.021201	0.007067	0.000000	0.011765	0.015385	0.030769	0.014563	0.014563	0.000000	0.000000	0.000000
2	0.018405	0.036364	0.010239	0.010239	0.013652	0.042945	0.012270	0.000000	0.000000	0.011976	0.029940	0.017964	0.001269	0.000000
1	0.022346	0.022727	0.012658	0.009494	0.009494	0.011173	0.011173	0.015152	0.000000	0.018519	0.049383	0.006173	0.000000	0.000000
0	0.030864	0.047244	0.017751	0.005917	0.005917	0.067901	0.006173	0.047244	0.000000	0.024691	0.024691	0.024691	0.000000	0.000000
