# table produced by DamageProfiler
# using mapped file PcA001.ReedbuckBh_Human_nc.Target.rmdup.noMicro.bam
# Sample ID: PcA001.ReedbuckBh_Human_nc.Target.rmdup.noMicro.bam
Pos	C>T	G>A	A>C	A>G	A>T	C>A	C>G	G>C	G>T	T>A	T>C	T>G	->ACGT	ACGT>-
0	0.054217	0.053435	0.016181	0.022654	0.019417	0.042169	0.018072	0.030534	0.030534	0.049180	0.010929	0.005464	0.000000	0.000000
1	0.033557	0.018405	0.011905	0.019841	0.015873	0.013423	0.000000	0.006135	0.012270	0.017778	0.022222	0.008889	0.000000	0.000000
2	0.027027	0.064286	0.008333	0.033333	0.016667	0.016216	0.005405	0.007143	0.035714	0.000000	0.004484	0.008969	0.001269	0.000000
3	0.024390	0.021898	0.007117	0.017794	0.007117	0.012195	0.012195	0.014599	0.007299	0.004878	0.024390	0.004878	0.001271	0.000000
4	0.028169	0.031847	0.004016	0.012048	0.020080	0.007042	0.007042	0.000000	0.006369	0.021645	0.034632	0.000000	0.008986	0.000000
5	0.012346	0.012903	0.012876	0.000000	0.004292	0.000000	0.018519	0.006452	0.006452	0.012987	0.025974	0.021645	0.002561	0.000000
6	0.020833	0.045455	0.003559	0.010676	0.007117	0.041667	0.006944	0.022727	0.037879	0.004464	0.040179	0.000000	0.006402	0.000000
7	0.012903	0.014815	0.003663	0.018315	0.007326	0.019355	0.000000	0.000000	0.000000	0.009174	0.018349	0.009174	0.006402	0.000000
8	0.010989	0.020408	0.011811	0.011811	0.007874	0.010989	0.005495	0.000000	0.006803	0.014925	0.014925	0.004975	0.005102	0.000000
9	0.024242	0.043103	0.014815	0.007407	0.003704	0.036364	0.006061	0.017241	0.025862	0.004348	0.008696	0.008696	0.003841	0.000000
10	0.035088	0.034247	0.019608	0.023529	0.000000	0.005848	0.017544	0.006849	0.027397	0.004717	0.014151	0.004717	0.003827	0.000000
11	0.029762	0.032680	0.007968	0.003984	0.000000	0.017857	0.005952	0.013072	0.000000	0.004717	0.014151	0.023585	0.003827	0.000000
12	0.038462	0.006757	0.007722	0.007722	0.007722	0.006410	0.006410	0.013514	0.013514	0.009091	0.013636	0.009091	0.006386	0.000000
13	0.052941	0.034722	0.011673	0.011673	0.015564	0.011765	0.011765	0.006944	0.000000	0.009259	0.041667	0.004630	0.002541	0.000000
14	0.017857	0.040816	0.019380	0.011628	0.015504	0.023810	0.000000	0.013605	0.013605	0.004762	0.019048	0.004762	0.002554	0.000000
15	0.006536	0.033557	0.000000	0.015094	0.003774	0.013072	0.006536	0.013423	0.013423	0.000000	0.023148	0.004630	0.006386	0.000000
16	0.012821	0.037594	0.007042	0.003521	0.017606	0.000000	0.006410	0.007519	0.000000	0.014354	0.009569	0.009569	0.006394	0.000000
17	0.000000	0.056452	0.010830	0.003610	0.010830	0.000000	0.000000	0.000000	0.008065	0.004651	0.000000	0.009302	0.003831	0.000000
18	0.058065	0.045161	0.008299	0.008299	0.012448	0.012903	0.012903	0.000000	0.012903	0.008621	0.004310	0.004310	0.005109	0.000000
19	0.015748	0.047945	0.017921	0.021505	0.007168	0.007874	0.015748	0.006849	0.013699	0.008658	0.030303	0.004329	0.003831	0.000000
20	0.041916	0.032258	0.015209	0.026616	0.003802	0.000000	0.000000	0.025806	0.012903	0.005076	0.005076	0.000000	0.003836	0.000000
21	0.020000	0.044444	0.011236	0.011236	0.000000	0.026667	0.006667	0.037037	0.000000	0.000000	0.034188	0.012821	0.002545	0.000000
22	0.041667	0.051613	0.003759	0.015038	0.011278	0.000000	0.000000	0.019355	0.012903	0.013825	0.023041	0.004608	0.006394	0.000000
23	0.057143	0.042017	0.013986	0.003497	0.003497	0.021429	0.014286	0.000000	0.033613	0.004167	0.008333	0.008333	0.002548	0.000000
24	0.047619	0.015152	0.007018	0.010526	0.003509	0.020408	0.006803	0.007576	0.000000	0.009050	0.027149	0.013575	0.001274	0.000000
