# table produced by DamageProfiler
# using mapped file PcA001.ReedbuckBh_Human_nc.Target.rmdup.noMicro.bam
# Sample ID: PcA001.ReedbuckBh_Human_nc.Target.rmdup.noMicro.bam
Chr	End	Std	Pos	A	C	G	T	Total
	3p	+	1	170	83	73	71	397
	3p	+	2	148	91	65	93	397
	3p	+	3	143	77	87	90	397
	3p	+	4	144	90	66	97	397
	3p	+	5	150	60	88	99	397
	3p	+	6	150	75	79	93	397
	3p	+	7	132	62	79	124	397
	3p	+	8	144	72	80	101	397
	3p	+	9	132	76	74	115	397
	3p	+	10	127	85	79	106	397
	3p	+	11	122	81	73	121	397
	3p	+	12	124	89	76	108	397
	3p	+	13	142	79	52	124	397
	3p	+	14	142	90	57	108	397
	3p	+	15	137	99	75	86	397
	3p	+	16	135	75	77	110	397
	3p	+	17	122	86	75	114	397
	3p	+	18	144	78	74	101	397
	3p	+	19	128	78	78	113	397
	3p	+	20	139	70	89	99	397
	3p	+	21	143	74	59	121	397
	3p	+	22	136	82	66	113	397
	3p	+	23	129	89	62	117	397
	3p	+	24	125	84	74	114	397
	3p	+	25	138	84	68	107	397
	3p	+	26	134	90	73	100	397
	3p	+	27	148	76	74	99	397
	3p	+	28	129	82	66	120	397
	3p	+	29	136	88	64	109	397
	3p	+	30	121	82	68	126	397
	3p	+	31	132	70	62	86	350
	3p	+	32	108	61	66	86	321
	3p	+	33	100	61	58	83	302
	3p	+	34	97	60	48	85	290
	3p	+	35	98	49	48	84	279
	3p	+	36	84	57	38	90	269
	3p	+	37	97	49	43	71	260
	3p	+	38	66	49	61	79	255
	3p	+	39	85	45	43	76	249
	3p	+	40	74	54	30	84	242
	3p	+	41	80	44	44	70	238
	3p	+	42	78	30	42	76	226
	3p	+	43	68	34	47	70	219
	3p	+	44	67	41	44	56	208
	3p	+	45	71	39	40	49	199
	3p	+	46	58	45	28	61	192
	3p	+	47	58	35	43	51	187
	3p	+	48	65	33	32	48	178
	3p	+	49	66	31	33	42	172
	3p	+	50	54	33	35	43	165
	3p	+	51	56	23	30	54	163
	3p	+	52	59	28	26	42	155
	3p	+	53	53	24	26	43	146
	3p	+	54	50	29	27	34	140
	3p	+	55	47	27	30	32	136
	3p	+	56	43	22	17	47	129
	3p	+	57	34	29	18	44	125
	3p	+	58	29	28	24	42	123
	3p	+	59	43	20	20	37	120
	3p	+	60	35	25	27	29	116
	3p	+	61	41	14	23	32	110
	3p	+	62	28	21	22	35	106
	3p	+	63	32	27	19	27	105
	3p	+	64	29	22	22	25	98
	3p	+	65	25	17	19	32	93
	3p	+	66	35	20	14	23	92
	3p	+	67	19	23	18	29	89
	3p	+	68	25	19	19	21	84
	3p	+	69	24	11	19	29	83
	3p	+	70	13	13	17	34	77
	3p	+	71	25	8	16	25	74
	3p	+	72	25	18	12	16	71
	3p	+	73	25	9	15	18	67
	3p	+	74	24	8	8	24	64
	3p	+	75	22	8	10	22	62
	3p	+	76	22	12	12	14	60
	3p	+	77	17	6	17	18	58
	3p	+	78	20	9	12	14	55
	3p	+	79	22	11	10	10	53
	3p	+	80	12	13	7	16	48
	3p	+	81	11	13	11	11	46
	3p	+	82	14	7	13	10	44
	3p	+	83	13	7	10	14	44
	3p	+	84	13	10	9	12	44
	3p	+	85	11	6	12	15	44
	3p	+	86	9	5	10	19	43
	3p	+	87	12	9	6	14	41
	3p	+	88	14	6	5	16	41
	3p	+	89	12	11	5	11	39
	3p	+	90	15	5	4	13	37
	3p	+	91	13	7	4	13	37
	3p	+	92	8	11	6	11	36
	3p	+	93	10	12	4	8	34
	3p	+	94	6	11	12	4	33
	3p	+	95	15	2	5	10	32
	3p	+	96	9	4	7	10	30
	3p	+	97	4	9	12	5	30
	3p	+	98	7	6	6	9	28
	3p	+	99	4	10	9	5	28
	3p	+	100	7	8	5	8	28
	3p	-	1	179	78	49	86	392
	3p	-	2	166	94	68	64	392
	3p	-	3	156	82	80	74	392
	3p	-	4	137	78	61	116	392
	3p	-	5	149	78	73	92	392
	3p	-	6	155	72	80	85	392
	3p	-	7	144	88	75	85	392
	3p	-	8	146	73	66	107	392
	3p	-	9	134	74	70	114	392
	3p	-	10	126	79	72	115	392
	3p	-	11	136	75	75	106	392
	3p	-	12	142	78	75	97	392
	3p	-	13	126	66	80	120	392
	3p	-	14	132	69	72	119	392
	3p	-	15	156	62	70	104	392
	3p	-	16	139	86	64	103	392
	3p	-	17	121	93	71	107	392
	3p	-	18	134	83	66	109	392
	3p	-	19	148	81	71	92	392
	3p	-	20	134	83	65	110	392
	3p	-	21	151	76	67	98	392
	3p	-	22	143	79	69	101	392
	3p	-	23	132	87	67	106	392
	3p	-	24	136	80	64	112	392
	3p	-	25	126	70	79	117	392
	3p	-	26	151	69	58	114	392
	3p	-	27	132	82	71	107	392
	3p	-	28	126	76	63	127	392
	3p	-	29	131	84	60	117	392
	3p	-	30	134	72	75	111	392
	3p	-	31	107	66	65	108	346
	3p	-	32	99	65	54	108	326
	3p	-	33	107	58	61	85	311
	3p	-	34	92	62	52	88	294
	3p	-	35	96	55	55	84	290
	3p	-	36	91	54	41	91	277
	3p	-	37	87	59	44	80	270
	3p	-	38	88	49	37	88	262
	3p	-	39	84	50	51	69	254
	3p	-	40	93	49	42	65	249
	3p	-	41	75	56	50	61	242
	3p	-	42	85	34	45	72	236
	3p	-	43	64	46	42	79	231
	3p	-	44	74	42	45	61	222
	3p	-	45	67	53	36	60	216
	3p	-	46	61	40	52	53	206
	3p	-	47	70	39	36	53	198
	3p	-	48	55	37	40	63	195
	3p	-	49	60	35	34	58	187
	3p	-	50	67	21	40	54	182
	3p	-	51	58	36	32	52	178
	3p	-	52	52	30	36	51	169
	3p	-	53	54	42	37	30	163
	3p	-	54	36	34	33	46	149
	3p	-	55	40	32	29	43	144
	3p	-	56	46	32	25	37	140
	3p	-	57	47	30	24	35	136
	3p	-	58	48	24	26	33	131
	3p	-	59	33	20	31	41	125
	3p	-	60	33	25	32	32	122
	3p	-	61	40	18	21	39	118
	3p	-	62	41	23	20	29	113
	3p	-	63	36	22	26	25	109
	3p	-	64	32	24	22	30	108
	3p	-	65	35	23	19	27	104
	3p	-	66	27	20	15	36	98
	3p	-	67	34	23	16	24	97
	3p	-	68	38	21	18	19	96
	3p	-	69	21	25	21	25	92
	3p	-	70	31	21	12	24	88
	3p	-	71	30	16	15	20	81
	3p	-	72	23	11	17	28	79
	3p	-	73	24	13	19	21	77
	3p	-	74	25	12	9	25	71
	3p	-	75	23	14	10	21	68
	3p	-	76	14	18	17	16	65
	3p	-	77	19	14	9	20	62
	3p	-	78	13	14	11	23	61
	3p	-	79	21	13	10	15	59
	3p	-	80	19	13	12	13	57
	3p	-	81	16	10	13	16	55
	3p	-	82	18	11	6	19	54
	3p	-	83	18	10	4	21	53
	3p	-	84	15	9	4	24	52
	3p	-	85	19	9	6	18	52
	3p	-	86	15	12	9	14	50
	3p	-	87	17	13	7	13	50
	3p	-	88	14	11	9	13	47
	3p	-	89	14	10	6	17	47
	3p	-	90	13	9	9	14	45
	3p	-	91	12	6	16	9	43
	3p	-	92	9	10	7	14	40
	3p	-	93	12	8	7	10	37
	3p	-	94	7	8	7	13	35
	3p	-	95	10	10	2	11	33
	3p	-	96	7	9	2	15	33
	3p	-	97	10	5	2	16	33
	3p	-	98	9	7	8	9	33
	3p	-	99	12	5	7	8	32
	3p	-	100	12	4	4	10	30
	5p	+	1	156	74	61	106	397
	5p	+	2	127	69	85	116	397
	5p	+	3	117	95	69	116	397
	5p	+	4	140	84	72	101	397
	5p	+	5	137	81	69	110	397
	5p	+	6	126	87	73	111	397
	5p	+	7	152	77	56	112	397
	5p	+	8	135	84	71	107	397
	5p	+	9	122	88	80	107	397
	5p	+	10	143	70	62	122	397
	5p	+	11	128	87	79	103	397
	5p	+	12	129	84	77	107	397
	5p	+	13	133	84	73	107	397
	5p	+	14	142	75	67	113	397
	5p	+	15	123	80	80	114	397
	5p	+	16	130	95	69	103	397
	5p	+	17	134	94	63	106	397
	5p	+	18	142	89	53	113	397
	5p	+	19	116	83	70	128	397
	5p	+	20	130	78	75	114	397
	5p	+	21	133	90	67	107	397
	5p	+	22	135	75	70	117	397
	5p	+	23	130	71	77	119	397
	5p	+	24	131	75	62	129	397
	5p	+	25	138	72	71	116	397
	5p	+	26	123	80	71	123	397
	5p	+	27	134	86	71	106	397
	5p	+	28	137	69	74	117	397
	5p	+	29	129	79	76	113	397
	5p	+	30	152	90	55	100	397
	5p	+	31	113	72	65	100	350
	5p	+	32	94	69	67	91	321
	5p	+	33	111	50	43	98	302
	5p	+	34	100	46	52	92	290
	5p	+	35	84	64	55	76	279
	5p	+	36	96	58	32	83	269
	5p	+	37	91	57	50	62	260
	5p	+	38	95	44	39	77	255
	5p	+	39	84	50	51	64	249
	5p	+	40	87	42	52	61	242
	5p	+	41	74	43	60	61	238
	5p	+	42	77	44	44	61	226
	5p	+	43	79	50	37	53	219
	5p	+	44	63	31	53	61	208
	5p	+	45	52	32	48	67	199
	5p	+	46	61	35	38	58	192
	5p	+	47	56	30	42	59	187
	5p	+	48	57	27	35	59	178
	5p	+	49	56	32	32	52	172
	5p	+	50	64	39	26	36	165
	5p	+	51	62	33	29	39	163
	5p	+	52	55	31	29	40	155
	5p	+	53	41	33	28	44	146
	5p	+	54	42	22	31	45	140
	5p	+	55	46	24	26	40	136
	5p	+	56	36	22	38	33	129
	5p	+	57	38	21	29	37	125
	5p	+	58	43	18	27	35	123
	5p	+	59	40	36	15	29	120
	5p	+	60	39	24	17	36	116
	5p	+	61	34	19	24	33	110
	5p	+	62	34	24	22	26	106
	5p	+	63	34	21	16	34	105
	5p	+	64	29	15	24	30	98
	5p	+	65	38	19	19	17	93
	5p	+	66	31	16	23	22	92
	5p	+	67	30	13	17	29	89
	5p	+	68	26	14	22	22	84
	5p	+	69	26	17	19	21	83
	5p	+	70	22	19	16	20	77
	5p	+	71	31	8	14	21	74
	5p	+	72	30	6	16	19	71
	5p	+	73	21	11	20	15	67
	5p	+	74	19	18	9	18	64
	5p	+	75	24	10	9	19	62
	5p	+	76	20	7	21	12	60
	5p	+	77	24	11	13	10	58
	5p	+	78	23	12	12	8	55
	5p	+	79	18	11	9	15	53
	5p	+	80	16	10	10	12	48
	5p	+	81	12	11	13	10	46
	5p	+	82	11	9	7	17	44
	5p	+	83	13	13	8	10	44
	5p	+	84	15	5	9	15	44
	5p	+	85	14	9	10	11	44
	5p	+	86	10	10	8	15	43
	5p	+	87	7	14	9	11	41
	5p	+	88	14	8	6	13	41
	5p	+	89	12	6	6	15	39
	5p	+	90	10	10	4	13	37
	5p	+	91	15	9	3	10	37
	5p	+	92	9	6	6	15	36
	5p	+	93	8	8	6	12	34
	5p	+	94	10	7	6	10	33
	5p	+	95	13	6	7	6	32
	5p	+	96	11	6	6	7	30
	5p	+	97	10	9	5	6	30
	5p	+	98	12	6	3	7	28
	5p	+	99	11	4	5	8	28
	5p	+	100	13	5	5	5	28
	5p	-	1	158	84	66	84	392
	5p	-	2	122	82	79	109	392
	5p	-	3	121	85	68	118	392
	5p	-	4	139	82	67	104	392
	5p	-	5	120	64	89	119	392
	5p	-	6	110	82	88	112	392
	5p	-	7	139	72	67	114	392
	5p	-	8	139	73	71	109	392
	5p	-	9	133	97	70	92	392
	5p	-	10	134	92	51	115	392
	5p	-	11	123	85	70	114	392
	5p	-	12	130	84	77	101	392
	5p	-	13	127	72	77	116	392
	5p	-	14	115	96	77	104	392
	5p	-	15	134	96	61	101	392
	5p	-	16	141	62	78	111	392
	5p	-	17	153	64	70	105	392
	5p	-	18	137	83	67	105	392
	5p	-	19	130	64	82	116	392
	5p	-	20	147	58	73	114	392
	5p	-	21	127	80	85	100	392
	5p	-	22	137	85	61	109	392
	5p	-	23	141	79	71	101	392
	5p	-	24	159	59	54	120	392
	5p	-	25	148	74	66	104	392
	5p	-	26	139	81	70	102	392
	5p	-	27	149	78	73	92	392
	5p	-	28	123	71	82	116	392
	5p	-	29	134	74	76	108	392
	5p	-	30	143	76	70	103	392
	5p	-	31	127	61	62	96	346
	5p	-	32	119	69	56	82	326
	5p	-	33	111	63	45	92	311
	5p	-	34	108	61	54	71	294
	5p	-	35	97	59	61	73	290
	5p	-	36	106	60	43	68	277
	5p	-	37	84	57	42	87	270
	5p	-	38	96	55	47	64	262
	5p	-	39	85	45	44	80	254
	5p	-	40	89	51	47	62	249
	5p	-	41	99	36	33	74	242
	5p	-	42	77	51	41	67	236
	5p	-	43	60	58	34	79	231
	5p	-	44	72	42	38	70	222
	5p	-	45	66	41	45	64	216
	5p	-	46	64	34	49	59	206
	5p	-	47	68	43	43	44	198
	5p	-	48	58	39	33	65	195
	5p	-	49	63	35	34	55	187
	5p	-	50	71	39	24	48	182
	5p	-	51	60	37	34	47	178
	5p	-	52	59	38	33	39	169
	5p	-	53	53	33	29	48	163
	5p	-	54	57	22	25	45	149
	5p	-	55	43	24	32	45	144
	5p	-	56	52	25	20	43	140
	5p	-	57	44	30	27	35	136
	5p	-	58	41	29	21	40	131
	5p	-	59	49	26	25	25	125
	5p	-	60	50	29	18	25	122
	5p	-	61	35	15	22	46	118
	5p	-	62	31	20	30	32	113
	5p	-	63	29	28	23	29	109
	5p	-	64	41	21	15	31	108
	5p	-	65	38	21	11	34	104
	5p	-	66	21	15	21	41	98
	5p	-	67	28	17	19	33	97
	5p	-	68	32	17	18	29	96
	5p	-	69	28	20	16	28	92
	5p	-	70	24	11	20	33	88
	5p	-	71	27	18	14	22	81
	5p	-	72	31	19	12	17	79
	5p	-	73	24	14	22	17	77
	5p	-	74	24	11	13	23	71
	5p	-	75	18	9	18	23	68
	5p	-	76	25	15	13	12	65
	5p	-	77	32	9	5	16	62
	5p	-	78	23	9	11	18	61
	5p	-	79	16	19	9	15	59
	5p	-	80	19	18	9	11	57
	5p	-	81	15	14	11	15	55
	5p	-	82	15	10	9	20	54
	5p	-	83	16	10	10	17	53
	5p	-	84	16	9	10	17	52
	5p	-	85	12	12	10	18	52
	5p	-	86	15	13	8	14	50
	5p	-	87	16	14	8	12	50
	5p	-	88	19	7	9	12	47
	5p	-	89	14	10	9	14	47
	5p	-	90	18	10	6	11	45
	5p	-	91	12	7	7	17	43
	5p	-	92	14	8	9	9	40
	5p	-	93	16	5	7	9	37
	5p	-	94	13	8	6	8	35
	5p	-	95	12	6	7	8	33
	5p	-	96	10	3	11	9	33
	5p	-	97	7	7	9	10	33
	5p	-	98	9	10	4	10	33
	5p	-	99	10	10	6	6	32
	5p	-	100	8	12	3	7	30
