# table produced by DamageProfiler
# using mapped file PaA015.BuffaloCape_Human_nc.Target.rmdup.noMicro.bam
# Sample ID: PaA015.BuffaloCape_Human_nc.Target.rmdup.noMicro.bam
Chr	End	Std	Pos	A	C	G	T	Total
	3p	+	1	1618	380	367	1923	4288
	3p	+	2	1737	680	540	1331	4288
	3p	+	3	1657	740	615	1276	4288
	3p	+	4	1674	761	601	1252	4288
	3p	+	5	1700	691	638	1259	4288
	3p	+	6	1712	695	641	1240	4288
	3p	+	7	1660	709	696	1223	4288
	3p	+	8	1622	675	673	1318	4288
	3p	+	9	1584	711	698	1295	4288
	3p	+	10	1542	787	672	1287	4288
	3p	+	11	1536	720	722	1310	4288
	3p	+	12	1584	724	671	1309	4288
	3p	+	13	1544	744	719	1281	4288
	3p	+	14	1549	765	672	1302	4288
	3p	+	15	1457	734	710	1387	4288
	3p	+	16	1479	735	759	1315	4288
	3p	+	17	1556	718	636	1378	4288
	3p	+	18	1495	745	705	1343	4288
	3p	+	19	1494	749	666	1379	4288
	3p	+	20	1500	772	703	1313	4288
	3p	+	21	1437	790	742	1319	4288
	3p	+	22	1544	712	698	1334	4288
	3p	+	23	1508	765	663	1352	4288
	3p	+	24	1497	790	690	1311	4288
	3p	+	25	1523	720	724	1321	4288
	3p	+	26	1539	700	739	1310	4288
	3p	+	27	1559	725	667	1337	4288
	3p	+	28	1476	791	743	1278	4288
	3p	+	29	1507	714	729	1338	4288
	3p	+	30	1482	723	735	1348	4288
	3p	+	31	1477	684	652	1246	4059
	3p	+	32	1394	590	630	1243	3857
	3p	+	33	1316	603	593	1146	3658
	3p	+	34	1196	586	554	1104	3440
	3p	+	35	1149	529	505	1009	3192
	3p	+	36	1104	506	462	921	2993
	3p	+	37	984	462	424	908	2778
	3p	+	38	926	461	405	793	2585
	3p	+	39	834	420	383	760	2397
	3p	+	40	768	390	327	717	2202
	3p	+	41	746	345	308	631	2030
	3p	+	42	614	309	301	629	1853
	3p	+	43	597	261	258	599	1715
	3p	+	44	562	270	249	520	1601
	3p	+	45	557	224	222	456	1459
	3p	+	46	490	228	186	428	1332
	3p	+	47	457	196	172	389	1214
	3p	+	48	395	173	168	389	1125
	3p	+	49	392	171	153	319	1035
	3p	+	50	344	153	142	326	965
	3p	+	51	320	148	136	287	891
	3p	+	52	290	146	106	283	825
	3p	+	53	276	137	115	228	756
	3p	+	54	223	109	109	241	682
	3p	+	55	238	77	91	215	621
	3p	+	56	190	88	80	205	563
	3p	+	57	181	87	68	172	508
	3p	+	58	150	79	69	152	450
	3p	+	59	127	57	74	146	404
	3p	+	60	125	64	57	126	372
	3p	+	61	120	59	56	105	340
	3p	+	62	107	46	50	101	304
	3p	+	63	96	48	45	100	289
	3p	+	64	94	46	35	93	268
	3p	+	65	91	34	35	80	240
	3p	+	66	81	36	31	77	225
	3p	+	67	65	38	25	77	205
	3p	+	68	60	32	26	65	183
	3p	+	69	62	29	25	50	166
	3p	+	70	53	22	17	45	137
	3p	+	71	47	19	19	37	122
	3p	+	72	32	10	26	38	106
	3p	+	73	29	16	16	29	90
	3p	+	74	20	17	9	31	77
	3p	+	75	27	11	10	24	72
	3p	+	76	19	17	10	20	66
	3p	+	77	25	11	7	17	60
	3p	+	78	23	11	4	17	55
	3p	+	79	17	9	7	9	42
	3p	+	80	14	5	5	14	38
	3p	+	81	12	5	1	14	32
	3p	+	82	10	5	6	5	26
	3p	+	83	6	1	6	7	20
	3p	+	84	7	2	2	8	19
	3p	+	85	4	3	2	8	17
	3p	+	86	3	2	2	6	13
	3p	+	87	0	2	2	5	9
	3p	+	88	2	0	0	6	8
	3p	+	89	0	1	1	4	6
	3p	+	90	2	1	1	0	4
	3p	+	91	0	0	0	3	3
	3p	+	92	0	0	0	0	0
	3p	+	93	0	0	0	0	0
	3p	+	94	0	0	0	0	0
	3p	+	95	0	0	0	0	0
	3p	+	96	0	0	0	0	0
	3p	+	97	0	0	0	0	0
	3p	+	98	0	0	0	0	0
	3p	+	99	0	0	0	0	0
	3p	+	100	0	0	0	0	0
	3p	-	1	1641	367	347	1884	4239
	3p	-	2	1735	682	450	1372	4239
	3p	-	3	1590	705	636	1308	4239
	3p	-	4	1565	734	616	1324	4239
	3p	-	5	1616	711	675	1237	4239
	3p	-	6	1608	703	664	1264	4239
	3p	-	7	1605	722	672	1240	4239
	3p	-	8	1559	675	684	1321	4239
	3p	-	9	1538	678	746	1277	4239
	3p	-	10	1531	707	689	1312	4239
	3p	-	11	1494	761	695	1289	4239
	3p	-	12	1531	711	730	1267	4239
	3p	-	13	1444	732	730	1333	4239
	3p	-	14	1525	747	668	1299	4239
	3p	-	15	1483	764	673	1319	4239
	3p	-	16	1513	740	682	1304	4239
	3p	-	17	1437	779	691	1332	4239
	3p	-	18	1476	747	722	1294	4239
	3p	-	19	1499	797	655	1288	4239
	3p	-	20	1459	726	692	1362	4239
	3p	-	21	1428	741	667	1403	4239
	3p	-	22	1448	766	739	1286	4239
	3p	-	23	1509	718	695	1317	4239
	3p	-	24	1495	737	716	1291	4239
	3p	-	25	1453	776	698	1312	4239
	3p	-	26	1534	757	701	1247	4239
	3p	-	27	1458	783	713	1285	4239
	3p	-	28	1470	721	698	1350	4239
	3p	-	29	1536	734	685	1284	4239
	3p	-	30	1433	753	672	1381	4239
	3p	-	31	1421	679	646	1278	4024
	3p	-	32	1337	645	552	1262	3796
	3p	-	33	1233	612	569	1161	3575
	3p	-	34	1177	575	486	1126	3364
	3p	-	35	1118	586	501	944	3149
	3p	-	36	1052	487	441	938	2918
	3p	-	37	1001	457	438	843	2739
	3p	-	38	847	407	403	876	2533
	3p	-	39	835	397	314	794	2340
	3p	-	40	764	367	346	691	2168
	3p	-	41	721	333	311	644	2009
	3p	-	42	632	326	293	603	1854
	3p	-	43	616	274	281	533	1704
	3p	-	44	549	280	235	516	1580
	3p	-	45	484	247	234	478	1443
	3p	-	46	448	219	196	450	1313
	3p	-	47	411	201	216	385	1213
	3p	-	48	389	167	171	388	1115
	3p	-	49	385	173	149	323	1030
	3p	-	50	336	158	130	315	939
	3p	-	51	281	142	153	276	852
	3p	-	52	274	128	118	255	775
	3p	-	53	259	123	119	212	713
	3p	-	54	234	99	98	227	658
	3p	-	55	198	100	92	195	585
	3p	-	56	191	81	73	188	533
	3p	-	57	184	90	69	139	482
	3p	-	58	167	78	60	148	453
	3p	-	59	122	69	75	147	413
	3p	-	60	128	57	60	125	370
	3p	-	61	103	62	49	115	329
	3p	-	62	104	42	43	106	295
	3p	-	63	90	46	37	92	265
	3p	-	64	82	42	32	83	239
	3p	-	65	77	25	34	72	208
	3p	-	66	70	26	22	71	189
	3p	-	67	66	28	16	56	166
	3p	-	68	54	26	15	54	149
	3p	-	69	48	24	20	42	134
	3p	-	70	40	16	21	41	118
	3p	-	71	36	14	11	39	100
	3p	-	72	38	19	12	18	87
	3p	-	73	30	10	8	29	77
	3p	-	74	28	12	7	23	70
	3p	-	75	19	8	10	27	64
	3p	-	76	26	8	9	14	57
	3p	-	77	22	8	9	14	53
	3p	-	78	23	6	6	11	46
	3p	-	79	14	10	4	14	42
	3p	-	80	16	7	7	6	36
	3p	-	81	8	6	5	14	33
	3p	-	82	6	8	2	12	28
	3p	-	83	9	2	4	4	19
	3p	-	84	9	5	0	4	18
	3p	-	85	4	2	3	6	15
	3p	-	86	3	0	3	3	9
	3p	-	87	5	0	0	3	8
	3p	-	88	2	0	1	4	7
	3p	-	89	1	2	1	2	6
	3p	-	90	1	0	2	1	4
	3p	-	91	2	0	0	1	3
	3p	-	92	0	0	0	0	0
	3p	-	93	0	0	0	0	0
	3p	-	94	0	0	0	0	0
	3p	-	95	0	0	0	0	0
	3p	-	96	0	0	0	0	0
	3p	-	97	0	0	0	0	0
	3p	-	98	0	0	0	0	0
	3p	-	99	0	0	0	0	0
	3p	-	100	0	0	0	0	0
	5p	+	1	1538	539	453	1758	4288
	5p	+	2	1485	631	663	1509	4288
	5p	+	3	1534	727	695	1332	4288
	5p	+	4	1536	769	732	1251	4288
	5p	+	5	1522	677	731	1358	4288
	5p	+	6	1415	752	738	1383	4288
	5p	+	7	1515	719	743	1311	4288
	5p	+	8	1488	768	695	1337	4288
	5p	+	9	1472	775	723	1318	4288
	5p	+	10	1510	747	723	1308	4288
	5p	+	11	1462	753	714	1359	4288
	5p	+	12	1539	720	723	1306	4288
	5p	+	13	1497	760	703	1328	4288
	5p	+	14	1471	763	701	1353	4288
	5p	+	15	1488	712	727	1361	4288
	5p	+	16	1495	743	713	1337	4288
	5p	+	17	1509	742	723	1314	4288
	5p	+	18	1526	757	696	1309	4288
	5p	+	19	1477	726	752	1333	4288
	5p	+	20	1519	738	698	1333	4288
	5p	+	21	1543	757	693	1295	4288
	5p	+	22	1601	753	664	1270	4288
	5p	+	23	1567	705	718	1298	4288
	5p	+	24	1534	722	700	1332	4288
	5p	+	25	1531	768	699	1290	4288
	5p	+	26	1558	754	687	1289	4288
	5p	+	27	1563	733	651	1341	4288
	5p	+	28	1564	752	721	1251	4288
	5p	+	29	1603	759	648	1278	4288
	5p	+	30	1543	755	639	1351	4288
	5p	+	31	1593	592	617	1257	4059
	5p	+	32	1468	626	600	1163	3857
	5p	+	33	1420	587	526	1125	3658
	5p	+	34	1322	592	460	1066	3440
	5p	+	35	1199	521	439	1033	3192
	5p	+	36	1130	493	434	936	2993
	5p	+	37	1041	445	425	867	2778
	5p	+	38	987	416	370	812	2585
	5p	+	39	899	389	338	771	2397
	5p	+	40	843	337	320	702	2202
	5p	+	41	743	344	267	676	2030
	5p	+	42	682	304	263	604	1853
	5p	+	43	634	261	255	565	1715
	5p	+	44	592	265	205	539	1601
	5p	+	45	554	231	191	483	1459
	5p	+	46	500	212	194	426	1332
	5p	+	47	466	183	159	406	1214
	5p	+	48	436	173	151	365	1125
	5p	+	49	400	155	157	323	1035
	5p	+	50	379	161	138	287	965
	5p	+	51	332	162	115	282	891
	5p	+	52	304	119	115	287	825
	5p	+	53	281	115	110	250	756
	5p	+	54	261	104	112	205	682
	5p	+	55	222	88	90	221	621
	5p	+	56	205	90	91	177	563
	5p	+	57	198	77	66	167	508
	5p	+	58	157	81	59	153	450
	5p	+	59	149	60	54	141	404
	5p	+	60	127	73	57	115	372
	5p	+	61	119	59	49	113	340
	5p	+	62	115	44	49	96	304
	5p	+	63	106	35	38	110	289
	5p	+	64	94	48	40	86	268
	5p	+	65	83	52	32	73	240
	5p	+	66	100	26	29	70	225
	5p	+	67	71	36	37	61	205
	5p	+	68	77	25	26	55	183
	5p	+	69	62	26	21	57	166
	5p	+	70	58	17	16	46	137
	5p	+	71	37	28	25	32	122
	5p	+	72	36	20	18	32	106
	5p	+	73	25	15	14	36	90
	5p	+	74	33	13	12	19	77
	5p	+	75	25	14	9	24	72
	5p	+	76	23	7	5	31	66
	5p	+	77	24	13	10	13	60
	5p	+	78	17	12	11	15	55
	5p	+	79	21	6	5	10	42
	5p	+	80	13	4	6	15	38
	5p	+	81	9	4	6	13	32
	5p	+	82	9	6	2	9	26
	5p	+	83	10	1	1	8	20
	5p	+	84	10	3	1	5	19
	5p	+	85	6	1	4	6	17
	5p	+	86	5	3	0	5	13
	5p	+	87	1	3	1	4	9
	5p	+	88	1	2	1	4	8
	5p	+	89	1	0	1	4	6
	5p	+	90	2	0	0	2	4
	5p	+	91	0	1	1	1	3
	5p	+	92	0	0	0	0	0
	5p	+	93	0	0	0	0	0
	5p	+	94	0	0	0	0	0
	5p	+	95	0	0	0	0	0
	5p	+	96	0	0	0	0	0
	5p	+	97	0	0	0	0	0
	5p	+	98	0	0	0	0	0
	5p	+	99	0	0	0	0	0
	5p	+	100	0	0	0	0	0
	5p	-	1	1519	536	467	1717	4239
	5p	-	2	1498	570	656	1514	4238
	5p	-	3	1479	741	683	1336	4239
	5p	-	4	1428	774	733	1304	4239
	5p	-	5	1455	779	682	1323	4239
	5p	-	6	1383	776	725	1355	4239
	5p	-	7	1448	760	758	1273	4239
	5p	-	8	1506	761	686	1286	4239
	5p	-	9	1542	761	715	1221	4239
	5p	-	10	1509	758	676	1296	4239
	5p	-	11	1502	774	692	1271	4239
	5p	-	12	1429	748	676	1386	4239
	5p	-	13	1496	762	671	1310	4239
	5p	-	14	1450	769	682	1338	4239
	5p	-	15	1469	785	675	1310	4239
	5p	-	16	1466	774	729	1270	4239
	5p	-	17	1545	733	671	1290	4239
	5p	-	18	1459	713	679	1388	4239
	5p	-	19	1450	767	695	1327	4239
	5p	-	20	1483	724	694	1338	4239
	5p	-	21	1484	733	727	1295	4239
	5p	-	22	1459	759	689	1332	4239
	5p	-	23	1509	761	681	1288	4239
	5p	-	24	1489	713	747	1290	4239
	5p	-	25	1480	749	704	1306	4239
	5p	-	26	1487	738	677	1337	4239
	5p	-	27	1502	730	684	1323	4239
	5p	-	28	1553	761	639	1286	4239
	5p	-	29	1559	713	651	1316	4239
	5p	-	30	1530	711	655	1343	4239
	5p	-	31	1493	686	620	1225	4024
	5p	-	32	1367	637	594	1198	3796
	5p	-	33	1312	599	511	1153	3575
	5p	-	34	1262	552	548	1002	3364
	5p	-	35	1174	494	474	1007	3149
	5p	-	36	1094	461	438	925	2918
	5p	-	37	1029	435	404	871	2739
	5p	-	38	940	407	365	821	2533
	5p	-	39	863	375	352	750	2340
	5p	-	40	799	360	314	695	2168
	5p	-	41	764	291	269	685	2009
	5p	-	42	678	273	287	616	1854
	5p	-	43	602	281	260	561	1704
	5p	-	44	608	225	196	551	1580
	5p	-	45	516	251	211	465	1443
	5p	-	46	504	204	167	438	1313
	5p	-	47	447	192	175	399	1213
	5p	-	48	429	180	136	370	1115
	5p	-	49	395	153	130	352	1030
	5p	-	50	387	136	118	298	939
	5p	-	51	294	151	126	281	852
	5p	-	52	292	138	98	247	775
	5p	-	53	243	100	115	255	713
	5p	-	54	246	108	86	218	658
	5p	-	55	214	94	78	199	585
	5p	-	56	188	75	90	180	533
	5p	-	57	179	79	75	150	483
	5p	-	58	171	62	73	147	453
	5p	-	59	155	64	55	139	413
	5p	-	60	126	55	55	134	370
	5p	-	61	113	59	59	98	329
	5p	-	62	119	46	35	95	295
	5p	-	63	107	38	38	82	265
	5p	-	64	106	32	33	68	239
	5p	-	65	78	39	24	67	208
	5p	-	66	73	30	24	62	189
	5p	-	67	62	26	26	52	166
	5p	-	68	59	21	25	44	149
	5p	-	69	59	15	17	43	134
	5p	-	70	44	14	20	40	118
	5p	-	71	32	15	10	43	100
	5p	-	72	35	14	17	21	87
	5p	-	73	29	11	12	25	77
	5p	-	74	27	11	9	23	70
	5p	-	75	18	9	13	24	64
	5p	-	76	20	10	4	23	57
	5p	-	77	21	7	6	19	53
	5p	-	78	14	9	8	15	46
	5p	-	79	20	7	1	14	42
	5p	-	80	14	4	6	12	36
	5p	-	81	14	8	5	6	33
	5p	-	82	8	3	1	16	28
	5p	-	83	6	4	1	8	19
	5p	-	84	6	2	3	7	18
	5p	-	85	4	4	2	5	15
	5p	-	86	2	1	1	5	9
	5p	-	87	4	2	0	2	8
	5p	-	88	4	0	2	1	7
	5p	-	89	2	0	2	2	6
	5p	-	90	2	2	0	0	4
	5p	-	91	2	1	0	0	3
	5p	-	92	0	0	0	0	0
	5p	-	93	0	0	0	0	0
	5p	-	94	0	0	0	0	0
	5p	-	95	0	0	0	0	0
	5p	-	96	0	0	0	0	0
	5p	-	97	0	0	0	0	0
	5p	-	98	0	0	0	0	0
	5p	-	99	0	0	0	0	0
	5p	-	100	0	0	0	0	0
