# table produced by DamageProfiler
# using mapped file PaA015.BuffaloCape_Human_nc.Target.rmdup.noMicro.bam
# Sample ID: PaA015.BuffaloCape_Human_nc.Target.rmdup.noMicro.bam
Chr	End	Std	Pos	A	C	G	T	Total	G>A	C>T	A>G	T>C	A>C	A>T	C>G	C>A	T>G	T>A	G>C	G>T	A>-	T>-	C>-	G>-	->A	->T	->C	->G	S
	3p	+	1	1616.0	623.0	377.0	1672.0	4288.0	13.0	245.0	6.0	7.0	1.0	17.0	2.0	4.0	1.0	9.0	0.0	6.0	0.0	0.0	0.0	0.0	0.0	0.0	0.0	0.0	0.0
	3p	+	2	1741.0	836.0	545.0	1166.0	4288.0	10.0	168.0	9.0	8.0	3.0	11.0	0.0	1.0	3.0	8.0	2.0	5.0	0.0	0.0	0.0	0.0	0.0	0.0	0.0	0.0	0.0
	3p	+	3	1651.0	758.0	626.0	1253.0	4288.0	13.0	28.0	7.0	8.0	4.0	1.0	0.0	3.0	2.0	2.0	1.0	6.0	0.0	0.0	0.0	0.0	0.0	0.0	0.0	0.0	0.0
	3p	+	4	1669.0	778.0	612.0	1229.0	4288.0	10.0	19.0	6.0	2.0	3.0	1.0	1.0	2.0	0.0	3.0	0.0	8.0	0.0	0.0	0.0	0.0	0.0	0.0	0.0	0.0	0.0
	3p	+	5	1691.0	705.0	651.0	1241.0	4288.0	9.0	15.0	3.0	2.0	2.0	1.0	1.0	4.0	2.0	2.0	2.0	8.0	0.0	0.0	0.0	0.0	0.0	0.0	0.0	0.0	0.0
	3p	+	6	1709.0	704.0	643.0	1231.0	4287.0	4.0	8.0	4.0	2.0	1.0	2.0	1.0	4.0	2.0	2.0	0.0	5.0	0.0	0.0	0.0	0.0	0.0	0.0	1.0	0.0	0.0
	3p	+	7	1647.0	720.0	706.0	1212.0	4285.0	10.0	9.0	3.0	3.0	3.0	0.0	2.0	6.0	0.0	2.0	0.0	7.0	0.0	0.0	0.0	0.0	1.0	0.0	0.0	2.0	0.0
	3p	+	8	1622.0	678.0	677.0	1308.0	4285.0	7.0	2.0	8.0	0.0	0.0	3.0	0.0	2.0	0.0	2.0	0.0	6.0	0.0	0.0	0.0	0.0	0.0	0.0	1.0	1.0	0.0
	3p	+	9	1585.0	721.0	699.0	1281.0	4286.0	3.0	11.0	6.0	2.0	2.0	4.0	1.0	4.0	1.0	3.0	1.0	5.0	0.0	0.0	0.0	0.0	1.0	0.0	1.0	0.0	0.0
	3p	+	10	1545.0	789.0	671.0	1283.0	4288.0	2.0	7.0	6.0	6.0	1.0	2.0	1.0	1.0	1.0	3.0	0.0	5.0	0.0	0.0	0.0	0.0	0.0	0.0	0.0	0.0	0.0
	3p	+	11	1542.0	717.0	722.0	1306.0	4287.0	3.0	6.0	4.0	8.0	1.0	4.0	1.0	0.0	1.0	0.0	1.0	2.0	0.0	0.0	0.0	0.0	0.0	0.0	0.0	0.0	0.0
	3p	+	12	1581.0	729.0	674.0	1302.0	4286.0	5.0	7.0	8.0	5.0	0.0	2.0	2.0	1.0	1.0	5.0	0.0	9.0	0.0	0.0	0.0	0.0	2.0	0.0	0.0	0.0	0.0
	3p	+	13	1538.0	747.0	723.0	1278.0	4286.0	5.0	5.0	2.0	2.0	0.0	1.0	0.0	1.0	2.0	3.0	1.0	2.0	0.0	0.0	0.0	0.0	0.0	0.0	0.0	0.0	0.0
	3p	+	14	1546.0	769.0	676.0	1296.0	4287.0	5.0	7.0	3.0	2.0	3.0	1.0	1.0	2.0	4.0	3.0	0.0	7.0	0.0	0.0	0.0	0.0	0.0	0.0	1.0	0.0	0.0
	3p	+	15	1458.0	736.0	718.0	1376.0	4288.0	2.0	6.0	2.0	4.0	0.0	5.0	1.0	2.0	1.0	2.0	3.0	7.0	0.0	0.0	0.0	0.0	0.0	0.0	0.0	0.0	0.0
	3p	+	16	1472.0	739.0	765.0	1308.0	4284.0	7.0	6.0	4.0	3.0	1.0	1.0	1.0	1.0	0.0	3.0	0.0	5.0	0.0	0.0	0.0	0.0	2.0	0.0	0.0	1.0	0.0
	3p	+	17	1551.0	726.0	640.0	1363.0	4280.0	7.0	12.0	6.0	4.0	1.0	1.0	1.0	1.0	2.0	3.0	0.0	7.0	0.0	0.0	0.0	0.0	2.0	0.0	1.0	1.0	0.0
	3p	+	18	1497.0	741.0	705.0	1336.0	4279.0	5.0	6.0	11.0	7.0	2.0	2.0	0.0	1.0	3.0	1.0	0.0	9.0	0.0	0.0	0.0	0.0	6.0	0.0	2.0	0.0	0.0
	3p	+	19	1492.0	753.0	673.0	1366.0	4284.0	4.0	8.0	5.0	4.0	1.0	2.0	1.0	2.0	1.0	2.0	2.0	8.0	0.0	0.0	0.0	0.0	2.0	0.0	0.0	0.0	0.0
	3p	+	20	1499.0	778.0	708.0	1302.0	4287.0	1.0	6.0	3.0	1.0	1.0	1.0	0.0	4.0	2.0	0.0	2.0	7.0	0.0	0.0	0.0	0.0	1.0	0.0	0.0	0.0	0.0
	3p	+	21	1443.0	796.0	744.0	1303.0	4286.0	1.0	11.0	6.0	3.0	2.0	1.0	0.0	1.0	1.0	0.0	1.0	7.0	0.0	0.0	0.0	0.0	1.0	0.0	0.0	0.0	0.0
	3p	+	22	1536.0	718.0	708.0	1323.0	4285.0	8.0	11.0	4.0	6.0	2.0	0.0	1.0	2.0	1.0	1.0	0.0	8.0	0.0	0.0	0.0	0.0	3.0	0.0	0.0	0.0	0.0
	3p	+	23	1508.0	773.0	667.0	1338.0	4286.0	4.0	12.0	5.0	4.0	2.0	2.0	2.0	1.0	0.0	3.0	1.0	7.0	0.0	0.0	0.0	0.0	1.0	0.0	0.0	1.0	0.0
	3p	+	24	1492.0	796.0	690.0	1309.0	4287.0	3.0	8.0	3.0	3.0	2.0	1.0	2.0	1.0	0.0	6.0	0.0	2.0	0.0	0.0	0.0	0.0	1.0	0.0	0.0	0.0	0.0
	3p	+	25	1526.0	729.0	721.0	1310.0	4286.0	1.0	7.0	8.0	3.0	0.0	2.0	2.0	4.0	1.0	1.0	0.0	7.0	0.0	0.0	0.0	0.0	1.0	0.0	1.0	0.0	0.0
	3p	+	26	1538.0	709.0	743.0	1295.0	4285.0	2.0	11.0	4.0	3.0	1.0	0.0	2.0	2.0	0.0	1.0	2.0	8.0	0.0	0.0	0.0	0.0	1.0	0.0	0.0	2.0	0.0
	3p	+	27	1562.0	731.0	675.0	1318.0	4286.0	4.0	13.0	4.0	4.0	4.0	1.0	1.0	1.0	0.0	0.0	1.0	8.0	0.0	0.0	0.0	0.0	1.0	0.0	0.0	0.0	0.0
	3p	+	28	1481.0	792.0	736.0	1275.0	4284.0	4.0	11.0	7.0	5.0	4.0	1.0	2.0	0.0	3.0	1.0	1.0	0.0	0.0	0.0	0.0	0.0	2.0	0.0	2.0	0.0	0.0
	3p	+	29	1506.0	711.0	732.0	1336.0	4285.0	6.0	3.0	5.0	5.0	2.0	1.0	2.0	1.0	3.0	0.0	2.0	5.0	0.0	0.0	0.0	0.0	2.0	0.0	0.0	0.0	0.0
	3p	+	30	1465.0	752.0	747.0	1322.0	4286.0	14.0	29.0	5.0	7.0	0.0	1.0	1.0	7.0	1.0	0.0	1.0	4.0	0.0	0.0	0.0	0.0	2.0	0.0	0.0	0.0	0.0
	3p	+	31	1474.0	700.0	659.0	1222.0	4055.0	6.0	16.0	0.0	2.0	2.0	4.0	3.0	1.0	2.0	2.0	0.0	7.0	0.0	0.0	0.0	0.0	0.0	0.0	0.0	1.0	0.0
	3p	+	32	1398.0	603.0	633.0	1220.0	3854.0	2.0	20.0	5.0	5.0	2.0	1.0	1.0	1.0	0.0	1.0	2.0	5.0	0.0	0.0	0.0	0.0	0.0	0.0	0.0	0.0	0.0
	3p	+	33	1323.0	613.0	590.0	1130.0	3656.0	2.0	17.0	6.0	4.0	2.0	4.0	1.0	0.0	2.0	2.0	1.0	3.0	0.0	0.0	0.0	0.0	1.0	0.0	1.0	0.0	0.0
	3p	+	34	1201.0	593.0	557.0	1087.0	3438.0	2.0	12.0	6.0	1.0	3.0	2.0	0.0	1.0	0.0	1.0	2.0	5.0	0.0	0.0	0.0	0.0	2.0	0.0	0.0	0.0	0.0
	3p	+	35	1152.0	539.0	506.0	992.0	3189.0	3.0	16.0	5.0	6.0	2.0	3.0	2.0	1.0	1.0	2.0	1.0	6.0	0.0	0.0	0.0	0.0	1.0	0.0	0.0	1.0	0.0
	3p	+	36	1096.0	523.0	468.0	904.0	2991.0	5.0	20.0	1.0	4.0	0.0	3.0	1.0	2.0	1.0	3.0	2.0	2.0	0.0	0.0	0.0	0.0	2.0	0.0	0.0	0.0	0.0
	3p	+	37	977.0	481.0	430.0	889.0	2777.0	3.0	19.0	0.0	2.0	0.0	2.0	0.0	3.0	1.0	2.0	1.0	3.0	0.0	0.0	0.0	0.0	1.0	0.0	0.0	0.0	0.0
	3p	+	38	929.0	466.0	410.0	778.0	2583.0	2.0	14.0	1.0	5.0	3.0	3.0	0.0	2.0	0.0	0.0	3.0	1.0	0.0	0.0	0.0	0.0	0.0	0.0	0.0	0.0	0.0
	3p	+	39	833.0	432.0	383.0	746.0	2394.0	1.0	14.0	3.0	2.0	0.0	0.0	0.0	1.0	1.0	1.0	0.0	3.0	0.0	0.0	0.0	0.0	1.0	0.0	1.0	0.0	0.0
	3p	+	40	771.0	399.0	331.0	701.0	2202.0	1.0	12.0	2.0	1.0	1.0	2.0	0.0	1.0	1.0	0.0	2.0	4.0	0.0	0.0	0.0	0.0	0.0	0.0	0.0	0.0	0.0
	3p	+	41	742.0	355.0	315.0	618.0	2030.0	6.0	12.0	4.0	1.0	0.0	0.0	0.0	1.0	0.0	1.0	2.0	3.0	0.0	0.0	0.0	0.0	0.0	0.0	0.0	0.0	0.0
	3p	+	42	613.0	317.0	301.0	622.0	1853.0	2.0	15.0	2.0	5.0	2.0	1.0	0.0	1.0	2.0	3.0	1.0	1.0	0.0	0.0	0.0	0.0	0.0	0.0	0.0	0.0	0.0
	3p	+	43	601.0	263.0	256.0	594.0	1714.0	1.0	6.0	4.0	3.0	1.0	1.0	1.0	0.0	0.0	1.0	1.0	2.0	0.0	0.0	0.0	0.0	0.0	0.0	0.0	1.0	0.0
	3p	+	44	562.0	280.0	252.0	506.0	1600.0	2.0	11.0	2.0	1.0	0.0	1.0	0.0	0.0	0.0	0.0	0.0	3.0	0.0	0.0	0.0	0.0	1.0	0.0	0.0	0.0	0.0
	3p	+	45	558.0	235.0	223.0	443.0	1459.0	1.0	12.0	1.0	1.0	0.0	3.0	0.0	1.0	1.0	1.0	1.0	1.0	0.0	0.0	0.0	0.0	0.0	0.0	0.0	0.0	0.0
	3p	+	46	492.0	234.0	187.0	418.0	1331.0	0.0	8.0	2.0	0.0	1.0	1.0	0.0	0.0	0.0	1.0	1.0	2.0	0.0	0.0	0.0	0.0	1.0	0.0	0.0	0.0	0.0
	3p	+	47	455.0	208.0	175.0	375.0	1213.0	1.0	14.0	1.0	1.0	0.0	0.0	0.0	0.0	0.0	1.0	1.0	2.0	0.0	0.0	0.0	0.0	1.0	0.0	0.0	0.0	0.0
	3p	+	48	395.0	182.0	169.0	379.0	1125.0	1.0	10.0	1.0	1.0	0.0	0.0	0.0	0.0	0.0	0.0	0.0	1.0	0.0	0.0	0.0	0.0	0.0	0.0	0.0	0.0	0.0
	3p	+	49	385.0	172.0	158.0	319.0	1034.0	4.0	3.0	0.0	3.0	0.0	1.0	0.0	2.0	0.0	2.0	1.0	0.0	0.0	0.0	0.0	0.0	0.0	0.0	0.0	0.0	0.0
	3p	+	50	343.0	159.0	144.0	319.0	965.0	2.0	6.0	1.0	0.0	1.0	0.0	0.0	1.0	0.0	0.0	0.0	1.0	0.0	0.0	0.0	0.0	0.0	0.0	0.0	0.0	0.0
	3p	+	51	313.0	153.0	137.0	286.0	889.0	2.0	4.0	1.0	1.0	0.0	0.0	0.0	2.0	1.0	3.0	0.0	1.0	0.0	0.0	0.0	0.0	1.0	0.0	0.0	0.0	0.0
	3p	+	52	290.0	145.0	107.0	282.0	824.0	0.0	5.0	0.0	4.0	1.0	0.0	0.0	0.0	0.0	0.0	1.0	0.0	0.0	0.0	0.0	0.0	1.0	0.0	0.0	0.0	0.0
	3p	+	53	273.0	138.0	113.0	231.0	755.0	1.0	2.0	1.0	2.0	0.0	1.0	1.0	0.0	1.0	3.0	0.0	0.0	0.0	0.0	0.0	0.0	1.0	0.0	0.0	0.0	0.0
	3p	+	54	226.0	113.0	109.0	233.0	681.0	0.0	4.0	2.0	0.0	0.0	1.0	0.0	0.0	0.0	0.0	0.0	3.0	0.0	0.0	0.0	0.0	0.0	0.0	0.0	1.0	0.0
	3p	+	55	237.0	79.0	93.0	211.0	620.0	2.0	3.0	0.0	0.0	0.0	1.0	0.0	0.0	1.0	0.0	0.0	1.0	0.0	0.0	0.0	0.0	0.0	0.0	1.0	0.0	0.0
	3p	+	56	188.0	95.0	83.0	197.0	563.0	3.0	8.0	1.0	1.0	0.0	1.0	0.0	0.0	0.0	1.0	0.0	1.0	0.0	0.0	0.0	0.0	0.0	0.0	0.0	0.0	0.0
	3p	+	57	181.0	91.0	69.0	167.0	508.0	0.0	5.0	0.0	1.0	0.0	0.0	0.0	0.0	0.0	0.0	0.0	1.0	0.0	0.0	0.0	0.0	0.0	0.0	0.0	0.0	0.0
	3p	+	58	150.0	78.0	70.0	152.0	450.0	0.0	3.0	0.0	4.0	0.0	0.0	0.0	0.0	0.0	0.0	0.0	1.0	0.0	0.0	0.0	0.0	0.0	0.0	0.0	0.0	0.0
	3p	+	59	127.0	58.0	76.0	143.0	404.0	1.0	1.0	1.0	0.0	0.0	0.0	0.0	0.0	0.0	0.0	0.0	2.0	0.0	0.0	0.0	0.0	0.0	0.0	0.0	0.0	0.0
	3p	+	60	123.0	67.0	59.0	123.0	372.0	2.0	3.0	0.0	0.0	1.0	0.0	0.0	1.0	0.0	0.0	0.0	0.0	0.0	0.0	0.0	0.0	0.0	0.0	0.0	0.0	0.0
	3p	+	61	118.0	64.0	59.0	99.0	340.0	3.0	5.0	0.0	0.0	0.0	1.0	0.0	0.0	0.0	0.0	0.0	0.0	0.0	0.0	0.0	0.0	0.0	0.0	0.0	0.0	0.0
	3p	+	62	107.0	46.0	51.0	100.0	304.0	0.0	0.0	0.0	0.0	0.0	0.0	0.0	0.0	0.0	0.0	0.0	1.0	0.0	0.0	0.0	0.0	0.0	0.0	0.0	0.0	0.0
	3p	+	63	96.0	48.0	46.0	99.0	289.0	1.0	0.0	1.0	0.0	0.0	0.0	0.0	0.0	0.0	0.0	0.0	1.0	0.0	0.0	0.0	0.0	0.0	0.0	0.0	0.0	0.0
	3p	+	64	93.0	48.0	35.0	92.0	268.0	1.0	2.0	0.0	0.0	0.0	0.0	0.0	0.0	1.0	0.0	0.0	0.0	0.0	0.0	0.0	0.0	0.0	0.0	0.0	0.0	0.0
	3p	+	65	91.0	39.0	34.0	76.0	240.0	0.0	4.0	0.0	0.0	0.0	0.0	1.0	0.0	0.0	0.0	0.0	0.0	0.0	0.0	0.0	0.0	0.0	0.0	0.0	0.0	0.0
	3p	+	66	80.0	39.0	32.0	74.0	225.0	1.0	3.0	0.0	0.0	0.0	0.0	0.0	0.0	0.0	0.0	0.0	0.0	0.0	0.0	0.0	0.0	0.0	0.0	0.0	0.0	0.0
	3p	+	67	67.0	45.0	25.0	68.0	205.0	0.0	6.0	0.0	0.0	0.0	2.0	1.0	0.0	0.0	0.0	0.0	1.0	0.0	0.0	0.0	0.0	0.0	0.0	0.0	0.0	0.0
	3p	+	68	60.0	34.0	25.0	64.0	183.0	0.0	2.0	0.0	0.0	0.0	0.0	0.0	0.0	1.0	0.0	0.0	0.0	0.0	0.0	0.0	0.0	0.0	0.0	0.0	0.0	0.0
	3p	+	69	62.0	31.0	23.0	50.0	166.0	0.0	1.0	0.0	0.0	0.0	0.0	1.0	0.0	1.0	0.0	0.0	0.0	0.0	0.0	0.0	0.0	0.0	0.0	0.0	0.0	0.0
	3p	+	70	53.0	22.0	17.0	45.0	137.0	0.0	0.0	0.0	0.0	0.0	0.0	0.0	0.0	0.0	0.0	0.0	0.0	0.0	0.0	0.0	0.0	0.0	0.0	0.0	0.0	0.0
	3p	+	71	47.0	20.0	20.0	35.0	122.0	0.0	2.0	0.0	1.0	0.0	0.0	0.0	0.0	0.0	0.0	0.0	1.0	0.0	0.0	0.0	0.0	0.0	0.0	0.0	0.0	0.0
	3p	+	72	31.0	9.0	26.0	40.0	106.0	1.0	0.0	0.0	1.0	0.0	0.0	0.0	0.0	1.0	0.0	0.0	0.0	0.0	0.0	0.0	0.0	0.0	0.0	0.0	0.0	0.0
	3p	+	73	29.0	16.0	17.0	28.0	90.0	0.0	0.0	0.0	0.0	0.0	0.0	0.0	0.0	0.0	0.0	0.0	1.0	0.0	0.0	0.0	0.0	0.0	0.0	0.0	0.0	0.0
	3p	+	74	20.0	17.0	9.0	31.0	77.0	0.0	0.0	0.0	0.0	0.0	0.0	0.0	0.0	0.0	0.0	0.0	0.0	0.0	0.0	0.0	0.0	0.0	0.0	0.0	0.0	0.0
	3p	+	75	27.0	11.0	10.0	24.0	72.0	0.0	0.0	0.0	0.0	0.0	0.0	0.0	0.0	0.0	0.0	0.0	0.0	0.0	0.0	0.0	0.0	0.0	0.0	0.0	0.0	0.0
	3p	+	76	19.0	18.0	10.0	19.0	66.0	0.0	1.0	0.0	0.0	0.0	0.0	0.0	0.0	0.0	0.0	0.0	0.0	0.0	0.0	0.0	0.0	0.0	0.0	0.0	0.0	0.0
	3p	+	77	26.0	11.0	7.0	16.0	60.0	0.0	1.0	0.0	0.0	1.0	0.0	0.0	0.0	0.0	0.0	0.0	0.0	0.0	0.0	0.0	0.0	0.0	0.0	0.0	0.0	0.0
	3p	+	78	23.0	12.0	4.0	16.0	55.0	0.0	1.0	0.0	0.0	0.0	0.0	0.0	0.0	0.0	0.0	0.0	0.0	0.0	0.0	0.0	0.0	0.0	0.0	0.0	0.0	0.0
	3p	+	79	17.0	9.0	7.0	9.0	42.0	0.0	0.0	0.0	0.0	0.0	0.0	0.0	0.0	0.0	0.0	0.0	0.0	0.0	0.0	0.0	0.0	0.0	0.0	0.0	0.0	0.0
	3p	+	80	14.0	6.0	5.0	13.0	38.0	0.0	1.0	0.0	0.0	0.0	0.0	0.0	0.0	0.0	0.0	0.0	0.0	0.0	0.0	0.0	0.0	0.0	0.0	0.0	0.0	0.0
	3p	+	81	12.0	5.0	1.0	14.0	32.0	0.0	0.0	0.0	0.0	0.0	0.0	0.0	0.0	0.0	0.0	0.0	0.0	0.0	0.0	0.0	0.0	0.0	0.0	0.0	0.0	0.0
	3p	+	82	10.0	5.0	6.0	5.0	26.0	0.0	0.0	0.0	0.0	0.0	0.0	0.0	0.0	0.0	0.0	0.0	0.0	0.0	0.0	0.0	0.0	0.0	0.0	0.0	0.0	0.0
	3p	+	83	6.0	1.0	6.0	7.0	20.0	0.0	0.0	0.0	0.0	0.0	0.0	0.0	0.0	0.0	0.0	0.0	0.0	0.0	0.0	0.0	0.0	0.0	0.0	0.0	0.0	0.0
	3p	+	84	7.0	2.0	2.0	8.0	19.0	0.0	0.0	0.0	0.0	0.0	0.0	0.0	0.0	0.0	0.0	0.0	0.0	0.0	0.0	0.0	0.0	0.0	0.0	0.0	0.0	0.0
	3p	+	85	5.0	3.0	2.0	7.0	17.0	0.0	0.0	0.0	0.0	0.0	1.0	0.0	0.0	0.0	0.0	0.0	0.0	0.0	0.0	0.0	0.0	0.0	0.0	0.0	0.0	0.0
	3p	+	86	3.0	3.0	2.0	5.0	13.0	0.0	1.0	0.0	0.0	0.0	0.0	0.0	0.0	0.0	0.0	0.0	0.0	0.0	0.0	0.0	0.0	0.0	0.0	0.0	0.0	0.0
	3p	+	87	0.0	2.0	2.0	5.0	9.0	0.0	0.0	0.0	0.0	0.0	0.0	0.0	0.0	0.0	0.0	0.0	0.0	0.0	0.0	0.0	0.0	0.0	0.0	0.0	0.0	0.0
	3p	+	88	2.0	0.0	0.0	6.0	8.0	0.0	0.0	0.0	0.0	0.0	0.0	0.0	0.0	0.0	0.0	0.0	0.0	0.0	0.0	0.0	0.0	0.0	0.0	0.0	0.0	0.0
	3p	+	89	0.0	1.0	1.0	4.0	6.0	0.0	0.0	0.0	0.0	0.0	0.0	0.0	0.0	0.0	0.0	0.0	0.0	0.0	0.0	0.0	0.0	0.0	0.0	0.0	0.0	0.0
	3p	+	90	2.0	1.0	1.0	0.0	4.0	0.0	0.0	0.0	0.0	0.0	0.0	0.0	0.0	0.0	0.0	0.0	0.0	0.0	0.0	0.0	0.0	0.0	0.0	0.0	0.0	0.0
	3p	+	91	0.0	0.0	0.0	3.0	3.0	0.0	0.0	0.0	0.0	0.0	0.0	0.0	0.0	0.0	0.0	0.0	0.0	0.0	0.0	0.0	0.0	0.0	0.0	0.0	0.0	0.0
	3p	+	92	0.0	0.0	0.0	0.0	0.0	0.0	0.0	0.0	0.0	0.0	0.0	0.0	0.0	0.0	0.0	0.0	0.0	0.0	0.0	0.0	0.0	0.0	0.0	0.0	0.0	0.0
	3p	+	93	0.0	0.0	0.0	0.0	0.0	0.0	0.0	0.0	0.0	0.0	0.0	0.0	0.0	0.0	0.0	0.0	0.0	0.0	0.0	0.0	0.0	0.0	0.0	0.0	0.0	0.0
	3p	+	94	0.0	0.0	0.0	0.0	0.0	0.0	0.0	0.0	0.0	0.0	0.0	0.0	0.0	0.0	0.0	0.0	0.0	0.0	0.0	0.0	0.0	0.0	0.0	0.0	0.0	0.0
	3p	+	95	0.0	0.0	0.0	0.0	0.0	0.0	0.0	0.0	0.0	0.0	0.0	0.0	0.0	0.0	0.0	0.0	0.0	0.0	0.0	0.0	0.0	0.0	0.0	0.0	0.0	0.0
	3p	+	96	0.0	0.0	0.0	0.0	0.0	0.0	0.0	0.0	0.0	0.0	0.0	0.0	0.0	0.0	0.0	0.0	0.0	0.0	0.0	0.0	0.0	0.0	0.0	0.0	0.0	0.0
	3p	+	97	0.0	0.0	0.0	0.0	0.0	0.0	0.0	0.0	0.0	0.0	0.0	0.0	0.0	0.0	0.0	0.0	0.0	0.0	0.0	0.0	0.0	0.0	0.0	0.0	0.0	0.0
	3p	+	98	0.0	0.0	0.0	0.0	0.0	0.0	0.0	0.0	0.0	0.0	0.0	0.0	0.0	0.0	0.0	0.0	0.0	0.0	0.0	0.0	0.0	0.0	0.0	0.0	0.0	0.0
	3p	+	99	0.0	0.0	0.0	0.0	0.0	0.0	0.0	0.0	0.0	0.0	0.0	0.0	0.0	0.0	0.0	0.0	0.0	0.0	0.0	0.0	0.0	0.0	0.0	0.0	0.0	0.0
	3p	+	100	0.0	0.0	0.0	0.0	0.0	0.0	0.0	0.0	0.0	0.0	0.0	0.0	0.0	0.0	0.0	0.0	0.0	0.0	0.0	0.0	0.0	0.0	0.0	0.0	0.0	0.0
	3p	-	1	1639.0	617.0	358.0	1625.0	4239.0	5.0	257.0	0.0	3.0	3.0	6.0	1.0	1.0	0.0	5.0	3.0	4.00.0	0.0	0.0	0.0	0.0	0.0	0.0	0.0	0.0
	3p	-	2	1726.0	852.0	459.0	1202.0	4239.0	11.0	173.0	4.0	2.0	6.0	1.0	1.0	4.0	1.0	5.0	0.0	4.00.0	0.0	0.0	0.0	0.0	0.0	0.0	0.0	0.0
	3p	-	3	1595.0	729.0	636.0	1277.0	4237.0	5.0	29.0	8.0	3.0	3.0	4.0	1.0	3.0	4.0	1.0	3.0	5.00.0	0.0	0.0	0.0	1.0	0.0	0.0	0.0	0.0
	3p	-	4	1562.0	759.0	620.0	1297.0	4238.0	3.0	25.0	7.0	7.0	0.0	1.0	2.0	6.0	1.0	1.0	1.0	10.00.0	0.0	0.0	0.0	1.0	0.0	0.0	0.0	0.0
	3p	-	5	1616.0	709.0	684.0	1229.0	4238.0	2.0	9.0	7.0	8.0	3.0	2.0	0.0	4.0	0.0	5.0	4.0	10.00.0	0.0	0.0	0.0	1.0	0.0	0.0	0.0	0.0
	3p	-	6	1616.0	706.0	669.0	1247.0	4238.0	1.0	10.0	6.0	4.0	7.0	1.0	2.0	3.0	1.0	2.0	0.0	13.00.0	0.0	0.0	0.0	0.0	0.0	1.0	0.0	0.0
	3p	-	7	1601.0	730.0	672.0	1232.0	4235.0	3.0	10.0	4.0	5.0	2.0	1.0	2.0	3.0	1.0	3.0	0.0	4.00.0	0.0	0.0	0.0	2.0	0.0	0.0	0.0	0.0
	3p	-	8	1557.0	686.0	687.0	1307.0	4237.0	9.0	15.0	6.0	2.0	0.0	3.0	3.0	0.0	3.0	2.0	4.0	2.00.0	0.0	0.0	0.0	0.0	0.0	1.0	0.0	0.0
	3p	-	9	1546.0	683.0	746.0	1261.0	4236.0	2.0	12.0	7.0	4.0	5.0	3.0	0.0	3.0	0.0	1.0	1.0	6.00.0	0.0	0.0	0.0	1.0	0.0	0.0	2.0	0.0
	3p	-	10	1527.0	718.0	694.0	1298.0	4237.0	3.0	10.0	5.0	2.0	0.0	0.0	1.0	3.0	1.0	1.0	1.0	8.00.0	0.0	0.0	0.0	2.0	0.0	0.0	0.0	0.0
	3p	-	11	1499.0	762.0	691.0	1284.0	4236.0	2.0	5.0	7.0	5.0	1.0	0.0	4.0	0.0	1.0	0.0	2.0	4.00.0	0.0	0.0	0.0	1.0	0.0	0.0	0.0	0.0
	3p	-	12	1523.0	715.0	740.0	1257.0	4235.0	6.0	7.0	1.0	3.0	2.0	0.0	1.0	2.0	0.0	2.0	1.0	6.00.0	0.0	0.0	0.0	1.0	0.0	0.0	1.0	0.0
	3p	-	13	1443.0	728.0	737.0	1328.0	4236.0	5.0	2.0	6.0	6.0	0.0	1.0	0.0	2.0	1.0	1.0	1.0	9.00.0	0.0	0.0	0.0	0.0	0.0	1.0	1.0	0.0
	3p	-	14	1519.0	751.0	670.0	1296.0	4236.0	7.0	5.0	6.0	3.0	0.0	1.0	1.0	1.0	3.0	3.0	0.0	5.00.0	0.0	0.0	0.0	2.0	0.0	0.0	0.0	0.0
	3p	-	15	1487.0	760.0	677.0	1311.0	4235.0	8.0	3.0	14.0	4.0	1.0	1.0	0.0	0.0	1.0	3.0	2.0	9.00.0	0.0	0.0	0.0	1.0	0.0	0.0	0.0	0.0
	3p	-	16	1506.0	750.0	684.0	1293.0	4233.0	5.0	10.0	5.0	4.0	1.0	3.0	1.0	5.0	2.0	3.0	1.0	5.00.0	0.0	0.0	0.0	3.0	0.0	0.0	1.0	0.0
	3p	-	17	1441.0	778.0	694.0	1318.0	4231.0	2.0	7.0	7.0	9.0	2.0	3.0	1.0	3.0	0.0	0.0	1.0	8.00.0	0.0	0.0	0.0	3.0	0.0	0.0	0.0	0.0
	3p	-	18	1465.0	754.0	728.0	1284.0	4231.0	4.0	9.0	4.0	4.0	1.0	0.0	1.0	3.0	1.0	2.0	1.0	7.00.0	0.0	0.0	0.0	7.0	0.0	0.0	0.0	0.0
	3p	-	19	1481.0	806.0	667.0	1279.0	4233.0	11.0	7.0	2.0	2.0	0.0	2.0	1.0	3.0	2.0	3.0	0.0	6.00.0	0.0	0.0	0.0	5.0	0.0	0.0	0.0	0.0
	3p	-	20	1455.0	739.0	702.0	1341.0	4237.0	5.0	14.0	2.0	2.0	0.0	3.0	1.0	1.0	2.0	2.0	1.0	9.00.0	0.0	0.0	0.0	1.0	0.0	0.0	0.0	0.0
	3p	-	21	1426.0	745.0	675.0	1391.0	4237.0	3.0	7.0	1.0	4.0	1.0	3.0	2.0	2.0	2.0	2.0	1.0	10.00.0	0.0	0.0	0.0	0.0	0.0	1.0	1.0	0.0
	3p	-	22	1444.0	767.0	746.0	1278.0	4235.0	5.0	4.0	2.0	2.0	0.0	1.0	0.0	1.0	0.0	0.0	0.0	4.00.0	0.0	0.0	0.0	1.0	0.0	2.0	0.0	0.0
	3p	-	23	1512.0	727.0	687.0	1310.0	4236.0	2.0	9.0	6.0	2.0	1.0	3.0	1.0	3.0	3.0	1.0	1.0	1.00.0	0.0	0.0	0.0	1.0	0.0	0.0	2.0	0.0
	3p	-	24	1495.0	739.0	721.0	1280.0	4235.0	5.0	9.0	5.0	7.0	1.0	1.0	1.0	1.0	3.0	0.0	1.0	9.00.0	0.0	0.0	0.0	1.0	0.0	0.0	1.0	0.0
	3p	-	25	1456.0	781.0	702.0	1299.0	4238.0	5.0	15.0	7.0	7.0	1.0	0.0	1.0	0.0	0.0	0.0	2.0	5.00.0	0.0	0.0	0.0	0.0	0.0	1.0	0.0	0.0
	3p	-	26	1528.0	759.0	705.0	1244.0	4236.0	5.0	7.0	3.0	5.0	0.0	2.0	0.0	2.0	4.0	1.0	2.0	4.00.0	0.0	0.0	0.0	3.0	0.0	0.0	0.0	0.0
	3p	-	27	1458.0	791.0	717.0	1272.0	4238.0	5.0	8.0	6.0	3.0	2.0	3.0	2.0	4.0	1.0	2.0	1.0	7.00.0	0.0	0.0	0.0	0.0	0.0	0.0	0.0	0.0
	3p	-	28	1467.0	726.0	701.0	1343.0	4237.0	3.0	5.0	3.0	4.0	0.0	1.0	2.0	2.0	2.0	1.0	0.0	8.00.0	0.0	0.0	0.0	1.0	0.0	0.0	1.0	0.0
	3p	-	29	1531.0	744.0	693.0	1268.0	4236.0	5.0	8.0	4.0	2.0	0.0	2.0	0.0	4.0	1.0	0.0	0.0	8.00.0	0.0	0.0	0.0	2.0	0.0	0.0	0.0	0.0
	3p	-	30	1422.0	769.0	678.0	1368.0	4237.0	8.0	17.0	4.0	5.0	0.0	1.0	1.0	3.0	2.0	4.0	0.0	5.00.0	0.0	0.0	0.0	1.0	0.0	0.0	0.0	0.0
	3p	-	31	1421.0	684.0	653.0	1266.0	4024.0	3.0	11.0	4.0	4.0	0.0	2.0	1.0	0.0	1.0	3.0	3.0	7.00.0	0.0	0.0	0.0	0.0	0.0	0.0	0.0	0.0
	3p	-	32	1333.0	672.0	558.0	1233.0	3796.0	4.0	31.0	3.0	2.0	1.0	2.0	0.0	1.0	2.0	5.0	2.0	5.00.0	0.0	0.0	0.0	0.0	0.0	0.0	0.0	0.0
	3p	-	33	1229.0	630.0	580.0	1134.0	3573.0	3.0	18.0	2.0	1.0	0.0	2.0	0.0	2.0	0.0	2.0	1.0	9.00.0	0.0	0.0	0.0	1.0	0.0	0.0	0.0	0.0
	3p	-	34	1175.0	593.0	494.0	1101.0	3363.0	3.0	21.0	2.0	2.0	0.0	1.0	0.0	0.0	0.0	1.0	1.0	6.00.0	0.0	0.0	0.0	1.0	0.0	0.0	0.0	0.0
	3p	-	35	1120.0	603.0	502.0	923.0	3148.0	1.0	18.0	3.0	2.0	1.0	2.0	0.0	2.0	1.0	1.0	0.0	4.00.0	0.0	0.0	0.0	0.0	0.0	0.0	0.0	0.0
	3p	-	36	1051.0	510.0	439.0	917.0	2917.0	2.0	20.0	2.0	1.0	0.0	2.0	1.0	3.0	1.0	0.0	0.0	1.00.0	0.0	0.0	0.0	0.0	0.0	0.0	1.0	0.0
	3p	-	37	997.0	471.0	443.0	828.0	2739.0	3.0	14.0	0.0	3.0	1.0	1.0	1.0	3.0	0.0	0.0	0.0	3.00.0	0.0	0.0	0.0	0.0	0.0	0.0	0.0	0.0
	3p	-	38	848.0	427.0	407.0	850.0	2532.0	2.0	23.0	1.0	2.0	1.0	2.0	0.0	0.0	1.0	0.0	0.0	4.00.0	0.0	0.0	0.0	1.0	0.0	0.0	0.0	0.0
	3p	-	39	832.0	407.0	317.0	783.0	2339.0	5.0	12.0	3.0	4.0	0.0	3.0	0.0	2.0	0.0	1.0	0.0	1.00.0	0.0	0.0	0.0	1.0	0.0	0.0	0.0	0.0
	3p	-	40	771.0	375.0	342.0	680.0	2168.0	2.0	13.0	5.0	3.0	4.0	2.0	1.0	1.0	2.0	1.0	0.0	2.00.0	0.0	0.0	0.0	0.0	0.0	0.0	0.0	0.0
	3p	-	41	717.0	346.0	312.0	634.0	2009.0	3.0	14.0	3.0	1.0	2.0	0.0	0.0	2.0	1.0	4.0	0.0	2.00.0	0.0	0.0	0.0	0.0	0.0	0.0	0.0	0.0
	3p	-	42	635.0	340.0	295.0	584.0	1854.0	2.0	16.0	2.0	1.0	1.0	3.0	0.0	0.0	0.0	1.0	0.0	2.00.0	0.0	0.0	0.0	0.0	0.0	0.0	0.0	0.0
	3p	-	43	616.0	283.0	280.0	524.0	1703.0	1.0	12.0	1.0	3.0	1.0	2.0	1.0	0.0	2.0	2.0	0.0	2.00.0	0.0	0.0	0.0	1.0	0.0	0.0	0.0	0.0
	3p	-	44	548.0	287.0	241.0	504.0	1580.0	4.0	9.0	1.0	1.0	1.0	2.0	0.0	1.0	0.0	0.0	1.0	2.00.0	0.0	0.0	0.0	0.0	0.0	0.0	0.0	0.0
	3p	-	45	488.0	254.0	235.0	466.0	1443.0	1.0	11.0	2.0	2.0	2.0	2.0	0.0	0.0	0.0	1.0	0.0	2.00.0	0.0	0.0	0.0	0.0	0.0	0.0	0.0	0.0
	3p	-	46	449.0	223.0	195.0	446.0	1313.0	3.0	4.0	3.0	0.0	1.0	1.0	0.0	1.0	2.0	0.0	0.0	1.00.0	0.0	0.0	0.0	0.0	0.0	0.0	0.0	0.0
	3p	-	47	409.0	200.0	218.0	386.0	1213.0	1.0	2.0	0.0	3.0	0.0	0.0	0.0	0.0	0.0	1.0	0.0	1.00.0	0.0	0.0	0.0	0.0	0.0	0.0	0.0	0.0
	3p	-	48	390.0	169.0	173.0	383.0	1115.0	1.0	5.0	1.0	2.0	1.0	1.0	0.0	0.0	0.0	1.0	0.0	2.00.0	0.0	0.0	0.0	0.0	0.0	0.0	0.0	0.0
	3p	-	49	387.0	181.0	149.0	313.0	1030.0	0.0	9.0	1.0	1.0	0.0	1.0	0.0	0.0	1.0	0.0	0.0	2.00.0	0.0	0.0	0.0	0.0	0.0	0.0	0.0	0.0
	3p	-	50	338.0	160.0	131.0	310.0	939.0	0.0	4.0	2.0	2.0	0.0	2.0	0.0	0.0	0.0	2.0	0.0	3.00.0	0.0	0.0	0.0	0.0	0.0	0.0	0.0	0.0
	3p	-	51	279.0	146.0	156.0	270.0	851.0	2.0	5.0	0.0	1.0	0.0	0.0	0.0	0.0	0.0	0.0	0.0	1.00.0	0.0	0.0	0.0	0.0	0.0	0.0	0.0	0.0
	3p	-	52	271.0	136.0	118.0	249.0	774.0	0.0	5.0	0.0	0.0	0.0	0.0	1.0	2.0	0.0	0.0	0.0	1.00.0	0.0	0.0	0.0	1.0	0.0	0.0	0.0	0.0
	3p	-	53	262.0	123.0	118.0	210.0	713.0	0.0	4.0	1.0	3.0	0.0	2.0	0.0	0.0	1.0	0.0	1.0	0.00.0	0.0	0.0	0.0	0.0	0.0	0.0	0.0	0.0
	3p	-	54	233.0	102.0	96.0	227.0	658.0	1.0	4.0	2.0	2.0	0.0	0.0	1.0	1.0	1.0	1.0	1.0	0.00.0	0.0	0.0	0.0	0.0	0.0	0.0	0.0	0.0
	3p	-	55	194.0	106.0	95.0	190.0	585.0	3.0	6.0	0.0	0.0	0.0	0.0	0.0	0.0	0.0	1.0	0.0	0.00.0	0.0	0.0	0.0	0.0	0.0	0.0	0.0	0.0
	3p	-	56	190.0	84.0	72.0	186.0	532.0	0.0	3.0	1.0	2.0	0.0	0.0	0.0	2.0	0.0	0.0	0.0	0.00.0	0.0	0.0	0.0	0.0	0.0	0.0	0.0	0.0
	3p	-	57	186.0	89.0	70.0	138.0	483.0	0.0	0.0	0.0	0.0	1.0	0.0	0.0	0.0	0.0	0.0	0.0	1.00.0	0.0	0.0	0.0	0.0	0.0	0.0	0.0	0.0
	3p	-	58	167.0	79.0	62.0	145.0	453.0	1.0	2.0	1.0	1.0	0.0	0.0	0.0	0.0	0.0	0.0	0.0	2.00.0	0.0	0.0	0.0	0.0	0.0	0.0	0.0	0.0
	3p	-	59	122.0	79.0	73.0	139.0	413.0	0.0	9.0	1.0	1.0	0.0	0.0	2.0	0.0	0.0	1.0	0.0	1.00.0	0.0	0.0	0.0	0.0	0.0	0.0	0.0	0.0
	3p	-	60	127.0	59.0	60.0	124.0	370.0	0.0	2.0	0.0	0.0	0.0	0.0	0.0	0.0	0.0	1.0	0.0	0.00.0	0.0	0.0	0.0	0.0	0.0	0.0	0.0	0.0
	3p	-	61	102.0	64.0	48.0	115.0	329.0	0.0	2.0	1.0	0.0	0.0	0.0	0.0	0.0	0.0	2.0	0.0	0.00.0	0.0	0.0	0.0	0.0	0.0	0.0	0.0	0.0
	3p	-	62	104.0	44.0	43.0	103.0	294.0	0.0	2.0	0.0	0.0	0.0	0.0	0.0	0.0	0.0	0.0	0.0	0.00.0	0.0	0.0	0.0	0.0	0.0	0.0	0.0	0.0
	3p	-	63	89.0	48.0	37.0	91.0	265.0	0.0	1.0	0.0	0.0	0.0	0.0	0.0	1.0	0.0	0.0	0.0	0.00.0	0.0	0.0	0.0	0.0	0.0	0.0	0.0	0.0
	3p	-	64	81.0	43.0	33.0	82.0	239.0	1.0	1.0	0.0	0.0	0.0	0.0	0.0	0.0	0.0	0.0	0.0	0.00.0	0.0	0.0	0.0	0.0	0.0	0.0	0.0	0.0
	3p	-	65	77.0	25.0	34.0	72.0	208.0	0.0	1.0	0.0	1.0	0.0	0.0	0.0	0.0	0.0	0.0	0.0	0.00.0	0.0	0.0	0.0	0.0	0.0	0.0	0.0	0.0
	3p	-	66	69.0	28.0	23.0	69.0	189.0	1.0	2.0	0.0	0.0	0.0	0.0	0.0	0.0	0.0	0.0	0.0	0.00.0	0.0	0.0	0.0	0.0	0.0	0.0	0.0	0.0
	3p	-	67	66.0	30.0	17.0	53.0	166.0	0.0	2.0	0.0	0.0	0.0	0.0	0.0	0.0	0.0	0.0	0.0	1.00.0	0.0	0.0	0.0	0.0	0.0	0.0	0.0	0.0
	3p	-	68	53.0	26.0	17.0	53.0	149.0	0.0	0.0	0.0	0.0	0.0	0.0	0.0	0.0	0.0	1.0	0.0	2.00.0	0.0	0.0	0.0	0.0	0.0	0.0	0.0	0.0
	3p	-	69	47.0	26.0	20.0	41.0	134.0	0.0	1.0	0.0	0.0	0.0	0.0	0.0	1.0	0.0	0.0	0.0	0.00.0	0.0	0.0	0.0	0.0	0.0	0.0	0.0	0.0
	3p	-	70	40.0	15.0	21.0	42.0	118.0	0.0	0.0	0.0	1.0	0.0	0.0	0.0	0.0	0.0	0.0	0.0	0.00.0	0.0	0.0	0.0	0.0	0.0	0.0	0.0	0.0
	3p	-	71	36.0	15.0	10.0	39.0	100.0	0.0	0.0	0.0	0.0	0.0	0.0	1.0	0.0	0.0	0.0	0.0	0.00.0	0.0	0.0	0.0	0.0	0.0	0.0	0.0	0.0
	3p	-	72	39.0	19.0	12.0	17.0	87.0	0.0	0.0	1.0	0.0	0.0	0.0	0.0	0.0	0.0	0.0	0.0	1.00.0	0.0	0.0	0.0	0.0	0.0	0.0	0.0	0.0
	3p	-	73	30.0	10.0	8.0	29.0	77.0	0.0	0.0	0.0	0.0	0.0	0.0	0.0	0.0	0.0	0.0	0.0	0.00.0	0.0	0.0	0.0	0.0	0.0	0.0	0.0	0.0
	3p	-	74	28.0	12.0	7.0	23.0	70.0	0.0	1.0	0.0	1.0	0.0	0.0	0.0	0.0	0.0	0.0	0.0	0.00.0	0.0	0.0	0.0	0.0	0.0	0.0	0.0	0.0
	3p	-	75	18.0	9.0	11.0	26.0	64.0	1.0	1.0	0.0	0.0	0.0	0.0	0.0	0.0	0.0	0.0	0.0	0.00.0	0.0	0.0	0.0	0.0	0.0	0.0	0.0	0.0
	3p	-	76	26.0	8.0	10.0	13.0	57.0	0.0	0.0	0.0	0.0	0.0	0.0	0.0	0.0	0.0	0.0	0.0	1.00.0	0.0	0.0	0.0	0.0	0.0	0.0	0.0	0.0
	3p	-	77	22.0	9.0	9.0	13.0	53.0	0.0	1.0	0.0	0.0	0.0	0.0	0.0	0.0	0.0	0.0	0.0	0.00.0	0.0	0.0	0.0	0.0	0.0	0.0	0.0	0.0
	3p	-	78	22.0	5.0	7.0	12.0	46.0	1.0	0.0	0.0	1.0	0.0	0.0	0.0	0.0	0.0	0.0	0.0	0.00.0	0.0	0.0	0.0	0.0	0.0	0.0	0.0	0.0
	3p	-	79	13.0	10.0	5.0	14.0	42.0	1.0	0.0	0.0	0.0	0.0	0.0	0.0	0.0	0.0	0.0	0.0	0.00.0	0.0	0.0	0.0	0.0	0.0	0.0	0.0	0.0
	3p	-	80	16.0	7.0	7.0	6.0	36.0	0.0	0.0	0.0	0.0	0.0	0.0	0.0	0.0	0.0	0.0	0.0	0.00.0	0.0	0.0	0.0	0.0	0.0	0.0	0.0	0.0
	3p	-	81	8.0	6.0	5.0	14.0	33.0	0.0	0.0	0.0	0.0	0.0	0.0	0.0	0.0	0.0	0.0	0.0	0.00.0	0.0	0.0	0.0	0.0	0.0	0.0	0.0	0.0
	3p	-	82	6.0	8.0	2.0	12.0	28.0	0.0	0.0	0.0	0.0	0.0	0.0	0.0	0.0	0.0	0.0	0.0	0.00.0	0.0	0.0	0.0	0.0	0.0	0.0	0.0	0.0
	3p	-	83	9.0	2.0	4.0	4.0	19.0	0.0	0.0	0.0	0.0	0.0	0.0	0.0	0.0	0.0	0.0	0.0	0.00.0	0.0	0.0	0.0	0.0	0.0	0.0	0.0	0.0
	3p	-	84	9.0	4.0	0.0	5.0	18.0	0.0	0.0	0.0	1.0	0.0	0.0	0.0	0.0	0.0	0.0	0.0	0.00.0	0.0	0.0	0.0	0.0	0.0	0.0	0.0	0.0
	3p	-	85	4.0	2.0	3.0	6.0	15.0	0.0	0.0	0.0	0.0	0.0	0.0	0.0	0.0	0.0	0.0	0.0	0.00.0	0.0	0.0	0.0	0.0	0.0	0.0	0.0	0.0
	3p	-	86	3.0	0.0	3.0	3.0	9.0	0.0	0.0	0.0	0.0	0.0	0.0	0.0	0.0	0.0	0.0	0.0	0.00.0	0.0	0.0	0.0	0.0	0.0	0.0	0.0	0.0
	3p	-	87	5.0	0.0	0.0	3.0	8.0	0.0	0.0	0.0	0.0	0.0	0.0	0.0	0.0	0.0	0.0	0.0	0.00.0	0.0	0.0	0.0	0.0	0.0	0.0	0.0	0.0
	3p	-	88	2.0	0.0	1.0	4.0	7.0	0.0	0.0	0.0	0.0	0.0	0.0	0.0	0.0	0.0	0.0	0.0	0.00.0	0.0	0.0	0.0	0.0	0.0	0.0	0.0	0.0
	3p	-	89	1.0	2.0	1.0	2.0	6.0	0.0	0.0	0.0	0.0	0.0	0.0	0.0	0.0	0.0	0.0	0.0	0.00.0	0.0	0.0	0.0	0.0	0.0	0.0	0.0	0.0
	3p	-	90	1.0	0.0	2.0	1.0	4.0	0.0	0.0	0.0	0.0	0.0	0.0	0.0	0.0	0.0	0.0	0.0	0.00.0	0.0	0.0	0.0	0.0	0.0	0.0	0.0	0.0
	3p	-	91	2.0	0.0	0.0	1.0	3.0	0.0	0.0	0.0	0.0	0.0	0.0	0.0	0.0	0.0	0.0	0.0	0.00.0	0.0	0.0	0.0	0.0	0.0	0.0	0.0	0.0
	3p	-	92	0.0	0.0	0.0	0.0	0.0	0.0	0.0	0.0	0.0	0.0	0.0	0.0	0.0	0.0	0.0	0.0	0.00.0	0.0	0.0	0.0	0.0	0.0	0.0	0.0	0.0
	3p	-	93	0.0	0.0	0.0	0.0	0.0	0.0	0.0	0.0	0.0	0.0	0.0	0.0	0.0	0.0	0.0	0.0	0.00.0	0.0	0.0	0.0	0.0	0.0	0.0	0.0	0.0
	3p	-	94	0.0	0.0	0.0	0.0	0.0	0.0	0.0	0.0	0.0	0.0	0.0	0.0	0.0	0.0	0.0	0.0	0.00.0	0.0	0.0	0.0	0.0	0.0	0.0	0.0	0.0
	3p	-	95	0.0	0.0	0.0	0.0	0.0	0.0	0.0	0.0	0.0	0.0	0.0	0.0	0.0	0.0	0.0	0.0	0.00.0	0.0	0.0	0.0	0.0	0.0	0.0	0.0	0.0
	3p	-	96	0.0	0.0	0.0	0.0	0.0	0.0	0.0	0.0	0.0	0.0	0.0	0.0	0.0	0.0	0.0	0.0	0.00.0	0.0	0.0	0.0	0.0	0.0	0.0	0.0	0.0
	3p	-	97	0.0	0.0	0.0	0.0	0.0	0.0	0.0	0.0	0.0	0.0	0.0	0.0	0.0	0.0	0.0	0.0	0.00.0	0.0	0.0	0.0	0.0	0.0	0.0	0.0	0.0
	3p	-	98	0.0	0.0	0.0	0.0	0.0	0.0	0.0	0.0	0.0	0.0	0.0	0.0	0.0	0.0	0.0	0.0	0.00.0	0.0	0.0	0.0	0.0	0.0	0.0	0.0	0.0
	3p	-	99	0.0	0.0	0.0	0.0	0.0	0.0	0.0	0.0	0.0	0.0	0.0	0.0	0.0	0.0	0.0	0.0	0.00.0	0.0	0.0	0.0	0.0	0.0	0.0	0.0	0.0
	3p	-	100	0.0	0.0	0.0	0.0	0.0	0.0	0.0	0.0	0.0	0.0	0.0	0.0	0.0	0.0	0.0	0.0	0.00.0	0.0	0.0	0.0	0.0	0.0	0.0	0.0	0.0
	5p	+	1	1531.0	736.0	458.0	1563.0	4288.0	8.0	197.0	4.0	5.0	4.0	5.0	3.0	7.0	4.0	5.0	1.0	7.00.0	0.0	0.0	0.0	0.0	0.0	0.0	0.0	0.0
	5p	+	2	1486.0	669.0	667.0	1465.0	4287.0	7.0	41.0	4.0	3.0	4.0	6.0	3.0	3.0	3.0	3.0	1.0	6.00.0	0.0	0.0	0.0	0.0	0.0	1.0	0.0	0.0
	5p	+	3	1537.0	748.0	699.0	1303.0	4287.0	4.0	21.0	5.0	4.0	3.0	6.0	3.0	4.0	1.0	3.0	0.0	10.00.0	0.0	0.0	0.0	0.0	0.0	0.0	1.0	0.0
	5p	+	4	1531.0	775.0	731.0	1250.0	4287.0	5.0	8.0	5.0	6.0	0.0	3.0	2.0	2.0	3.0	6.0	0.0	4.00.0	0.0	0.0	0.0	0.0	0.0	0.0	0.0	0.0
	5p	+	5	1518.0	684.0	741.0	1343.0	4286.0	6.0	14.0	4.0	4.0	2.0	1.0	0.0	2.0	1.0	3.0	3.0	7.00.0	0.0	0.0	0.0	0.0	0.0	0.0	1.0	0.0
	5p	+	6	1417.0	755.0	744.0	1370.0	4286.0	5.0	9.0	3.0	2.0	3.0	4.0	0.0	2.0	1.0	1.0	3.0	2.00.0	0.0	0.0	0.0	0.0	0.0	0.0	0.0	0.0
	5p	+	7	1514.0	719.0	748.0	1307.0	4288.0	7.0	9.0	6.0	8.0	1.0	3.0	1.0	1.0	0.0	3.0	2.0	3.00.0	0.0	0.0	0.0	0.0	0.0	0.0	0.0	0.0
	5p	+	8	1484.0	773.0	700.0	1327.0	4284.0	9.0	14.0	6.0	10.0	3.0	1.0	2.0	3.0	0.0	1.0	0.0	5.00.0	0.0	0.0	0.0	1.0	0.0	1.0	1.0	0.0
	5p	+	9	1473.0	773.0	724.0	1315.0	4285.0	3.0	7.0	5.0	3.0	4.0	0.0	0.0	1.0	4.0	2.0	2.0	5.00.0	0.0	0.0	0.0	2.0	0.0	1.0	0.0	0.0
	5p	+	10	1508.0	757.0	725.0	1295.0	4285.0	4.0	13.0	6.0	6.0	1.0	0.0	1.0	3.0	2.0	0.0	0.0	7.00.0	0.0	0.0	0.0	2.0	0.0	0.0	0.0	0.0
	5p	+	11	1463.0	757.0	716.0	1350.0	4286.0	3.0	6.0	6.0	2.0	1.0	1.0	1.0	1.0	1.0	1.0	1.0	6.00.0	0.0	0.0	0.0	2.0	0.0	0.0	0.0	0.0
	5p	+	12	1539.0	718.0	733.0	1295.0	4285.0	8.0	5.0	3.0	3.0	3.0	3.0	0.0	1.0	0.0	0.0	2.0	5.00.0	0.0	0.0	0.0	0.0	0.0	0.0	2.0	0.0
	5p	+	13	1502.0	759.0	702.0	1323.0	4286.0	4.0	6.0	7.0	3.0	3.0	1.0	2.0	0.0	1.0	1.0	2.0	3.00.0	0.0	0.0	0.0	1.0	0.0	1.0	0.0	0.0
	5p	+	14	1475.0	771.0	695.0	1343.0	4284.0	1.0	10.0	5.0	4.0	2.0	2.0	4.0	2.0	1.0	0.0	1.0	2.00.0	0.0	0.0	0.0	2.0	0.0	1.0	0.0	0.0
	5p	+	15	1490.0	707.0	737.0	1352.0	4286.0	4.0	6.0	2.0	7.0	1.0	3.0	1.0	0.0	0.0	0.0	3.0	6.00.0	0.0	0.0	0.0	0.0	0.0	1.0	0.0	0.0
	5p	+	16	1493.0	758.0	715.0	1318.0	4284.0	3.0	12.0	8.0	2.0	0.0	2.0	1.0	6.0	1.0	1.0	1.0	8.00.0	0.0	0.0	0.0	2.0	0.0	1.0	0.0	0.0
	5p	+	17	1506.0	746.0	730.0	1302.0	4284.0	3.0	8.0	6.0	5.0	1.0	1.0	1.0	2.0	1.0	3.0	1.0	11.00.0	0.0	0.0	0.0	3.0	0.0	0.0	0.0	0.0
	5p	+	18	1523.0	765.0	705.0	1292.0	4285.0	4.0	13.0	4.0	3.0	2.0	2.0	0.0	2.0	0.0	2.0	2.0	7.00.0	0.0	0.0	0.0	3.0	0.0	0.0	0.0	0.0
	5p	+	19	1476.0	735.0	751.0	1324.0	4286.0	1.0	7.0	2.0	3.0	0.0	2.0	4.0	2.0	1.0	1.0	1.0	5.00.0	0.0	0.0	0.0	1.0	0.0	0.0	1.0	0.0
	5p	+	20	1516.0	744.0	704.0	1320.0	4284.0	5.0	10.0	4.0	2.0	2.0	3.0	1.0	1.0	1.0	2.0	2.0	5.00.0	0.0	0.0	0.0	4.0	0.0	0.0	0.0	0.0
	5p	+	21	1540.0	760.0	702.0	1283.0	4285.0	6.0	8.0	3.0	4.0	1.0	2.0	1.0	0.0	1.0	1.0	0.0	8.00.0	0.0	0.0	0.0	2.0	0.0	1.0	0.0	0.0
	5p	+	22	1599.0	757.0	662.0	1265.0	4283.0	4.0	7.0	7.0	3.0	0.0	1.0	1.0	1.0	1.0	3.0	1.0	3.00.0	0.0	0.0	0.0	2.0	0.0	1.0	1.0	0.0
	5p	+	23	1556.0	705.0	731.0	1294.0	4286.0	12.0	5.0	4.0	5.0	1.0	0.0	1.0	1.0	1.0	1.0	1.0	6.00.0	0.0	0.0	0.0	2.0	0.0	0.0	0.0	0.0
	5p	+	24	1528.0	725.0	705.0	1324.0	4282.0	2.0	7.0	3.0	4.0	0.0	0.0	0.0	2.0	1.0	2.0	2.0	6.00.0	0.0	0.0	0.0	3.0	0.0	0.0	1.0	0.0
	5p	+	25	1529.0	765.0	702.0	1289.0	4285.0	4.0	3.0	5.0	4.0	3.0	1.0	0.0	3.0	3.0	3.0	2.0	6.00.0	0.0	0.0	0.0	1.0	0.0	0.0	1.0	0.0
	5p	+	26	1555.0	759.0	693.0	1280.0	4287.0	8.0	9.0	3.0	3.0	1.0	2.0	0.0	1.0	3.0	0.0	1.0	3.00.0	0.0	0.0	0.0	0.0	0.0	0.0	0.0	0.0
	5p	+	27	1565.0	738.0	659.0	1323.0	4285.0	6.0	12.0	7.0	6.0	3.0	2.0	1.0	1.0	0.0	2.0	0.0	10.00.0	0.0	0.0	0.0	1.0	0.0	0.0	0.0	0.0
	5p	+	28	1558.0	768.0	724.0	1235.0	4285.0	5.0	17.0	5.0	4.0	1.0	1.0	1.0	4.0	3.0	2.0	1.0	6.00.0	0.0	0.0	0.0	2.0	0.0	0.0	0.0	0.0
	5p	+	29	1600.0	771.0	653.0	1259.0	4283.0	4.0	20.0	4.0	5.0	1.0	3.0	0.0	3.0	3.0	4.0	2.0	6.00.0	0.0	0.0	0.0	0.0	0.0	3.0	0.0	0.0
	5p	+	30	1541.0	772.0	648.0	1326.0	4287.0	6.0	24.0	4.0	7.0	0.0	3.0	1.0	1.0	2.0	2.0	2.0	9.00.0	0.0	0.0	0.0	0.0	0.0	0.0	1.0	0.0
	5p	+	31	1595.0	629.0	612.0	1221.0	4057.0	5.0	37.0	10.0	2.0	1.0	4.0	0.0	3.0	2.0	3.0	0.0	2.00.0	0.0	0.0	0.0	2.0	0.0	0.0	0.0	0.0
	5p	+	32	1460.0	655.0	610.0	1130.0	3855.0	6.0	32.0	1.0	4.0	2.0	3.0	0.0	3.0	0.0	4.0	0.0	6.00.0	0.0	0.0	0.0	1.0	0.0	0.0	1.0	0.0
	5p	+	33	1423.0	611.0	528.0	1094.0	3656.0	1.0	30.0	5.0	4.0	0.0	2.0	0.0	1.0	2.0	1.0	2.0	6.00.0	0.0	0.0	0.0	1.0	0.0	1.0	0.0	0.0
	5p	+	34	1322.0	616.0	468.0	1034.0	3440.0	6.0	27.0	4.0	3.0	0.0	3.0	1.0	0.0	1.0	1.0	1.0	7.00.0	0.0	0.0	0.0	0.0	0.0	0.0	0.0	0.0
	5p	+	35	1190.0	546.0	447.0	1006.0	3189.0	8.0	27.0	3.0	3.0	0.0	2.0	1.0	1.0	1.0	3.0	1.0	5.00.0	0.0	0.0	0.0	2.0	0.0	0.0	1.0	0.0
	5p	+	36	1130.0	516.0	435.0	912.0	2993.0	6.0	23.0	3.0	2.0	0.0	5.0	1.0	1.0	3.0	1.0	0.0	2.00.0	0.0	0.0	0.0	0.0	0.0	0.0	0.0	0.0
	5p	+	37	1040.0	462.0	428.0	846.0	2776.0	3.0	22.0	2.0	4.0	1.0	2.0	0.0	0.0	1.0	3.0	0.0	3.00.0	0.0	0.0	0.0	0.0	0.0	0.0	0.0	0.0
	5p	+	38	986.0	433.0	370.0	795.0	2584.0	3.0	20.0	4.0	2.0	2.0	1.0	0.0	1.0	1.0	4.0	0.0	2.00.0	0.0	0.0	0.0	0.0	0.0	0.0	0.0	0.0
	5p	+	39	898.0	415.0	341.0	743.0	2397.0	4.0	25.0	5.0	1.0	0.0	3.0	0.0	3.0	0.0	2.0	1.0	3.00.0	0.0	0.0	0.0	0.0	0.0	0.0	0.0	0.0
	5p	+	40	843.0	362.0	319.0	676.0	2200.0	3.0	28.0	5.0	4.0	1.0	1.0	0.0	2.0	1.0	2.0	0.0	2.00.0	0.0	0.0	0.0	0.0	0.0	0.0	0.0	0.0
	5p	+	41	739.0	360.0	274.0	657.0	2030.0	3.0	17.0	0.0	2.0	0.0	1.0	1.0	0.0	1.0	2.0	0.0	6.00.0	0.0	0.0	0.0	0.0	0.0	0.0	0.0	0.0
	5p	+	42	683.0	319.0	269.0	581.0	1852.0	6.0	16.0	5.0	1.0	1.0	3.0	0.0	1.0	0.0	1.0	0.0	5.00.0	0.0	0.0	0.0	0.0	0.0	0.0	0.0	0.0
	5p	+	43	631.0	269.0	256.0	558.0	1714.0	2.0	12.0	2.0	4.0	0.0	1.0	0.0	0.0	0.0	3.0	0.0	1.00.0	0.0	0.0	0.0	1.0	0.0	0.0	0.0	0.0
	5p	+	44	589.0	277.0	207.0	527.0	1600.0	4.0	14.0	2.0	2.0	0.0	2.0	0.0	0.0	0.0	2.0	0.0	0.00.0	0.0	0.0	0.0	1.0	0.0	0.0	0.0	0.0
	5p	+	45	551.0	240.0	195.0	473.0	1459.0	2.0	10.0	1.0	1.0	0.0	0.0	0.0	0.0	0.0	2.0	0.0	3.00.0	0.0	0.0	0.0	0.0	0.0	0.0	0.0	0.0
	5p	+	46	503.0	221.0	195.0	413.0	1332.0	1.0	13.0	1.0	2.0	2.0	2.0	0.0	0.0	0.0	1.0	0.0	1.00.0	0.0	0.0	0.0	0.0	0.0	0.0	0.0	0.0
	5p	+	47	464.0	189.0	161.0	399.0	1213.0	3.0	9.0	2.0	2.0	1.0	1.0	0.0	1.0	0.0	1.0	1.0	0.00.0	0.0	0.0	0.0	1.0	0.0	0.0	0.0	0.0
	5p	+	48	436.0	189.0	152.0	348.0	1125.0	0.0	16.0	0.0	2.0	0.0	2.0	1.0	1.0	0.0	1.0	0.0	2.00.0	0.0	0.0	0.0	0.0	0.0	0.0	0.0	0.0
	5p	+	49	399.0	159.0	158.0	319.0	1035.0	0.0	5.0	0.0	1.0	0.0	0.0	0.0	0.0	0.0	1.0	0.0	1.00.0	0.0	0.0	0.0	0.0	0.0	0.0	0.0	0.0
	5p	+	50	379.0	166.0	139.0	281.0	965.0	1.0	7.0	0.0	2.0	1.0	1.0	1.0	0.0	0.0	1.0	0.0	1.00.0	0.0	0.0	0.0	0.0	0.0	0.0	0.0	0.0
	5p	+	51	331.0	174.0	119.0	267.0	891.0	2.0	12.0	1.0	0.0	0.0	1.0	0.0	0.0	0.0	1.0	0.0	3.00.0	0.0	0.0	0.0	0.0	0.0	0.0	0.0	0.0
	5p	+	52	306.0	129.0	116.0	274.0	825.0	1.0	11.0	1.0	0.0	1.0	1.0	0.0	0.0	0.0	0.0	0.0	1.00.0	0.0	0.0	0.0	0.0	0.0	0.0	0.0	0.0
	5p	+	53	280.0	128.0	109.0	239.0	756.0	0.0	13.0	1.0	2.0	0.0	1.0	0.0	2.0	0.0	1.0	0.0	0.00.0	0.0	0.0	0.0	0.0	0.0	0.0	0.0	0.0
	5p	+	54	262.0	107.0	113.0	200.0	682.0	1.0	5.0	1.0	0.0	3.0	0.0	0.0	1.0	0.0	1.0	0.0	1.00.0	0.0	0.0	0.0	0.0	0.0	0.0	0.0	0.0
	5p	+	55	221.0	96.0	93.0	211.0	621.0	3.0	8.0	2.0	1.0	0.0	1.0	0.0	1.0	0.0	0.0	0.0	2.00.0	0.0	0.0	0.0	0.0	0.0	0.0	0.0	0.0
	5p	+	56	203.0	96.0	94.0	170.0	563.0	2.0	6.0	0.0	1.0	0.0	0.0	1.0	0.0	0.0	0.0	0.0	2.00.0	0.0	0.0	0.0	0.0	0.0	0.0	0.0	0.0
	5p	+	57	197.0	79.0	69.0	162.0	507.0	2.0	4.0	0.0	0.0	1.0	2.0	0.0	0.0	0.0	1.0	1.0	0.00.0	0.0	0.0	0.0	1.0	0.0	0.0	0.0	0.0
	5p	+	58	156.0	84.0	60.0	150.0	450.0	2.0	3.0	0.0	0.0	1.0	0.0	1.0	0.0	0.0	0.0	0.0	0.00.0	0.0	0.0	0.0	0.0	0.0	0.0	0.0	0.0
	5p	+	59	151.0	63.0	54.0	136.0	404.0	0.0	3.0	1.0	0.0	0.0	1.0	0.0	0.0	0.0	0.0	0.0	1.00.0	0.0	0.0	0.0	0.0	0.0	0.0	0.0	0.0
	5p	+	60	129.0	77.0	54.0	112.0	372.0	0.0	4.0	3.0	0.0	0.0	0.0	0.0	0.0	0.0	1.0	0.0	0.00.0	0.0	0.0	0.0	0.0	0.0	0.0	0.0	0.0
	5p	+	61	117.0	64.0	51.0	108.0	340.0	1.0	4.0	0.0	0.0	0.0	0.0	0.0	1.0	0.0	0.0	0.0	1.00.0	0.0	0.0	0.0	0.0	0.0	0.0	0.0	0.0
	5p	+	62	113.0	47.0	50.0	94.0	304.0	1.0	3.0	0.0	2.0	0.0	0.0	1.0	1.0	0.0	0.0	0.0	1.00.0	0.0	0.0	0.0	0.0	0.0	0.0	0.0	0.0
	5p	+	63	106.0	37.0	39.0	107.0	289.0	1.0	3.0	0.0	0.0	1.0	0.0	0.0	0.0	0.0	0.0	0.0	0.00.0	0.0	0.0	0.0	0.0	0.0	0.0	0.0	0.0
	5p	+	64	97.0	50.0	38.0	83.0	268.0	0.0	3.0	2.0	0.0	1.0	0.0	0.0	0.0	0.0	0.0	0.0	0.00.0	0.0	0.0	0.0	0.0	0.0	0.0	0.0	0.0
	5p	+	65	83.0	53.0	33.0	71.0	240.0	1.0	1.0	0.0	0.0	0.0	1.0	0.0	0.0	0.0	0.0	0.0	0.00.0	0.0	0.0	0.0	0.0	0.0	0.0	0.0	0.0
	5p	+	66	101.0	27.0	29.0	68.0	225.0	0.0	3.0	0.0	1.0	1.0	0.0	0.0	0.0	0.0	0.0	0.0	0.00.0	0.0	0.0	0.0	0.0	0.0	0.0	0.0	0.0
	5p	+	67	70.0	36.0	39.0	60.0	205.0	1.0	1.0	0.0	1.0	0.0	0.0	0.0	0.0	0.0	0.0	0.0	1.00.0	0.0	0.0	0.0	0.0	0.0	0.0	0.0	0.0
	5p	+	68	76.0	29.0	26.0	52.0	183.0	1.0	4.0	0.0	0.0	0.0	0.0	0.0	0.0	1.0	0.0	0.0	0.00.0	0.0	0.0	0.0	0.0	0.0	0.0	0.0	0.0
	5p	+	69	63.0	28.0	21.0	54.0	166.0	0.0	2.0	1.0	0.0	0.0	0.0	0.0	0.0	0.0	0.0	0.0	1.00.0	0.0	0.0	0.0	0.0	0.0	0.0	0.0	0.0
	5p	+	70	58.0	19.0	16.0	44.0	137.0	0.0	2.0	0.0	0.0	0.0	0.0	0.0	0.0	0.0	0.0	0.0	0.00.0	0.0	0.0	0.0	0.0	0.0	0.0	0.0	0.0
	5p	+	71	38.0	29.0	24.0	31.0	122.0	0.0	1.0	1.0	0.0	0.0	0.0	0.0	0.0	0.0	0.0	0.0	0.00.0	0.0	0.0	0.0	0.0	0.0	0.0	0.0	0.0
	5p	+	72	36.0	25.0	17.0	28.0	106.0	0.0	4.0	1.0	0.0	0.0	0.0	0.0	1.0	0.0	0.0	0.0	0.00.0	0.0	0.0	0.0	0.0	0.0	0.0	0.0	0.0
	5p	+	73	25.0	15.0	14.0	36.0	90.0	0.0	0.0	0.0	0.0	0.0	0.0	0.0	0.0	0.0	0.0	0.0	0.00.0	0.0	0.0	0.0	0.0	0.0	0.0	0.0	0.0
	5p	+	74	34.0	14.0	12.0	17.0	77.0	0.0	1.0	0.0	0.0	0.0	1.0	0.0	0.0	0.0	0.0	0.0	0.00.0	0.0	0.0	0.0	0.0	0.0	0.0	0.0	0.0
	5p	+	75	25.0	14.0	9.0	24.0	72.0	0.0	0.0	0.0	0.0	0.0	0.0	0.0	0.0	0.0	0.0	0.0	0.00.0	0.0	0.0	0.0	0.0	0.0	0.0	0.0	0.0
	5p	+	76	23.0	7.0	5.0	31.0	66.0	0.0	0.0	0.0	0.0	0.0	0.0	0.0	0.0	0.0	0.0	0.0	0.00.0	0.0	0.0	0.0	0.0	0.0	0.0	0.0	0.0
	5p	+	77	24.0	14.0	10.0	12.0	60.0	0.0	1.0	0.0	0.0	0.0	0.0	0.0	0.0	0.0	0.0	0.0	0.00.0	0.0	0.0	0.0	0.0	0.0	0.0	0.0	0.0
	5p	+	78	16.0	13.0	11.0	15.0	55.0	0.0	0.0	0.0	0.0	0.0	0.0	0.0	1.0	0.0	0.0	0.0	0.00.0	0.0	0.0	0.0	0.0	0.0	0.0	0.0	0.0
	5p	+	79	21.0	7.0	5.0	9.0	42.0	0.0	1.0	0.0	0.0	0.0	0.0	0.0	0.0	0.0	0.0	0.0	0.00.0	0.0	0.0	0.0	0.0	0.0	0.0	0.0	0.0
	5p	+	80	13.0	5.0	6.0	14.0	38.0	0.0	1.0	0.0	0.0	0.0	0.0	0.0	0.0	0.0	0.0	0.0	0.00.0	0.0	0.0	0.0	0.0	0.0	0.0	0.0	0.0
	5p	+	81	10.0	4.0	6.0	12.0	32.0	0.0	0.0	1.0	0.0	0.0	0.0	0.0	0.0	0.0	0.0	0.0	1.00.0	0.0	0.0	0.0	0.0	0.0	0.0	0.0	0.0
	5p	+	82	9.0	6.0	2.0	9.0	26.0	0.0	0.0	0.0	0.0	0.0	0.0	0.0	0.0	0.0	0.0	0.0	0.00.0	0.0	0.0	0.0	0.0	0.0	0.0	0.0	0.0
	5p	+	83	10.0	1.0	1.0	8.0	20.0	0.0	0.0	0.0	0.0	0.0	0.0	0.0	0.0	0.0	0.0	0.0	0.00.0	0.0	0.0	0.0	0.0	0.0	0.0	0.0	0.0
	5p	+	84	10.0	3.0	1.0	5.0	19.0	0.0	0.0	0.0	0.0	0.0	0.0	0.0	0.0	0.0	0.0	0.0	0.00.0	0.0	0.0	0.0	0.0	0.0	0.0	0.0	0.0
	5p	+	85	6.0	1.0	4.0	6.0	17.0	0.0	0.0	0.0	0.0	0.0	0.0	0.0	0.0	0.0	0.0	0.0	0.00.0	0.0	0.0	0.0	0.0	0.0	0.0	0.0	0.0
	5p	+	86	5.0	3.0	0.0	5.0	13.0	0.0	0.0	0.0	0.0	0.0	0.0	0.0	0.0	0.0	0.0	0.0	0.00.0	0.0	0.0	0.0	0.0	0.0	0.0	0.0	0.0
	5p	+	87	1.0	3.0	1.0	4.0	9.0	0.0	0.0	0.0	0.0	0.0	0.0	0.0	0.0	0.0	0.0	0.0	0.00.0	0.0	0.0	0.0	0.0	0.0	0.0	0.0	0.0
	5p	+	88	1.0	2.0	1.0	4.0	8.0	0.0	0.0	0.0	0.0	0.0	0.0	0.0	0.0	0.0	0.0	0.0	0.00.0	0.0	0.0	0.0	0.0	0.0	0.0	0.0	0.0
	5p	+	89	1.0	0.0	1.0	4.0	6.0	0.0	0.0	0.0	0.0	0.0	0.0	0.0	0.0	0.0	0.0	0.0	0.00.0	0.0	0.0	0.0	0.0	0.0	0.0	0.0	0.0
	5p	+	90	2.0	0.0	0.0	2.0	4.0	0.0	0.0	0.0	0.0	0.0	0.0	0.0	0.0	0.0	0.0	0.0	0.00.0	0.0	0.0	0.0	0.0	0.0	0.0	0.0	0.0
	5p	+	91	0.0	1.0	1.0	1.0	3.0	0.0	0.0	0.0	0.0	0.0	0.0	0.0	0.0	0.0	0.0	0.0	0.00.0	0.0	0.0	0.0	0.0	0.0	0.0	0.0	0.0
	5p	+	92	0.0	0.0	0.0	0.0	0.0	0.0	0.0	0.0	0.0	0.0	0.0	0.0	0.0	0.0	0.0	0.0	0.00.0	0.0	0.0	0.0	0.0	0.0	0.0	0.0	0.0
	5p	+	93	0.0	0.0	0.0	0.0	0.0	0.0	0.0	0.0	0.0	0.0	0.0	0.0	0.0	0.0	0.0	0.0	0.00.0	0.0	0.0	0.0	0.0	0.0	0.0	0.0	0.0
	5p	+	94	0.0	0.0	0.0	0.0	0.0	0.0	0.0	0.0	0.0	0.0	0.0	0.0	0.0	0.0	0.0	0.0	0.00.0	0.0	0.0	0.0	0.0	0.0	0.0	0.0	0.0
	5p	+	95	0.0	0.0	0.0	0.0	0.0	0.0	0.0	0.0	0.0	0.0	0.0	0.0	0.0	0.0	0.0	0.0	0.00.0	0.0	0.0	0.0	0.0	0.0	0.0	0.0	0.0
	5p	+	96	0.0	0.0	0.0	0.0	0.0	0.0	0.0	0.0	0.0	0.0	0.0	0.0	0.0	0.0	0.0	0.0	0.00.0	0.0	0.0	0.0	0.0	0.0	0.0	0.0	0.0
	5p	+	97	0.0	0.0	0.0	0.0	0.0	0.0	0.0	0.0	0.0	0.0	0.0	0.0	0.0	0.0	0.0	0.0	0.00.0	0.0	0.0	0.0	0.0	0.0	0.0	0.0	0.0
	5p	+	98	0.0	0.0	0.0	0.0	0.0	0.0	0.0	0.0	0.0	0.0	0.0	0.0	0.0	0.0	0.0	0.0	0.00.0	0.0	0.0	0.0	0.0	0.0	0.0	0.0	0.0
	5p	+	99	0.0	0.0	0.0	0.0	0.0	0.0	0.0	0.0	0.0	0.0	0.0	0.0	0.0	0.0	0.0	0.0	0.00.0	0.0	0.0	0.0	0.0	0.0	0.0	0.0	0.0
	5p	+	100	0.0	0.0	0.0	0.0	0.0	0.0	0.0	0.0	0.0	0.0	0.0	0.0	0.0	0.0	0.0	0.0	0.00.0	0.0	0.0	0.0	0.0	0.0	0.0	0.0	0.0
	5p	-	1	1521.0	729.0	464.0	1525.0	4239.0	8.0	197.0	9.0	7.0	1.0	8.0	4.0	1.0	2.0	7.0	1.0	3.00.0	0.0	0.0	0.0	0.0	0.0	0.0	0.0	0.0
	5p	-	2	1494.0	609.0	662.0	1474.0	4239.0	7.0	38.0	6.0	3.0	0.0	4.0	2.0	3.0	2.0	5.0	1.0	8.00.0	0.0	0.0	0.0	0.0	0.0	0.0	0.0	0.0
	5p	-	3	1489.0	754.0	674.0	1322.0	4239.0	4.0	17.0	10.0	3.0	5.0	1.0	3.0	1.0	5.0	1.0	0.0	5.00.0	0.0	0.0	0.0	0.0	0.0	0.0	0.0	0.0
	5p	-	4	1428.0	779.0	744.0	1288.0	4239.0	4.0	10.0	4.0	7.0	1.0	4.0	0.0	3.0	2.0	2.0	0.0	13.00.0	0.0	0.0	0.0	0.0	0.0	0.0	0.0	0.0
	5p	-	5	1447.0	788.0	691.0	1313.0	4239.0	10.0	12.0	3.0	3.0	1.0	2.0	0.0	1.0	3.0	3.0	0.0	5.00.0	0.0	0.0	0.0	0.0	0.0	0.0	0.0	0.0
	5p	-	6	1379.0	779.0	729.0	1351.0	4238.0	4.0	9.0	3.0	7.0	1.0	0.0	0.0	2.0	1.0	2.0	0.0	5.00.0	0.0	0.0	0.0	0.0	0.0	0.0	1.0	0.0
	5p	-	7	1453.0	766.0	757.0	1262.0	4238.0	2.0	7.0	4.0	5.0	2.0	5.0	2.0	4.0	1.0	0.0	0.0	5.00.0	0.0	0.0	0.0	0.0	0.0	0.0	1.0	0.0
	5p	-	8	1505.0	762.0	693.0	1278.0	4238.0	4.0	7.0	4.0	5.0	0.0	0.0	1.0	1.0	0.0	0.0	3.0	6.00.0	0.0	0.0	0.0	0.0	0.0	0.0	1.0	0.0
	5p	-	9	1542.0	762.0	718.0	1216.0	4238.0	6.0	6.0	6.0	4.0	0.0	1.0	0.0	1.0	2.0	0.0	1.0	4.00.0	0.0	0.0	0.0	0.0	0.0	1.0	0.0	0.0
	5p	-	10	1506.0	764.0	681.0	1287.0	4238.0	3.0	10.0	2.0	5.0	2.0	2.0	0.0	3.0	0.0	2.0	0.0	4.00.0	0.0	0.0	0.0	1.0	0.0	0.0	0.0	0.0
	5p	-	11	1498.0	780.0	694.0	1264.0	4236.0	4.0	5.0	7.0	3.0	0.0	1.0	0.0	4.0	0.0	3.0	0.0	5.00.0	0.0	0.0	0.0	1.0	0.0	0.0	0.0	0.0
	5p	-	12	1426.0	757.0	674.0	1381.0	4238.0	0.0	10.0	3.0	6.0	0.0	2.0	1.0	5.0	3.0	2.0	1.0	4.00.0	0.0	0.0	0.0	1.0	0.0	0.0	0.0	0.0
	5p	-	13	1494.0	760.0	679.0	1305.0	4238.0	6.0	5.0	4.0	6.0	1.0	2.0	0.0	1.0	0.0	1.0	1.0	5.00.0	0.0	0.0	0.0	1.0	0.0	0.0	0.0	0.0
	5p	-	14	1445.0	776.0	692.0	1325.0	4238.0	4.0	7.0	1.0	2.0	0.0	1.0	2.0	1.0	2.0	2.0	1.0	10.00.0	0.0	0.0	0.0	0.0	0.0	0.0	0.0	0.0
	5p	-	15	1466.0	793.0	674.0	1304.0	4237.0	4.0	7.0	7.0	4.0	0.0	2.0	1.0	6.0	3.0	2.0	2.0	5.00.0	0.0	0.0	0.0	0.0	0.0	0.0	1.0	0.0
	5p	-	16	1464.0	779.0	729.0	1263.0	4235.0	3.0	9.0	5.0	3.0	2.0	0.0	0.0	2.0	3.0	1.0	0.0	5.00.0	0.0	0.0	0.0	3.0	0.0	1.0	0.0	0.0
	5p	-	17	1540.0	741.0	678.0	1279.0	4238.0	3.0	9.0	3.0	2.0	1.0	0.0	0.0	4.0	2.0	1.0	2.0	7.00.0	0.0	0.0	0.0	1.0	0.0	0.0	0.0	0.0
	5p	-	18	1460.0	716.0	685.0	1377.0	4238.0	4.0	9.0	5.0	7.0	0.0	1.0	0.0	1.0	1.0	0.0	0.0	8.00.0	0.0	0.0	0.0	0.0	0.0	0.0	0.0	0.0
	5p	-	19	1447.0	770.0	696.0	1323.0	4236.0	5.0	8.0	4.0	6.0	0.0	3.0	1.0	1.0	2.0	3.0	1.0	2.00.0	0.0	0.0	0.0	1.0	0.0	0.0	0.0	0.0
	5p	-	20	1474.0	722.0	711.0	1329.0	4236.0	10.0	7.0	2.0	3.0	5.0	2.0	0.0	3.0	0.0	2.0	4.0	5.00.0	0.0	0.0	0.0	3.0	0.0	0.0	0.0	0.0
	5p	-	21	1486.0	741.0	725.0	1285.0	4237.0	2.0	9.0	8.0	4.0	0.0	1.0	2.0	1.0	2.0	4.0	0.0	10.00.0	0.0	0.0	0.0	0.0	0.0	0.0	2.0	0.0
	5p	-	22	1454.0	764.0	694.0	1324.0	4236.0	8.0	5.0	7.0	2.0	1.0	1.0	2.0	1.0	4.0	3.0	0.0	10.00.0	0.0	0.0	0.0	2.0	0.0	0.0	0.0	0.0
	5p	-	23	1501.0	765.0	686.0	1281.0	4233.0	6.0	6.0	3.0	7.0	1.0	2.0	2.0	4.0	0.0	0.0	0.0	4.00.0	0.0	0.0	0.0	4.0	0.0	0.0	0.0	0.0
	5p	-	24	1481.0	718.0	752.0	1283.0	4234.0	2.0	5.0	1.0	2.0	0.0	1.0	0.0	3.0	0.0	3.0	0.0	4.00.0	0.0	0.0	0.0	2.0	0.0	1.0	0.0	0.0
	5p	-	25	1480.0	755.0	706.0	1297.0	4238.0	2.0	6.0	4.0	4.0	1.0	1.0	4.0	3.0	1.0	0.0	2.0	7.00.0	0.0	0.0	0.0	1.0	0.0	0.0	0.0	0.0
	5p	-	26	1489.0	737.0	682.0	1329.0	4237.0	5.0	7.0	4.0	4.0	3.0	3.0	1.0	0.0	1.0	2.0	2.0	5.00.0	0.0	0.0	0.0	1.0	0.0	0.0	1.0	0.0
	5p	-	27	1495.0	734.0	691.0	1317.0	4237.0	7.0	6.0	3.0	1.0	2.0	1.0	0.0	1.0	1.0	4.0	0.0	4.00.0	0.0	0.0	0.0	1.0	0.0	0.0	0.0	0.0
	5p	-	28	1548.0	770.0	643.0	1275.0	4236.0	6.0	11.0	5.0	4.0	0.0	3.0	1.0	2.0	1.0	2.0	1.0	4.00.0	0.0	0.0	0.0	3.0	0.0	0.0	0.0	0.0
	5p	-	29	1555.0	736.0	649.0	1294.0	4234.0	3.0	23.0	5.0	2.0	0.0	1.0	1.0	3.0	2.0	1.0	2.0	2.00.0	0.0	0.0	0.0	3.0	0.0	0.0	1.0	0.0
	5p	-	30	1534.0	745.0	662.0	1296.0	4237.0	6.0	40.0	5.0	2.0	3.0	3.0	1.0	0.0	0.0	1.0	2.0	5.00.0	0.0	0.0	0.0	0.0	0.0	0.0	0.0	0.0
	5p	-	31	1497.0	717.0	625.0	1181.0	4020.0	3.0	37.0	9.0	2.0	4.0	1.0	1.0	2.0	0.0	3.0	2.0	10.00.0	0.0	0.0	0.0	2.0	0.0	1.0	0.0	0.0
	5p	-	32	1369.0	661.0	597.0	1167.0	3794.0	2.0	27.0	4.0	2.0	1.0	1.0	1.0	1.0	3.0	0.0	2.0	7.00.0	0.0	0.0	0.0	1.0	0.0	0.0	0.0	0.0
	5p	-	33	1310.0	626.0	518.0	1117.0	3571.0	4.0	29.0	7.0	4.0	0.0	1.0	0.0	3.0	1.0	1.0	1.0	10.00.0	0.0	0.0	0.0	2.0	0.0	0.0	0.0	0.0
	5p	-	34	1262.0	570.0	549.0	980.0	3361.0	5.0	20.0	4.0	3.0	1.0	3.0	2.0	0.0	0.0	2.0	0.0	3.00.0	0.0	0.0	0.0	1.0	0.0	0.0	1.0	0.0
	5p	-	35	1181.0	520.0	474.0	973.0	3148.0	4.0	27.0	7.0	1.0	3.0	4.0	1.0	3.0	1.0	0.0	0.0	5.00.0	0.0	0.0	0.0	0.0	0.0	1.0	0.0	0.0
	5p	-	36	1090.0	479.0	444.0	901.0	2914.0	4.0	25.0	3.0	6.0	0.0	1.0	0.0	0.0	0.0	2.0	1.0	4.00.0	0.0	0.0	0.0	2.0	0.0	0.0	0.0	0.0
	5p	-	37	1023.0	458.0	410.0	846.0	2737.0	5.0	26.0	2.0	4.0	0.0	2.0	0.0	2.0	3.0	1.0	1.0	5.00.0	0.0	0.0	0.0	2.0	0.0	0.0	0.0	0.0
	5p	-	38	937.0	432.0	371.0	793.0	2533.0	3.0	30.0	0.0	4.0	1.0	1.0	0.0	1.0	0.0	1.0	1.0	2.00.0	0.0	0.0	0.0	0.0	0.0	0.0	0.0	0.0
	5p	-	39	863.0	393.0	353.0	729.0	2338.0	3.0	21.0	4.0	3.0	2.0	0.0	1.0	2.0	1.0	0.0	1.0	4.00.0	0.0	0.0	0.0	1.0	0.0	0.0	1.0	0.0
	5p	-	40	794.0	385.0	319.0	670.0	2168.0	3.0	25.0	3.0	1.0	1.0	1.0	0.0	2.0	1.0	5.0	0.0	6.00.0	0.0	0.0	0.0	0.0	0.0	0.0	0.0	0.0
	5p	-	41	764.0	302.0	274.0	668.0	2008.0	1.0	14.0	1.0	3.0	0.0	2.0	0.0	0.0	1.0	1.0	0.0	6.00.0	0.0	0.0	0.0	1.0	0.0	0.0	0.0	0.0
	5p	-	42	680.0	291.0	288.0	594.0	1853.0	2.0	22.0	3.0	3.0	1.0	0.0	0.0	0.0	0.0	0.0	0.0	2.00.0	0.0	0.0	0.0	0.0	0.0	0.0	0.0	0.0
	5p	-	43	601.0	307.0	262.0	531.0	1701.0	0.0	26.0	1.0	2.0	1.0	2.0	1.0	2.0	0.0	1.0	0.0	4.00.0	0.0	0.0	0.0	2.0	0.0	0.0	0.0	0.0
	5p	-	44	609.0	251.0	203.0	515.0	1578.0	2.0	27.0	2.0	0.0	0.0	2.0	0.0	0.0	0.0	1.0	0.0	7.00.0	0.0	0.0	0.0	0.0	0.0	1.0	0.0	0.0
	5p	-	45	516.0	264.0	212.0	449.0	1441.0	3.0	15.0	1.0	2.0	4.0	1.0	2.0	2.0	0.0	0.0	0.0	1.00.0	0.0	0.0	0.0	1.0	0.0	0.0	0.0	0.0
	5p	-	46	503.0	211.0	170.0	425.0	1309.0	0.0	12.0	0.0	0.0	1.0	1.0	0.0	0.0	0.0	2.0	3.0	0.00.0	0.0	0.0	0.0	1.0	0.0	1.0	0.0	0.0
	5p	-	47	447.0	203.0	176.0	384.0	1210.0	1.0	13.0	2.0	1.0	1.0	0.0	0.0	1.0	0.0	1.0	1.0	1.00.0	0.0	0.0	0.0	0.0	0.0	0.0	0.0	0.0
	5p	-	48	427.0	186.0	139.0	363.0	1115.0	3.0	10.0	2.0	4.0	0.0	0.0	0.0	0.0	0.0	1.0	0.0	2.00.0	0.0	0.0	0.0	0.0	0.0	0.0	0.0	0.0
	5p	-	49	392.0	163.0	134.0	340.0	1029.0	2.0	11.0	1.0	2.0	1.0	0.0	0.0	2.0	0.0	1.0	0.0	3.00.0	0.0	0.0	0.0	0.0	0.0	0.0	0.0	0.0
	5p	-	50	385.0	146.0	123.0	285.0	939.0	0.0	9.0	0.0	1.0	0.0	1.0	0.0	2.0	1.0	1.0	0.0	6.00.0	0.0	0.0	0.0	0.0	0.0	0.0	0.0	0.0
	5p	-	51	294.0	165.0	127.0	266.0	852.0	0.0	17.0	2.0	2.0	0.0	0.0	0.0	1.0	0.0	1.0	2.0	1.00.0	0.0	0.0	0.0	0.0	0.0	0.0	0.0	0.0
	5p	-	52	295.0	142.0	101.0	236.0	774.0	1.0	8.0	0.0	0.0	3.0	2.0	0.0	0.0	1.0	0.0	1.0	2.00.0	0.0	0.0	0.0	1.0	0.0	0.0	0.0	0.0
	5p	-	53	244.0	104.0	118.0	246.0	712.0	1.0	6.0	0.0	1.0	0.0	2.0	0.0	0.0	0.0	0.0	1.0	1.00.0	0.0	0.0	0.0	0.0	0.0	0.0	0.0	0.0
	5p	-	54	245.0	116.0	86.0	210.0	657.0	0.0	8.0	0.0	0.0	1.0	0.0	0.0	1.0	0.0	0.0	0.0	0.00.0	0.0	0.0	0.0	1.0	0.0	0.0	0.0	0.0
	5p	-	55	214.0	105.0	76.0	189.0	584.0	0.0	10.0	0.0	0.0	0.0	0.0	1.0	0.0	0.0	0.0	0.0	0.00.0	0.0	0.0	0.0	0.0	0.0	0.0	1.0	0.0
	5p	-	56	188.0	78.0	92.0	175.0	533.0	0.0	3.0	0.0	0.0	0.0	0.0	0.0	0.0	0.0	0.0	0.0	2.00.0	0.0	0.0	0.0	0.0	0.0	0.0	0.0	0.0
	5p	-	57	181.0	84.0	74.0	144.0	483.0	0.0	5.0	1.0	0.0	0.0	1.0	0.0	0.0	0.0	0.0	0.0	0.00.0	0.0	0.0	0.0	0.0	0.0	0.0	0.0	0.0
	5p	-	58	171.0	67.0	73.0	142.0	453.0	0.0	5.0	0.0	0.0	0.0	0.0	0.0	0.0	0.0	0.0	0.0	0.00.0	0.0	0.0	0.0	0.0	0.0	0.0	0.0	0.0
	5p	-	59	154.0	68.0	56.0	135.0	413.0	1.0	4.0	0.0	0.0	0.0	0.0	0.0	0.0	0.0	0.0	0.0	0.00.0	0.0	0.0	0.0	0.0	0.0	0.0	0.0	0.0
	5p	-	60	126.0	58.0	55.0	130.0	369.0	0.0	4.0	0.0	0.0	1.0	0.0	0.0	0.0	0.0	0.0	0.0	0.00.0	0.0	0.0	0.0	1.0	0.0	0.0	0.0	0.0
	5p	-	61	112.0	62.0	58.0	97.0	329.0	0.0	2.0	0.0	1.0	0.0	0.0	1.0	1.0	0.0	0.0	0.0	0.00.0	0.0	0.0	0.0	0.0	0.0	0.0	0.0	0.0
	5p	-	62	120.0	48.0	36.0	91.0	295.0	0.0	3.0	0.0	1.0	1.0	0.0	1.0	0.0	0.0	0.0	0.0	2.00.0	0.0	0.0	0.0	0.0	0.0	0.0	0.0	0.0
	5p	-	63	106.0	38.0	39.0	82.0	265.0	0.0	1.0	0.0	0.0	0.0	0.0	0.0	0.0	0.0	1.0	1.0	0.00.0	0.0	0.0	0.0	0.0	0.0	0.0	0.0	0.0
	5p	-	64	106.0	34.0	34.0	65.0	239.0	0.0	2.0	0.0	0.0	0.0	0.0	0.0	0.0	0.0	0.0	0.0	1.00.0	0.0	0.0	0.0	0.0	0.0	0.0	0.0	0.0
	5p	-	65	74.0	42.0	27.0	65.0	208.0	3.0	3.0	0.0	0.0	0.0	0.0	0.0	0.0	0.0	1.0	0.0	0.00.0	0.0	0.0	0.0	0.0	0.0	0.0	0.0	0.0
	5p	-	66	73.0	31.0	24.0	61.0	189.0	1.0	1.0	1.0	0.0	0.0	0.0	0.0	0.0	0.0	0.0	0.0	0.00.0	0.0	0.0	0.0	0.0	0.0	0.0	0.0	0.0
	5p	-	67	62.0	26.0	26.0	52.0	166.0	0.0	0.0	0.0	0.0	0.0	0.0	0.0	0.0	0.0	0.0	0.0	0.00.0	0.0	0.0	0.0	0.0	0.0	0.0	0.0	0.0
	5p	-	68	57.0	25.0	26.0	41.0	149.0	0.0	2.0	0.0	0.0	0.0	0.0	0.0	2.0	0.0	0.0	0.0	1.00.0	0.0	0.0	0.0	0.0	0.0	0.0	0.0	0.0
	5p	-	69	55.0	20.0	17.0	42.0	134.0	1.0	3.0	0.0	0.0	0.0	0.0	1.0	1.0	0.0	2.0	0.0	0.00.0	0.0	0.0	0.0	0.0	0.0	0.0	0.0	0.0
	5p	-	70	44.0	18.0	20.0	36.0	118.0	0.0	4.0	0.0	0.0	0.0	0.0	0.0	0.0	0.0	0.0	0.0	0.00.0	0.0	0.0	0.0	0.0	0.0	0.0	0.0	0.0
	5p	-	71	33.0	15.0	9.0	43.0	100.0	0.0	1.0	1.0	1.0	0.0	0.0	0.0	0.0	0.0	0.0	0.0	0.00.0	0.0	0.0	0.0	0.0	0.0	0.0	0.0	0.0
	5p	-	72	35.0	15.0	17.0	20.0	87.0	0.0	1.0	0.0	0.0	0.0	0.0	0.0	0.0	0.0	0.0	0.0	0.00.0	0.0	0.0	0.0	0.0	0.0	0.0	0.0	0.0
	5p	-	73	28.0	11.0	12.0	26.0	77.0	0.0	0.0	0.0	0.0	0.0	0.0	0.0	0.0	0.0	1.0	0.0	0.00.0	0.0	0.0	0.0	0.0	0.0	0.0	0.0	0.0
	5p	-	74	27.0	11.0	9.0	23.0	70.0	0.0	0.0	0.0	0.0	0.0	0.0	0.0	0.0	0.0	0.0	0.0	0.00.0	0.0	0.0	0.0	0.0	0.0	0.0	0.0	0.0
	5p	-	75	18.0	9.0	13.0	24.0	64.0	0.0	0.0	0.0	0.0	0.0	0.0	0.0	0.0	0.0	0.0	0.0	0.00.0	0.0	0.0	0.0	0.0	0.0	0.0	0.0	0.0
	5p	-	76	21.0	10.0	4.0	22.0	57.0	0.0	0.0	0.0	0.0	0.0	1.0	0.0	0.0	0.0	0.0	0.0	0.00.0	0.0	0.0	0.0	0.0	0.0	0.0	0.0	0.0
	5p	-	77	21.0	6.0	6.0	20.0	53.0	0.0	0.0	0.0	1.0	0.0	0.0	0.0	0.0	0.0	0.0	0.0	0.00.0	0.0	0.0	0.0	0.0	0.0	0.0	0.0	0.0
	5p	-	78	14.0	9.0	8.0	15.0	46.0	0.0	0.0	0.0	0.0	0.0	0.0	0.0	0.0	0.0	0.0	0.0	0.00.0	0.0	0.0	0.0	0.0	0.0	0.0	0.0	0.0
	5p	-	79	20.0	8.0	1.0	13.0	42.0	0.0	1.0	0.0	0.0	0.0	0.0	0.0	0.0	0.0	0.0	0.0	0.00.0	0.0	0.0	0.0	0.0	0.0	0.0	0.0	0.0
	5p	-	80	14.0	4.0	6.0	12.0	36.0	0.0	0.0	0.0	0.0	0.0	0.0	0.0	0.0	0.0	0.0	0.0	0.00.0	0.0	0.0	0.0	0.0	0.0	0.0	0.0	0.0
	5p	-	81	14.0	9.0	5.0	5.0	33.0	0.0	1.0	0.0	0.0	0.0	0.0	0.0	0.0	0.0	0.0	0.0	0.00.0	0.0	0.0	0.0	0.0	0.0	0.0	0.0	0.0
	5p	-	82	8.0	3.0	1.0	16.0	28.0	0.0	0.0	0.0	0.0	0.0	0.0	0.0	0.0	0.0	0.0	0.0	0.00.0	0.0	0.0	0.0	0.0	0.0	0.0	0.0	0.0
	5p	-	83	6.0	5.0	1.0	7.0	19.0	0.0	1.0	0.0	0.0	0.0	0.0	0.0	0.0	0.0	0.0	0.0	0.00.0	0.0	0.0	0.0	0.0	0.0	0.0	0.0	0.0
	5p	-	84	5.0	2.0	4.0	7.0	18.0	1.0	0.0	0.0	0.0	0.0	0.0	0.0	0.0	0.0	0.0	0.0	0.00.0	0.0	0.0	0.0	0.0	0.0	0.0	0.0	0.0
	5p	-	85	4.0	5.0	2.0	4.0	15.0	0.0	1.0	0.0	0.0	0.0	0.0	0.0	0.0	0.0	0.0	0.0	0.00.0	0.0	0.0	0.0	0.0	0.0	0.0	0.0	0.0
	5p	-	86	2.0	1.0	1.0	5.0	9.0	0.0	0.0	0.0	0.0	0.0	0.0	0.0	0.0	0.0	0.0	0.0	0.00.0	0.0	0.0	0.0	0.0	0.0	0.0	0.0	0.0
	5p	-	87	4.0	2.0	0.0	2.0	8.0	0.0	0.0	0.0	0.0	0.0	0.0	0.0	0.0	0.0	0.0	0.0	0.00.0	0.0	0.0	0.0	0.0	0.0	0.0	0.0	0.0
	5p	-	88	4.0	0.0	2.0	1.0	7.0	0.0	0.0	0.0	0.0	0.0	0.0	0.0	0.0	0.0	0.0	0.0	0.00.0	0.0	0.0	0.0	0.0	0.0	0.0	0.0	0.0
	5p	-	89	2.0	0.0	2.0	2.0	6.0	0.0	0.0	0.0	0.0	0.0	0.0	0.0	0.0	0.0	0.0	0.0	0.00.0	0.0	0.0	0.0	0.0	0.0	0.0	0.0	0.0
	5p	-	90	2.0	2.0	0.0	0.0	4.0	0.0	0.0	0.0	0.0	0.0	0.0	0.0	0.0	0.0	0.0	0.0	0.00.0	0.0	0.0	0.0	0.0	0.0	0.0	0.0	0.0
	5p	-	91	2.0	1.0	0.0	0.0	3.0	0.0	0.0	0.0	0.0	0.0	0.0	0.0	0.0	0.0	0.0	0.0	0.00.0	0.0	0.0	0.0	0.0	0.0	0.0	0.0	0.0
	5p	-	92	0.0	0.0	0.0	0.0	0.0	0.0	0.0	0.0	0.0	0.0	0.0	0.0	0.0	0.0	0.0	0.0	0.00.0	0.0	0.0	0.0	0.0	0.0	0.0	0.0	0.0
	5p	-	93	0.0	0.0	0.0	0.0	0.0	0.0	0.0	0.0	0.0	0.0	0.0	0.0	0.0	0.0	0.0	0.0	0.00.0	0.0	0.0	0.0	0.0	0.0	0.0	0.0	0.0
	5p	-	94	0.0	0.0	0.0	0.0	0.0	0.0	0.0	0.0	0.0	0.0	0.0	0.0	0.0	0.0	0.0	0.0	0.00.0	0.0	0.0	0.0	0.0	0.0	0.0	0.0	0.0
	5p	-	95	0.0	0.0	0.0	0.0	0.0	0.0	0.0	0.0	0.0	0.0	0.0	0.0	0.0	0.0	0.0	0.0	0.00.0	0.0	0.0	0.0	0.0	0.0	0.0	0.0	0.0
	5p	-	96	0.0	0.0	0.0	0.0	0.0	0.0	0.0	0.0	0.0	0.0	0.0	0.0	0.0	0.0	0.0	0.0	0.00.0	0.0	0.0	0.0	0.0	0.0	0.0	0.0	0.0
	5p	-	97	0.0	0.0	0.0	0.0	0.0	0.0	0.0	0.0	0.0	0.0	0.0	0.0	0.0	0.0	0.0	0.0	0.00.0	0.0	0.0	0.0	0.0	0.0	0.0	0.0	0.0
	5p	-	98	0.0	0.0	0.0	0.0	0.0	0.0	0.0	0.0	0.0	0.0	0.0	0.0	0.0	0.0	0.0	0.0	0.00.0	0.0	0.0	0.0	0.0	0.0	0.0	0.0	0.0
	5p	-	99	0.0	0.0	0.0	0.0	0.0	0.0	0.0	0.0	0.0	0.0	0.0	0.0	0.0	0.0	0.0	0.0	0.00.0	0.0	0.0	0.0	0.0	0.0	0.0	0.0	0.0
	5p	-	100	0.0	0.0	0.0	0.0	0.0	0.0	0.0	0.0	0.0	0.0	0.0	0.0	0.0	0.0	0.0	0.0	0.00.0	0.0	0.0	0.0	0.0	0.0	0.0	0.0	0.0
