# table produced by DamageProfiler
# using mapped file ScA041.BuffaloCape_Human_nc.Target.rmdup.noMicro.bam
# Sample ID: ScA041.BuffaloCape_Human_nc.Target.rmdup.noMicro.bam
Pos	C>T	G>A	A>C	A>G	A>T	C>A	C>G	G>C	G>T	T>A	T>C	T>G	->ACGT	ACGT>-
0	0.044016	0.007927	0.001658	0.005358	0.002526	0.004197	0.001855	0.001607	0.003784	0.002517	0.002941	0.001674	0.000000	0.000000
1	0.014572	0.004350	0.001149	0.004759	0.001478	0.003471	0.001650	0.000969	0.002164	0.001892	0.002382	0.001443	0.000005	0.000000
2	0.010004	0.003906	0.001028	0.004004	0.001175	0.002407	0.001280	0.000889	0.002364	0.001545	0.002284	0.001071	0.000019	0.000000
3	0.008199	0.003601	0.000774	0.003582	0.000987	0.001926	0.001099	0.000740	0.001961	0.001187	0.002498	0.000915	0.000039	0.000000
4	0.006874	0.003432	0.000804	0.003160	0.000844	0.001368	0.000939	0.000668	0.001796	0.001016	0.002458	0.001037	0.000090	0.000000
5	0.006739	0.003025	0.000710	0.003441	0.000760	0.001327	0.000900	0.000877	0.001951	0.000839	0.002140	0.000913	0.000114	0.000000
6	0.005843	0.003417	0.000679	0.002959	0.000740	0.001356	0.000773	0.000748	0.001818	0.000973	0.002186	0.000759	0.000130	0.000000
7	0.006265	0.003617	0.000705	0.003017	0.000682	0.001407	0.000893	0.000765	0.001935	0.000803	0.002097	0.000735	0.000140	0.000000
8	0.005794	0.003473	0.000642	0.002759	0.000701	0.001447	0.000801	0.000729	0.002009	0.000817	0.002217	0.000754	0.000159	0.000000
9	0.005375	0.003464	0.000704	0.002847	0.000664	0.001455	0.000791	0.000765	0.001726	0.000770	0.002181	0.000762	0.000151	0.000000
10	0.005494	0.003701	0.000706	0.002795	0.000654	0.001334	0.000806	0.000703	0.001679	0.000661	0.002268	0.000703	0.000159	0.000000
11	0.005356	0.003308	0.000635	0.002627	0.000575	0.001519	0.000851	0.000864	0.001875	0.000718	0.002195	0.000680	0.000183	0.000000
12	0.004572	0.003405	0.000703	0.002688	0.000635	0.001182	0.000745	0.000735	0.001872	0.000762	0.002117	0.000741	0.000200	0.000000
13	0.005163	0.003336	0.000721	0.002839	0.000705	0.001343	0.000945	0.000845	0.001985	0.000797	0.002349	0.000830	0.000163	0.000000
14	0.004682	0.003628	0.000657	0.002865	0.000657	0.001367	0.000968	0.000811	0.002127	0.000729	0.002391	0.000808	0.000196	0.000000
15	0.004806	0.003569	0.000662	0.002850	0.000574	0.001179	0.000877	0.000775	0.001613	0.000744	0.002249	0.000719	0.000217	0.000000
16	0.004635	0.003496	0.000740	0.002544	0.000812	0.001416	0.000907	0.000869	0.001891	0.000777	0.002225	0.000814	0.000202	0.000000
17	0.004864	0.003563	0.000699	0.002674	0.000719	0.001294	0.000819	0.000916	0.001718	0.000678	0.002121	0.000787	0.000190	0.000000
18	0.004554	0.003487	0.000760	0.003057	0.000800	0.001127	0.000827	0.000872	0.001788	0.000742	0.002326	0.000696	0.000205	0.000000
19	0.004750	0.003782	0.000644	0.002714	0.000685	0.001384	0.000845	0.000761	0.001681	0.000677	0.002342	0.000736	0.000229	0.000000
20	0.004717	0.003347	0.000724	0.002599	0.000728	0.001509	0.000930	0.000856	0.002117	0.000837	0.002469	0.000774	0.000199	0.000000
21	0.004940	0.003263	0.000680	0.002818	0.000672	0.001400	0.000746	0.000809	0.001746	0.000622	0.002314	0.000744	0.000200	0.000000
22	0.004825	0.003296	0.000702	0.002638	0.000669	0.001361	0.000886	0.000789	0.001905	0.000729	0.002395	0.000850	0.000188	0.000000
23	0.005158	0.003585	0.000759	0.002842	0.000692	0.001348	0.000759	0.000829	0.001574	0.000707	0.002369	0.000741	0.000217	0.000000
24	0.004811	0.003696	0.000721	0.002736	0.000598	0.001341	0.000802	0.000837	0.001912	0.000791	0.002280	0.000908	0.000194	0.000000
