# table produced by DamageProfiler
# using mapped file ScA041.BuffaloCape_Human_nc.Target.rmdup.noMicro.bam
# Sample ID: ScA041.BuffaloCape_Human_nc.Target.rmdup.noMicro.bam
Chr	End	Std	Pos	A	C	G	T	Total	G>A	C>T	A>G	T>C	A>C	A>T	C>G	C>A	T>G	T>A	G>C	G>T	A>-	T>-	C>-	G>-	->A	->T	->C	->G	S
	3p	+	1	151409.0	68279.0	59140.0	120391.0	399219.0	492.0	12900.0	445.0	276.0	158.0	321.0	89.0	315.0	119.0	279.0	90.0	285.0	0.0	0.0	0.0	0.0	0.0	0.0	0.0	0.0	0.0
	3p	+	2	134743.0	82787.0	67567.0	114122.0	399219.0	432.0	6330.0	418.0	382.0	199.0	233.0	85.0	227.0	145.0	208.0	114.0	237.0	0.0	0.0	0.0	0.0	0.0	0.0	0.0	0.0	0.0
	3p	+	3	133398.0	74056.0	75753.0	116012.0	399219.0	379.0	697.0	408.0	316.0	186.0	220.0	80.0	216.0	148.0	174.0	127.0	196.0	0.0	0.0	0.0	0.0	0.0	0.0	0.0	0.0	0.0
	3p	+	4	135210.0	72346.0	76589.0	115071.0	399216.0	329.0	638.0	392.0	270.0	131.0	190.0	79.0	144.0	120.0	153.0	88.0	190.0	0.0	0.0	0.0	0.0	0.0	0.0	1.0	2.0	0.0
	3p	+	5	135624.0	71049.0	76838.0	115702.0	399213.0	340.0	583.0	373.0	276.0	138.0	135.0	84.0	124.0	97.0	109.0	67.0	152.0	0.0	0.0	0.0	0.0	1.0	0.0	0.0	3.0	0.0
	3p	+	6	136272.0	70304.0	77394.0	115215.0	399185.0	276.0	530.0	372.0	244.0	107.0	150.0	79.0	146.0	112.0	106.0	69.0	171.0	0.0	0.0	0.0	0.0	12.0	0.0	3.0	7.0	0.0
	3p	+	7	132476.0	71953.0	77624.0	117122.0	399175.0	276.0	491.0	361.0	244.0	110.0	143.0	54.0	100.0	100.0	84.0	52.0	157.0	0.0	0.0	0.0	0.0	11.0	0.0	9.0	15.0	0.0
	3p	+	8	131434.0	71502.0	77861.0	118358.0	399155.0	301.0	458.0	347.0	230.0	90.0	114.0	63.0	135.0	107.0	90.0	67.0	139.0	0.0	0.0	0.0	0.0	21.0	0.0	15.0	11.0	0.0
	3p	+	9	128721.0	73256.0	78285.0	118873.0	399135.0	265.0	469.0	368.0	265.0	91.0	126.0	82.0	98.0	91.0	71.0	64.0	135.0	0.0	0.0	0.0	0.0	28.0	0.0	12.0	12.0	0.0
	3p	+	10	127261.0	73718.0	78300.0	119842.0	399121.0	266.0	433.0	349.0	269.0	98.0	110.0	77.0	125.0	83.0	86.0	50.0	150.0	0.0	0.0	0.0	0.0	23.0	0.0	25.0	22.0	0.0
	3p	+	11	126267.0	74703.0	78249.0	119895.0	399114.0	237.0	445.0	372.0	269.0	106.0	114.0	73.0	124.0	93.0	99.0	59.0	142.0	0.0	0.0	0.0	0.0	42.0	0.0	18.0	14.0	0.0
	3p	+	12	126268.0	75633.0	78203.0	119019.0	399123.0	298.0	432.0	377.0	265.0	97.0	121.0	65.0	118.0	94.0	76.0	63.0	153.0	0.0	0.0	0.0	0.0	41.0	0.0	19.0	12.0	0.0
	3p	+	13	125704.0	75034.0	78439.0	119931.0	399108.0	259.0	404.0	320.0	264.0	89.0	102.0	72.0	106.0	96.0	80.0	48.0	145.0	0.0	0.0	0.0	0.0	40.0	0.0	27.0	15.0	0.0
	3p	+	14	125606.0	75812.0	78626.0	119061.0	399105.0	276.0	369.0	341.0	284.0	115.0	119.0	66.0	127.0	95.0	71.0	81.0	165.0	0.0	0.0	0.0	0.0	49.0	0.0	12.0	15.0	0.0
	3p	+	15	125803.0	76194.0	78248.0	118852.0	399097.0	282.0	411.0	361.0	284.0	92.0	90.0	84.0	122.0	79.0	76.0	39.0	157.0	0.0	0.0	0.0	0.0	49.0	0.0	22.0	14.0	0.0
	3p	+	16	125259.0	76233.0	78470.0	119112.0	399074.0	286.0	335.0	332.0	293.0	99.0	98.0	70.0	128.0	89.0	90.0	54.0	183.0	0.0	0.0	0.0	0.0	67.0	0.0	13.0	15.0	0.0
	3p	+	17	125060.0	76463.0	78053.0	119512.0	399088.0	274.0	387.0	311.0	268.0	100.0	91.0	76.0	111.0	103.0	89.0	61.0	154.0	0.0	0.0	0.0	0.0	45.0	0.0	19.0	20.0	0.0
	3p	+	18	124822.0	76234.0	78120.0	119868.0	399044.0	315.0	377.0	341.0	264.0	86.0	123.0	71.0	107.0	89.0	105.0	60.0	146.0	0.0	0.0	0.0	0.0	64.0	0.0	30.0	27.0	0.0
	3p	+	19	124476.0	76258.0	77994.0	120307.0	399035.0	261.0	390.0	328.0	269.0	96.0	85.0	55.0	124.0	79.0	65.0	66.0	127.0	0.0	0.0	0.0	0.0	78.0	0.0	19.0	25.0	0.0
	3p	+	20	124750.0	76240.0	78246.0	119810.0	399046.0	261.0	344.0	330.0	284.0	74.0	93.0	81.0	111.0	114.0	80.0	56.0	160.0	0.0	0.0	0.0	0.0	66.0	0.0	20.0	26.0	0.0
	3p	+	21	124710.0	76644.0	78128.0	119548.0	399030.0	270.0	360.0	340.0	260.0	102.0	111.0	69.0	104.0	91.0	74.0	63.0	148.0	0.0	0.0	0.0	0.0	76.0	0.0	21.0	17.0	0.0
	3p	+	22	124754.0	76353.0	78146.0	119800.0	399053.0	249.0	346.0	313.0	256.0	98.0	86.0	50.0	124.0	85.0	70.0	59.0	145.0	0.0	0.0	0.0	0.0	59.0	0.0	20.0	21.0	0.0
	3p	+	23	124914.0	76041.0	78460.0	119635.0	399050.0	303.0	322.0	312.0	266.0	94.0	88.0	63.0	96.0	103.0	69.0	76.0	146.0	0.0	0.0	0.0	0.0	64.0	0.0	22.0	19.0	0.0
	3p	+	24	125058.0	76267.0	78406.0	119296.0	399027.0	266.0	390.0	343.0	237.0	80.0	97.0	61.0	114.0	79.0	62.0	48.0	136.0	0.0	0.0	0.0	0.0	82.0	0.0	15.0	26.0	0.0
	3p	+	25	124910.0	75904.0	79200.0	119019.0	399033.0	263.0	367.0	343.0	251.0	87.0	97.0	68.0	112.0	86.0	62.0	64.0	141.0	0.0	0.0	0.0	0.0	83.0	0.0	21.0	17.0	0.0
	3p	+	26	124747.0	76165.0	79156.0	118959.0	399027.0	266.0	401.0	319.0	269.0	77.0	90.0	80.0	109.0	90.0	82.0	51.0	134.0	0.0	0.0	0.0	0.0	82.0	0.0	21.0	23.0	0.0
	3p	+	27	125237.0	75938.0	78888.0	118964.0	399027.0	269.0	344.0	344.0	291.0	90.0	96.0	64.0	89.0	73.0	90.0	63.0	154.0	0.0	0.0	0.0	0.0	81.0	0.0	25.0	22.0	0.0
	3p	+	28	124470.0	76430.0	78883.0	119271.0	399054.0	281.0	411.0	351.0	287.0	88.0	89.0	58.0	109.0	94.0	93.0	49.0	168.0	0.0	0.0	0.0	0.0	66.0	0.0	7.0	23.0	0.0
	3p	+	29	123872.0	76011.0	79416.0	119750.0	399049.0	270.0	399.0	357.0	280.0	85.0	110.0	56.0	111.0	111.0	88.0	84.0	149.0	0.0	0.0	0.0	0.0	79.0	0.0	16.0	16.0	0.0
	3p	+	30	124258.0	75565.0	79496.0	119744.0	399063.0	303.0	470.0	357.0	270.0	97.0	100.0	65.0	129.0	77.0	78.0	56.0	149.0	0.0	0.0	0.0	0.0	68.0	0.0	20.0	25.0	0.0
	3p	+	31	121261.0	73743.0	76862.0	116930.0	388796.0	264.0	514.0	350.0	272.0	92.0	94.0	66.0	102.0	80.0	94.0	77.0	134.0	0.0	0.0	0.0	0.0	73.0	0.0	13.0	19.0	0.0
	3p	+	32	118369.0	71269.0	75275.0	113198.0	378111.0	261.0	489.0	372.0	295.0	95.0	90.0	64.0	127.0	75.0	74.0	58.0	137.0	0.0	0.0	0.0	0.0	68.0	0.0	15.0	13.0	0.0
	3p	+	33	114992.0	68527.0	73273.0	110228.0	367020.0	281.0	461.0	300.0	240.0	72.0	89.0	55.0	109.0	76.0	86.0	65.0	153.0	0.0	0.0	0.0	0.0	63.0	0.0	18.0	16.0	0.0
	3p	+	34	111553.0	66336.0	70601.0	106958.0	355448.0	262.0	473.0	351.0	244.0	82.0	85.0	34.0	99.0	77.0	97.0	58.0	128.0	0.0	0.0	0.0	0.0	65.0	0.0	16.0	21.0	0.0
	3p	+	35	107841.0	64600.0	68298.0	103141.0	343880.0	273.0	481.0	316.0	222.0	96.0	89.0	59.0	102.0	81.0	80.0	45.0	135.0	0.0	0.0	0.0	0.0	64.0	0.0	17.0	10.0	0.0
	3p	+	36	104291.0	61836.0	65736.0	100333.0	332196.0	236.0	466.0	333.0	229.0	69.0	64.0	56.0	90.0	91.0	70.0	34.0	108.0	0.0	0.0	0.0	0.0	57.0	0.0	13.0	11.0	0.0
	3p	+	37	100832.0	59389.0	63457.0	96477.0	320155.0	244.0	444.0	306.0	211.0	66.0	95.0	59.0	88.0	69.0	77.0	60.0	115.0	0.0	0.0	0.0	0.0	53.0	0.0	8.0	14.0	0.0
	3p	+	38	96749.0	57451.0	60667.0	93011.0	307878.0	217.0	460.0	280.0	221.0	94.0	83.0	64.0	95.0	81.0	67.0	46.0	128.0	0.0	0.0	0.0	0.0	41.0	0.0	7.0	13.0	0.0
	3p	+	39	93139.0	55072.0	58239.0	89115.0	295565.0	217.0	438.0	289.0	201.0	87.0	83.0	61.0	71.0	73.0	74.0	44.0	115.0	0.0	0.0	0.0	0.0	43.0	0.0	10.0	14.0	0.0
	3p	+	40	88912.0	52785.0	56218.0	85307.0	283222.0	195.0	389.0	288.0	189.0	76.0	81.0	53.0	82.0	58.0	65.0	38.0	131.0	0.0	0.0	0.0	0.0	43.0	0.0	12.0	13.0	0.0
	3p	+	41	85218.0	50310.0	53846.0	81746.0	271120.0	207.0	399.0	264.0	188.0	62.0	74.0	60.0	80.0	80.0	66.0	52.0	99.0	0.0	0.0	0.0	0.0	40.0	0.0	17.0	7.0	0.0
	3p	+	42	81022.0	48271.0	51578.0	78381.0	259252.0	194.0	363.0	265.0	198.0	63.0	62.0	47.0	81.0	57.0	62.0	43.0	99.0	0.0	0.0	0.0	0.0	38.0	0.0	10.0	10.0	0.0
	3p	+	43	77422.0	46243.0	49112.0	74654.0	247431.0	181.0	351.0	228.0	187.0	56.0	75.0	33.0	77.0	69.0	58.0	34.0	102.0	0.0	0.0	0.0	0.0	35.0	0.0	4.0	15.0	0.0
	3p	+	44	74544.0	43712.0	46561.0	71002.0	235819.0	192.0	358.0	263.0	167.0	55.0	62.0	33.0	63.0	66.0	68.0	35.0	87.0	0.0	0.0	0.0	0.0	33.0	0.0	13.0	10.0	0.0
	3p	+	45	70678.0	41617.0	44581.0	67781.0	224657.0	174.0	291.0	199.0	162.0	68.0	70.0	51.0	66.0	48.0	56.0	26.0	111.0	0.0	0.0	0.0	0.0	27.0	0.0	8.0	7.0	0.0
	3p	+	46	67838.0	39509.0	42180.0	64224.0	213751.0	196.0	343.0	188.0	158.0	50.0	62.0	41.0	60.0	52.0	56.0	37.0	99.0	0.0	0.0	0.0	0.0	25.0	0.0	16.0	8.0	0.0
	3p	+	47	64261.0	37178.0	40417.0	61303.0	203159.0	181.0	302.0	209.0	144.0	40.0	51.0	41.0	66.0	47.0	64.0	30.0	82.0	0.0	0.0	0.0	0.0	30.0	0.0	12.0	10.0	0.0
	3p	+	48	60857.0	35543.0	38183.0	58235.0	192818.0	134.0	276.0	204.0	156.0	33.0	47.0	29.0	67.0	49.0	54.0	35.0	74.0	0.0	0.0	0.0	0.0	29.0	0.0	5.0	5.0	0.0
	3p	+	49	57727.0	33914.0	36088.0	55123.0	182852.0	137.0	271.0	185.0	137.0	40.0	62.0	33.0	57.0	37.0	43.0	35.0	67.0	0.0	0.0	0.0	0.0	16.0	0.0	10.0	3.0	0.0
	3p	+	50	54745.0	31604.0	34447.0	52422.0	173218.0	138.0	259.0	177.0	126.0	45.0	38.0	33.0	63.0	53.0	36.0	29.0	63.0	0.0	0.0	0.0	0.0	16.0	0.0	3.0	5.0	0.0
	3p	+	51	51383.0	30325.0	32604.0	49618.0	163930.0	113.0	233.0	148.0	120.0	46.0	64.0	40.0	44.0	43.0	35.0	22.0	53.0	0.0	0.0	0.0	0.0	18.0	0.0	11.0	6.0	0.0
	3p	+	52	48612.0	28592.0	30775.0	46981.0	154960.0	112.0	238.0	177.0	99.0	42.0	47.0	25.0	64.0	59.0	68.0	23.0	77.0	0.0	0.0	0.0	0.0	26.0	0.0	4.0	9.0	0.0
	3p	+	53	45864.0	26656.0	29051.0	44614.0	146185.0	116.0	249.0	135.0	107.0	41.0	44.0	36.0	52.0	53.0	55.0	25.0	69.0	0.0	0.0	0.0	0.0	18.0	0.0	6.0	5.0	0.0
	3p	+	54	43524.0	25226.0	27718.0	41372.0	137840.0	111.0	210.0	148.0	97.0	44.0	31.0	21.0	46.0	46.0	72.0	28.0	61.0	0.0	0.0	0.0	0.0	24.0	0.0	8.0	4.0	0.0
	3p	+	55	40791.0	24049.0	25710.0	39334.0	129884.0	93.0	224.0	133.0	89.0	35.0	31.0	27.0	49.0	51.0	56.0	32.0	73.0	0.0	0.0	0.0	0.0	18.0	0.0	3.0	4.0	0.0
	3p	+	56	38552.0	22312.0	24509.0	36870.0	122243.0	84.0	191.0	132.0	81.0	42.0	42.0	33.0	58.0	42.0	59.0	22.0	57.0	0.0	0.0	0.0	0.0	13.0	0.0	4.0	1.0	0.0
	3p	+	57	36020.0	21174.0	22929.0	34851.0	114974.0	83.0	180.0	116.0	80.0	31.0	36.0	21.0	46.0	40.0	61.0	21.0	49.0	0.0	0.0	0.0	0.0	11.0	0.0	1.0	6.0	0.0
	3p	+	58	33858.0	19968.0	21542.0	32602.0	107970.0	83.0	191.0	118.0	71.0	30.0	29.0	15.0	42.0	46.0	54.0	24.0	42.0	0.0	0.0	0.0	0.0	15.0	0.0	6.0	1.0	0.0
	3p	+	59	32084.0	18655.0	19874.0	30767.0	101380.0	77.0	171.0	109.0	60.0	34.0	28.0	22.0	44.0	40.0	48.0	20.0	52.0	0.0	0.0	0.0	0.0	7.0	0.0	7.0	2.0	0.0
	3p	+	60	29969.0	17510.0	18918.0	28612.0	95009.0	81.0	144.0	90.0	77.0	24.0	28.0	16.0	48.0	31.0	44.0	18.0	37.0	0.0	0.0	0.0	0.0	6.0	0.0	1.0	1.0	0.0
	3p	+	61	27704.0	16447.0	17677.0	26988.0	88816.0	83.0	157.0	69.0	70.0	30.0	31.0	28.0	31.0	37.0	35.0	21.0	46.0	0.0	0.0	0.0	0.0	7.0	0.0	4.0	1.0	0.0
	3p	+	62	25893.0	15342.0	16573.0	25268.0	83076.0	69.0	145.0	84.0	59.0	33.0	20.0	20.0	28.0	30.0	36.0	20.0	29.0	0.0	0.0	0.0	0.0	5.0	0.0	2.0	4.0	0.0
	3p	+	63	24381.0	14270.0	15566.0	23374.0	77591.0	63.0	108.0	74.0	49.0	17.0	33.0	18.0	29.0	27.0	46.0	19.0	26.0	0.0	0.0	0.0	0.0	3.0	0.0	1.0	1.0	0.0
	3p	+	64	22676.0	13455.0	14383.0	21797.0	72311.0	63.0	121.0	81.0	59.0	24.0	18.0	16.0	39.0	27.0	38.0	13.0	36.0	0.0	0.0	0.0	0.0	4.0	0.0	1.0	1.0	0.0
	3p	+	65	21050.0	12422.0	13523.0	20272.0	67267.0	51.0	99.0	76.0	46.0	25.0	24.0	11.0	27.0	29.0	32.0	13.0	28.0	0.0	0.0	0.0	0.0	5.0	0.0	3.0	1.0	0.0
	3p	+	66	19764.0	11288.0	12579.0	18966.0	62597.0	49.0	102.0	59.0	42.0	15.0	16.0	10.0	30.0	22.0	28.0	18.0	34.0	0.0	0.0	0.0	0.0	0.0	0.0	0.0	2.0	0.0
	3p	+	67	18261.0	10644.0	11505.0	17831.0	58241.0	43.0	95.0	60.0	46.0	17.0	13.0	17.0	14.0	14.0	29.0	20.0	35.0	0.0	0.0	0.0	0.0	1.0	0.0	0.0	3.0	0.0
	3p	+	68	16976.0	10067.0	10383.0	16609.0	54035.0	49.0	89.0	60.0	37.0	14.0	18.0	8.0	24.0	17.0	29.0	15.0	21.0	0.0	0.0	0.0	0.0	8.0	0.0	1.0	3.0	0.0
	3p	+	69	15792.0	9200.0	9962.0	14969.0	49923.0	33.0	95.0	58.0	36.0	16.0	22.0	9.0	15.0	12.0	17.0	11.0	25.0	0.0	0.0	0.0	0.0	3.0	0.0	0.0	1.0	0.0
	3p	+	70	14344.0	8488.0	9189.0	14144.0	46165.0	42.0	79.0	50.0	31.0	14.0	21.0	8.0	19.0	15.0	29.0	10.0	19.0	0.0	0.0	0.0	0.0	1.0	0.0	1.0	1.0	0.0
	3p	+	71	13194.0	8055.0	8464.0	12931.0	42644.0	32.0	81.0	46.0	30.0	7.0	19.0	6.0	15.0	18.0	21.0	11.0	20.0	0.0	0.0	0.0	0.0	2.0	0.0	0.0	0.0	0.0
	3p	+	72	12156.0	7265.0	7630.0	12207.0	39258.0	29.0	83.0	46.0	28.0	13.0	11.0	12.0	16.0	12.0	30.0	3.0	15.0	0.0	0.0	0.0	0.0	4.0	0.0	0.0	0.0	0.0
	3p	+	73	11337.0	6717.0	7041.0	10922.0	36017.0	37.0	72.0	38.0	28.0	14.0	10.0	9.0	15.0	12.0	20.0	7.0	18.0	0.0	0.0	0.0	0.0	2.0	0.0	0.0	1.0	0.0
	3p	+	74	10454.0	6167.0	6486.0	9928.0	33035.0	15.0	64.0	36.0	22.0	9.0	9.0	8.0	10.0	12.0	22.0	4.0	16.0	0.0	0.0	0.0	0.0	6.0	0.0	1.0	0.0	0.0
	3p	+	75	9388.0	5659.0	6035.0	9095.0	30177.0	23.0	74.0	32.0	25.0	10.0	9.0	2.0	9.0	17.0	14.0	4.0	15.0	0.0	0.0	0.0	0.0	3.0	0.0	0.0	0.0	0.0
	3p	+	76	8557.0	5032.0	5469.0	8388.0	27446.0	20.0	54.0	25.0	16.0	14.0	4.0	2.0	13.0	10.0	10.0	5.0	11.0	0.0	0.0	0.0	0.0	2.0	0.0	0.0	1.0	0.0
	3p	+	77	7817.0	4575.0	4938.0	7595.0	24925.0	23.0	44.0	23.0	20.0	6.0	8.0	7.0	9.0	6.0	13.0	7.0	18.0	0.0	0.0	0.0	0.0	1.0	0.0	0.0	0.0	0.0
	3p	+	78	7118.0	4086.0	4459.0	6831.0	22494.0	15.0	39.0	25.0	10.0	4.0	12.0	3.0	7.0	4.0	12.0	4.0	14.0	0.0	0.0	0.0	0.0	1.0	0.0	0.0	1.0	0.0
	3p	+	79	6377.0	3711.0	3988.0	6212.0	20288.0	18.0	43.0	24.0	14.0	6.0	9.0	2.0	6.0	8.0	8.0	6.0	16.0	0.0	0.0	0.0	0.0	0.0	0.0	0.0	0.0	0.0
	3p	+	80	5690.0	3408.0	3461.0	5593.0	18152.0	17.0	35.0	19.0	13.0	11.0	4.0	3.0	8.0	5.0	14.0	7.0	11.0	0.0	0.0	0.0	0.0	0.0	0.0	0.0	0.0	0.0
	3p	+	81	5053.0	3028.0	3225.0	4906.0	16212.0	15.0	31.0	11.0	10.0	8.0	9.0	2.0	3.0	3.0	6.0	0.0	9.0	0.0	0.0	0.0	0.0	1.0	0.0	0.0	0.0	0.0
	3p	+	82	4541.0	2581.0	2817.0	4342.0	14281.0	9.0	26.0	17.0	6.0	4.0	4.0	4.0	6.0	5.0	6.0	3.0	10.0	0.0	0.0	0.0	0.0	1.0	0.0	1.0	0.0	0.0
	3p	+	83	3872.0	2288.0	2456.0	3795.0	12411.0	8.0	30.0	16.0	8.0	1.0	2.0	2.0	7.0	5.0	9.0	4.0	6.0	0.0	0.0	0.0	0.0	3.0	0.0	0.0	0.0	0.0
	3p	+	84	3437.0	1982.0	2111.0	3254.0	10784.0	5.0	26.0	15.0	9.0	6.0	5.0	2.0	11.0	2.0	2.0	2.0	3.0	0.0	0.0	0.0	0.0	0.0	0.0	0.0	0.0	0.0
	3p	+	85	2874.0	1684.0	1790.0	2791.0	9139.0	6.0	20.0	5.0	12.0	4.0	5.0	2.0	3.0	7.0	3.0	2.0	6.0	0.0	0.0	0.0	0.0	1.0	0.0	0.0	0.0	0.0
	3p	+	86	2394.0	1383.0	1466.0	2305.0	7548.0	6.0	15.0	10.0	6.0	3.0	4.0	1.0	2.0	5.0	6.0	2.0	6.0	0.0	0.0	0.0	0.0	0.0	0.0	0.0	0.0	0.0
	3p	+	87	1930.0	1087.0	1217.0	1832.0	6066.0	11.0	15.0	8.0	3.0	1.0	2.0	2.0	2.0	2.0	6.0	1.0	3.0	0.0	0.0	0.0	0.0	0.0	0.0	0.0	0.0	0.0
	3p	+	88	1483.0	856.0	910.0	1462.0	4711.0	7.0	12.0	7.0	6.0	2.0	0.0	1.0	5.0	1.0	1.0	0.0	5.0	0.0	0.0	0.0	0.0	0.0	0.0	0.0	0.0	0.0
	3p	+	89	1089.0	671.0	636.0	1021.0	3417.0	1.0	12.0	5.0	5.0	0.0	2.0	3.0	3.0	5.0	3.0	3.0	1.0	0.0	0.0	0.0	0.0	0.0	0.0	0.0	0.0	0.0
	3p	+	90	666.0	424.0	433.0	675.0	2198.0	2.0	15.0	9.0	3.0	0.0	3.0	0.0	4.0	1.0	2.0	1.0	2.0	0.0	0.0	0.0	0.0	0.0	0.0	0.0	0.0	0.0
	3p	+	91	347.0	187.0	189.0	322.0	1045.0	3.0	5.0	0.0	1.0	1.0	0.0	1.0	1.0	1.0	4.0	1.0	1.0	0.0	0.0	0.0	0.0	0.0	0.0	0.0	0.0	0.0
	3p	+	92	0.0	0.0	0.0	0.0	0.0	0.0	0.0	0.0	0.0	0.0	0.0	0.0	0.0	0.0	0.0	0.0	0.0	0.0	0.0	0.0	0.0	0.0	0.0	0.0	0.0	0.0
	3p	+	93	0.0	0.0	0.0	0.0	0.0	0.0	0.0	0.0	0.0	0.0	0.0	0.0	0.0	0.0	0.0	0.0	0.0	0.0	0.0	0.0	0.0	0.0	0.0	0.0	0.0	0.0
	3p	+	94	0.0	0.0	0.0	0.0	0.0	0.0	0.0	0.0	0.0	0.0	0.0	0.0	0.0	0.0	0.0	0.0	0.0	0.0	0.0	0.0	0.0	0.0	0.0	0.0	0.0	0.0
	3p	+	95	0.0	0.0	0.0	0.0	0.0	0.0	0.0	0.0	0.0	0.0	0.0	0.0	0.0	0.0	0.0	0.0	0.0	0.0	0.0	0.0	0.0	0.0	0.0	0.0	0.0	0.0
	3p	+	96	0.0	0.0	0.0	0.0	0.0	0.0	0.0	0.0	0.0	0.0	0.0	0.0	0.0	0.0	0.0	0.0	0.0	0.0	0.0	0.0	0.0	0.0	0.0	0.0	0.0	0.0
	3p	+	97	0.0	0.0	0.0	0.0	0.0	0.0	0.0	0.0	0.0	0.0	0.0	0.0	0.0	0.0	0.0	0.0	0.0	0.0	0.0	0.0	0.0	0.0	0.0	0.0	0.0	0.0
	3p	+	98	0.0	0.0	0.0	0.0	0.0	0.0	0.0	0.0	0.0	0.0	0.0	0.0	0.0	0.0	0.0	0.0	0.0	0.0	0.0	0.0	0.0	0.0	0.0	0.0	0.0	0.0
	3p	+	99	0.0	0.0	0.0	0.0	0.0	0.0	0.0	0.0	0.0	0.0	0.0	0.0	0.0	0.0	0.0	0.0	0.0	0.0	0.0	0.0	0.0	0.0	0.0	0.0	0.0	0.0
	3p	+	100	0.0	0.0	0.0	0.0	0.0	0.0	0.0	0.0	0.0	0.0	0.0	0.0	0.0	0.0	0.0	0.0	0.0	0.0	0.0	0.0	0.0	0.0	0.0	0.0	0.0	0.0
	3p	-	1	151910.0	68494.0	59208.0	120484.0	400096.0	492.0	13216.0	457.0	254.0	172.0	324.0	85.0	317.0	129.0	256.0	66.0	255.00.0	0.0	0.0	0.0	0.0	0.0	0.0	0.0	0.0
	3p	-	2	134815.0	82866.0	67649.0	114763.0	400093.0	455.0	6449.0	421.0	345.0	179.0	208.0	95.0	216.0	140.0	191.0	119.0	231.00.0	0.0	0.0	0.0	2.0	0.0	2.0	0.0	0.0
	3p	-	3	133628.0	74142.0	75810.0	116501.0	400081.0	398.0	682.0	416.0	331.0	172.0	232.0	94.0	220.0	128.0	210.0	152.0	197.00.0	0.0	0.0	0.0	8.0	0.0	1.0	0.0	0.0
	3p	-	4	134686.0	73030.0	76270.0	116052.0	400038.0	322.0	584.0	429.0	334.0	149.0	188.0	85.0	172.0	111.0	149.0	83.0	197.00.0	0.0	0.0	0.0	31.0	0.0	6.0	2.0	0.0
	3p	-	5	136110.0	70477.0	76518.0	116899.0	400004.0	302.0	593.0	379.0	294.0	125.0	155.0	82.0	120.0	97.0	108.0	80.0	163.00.0	0.0	0.0	0.0	46.0	0.0	9.0	8.0	0.0
	3p	-	6	136445.0	71020.0	76956.0	115552.0	399973.0	294.0	488.0	383.0	278.0	134.0	157.0	61.0	133.0	111.0	102.0	65.0	161.00.0	0.0	0.0	0.0	59.0	0.0	11.0	8.0	0.0
	3p	-	7	132328.0	72129.0	77437.0	118038.0	399932.0	264.0	466.0	395.0	276.0	97.0	138.0	77.0	116.0	89.0	94.0	48.0	160.00.0	0.0	0.0	0.0	59.0	0.0	11.0	24.0	0.0
	3p	-	8	131437.0	71597.0	78563.0	118299.0	399896.0	284.0	454.0	374.0	250.0	101.0	122.0	72.0	126.0	87.0	93.0	57.0	124.00.0	0.0	0.0	0.0	81.0	0.0	28.0	20.0	0.0
	3p	-	9	129499.0	72504.0	78075.0	119842.0	399920.0	268.0	429.0	392.0	244.0	134.0	130.0	69.0	129.0	104.0	83.0	69.0	148.00.0	0.0	0.0	0.0	88.0	0.0	13.0	14.0	0.0
	3p	-	10	127326.0	74004.0	78403.0	120179.0	399912.0	274.0	456.0	357.0	256.0	95.0	107.0	68.0	123.0	79.0	83.0	76.0	139.00.0	0.0	0.0	0.0	79.0	0.0	17.0	22.0	0.0
	3p	-	11	126544.0	75080.0	78267.0	120023.0	399914.0	262.0	388.0	371.0	279.0	108.0	113.0	66.0	123.0	96.0	91.0	84.0	136.00.0	0.0	0.0	0.0	85.0	0.0	21.0	19.0	0.0
	3p	-	12	125768.0	76185.0	79012.0	118974.0	399939.0	266.0	389.0	325.0	271.0	123.0	109.0	68.0	134.0	91.0	67.0	73.0	157.00.0	0.0	0.0	0.0	57.0	0.0	20.0	21.0	0.0
	3p	-	13	126058.0	75825.0	78220.0	119814.0	399917.0	262.0	396.0	348.0	269.0	81.0	97.0	62.0	115.0	78.0	91.0	72.0	170.00.0	0.0	0.0	0.0	67.0	0.0	23.0	21.0	0.0
	3p	-	14	125460.0	76204.0	78519.0	119743.0	399926.0	280.0	395.0	341.0	242.0	115.0	105.0	65.0	112.0	107.0	62.0	74.0	155.00.0	0.0	0.0	0.0	68.0	0.0	20.0	17.0	0.0
	3p	-	15	125366.0	76400.0	78750.0	119407.0	399923.0	276.0	396.0	332.0	261.0	99.0	90.0	51.0	130.0	93.0	96.0	52.0	180.00.0	0.0	0.0	0.0	72.0	0.0	19.0	22.0	0.0
	3p	-	16	124883.0	75999.0	79221.0	119814.0	399917.0	318.0	379.0	354.0	283.0	103.0	113.0	71.0	113.0	93.0	77.0	71.0	140.00.0	0.0	0.0	0.0	70.0	0.0	24.0	23.0	0.0
	3p	-	17	125171.0	76457.0	78061.0	120228.0	399917.0	260.0	388.0	350.0	290.0	117.0	81.0	69.0	103.0	102.0	82.0	78.0	149.00.0	0.0	0.0	0.0	79.0	0.0	19.0	20.0	0.0
	3p	-	18	125270.0	76079.0	78153.0	120416.0	399918.0	272.0	376.0	328.0	277.0	97.0	108.0	64.0	116.0	101.0	88.0	71.0	139.00.0	0.0	0.0	0.0	72.0	0.0	21.0	18.0	0.0
	3p	-	19	124889.0	76662.0	78052.0	120315.0	399918.0	236.0	386.0	329.0	239.0	104.0	85.0	64.0	122.0	89.0	94.0	62.0	144.00.0	0.0	0.0	0.0	76.0	0.0	20.0	27.0	0.0
	3p	-	20	124813.0	76545.0	78167.0	120404.0	399929.0	310.0	373.0	346.0	247.0	105.0	86.0	71.0	113.0	84.0	95.0	69.0	145.00.0	0.0	0.0	0.0	70.0	0.0	22.0	25.0	0.0
	3p	-	21	124547.0	76846.0	78686.0	119843.0	399922.0	262.0	345.0	329.0	257.0	88.0	89.0	61.0	104.0	65.0	81.0	58.0	139.00.0	0.0	0.0	0.0	64.0	0.0	19.0	18.0	0.0
	3p	-	22	124786.0	77044.0	78229.0	119867.0	399926.0	307.0	398.0	316.0	248.0	102.0	95.0	68.0	97.0	78.0	77.0	55.0	134.00.0	0.0	0.0	0.0	77.0	0.0	18.0	22.0	0.0
	3p	-	23	125376.0	76444.0	78222.0	119892.0	399934.0	243.0	387.0	346.0	299.0	110.0	94.0	60.0	105.0	90.0	76.0	60.0	145.00.0	0.0	0.0	0.0	59.0	0.0	22.0	19.0	0.0
	3p	-	24	125425.0	76454.0	78297.0	119763.0	399939.0	292.0	384.0	355.0	282.0	79.0	106.0	62.0	101.0	75.0	86.0	54.0	156.00.0	0.0	0.0	0.0	66.0	0.0	12.0	23.0	0.0
	3p	-	25	124992.0	76227.0	78804.0	119916.0	399939.0	273.0	401.0	365.0	252.0	99.0	99.0	67.0	102.0	75.0	85.0	62.0	131.00.0	0.0	0.0	0.0	60.0	0.0	19.0	24.0	0.0
	3p	-	26	125283.0	75856.0	79345.0	119464.0	399948.0	253.0	393.0	337.0	268.0	97.0	93.0	46.0	123.0	88.0	64.0	57.0	160.00.0	0.0	0.0	0.0	56.0	0.0	14.0	16.0	0.0
	3p	-	27	124415.0	76689.0	79265.0	119590.0	399959.0	269.0	404.0	337.0	276.0	102.0	106.0	71.0	101.0	85.0	77.0	69.0	130.00.0	0.0	0.0	0.0	52.0	0.0	18.0	17.0	0.0
	3p	-	28	124603.0	76139.0	78831.0	120386.0	399959.0	265.0	414.0	328.0	261.0	94.0	88.0	68.0	114.0	90.0	94.0	63.0	136.00.0	0.0	0.0	0.0	54.0	0.0	18.0	22.0	0.0
	3p	-	29	124556.0	76034.0	79509.0	119870.0	399969.0	272.0	450.0	359.0	271.0	88.0	112.0	74.0	110.0	90.0	83.0	73.0	129.00.0	0.0	0.0	0.0	49.0	0.0	14.0	20.0	0.0
	3p	-	30	124652.0	76225.0	79333.0	119768.0	399978.0	262.0	524.0	372.0	267.0	102.0	112.0	65.0	101.0	107.0	97.0	59.0	162.00.0	0.0	0.0	0.0	49.0	0.0	10.0	18.0	0.0
	3p	-	31	121593.0	73951.0	77268.0	117054.0	389866.0	271.0	488.0	359.0	274.0	95.0	90.0	65.0	107.0	92.0	80.0	59.0	141.00.0	0.0	0.0	0.0	50.0	0.0	17.0	16.0	0.0
	3p	-	32	118484.0	71574.0	75185.0	113902.0	379145.0	267.0	486.0	335.0	236.0	86.0	85.0	68.0	108.0	101.0	78.0	60.0	147.00.0	0.0	0.0	0.0	60.0	0.0	18.0	16.0	0.0
	3p	-	33	115598.0	69618.0	72909.0	110126.0	368251.0	278.0	469.0	377.0	249.0	92.0	85.0	57.0	102.0	79.0	93.0	51.0	134.00.0	0.0	0.0	0.0	48.0	0.0	18.0	17.0	0.0
	3p	-	34	111748.0	67211.0	71349.0	106663.0	356971.0	260.0	456.0	335.0	265.0	80.0	97.0	55.0	113.0	73.0	86.0	55.0	137.00.0	0.0	0.0	0.0	43.0	0.0	14.0	13.0	0.0
	3p	-	35	108662.0	64398.0	68837.0	103415.0	345312.0	261.0	459.0	331.0	234.0	87.0	87.0	70.0	90.0	90.0	72.0	59.0	121.00.0	0.0	0.0	0.0	41.0	0.0	14.0	25.0	0.0
	3p	-	36	105273.0	62026.0	66360.0	99774.0	333433.0	263.0	433.0	277.0	217.0	70.0	90.0	44.0	109.0	83.0	86.0	47.0	112.00.0	0.0	0.0	0.0	40.0	0.0	13.0	13.0	0.0
	3p	-	37	101593.0	59885.0	63255.0	96621.0	321354.0	234.0	442.0	295.0	183.0	66.0	76.0	53.0	82.0	68.0	69.0	52.0	130.00.0	0.0	0.0	0.0	35.0	0.0	16.0	14.0	0.0
	3p	-	38	97423.0	57632.0	60967.0	93224.0	309246.0	222.0	458.0	272.0	203.0	83.0	90.0	63.0	95.0	92.0	79.0	35.0	118.00.0	0.0	0.0	0.0	31.0	0.0	10.0	9.0	0.0
	3p	-	39	93358.0	55131.0	58722.0	90016.0	297227.0	235.0	419.0	307.0	194.0	76.0	73.0	53.0	95.0	53.0	75.0	42.0	115.00.0	0.0	0.0	0.0	28.0	0.0	10.0	10.0	0.0
	3p	-	40	89657.0	53389.0	56168.0	85776.0	284990.0	214.0	433.0	301.0	197.0	55.0	94.0	34.0	85.0	58.0	74.0	37.0	116.00.0	0.0	0.0	0.0	30.0	0.0	9.0	6.0	0.0
	3p	-	41	85340.0	50666.0	54493.0	82359.0	272858.0	220.0	388.0	257.0	180.0	60.0	89.0	52.0	84.0	62.0	66.0	37.0	126.00.0	0.0	0.0	0.0	21.0	0.0	11.0	12.0	0.0
	3p	-	42	81812.0	48305.0	51780.0	78710.0	260607.0	192.0	397.0	264.0	174.0	63.0	81.0	48.0	71.0	70.0	75.0	51.0	105.00.0	0.0	0.0	0.0	22.0	0.0	10.0	5.0	0.0
	3p	-	43	78453.0	45929.0	49594.0	74742.0	248718.0	171.0	364.0	237.0	180.0	67.0	81.0	53.0	69.0	44.0	58.0	31.0	109.00.0	0.0	0.0	0.0	25.0	0.0	9.0	12.0	0.0
	3p	-	44	74813.0	43782.0	47351.0	71159.0	237105.0	184.0	383.0	226.0	179.0	56.0	73.0	42.0	87.0	49.0	66.0	57.0	100.00.0	0.0	0.0	0.0	25.0	0.0	7.0	8.0	0.0
	3p	-	45	71231.0	41911.0	44611.0	67938.0	225691.0	142.0	357.0	233.0	161.0	50.0	65.0	39.0	66.0	56.0	59.0	41.0	86.00.0	0.0	0.0	0.0	12.0	0.0	7.0	8.0	0.0
	3p	-	46	67883.0	39582.0	42309.0	64776.0	214550.0	143.0	317.0	221.0	150.0	43.0	61.0	30.0	62.0	44.0	58.0	33.0	101.00.0	0.0	0.0	0.0	11.0	0.0	6.0	7.0	0.0
	3p	-	47	64482.0	37333.0	40392.0	61514.0	203721.0	182.0	326.0	216.0	143.0	38.0	57.0	33.0	59.0	61.0	61.0	48.0	70.00.0	0.0	0.0	0.0	16.0	0.0	7.0	9.0	0.0
	3p	-	48	61381.0	35512.0	38131.0	58249.0	193273.0	156.0	316.0	217.0	138.0	46.0	53.0	39.0	54.0	47.0	46.0	17.0	82.00.0	0.0	0.0	0.0	14.0	0.0	6.0	7.0	0.0
	3p	-	49	57820.0	33829.0	35998.0	55371.0	183018.0	122.0	268.0	189.0	140.0	45.0	56.0	35.0	64.0	52.0	44.0	44.0	82.00.0	0.0	0.0	0.0	14.0	0.0	4.0	4.0	0.0
	3p	-	50	54519.0	32098.0	34209.0	52357.0	173183.0	150.0	265.0	148.0	109.0	49.0	39.0	27.0	41.0	47.0	47.0	24.0	81.00.0	0.0	0.0	0.0	13.0	0.0	4.0	5.0	0.0
	3p	-	51	51331.0	30266.0	32442.0	49674.0	163713.0	124.0	285.0	195.0	126.0	31.0	45.0	30.0	50.0	47.0	48.0	32.0	63.00.0	0.0	0.0	0.0	10.0	0.0	4.0	4.0	0.0
	3p	-	52	48786.0	28491.0	30636.0	46686.0	154599.0	104.0	241.0	155.0	94.0	57.0	39.0	32.0	59.0	76.0	61.0	30.0	81.00.0	0.0	0.0	0.0	5.0	0.0	4.0	5.0	0.0
	3p	-	53	45791.0	27068.0	29018.0	44072.0	145949.0	106.0	230.0	146.0	91.0	45.0	39.0	29.0	76.0	63.0	67.0	24.0	75.00.0	0.0	0.0	0.0	10.0	0.0	2.0	7.0	0.0
	3p	-	54	43222.0	25158.0	27564.0	41647.0	137591.0	100.0	202.0	132.0	104.0	38.0	43.0	29.0	49.0	57.0	53.0	22.0	58.00.0	0.0	0.0	0.0	6.0	0.0	4.0	8.0	0.0
	3p	-	55	41228.0	23638.0	25720.0	39121.0	129707.0	98.0	203.0	125.0	87.0	22.0	45.0	22.0	55.0	42.0	58.0	18.0	68.00.0	0.0	0.0	0.0	6.0	0.0	3.0	3.0	0.0
	3p	-	56	38556.0	22322.0	24123.0	36968.0	121969.0	87.0	194.0	137.0	78.0	33.0	30.0	22.0	47.0	54.0	63.0	22.0	51.00.0	0.0	0.0	0.0	7.0	0.0	3.0	2.0	0.0
	3p	-	57	36006.0	21108.0	22633.0	34835.0	114582.0	82.0	188.0	125.0	81.0	29.0	38.0	29.0	51.0	49.0	55.0	24.0	53.00.0	0.0	0.0	0.0	5.0	0.0	2.0	4.0	0.0
	3p	-	58	34165.0	19672.0	21405.0	32336.0	107578.0	81.0	169.0	100.0	88.0	41.0	32.0	10.0	38.0	28.0	57.0	22.0	43.00.0	0.0	0.0	0.0	8.0	0.0	3.0	4.0	0.0
	3p	-	59	31592.0	18709.0	20293.0	30388.0	100982.0	71.0	164.0	90.0	78.0	24.0	29.0	19.0	34.0	46.0	45.0	26.0	55.00.0	0.0	0.0	0.0	5.0	0.0	4.0	2.0	0.0
	3p	-	60	29717.0	17528.0	18637.0	28860.0	94742.0	80.0	153.0	93.0	56.0	29.0	27.0	23.0	35.0	44.0	33.0	18.0	59.00.0	0.0	0.0	0.0	1.0	0.0	2.0	4.0	0.0
	3p	-	61	27906.0	16260.0	17567.0	27124.0	88857.0	56.0	143.0	80.0	61.0	21.0	26.0	21.0	32.0	27.0	43.0	19.0	42.00.0	0.0	0.0	0.0	5.0	0.0	1.0	1.0	0.0
	3p	-	62	26171.0	15014.0	16538.0	25340.0	83063.0	71.0	127.0	93.0	46.0	24.0	24.0	21.0	37.0	38.0	60.0	16.0	33.00.0	0.0	0.0	0.0	3.0	0.0	0.0	0.0	0.0
	3p	-	63	24433.0	14257.0	15398.0	23524.0	77612.0	51.0	146.0	68.0	54.0	19.0	21.0	15.0	34.0	28.0	38.0	17.0	35.00.0	0.0	0.0	0.0	2.0	0.0	2.0	0.0	0.0
	3p	-	64	22849.0	13260.0	14560.0	21724.0	72393.0	63.0	145.0	67.0	37.0	21.0	18.0	24.0	25.0	20.0	40.0	16.0	41.00.0	0.0	0.0	0.0	6.0	0.0	1.0	1.0	0.0
	3p	-	65	21341.0	12332.0	13425.0	20355.0	67453.0	55.0	122.0	63.0	42.0	15.0	26.0	11.0	28.0	24.0	29.0	19.0	45.00.0	0.0	0.0	0.0	5.0	0.0	1.0	2.0	0.0
	3p	-	66	19739.0	11611.0	12481.0	18956.0	62787.0	49.0	123.0	71.0	47.0	19.0	22.0	16.0	33.0	20.0	41.0	12.0	31.00.0	0.0	0.0	0.0	5.0	0.0	0.0	1.0	0.0
	3p	-	67	18180.0	10681.0	11641.0	17749.0	58251.0	49.0	97.0	47.0	47.0	15.0	16.0	9.0	21.0	24.0	28.0	10.0	32.00.0	0.0	0.0	0.0	2.0	0.0	2.0	0.0	0.0
	3p	-	68	17117.0	9856.0	10884.0	16203.0	54060.0	45.0	81.0	47.0	29.0	15.0	20.0	15.0	19.0	20.0	22.0	8.0	18.00.0	0.0	0.0	0.0	3.0	0.0	0.0	1.0	0.0
	3p	-	69	15832.0	9206.0	9931.0	15168.0	50137.0	40.0	100.0	50.0	32.0	8.0	24.0	11.0	15.0	22.0	26.0	14.0	30.00.0	0.0	0.0	0.0	1.0	0.0	1.0	1.0	0.0
	3p	-	70	14551.0	8543.0	9051.0	14113.0	46258.0	24.0	81.0	46.0	37.0	9.0	10.0	10.0	13.0	14.0	28.0	15.0	18.00.0	0.0	0.0	0.0	1.0	0.0	1.0	0.0	0.0
	3p	-	71	13303.0	7938.0	8444.0	12978.0	42663.0	26.0	75.0	43.0	40.0	10.0	13.0	8.0	18.0	13.0	21.0	11.0	23.00.0	0.0	0.0	0.0	3.0	0.0	1.0	0.0	0.0
	3p	-	72	12111.0	7384.0	7739.0	12030.0	39264.0	36.0	68.0	47.0	27.0	7.0	15.0	7.0	24.0	14.0	20.0	9.0	16.00.0	0.0	0.0	0.0	1.0	0.0	0.0	1.0	0.0
	3p	-	73	11310.0	6606.0	7082.0	11041.0	36039.0	36.0	57.0	38.0	20.0	6.0	8.0	3.0	15.0	13.0	25.0	9.0	18.00.0	0.0	0.0	0.0	2.0	0.0	1.0	1.0	0.0
	3p	-	74	10276.0	6058.0	6676.0	10058.0	33068.0	30.0	59.0	32.0	29.0	12.0	14.0	6.0	16.0	8.0	11.0	11.0	20.00.0	0.0	0.0	0.0	1.0	0.0	1.0	1.0	0.0
	3p	-	75	9360.0	5447.0	6036.0	9273.0	30116.0	28.0	52.0	36.0	15.0	9.0	12.0	10.0	12.0	14.0	21.0	8.0	17.00.0	0.0	0.0	0.0	0.0	0.0	0.0	1.0	0.0
	3p	-	76	8596.0	5004.0	5519.0	8412.0	27531.0	27.0	52.0	26.0	19.0	10.0	9.0	6.0	14.0	14.0	15.0	5.0	17.00.0	0.0	0.0	0.0	2.0	0.0	0.0	1.0	0.0
	3p	-	77	7833.0	4615.0	4898.0	7585.0	24931.0	20.0	36.0	26.0	17.0	8.0	13.0	7.0	8.0	6.0	18.0	6.0	11.00.0	0.0	0.0	0.0	1.0	0.0	0.0	0.0	0.0
	3p	-	78	7047.0	4138.0	4399.0	6904.0	22488.0	20.0	45.0	29.0	11.0	4.0	12.0	3.0	10.0	7.0	12.0	2.0	11.00.0	0.0	0.0	0.0	0.0	0.0	0.0	0.0	0.0
	3p	-	79	6369.0	3731.0	3985.0	6144.0	20229.0	17.0	51.0	23.0	19.0	2.0	16.0	6.0	4.0	9.0	10.0	3.0	7.00.0	0.0	0.0	0.0	1.0	0.0	0.0	0.0	0.0
	3p	-	80	5771.0	3349.0	3552.0	5401.0	18073.0	17.0	37.0	29.0	11.0	6.0	9.0	5.0	8.0	10.0	10.0	4.0	11.00.0	0.0	0.0	0.0	0.0	0.0	0.0	1.0	0.0
	3p	-	81	5036.0	2894.0	3180.0	4896.0	16006.0	18.0	41.0	24.0	9.0	6.0	12.0	6.0	10.0	2.0	9.0	1.0	7.00.0	0.0	0.0	0.0	0.0	0.0	0.0	0.0	0.0
	3p	-	82	4466.0	2582.0	2797.0	4323.0	14168.0	15.0	44.0	10.0	14.0	8.0	3.0	1.0	7.0	8.0	5.0	4.0	3.00.0	0.0	0.0	0.0	0.0	0.0	0.0	0.0	0.0
	3p	-	83	3815.0	2318.0	2481.0	3706.0	12320.0	13.0	45.0	8.0	8.0	5.0	5.0	0.0	9.0	1.0	10.0	5.0	9.00.0	0.0	0.0	0.0	0.0	0.0	0.0	0.0	0.0
	3p	-	84	3273.0	1943.0	2132.0	3278.0	10626.0	11.0	29.0	12.0	6.0	5.0	3.0	5.0	3.0	6.0	6.0	2.0	6.00.0	0.0	0.0	0.0	0.0	0.0	0.0	0.0	0.0
	3p	-	85	2847.0	1570.0	1758.0	2771.0	8946.0	10.0	23.0	11.0	7.0	4.0	4.0	5.0	3.0	1.0	7.0	4.0	4.00.0	0.0	0.0	0.0	0.0	0.0	0.0	0.0	0.0
	3p	-	86	2369.0	1324.0	1443.0	2331.0	7467.0	4.0	16.0	12.0	2.0	1.0	2.0	2.0	5.0	4.0	3.0	2.0	5.00.0	0.0	0.0	0.0	0.0	0.0	0.0	0.0	0.0
	3p	-	87	1941.0	1083.0	1210.0	1763.0	5997.0	4.0	15.0	11.0	5.0	4.0	2.0	1.0	3.0	3.0	3.0	0.0	5.00.0	0.0	0.0	0.0	0.0	0.0	0.0	0.0	0.0
	3p	-	88	1466.0	875.0	926.0	1457.0	4724.0	1.0	11.0	7.0	5.0	1.0	4.0	2.0	2.0	2.0	2.0	1.0	3.00.0	0.0	0.0	0.0	0.0	0.0	0.0	0.0	0.0
	3p	-	89	1156.0	604.0	665.0	1025.0	3450.0	0.0	16.0	6.0	3.0	3.0	3.0	2.0	3.0	7.0	2.0	3.0	3.00.0	0.0	0.0	0.0	0.0	0.0	0.0	0.0	0.0
	3p	-	90	709.0	397.0	417.0	701.0	2224.0	1.0	9.0	5.0	2.0	3.0	3.0	1.0	3.0	3.0	4.0	0.0	2.00.0	0.0	0.0	0.0	0.0	0.0	0.0	0.0	0.0
	3p	-	91	357.0	194.0	176.0	356.0	1083.0	0.0	6.0	4.0	1.0	1.0	0.0	0.0	1.0	0.0	2.0	0.0	4.00.0	0.0	0.0	0.0	0.0	0.0	0.0	0.0	0.0
	3p	-	92	0.0	0.0	0.0	0.0	0.0	0.0	0.0	0.0	0.0	0.0	0.0	0.0	0.0	0.0	0.0	0.0	0.00.0	0.0	0.0	0.0	0.0	0.0	0.0	0.0	0.0
	3p	-	93	0.0	0.0	0.0	0.0	0.0	0.0	0.0	0.0	0.0	0.0	0.0	0.0	0.0	0.0	0.0	0.0	0.00.0	0.0	0.0	0.0	0.0	0.0	0.0	0.0	0.0
	3p	-	94	0.0	0.0	0.0	0.0	0.0	0.0	0.0	0.0	0.0	0.0	0.0	0.0	0.0	0.0	0.0	0.0	0.00.0	0.0	0.0	0.0	0.0	0.0	0.0	0.0	0.0
	3p	-	95	0.0	0.0	0.0	0.0	0.0	0.0	0.0	0.0	0.0	0.0	0.0	0.0	0.0	0.0	0.0	0.0	0.00.0	0.0	0.0	0.0	0.0	0.0	0.0	0.0	0.0
	3p	-	96	0.0	0.0	0.0	0.0	0.0	0.0	0.0	0.0	0.0	0.0	0.0	0.0	0.0	0.0	0.0	0.0	0.00.0	0.0	0.0	0.0	0.0	0.0	0.0	0.0	0.0
	3p	-	97	0.0	0.0	0.0	0.0	0.0	0.0	0.0	0.0	0.0	0.0	0.0	0.0	0.0	0.0	0.0	0.0	0.00.0	0.0	0.0	0.0	0.0	0.0	0.0	0.0	0.0
	3p	-	98	0.0	0.0	0.0	0.0	0.0	0.0	0.0	0.0	0.0	0.0	0.0	0.0	0.0	0.0	0.0	0.0	0.00.0	0.0	0.0	0.0	0.0	0.0	0.0	0.0	0.0
	3p	-	99	0.0	0.0	0.0	0.0	0.0	0.0	0.0	0.0	0.0	0.0	0.0	0.0	0.0	0.0	0.0	0.0	0.00.0	0.0	0.0	0.0	0.0	0.0	0.0	0.0	0.0
	3p	-	100	0.0	0.0	0.0	0.0	0.0	0.0	0.0	0.0	0.0	0.0	0.0	0.0	0.0	0.0	0.0	0.0	0.00.0	0.0	0.0	0.0	0.0	0.0	0.0	0.0	0.0
	5p	+	1	140185.0	74047.0	61228.0	123758.0	399218.0	486.0	3253.0	741.0	380.0	249.0	353.0	141.0	290.0	209.0	303.0	89.0	221.00.0	0.0	0.0	0.0	0.0	0.0	0.0	0.0	0.0
	5p	+	2	122920.0	66962.0	89998.0	119334.0	399214.0	391.0	949.0	558.0	306.0	138.0	170.0	117.0	254.0	166.0	229.0	81.0	198.00.0	0.0	0.0	0.0	1.0	0.0	2.0	1.0	0.0
	5p	+	3	125842.0	72263.0	82173.0	118920.0	399198.0	325.0	729.0	508.0	278.0	135.0	138.0	92.0	167.0	135.0	166.0	63.0	199.00.0	0.0	0.0	0.0	9.0	0.0	5.0	1.0	0.0
	5p	+	4	124678.0	71841.0	86987.0	115657.0	399163.0	287.0	588.0	470.0	290.0	102.0	119.0	76.0	144.0	110.0	141.0	67.0	157.00.0	0.0	0.0	0.0	18.0	0.0	6.0	7.0	0.0
	5p	+	5	123784.0	73171.0	83735.0	118426.0	399116.0	293.0	480.0	356.0	279.0	104.0	97.0	65.0	106.0	118.0	126.0	61.0	150.00.0	0.0	0.0	0.0	41.0	0.0	10.0	14.0	0.0
	5p	+	6	119497.0	74958.0	83863.0	120778.0	399096.0	258.0	490.0	400.0	282.0	80.0	98.0	65.0	106.0	109.0	108.0	78.0	159.00.0	0.0	0.0	0.0	42.0	0.0	15.0	15.0	0.0
	5p	+	7	124175.0	73821.0	82026.0	119061.0	399083.0	293.0	427.0	392.0	259.0	90.0	91.0	51.0	103.0	88.0	97.0	67.0	145.00.0	0.0	0.0	0.0	53.0	0.0	18.0	17.0	0.0
	5p	+	8	127370.0	73648.0	78814.0	119252.0	399084.0	297.0	444.0	396.0	246.0	81.0	88.0	77.0	96.0	90.0	95.0	63.0	138.00.0	0.0	0.0	0.0	54.0	0.0	13.0	13.0	0.0
	5p	+	9	126951.0	74203.0	78697.0	119208.0	399059.0	271.0	413.0	340.0	261.0	81.0	97.0	65.0	100.0	99.0	93.0	67.0	164.00.0	0.0	0.0	0.0	59.0	0.0	17.0	22.0	0.0
	5p	+	10	125779.0	75017.0	79000.0	119260.0	399056.0	272.0	412.0	376.0	256.0	86.0	93.0	60.0	116.0	81.0	90.0	58.0	130.00.0	0.0	0.0	0.0	74.0	0.0	15.0	11.0	0.0
	5p	+	11	125144.0	75542.0	78949.0	119432.0	399067.0	297.0	436.0	344.0	269.0	95.0	89.0	52.0	110.0	80.0	89.0	51.0	131.00.0	0.0	0.0	0.0	65.0	0.0	11.0	22.0	0.0
	5p	+	12	125396.0	76684.0	77920.0	119048.0	399048.0	254.0	396.0	322.0	253.0	83.0	69.0	72.0	117.0	74.0	85.0	72.0	146.00.0	0.0	0.0	0.0	72.0	0.0	18.0	23.0	0.0
	5p	+	13	124960.0	76534.0	78396.0	119150.0	399040.0	262.0	364.0	325.0	248.0	89.0	88.0	52.0	83.0	84.0	90.0	57.0	145.00.0	0.0	0.0	0.0	84.0	0.0	21.0	14.0	0.0
	5p	+	14	124456.0	76529.0	78148.0	119928.0	399061.0	290.0	392.0	367.0	268.0	95.0	78.0	68.0	108.0	93.0	82.0	73.0	154.00.0	0.0	0.0	0.0	59.0	0.0	23.0	13.0	0.0
	5p	+	15	124339.0	76503.0	78404.0	119798.0	399044.0	272.0	352.0	369.0	302.0	76.0	70.0	69.0	113.0	93.0	82.0	67.0	170.00.0	0.0	0.0	0.0	71.0	0.0	17.0	21.0	0.0
	5p	+	16	125343.0	76384.0	78760.0	118562.0	399049.0	265.0	349.0	360.0	275.0	87.0	74.0	68.0	85.0	92.0	91.0	59.0	129.00.0	0.0	0.0	0.0	69.0	0.0	24.0	23.0	0.0
	5p	+	17	124825.0	76567.0	78579.0	119081.0	399052.0	275.0	355.0	320.0	261.0	92.0	108.0	78.0	102.0	92.0	89.0	65.0	147.00.0	0.0	0.0	0.0	65.0	0.0	18.0	21.0	0.0
	5p	+	18	124743.0	76701.0	78490.0	119127.0	399061.0	295.0	382.0	331.0	257.0	88.0	87.0	62.0	97.0	99.0	74.0	67.0	122.00.0	0.0	0.0	0.0	61.0	0.0	18.0	15.0	0.0
	5p	+	19	124117.0	76644.0	79164.0	119124.0	399049.0	278.0	347.0	396.0	300.0	94.0	93.0	68.0	79.0	75.0	81.0	70.0	143.00.0	0.0	0.0	0.0	75.0	0.0	22.0	20.0	0.0
	5p	+	20	124294.0	76635.0	78744.0	119386.0	399059.0	299.0	366.0	350.0	299.0	84.0	79.0	66.0	100.0	78.0	77.0	70.0	138.00.0	0.0	0.0	0.0	77.0	0.0	21.0	18.0	0.0
	5p	+	21	124305.0	76608.0	79089.0	119059.0	399061.0	258.0	350.0	311.0	274.0	91.0	90.0	73.0	107.0	94.0	97.0	68.0	159.00.0	0.0	0.0	0.0	58.0	0.0	21.0	20.0	0.0
	5p	+	22	124864.0	76155.0	78456.0	119588.0	399063.0	262.0	336.0	359.0	281.0	83.0	70.0	52.0	99.0	84.0	81.0	67.0	144.00.0	0.0	0.0	0.0	59.0	0.0	17.0	20.0	0.0
	5p	+	23	124554.0	76856.0	77942.0	119720.0	399072.0	257.0	372.0	310.0	268.0	89.0	86.0	69.0	94.0	98.0	89.0	57.0	149.00.0	0.0	0.0	0.0	58.0	0.0	26.0	14.0	0.0
	5p	+	24	125681.0	76438.0	77862.0	119088.0	399069.0	288.0	360.0	366.0	286.0	90.0	90.0	63.0	103.0	94.0	89.0	64.0	123.00.0	0.0	0.0	0.0	62.0	0.0	23.0	15.0	0.0
	5p	+	25	126363.0	75772.0	77544.0	119402.0	399081.0	281.0	324.0	326.0	292.0	79.0	77.0	65.0	92.0	123.0	95.0	64.0	142.00.0	0.0	0.0	0.0	56.0	0.0	12.0	25.0	0.0
	5p	+	26	126173.0	75250.0	77971.0	119685.0	399079.0	303.0	393.0	327.0	274.0	70.0	67.0	58.0	132.0	102.0	80.0	55.0	147.00.0	0.0	0.0	0.0	49.0	0.0	21.0	18.0	0.0
	5p	+	27	126940.0	74815.0	78094.0	119235.0	399084.0	275.0	434.0	316.0	266.0	81.0	86.0	59.0	99.0	82.0	78.0	65.0	168.00.0	0.0	0.0	0.0	51.0	0.0	11.0	13.0	0.0
	5p	+	28	126584.0	75288.0	78654.0	118543.0	399069.0	277.0	426.0	334.0	261.0	94.0	89.0	67.0	109.0	93.0	70.0	60.0	169.00.0	0.0	0.0	0.0	50.0	0.0	20.0	28.0	0.0
	5p	+	29	127050.0	75548.0	77817.0	118658.0	399073.0	289.0	516.0	357.0	270.0	77.0	94.0	59.0	109.0	94.0	90.0	55.0	145.00.0	0.0	0.0	0.0	65.0	0.0	15.0	17.0	0.0
	5p	+	30	128220.0	75474.0	77235.0	118149.0	399078.0	296.0	810.0	343.0	263.0	97.0	93.0	64.0	103.0	96.0	98.0	45.0	148.00.0	0.0	0.0	0.0	57.0	0.0	21.0	17.0	0.0
	5p	+	31	125301.0	73348.0	74853.0	115329.0	388831.0	265.0	837.0	353.0	263.0	100.0	100.0	73.0	118.0	84.0	83.0	67.0	129.00.0	0.0	0.0	0.0	48.0	0.0	14.0	19.0	0.0
	5p	+	32	121316.0	71066.0	72737.0	113039.0	378158.0	271.0	901.0	306.0	253.0	80.0	85.0	54.0	125.0	82.0	106.0	60.0	144.00.0	0.0	0.0	0.0	39.0	0.0	17.0	14.0	0.0
	5p	+	33	118250.0	68868.0	70723.0	109217.0	367058.0	290.0	893.0	320.0	242.0	81.0	87.0	65.0	107.0	88.0	87.0	64.0	137.00.0	0.0	0.0	0.0	45.0	0.0	21.0	12.0	0.0
	5p	+	34	114550.0	66246.0	68491.0	106199.0	355486.0	244.0	914.0	268.0	230.0	86.0	82.0	52.0	106.0	74.0	85.0	57.0	113.00.0	0.0	0.0	0.0	54.0	0.0	9.0	9.0	0.0
	5p	+	35	111455.0	64266.0	66012.0	102186.0	343919.0	268.0	840.0	334.0	239.0	76.0	62.0	68.0	105.0	71.0	99.0	60.0	124.00.0	0.0	0.0	0.0	43.0	0.0	9.0	10.0	0.0
	5p	+	36	107721.0	61514.0	64157.0	98825.0	332217.0	277.0	889.0	302.0	235.0	63.0	68.0	54.0	94.0	91.0	70.0	49.0	123.00.0	0.0	0.0	0.0	54.0	0.0	4.0	10.0	0.0
	5p	+	37	104169.0	58823.0	61474.0	95697.0	320163.0	241.0	858.0	252.0	215.0	74.0	72.0	45.0	94.0	75.0	72.0	59.0	142.00.0	0.0	0.0	0.0	36.0	0.0	21.0	15.0	0.0
	5p	+	38	99757.0	56945.0	59041.0	92143.0	307886.0	237.0	899.0	288.0	223.0	68.0	78.0	39.0	101.0	65.0	78.0	52.0	111.00.0	0.0	0.0	0.0	43.0	0.0	10.0	9.0	0.0
	5p	+	39	96272.0	54540.0	56902.0	87874.0	295588.0	219.0	848.0	255.0	196.0	65.0	75.0	59.0	95.0	60.0	78.0	47.0	107.00.0	0.0	0.0	0.0	28.0	0.0	15.0	11.0	0.0
	5p	+	40	91557.0	52355.0	54722.0	84612.0	283246.0	208.0	877.0	226.0	192.0	66.0	65.0	54.0	82.0	77.0	87.0	38.0	115.00.0	0.0	0.0	0.0	34.0	0.0	10.0	14.0	0.0
	5p	+	41	87849.0	50121.0	52104.0	81070.0	271144.0	221.0	865.0	244.0	160.0	61.0	64.0	45.0	94.0	59.0	71.0	47.0	95.00.0	0.0	0.0	0.0	28.0	0.0	11.0	7.0	0.0
	5p	+	42	83743.0	48361.0	49790.0	77365.0	259259.0	199.0	862.0	204.0	182.0	55.0	79.0	42.0	77.0	60.0	67.0	47.0	109.00.0	0.0	0.0	0.0	37.0	0.0	9.0	17.0	0.0
	5p	+	43	80355.0	45760.0	47070.0	74263.0	247448.0	184.0	795.0	224.0	174.0	55.0	69.0	39.0	90.0	69.0	60.0	46.0	105.00.0	0.0	0.0	0.0	33.0	0.0	9.0	13.0	0.0
	5p	+	44	76618.0	43592.0	44973.0	70654.0	235837.0	186.0	813.0	217.0	164.0	46.0	68.0	47.0	85.0	55.0	71.0	36.0	99.00.0	0.0	0.0	0.0	27.0	0.0	10.0	7.0	0.0
	5p	+	45	72912.0	41485.0	42708.0	67577.0	224682.0	171.0	774.0	219.0	144.0	52.0	62.0	40.0	103.0	57.0	66.0	57.0	78.00.0	0.0	0.0	0.0	21.0	0.0	6.0	5.0	0.0
	5p	+	46	69388.0	39340.0	40929.0	64124.0	213781.0	171.0	720.0	176.0	175.0	45.0	50.0	33.0	88.0	53.0	55.0	33.0	78.00.0	0.0	0.0	0.0	13.0	0.0	7.0	12.0	0.0
	5p	+	47	66325.0	37153.0	38807.0	60894.0	203179.0	172.0	741.0	167.0	123.0	48.0	54.0	37.0	63.0	51.0	59.0	40.0	74.00.0	0.0	0.0	0.0	15.0	0.0	6.0	2.0	0.0
	5p	+	48	62579.0	35408.0	37032.0	57802.0	192821.0	144.0	706.0	169.0	144.0	43.0	63.0	33.0	64.0	45.0	59.0	27.0	90.00.0	0.0	0.0	0.0	18.0	0.0	11.0	9.0	0.0
	5p	+	49	59092.0	33921.0	34669.0	55165.0	182847.0	137.0	685.0	152.0	127.0	48.0	39.0	29.0	70.0	55.0	52.0	38.0	80.00.0	0.0	0.0	0.0	29.0	0.0	4.0	4.0	0.0
	5p	+	50	56051.0	31918.0	33020.0	52229.0	173218.0	111.0	642.0	166.0	116.0	48.0	60.0	35.0	54.0	47.0	51.0	27.0	83.00.0	0.0	0.0	0.0	22.0	0.0	3.0	5.0	0.0
	5p	+	51	53025.0	30255.0	31190.0	49469.0	163939.0	119.0	652.0	141.0	103.0	38.0	58.0	26.0	51.0	40.0	45.0	24.0	67.00.0	0.0	0.0	0.0	12.0	0.0	3.0	11.0	0.0
	5p	+	52	50305.0	28613.0	29336.0	46730.0	154984.0	108.0	577.0	153.0	104.0	68.0	103.0	40.0	80.0	44.0	46.0	34.0	90.00.0	0.0	0.0	0.0	16.0	0.0	6.0	5.0	0.0
	5p	+	53	47437.0	26991.0	27820.0	43950.0	146198.0	109.0	579.0	106.0	87.0	73.0	120.0	38.0	67.0	32.0	41.0	29.0	74.00.0	0.0	0.0	0.0	15.0	0.0	4.0	3.0	0.0
	5p	+	54	44471.0	25410.0	26163.0	41801.0	137845.0	116.0	554.0	119.0	111.0	67.0	94.0	42.0	65.0	43.0	38.0	20.0	67.00.0	0.0	0.0	0.0	22.0	0.0	5.0	3.0	0.0
	5p	+	55	42243.0	24091.0	24616.0	38945.0	129895.0	113.0	542.0	132.0	102.0	53.0	73.0	32.0	76.0	30.0	47.0	26.0	83.00.0	0.0	0.0	0.0	10.0	0.0	3.0	10.0	0.0
	5p	+	56	39844.0	22336.0	23318.0	36749.0	122247.0	106.0	526.0	109.0	101.0	56.0	81.0	26.0	56.0	47.0	39.0	22.0	58.00.0	0.0	0.0	0.0	9.0	0.0	3.0	4.0	0.0
	5p	+	57	37081.0	21138.0	22058.0	34703.0	114980.0	103.0	436.0	94.0	79.0	50.0	80.0	32.0	55.0	40.0	35.0	24.0	72.00.0	0.0	0.0	0.0	7.0	0.0	4.0	8.0	0.0
	5p	+	58	34994.0	19747.0	20712.0	32540.0	107993.0	97.0	439.0	99.0	82.0	42.0	70.0	20.0	58.0	39.0	34.0	27.0	64.00.0	0.0	0.0	0.0	10.0	0.0	4.0	1.0	0.0
	5p	+	59	32826.0	18606.0	19346.0	30607.0	101385.0	75.0	400.0	93.0	81.0	44.0	68.0	17.0	53.0	31.0	26.0	15.0	73.00.0	0.0	0.0	0.0	11.0	0.0	4.0	1.0	0.0
	5p	+	60	30796.0	17759.0	18040.0	28407.0	95002.0	77.0	405.0	92.0	63.0	49.0	59.0	10.0	48.0	32.0	31.0	21.0	48.00.0	0.0	0.0	0.0	15.0	0.0	1.0	4.0	0.0
	5p	+	61	28559.0	16563.0	16712.0	26984.0	88818.0	64.0	380.0	90.0	69.0	43.0	64.0	17.0	34.0	21.0	29.0	7.0	47.00.0	0.0	0.0	0.0	7.0	0.0	0.0	3.0	0.0
	5p	+	62	26807.0	15410.0	15580.0	25279.0	83076.0	82.0	383.0	71.0	56.0	29.0	61.0	21.0	47.0	29.0	30.0	18.0	47.00.0	0.0	0.0	0.0	9.0	0.0	5.0	2.0	0.0
	5p	+	63	24836.0	14329.0	14718.0	23706.0	77589.0	48.0	344.0	86.0	62.0	43.0	49.0	15.0	43.0	24.0	27.0	11.0	55.00.0	0.0	0.0	0.0	7.0	0.0	1.0	0.0	0.0
	5p	+	64	23571.0	13400.0	13552.0	21787.0	72310.0	62.0	325.0	83.0	57.0	36.0	53.0	20.0	29.0	25.0	36.0	16.0	51.00.0	0.0	0.0	0.0	3.0	0.0	2.0	1.0	0.0
	5p	+	65	22006.0	12570.0	12529.0	20165.0	67270.0	65.0	309.0	75.0	51.0	35.0	47.0	17.0	36.0	29.0	27.0	11.0	33.00.0	0.0	0.0	0.0	4.0	0.0	0.0	2.0	0.0
	5p	+	66	20459.0	11336.0	11891.0	18907.0	62593.0	48.0	252.0	59.0	49.0	34.0	45.0	18.0	35.0	26.0	23.0	14.0	36.00.0	0.0	0.0	0.0	3.0	0.0	2.0	2.0	0.0
	5p	+	67	18997.0	10628.0	11130.0	17486.0	58241.0	47.0	243.0	48.0	35.0	31.0	39.0	19.0	21.0	29.0	22.0	13.0	36.00.0	0.0	0.0	0.0	4.0	0.0	1.0	0.0	0.0
	5p	+	68	17541.0	9860.0	10308.0	16334.0	54043.0	36.0	240.0	41.0	34.0	21.0	44.0	8.0	25.0	21.0	15.0	10.0	35.00.0	0.0	0.0	0.0	3.0	0.0	2.0	0.0	0.0
	5p	+	69	16319.0	9117.0	9546.0	14942.0	49924.0	42.0	246.0	45.0	40.0	26.0	29.0	14.0	27.0	17.0	22.0	9.0	33.00.0	0.0	0.0	0.0	2.0	0.0	1.0	0.0	0.0
	5p	+	70	15223.0	8487.0	8802.0	13655.0	46167.0	35.0	247.0	41.0	30.0	21.0	27.0	20.0	25.0	15.0	16.0	9.0	30.00.0	0.0	0.0	0.0	1.0	0.0	2.0	1.0	0.0
	5p	+	71	13834.0	7919.0	8030.0	12862.0	42645.0	30.0	205.0	39.0	25.0	16.0	29.0	5.0	19.0	13.0	20.0	5.0	25.00.0	0.0	0.0	0.0	1.0	0.0	0.0	1.0	0.0
	5p	+	72	12759.0	7273.0	7438.0	11788.0	39258.0	24.0	201.0	36.0	24.0	26.0	26.0	10.0	27.0	15.0	13.0	8.0	20.00.0	0.0	0.0	0.0	1.0	0.0	2.0	0.0	0.0
	5p	+	73	11725.0	6641.0	6774.0	10882.0	36022.0	38.0	161.0	39.0	23.0	17.0	29.0	5.0	18.0	14.0	11.0	9.0	24.00.0	0.0	0.0	0.0	0.0	0.0	0.0	0.0	0.0
	5p	+	74	10705.0	6164.0	6266.0	9907.0	33042.0	22.0	146.0	35.0	23.0	13.0	27.0	8.0	15.0	11.0	8.0	6.0	15.00.0	0.0	0.0	0.0	2.0	0.0	0.0	0.0	0.0
	5p	+	75	9735.0	5657.0	5717.0	9068.0	30177.0	18.0	175.0	31.0	22.0	14.0	14.0	7.0	15.0	9.0	10.0	6.0	21.00.0	0.0	0.0	0.0	0.0	0.0	2.0	2.0	0.0
	5p	+	76	8878.0	5060.0	5176.0	8337.0	27451.0	23.0	144.0	25.0	24.0	15.0	14.0	3.0	12.0	7.0	11.0	7.0	22.00.0	0.0	0.0	0.0	0.0	0.0	0.0	0.0	0.0
	5p	+	77	8035.0	4575.0	4761.0	7559.0	24930.0	17.0	134.0	28.0	13.0	13.0	21.0	5.0	13.0	5.0	13.0	4.0	19.00.0	0.0	0.0	0.0	0.0	0.0	0.0	1.0	0.0
	5p	+	78	7471.0	4034.0	4202.0	6789.0	22496.0	24.0	100.0	32.0	18.0	18.0	8.0	7.0	11.0	9.0	6.0	8.0	13.00.0	0.0	0.0	0.0	1.0	0.0	0.0	1.0	0.0
	5p	+	79	6704.0	3729.0	3805.0	6051.0	20289.0	14.0	124.0	19.0	11.0	9.0	15.0	6.0	5.0	3.0	11.0	4.0	11.00.0	0.0	0.0	0.0	0.0	0.0	1.0	0.0	0.0
	5p	+	80	5910.0	3417.0	3470.0	5355.0	18152.0	16.0	99.0	20.0	19.0	11.0	10.0	3.0	10.0	5.0	7.0	4.0	7.00.0	0.0	0.0	0.0	0.0	0.0	0.0	0.0	0.0
	5p	+	81	5305.0	3025.0	3026.0	4857.0	16213.0	11.0	93.0	15.0	11.0	8.0	11.0	4.0	7.0	5.0	9.0	2.0	17.00.0	0.0	0.0	0.0	0.0	0.0	0.0	0.0	0.0
	5p	+	82	4658.0	2589.0	2684.0	4354.0	14285.0	19.0	100.0	12.0	9.0	9.0	11.0	2.0	8.0	5.0	6.0	5.0	7.00.0	0.0	0.0	0.0	0.0	0.0	0.0	0.0	0.0
	5p	+	83	4190.0	2269.0	2263.0	3692.0	12414.0	13.0	98.0	11.0	12.0	4.0	7.0	1.0	7.0	6.0	8.0	4.0	12.00.0	0.0	0.0	0.0	0.0	0.0	0.0	0.0	0.0
	5p	+	84	3634.0	1989.0	1975.0	3187.0	10785.0	8.0	86.0	17.0	8.0	7.0	9.0	0.0	1.0	2.0	6.0	2.0	10.00.0	0.0	0.0	0.0	0.0	0.0	0.0	0.0	0.0
	5p	+	85	2952.0	1721.0	1645.0	2822.0	9140.0	7.0	66.0	8.0	4.0	4.0	7.0	3.0	2.0	4.0	1.0	4.0	2.00.0	0.0	0.0	0.0	0.0	0.0	0.0	0.0	0.0
	5p	+	86	2537.0	1383.0	1310.0	2318.0	7548.0	7.0	72.0	10.0	6.0	4.0	7.0	2.0	4.0	4.0	2.0	3.0	4.00.0	0.0	0.0	0.0	0.0	0.0	0.0	0.0	0.0
	5p	+	87	2053.0	1084.0	1122.0	1807.0	6066.0	10.0	69.0	6.0	4.0	4.0	3.0	5.0	6.0	3.0	4.0	1.0	2.00.0	0.0	0.0	0.0	0.0	0.0	0.0	0.0	0.0
	5p	+	88	1577.0	890.0	867.0	1377.0	4711.0	6.0	65.0	5.0	1.0	3.0	7.0	1.0	2.0	1.0	1.0	2.0	5.00.0	0.0	0.0	0.0	0.0	0.0	0.0	0.0	0.0
	5p	+	89	1107.0	684.0	599.0	1027.0	3417.0	4.0	77.0	3.0	4.0	3.0	2.0	1.0	1.0	4.0	1.0	0.0	1.00.0	0.0	0.0	0.0	0.0	0.0	0.0	0.0	0.0
	5p	+	90	768.0	411.0	352.0	667.0	2198.0	1.0	50.0	5.0	2.0	1.0	1.0	0.0	2.0	0.0	0.0	1.0	4.00.0	0.0	0.0	0.0	0.0	0.0	0.0	0.0	0.0
	5p	+	91	347.0	169.0	186.0	343.0	1045.0	3.0	30.0	1.0	1.0	1.0	0.0	0.0	0.0	1.0	1.0	0.0	0.00.0	0.0	0.0	0.0	0.0	0.0	0.0	0.0	0.0
	5p	+	92	0.0	0.0	0.0	0.0	0.0	0.0	0.0	0.0	0.0	0.0	0.0	0.0	0.0	0.0	0.0	0.0	0.00.0	0.0	0.0	0.0	0.0	0.0	0.0	0.0	0.0
	5p	+	93	0.0	0.0	0.0	0.0	0.0	0.0	0.0	0.0	0.0	0.0	0.0	0.0	0.0	0.0	0.0	0.0	0.00.0	0.0	0.0	0.0	0.0	0.0	0.0	0.0	0.0
	5p	+	94	0.0	0.0	0.0	0.0	0.0	0.0	0.0	0.0	0.0	0.0	0.0	0.0	0.0	0.0	0.0	0.0	0.00.0	0.0	0.0	0.0	0.0	0.0	0.0	0.0	0.0
	5p	+	95	0.0	0.0	0.0	0.0	0.0	0.0	0.0	0.0	0.0	0.0	0.0	0.0	0.0	0.0	0.0	0.0	0.00.0	0.0	0.0	0.0	0.0	0.0	0.0	0.0	0.0
	5p	+	96	0.0	0.0	0.0	0.0	0.0	0.0	0.0	0.0	0.0	0.0	0.0	0.0	0.0	0.0	0.0	0.0	0.00.0	0.0	0.0	0.0	0.0	0.0	0.0	0.0	0.0
	5p	+	97	0.0	0.0	0.0	0.0	0.0	0.0	0.0	0.0	0.0	0.0	0.0	0.0	0.0	0.0	0.0	0.0	0.00.0	0.0	0.0	0.0	0.0	0.0	0.0	0.0	0.0
	5p	+	98	0.0	0.0	0.0	0.0	0.0	0.0	0.0	0.0	0.0	0.0	0.0	0.0	0.0	0.0	0.0	0.0	0.00.0	0.0	0.0	0.0	0.0	0.0	0.0	0.0	0.0
	5p	+	99	0.0	0.0	0.0	0.0	0.0	0.0	0.0	0.0	0.0	0.0	0.0	0.0	0.0	0.0	0.0	0.0	0.00.0	0.0	0.0	0.0	0.0	0.0	0.0	0.0	0.0
	5p	+	100	0.0	0.0	0.0	0.0	0.0	0.0	0.0	0.0	0.0	0.0	0.0	0.0	0.0	0.0	0.0	0.0	0.00.0	0.0	0.0	0.0	0.0	0.0	0.0	0.0	0.0
	5p	-	1	140883.0	73695.0	61389.0	124129.0	400096.0	486.0	3250.0	765.0	349.0	217.0	357.0	133.0	330.0	206.0	321.0	108.0	243.00.0	0.0	0.0	0.0	0.0	0.0	0.0	0.0	0.0
	5p	-	2	123334.0	66992.0	90686.0	119084.0	400096.0	395.0	1003.0	614.0	262.0	145.0	194.0	104.0	211.0	178.0	222.0	94.0	193.00.0	0.0	0.0	0.0	0.0	0.0	0.0	0.0	0.0
	5p	-	3	126152.0	71480.0	83201.0	119263.0	400096.0	321.0	709.0	501.0	266.0	124.0	158.0	92.0	179.0	120.0	202.0	84.0	192.00.0	0.0	0.0	0.0	0.0	0.0	0.0	0.0	0.0
	5p	-	4	124619.0	71951.0	87425.0	116099.0	400094.0	341.0	591.0	423.0	289.0	91.0	127.0	82.0	133.0	102.0	134.0	62.0	185.00.0	0.0	0.0	0.0	0.0	0.0	0.0	2.0	0.0
	5p	-	5	123713.0	73760.0	83825.0	118763.0	400061.0	282.0	530.0	426.0	304.0	95.0	112.0	73.0	95.0	128.0	115.0	51.0	151.00.0	0.0	0.0	0.0	7.0	0.0	13.0	10.0	0.0
	5p	-	6	119943.0	75058.0	83758.0	121280.0	400039.0	249.0	521.0	424.0	236.0	90.0	84.0	70.0	93.0	112.0	95.0	69.0	168.00.0	0.0	0.0	0.0	19.0	0.0	14.0	15.0	0.0
	5p	-	7	124591.0	73712.0	82443.0	119291.0	400037.0	269.0	435.0	344.0	262.0	79.0	93.0	63.0	97.0	93.0	135.0	56.0	154.00.0	0.0	0.0	0.0	16.0	0.0	15.0	17.0	0.0
	5p	-	8	127818.0	74153.0	79310.0	118743.0	400024.0	275.0	482.0	374.0	253.0	99.0	86.0	55.0	112.0	85.0	96.0	58.0	168.00.0	0.0	0.0	0.0	32.0	0.0	7.0	11.0	0.0
	5p	-	9	127130.0	74410.0	79088.0	119391.0	400019.0	277.0	448.0	361.0	268.0	82.0	81.0	54.0	115.0	81.0	102.0	48.0	153.00.0	0.0	0.0	0.0	29.0	0.0	12.0	13.0	0.0
	5p	-	10	125693.0	75488.0	79203.0	119634.0	400018.0	276.0	397.0	340.0	265.0	91.0	74.0	59.0	103.0	101.0	94.0	63.0	143.00.0	0.0	0.0	0.0	21.0	0.0	20.0	21.0	0.0
	5p	-	11	125683.0	75894.0	78856.0	119581.0	400014.0	287.0	396.0	357.0	273.0	82.0	75.0	70.0	92.0	88.0	69.0	60.0	134.00.0	0.0	0.0	0.0	29.0	0.0	17.0	20.0	0.0
	5p	-	12	125057.0	77335.0	78358.0	119248.0	399998.0	263.0	429.0	336.0	270.0	76.0	75.0	59.0	117.0	88.0	86.0	63.0	147.00.0	0.0	0.0	0.0	33.0	0.0	17.0	24.0	0.0
	5p	-	13	125440.0	76581.0	78153.0	119814.0	399988.0	271.0	336.0	348.0	258.0	87.0	71.0	62.0	98.0	93.0	92.0	58.0	148.00.0	0.0	0.0	0.0	41.0	0.0	13.0	16.0	0.0
	5p	-	14	125323.0	76868.0	78034.0	119763.0	399988.0	231.0	400.0	342.0	295.0	85.0	98.0	77.0	98.0	106.0	109.0	59.0	156.00.0	0.0	0.0	0.0	35.0	0.0	20.0	16.0	0.0
	5p	-	15	125190.0	76411.0	78140.0	120245.0	399986.0	296.0	364.0	346.0	272.0	88.0	94.0	79.0	96.0	101.0	93.0	60.0	163.00.0	0.0	0.0	0.0	48.0	0.0	13.0	16.0	0.0
	5p	-	16	125562.0	76334.0	78720.0	119350.0	399966.0	297.0	385.0	355.0	260.0	79.0	70.0	66.0	95.0	79.0	86.0	63.0	125.00.0	0.0	0.0	0.0	57.0	0.0	16.0	21.0	0.0
	5p	-	17	125154.0	76631.0	79016.0	119154.0	399955.0	276.0	355.0	316.0	269.0	93.0	95.0	61.0	115.0	102.0	96.0	72.0	151.00.0	0.0	0.0	0.0	57.0	0.0	12.0	21.0	0.0
	5p	-	18	124345.0	77076.0	78680.0	119855.0	399956.0	265.0	366.0	335.0	250.0	86.0	92.0	64.0	102.0	89.0	88.0	77.0	148.00.0	0.0	0.0	0.0	58.0	0.0	23.0	14.0	0.0
	5p	-	19	124502.0	76843.0	79136.0	119484.0	399965.0	274.0	352.0	364.0	255.0	95.0	106.0	59.0	94.0	91.0	96.0	68.0	140.00.0	0.0	0.0	0.0	47.0	0.0	23.0	16.0	0.0
	5p	-	20	124034.0	77273.0	78863.0	119769.0	399939.0	297.0	365.0	324.0	261.0	76.0	91.0	64.0	113.0	98.0	85.0	50.0	127.00.0	0.0	0.0	0.0	67.0	0.0	15.0	23.0	0.0
	5p	-	21	124231.0	77089.0	78686.0	119947.0	399953.0	270.0	375.0	335.0	316.0	89.0	91.0	70.0	125.0	91.0	103.0	67.0	175.00.0	0.0	0.0	0.0	60.0	0.0	12.0	20.0	0.0
	5p	-	22	124996.0	76692.0	78440.0	119820.0	399948.0	250.0	419.0	345.0	273.0	87.0	98.0	62.0	115.0	94.0	68.0	60.0	130.00.0	0.0	0.0	0.0	64.0	0.0	18.0	20.0	0.0
	5p	-	23	124892.0	76708.0	77993.0	120361.0	399954.0	257.0	369.0	348.0	307.0	86.0	81.0	67.0	115.0	106.0	86.0	66.0	148.00.0	0.0	0.0	0.0	52.0	0.0	21.0	22.0	0.0
	5p	-	24	125935.0	76332.0	77767.0	119881.0	399915.0	270.0	428.0	349.0	280.0	101.0	84.0	53.0	103.0	83.0	80.0	65.0	122.00.0	0.0	0.0	0.0	73.0	0.0	22.0	28.0	0.0
	5p	-	25	126166.0	76373.0	77753.0	119636.0	399928.0	293.0	408.0	365.0	253.0	103.0	74.0	57.0	112.0	94.0	94.0	66.0	155.00.0	0.0	0.0	0.0	62.0	0.0	21.0	25.0	0.0
	5p	-	26	126450.0	75769.0	78198.0	119513.0	399930.0	279.0	371.0	374.0	250.0	89.0	76.0	62.0	112.0	81.0	98.0	58.0	135.00.0	0.0	0.0	0.0	64.0	0.0	18.0	22.0	0.0
	5p	-	27	126534.0	75866.0	78780.0	118756.0	399936.0	289.0	376.0	341.0	276.0	82.0	84.0	66.0	114.0	98.0	108.0	69.0	143.00.0	0.0	0.0	0.0	70.0	0.0	20.0	15.0	0.0
	5p	-	28	127075.0	75640.0	78518.0	118698.0	399931.0	282.0	399.0	356.0	267.0	95.0	79.0	72.0	107.0	99.0	99.0	70.0	148.00.0	0.0	0.0	0.0	66.0	0.0	9.0	16.0	0.0
	5p	-	29	127195.0	75731.0	78143.0	118862.0	399931.0	259.0	558.0	360.0	272.0	70.0	75.0	63.0	109.0	79.0	91.0	71.0	137.00.0	0.0	0.0	0.0	70.0	0.0	23.0	18.0	0.0
	5p	-	30	128457.0	75736.0	77105.0	118639.0	399937.0	288.0	842.0	361.0	251.0	84.0	80.0	55.0	134.0	77.0	80.0	68.0	138.00.0	0.0	0.0	0.0	59.0	0.0	8.0	21.0	0.0
	5p	-	31	125374.0	73244.0	75132.0	116083.0	389833.0	282.0	824.0	351.0	272.0	95.0	83.0	55.0	99.0	89.0	98.0	54.0	141.00.0	0.0	0.0	0.0	64.0	0.0	16.0	17.0	0.0
	5p	-	32	121971.0	71383.0	73191.0	112584.0	379129.0	269.0	886.0	304.0	264.0	74.0	90.0	62.0	126.0	77.0	107.0	58.0	135.00.0	0.0	0.0	0.0	69.0	0.0	12.0	7.0	0.0
	5p	-	33	118602.0	68869.0	70866.0	109873.0	368210.0	278.0	884.0	306.0	253.0	79.0	91.0	52.0	109.0	86.0	93.0	62.0	149.00.0	0.0	0.0	0.0	61.0	0.0	16.0	15.0	0.0
	5p	-	34	115607.0	66480.0	68768.0	106087.0	356942.0	255.0	874.0	331.0	232.0	69.0	71.0	48.0	111.0	77.0	91.0	66.0	119.00.0	0.0	0.0	0.0	62.0	0.0	19.0	11.0	0.0
	5p	-	35	111823.0	64223.0	66222.0	103016.0	345284.0	274.0	904.0	284.0	222.0	70.0	81.0	51.0	113.0	84.0	84.0	64.0	125.00.0	0.0	0.0	0.0	56.0	0.0	17.0	13.0	0.0
	5p	-	36	108047.0	62184.0	64035.0	99121.0	333387.0	248.0	888.0	270.0	218.0	65.0	74.0	46.0	97.0	65.0	79.0	68.0	104.00.0	0.0	0.0	0.0	63.0	0.0	11.0	15.0	0.0
	5p	-	37	104274.0	59187.0	61767.0	96071.0	321299.0	246.0	928.0	258.0	206.0	88.0	79.0	71.0	114.0	75.0	86.0	47.0	109.00.0	0.0	0.0	0.0	65.0	0.0	7.0	13.0	0.0
	5p	-	38	100407.0	56955.0	59895.0	91958.0	309215.0	232.0	836.0	277.0	190.0	68.0	85.0	50.0	93.0	63.0	70.0	52.0	122.00.0	0.0	0.0	0.0	51.0	0.0	8.0	11.0	0.0
	5p	-	39	96296.0	55303.0	57251.0	88353.0	297203.0	229.0	880.0	282.0	196.0	88.0	67.0	45.0	89.0	66.0	74.0	53.0	100.00.0	0.0	0.0	0.0	43.0	0.0	12.0	11.0	0.0
	5p	-	40	92742.0	52385.0	54289.0	85527.0	284943.0	220.0	861.0	284.0	187.0	62.0	77.0	39.0	88.0	74.0	69.0	39.0	97.00.0	0.0	0.0	0.0	53.0	0.0	14.0	10.0	0.0
	5p	-	41	88134.0	50762.0	52007.0	81928.0	272831.0	210.0	945.0	278.0	182.0	68.0	74.0	43.0	89.0	56.0	81.0	48.0	115.00.0	0.0	0.0	0.0	42.0	0.0	9.0	10.0	0.0
	5p	-	42	84215.0	48475.0	49477.0	78405.0	260572.0	183.0	870.0	253.0	205.0	78.0	66.0	39.0	106.0	53.0	66.0	52.0	99.00.0	0.0	0.0	0.0	37.0	0.0	15.0	11.0	0.0
	5p	-	43	80124.0	46211.0	47310.0	75061.0	248706.0	207.0	914.0	223.0	156.0	56.0	51.0	48.0	87.0	63.0	67.0	38.0	103.00.0	0.0	0.0	0.0	37.0	0.0	10.0	5.0	0.0
	5p	-	44	76969.0	43714.0	44771.0	71624.0	237078.0	172.0	868.0	200.0	178.0	57.0	62.0	48.0	85.0	63.0	77.0	43.0	70.00.0	0.0	0.0	0.0	39.0	0.0	8.0	13.0	0.0
	5p	-	45	73202.0	41730.0	42743.0	67948.0	225623.0	165.0	797.0	188.0	160.0	53.0	77.0	37.0	81.0	49.0	77.0	42.0	91.00.0	0.0	0.0	0.0	41.0	0.0	13.0	17.0	0.0
	5p	-	46	69910.0	39339.0	40655.0	64598.0	214502.0	163.0	808.0	191.0	138.0	57.0	56.0	37.0	63.0	45.0	42.0	39.0	95.00.0	0.0	0.0	0.0	34.0	0.0	6.0	7.0	0.0
	5p	-	47	66339.0	37521.0	38783.0	61045.0	203688.0	154.0	750.0	168.0	138.0	74.0	59.0	40.0	55.0	43.0	64.0	41.0	83.00.0	0.0	0.0	0.0	40.0	0.0	8.0	10.0	0.0
	5p	-	48	62744.0	35510.0	36924.0	58074.0	193252.0	145.0	727.0	173.0	129.0	50.0	53.0	37.0	64.0	52.0	53.0	40.0	99.00.0	0.0	0.0	0.0	20.0	0.0	6.0	12.0	0.0
	5p	-	49	59162.0	33832.0	35028.0	54975.0	182997.0	167.0	696.0	177.0	125.0	47.0	56.0	34.0	55.0	69.0	38.0	40.0	74.00.0	0.0	0.0	0.0	18.0	0.0	15.0	3.0	0.0
	5p	-	50	56362.0	31634.0	33353.0	51808.0	173157.0	149.0	654.0	155.0	124.0	41.0	55.0	28.0	54.0	39.0	59.0	33.0	88.00.0	0.0	0.0	0.0	31.0	0.0	3.0	11.0	0.0
	5p	-	51	53239.0	30102.0	31223.0	49126.0	163690.0	126.0	634.0	149.0	110.0	43.0	45.0	23.0	57.0	34.0	36.0	30.0	66.00.0	0.0	0.0	0.0	16.0	0.0	10.0	1.0	0.0
	5p	-	52	49883.0	28370.0	29524.0	46804.0	154581.0	115.0	597.0	140.0	90.0	65.0	126.0	26.0	86.0	50.0	44.0	40.0	106.00.0	0.0	0.0	0.0	21.0	0.0	4.0	7.0	0.0
	5p	-	53	46932.0	26918.0	27792.0	44291.0	145933.0	98.0	562.0	140.0	118.0	76.0	102.0	40.0	55.0	42.0	47.0	35.0	91.00.0	0.0	0.0	0.0	15.0	0.0	4.0	8.0	0.0
	5p	-	54	45001.0	25273.0	25764.0	41529.0	137567.0	108.0	579.0	126.0	93.0	70.0	114.0	35.0	55.0	42.0	38.0	30.0	71.00.0	0.0	0.0	0.0	24.0	0.0	7.0	3.0	0.0
	5p	-	55	42062.0	23885.0	24536.0	39195.0	129678.0	100.0	475.0	120.0	103.0	63.0	81.0	25.0	54.0	53.0	27.0	32.0	65.00.0	0.0	0.0	0.0	20.0	0.0	9.0	2.0	0.0
	5p	-	56	39510.0	22327.0	23138.0	36980.0	121955.0	93.0	448.0	124.0	83.0	56.0	89.0	23.0	53.0	41.0	33.0	27.0	71.00.0	0.0	0.0	0.0	12.0	0.0	4.0	6.0	0.0
	5p	-	57	37035.0	21284.0	21887.0	34348.0	114554.0	77.0	444.0	104.0	61.0	50.0	71.0	23.0	56.0	36.0	38.0	32.0	52.00.0	0.0	0.0	0.0	16.0	0.0	4.0	0.0	0.0
	5p	-	58	35062.0	19825.0	20259.0	32421.0	107567.0	79.0	430.0	106.0	70.0	55.0	80.0	23.0	50.0	26.0	35.0	28.0	59.00.0	0.0	0.0	0.0	10.0	0.0	2.0	8.0	0.0
	5p	-	59	32930.0	18316.0	19067.0	30648.0	100961.0	74.0	423.0	80.0	71.0	44.0	66.0	22.0	43.0	42.0	28.0	18.0	59.00.0	0.0	0.0	0.0	15.0	0.0	7.0	4.0	0.0
	5p	-	60	30594.0	17462.0	18161.0	28510.0	94727.0	79.0	381.0	98.0	65.0	61.0	60.0	29.0	59.0	35.0	29.0	22.0	55.00.0	0.0	0.0	0.0	10.0	0.0	6.0	5.0	0.0
	5p	-	61	28498.0	16655.0	16836.0	26850.0	88839.0	62.0	360.0	66.0	56.0	53.0	57.0	23.0	34.0	20.0	25.0	12.0	41.00.0	0.0	0.0	0.0	14.0	0.0	1.0	2.0	0.0
	5p	-	62	26915.0	15226.0	15764.0	25138.0	83043.0	68.0	333.0	81.0	63.0	49.0	68.0	21.0	40.0	25.0	28.0	17.0	54.00.0	0.0	0.0	0.0	10.0	0.0	2.0	1.0	0.0
	5p	-	63	25237.0	14460.0	14608.0	23292.0	77597.0	66.0	337.0	68.0	60.0	44.0	51.0	26.0	35.0	26.0	29.0	18.0	43.00.0	0.0	0.0	0.0	10.0	0.0	0.0	2.0	0.0
	5p	-	64	23525.0	13219.0	13627.0	22002.0	72373.0	66.0	335.0	74.0	47.0	43.0	47.0	23.0	28.0	28.0	26.0	18.0	43.00.0	0.0	0.0	0.0	9.0	0.0	3.0	7.0	0.0
	5p	-	65	22021.0	12423.0	12622.0	20377.0	67443.0	54.0	304.0	54.0	54.0	31.0	49.0	12.0	40.0	23.0	17.0	18.0	33.00.0	0.0	0.0	0.0	10.0	0.0	0.0	6.0	0.0
	5p	-	66	20600.0	11372.0	11776.0	19027.0	62775.0	61.0	283.0	68.0	46.0	20.0	50.0	20.0	35.0	16.0	22.0	15.0	37.00.0	0.0	0.0	0.0	11.0	0.0	3.0	2.0	0.0
	5p	-	67	18795.0	10642.0	11060.0	17740.0	58237.0	48.0	267.0	68.0	41.0	28.0	29.0	15.0	29.0	15.0	25.0	13.0	32.00.0	0.0	0.0	0.0	11.0	0.0	2.0	2.0	0.0
	5p	-	68	17841.0	10028.0	10102.0	16075.0	54046.0	43.0	261.0	53.0	35.0	24.0	36.0	17.0	26.0	15.0	13.0	14.0	38.00.0	0.0	0.0	0.0	9.0	0.0	2.0	0.0	0.0
	5p	-	69	16303.0	9119.0	9384.0	15320.0	50126.0	29.0	227.0	40.0	38.0	27.0	39.0	10.0	22.0	16.0	22.0	7.0	27.00.0	0.0	0.0	0.0	8.0	0.0	0.0	0.0	0.0
	5p	-	70	14843.0	8453.0	8835.0	14112.0	46243.0	41.0	203.0	53.0	39.0	13.0	26.0	11.0	30.0	12.0	13.0	15.0	21.00.0	0.0	0.0	0.0	6.0	0.0	2.0	2.0	0.0
	5p	-	71	13865.0	7714.0	8157.0	12920.0	42656.0	22.0	193.0	43.0	22.0	25.0	27.0	15.0	20.0	13.0	12.0	14.0	25.00.0	0.0	0.0	0.0	3.0	0.0	0.0	1.0	0.0
	5p	-	72	12769.0	7119.0	7459.0	11912.0	39259.0	36.0	196.0	32.0	31.0	29.0	19.0	8.0	23.0	17.0	11.0	3.0	28.00.0	0.0	0.0	0.0	2.0	0.0	0.0	2.0	0.0
	5p	-	73	11716.0	6742.0	6719.0	10859.0	36036.0	27.0	176.0	40.0	26.0	15.0	25.0	3.0	13.0	11.0	11.0	9.0	23.00.0	0.0	0.0	0.0	2.0	0.0	2.0	0.0	0.0
	5p	-	74	10720.0	6135.0	6243.0	9966.0	33064.0	30.0	164.0	28.0	25.0	16.0	21.0	9.0	20.0	14.0	14.0	10.0	25.00.0	0.0	0.0	0.0	4.0	0.0	0.0	1.0	0.0
	5p	-	75	9790.0	5598.0	5589.0	9133.0	30110.0	30.0	159.0	24.0	33.0	19.0	14.0	12.0	20.0	12.0	12.0	3.0	19.00.0	0.0	0.0	0.0	4.0	0.0	0.0	1.0	0.0
	5p	-	76	8932.0	4916.0	5169.0	8513.0	27530.0	22.0	170.0	18.0	19.0	15.0	17.0	4.0	10.0	10.0	7.0	4.0	18.00.0	0.0	0.0	0.0	2.0	0.0	1.0	1.0	0.0
	5p	-	77	8038.0	4575.0	4792.0	7519.0	24924.0	16.0	120.0	25.0	20.0	13.0	17.0	9.0	13.0	8.0	11.0	6.0	17.00.0	0.0	0.0	0.0	2.0	0.0	1.0	2.0	0.0
	5p	-	78	7368.0	4181.0	4135.0	6800.0	22484.0	24.0	126.0	25.0	19.0	10.0	9.0	4.0	6.0	10.0	8.0	3.0	19.00.0	0.0	0.0	0.0	1.0	0.0	1.0	0.0	0.0
	5p	-	79	6718.0	3691.0	3837.0	5977.0	20223.0	18.0	130.0	19.0	24.0	9.0	20.0	2.0	11.0	4.0	9.0	2.0	14.00.0	0.0	0.0	0.0	1.0	0.0	0.0	1.0	0.0
	5p	-	80	5990.0	3371.0	3372.0	5340.0	18073.0	17.0	106.0	10.0	12.0	9.0	10.0	5.0	5.0	6.0	8.0	3.0	12.00.0	0.0	0.0	0.0	0.0	0.0	0.0	0.0	0.0
	5p	-	81	5258.0	2965.0	3013.0	4769.0	16005.0	11.0	115.0	13.0	15.0	8.0	11.0	8.0	7.0	6.0	9.0	8.0	13.00.0	0.0	0.0	0.0	0.0	0.0	0.0	0.0	0.0
	5p	-	82	4662.0	2681.0	2568.0	4257.0	14168.0	15.0	100.0	8.0	9.0	9.0	6.0	4.0	9.0	5.0	6.0	3.0	7.00.0	0.0	0.0	0.0	0.0	0.0	0.0	0.0	0.0
	5p	-	83	4129.0	2267.0	2220.0	3703.0	12319.0	18.0	73.0	10.0	12.0	7.0	15.0	5.0	6.0	3.0	6.0	5.0	4.00.0	0.0	0.0	0.0	0.0	0.0	0.0	0.0	0.0
	5p	-	84	3596.0	1945.0	1919.0	3165.0	10625.0	16.0	87.0	14.0	8.0	8.0	8.0	0.0	5.0	2.0	6.0	2.0	10.00.0	0.0	0.0	0.0	1.0	0.0	0.0	0.0	0.0
	5p	-	85	2981.0	1678.0	1549.0	2738.0	8946.0	7.0	77.0	6.0	17.0	4.0	9.0	2.0	6.0	5.0	4.0	1.0	3.00.0	0.0	0.0	0.0	0.0	0.0	0.0	0.0	0.0
	5p	-	86	2466.0	1435.0	1346.0	2220.0	7467.0	7.0	89.0	7.0	6.0	4.0	9.0	2.0	3.0	2.0	3.0	1.0	10.00.0	0.0	0.0	0.0	0.0	0.0	0.0	0.0	0.0
	5p	-	87	1999.0	1118.0	1016.0	1864.0	5997.0	1.0	68.0	4.0	5.0	2.0	3.0	1.0	1.0	1.0	2.0	0.0	3.00.0	0.0	0.0	0.0	0.0	0.0	0.0	0.0	0.0
	5p	-	88	1643.0	870.0	833.0	1378.0	4724.0	6.0	63.0	8.0	3.0	2.0	6.0	1.0	2.0	3.0	1.0	1.0	2.00.0	0.0	0.0	0.0	0.0	0.0	0.0	0.0	0.0
	5p	-	89	1182.0	646.0	594.0	1028.0	3450.0	4.0	58.0	4.0	4.0	3.0	4.0	0.0	3.0	1.0	0.0	2.0	1.00.0	0.0	0.0	0.0	0.0	0.0	0.0	0.0	0.0
	5p	-	90	664.0	444.0	385.0	731.0	2224.0	2.0	54.0	5.0	2.0	0.0	0.0	1.0	1.0	0.0	2.0	2.0	2.00.0	0.0	0.0	0.0	0.0	0.0	0.0	0.0	0.0
	5p	-	91	375.0	181.0	168.0	359.0	1083.0	1.0	28.0	0.0	0.0	1.0	2.0	0.0	0.0	0.0	0.0	0.0	1.00.0	0.0	0.0	0.0	0.0	0.0	0.0	0.0	0.0
	5p	-	92	0.0	0.0	0.0	0.0	0.0	0.0	0.0	0.0	0.0	0.0	0.0	0.0	0.0	0.0	0.0	0.0	0.00.0	0.0	0.0	0.0	0.0	0.0	0.0	0.0	0.0
	5p	-	93	0.0	0.0	0.0	0.0	0.0	0.0	0.0	0.0	0.0	0.0	0.0	0.0	0.0	0.0	0.0	0.0	0.00.0	0.0	0.0	0.0	0.0	0.0	0.0	0.0	0.0
	5p	-	94	0.0	0.0	0.0	0.0	0.0	0.0	0.0	0.0	0.0	0.0	0.0	0.0	0.0	0.0	0.0	0.0	0.00.0	0.0	0.0	0.0	0.0	0.0	0.0	0.0	0.0
	5p	-	95	0.0	0.0	0.0	0.0	0.0	0.0	0.0	0.0	0.0	0.0	0.0	0.0	0.0	0.0	0.0	0.0	0.00.0	0.0	0.0	0.0	0.0	0.0	0.0	0.0	0.0
	5p	-	96	0.0	0.0	0.0	0.0	0.0	0.0	0.0	0.0	0.0	0.0	0.0	0.0	0.0	0.0	0.0	0.0	0.00.0	0.0	0.0	0.0	0.0	0.0	0.0	0.0	0.0
	5p	-	97	0.0	0.0	0.0	0.0	0.0	0.0	0.0	0.0	0.0	0.0	0.0	0.0	0.0	0.0	0.0	0.0	0.00.0	0.0	0.0	0.0	0.0	0.0	0.0	0.0	0.0
	5p	-	98	0.0	0.0	0.0	0.0	0.0	0.0	0.0	0.0	0.0	0.0	0.0	0.0	0.0	0.0	0.0	0.0	0.00.0	0.0	0.0	0.0	0.0	0.0	0.0	0.0	0.0
	5p	-	99	0.0	0.0	0.0	0.0	0.0	0.0	0.0	0.0	0.0	0.0	0.0	0.0	0.0	0.0	0.0	0.0	0.00.0	0.0	0.0	0.0	0.0	0.0	0.0	0.0	0.0
	5p	-	100	0.0	0.0	0.0	0.0	0.0	0.0	0.0	0.0	0.0	0.0	0.0	0.0	0.0	0.0	0.0	0.0	0.00.0	0.0	0.0	0.0	0.0	0.0	0.0	0.0	0.0
