# table produced by DamageProfiler
# using mapped file PcA022.ReedbuckBh_Human_nc.Target.rmdup.noMicro.bam
# Sample ID: PcA022.ReedbuckBh_Human_nc.Target.rmdup.noMicro.bam
Pos	C>T	G>A	A>C	A>G	A>T	C>A	C>G	G>C	G>T	T>A	T>C	T>G	->ACGT	ACGT>-
0	0.067797	0.040816	0.011719	0.010417	0.019531	0.014831	0.010593	0.026239	0.014577	0.018809	0.025078	0.012539	0.000000	0.000000
1	0.050802	0.034739	0.009615	0.005495	0.009615	0.029412	0.005348	0.012407	0.012407	0.019608	0.007003	0.005602	0.000000	0.000000
2	0.021583	0.031630	0.007225	0.007225	0.004335	0.009592	0.011990	0.021898	0.026764	0.012912	0.015782	0.002869	0.000451	0.000000
3	0.032995	0.023753	0.008608	0.007174	0.012912	0.012690	0.025381	0.004751	0.011876	0.021368	0.019943	0.014245	0.002258	0.000000
4	0.020253	0.017544	0.016393	0.013413	0.007452	0.020253	0.010127	0.010025	0.012531	0.012552	0.022315	0.012552	0.009166	0.000000
5	0.017370	0.011521	0.005926	0.013333	0.016296	0.014888	0.009926	0.011521	0.009217	0.010401	0.013373	0.005944	0.009611	0.000000
6	0.018470	0.023077	0.014706	0.021390	0.001337	0.013193	0.010554	0.007692	0.005128	0.011887	0.019316	0.004458	0.008676	0.000000
7	0.026738	0.028351	0.007782	0.018158	0.003891	0.016043	0.021390	0.015464	0.023196	0.009231	0.013846	0.010769	0.010994	0.000000
8	0.025882	0.028796	0.011080	0.013850	0.012465	0.014118	0.011765	0.013089	0.013089	0.012048	0.013554	0.012048	0.003192	0.000000
9	0.028640	0.021858	0.012312	0.005472	0.006840	0.011933	0.009547	0.016393	0.013661	0.010448	0.011940	0.013433	0.010522	0.000000
10	0.024752	0.016216	0.008130	0.005420	0.014905	0.009901	0.007426	0.027027	0.016216	0.005952	0.008929	0.011905	0.008242	0.000000
11	0.029056	0.016043	0.009383	0.012064	0.006702	0.012107	0.014528	0.010695	0.016043	0.006135	0.015337	0.009202	0.008238	0.000000
12	0.017544	0.024631	0.002809	0.011236	0.007022	0.012531	0.010025	0.014778	0.014778	0.011834	0.008876	0.005917	0.004560	0.000000
13	0.013055	0.010782	0.013495	0.008097	0.009447	0.013055	0.013055	0.016173	0.010782	0.007267	0.015988	0.011628	0.007787	0.000000
14	0.026699	0.012658	0.005602	0.011204	0.012605	0.014563	0.007282	0.012658	0.007595	0.010401	0.017831	0.016345	0.007748	0.000000
15	0.015345	0.015385	0.012064	0.016086	0.006702	0.012788	0.005115	0.005128	0.015385	0.009132	0.019787	0.009132	0.007784	0.000000
16	0.021053	0.012531	0.011984	0.010652	0.017310	0.005263	0.013158	0.022556	0.012531	0.012327	0.009245	0.009245	0.010555	0.000000
17	0.040284	0.034063	0.014144	0.024045	0.014144	0.028436	0.011848	0.007299	0.007299	0.007788	0.009346	0.007788	0.009166	0.000000
18	0.014458	0.016484	0.009709	0.013870	0.011096	0.002410	0.009639	0.008242	0.016484	0.008785	0.016105	0.007321	0.008246	0.000000
19	0.012195	0.012723	0.006974	0.015342	0.008368	0.009756	0.007317	0.012723	0.020356	0.007610	0.010654	0.009132	0.008728	0.000000
20	0.020725	0.022959	0.005291	0.015873	0.006614	0.012953	0.010363	0.012755	0.020408	0.012403	0.009302	0.012403	0.009637	0.000000
21	0.025126	0.023377	0.002797	0.013986	0.020979	0.012563	0.005025	0.020779	0.012987	0.007342	0.008811	0.007342	0.005966	0.000000
22	0.020000	0.010390	0.011968	0.019947	0.010638	0.007500	0.012500	0.010390	0.018182	0.004545	0.003030	0.016667	0.006372	0.000000
23	0.011682	0.026239	0.011283	0.015515	0.015515	0.014019	0.007009	0.023324	0.011662	0.004225	0.012676	0.007042	0.006393	0.000000
24	0.019444	0.020619	0.005291	0.013228	0.007937	0.002778	0.005556	0.012887	0.012887	0.010086	0.011527	0.011527	0.003185	0.000000
