# table produced by DamageProfiler
# using mapped file PcA022.ReedbuckBh_Human_nc.Target.rmdup.noMicro.bam
# Sample ID: PcA022.ReedbuckBh_Human_nc.Target.rmdup.noMicro.bam
Chr	End	Std	Pos	A	C	G	T	Total
	3p	+	1	563	150	112	351	1176
	3p	+	2	452	252	148	324	1176
	3p	+	3	429	223	153	371	1176
	3p	+	4	418	241	176	341	1176
	3p	+	5	447	214	176	339	1176
	3p	+	6	425	213	205	333	1176
	3p	+	7	389	227	202	358	1176
	3p	+	8	422	216	206	332	1176
	3p	+	9	408	183	208	377	1176
	3p	+	10	386	217	213	360	1176
	3p	+	11	402	219	189	366	1176
	3p	+	12	406	203	212	355	1176
	3p	+	13	373	204	208	391	1176
	3p	+	14	403	220	217	336	1176
	3p	+	15	397	228	191	360	1176
	3p	+	16	405	212	184	375	1176
	3p	+	17	398	235	194	349	1176
	3p	+	18	412	195	227	342	1176
	3p	+	19	384	246	203	343	1176
	3p	+	20	397	203	230	346	1176
	3p	+	21	390	198	217	371	1176
	3p	+	22	395	228	190	363	1176
	3p	+	23	421	206	192	357	1176
	3p	+	24	391	212	207	366	1176
	3p	+	25	408	215	197	356	1176
	3p	+	26	393	196	234	353	1176
	3p	+	27	405	231	204	336	1176
	3p	+	28	398	213	209	356	1176
	3p	+	29	388	223	198	367	1176
	3p	+	30	372	237	190	377	1176
	3p	+	31	275	158	144	307	884
	3p	+	32	252	157	129	230	768
	3p	+	33	255	118	101	229	703
	3p	+	34	220	120	127	212	679
	3p	+	35	209	138	107	196	650
	3p	+	36	206	104	102	213	625
	3p	+	37	186	124	110	188	608
	3p	+	38	195	92	101	201	589
	3p	+	39	165	116	95	190	566
	3p	+	40	176	96	101	167	540
	3p	+	41	153	94	89	181	517
	3p	+	42	147	88	97	160	492
	3p	+	43	148	87	96	138	469
	3p	+	44	158	78	76	136	448
	3p	+	45	145	61	70	154	430
	3p	+	46	117	85	76	125	403
	3p	+	47	120	84	71	108	383
	3p	+	48	135	54	58	122	369
	3p	+	49	114	70	58	106	348
	3p	+	50	99	55	67	111	332
	3p	+	51	99	54	48	109	310
	3p	+	52	86	61	52	92	291
	3p	+	53	84	41	55	91	271
	3p	+	54	87	38	45	90	260
	3p	+	55	72	42	46	79	239
	3p	+	56	79	41	45	63	228
	3p	+	57	76	29	36	68	209
	3p	+	58	59	31	26	70	186
	3p	+	59	70	27	24	57	178
	3p	+	60	48	25	38	58	169
	3p	+	61	51	21	29	59	160
	3p	+	62	43	25	21	60	149
	3p	+	63	33	28	21	58	140
	3p	+	64	40	18	22	50	130
	3p	+	65	33	18	24	41	116
	3p	+	66	34	14	18	42	108
	3p	+	67	29	22	15	28	94
	3p	+	68	25	15	18	30	88
	3p	+	69	27	13	9	33	82
	3p	+	70	30	7	10	29	76
	3p	+	71	30	13	7	20	70
	3p	+	72	27	11	12	15	65
	3p	+	73	17	9	13	23	62
	3p	+	74	20	8	15	15	58
	3p	+	75	20	7	11	17	55
	3p	+	76	15	18	10	10	53
	3p	+	77	10	15	3	17	45
	3p	+	78	9	9	10	16	44
	3p	+	79	11	4	6	14	35
	3p	+	80	10	5	10	7	32
	3p	+	81	7	1	8	12	28
	3p	+	82	6	3	4	8	21
	3p	+	83	8	3	3	4	18
	3p	+	84	4	3	3	5	15
	3p	+	85	6	2	0	6	14
	3p	+	86	3	2	2	3	10
	3p	+	87	1	2	1	5	9
	3p	+	88	1	2	0	2	5
	3p	+	89	0	2	1	2	5
	3p	+	90	1	1	0	1	3
	3p	+	91	0	1	0	0	1
	3p	+	92	0	0	0	0	0
	3p	+	93	0	0	0	0	0
	3p	+	94	0	0	0	0	0
	3p	+	95	0	0	0	0	0
	3p	+	96	0	0	0	0	0
	3p	+	97	0	0	0	0	0
	3p	+	98	0	0	0	0	0
	3p	+	99	0	0	0	0	0
	3p	+	100	0	0	0	0	0
	3p	-	1	477	129	121	320	1047
	3p	-	2	387	214	126	320	1047
	3p	-	3	380	200	160	307	1047
	3p	-	4	369	195	169	314	1047
	3p	-	5	389	174	171	313	1047
	3p	-	6	384	187	173	303	1047
	3p	-	7	351	193	179	324	1047
	3p	-	8	367	189	173	318	1047
	3p	-	9	314	187	174	372	1047
	3p	-	10	340	204	179	324	1047
	3p	-	11	333	226	200	288	1047
	3p	-	12	331	210	187	319	1047
	3p	-	13	349	179	176	343	1047
	3p	-	14	330	213	198	306	1047
	3p	-	15	328	206	209	304	1047
	3p	-	16	347	190	183	327	1047
	3p	-	17	338	199	204	306	1047
	3p	-	18	320	181	197	349	1047
	3p	-	19	354	184	171	338	1047
	3p	-	20	353	199	179	316	1047
	3p	-	21	332	213	160	342	1047
	3p	-	22	338	196	188	325	1047
	3p	-	23	336	207	203	301	1047
	3p	-	24	315	199	198	335	1047
	3p	-	25	322	199	190	336	1047
	3p	-	26	307	204	196	340	1047
	3p	-	27	316	177	214	340	1047
	3p	-	28	331	212	161	343	1047
	3p	-	29	330	194	191	332	1047
	3p	-	30	329	206	183	329	1047
	3p	-	31	261	138	131	231	761
	3p	-	32	215	138	115	188	656
	3p	-	33	188	104	103	188	583
	3p	-	34	172	95	110	172	549
	3p	-	35	195	84	88	156	523
	3p	-	36	163	111	94	136	504
	3p	-	37	164	92	89	136	481
	3p	-	38	149	93	81	140	463
	3p	-	39	167	71	69	138	445
	3p	-	40	138	80	95	120	433
	3p	-	41	143	61	82	132	418
	3p	-	42	132	68	80	121	401
	3p	-	43	120	67	76	121	384
	3p	-	44	115	62	70	106	353
	3p	-	45	116	47	68	108	339
	3p	-	46	114	54	50	95	313
	3p	-	47	94	44	62	97	297
	3p	-	48	96	43	52	85	276
	3p	-	49	93	51	40	85	269
	3p	-	50	85	38	46	81	250
	3p	-	51	74	51	38	69	232
	3p	-	52	65	31	44	68	208
	3p	-	53	65	32	41	53	191
	3p	-	54	53	33	32	57	175
	3p	-	55	50	38	29	49	166
	3p	-	56	54	26	29	49	158
	3p	-	57	53	28	21	48	150
	3p	-	58	44	24	26	41	135
	3p	-	59	35	13	28	50	126
	3p	-	60	35	20	24	39	118
	3p	-	61	33	20	23	36	112
	3p	-	62	30	15	22	34	101
	3p	-	63	28	14	17	33	92
	3p	-	64	29	14	14	30	87
	3p	-	65	31	9	17	21	78
	3p	-	66	21	14	15	21	71
	3p	-	67	24	13	9	21	67
	3p	-	68	19	14	11	17	61
	3p	-	69	19	10	11	19	59
	3p	-	70	19	7	14	16	56
	3p	-	71	19	10	6	15	50
	3p	-	72	10	10	11	14	45
	3p	-	73	9	7	12	15	43
	3p	-	74	12	6	6	16	40
	3p	-	75	13	7	8	9	37
	3p	-	76	12	7	5	8	32
	3p	-	77	11	9	2	7	29
	3p	-	78	7	6	9	4	26
	3p	-	79	9	3	4	10	26
	3p	-	80	11	6	2	5	24
	3p	-	81	9	2	6	4	21
	3p	-	82	6	2	5	8	21
	3p	-	83	5	5	0	10	20
	3p	-	84	4	2	3	8	17
	3p	-	85	4	3	4	3	14
	3p	-	86	5	3	2	4	14
	3p	-	87	2	3	1	7	13
	3p	-	88	0	5	0	4	9
	3p	-	89	4	2	0	2	8
	3p	-	90	1	0	2	3	6
	3p	-	91	2	1	0	3	6
	3p	-	92	0	0	0	0	0
	3p	-	93	0	0	0	0	0
	3p	-	94	0	0	0	0	0
	3p	-	95	0	0	0	0	0
	3p	-	96	0	0	0	0	0
	3p	-	97	0	0	0	0	0
	3p	-	98	0	0	0	0	0
	3p	-	99	0	0	0	0	0
	3p	-	100	0	0	0	0	0
	5p	+	1	418	248	169	341	1176
	5p	+	2	410	179	183	404	1176
	5p	+	3	375	209	225	367	1176
	5p	+	4	360	202	232	382	1176
	5p	+	5	362	222	224	368	1176
	5p	+	6	368	220	224	364	1176
	5p	+	7	412	193	211	360	1176
	5p	+	8	426	194	215	341	1176
	5p	+	9	390	226	208	352	1176
	5p	+	10	404	218	202	352	1176
	5p	+	11	407	211	198	360	1176
	5p	+	12	397	220	221	338	1176
	5p	+	13	408	210	203	355	1176
	5p	+	14	400	228	180	368	1176
	5p	+	15	395	218	213	350	1176
	5p	+	16	382	212	227	355	1176
	5p	+	17	405	195	207	369	1176
	5p	+	18	390	223	215	348	1176
	5p	+	19	395	224	198	359	1176
	5p	+	20	382	208	217	369	1176
	5p	+	21	419	208	207	342	1176
	5p	+	22	384	217	205	370	1176
	5p	+	23	388	214	215	359	1176
	5p	+	24	358	262	178	378	1176
	5p	+	25	389	199	220	368	1176
	5p	+	26	404	224	206	342	1176
	5p	+	27	421	225	191	339	1176
	5p	+	28	396	240	184	356	1176
	5p	+	29	415	234	167	360	1176
	5p	+	30	414	224	153	385	1176
	5p	+	31	315	160	133	276	884
	5p	+	32	256	130	141	241	768
	5p	+	33	245	111	112	235	703
	5p	+	34	257	113	109	200	679
	5p	+	35	223	117	108	202	650
	5p	+	36	222	112	98	193	625
	5p	+	37	210	105	105	188	608
	5p	+	38	205	113	77	194	589
	5p	+	39	193	102	96	175	566
	5p	+	40	193	91	87	169	540
	5p	+	41	186	82	81	168	517
	5p	+	42	171	107	59	155	492
	5p	+	43	155	94	72	148	469
	5p	+	44	148	77	77	146	448
	5p	+	45	146	78	66	140	430
	5p	+	46	130	65	66	142	403
	5p	+	47	115	61	72	135	383
	5p	+	48	130	69	61	109	369
	5p	+	49	121	63	45	119	348
	5p	+	50	115	58	48	111	332
	5p	+	51	108	45	59	98	310
	5p	+	52	86	64	44	97	291
	5p	+	53	101	43	43	84	271
	5p	+	54	86	48	43	83	260
	5p	+	55	88	35	45	71	239
	5p	+	56	77	37	39	75	228
	5p	+	57	68	34	38	69	209
	5p	+	58	59	31	32	64	186
	5p	+	59	68	36	23	51	178
	5p	+	60	66	30	36	37	169
	5p	+	61	62	30	24	44	160
	5p	+	62	50	34	21	44	149
	5p	+	63	46	28	25	41	140
	5p	+	64	45	24	22	39	130
	5p	+	65	47	22	16	31	116
	5p	+	66	47	15	13	33	108
	5p	+	67	32	14	16	32	94
	5p	+	68	38	12	13	25	88
	5p	+	69	25	17	15	25	82
	5p	+	70	27	14	9	26	76
	5p	+	71	24	11	7	28	70
	5p	+	72	21	11	15	18	65
	5p	+	73	24	7	10	21	62
	5p	+	74	20	9	13	16	58
	5p	+	75	15	10	8	22	55
	5p	+	76	18	7	9	19	53
	5p	+	77	20	3	8	14	45
	5p	+	78	14	5	10	15	44
	5p	+	79	13	8	6	8	35
	5p	+	80	15	6	3	8	32
	5p	+	81	12	4	3	9	28
	5p	+	82	9	3	1	8	21
	5p	+	83	6	5	2	5	18
	5p	+	84	1	4	1	9	15
	5p	+	85	5	2	2	5	14
	5p	+	86	1	3	0	6	10
	5p	+	87	3	1	2	3	9
	5p	+	88	3	1	0	1	5
	5p	+	89	0	2	1	2	5
	5p	+	90	2	0	0	1	3
	5p	+	91	1	0	0	0	1
	5p	+	92	0	0	0	0	0
	5p	+	93	0	0	0	0	0
	5p	+	94	0	0	0	0	0
	5p	+	95	0	0	0	0	0
	5p	+	96	0	0	0	0	0
	5p	+	97	0	0	0	0	0
	5p	+	98	0	0	0	0	0
	5p	+	99	0	0	0	0	0
	5p	+	100	0	0	0	0	0
	5p	-	1	352	214	167	314	1047
	5p	-	2	340	180	207	320	1047
	5p	-	3	331	217	165	334	1047
	5p	-	4	349	189	199	310	1047
	5p	-	5	319	192	195	341	1047
	5p	-	6	314	193	224	316	1047
	5p	-	7	339	208	195	305	1047
	5p	-	8	353	191	189	314	1047
	5p	-	9	333	209	181	324	1047
	5p	-	10	340	216	169	322	1047
	5p	-	11	335	210	174	328	1047
	5p	-	12	349	201	167	330	1047
	5p	-	13	319	196	202	330	1047
	5p	-	14	338	182	202	325	1047
	5p	-	15	324	205	199	319	1047
	5p	-	16	362	198	187	300	1047
	5p	-	17	344	200	207	296	1047
	5p	-	18	322	197	211	317	1047
	5p	-	19	325	211	180	331	1047
	5p	-	20	339	216	190	302	1047
	5p	-	21	349	186	198	314	1047
	5p	-	22	329	193	186	339	1047
	5p	-	23	351	187	197	312	1047
	5p	-	24	349	184	170	344	1047
	5p	-	25	367	178	176	326	1047
	5p	-	26	345	188	178	336	1047
	5p	-	27	330	197	180	340	1047
	5p	-	28	364	176	162	345	1047
	5p	-	29	348	204	183	312	1047
	5p	-	30	395	201	150	301	1047
	5p	-	31	280	134	131	216	761
	5p	-	32	236	124	105	191	656
	5p	-	33	201	102	106	174	583
	5p	-	34	191	109	99	150	549
	5p	-	35	158	97	101	167	523
	5p	-	36	189	81	84	150	504
	5p	-	37	160	83	88	150	481
	5p	-	38	174	69	81	139	463
	5p	-	39	133	68	85	159	445
	5p	-	40	143	79	72	139	433
	5p	-	41	143	61	62	152	418
	5p	-	42	133	58	78	132	401
	5p	-	43	128	67	62	127	384
	5p	-	44	129	59	55	110	353
	5p	-	45	123	54	48	114	339
	5p	-	46	119	37	48	109	313
	5p	-	47	105	55	50	87	297
	5p	-	48	97	49	42	88	276
	5p	-	49	103	40	43	83	269
	5p	-	50	85	47	46	72	250
	5p	-	51	74	30	43	85	232
	5p	-	52	76	37	31	64	208
	5p	-	53	68	30	35	58	191
	5p	-	54	60	36	25	54	175
	5p	-	55	50	37	27	52	166
	5p	-	56	40	31	24	63	158
	5p	-	57	50	31	28	41	150
	5p	-	58	46	27	21	41	135
	5p	-	59	52	17	15	42	126
	5p	-	60	41	24	22	31	118
	5p	-	61	33	23	15	41	112
	5p	-	62	32	14	21	34	101
	5p	-	63	22	13	21	36	92
	5p	-	64	30	16	14	27	87
	5p	-	65	26	14	12	26	78
	5p	-	66	25	16	9	21	71
	5p	-	67	22	14	11	20	67
	5p	-	68	19	11	11	20	61
	5p	-	69	23	9	7	20	59
	5p	-	70	16	7	8	25	56
	5p	-	71	18	14	8	10	50
	5p	-	72	16	6	8	15	45
	5p	-	73	17	6	8	12	43
	5p	-	74	15	10	4	11	40
	5p	-	75	10	6	9	12	37
	5p	-	76	11	6	3	12	32
	5p	-	77	7	7	10	5	29
	5p	-	78	8	6	3	9	26
	5p	-	79	7	6	6	7	26
	5p	-	80	9	3	5	7	24
	5p	-	81	4	6	1	10	21
	5p	-	82	5	5	4	7	21
	5p	-	83	8	6	4	2	20
	5p	-	84	7	2	5	3	17
	5p	-	85	2	5	3	4	14
	5p	-	86	5	2	4	3	14
	5p	-	87	6	1	2	4	13
	5p	-	88	1	1	3	4	9
	5p	-	89	5	1	1	1	8
	5p	-	90	2	2	0	2	6
	5p	-	91	1	2	0	3	6
	5p	-	92	0	0	0	0	0
	5p	-	93	0	0	0	0	0
	5p	-	94	0	0	0	0	0
	5p	-	95	0	0	0	0	0
	5p	-	96	0	0	0	0	0
	5p	-	97	0	0	0	0	0
	5p	-	98	0	0	0	0	0
	5p	-	99	0	0	0	0	0
	5p	-	100	0	0	0	0	0
