# table produced by DamageProfiler
# using mapped file ToA032.ElandCommon_Human_nc.Target.rmdup.noMicro.bam
# Sample ID: ToA032.ElandCommon_Human_nc.Target.rmdup.noMicro.bam
Pos	C>T	G>A	A>C	A>G	A>T	C>A	C>G	G>C	G>T	T>A	T>C	T>G	->ACGT	ACGT>-
0	0.050000	0.000000	0.032258	0.064516	0.064516	0.050000	0.000000	0.000000	0.000000	0.045455	0.022727	0.022727	0.000000	0.000000
1	0.055556	0.000000	0.027027	0.054054	0.054054	0.000000	0.055556	0.033333	0.000000	0.000000	0.000000	0.000000	0.000000	0.000000
2	0.000000	0.045455	0.000000	0.000000	0.000000	0.000000	0.086957	0.000000	0.000000	0.029412	0.000000	0.000000	0.000000	0.000000
3	0.100000	0.000000	0.000000	0.040816	0.000000	0.000000	0.050000	0.000000	0.000000	0.000000	0.000000	0.000000	0.008547	0.000000
4	0.040000	0.000000	0.000000	0.027778	0.027778	0.000000	0.040000	0.000000	0.000000	0.000000	0.000000	0.000000	0.017544	0.000000
5	0.000000	0.000000	0.000000	0.000000	0.000000	0.000000	0.052632	0.000000	0.000000	0.000000	0.025641	0.000000	0.035088	0.000000
6	0.038462	0.041667	0.000000	0.000000	0.025641	0.038462	0.000000	0.000000	0.000000	0.000000	0.000000	0.038462	0.017391	0.000000
7	0.080000	0.000000	0.000000	0.025641	0.025641	0.000000	0.040000	0.000000	0.000000	0.000000	0.030303	0.000000	0.045455	0.000000
8	0.000000	0.000000	0.026316	0.000000	0.000000	0.083333	0.000000	0.000000	0.000000	0.020833	0.000000	0.000000	0.035088	0.000000
9	0.000000	0.000000	0.000000	0.000000	0.000000	0.043478	0.000000	0.000000	0.043478	0.000000	0.024390	0.000000	0.000000	0.000000
10	0.071429	0.000000	0.000000	0.024390	0.000000	0.000000	0.000000	0.000000	0.000000	0.023256	0.000000	0.046512	0.000000	0.000000
11	0.062500	0.000000	0.000000	0.000000	0.000000	0.000000	0.000000	0.000000	0.000000	0.023810	0.000000	0.047619	0.053571	0.000000
12	0.043478	0.000000	0.025000	0.000000	0.000000	0.043478	0.043478	0.000000	0.000000	0.000000	0.000000	0.030303	0.026316	0.000000
13	0.000000	0.000000	0.027027	0.000000	0.000000	0.000000	0.000000	0.000000	0.000000	0.000000	0.000000	0.000000	0.017241	0.000000
14	0.000000	0.000000	0.000000	0.000000	0.047619	0.058824	0.000000	0.000000	0.047619	0.000000	0.052632	0.000000	0.008475	0.000000
15	0.000000	0.000000	0.000000	0.000000	0.021277	0.000000	0.058824	0.000000	0.062500	0.030303	0.000000	0.000000	0.044248	0.000000
16	0.000000	0.050000	0.025641	0.000000	0.000000	0.000000	0.000000	0.000000	0.000000	0.000000	0.023256	0.000000	0.017241	0.000000
17	0.000000	0.000000	0.000000	0.021739	0.000000	0.000000	0.000000	0.000000	0.000000	0.058824	0.000000	0.000000	0.000000	0.000000
18	0.045455	0.000000	0.000000	0.000000	0.026316	0.000000	0.000000	0.000000	0.055556	0.000000	0.000000	0.026316	0.008621	0.000000
19	0.062500	0.050000	0.000000	0.043478	0.000000	0.000000	0.000000	0.000000	0.000000	0.028571	0.000000	0.000000	0.000000	0.000000
20	0.000000	0.000000	0.028571	0.000000	0.000000	0.000000	0.000000	0.000000	0.000000	0.000000	0.000000	0.000000	0.026316	0.000000
21	0.000000	0.000000	0.000000	0.029412	0.000000	0.000000	0.000000	0.000000	0.000000	0.000000	0.025641	0.000000	0.008696	0.000000
22	0.045455	0.117647	0.000000	0.041667	0.020833	0.000000	0.045455	0.000000	0.000000	0.035714	0.000000	0.000000	0.008696	0.000000
23	0.000000	0.000000	0.023256	0.023256	0.023256	0.000000	0.000000	0.000000	0.050000	0.000000	0.000000	0.000000	0.008850	0.000000
24	0.000000	0.047619	0.000000	0.000000	0.022222	0.000000	0.058824	0.000000	0.000000	0.000000	0.000000	0.029412	0.000000	0.000000
