# table produced by DamageProfiler
# using mapped file ScA046.BuffaloCape_Human_nc.Target.rmdup.noMicro.bam
# Sample ID: ScA046.BuffaloCape_Human_nc.Target.rmdup.noMicro.bam
Pos	C>T	G>A	A>C	A>G	A>T	C>A	C>G	G>C	G>T	T>A	T>C	T>G	->ACGT	ACGT>-
0	0.031250	0.018519	0.014388	0.014388	0.014388	0.000000	0.000000	0.000000	0.018519	0.025157	0.025157	0.018868	0.000000	0.000000
1	0.017544	0.040000	0.006849	0.013699	0.034247	0.052632	0.017544	0.020000	0.020000	0.006173	0.018519	0.006173	0.002410	0.000000
2	0.000000	0.035714	0.020408	0.013605	0.054422	0.000000	0.033333	0.017857	0.035714	0.000000	0.013072	0.019608	0.000000	0.000000
3	0.013514	0.000000	0.000000	0.013699	0.041096	0.027027	0.027027	0.033333	0.000000	0.007353	0.007353	0.014706	0.000000	0.000000
4	0.035088	0.020408	0.014493	0.014493	0.036232	0.035088	0.035088	0.102041	0.081633	0.020000	0.006667	0.006667	0.038071	0.000000
5	0.000000	0.051724	0.014815	0.000000	0.029630	0.021739	0.000000	0.017241	0.017241	0.018987	0.018987	0.000000	0.040302	0.000000
6	0.000000	0.037736	0.020979	0.013986	0.041958	0.017857	0.017857	0.000000	0.000000	0.029630	0.014815	0.014815	0.033592	0.000000
7	0.021739	0.056604	0.019737	0.013158	0.006579	0.021739	0.043478	0.018868	0.000000	0.027397	0.006849	0.013699	0.025189	0.000000
8	0.050847	0.020408	0.015748	0.000000	0.023622	0.050847	0.016949	0.040816	0.040816	0.012739	0.012739	0.019108	0.028061	0.000000
9	0.000000	0.021739	0.007299	0.000000	0.007299	0.018868	0.000000	0.021739	0.021739	0.020270	0.000000	0.000000	0.049479	0.000000
10	0.020833	0.055556	0.032680	0.019608	0.013072	0.041667	0.020833	0.037037	0.055556	0.021583	0.014388	0.014388	0.025381	0.000000
11	0.021277	0.039216	0.012903	0.000000	0.025806	0.000000	0.000000	0.000000	0.000000	0.014184	0.021277	0.021277	0.035533	0.000000
12	0.045455	0.044444	0.025157	0.018868	0.012579	0.045455	0.000000	0.000000	0.044444	0.036765	0.007353	0.000000	0.052083	0.000000
13	0.020408	0.038462	0.013158	0.019737	0.013158	0.000000	0.000000	0.038462	0.076923	0.028986	0.014493	0.000000	0.035806	0.000000
14	0.033333	0.031250	0.000000	0.013245	0.026490	0.016667	0.000000	0.031250	0.062500	0.044025	0.012579	0.012579	0.024876	0.000000
15	0.020000	0.000000	0.014184	0.021277	0.021277	0.020000	0.020000	0.000000	0.018868	0.012903	0.032258	0.025806	0.025063	0.000000
16	0.000000	0.017241	0.000000	0.000000	0.014286	0.018519	0.018519	0.017241	0.000000	0.014184	0.014184	0.014184	0.027990	0.000000
17	0.021277	0.069767	0.013605	0.013605	0.013605	0.000000	0.000000	0.046512	0.046512	0.012903	0.012903	0.006452	0.025510	0.000000
18	0.040000	0.093023	0.018519	0.037037	0.000000	0.060000	0.000000	0.000000	0.023256	0.007353	0.014706	0.007353	0.025575	0.000000
19	0.022727	0.018519	0.014085	0.000000	0.035211	0.022727	0.022727	0.000000	0.018519	0.037975	0.006329	0.012658	0.012563	0.000000
20	0.052632	0.048780	0.013423	0.013423	0.006711	0.052632	0.017544	0.000000	0.000000	0.026490	0.013245	0.013245	0.015075	0.000000
21	0.000000	0.017857	0.000000	0.000000	0.006494	0.000000	0.000000	0.017857	0.053571	0.007353	0.022059	0.022059	0.020151	0.000000
22	0.057692	0.025000	0.017442	0.029070	0.011628	0.038462	0.019231	0.025000	0.075000	0.015504	0.015504	0.015504	0.017812	0.000000
23	0.032258	0.071429	0.019355	0.000000	0.006452	0.032258	0.000000	0.023810	0.023810	0.014706	0.014706	0.000000	0.032911	0.000000
24	0.021277	0.040816	0.000000	0.005780	0.017341	0.063830	0.000000	0.020408	0.020408	0.039063	0.000000	0.015625	0.027708	0.000000
