# table produced by DamageProfiler
# using mapped file ScA046.BuffaloCape_Human_nc.Target.rmdup.noMicro.bam
# Sample ID: ScA046.BuffaloCape_Human_nc.Target.rmdup.noMicro.bam
Chr	End	Std	Pos	A	C	G	T	Total
	3p	+	1	62	37	17	101	217
	3p	+	2	85	31	21	80	217
	3p	+	3	85	48	17	67	217
	3p	+	4	73	35	22	87	217
	3p	+	5	79	30	23	85	217
	3p	+	6	88	26	27	76	217
	3p	+	7	97	31	17	72	217
	3p	+	8	88	39	14	76	217
	3p	+	9	91	32	23	71	217
	3p	+	10	90	20	28	79	217
	3p	+	11	74	29	30	84	217
	3p	+	12	77	29	32	79	217
	3p	+	13	77	28	23	89	217
	3p	+	14	80	27	27	83	217
	3p	+	15	74	34	19	90	217
	3p	+	16	80	21	31	85	217
	3p	+	17	83	31	21	82	217
	3p	+	18	83	34	29	71	217
	3p	+	19	83	29	26	79	217
	3p	+	20	74	29	31	83	217
	3p	+	21	82	34	25	76	217
	3p	+	22	71	30	30	86	217
	3p	+	23	79	25	29	84	217
	3p	+	24	74	35	30	78	217
	3p	+	25	81	26	32	78	217
	3p	+	26	73	34	30	80	217
	3p	+	27	67	37	31	82	217
	3p	+	28	75	30	28	84	217
	3p	+	29	73	34	27	83	217
	3p	+	30	88	30	27	72	217
	3p	+	31	35	17	14	57	123
	3p	+	32	19	7	8	26	60
	3p	+	33	11	6	6	12	35
	3p	+	34	8	3	2	10	23
	3p	+	35	5	0	1	4	10
	3p	+	36	1	0	3	3	7
	3p	+	37	2	0	0	0	2
	3p	+	38	1	0	0	0	1
	3p	+	39	1	0	0	0	1
	3p	+	40	0	1	0	0	1
	3p	+	41	1	0	0	0	1
	3p	+	42	1	0	0	0	1
	3p	+	43	0	0	0	1	1
	3p	+	44	1	0	0	0	1
	3p	+	45	1	0	0	0	1
	3p	+	46	0	0	1	0	1
	3p	+	47	0	0	0	1	1
	3p	+	48	0	0	0	1	1
	3p	+	49	0	0	0	1	1
	3p	+	50	0	0	0	1	1
	3p	+	51	0	0	0	0	0
	3p	+	52	0	0	0	0	0
	3p	+	53	0	0	0	0	0
	3p	+	54	0	0	0	0	0
	3p	+	55	0	0	0	0	0
	3p	+	56	0	0	0	0	0
	3p	+	57	0	0	0	0	0
	3p	+	58	0	0	0	0	0
	3p	+	59	0	0	0	0	0
	3p	+	60	0	0	0	0	0
	3p	+	61	0	0	0	0	0
	3p	+	62	0	0	0	0	0
	3p	+	63	0	0	0	0	0
	3p	+	64	0	0	0	0	0
	3p	+	65	0	0	0	0	0
	3p	+	66	0	0	0	0	0
	3p	+	67	0	0	0	0	0
	3p	+	68	0	0	0	0	0
	3p	+	69	0	0	0	0	0
	3p	+	70	0	0	0	0	0
	3p	+	71	0	0	0	0	0
	3p	+	72	0	0	0	0	0
	3p	+	73	0	0	0	0	0
	3p	+	74	0	0	0	0	0
	3p	+	75	0	0	0	0	0
	3p	+	76	0	0	0	0	0
	3p	+	77	0	0	0	0	0
	3p	+	78	0	0	0	0	0
	3p	+	79	0	0	0	0	0
	3p	+	80	0	0	0	0	0
	3p	+	81	0	0	0	0	0
	3p	+	82	0	0	0	0	0
	3p	+	83	0	0	0	0	0
	3p	+	84	0	0	0	0	0
	3p	+	85	0	0	0	0	0
	3p	+	86	0	0	0	0	0
	3p	+	87	0	0	0	0	0
	3p	+	88	0	0	0	0	0
	3p	+	89	0	0	0	0	0
	3p	+	90	0	0	0	0	0
	3p	+	91	0	0	0	0	0
	3p	+	92	0	0	0	0	0
	3p	+	93	0	0	0	0	0
	3p	+	94	0	0	0	0	0
	3p	+	95	0	0	0	0	0
	3p	+	96	0	0	0	0	0
	3p	+	97	0	0	0	0	0
	3p	+	98	0	0	0	0	0
	3p	+	99	0	0	0	0	0
	3p	+	100	0	0	0	0	0
	3p	-	1	61	36	13	89	199
	3p	-	2	73	40	22	64	199
	3p	-	3	82	26	33	58	199
	3p	-	4	73	30	22	74	199
	3p	-	5	93	28	20	58	199
	3p	-	6	95	26	30	48	199
	3p	-	7	81	24	33	61	199
	3p	-	8	83	24	20	72	199
	3p	-	9	78	27	32	62	199
	3p	-	10	78	32	23	66	199
	3p	-	11	65	32	28	74	199
	3p	-	12	85	25	22	67	199
	3p	-	13	73	30	25	71	199
	3p	-	14	81	28	29	61	199
	3p	-	15	74	27	29	69	199
	3p	-	16	74	34	21	70	199
	3p	-	17	75	33	20	71	199
	3p	-	18	74	23	38	64	199
	3p	-	19	77	31	23	68	199
	3p	-	20	85	23	23	68	199
	3p	-	21	82	30	25	62	199
	3p	-	22	72	27	26	74	199
	3p	-	23	71	37	26	65	199
	3p	-	24	72	22	41	64	199
	3p	-	25	68	27	29	75	199
	3p	-	26	56	39	24	80	199
	3p	-	27	70	38	27	64	199
	3p	-	28	71	36	31	61	199
	3p	-	29	67	30	21	81	199
	3p	-	30	68	27	28	76	199
	3p	-	31	31	17	16	32	96
	3p	-	32	13	5	3	29	50
	3p	-	33	10	3	0	11	24
	3p	-	34	5	3	0	4	12
	3p	-	35	4	0	1	3	8
	3p	-	36	5	0	0	3	8
	3p	-	37	6	0	0	0	6
	3p	-	38	2	1	0	1	4
	3p	-	39	1	0	0	2	3
	3p	-	40	1	0	0	1	2
	3p	-	41	1	0	0	1	2
	3p	-	42	0	0	0	1	1
	3p	-	43	0	0	0	1	1
	3p	-	44	0	0	0	1	1
	3p	-	45	0	0	0	1	1
	3p	-	46	0	0	0	1	1
	3p	-	47	1	0	0	0	1
	3p	-	48	0	0	0	1	1
	3p	-	49	0	0	0	1	1
	3p	-	50	0	0	0	1	1
	3p	-	51	0	0	0	1	1
	3p	-	52	0	0	0	1	1
	3p	-	53	0	0	0	1	1
	3p	-	54	0	0	0	0	0
	3p	-	55	0	0	0	0	0
	3p	-	56	0	0	0	0	0
	3p	-	57	0	0	0	0	0
	3p	-	58	0	0	0	0	0
	3p	-	59	0	0	0	0	0
	3p	-	60	0	0	0	0	0
	3p	-	61	0	0	0	0	0
	3p	-	62	0	0	0	0	0
	3p	-	63	0	0	0	0	0
	3p	-	64	0	0	0	0	0
	3p	-	65	0	0	0	0	0
	3p	-	66	0	0	0	0	0
	3p	-	67	0	0	0	0	0
	3p	-	68	0	0	0	0	0
	3p	-	69	0	0	0	0	0
	3p	-	70	0	0	0	0	0
	3p	-	71	0	0	0	0	0
	3p	-	72	0	0	0	0	0
	3p	-	73	0	0	0	0	0
	3p	-	74	0	0	0	0	0
	3p	-	75	0	0	0	0	0
	3p	-	76	0	0	0	0	0
	3p	-	77	0	0	0	0	0
	3p	-	78	0	0	0	0	0
	3p	-	79	0	0	0	0	0
	3p	-	80	0	0	0	0	0
	3p	-	81	0	0	0	0	0
	3p	-	82	0	0	0	0	0
	3p	-	83	0	0	0	0	0
	3p	-	84	0	0	0	0	0
	3p	-	85	0	0	0	0	0
	3p	-	86	0	0	0	0	0
	3p	-	87	0	0	0	0	0
	3p	-	88	0	0	0	0	0
	3p	-	89	0	0	0	0	0
	3p	-	90	0	0	0	0	0
	3p	-	91	0	0	0	0	0
	3p	-	92	0	0	0	0	0
	3p	-	93	0	0	0	0	0
	3p	-	94	0	0	0	0	0
	3p	-	95	0	0	0	0	0
	3p	-	96	0	0	0	0	0
	3p	-	97	0	0	0	0	0
	3p	-	98	0	0	0	0	0
	3p	-	99	0	0	0	0	0
	3p	-	100	0	0	0	0	0
	5p	+	1	72	38	28	79	217
	5p	+	2	88	24	25	80	217
	5p	+	3	65	28	35	89	217
	5p	+	4	71	37	27	82	217
	5p	+	5	74	29	29	85	217
	5p	+	6	76	33	32	76	217
	5p	+	7	75	31	32	79	217
	5p	+	8	78	26	30	83	217
	5p	+	9	66	31	26	94	217
	5p	+	10	73	32	24	88	217
	5p	+	11	67	37	36	77	217
	5p	+	12	84	28	31	74	217
	5p	+	13	92	24	23	78	217
	5p	+	14	86	35	23	73	217
	5p	+	15	84	30	19	84	217
	5p	+	16	71	24	32	90	217
	5p	+	17	74	28	30	85	217
	5p	+	18	75	34	22	86	217
	5p	+	19	77	32	29	79	217
	5p	+	20	79	17	35	86	217
	5p	+	21	84	29	24	80	217
	5p	+	22	81	29	28	79	217
	5p	+	23	100	27	18	72	217
	5p	+	24	87	40	13	77	217
	5p	+	25	83	26	28	80	217
	5p	+	26	92	27	27	71	217
	5p	+	27	84	33	22	78	217
	5p	+	28	89	43	11	74	217
	5p	+	29	84	41	20	72	217
	5p	+	30	74	43	19	81	217
	5p	+	31	36	15	6	66	123
	5p	+	32	22	6	6	26	60
	5p	+	33	11	4	7	13	35
	5p	+	34	8	1	3	11	23
	5p	+	35	4	1	2	3	10
	5p	+	36	2	2	0	3	7
	5p	+	37	1	0	0	1	2
	5p	+	38	0	0	0	1	1
	5p	+	39	0	0	0	1	1
	5p	+	40	0	1	0	0	1
	5p	+	41	0	1	0	0	1
	5p	+	42	1	0	0	0	1
	5p	+	43	0	1	0	0	1
	5p	+	44	1	0	0	0	1
	5p	+	45	0	1	0	0	1
	5p	+	46	0	0	0	1	1
	5p	+	47	0	0	0	1	1
	5p	+	48	1	0	0	0	1
	5p	+	49	1	0	0	0	1
	5p	+	50	0	0	0	1	1
	5p	+	51	0	0	0	0	0
	5p	+	52	0	0	0	0	0
	5p	+	53	0	0	0	0	0
	5p	+	54	0	0	0	0	0
	5p	+	55	0	0	0	0	0
	5p	+	56	0	0	0	0	0
	5p	+	57	0	0	0	0	0
	5p	+	58	0	0	0	0	0
	5p	+	59	0	0	0	0	0
	5p	+	60	0	0	0	0	0
	5p	+	61	0	0	0	0	0
	5p	+	62	0	0	0	0	0
	5p	+	63	0	0	0	0	0
	5p	+	64	0	0	0	0	0
	5p	+	65	0	0	0	0	0
	5p	+	66	0	0	0	0	0
	5p	+	67	0	0	0	0	0
	5p	+	68	0	0	0	0	0
	5p	+	69	0	0	0	0	0
	5p	+	70	0	0	0	0	0
	5p	+	71	0	0	0	0	0
	5p	+	72	0	0	0	0	0
	5p	+	73	0	0	0	0	0
	5p	+	74	0	0	0	0	0
	5p	+	75	0	0	0	0	0
	5p	+	76	0	0	0	0	0
	5p	+	77	0	0	0	0	0
	5p	+	78	0	0	0	0	0
	5p	+	79	0	0	0	0	0
	5p	+	80	0	0	0	0	0
	5p	+	81	0	0	0	0	0
	5p	+	82	0	0	0	0	0
	5p	+	83	0	0	0	0	0
	5p	+	84	0	0	0	0	0
	5p	+	85	0	0	0	0	0
	5p	+	86	0	0	0	0	0
	5p	+	87	0	0	0	0	0
	5p	+	88	0	0	0	0	0
	5p	+	89	0	0	0	0	0
	5p	+	90	0	0	0	0	0
	5p	+	91	0	0	0	0	0
	5p	+	92	0	0	0	0	0
	5p	+	93	0	0	0	0	0
	5p	+	94	0	0	0	0	0
	5p	+	95	0	0	0	0	0
	5p	+	96	0	0	0	0	0
	5p	+	97	0	0	0	0	0
	5p	+	98	0	0	0	0	0
	5p	+	99	0	0	0	0	0
	5p	+	100	0	0	0	0	0
	5p	-	1	66	30	29	74	199
	5p	-	2	57	33	25	84	199
	5p	-	3	71	36	23	69	199
	5p	-	4	70	35	37	57	199
	5p	-	5	65	40	21	73	199
	5p	-	6	65	27	24	83	199
	5p	-	7	68	33	34	64	199
	5p	-	8	81	25	28	65	199
	5p	-	9	66	33	26	74	199
	5p	-	10	76	29	29	65	199
	5p	-	11	88	23	22	66	199
	5p	-	12	79	24	28	68	199
	5p	-	13	77	26	30	66	199
	5p	-	14	73	27	28	71	199
	5p	-	15	74	34	18	73	199
	5p	-	16	71	34	31	63	199
	5p	-	17	73	35	34	57	199
	5p	-	18	75	26	24	74	199
	5p	-	19	89	27	21	62	199
	5p	-	20	68	28	25	78	199
	5p	-	21	73	30	23	73	199
	5p	-	22	76	29	31	63	199
	5p	-	23	73	30	28	68	199
	5p	-	24	81	27	27	64	199
	5p	-	25	101	23	26	49	199
	5p	-	26	83	28	27	61	199
	5p	-	27	83	25	23	68	199
	5p	-	28	86	24	32	57	199
	5p	-	29	80	39	21	59	199
	5p	-	30	62	40	13	84	199
	5p	-	31	33	12	10	41	96
	5p	-	32	18	6	5	21	50
	5p	-	33	12	1	0	11	24
	5p	-	34	6	2	0	4	12
	5p	-	35	4	0	1	3	8
	5p	-	36	4	0	0	4	8
	5p	-	37	3	0	0	3	6
	5p	-	38	3	0	0	1	4
	5p	-	39	1	0	0	2	3
	5p	-	40	1	0	0	1	2
	5p	-	41	1	0	0	1	2
	5p	-	42	0	0	0	1	1
	5p	-	43	0	0	0	1	1
	5p	-	44	1	0	0	0	1
	5p	-	45	0	0	0	1	1
	5p	-	46	0	0	0	1	1
	5p	-	47	0	0	0	1	1
	5p	-	48	0	0	0	1	1
	5p	-	49	0	0	0	1	1
	5p	-	50	0	0	0	1	1
	5p	-	51	0	0	0	1	1
	5p	-	52	0	0	0	1	1
	5p	-	53	0	0	0	1	1
	5p	-	54	0	0	0	0	0
	5p	-	55	0	0	0	0	0
	5p	-	56	0	0	0	0	0
	5p	-	57	0	0	0	0	0
	5p	-	58	0	0	0	0	0
	5p	-	59	0	0	0	0	0
	5p	-	60	0	0	0	0	0
	5p	-	61	0	0	0	0	0
	5p	-	62	0	0	0	0	0
	5p	-	63	0	0	0	0	0
	5p	-	64	0	0	0	0	0
	5p	-	65	0	0	0	0	0
	5p	-	66	0	0	0	0	0
	5p	-	67	0	0	0	0	0
	5p	-	68	0	0	0	0	0
	5p	-	69	0	0	0	0	0
	5p	-	70	0	0	0	0	0
	5p	-	71	0	0	0	0	0
	5p	-	72	0	0	0	0	0
	5p	-	73	0	0	0	0	0
	5p	-	74	0	0	0	0	0
	5p	-	75	0	0	0	0	0
	5p	-	76	0	0	0	0	0
	5p	-	77	0	0	0	0	0
	5p	-	78	0	0	0	0	0
	5p	-	79	0	0	0	0	0
	5p	-	80	0	0	0	0	0
	5p	-	81	0	0	0	0	0
	5p	-	82	0	0	0	0	0
	5p	-	83	0	0	0	0	0
	5p	-	84	0	0	0	0	0
	5p	-	85	0	0	0	0	0
	5p	-	86	0	0	0	0	0
	5p	-	87	0	0	0	0	0
	5p	-	88	0	0	0	0	0
	5p	-	89	0	0	0	0	0
	5p	-	90	0	0	0	0	0
	5p	-	91	0	0	0	0	0
	5p	-	92	0	0	0	0	0
	5p	-	93	0	0	0	0	0
	5p	-	94	0	0	0	0	0
	5p	-	95	0	0	0	0	0
	5p	-	96	0	0	0	0	0
	5p	-	97	0	0	0	0	0
	5p	-	98	0	0	0	0	0
	5p	-	99	0	0	0	0	0
	5p	-	100	0	0	0	0	0
