# table produced by DamageProfiler
# using mapped file RxA007.ReedbuckBh_Human_nc.Target.rmdup.noMicro_SCR_002.bam
# Sample ID: RxA007.ReedbuckBh_Human_nc.Target.rmdup.noMicro_SCR_002.bam
Pos	C>T	G>A	A>C	A>G	A>T	C>A	C>G	G>C	G>T	T>A	T>C	T>G	->ACGT	ACGT>-
24	0.017292	0.015078	0.002733	0.009956	0.002083	0.004658	0.003300	0.002863	0.004574	0.002510	0.010577	0.003122	0.000744	0.000000
23	0.018408	0.016222	0.002556	0.010548	0.001961	0.005055	0.003434	0.002923	0.004376	0.002432	0.010114	0.002918	0.000831	0.000000
22	0.018704	0.016128	0.002293	0.010848	0.001709	0.004681	0.003444	0.002714	0.004608	0.002645	0.010284	0.003192	0.000810	0.000000
21	0.018831	0.016261	0.002445	0.010032	0.002109	0.005173	0.003292	0.002685	0.004554	0.002515	0.010209	0.002527	0.000765	0.000000
20	0.019340	0.016167	0.002723	0.010307	0.001993	0.004646	0.003834	0.002975	0.004885	0.002069	0.010099	0.002862	0.000779	0.000000
19	0.018841	0.015901	0.002324	0.010307	0.002209	0.005132	0.003276	0.002411	0.004634	0.002513	0.011307	0.002401	0.000803	0.000000
18	0.019034	0.016884	0.002401	0.010157	0.002046	0.004607	0.003280	0.002916	0.004383	0.002995	0.010365	0.002635	0.000824	0.000000
17	0.018208	0.016350	0.002420	0.010151	0.002013	0.004825	0.003732	0.003212	0.004689	0.002199	0.010113	0.002771	0.000810	0.000000
16	0.019039	0.016276	0.002686	0.010860	0.002038	0.004325	0.004325	0.003114	0.004990	0.002646	0.010644	0.002769	0.000827	0.000000
15	0.020006	0.015940	0.002362	0.010655	0.001956	0.004620	0.003341	0.003253	0.004417	0.002341	0.010367	0.002886	0.000859	0.000000
14	0.017867	0.016254	0.002724	0.010188	0.002069	0.004514	0.003448	0.002976	0.004782	0.002810	0.010621	0.002686	0.000900	0.000000
13	0.018781	0.015875	0.002453	0.010588	0.001863	0.004820	0.003188	0.002557	0.004085	0.002405	0.010440	0.003025	0.000841	0.000000
12	0.019637	0.016767	0.002546	0.009947	0.001917	0.004837	0.003308	0.002607	0.004127	0.002456	0.010180	0.002887	0.000820	0.000000
11	0.018110	0.017627	0.002489	0.010513	0.001872	0.004596	0.003641	0.003264	0.004759	0.002443	0.009647	0.003066	0.000831	0.000000
10	0.018342	0.016519	0.002574	0.010538	0.001902	0.004468	0.003351	0.002730	0.004907	0.002523	0.009806	0.002709	0.000720	0.000000
9	0.019897	0.017053	0.002570	0.010009	0.001794	0.004954	0.003706	0.002842	0.004840	0.002601	0.009929	0.002614	0.000671	0.000000
8	0.018666	0.019519	0.002375	0.009648	0.001920	0.005069	0.003641	0.002635	0.004386	0.002473	0.009401	0.002700	0.000636	0.000000
7	0.020428	0.018241	0.002157	0.009060	0.001887	0.005696	0.003339	0.003026	0.004288	0.003112	0.009118	0.002728	0.000608	0.000000
6	0.020872	0.017587	0.002466	0.010056	0.002025	0.005423	0.003889	0.002859	0.004698	0.003060	0.010180	0.002877	0.000535	0.000000
5	0.021690	0.017529	0.001905	0.009812	0.001777	0.006521	0.004462	0.002677	0.004520	0.003976	0.009453	0.003823	0.000441	0.000000
4	0.023306	0.017482	0.002283	0.010074	0.002367	0.006850	0.004225	0.002593	0.004566	0.003987	0.009913	0.003165	0.000261	0.000000
3	0.021494	0.017950	0.002594	0.010224	0.002444	0.006506	0.003866	0.002660	0.005219	0.004113	0.010673	0.003471	0.000212	0.000000
2	0.017535	0.018327	0.003057	0.010996	0.002678	0.007132	0.003806	0.003707	0.004549	0.005275	0.013370	0.004205	0.000080	0.000000
1	0.043738	0.022367	0.003790	0.009154	0.003370	0.007931	0.003692	0.004345	0.005262	0.006225	0.014114	0.004499	0.000021	0.000000
0	0.118264	0.026629	0.003265	0.009039	0.003642	0.011235	0.004288	0.003832	0.004444	0.010326	0.017573	0.006571	0.000000	0.000000
