# table produced by DamageProfiler
# using mapped file RxA007.ReedbuckBh_Human_nc.Target.rmdup.noMicro_SCR_002.bam
# Sample ID: RxA007.ReedbuckBh_Human_nc.Target.rmdup.noMicro_SCR_002.bam
Pos	C>T	G>A	A>C	A>G	A>T	C>A	C>G	G>C	G>T	T>A	T>C	T>G	->ACGT	ACGT>-
0	0.049687	0.044024	0.007577	0.028865	0.023043	0.025797	0.010500	0.006099	0.023238	0.033680	0.016357	0.009033	0.000000	0.000000
1	0.034903	0.029532	0.006265	0.018926	0.011329	0.012190	0.007961	0.004221	0.015078	0.016208	0.013464	0.006179	0.000014	0.000000
2	0.023098	0.020168	0.004291	0.013611	0.005455	0.007289	0.004542	0.004205	0.008047	0.007276	0.013514	0.005672	0.000045	0.000000
3	0.019158	0.016755	0.003370	0.012929	0.003306	0.005987	0.004147	0.003668	0.005145	0.004151	0.014146	0.004249	0.000167	0.000000
4	0.018305	0.016408	0.003601	0.012911	0.002767	0.004728	0.003651	0.003663	0.003881	0.003425	0.013165	0.003760	0.000368	0.000000
5	0.018551	0.014081	0.003143	0.013249	0.002417	0.003662	0.003714	0.003239	0.004288	0.002432	0.011904	0.003520	0.000448	0.000000
6	0.017715	0.016913	0.002711	0.011859	0.002001	0.004516	0.003304	0.003431	0.004030	0.002285	0.011335	0.003129	0.000466	0.000000
7	0.020392	0.016502	0.002449	0.010993	0.001971	0.004663	0.003328	0.002896	0.004568	0.002488	0.010172	0.003110	0.000504	0.000000
8	0.018942	0.015249	0.002306	0.010255	0.001871	0.004774	0.003446	0.003407	0.004159	0.002739	0.010424	0.002973	0.000441	0.000000
9	0.020458	0.016592	0.002575	0.010105	0.001959	0.004864	0.003648	0.002881	0.004487	0.002268	0.010762	0.003011	0.000480	0.000000
10	0.018345	0.015943	0.002390	0.010220	0.001893	0.004724	0.004038	0.003179	0.004082	0.002653	0.010638	0.003021	0.000466	0.000000
11	0.019209	0.016160	0.002457	0.010355	0.001755	0.004120	0.003243	0.003205	0.004443	0.002517	0.010699	0.002908	0.000525	0.000000
12	0.019564	0.015251	0.002657	0.010176	0.001792	0.004114	0.003981	0.002845	0.004473	0.002100	0.009896	0.002792	0.000511	0.000000
13	0.019093	0.016183	0.002435	0.009918	0.001845	0.004693	0.003468	0.002931	0.004612	0.001955	0.010402	0.002745	0.000605	0.000000
14	0.019192	0.015778	0.002440	0.010689	0.002057	0.004607	0.003441	0.002855	0.004804	0.002210	0.010611	0.003096	0.000636	0.000000
15	0.019081	0.016402	0.002775	0.010745	0.002076	0.004728	0.003391	0.002745	0.004961	0.002337	0.010471	0.002936	0.000650	0.000000
16	0.018033	0.015910	0.002349	0.010092	0.002006	0.004494	0.003328	0.002718	0.004111	0.002597	0.010486	0.002659	0.000605	0.000000
17	0.018857	0.015981	0.002390	0.010976	0.001981	0.004319	0.003723	0.003093	0.004279	0.002439	0.010266	0.002514	0.000608	0.000000
18	0.018115	0.016282	0.002452	0.010390	0.001920	0.004111	0.003623	0.003140	0.004427	0.002367	0.010651	0.003040	0.000567	0.000000
19	0.018003	0.016086	0.002564	0.010372	0.001957	0.004068	0.003597	0.003224	0.004476	0.002181	0.010569	0.002701	0.000633	0.000000
20	0.017787	0.016334	0.002412	0.010347	0.001932	0.004357	0.003659	0.002722	0.004914	0.002052	0.010172	0.002835	0.000640	0.000000
21	0.019241	0.015999	0.002333	0.010151	0.001897	0.004544	0.003669	0.002865	0.005143	0.002742	0.009726	0.002841	0.000775	0.000000
22	0.018766	0.016590	0.002306	0.009780	0.002090	0.004304	0.003482	0.003019	0.004546	0.002365	0.010813	0.002678	0.000695	0.000000
23	0.018729	0.017074	0.002719	0.010652	0.001981	0.004682	0.003719	0.003086	0.004663	0.002789	0.010267	0.002776	0.000647	0.000000
24	0.018418	0.017150	0.002065	0.010355	0.001911	0.004746	0.003131	0.003083	0.004769	0.002636	0.010368	0.003075	0.000654	0.000000
